LECROYWaveRunner‘N,20113,Waveform
Segments,1,SegmentSize,4002
Segment,TrigTime,TimeSinceSegment1
#1,12-Dec-2018 11:38:36,0                 
Time,Ampl
4.5694111E-07,-0.010262
4.5699111E-07,-0.010266
4.5704111E-07,-0.010271
4.5709111E-07,-0.010276
4.5714111E-07,-0.010282
4.5719111E-07,-0.010286
4.5724111E-07,-0.010290
4.5729111E-07,-0.010292
4.5734111E-07,-0.010293
4.5739111E-07,-0.010293
4.5744111E-07,-0.010292
4.5749111E-07,-0.010290
4.5754111E-07,-0.010287
4.5759111E-07,-0.010283
4.5764111E-07,-0.010280
4.5769111E-07,-0.010277
4.5774111E-07,-0.010275
4.5779111E-07,-0.010274
4.5784111E-07,-0.010275
4.5789111E-07,-0.010278
4.5794111E-07,-0.010282
4.5799111E-07,-0.010289
4.5804111E-07,-0.010297
4.5809111E-07,-0.010307
4.5814111E-07,-0.010319
4.5819111E-07,-0.010332
4.5824111E-07,-0.010346
4.5829111E-07,-0.010359
4.5834111E-07,-0.010373
4.5839111E-07,-0.010386
4.5844111E-07,-0.010398
4.5849111E-07,-0.010409
4.5854111E-07,-0.010417
4.5859111E-07,-0.010424
4.5864111E-07,-0.010429
4.5869111E-07,-0.010432
4.5874111E-07,-0.010433
4.5879111E-07,-0.010432
4.5884111E-07,-0.010429
4.5889111E-07,-0.010425
4.5894111E-07,-0.010420
4.5899111E-07,-0.010415
4.5904111E-07,-0.010410
4.5909111E-07,-0.010404
4.5914111E-07,-0.010399
4.5919111E-07,-0.010395
4.5924111E-07,-0.010392
4.5929111E-07,-0.010390
4.5934111E-07,-0.010389
4.5939111E-07,-0.010389
4.5944111E-07,-0.010390
4.5949111E-07,-0.010392
4.5954111E-07,-0.010395
4.5959111E-07,-0.010399
4.5964111E-07,-0.010404
4.5969111E-07,-0.010409
4.5974111E-07,-0.010414
4.5979111E-07,-0.010419
4.5984111E-07,-0.010423
4.5989111E-07,-0.010428
4.5994111E-07,-0.010432
4.5999111E-07,-0.010436
4.6004111E-07,-0.010439
4.6009111E-07,-0.010441
4.6014111E-07,-0.010443
4.6019111E-07,-0.010444
4.6024111E-07,-0.010445
4.6029111E-07,-0.010445
4.6034111E-07,-0.010445
4.6039111E-07,-0.010444
4.6044111E-07,-0.010443
4.6049111E-07,-0.010442
4.6054111E-07,-0.010440
4.6059111E-07,-0.010439
4.6064111E-07,-0.010437
4.6069111E-07,-0.010435
4.6074111E-07,-0.010433
4.6079111E-07,-0.010431
4.6084111E-07,-0.010429
4.6089111E-07,-0.010427
4.6094111E-07,-0.010426
4.6099111E-07,-0.010424
4.6104111E-07,-0.010422
4.6109111E-07,-0.010421
4.6114111E-07,-0.010420
4.6119111E-07,-0.010418
4.6124111E-07,-0.010417
4.6129111E-07,-0.010415
4.6134111E-07,-0.010413
4.6139111E-07,-0.010411
4.6144111E-07,-0.010409
4.6149111E-07,-0.010407
4.6154111E-07,-0.010404
4.6159111E-07,-0.010401
4.6164111E-07,-0.010397
4.6169111E-07,-0.010394
4.6174111E-07,-0.010391
4.6179111E-07,-0.010387
4.6184111E-07,-0.010385
4.6189111E-07,-0.010382
4.6194111E-07,-0.010381
4.6199111E-07,-0.010380
4.6204111E-07,-0.010380
4.6209111E-07,-0.010381
4.6214111E-07,-0.010384
4.6219111E-07,-0.010388
4.6224111E-07,-0.010393
4.6229111E-07,-0.010399
4.6234111E-07,-0.010405
4.6239111E-07,-0.010413
4.6244111E-07,-0.010420
4.6249111E-07,-0.010428
4.6254111E-07,-0.010435
4.6259111E-07,-0.010442
4.6264111E-07,-0.010447
4.6269111E-07,-0.010451
4.6274111E-07,-0.010454
4.6279111E-07,-0.010454
4.6284111E-07,-0.010453
4.6289111E-07,-0.010449
4.6294111E-07,-0.010444
4.6299111E-07,-0.010437
4.6304111E-07,-0.010428
4.6309111E-07,-0.010418
4.6314111E-07,-0.010407
4.6319111E-07,-0.010396
4.6324111E-07,-0.010384
4.6329111E-07,-0.010373
4.6334111E-07,-0.010363
4.6339111E-07,-0.010353
4.6344111E-07,-0.010345
4.6349111E-07,-0.010339
4.6354111E-07,-0.010334
4.6359111E-07,-0.010331
4.6364111E-07,-0.010329
4.6369111E-07,-0.010329
4.6374111E-07,-0.010330
4.6379111E-07,-0.010331
4.6384111E-07,-0.010333
4.6389111E-07,-0.010336
4.6394111E-07,-0.010338
4.6399111E-07,-0.010339
4.6404111E-07,-0.010340
4.6409111E-07,-0.010339
4.6414111E-07,-0.010337
4.6419111E-07,-0.010335
4.6424111E-07,-0.010331
4.6429111E-07,-0.010326
4.6434111E-07,-0.010320
4.6439111E-07,-0.010314
4.6444111E-07,-0.010308
4.6449111E-07,-0.010303
4.6454111E-07,-0.010297
4.6459111E-07,-0.010293
4.6464111E-07,-0.010290
4.6469111E-07,-0.010289
4.6474111E-07,-0.010289
4.6479111E-07,-0.010291
4.6484111E-07,-0.010294
4.6489111E-07,-0.010299
4.6494111E-07,-0.010304
4.6499111E-07,-0.010311
4.6504111E-07,-0.010318
4.6509111E-07,-0.010324
4.6514111E-07,-0.010331
4.6519111E-07,-0.010336
4.6524111E-07,-0.010340
4.6529111E-07,-0.010343
4.6534111E-07,-0.010344
4.6539111E-07,-0.010343
4.6544111E-07,-0.010341
4.6549111E-07,-0.010336
4.6554111E-07,-0.010330
4.6559111E-07,-0.010322
4.6564111E-07,-0.010313
4.6569111E-07,-0.010303
4.6574111E-07,-0.010293
4.6579111E-07,-0.010283
4.6584111E-07,-0.010274
4.6589111E-07,-0.010265
4.6594111E-07,-0.010257
4.6599111E-07,-0.010250
4.6604111E-07,-0.010245
4.6609111E-07,-0.010242
4.6614111E-07,-0.010240
4.6619111E-07,-0.010240
4.6624111E-07,-0.010242
4.6629111E-07,-0.010244
4.6634111E-07,-0.010248
4.6639111E-07,-0.010253
4.6644111E-07,-0.010258
4.6649111E-07,-0.010264
4.6654111E-07,-0.010271
4.6659111E-07,-0.010277
4.6664111E-07,-0.010283
4.6669111E-07,-0.010290
4.6674111E-07,-0.010296
4.6679111E-07,-0.010302
4.6684111E-07,-0.010308
4.6689111E-07,-0.010314
4.6694111E-07,-0.010320
4.6699111E-07,-0.010326
4.6704111E-07,-0.010332
4.6709111E-07,-0.010338
4.6714111E-07,-0.010344
4.6719111E-07,-0.010350
4.6724111E-07,-0.010357
4.6729111E-07,-0.010363
4.6734111E-07,-0.010370
4.6739111E-07,-0.010376
4.6744111E-07,-0.010381
4.6749111E-07,-0.010386
4.6754111E-07,-0.010390
4.6759111E-07,-0.010393
4.6764111E-07,-0.010394
4.6769111E-07,-0.010394
4.6774111E-07,-0.010392
4.6779111E-07,-0.010389
4.6784111E-07,-0.010384
4.6789111E-07,-0.010378
4.6794111E-07,-0.010369
4.6799111E-07,-0.010359
4.6804111E-07,-0.010348
4.6809111E-07,-0.010335
4.6814111E-07,-0.010322
4.6819111E-07,-0.010308
4.6824111E-07,-0.010293
4.6829111E-07,-0.010277
4.6834111E-07,-0.010262
4.6839111E-07,-0.010247
4.6844111E-07,-0.010232
4.6849111E-07,-0.010218
4.6854111E-07,-0.010205
4.6859111E-07,-0.010193
4.6864111E-07,-0.010182
4.6869111E-07,-0.010173
4.6874111E-07,-0.010165
4.6879111E-07,-0.010159
4.6884111E-07,-0.010154
4.6889111E-07,-0.010150
4.6894111E-07,-0.010148
4.6899111E-07,-0.010147
4.6904111E-07,-0.010148
4.6909111E-07,-0.010150
4.6914111E-07,-0.010153
4.6919111E-07,-0.010156
4.6924111E-07,-0.010160
4.6929111E-07,-0.010164
4.6934111E-07,-0.010168
4.6939111E-07,-0.010172
4.6944111E-07,-0.010175
4.6949111E-07,-0.010178
4.6954111E-07,-0.010181
4.6959111E-07,-0.010182
4.6964111E-07,-0.010182
4.6969111E-07,-0.010181
4.6974111E-07,-0.010180
4.6979111E-07,-0.010177
4.6984111E-07,-0.010174
4.6989111E-07,-0.010170
4.6994111E-07,-0.010166
4.6999111E-07,-0.010163
4.7004111E-07,-0.010159
4.7009111E-07,-0.010155
4.7014111E-07,-0.010153
4.7019111E-07,-0.010151
4.7024111E-07,-0.010150
4.7029111E-07,-0.010151
4.7034111E-07,-0.010152
4.7039111E-07,-0.010155
4.7044111E-07,-0.010159
4.7049111E-07,-0.010164
4.7054111E-07,-0.010170
4.7059111E-07,-0.010176
4.7064111E-07,-0.010182
4.7069111E-07,-0.010189
4.7074111E-07,-0.010195
4.7079111E-07,-0.010202
4.7084111E-07,-0.010207
4.7089111E-07,-0.010212
4.7094111E-07,-0.010216
4.7099111E-07,-0.010219
4.7104111E-07,-0.010222
4.7109111E-07,-0.010224
4.7114111E-07,-0.010226
4.7119111E-07,-0.010228
4.7124111E-07,-0.010230
4.7129111E-07,-0.010232
4.7134111E-07,-0.010235
4.7139111E-07,-0.010238
4.7144111E-07,-0.010243
4.7149111E-07,-0.010249
4.7154111E-07,-0.010256
4.7159111E-07,-0.010265
4.7164111E-07,-0.010274
4.7169111E-07,-0.010285
4.7174111E-07,-0.010297
4.7179111E-07,-0.010309
4.7184111E-07,-0.010322
4.7189111E-07,-0.010335
4.7194111E-07,-0.010347
4.7199111E-07,-0.010360
4.7204111E-07,-0.010371
4.7209111E-07,-0.010382
4.7214111E-07,-0.010393
4.7219111E-07,-0.010402
4.7224111E-07,-0.010410
4.7229111E-07,-0.010418
4.7234111E-07,-0.010425
4.7239111E-07,-0.010431
4.7244111E-07,-0.010438
4.7249111E-07,-0.010444
4.7254111E-07,-0.010451
4.7259111E-07,-0.010458
4.7264111E-07,-0.010465
4.7269111E-07,-0.010474
4.7274111E-07,-0.010482
4.7279111E-07,-0.010492
4.7284111E-07,-0.010502
4.7289111E-07,-0.010512
4.7294111E-07,-0.010521
4.7299111E-07,-0.010531
4.7304111E-07,-0.010540
4.7309111E-07,-0.010547
4.7314111E-07,-0.010553
4.7319111E-07,-0.010557
4.7324111E-07,-0.010559
4.7329111E-07,-0.010559
4.7334111E-07,-0.010557
4.7339111E-07,-0.010552
4.7344111E-07,-0.010544
4.7349111E-07,-0.010535
4.7354111E-07,-0.010524
4.7359111E-07,-0.010511
4.7364111E-07,-0.010497
4.7369111E-07,-0.010482
4.7374111E-07,-0.010467
4.7379111E-07,-0.010452
4.7384111E-07,-0.010437
4.7389111E-07,-0.010424
4.7394111E-07,-0.010412
4.7399111E-07,-0.010401
4.7404111E-07,-0.010392
4.7409111E-07,-0.010384
4.7414111E-07,-0.010378
4.7419111E-07,-0.010373
4.7424111E-07,-0.010370
4.7429111E-07,-0.010368
4.7434111E-07,-0.010366
4.7439111E-07,-0.010365
4.7444111E-07,-0.010364
4.7449111E-07,-0.010362
4.7454111E-07,-0.010360
4.7459111E-07,-0.010358
4.7464111E-07,-0.010354
4.7469111E-07,-0.010349
4.7474111E-07,-0.010344
4.7479111E-07,-0.010337
4.7484111E-07,-0.010329
4.7489111E-07,-0.010320
4.7494111E-07,-0.010311
4.7499111E-07,-0.010301
4.7504111E-07,-0.010291
4.7509111E-07,-0.010280
4.7514111E-07,-0.010271
4.7519111E-07,-0.010261
4.7524111E-07,-0.010253
4.7529111E-07,-0.010245
4.7534111E-07,-0.010238
4.7539111E-07,-0.010233
4.7544111E-07,-0.010229
4.7549111E-07,-0.010227
4.7554111E-07,-0.010226
4.7559111E-07,-0.010227
4.7564111E-07,-0.010229
4.7569111E-07,-0.010233
4.7574111E-07,-0.010238
4.7579111E-07,-0.010244
4.7584111E-07,-0.010252
4.7589111E-07,-0.010261
4.7594111E-07,-0.010271
4.7599111E-07,-0.010282
4.7604111E-07,-0.010293
4.7609111E-07,-0.010305
4.7614111E-07,-0.010318
4.7619111E-07,-0.010330
4.7624111E-07,-0.010342
4.7629111E-07,-0.010354
4.7634111E-07,-0.010366
4.7639111E-07,-0.010378
4.7644111E-07,-0.010389
4.7649111E-07,-0.010399
4.7654111E-07,-0.010408
4.7659111E-07,-0.010417
4.7664111E-07,-0.010425
4.7669111E-07,-0.010433
4.7674111E-07,-0.010440
4.7679111E-07,-0.010447
4.7684111E-07,-0.010453
4.7689111E-07,-0.010459
4.7694111E-07,-0.010465
4.7699111E-07,-0.010472
4.7704111E-07,-0.010478
4.7709111E-07,-0.010484
4.7714111E-07,-0.010490
4.7719111E-07,-0.010497
4.7724111E-07,-0.010503
4.7729111E-07,-0.010509
4.7734111E-07,-0.010514
4.7739111E-07,-0.010519
4.7744111E-07,-0.010523
4.7749111E-07,-0.010526
4.7754111E-07,-0.010527
4.7759111E-07,-0.010527
4.7764111E-07,-0.010525
4.7769111E-07,-0.010522
4.7774111E-07,-0.010516
4.7779111E-07,-0.010509
4.7784111E-07,-0.010501
4.7789111E-07,-0.010491
4.7794111E-07,-0.010481
4.7799111E-07,-0.010469
4.7804111E-07,-0.010457
4.7809111E-07,-0.010445
4.7814111E-07,-0.010434
4.7819111E-07,-0.010423
4.7824111E-07,-0.010413
4.7829111E-07,-0.010404
4.7834111E-07,-0.010397
4.7839111E-07,-0.010391
4.7844111E-07,-0.010386
4.7849111E-07,-0.010383
4.7854111E-07,-0.010381
4.7859111E-07,-0.010380
4.7864111E-07,-0.010379
4.7869111E-07,-0.010378
4.7874111E-07,-0.010378
4.7879111E-07,-0.010377
4.7884111E-07,-0.010376
4.7889111E-07,-0.010373
4.7894111E-07,-0.010370
4.7899111E-07,-0.010365
4.7904111E-07,-0.010360
4.7909111E-07,-0.010353
4.7914111E-07,-0.010346
4.7919111E-07,-0.010338
4.7924111E-07,-0.010331
4.7929111E-07,-0.010323
4.7934111E-07,-0.010316
4.7939111E-07,-0.010311
4.7944111E-07,-0.010306
4.7949111E-07,-0.010304
4.7954111E-07,-0.010303
4.7959111E-07,-0.010304
4.7964111E-07,-0.010307
4.7969111E-07,-0.010312
4.7974111E-07,-0.010319
4.7979111E-07,-0.010327
4.7984111E-07,-0.010336
4.7989111E-07,-0.010346
4.7994111E-07,-0.010357
4.7999111E-07,-0.010367
4.8004111E-07,-0.010378
4.8009111E-07,-0.010387
4.8014111E-07,-0.010396
4.8019111E-07,-0.010403
4.8024111E-07,-0.010410
4.8029111E-07,-0.010415
4.8034111E-07,-0.010419
4.8039111E-07,-0.010423
4.8044111E-07,-0.010426
4.8049111E-07,-0.010429
4.8054111E-07,-0.010431
4.8059111E-07,-0.010434
4.8064111E-07,-0.010438
4.8069111E-07,-0.010443
4.8074111E-07,-0.010448
4.8079111E-07,-0.010455
4.8084111E-07,-0.010462
4.8089111E-07,-0.010471
4.8094111E-07,-0.010480
4.8099111E-07,-0.010489
4.8104111E-07,-0.010499
4.8109111E-07,-0.010508
4.8114111E-07,-0.010516
4.8119111E-07,-0.010523
4.8124111E-07,-0.010528
4.8129111E-07,-0.010531
4.8134111E-07,-0.010531
4.8139111E-07,-0.010530
4.8144111E-07,-0.010525
4.8149111E-07,-0.010519
4.8154111E-07,-0.010510
4.8159111E-07,-0.010498
4.8164111E-07,-0.010485
4.8169111E-07,-0.010471
4.8174111E-07,-0.010456
4.8179111E-07,-0.010441
4.8184111E-07,-0.010425
4.8189111E-07,-0.010410
4.8194111E-07,-0.010397
4.8199111E-07,-0.010384
4.8204111E-07,-0.010373
4.8209111E-07,-0.010364
4.8214111E-07,-0.010357
4.8219111E-07,-0.010352
4.8224111E-07,-0.010349
4.8229111E-07,-0.010347
4.8234111E-07,-0.010347
4.8239111E-07,-0.010348
4.8244111E-07,-0.010350
4.8249111E-07,-0.010353
4.8254111E-07,-0.010356
4.8259111E-07,-0.010359
4.8264111E-07,-0.010362
4.8269111E-07,-0.010364
4.8274111E-07,-0.010366
4.8279111E-07,-0.010368
4.8284111E-07,-0.010368
4.8289111E-07,-0.010368
4.8294111E-07,-0.010367
4.8299111E-07,-0.010366
4.8304111E-07,-0.010364
4.8309111E-07,-0.010361
4.8314111E-07,-0.010358
4.8319111E-07,-0.010354
4.8324111E-07,-0.010350
4.8329111E-07,-0.010346
4.8334111E-07,-0.010342
4.8339111E-07,-0.010338
4.8344111E-07,-0.010334
4.8349111E-07,-0.010330
4.8354111E-07,-0.010326
4.8359111E-07,-0.010322
4.8364111E-07,-0.010319
4.8369111E-07,-0.010316
4.8374111E-07,-0.010314
4.8379111E-07,-0.010313
4.8384111E-07,-0.010312
4.8389111E-07,-0.010312
4.8394111E-07,-0.010313
4.8399111E-07,-0.010316
4.8404111E-07,-0.010319
4.8409111E-07,-0.010324
4.8414111E-07,-0.010330
4.8419111E-07,-0.010337
4.8424111E-07,-0.010346
4.8429111E-07,-0.010355
4.8434111E-07,-0.010365
4.8439111E-07,-0.010377
4.8444111E-07,-0.010388
4.8449111E-07,-0.010401
4.8454111E-07,-0.010413
4.8459111E-07,-0.010426
4.8464111E-07,-0.010439
4.8469111E-07,-0.010452
4.8474111E-07,-0.010464
4.8479111E-07,-0.010477
4.8484111E-07,-0.010489
4.8489111E-07,-0.010500
4.8494111E-07,-0.010512
4.8499111E-07,-0.010522
4.8504111E-07,-0.010533
4.8509111E-07,-0.010542
4.8514111E-07,-0.010551
4.8519111E-07,-0.010560
4.8524111E-07,-0.010568
4.8529111E-07,-0.010575
4.8534111E-07,-0.010581
4.8539111E-07,-0.010585
4.8544111E-07,-0.010589
4.8549111E-07,-0.010590
4.8554111E-07,-0.010590
4.8559111E-07,-0.010589
4.8564111E-07,-0.010585
4.8569111E-07,-0.010579
4.8574111E-07,-0.010570
4.8579111E-07,-0.010560
4.8584111E-07,-0.010547
4.8589111E-07,-0.010533
4.8594111E-07,-0.010516
4.8599111E-07,-0.010498
4.8604111E-07,-0.010479
4.8609111E-07,-0.010459
4.8614111E-07,-0.010438
4.8619111E-07,-0.010417
4.8624111E-07,-0.010396
4.8629111E-07,-0.010375
4.8634111E-07,-0.010356
4.8639111E-07,-0.010337
4.8644111E-07,-0.010320
4.8649111E-07,-0.010304
4.8654111E-07,-0.010290
4.8659111E-07,-0.010278
4.8664111E-07,-0.010267
4.8669111E-07,-0.010257
4.8674111E-07,-0.010250
4.8679111E-07,-0.010243
4.8684111E-07,-0.010239
4.8689111E-07,-0.010235
4.8694111E-07,-0.010233
4.8699111E-07,-0.010233
4.8704111E-07,-0.010233
4.8709111E-07,-0.010235
4.8714111E-07,-0.010239
4.8719111E-07,-0.010244
4.8724111E-07,-0.010250
4.8729111E-07,-0.010259
4.8734111E-07,-0.010269
4.8739111E-07,-0.010281
4.8744111E-07,-0.010294
4.8749111E-07,-0.010310
4.8754111E-07,-0.010327
4.8759111E-07,-0.010345
4.8764111E-07,-0.010364
4.8769111E-07,-0.010383
4.8774111E-07,-0.010403
4.8779111E-07,-0.010423
4.8784111E-07,-0.010442
4.8789111E-07,-0.010459
4.8794111E-07,-0.010475
4.8799111E-07,-0.010489
4.8804111E-07,-0.010500
4.8809111E-07,-0.010508
4.8814111E-07,-0.010514
4.8819111E-07,-0.010517
4.8824111E-07,-0.010516
4.8829111E-07,-0.010513
4.8834111E-07,-0.010508
4.8839111E-07,-0.010501
4.8844111E-07,-0.010491
4.8849111E-07,-0.010481
4.8854111E-07,-0.010471
4.8859111E-07,-0.010460
4.8864111E-07,-0.010449
4.8869111E-07,-0.010439
4.8874111E-07,-0.010430
4.8879111E-07,-0.010423
4.8884111E-07,-0.010417
4.8889111E-07,-0.010413
4.8894111E-07,-0.010410
4.8899111E-07,-0.010409
4.8904111E-07,-0.010408
4.8909111E-07,-0.010409
4.8914111E-07,-0.010410
4.8919111E-07,-0.010411
4.8924111E-07,-0.010412
4.8929111E-07,-0.010413
4.8934111E-07,-0.010413
4.8939111E-07,-0.010412
4.8944111E-07,-0.010410
4.8949111E-07,-0.010408
4.8954111E-07,-0.010404
4.8959111E-07,-0.010400
4.8964111E-07,-0.010394
4.8969111E-07,-0.010389
4.8974111E-07,-0.010383
4.8979111E-07,-0.010378
4.8984111E-07,-0.010373
4.8989111E-07,-0.010369
4.8994111E-07,-0.010366
4.8999111E-07,-0.010365
4.9004111E-07,-0.010365
4.9009111E-07,-0.010366
4.9014111E-07,-0.010369
4.9019111E-07,-0.010374
4.9024111E-07,-0.010380
4.9029111E-07,-0.010387
4.9034111E-07,-0.010396
4.9039111E-07,-0.010406
4.9044111E-07,-0.010417
4.9049111E-07,-0.010429
4.9054111E-07,-0.010441
4.9059111E-07,-0.010454
4.9064111E-07,-0.010468
4.9069111E-07,-0.010482
4.9074111E-07,-0.010497
4.9079111E-07,-0.010512
4.9084111E-07,-0.010528
4.9089111E-07,-0.010544
4.9094111E-07,-0.010562
4.9099111E-07,-0.010580
4.9104111E-07,-0.010599
4.9109111E-07,-0.010619
4.9114111E-07,-0.010640
4.9119111E-07,-0.010663
4.9124111E-07,-0.010687
4.9129111E-07,-0.010711
4.9134111E-07,-0.010737
4.9139111E-07,-0.010764
4.9144111E-07,-0.010792
4.9149111E-07,-0.010821
4.9154111E-07,-0.010850
4.9159111E-07,-0.010881
4.9164111E-07,-0.010912
4.9169111E-07,-0.010943
4.9174111E-07,-0.010976
4.9179111E-07,-0.011009
4.9184111E-07,-0.011042
4.9189111E-07,-0.011077
4.9194111E-07,-0.011112
4.9199111E-07,-0.011148
4.9204111E-07,-0.011186
4.9209111E-07,-0.011224
4.9214111E-07,-0.011264
4.9219111E-07,-0.011305
4.9224111E-07,-0.011348
4.9229111E-07,-0.011393
4.9234111E-07,-0.011440
4.9239111E-07,-0.011488
4.9244111E-07,-0.011539
4.9249111E-07,-0.011592
4.9254111E-07,-0.011647
4.9259111E-07,-0.011704
4.9264111E-07,-0.011764
4.9269111E-07,-0.011827
4.9274111E-07,-0.011893
4.9279111E-07,-0.011961
4.9284111E-07,-0.012033
4.9289111E-07,-0.012108
4.9294111E-07,-0.012187
4.9299111E-07,-0.012269
4.9304111E-07,-0.012355
4.9309111E-07,-0.012445
4.9314111E-07,-0.012538
4.9319111E-07,-0.012636
4.9324111E-07,-0.012737
4.9329111E-07,-0.012841
4.9334111E-07,-0.012949
4.9339111E-07,-0.013060
4.9344111E-07,-0.013174
4.9349111E-07,-0.013290
4.9354111E-07,-0.013408
4.9359111E-07,-0.013527
4.9364111E-07,-0.013647
4.9369111E-07,-0.013768
4.9374111E-07,-0.013890
4.9379111E-07,-0.014011
4.9384111E-07,-0.014131
4.9389111E-07,-0.014252
4.9394111E-07,-0.014371
4.9399111E-07,-0.014489
4.9404111E-07,-0.014607
4.9409111E-07,-0.014724
4.9414111E-07,-0.014840
4.9419111E-07,-0.014955
4.9424111E-07,-0.015069
4.9429111E-07,-0.015183
4.9434111E-07,-0.015297
4.9439111E-07,-0.015410
4.9444111E-07,-0.015522
4.9449111E-07,-0.015634
4.9454111E-07,-0.015746
4.9459111E-07,-0.015857
4.9464111E-07,-0.015967
4.9469111E-07,-0.016075
4.9474111E-07,-0.016182
4.9479111E-07,-0.016288
4.9484111E-07,-0.016391
4.9489111E-07,-0.016491
4.9494111E-07,-0.016589
4.9499111E-07,-0.016684
4.9504111E-07,-0.016775
4.9509111E-07,-0.016864
4.9514111E-07,-0.016948
4.9519111E-07,-0.017029
4.9524111E-07,-0.017107
4.9529111E-07,-0.017181
4.9534111E-07,-0.017252
4.9539111E-07,-0.017319
4.9544111E-07,-0.017383
4.9549111E-07,-0.017444
4.9554111E-07,-0.017502
4.9559111E-07,-0.017558
4.9564111E-07,-0.017610
4.9569111E-07,-0.017659
4.9574111E-07,-0.017705
4.9579111E-07,-0.017748
4.9584111E-07,-0.017787
4.9589111E-07,-0.017823
4.9594111E-07,-0.017856
4.9599111E-07,-0.017884
4.9604111E-07,-0.017908
4.9609111E-07,-0.017929
4.9614111E-07,-0.017945
4.9619111E-07,-0.017957
4.9624111E-07,-0.017964
4.9629111E-07,-0.017968
4.9634111E-07,-0.017968
4.9639111E-07,-0.017964
4.9644111E-07,-0.017957
4.9649111E-07,-0.017947
4.9654111E-07,-0.017934
4.9659111E-07,-0.017919
4.9664111E-07,-0.017902
4.9669111E-07,-0.017883
4.9674111E-07,-0.017863
4.9679111E-07,-0.017841
4.9684111E-07,-0.017817
4.9689111E-07,-0.017792
4.9694111E-07,-0.017766
4.9699111E-07,-0.017738
4.9704111E-07,-0.017708
4.9709111E-07,-0.017676
4.9714111E-07,-0.017642
4.9719111E-07,-0.017606
4.9724111E-07,-0.017566
4.9729111E-07,-0.017525
4.9734111E-07,-0.017480
4.9739111E-07,-0.017433
4.9744111E-07,-0.017383
4.9749111E-07,-0.017330
4.9754111E-07,-0.017275
4.9759111E-07,-0.017217
4.9764111E-07,-0.017158
4.9769111E-07,-0.017098
4.9774111E-07,-0.017036
4.9779111E-07,-0.016974
4.9784111E-07,-0.016911
4.9789111E-07,-0.016849
4.9794111E-07,-0.016786
4.9799111E-07,-0.016725
4.9804111E-07,-0.016664
4.9809111E-07,-0.016604
4.9814111E-07,-0.016545
4.9819111E-07,-0.016487
4.9824111E-07,-0.016430
4.9829111E-07,-0.016374
4.9834111E-07,-0.016319
4.9839111E-07,-0.016265
4.9844111E-07,-0.016212
4.9849111E-07,-0.016159
4.9854111E-07,-0.016108
4.9859111E-07,-0.016057
4.9864111E-07,-0.016007
4.9869111E-07,-0.015959
4.9874111E-07,-0.015912
4.9879111E-07,-0.015866
4.9884111E-07,-0.015823
4.9889111E-07,-0.015781
4.9894111E-07,-0.015741
4.9899111E-07,-0.015704
4.9904111E-07,-0.015668
4.9909111E-07,-0.015636
4.9914111E-07,-0.015605
4.9919111E-07,-0.015577
4.9924111E-07,-0.015551
4.9929111E-07,-0.015527
4.9934111E-07,-0.015505
4.9939111E-07,-0.015484
4.9944111E-07,-0.015464
4.9949111E-07,-0.015444
4.9954111E-07,-0.015425
4.9959111E-07,-0.015405
4.9964111E-07,-0.015386
4.9969111E-07,-0.015365
4.9974111E-07,-0.015344
4.9979111E-07,-0.015322
4.9984111E-07,-0.015298
4.9989111E-07,-0.015273
4.9994111E-07,-0.015247
4.9999111E-07,-0.015219
5.0004111E-07,-0.015191
5.0009111E-07,-0.015161
5.0014111E-07,-0.015129
5.0019111E-07,-0.015097
5.0024111E-07,-0.015063
5.0029111E-07,-0.015028
5.0034111E-07,-0.014993
5.0039111E-07,-0.014956
5.0044111E-07,-0.014918
5.0049111E-07,-0.014879
5.0054111E-07,-0.014839
5.0059111E-07,-0.014798
5.0064111E-07,-0.014756
5.0069111E-07,-0.014713
5.0074111E-07,-0.014669
5.0079111E-07,-0.014624
5.0084111E-07,-0.014579
5.0089111E-07,-0.014534
5.0094111E-07,-0.014488
5.0099111E-07,-0.014442
5.0104111E-07,-0.014396
5.0109111E-07,-0.014350
5.0114111E-07,-0.014305
5.0119111E-07,-0.014260
5.0124111E-07,-0.014216
5.0129111E-07,-0.014174
5.0134111E-07,-0.014131
5.0139111E-07,-0.014090
5.0144111E-07,-0.014050
5.0149111E-07,-0.014010
5.0154111E-07,-0.013970
5.0159111E-07,-0.013931
5.0164111E-07,-0.013893
5.0169111E-07,-0.013854
5.0174111E-07,-0.013815
5.0179111E-07,-0.013775
5.0184111E-07,-0.013735
5.0189111E-07,-0.013695
5.0194111E-07,-0.013654
5.0199111E-07,-0.013613
5.0204111E-07,-0.013571
5.0209111E-07,-0.013529
5.0214111E-07,-0.013486
5.0219111E-07,-0.013444
5.0224111E-07,-0.013402
5.0229111E-07,-0.013360
5.0234111E-07,-0.013318
5.0239111E-07,-0.013278
5.0244111E-07,-0.013237
5.0249111E-07,-0.013198
5.0254111E-07,-0.013159
5.0259111E-07,-0.013121
5.0264111E-07,-0.013084
5.0269111E-07,-0.013047
5.0274111E-07,-0.013010
5.0279111E-07,-0.012974
5.0284111E-07,-0.012937
5.0289111E-07,-0.012901
5.0294111E-07,-0.012864
5.0299111E-07,-0.012827
5.0304111E-07,-0.012790
5.0309111E-07,-0.012752
5.0314111E-07,-0.012715
5.0319111E-07,-0.012678
5.0324111E-07,-0.012641
5.0329111E-07,-0.012605
5.0334111E-07,-0.012570
5.0339111E-07,-0.012537
5.0344111E-07,-0.012505
5.0349111E-07,-0.012476
5.0354111E-07,-0.012448
5.0359111E-07,-0.012423
5.0364111E-07,-0.012401
5.0369111E-07,-0.012381
5.0374111E-07,-0.012363
5.0379111E-07,-0.012348
5.0384111E-07,-0.012336
5.0389111E-07,-0.012325
5.0394111E-07,-0.012316
5.0399111E-07,-0.012308
5.0404111E-07,-0.012302
5.0409111E-07,-0.012296
5.0414111E-07,-0.012292
5.0419111E-07,-0.012287
5.0424111E-07,-0.012283
5.0429111E-07,-0.012279
5.0434111E-07,-0.012276
5.0439111E-07,-0.012272
5.0444111E-07,-0.012269
5.0449111E-07,-0.012267
5.0454111E-07,-0.012266
5.0459111E-07,-0.012265
5.0464111E-07,-0.012266
5.0469111E-07,-0.012268
5.0474111E-07,-0.012271
5.0479111E-07,-0.012277
5.0484111E-07,-0.012283
5.0489111E-07,-0.012292
5.0494111E-07,-0.012302
5.0499111E-07,-0.012313
5.0504111E-07,-0.012326
5.0509111E-07,-0.012340
5.0514111E-07,-0.012354
5.0519111E-07,-0.012369
5.0524111E-07,-0.012384
5.0529111E-07,-0.012398
5.0534111E-07,-0.012413
5.0539111E-07,-0.012427
5.0544111E-07,-0.012440
5.0549111E-07,-0.012453
5.0554111E-07,-0.012465
5.0559111E-07,-0.012476
5.0564111E-07,-0.012486
5.0569111E-07,-0.012495
5.0574111E-07,-0.012504
5.0579111E-07,-0.012512
5.0584111E-07,-0.012520
5.0589111E-07,-0.012527
5.0594111E-07,-0.012533
5.0599111E-07,-0.012538
5.0604111E-07,-0.012543
5.0609111E-07,-0.012546
5.0614111E-07,-0.012549
5.0619111E-07,-0.012549
5.0624111E-07,-0.012549
5.0629111E-07,-0.012547
5.0634111E-07,-0.012542
5.0639111E-07,-0.012536
5.0644111E-07,-0.012528
5.0649111E-07,-0.012517
5.0654111E-07,-0.012505
5.0659111E-07,-0.012491
5.0664111E-07,-0.012475
5.0669111E-07,-0.012457
5.0674111E-07,-0.012439
5.0679111E-07,-0.012420
5.0684111E-07,-0.012401
5.0689111E-07,-0.012382
5.0694111E-07,-0.012364
5.0699111E-07,-0.012347
5.0704111E-07,-0.012330
5.0709111E-07,-0.012316
5.0714111E-07,-0.012302
5.0719111E-07,-0.012291
5.0724111E-07,-0.012281
5.0729111E-07,-0.012272
5.0734111E-07,-0.012265
5.0739111E-07,-0.012259
5.0744111E-07,-0.012253
5.0749111E-07,-0.012248
5.0754111E-07,-0.012243
5.0759111E-07,-0.012238
5.0764111E-07,-0.012232
5.0769111E-07,-0.012226
5.0774111E-07,-0.012218
5.0779111E-07,-0.012210
5.0784111E-07,-0.012200
5.0789111E-07,-0.012189
5.0794111E-07,-0.012177
5.0799111E-07,-0.012164
5.0804111E-07,-0.012151
5.0809111E-07,-0.012136
5.0814111E-07,-0.012121
5.0819111E-07,-0.012105
5.0824111E-07,-0.012089
5.0829111E-07,-0.012073
5.0834111E-07,-0.012058
5.0839111E-07,-0.012042
5.0844111E-07,-0.012026
5.0849111E-07,-0.012010
5.0854111E-07,-0.011995
5.0859111E-07,-0.011979
5.0864111E-07,-0.011963
5.0869111E-07,-0.011948
5.0874111E-07,-0.011932
5.0879111E-07,-0.011916
5.0884111E-07,-0.011900
5.0889111E-07,-0.011883
5.0894111E-07,-0.011867
5.0899111E-07,-0.011851
5.0904111E-07,-0.011834
5.0909111E-07,-0.011818
5.0914111E-07,-0.011802
5.0919111E-07,-0.011787
5.0924111E-07,-0.011772
5.0929111E-07,-0.011758
5.0934111E-07,-0.011745
5.0939111E-07,-0.011733
5.0944111E-07,-0.011721
5.0949111E-07,-0.011710
5.0954111E-07,-0.011700
5.0959111E-07,-0.011691
5.0964111E-07,-0.011682
5.0969111E-07,-0.011674
5.0974111E-07,-0.011666
5.0979111E-07,-0.011658
5.0984111E-07,-0.011651
5.0989111E-07,-0.011643
5.0994111E-07,-0.011635
5.0999111E-07,-0.011627
5.1004111E-07,-0.011619
5.1009111E-07,-0.011611
5.1014111E-07,-0.011602
5.1019111E-07,-0.011594
5.1024111E-07,-0.011585
5.1029111E-07,-0.011577
5.1034111E-07,-0.011570
5.1039111E-07,-0.011562
5.1044111E-07,-0.011556
5.1049111E-07,-0.011549
5.1054111E-07,-0.011544
5.1059111E-07,-0.011539
5.1064111E-07,-0.011534
5.1069111E-07,-0.011530
5.1074111E-07,-0.011527
5.1079111E-07,-0.011523
5.1084111E-07,-0.011520
5.1089111E-07,-0.011517
5.1094111E-07,-0.011514
5.1099111E-07,-0.011511
5.1104111E-07,-0.011508
5.1109111E-07,-0.011505
5.1114111E-07,-0.011502
5.1119111E-07,-0.011498
5.1124111E-07,-0.011496
5.1129111E-07,-0.011493
5.1134111E-07,-0.011491
5.1139111E-07,-0.011489
5.1144111E-07,-0.011488
5.1149111E-07,-0.011488
5.1154111E-07,-0.011489
5.1159111E-07,-0.011491
5.1164111E-07,-0.011493
5.1169111E-07,-0.011497
5.1174111E-07,-0.011501
5.1179111E-07,-0.011506
5.1184111E-07,-0.011511
5.1189111E-07,-0.011516
5.1194111E-07,-0.011521
5.1199111E-07,-0.011526
5.1204111E-07,-0.011529
5.1209111E-07,-0.011532
5.1214111E-07,-0.011533
5.1219111E-07,-0.011533
5.1224111E-07,-0.011531
5.1229111E-07,-0.011528
5.1234111E-07,-0.011524
5.1239111E-07,-0.011518
5.1244111E-07,-0.011511
5.1249111E-07,-0.011503
5.1254111E-07,-0.011494
5.1259111E-07,-0.011485
5.1264111E-07,-0.011476
5.1269111E-07,-0.011467
5.1274111E-07,-0.011458
5.1279111E-07,-0.011450
5.1284111E-07,-0.011442
5.1289111E-07,-0.011435
5.1294111E-07,-0.011429
5.1299111E-07,-0.011422
5.1304111E-07,-0.011417
5.1309111E-07,-0.011411
5.1314111E-07,-0.011405
5.1319111E-07,-0.011399
5.1324111E-07,-0.011392
5.1329111E-07,-0.011385
5.1334111E-07,-0.011377
5.1339111E-07,-0.011367
5.1344111E-07,-0.011357
5.1349111E-07,-0.011345
5.1354111E-07,-0.011333
5.1359111E-07,-0.011320
5.1364111E-07,-0.011306
5.1369111E-07,-0.011291
5.1374111E-07,-0.011277
5.1379111E-07,-0.011262
5.1384111E-07,-0.011247
5.1389111E-07,-0.011233
5.1394111E-07,-0.011220
5.1399111E-07,-0.011207
5.1404111E-07,-0.011194
5.1409111E-07,-0.011182
5.1414111E-07,-0.011171
5.1419111E-07,-0.011160
5.1424111E-07,-0.011150
5.1429111E-07,-0.011139
5.1434111E-07,-0.011128
5.1439111E-07,-0.011117
5.1444111E-07,-0.011106
5.1449111E-07,-0.011094
5.1454111E-07,-0.011082
5.1459111E-07,-0.011069
5.1464111E-07,-0.011055
5.1469111E-07,-0.011041
5.1474111E-07,-0.011027
5.1479111E-07,-0.011013
5.1484111E-07,-0.010999
5.1489111E-07,-0.010986
5.1494111E-07,-0.010974
5.1499111E-07,-0.010963
5.1504111E-07,-0.010954
5.1509111E-07,-0.010946
5.1514111E-07,-0.010940
5.1519111E-07,-0.010936
5.1524111E-07,-0.010933
5.1529111E-07,-0.010932
5.1534111E-07,-0.010933
5.1539111E-07,-0.010935
5.1544111E-07,-0.010937
5.1549111E-07,-0.010941
5.1554111E-07,-0.010945
5.1559111E-07,-0.010950
5.1564111E-07,-0.010954
5.1569111E-07,-0.010958
5.1574111E-07,-0.010961
5.1579111E-07,-0.010963
5.1584111E-07,-0.010965
5.1589111E-07,-0.010966
5.1594111E-07,-0.010966
5.1599111E-07,-0.010965
5.1604111E-07,-0.010963
5.1609111E-07,-0.010961
5.1614111E-07,-0.010959
5.1619111E-07,-0.010956
5.1624111E-07,-0.010953
5.1629111E-07,-0.010951
5.1634111E-07,-0.010948
5.1639111E-07,-0.010946
5.1644111E-07,-0.010944
5.1649111E-07,-0.010943
5.1654111E-07,-0.010942
5.1659111E-07,-0.010942
5.1664111E-07,-0.010942
5.1669111E-07,-0.010942
5.1674111E-07,-0.010943
5.1679111E-07,-0.010945
5.1684111E-07,-0.010947
5.1689111E-07,-0.010949
5.1694111E-07,-0.010952
5.1699111E-07,-0.010955
5.1704111E-07,-0.010959
5.1709111E-07,-0.010963
5.1714111E-07,-0.010969
5.1719111E-07,-0.010974
5.1724111E-07,-0.010981
5.1729111E-07,-0.010988
5.1734111E-07,-0.010996
5.1739111E-07,-0.011005
5.1744111E-07,-0.011014
5.1749111E-07,-0.011024
5.1754111E-07,-0.011033
5.1759111E-07,-0.011043
5.1764111E-07,-0.011053
5.1769111E-07,-0.011063
5.1774111E-07,-0.011072
5.1779111E-07,-0.011080
5.1784111E-07,-0.011088
5.1789111E-07,-0.011094
5.1794111E-07,-0.011100
5.1799111E-07,-0.011104
5.1804111E-07,-0.011107
5.1809111E-07,-0.011108
5.1814111E-07,-0.011109
5.1819111E-07,-0.011108
5.1824111E-07,-0.011107
5.1829111E-07,-0.011104
5.1834111E-07,-0.011101
5.1839111E-07,-0.011098
5.1844111E-07,-0.011094
5.1849111E-07,-0.011090
5.1854111E-07,-0.011086
5.1859111E-07,-0.011081
5.1864111E-07,-0.011077
5.1869111E-07,-0.011073
5.1874111E-07,-0.011069
5.1879111E-07,-0.011064
5.1884111E-07,-0.011060
5.1889111E-07,-0.011056
5.1894111E-07,-0.011051
5.1899111E-07,-0.011047
5.1904111E-07,-0.011042
5.1909111E-07,-0.011038
5.1914111E-07,-0.011033
5.1919111E-07,-0.011029
5.1924111E-07,-0.011025
5.1929111E-07,-0.011021
5.1934111E-07,-0.011018
5.1939111E-07,-0.011015
5.1944111E-07,-0.011014
5.1949111E-07,-0.011013
5.1954111E-07,-0.011014
5.1959111E-07,-0.011016
5.1964111E-07,-0.011019
5.1969111E-07,-0.011023
5.1974111E-07,-0.011027
5.1979111E-07,-0.011033
5.1984111E-07,-0.011039
5.1989111E-07,-0.011046
5.1994111E-07,-0.011052
5.1999111E-07,-0.011058
5.2004111E-07,-0.011063
5.2009111E-07,-0.011068
5.2014111E-07,-0.011071
5.2019111E-07,-0.011073
5.2024111E-07,-0.011074
5.2029111E-07,-0.011073
5.2034111E-07,-0.011071
5.2039111E-07,-0.011068
5.2044111E-07,-0.011063
5.2049111E-07,-0.011057
5.2054111E-07,-0.011051
5.2059111E-07,-0.011044
5.2064111E-07,-0.011037
5.2069111E-07,-0.011031
5.2074111E-07,-0.011024
5.2079111E-07,-0.011018
5.2084111E-07,-0.011013
5.2089111E-07,-0.011008
5.2094111E-07,-0.011004
5.2099111E-07,-0.011001
5.2104111E-07,-0.010998
5.2109111E-07,-0.010995
5.2114111E-07,-0.010993
5.2119111E-07,-0.010990
5.2124111E-07,-0.010988
5.2129111E-07,-0.010984
5.2134111E-07,-0.010981
5.2139111E-07,-0.010976
5.2144111E-07,-0.010971
5.2149111E-07,-0.010965
5.2154111E-07,-0.010958
5.2159111E-07,-0.010951
5.2164111E-07,-0.010944
5.2169111E-07,-0.010936
5.2174111E-07,-0.010928
5.2179111E-07,-0.010921
5.2184111E-07,-0.010914
5.2189111E-07,-0.010908
5.2194111E-07,-0.010902
5.2199111E-07,-0.010898
5.2204111E-07,-0.010895
5.2209111E-07,-0.010892
5.2214111E-07,-0.010891
5.2219111E-07,-0.010890
5.2224111E-07,-0.010889
5.2229111E-07,-0.010889
5.2234111E-07,-0.010889
5.2239111E-07,-0.010889
5.2244111E-07,-0.010888
5.2249111E-07,-0.010887
5.2254111E-07,-0.010885
5.2259111E-07,-0.010882
5.2264111E-07,-0.010879
5.2269111E-07,-0.010875
5.2274111E-07,-0.010870
5.2279111E-07,-0.010865
5.2284111E-07,-0.010860
5.2289111E-07,-0.010856
5.2294111E-07,-0.010851
5.2299111E-07,-0.010848
5.2304111E-07,-0.010845
5.2309111E-07,-0.010843
5.2314111E-07,-0.010842
5.2319111E-07,-0.010842
5.2324111E-07,-0.010843
5.2329111E-07,-0.010845
5.2334111E-07,-0.010847
5.2339111E-07,-0.010850
5.2344111E-07,-0.010853
5.2349111E-07,-0.010855
5.2354111E-07,-0.010856
5.2359111E-07,-0.010857
5.2364111E-07,-0.010856
5.2369111E-07,-0.010853
5.2374111E-07,-0.010848
5.2379111E-07,-0.010842
5.2384111E-07,-0.010833
5.2389111E-07,-0.010823
5.2394111E-07,-0.010810
5.2399111E-07,-0.010796
5.2404111E-07,-0.010781
5.2409111E-07,-0.010765
5.2414111E-07,-0.010749
5.2419111E-07,-0.010732
5.2424111E-07,-0.010716
5.2429111E-07,-0.010700
5.2434111E-07,-0.010685
5.2439111E-07,-0.010671
5.2444111E-07,-0.010659
5.2449111E-07,-0.010648
5.2454111E-07,-0.010639
5.2459111E-07,-0.010632
5.2464111E-07,-0.010626
5.2469111E-07,-0.010621
5.2474111E-07,-0.010618
5.2479111E-07,-0.010616
5.2484111E-07,-0.010616
5.2489111E-07,-0.010616
5.2494111E-07,-0.010617
5.2499111E-07,-0.010619
5.2504111E-07,-0.010622
5.2509111E-07,-0.010625
5.2514111E-07,-0.010628
5.2519111E-07,-0.010632
5.2524111E-07,-0.010636
5.2529111E-07,-0.010641
5.2534111E-07,-0.010646
5.2539111E-07,-0.010651
5.2544111E-07,-0.010656
5.2549111E-07,-0.010661
5.2554111E-07,-0.010666
5.2559111E-07,-0.010671
5.2564111E-07,-0.010676
5.2569111E-07,-0.010681
5.2574111E-07,-0.010685
5.2579111E-07,-0.010688
5.2584111E-07,-0.010691
5.2589111E-07,-0.010692
5.2594111E-07,-0.010693
5.2599111E-07,-0.010693
5.2604111E-07,-0.010692
5.2609111E-07,-0.010690
5.2614111E-07,-0.010687
5.2619111E-07,-0.010684
5.2624111E-07,-0.010680
5.2629111E-07,-0.010676
5.2634111E-07,-0.010671
5.2639111E-07,-0.010667
5.2644111E-07,-0.010663
5.2649111E-07,-0.010660
5.2654111E-07,-0.010657
5.2659111E-07,-0.010655
5.2664111E-07,-0.010654
5.2669111E-07,-0.010654
5.2674111E-07,-0.010655
5.2679111E-07,-0.010657
5.2684111E-07,-0.010660
5.2689111E-07,-0.010665
5.2694111E-07,-0.010670
5.2699111E-07,-0.010676
5.2704111E-07,-0.010684
5.2709111E-07,-0.010692
5.2714111E-07,-0.010702
5.2719111E-07,-0.010712
5.2724111E-07,-0.010723
5.2729111E-07,-0.010736
5.2734111E-07,-0.010748
5.2739111E-07,-0.010762
5.2744111E-07,-0.010777
5.2749111E-07,-0.010792
5.2754111E-07,-0.010808
5.2759111E-07,-0.010824
5.2764111E-07,-0.010841
5.2769111E-07,-0.010858
5.2774111E-07,-0.010874
5.2779111E-07,-0.010891
5.2784111E-07,-0.010906
5.2789111E-07,-0.010921
5.2794111E-07,-0.010935
5.2799111E-07,-0.010948
5.2804111E-07,-0.010959
5.2809111E-07,-0.010968
5.2814111E-07,-0.010976
5.2819111E-07,-0.010982
5.2824111E-07,-0.010986
5.2829111E-07,-0.010989
5.2834111E-07,-0.010991
5.2839111E-07,-0.010991
5.2844111E-07,-0.010991
5.2849111E-07,-0.010991
5.2854111E-07,-0.010990
5.2859111E-07,-0.010989
5.2864111E-07,-0.010989
5.2869111E-07,-0.010990
5.2874111E-07,-0.010992
5.2879111E-07,-0.010994
5.2884111E-07,-0.010998
5.2889111E-07,-0.011003
5.2894111E-07,-0.011008
5.2899111E-07,-0.011015
5.2904111E-07,-0.011021
5.2909111E-07,-0.011028
5.2914111E-07,-0.011035
5.2919111E-07,-0.011042
5.2924111E-07,-0.011047
5.2929111E-07,-0.011052
5.2934111E-07,-0.011056
5.2939111E-07,-0.011058
5.2944111E-07,-0.011059
5.2949111E-07,-0.011058
5.2954111E-07,-0.011056
5.2959111E-07,-0.011053
5.2964111E-07,-0.011049
5.2969111E-07,-0.011044
5.2974111E-07,-0.011039
5.2979111E-07,-0.011033
5.2984111E-07,-0.011028
5.2989111E-07,-0.011022
5.2994111E-07,-0.011017
5.2999111E-07,-0.011013
5.3004111E-07,-0.011009
5.3009111E-07,-0.011005
5.3014111E-07,-0.011001
5.3019111E-07,-0.010998
5.3024111E-07,-0.010994
5.3029111E-07,-0.010990
5.3034111E-07,-0.010985
5.3039111E-07,-0.010980
5.3044111E-07,-0.010973
5.3049111E-07,-0.010964
5.3054111E-07,-0.010955
5.3059111E-07,-0.010943
5.3064111E-07,-0.010931
5.3069111E-07,-0.010917
5.3074111E-07,-0.010902
5.3079111E-07,-0.010887
5.3084111E-07,-0.010871
5.3089111E-07,-0.010856
5.3094111E-07,-0.010841
5.3099111E-07,-0.010827
5.3104111E-07,-0.010815
5.3109111E-07,-0.010805
5.3114111E-07,-0.010796
5.3119111E-07,-0.010790
5.3124111E-07,-0.010786
5.3129111E-07,-0.010785
5.3134111E-07,-0.010785
5.3139111E-07,-0.010787
5.3144111E-07,-0.010790
5.3149111E-07,-0.010795
5.3154111E-07,-0.010800
5.3159111E-07,-0.010806
5.3164111E-07,-0.010811
5.3169111E-07,-0.010815
5.3174111E-07,-0.010819
5.3179111E-07,-0.010821
5.3184111E-07,-0.010821
5.3189111E-07,-0.010821
5.3194111E-07,-0.010818
5.3199111E-07,-0.010814
5.3204111E-07,-0.010809
5.3209111E-07,-0.010803
5.3214111E-07,-0.010795
5.3219111E-07,-0.010787
5.3224111E-07,-0.010779
5.3229111E-07,-0.010771
5.3234111E-07,-0.010762
5.3239111E-07,-0.010754
5.3244111E-07,-0.010746
5.3249111E-07,-0.010739
5.3254111E-07,-0.010731
5.3259111E-07,-0.010724
5.3264111E-07,-0.010716
5.3269111E-07,-0.010709
5.3274111E-07,-0.010700
5.3279111E-07,-0.010692
5.3284111E-07,-0.010682
5.3289111E-07,-0.010671
5.3294111E-07,-0.010659
5.3299111E-07,-0.010646
5.3304111E-07,-0.010631
5.3309111E-07,-0.010616
5.3314111E-07,-0.010600
5.3319111E-07,-0.010583
5.3324111E-07,-0.010566
5.3329111E-07,-0.010549
5.3334111E-07,-0.010533
5.3339111E-07,-0.010517
5.3344111E-07,-0.010503
5.3349111E-07,-0.010490
5.3354111E-07,-0.010479
5.3359111E-07,-0.010470
5.3364111E-07,-0.010463
5.3369111E-07,-0.010459
5.3374111E-07,-0.010456
5.3379111E-07,-0.010456
5.3384111E-07,-0.010457
5.3389111E-07,-0.010460
5.3394111E-07,-0.010465
5.3399111E-07,-0.010470
5.3404111E-07,-0.010476
5.3409111E-07,-0.010483
5.3414111E-07,-0.010489
5.3419111E-07,-0.010495
5.3424111E-07,-0.010501
5.3429111E-07,-0.010506
5.3434111E-07,-0.010510
5.3439111E-07,-0.010513
5.3444111E-07,-0.010516
5.3449111E-07,-0.010517
5.3454111E-07,-0.010517
5.3459111E-07,-0.010517
5.3464111E-07,-0.010516
5.3469111E-07,-0.010514
5.3474111E-07,-0.010512
5.3479111E-07,-0.010510
5.3484111E-07,-0.010509
5.3489111E-07,-0.010507
5.3494111E-07,-0.010506
5.3499111E-07,-0.010506
5.3504111E-07,-0.010507
5.3509111E-07,-0.010509
5.3514111E-07,-0.010512
5.3519111E-07,-0.010516
5.3524111E-07,-0.010521
5.3529111E-07,-0.010528
5.3534111E-07,-0.010536
5.3539111E-07,-0.010545
5.3544111E-07,-0.010556
5.3549111E-07,-0.010567
5.3554111E-07,-0.010579
5.3559111E-07,-0.010592
5.3564111E-07,-0.010606
5.3569111E-07,-0.010619
5.3574111E-07,-0.010633
5.3579111E-07,-0.010646
5.3584111E-07,-0.010658
5.3589111E-07,-0.010670
5.3594111E-07,-0.010681
5.3599111E-07,-0.010691
5.3604111E-07,-0.010699
5.3609111E-07,-0.010706
5.3614111E-07,-0.010712
5.3619111E-07,-0.010717
5.3624111E-07,-0.010721
5.3629111E-07,-0.010724
5.3634111E-07,-0.010726
5.3639111E-07,-0.010728
5.3644111E-07,-0.010729
5.3649111E-07,-0.010731
5.3654111E-07,-0.010734
5.3659111E-07,-0.010737
5.3664111E-07,-0.010740
5.3669111E-07,-0.010745
5.3674111E-07,-0.010750
5.3679111E-07,-0.010756
5.3684111E-07,-0.010763
5.3689111E-07,-0.010770
5.3694111E-07,-0.010778
5.3699111E-07,-0.010785
5.3704111E-07,-0.010791
5.3709111E-07,-0.010797
5.3714111E-07,-0.010801
5.3719111E-07,-0.010804
5.3724111E-07,-0.010805
5.3729111E-07,-0.010803
5.3734111E-07,-0.010799
5.3739111E-07,-0.010793
5.3744111E-07,-0.010784
5.3749111E-07,-0.010774
5.3754111E-07,-0.010762
5.3759111E-07,-0.010749
5.3764111E-07,-0.010735
5.3769111E-07,-0.010720
5.3774111E-07,-0.010706
5.3779111E-07,-0.010693
5.3784111E-07,-0.010681
5.3789111E-07,-0.010671
5.3794111E-07,-0.010663
5.3799111E-07,-0.010657
5.3804111E-07,-0.010654
5.3809111E-07,-0.010653
5.3814111E-07,-0.010654
5.3819111E-07,-0.010658
5.3824111E-07,-0.010663
5.3829111E-07,-0.010669
5.3834111E-07,-0.010677
5.3839111E-07,-0.010684
5.3844111E-07,-0.010692
5.3849111E-07,-0.010699
5.3854111E-07,-0.010705
5.3859111E-07,-0.010710
5.3864111E-07,-0.010714
5.3869111E-07,-0.010715
5.3874111E-07,-0.010716
5.3879111E-07,-0.010715
5.3884111E-07,-0.010712
5.3889111E-07,-0.010709
5.3894111E-07,-0.010705
5.3899111E-07,-0.010702
5.3904111E-07,-0.010698
5.3909111E-07,-0.010695
5.3914111E-07,-0.010693
5.3919111E-07,-0.010692
5.3924111E-07,-0.010692
5.3929111E-07,-0.010694
5.3934111E-07,-0.010698
5.3939111E-07,-0.010703
5.3944111E-07,-0.010709
5.3949111E-07,-0.010716
5.3954111E-07,-0.010723
5.3959111E-07,-0.010731
5.3964111E-07,-0.010738
5.3969111E-07,-0.010745
5.3974111E-07,-0.010752
5.3979111E-07,-0.010757
5.3984111E-07,-0.010761
5.3989111E-07,-0.010764
5.3994111E-07,-0.010765
5.3999111E-07,-0.010765
5.4004111E-07,-0.010764
5.4009111E-07,-0.010762
5.4014111E-07,-0.010760
5.4019111E-07,-0.010757
5.4024111E-07,-0.010754
5.4029111E-07,-0.010751
5.4034111E-07,-0.010749
5.4039111E-07,-0.010748
5.4044111E-07,-0.010747
5.4049111E-07,-0.010748
5.4054111E-07,-0.010750
5.4059111E-07,-0.010753
5.4064111E-07,-0.010757
5.4069111E-07,-0.010761
5.4074111E-07,-0.010766
5.4079111E-07,-0.010772
5.4084111E-07,-0.010777
5.4089111E-07,-0.010783
5.4094111E-07,-0.010788
5.4099111E-07,-0.010792
5.4104111E-07,-0.010796
5.4109111E-07,-0.010799
5.4114111E-07,-0.010802
5.4119111E-07,-0.010803
5.4124111E-07,-0.010803
5.4129111E-07,-0.010803
5.4134111E-07,-0.010802
5.4139111E-07,-0.010800
5.4144111E-07,-0.010798
5.4149111E-07,-0.010795
5.4154111E-07,-0.010793
5.4159111E-07,-0.010790
5.4164111E-07,-0.010787
5.4169111E-07,-0.010783
5.4174111E-07,-0.010780
5.4179111E-07,-0.010776
5.4184111E-07,-0.010772
5.4189111E-07,-0.010768
5.4194111E-07,-0.010763
5.4199111E-07,-0.010758
5.4204111E-07,-0.010753
5.4209111E-07,-0.010747
5.4214111E-07,-0.010740
5.4219111E-07,-0.010733
5.4224111E-07,-0.010726
5.4229111E-07,-0.010719
5.4234111E-07,-0.010711
5.4239111E-07,-0.010703
5.4244111E-07,-0.010696
5.4249111E-07,-0.010689
5.4254111E-07,-0.010682
5.4259111E-07,-0.010676
5.4264111E-07,-0.010671
5.4269111E-07,-0.010667
5.4274111E-07,-0.010664
5.4279111E-07,-0.010662
5.4284111E-07,-0.010661
5.4289111E-07,-0.010661
5.4294111E-07,-0.010662
5.4299111E-07,-0.010664
5.4304111E-07,-0.010666
5.4309111E-07,-0.010669
5.4314111E-07,-0.010673
5.4319111E-07,-0.010677
5.4324111E-07,-0.010681
5.4329111E-07,-0.010686
5.4334111E-07,-0.010690
5.4339111E-07,-0.010694
5.4344111E-07,-0.010698
5.4349111E-07,-0.010701
5.4354111E-07,-0.010704
5.4359111E-07,-0.010706
5.4364111E-07,-0.010707
5.4369111E-07,-0.010707
5.4374111E-07,-0.010706
5.4379111E-07,-0.010704
5.4384111E-07,-0.010701
5.4389111E-07,-0.010696
5.4394111E-07,-0.010691
5.4399111E-07,-0.010683
5.4404111E-07,-0.010674
5.4409111E-07,-0.010664
5.4414111E-07,-0.010653
5.4419111E-07,-0.010641
5.4424111E-07,-0.010628
5.4429111E-07,-0.010614
5.4434111E-07,-0.010600
5.4439111E-07,-0.010586
5.4444111E-07,-0.010572
5.4449111E-07,-0.010560
5.4454111E-07,-0.010548
5.4459111E-07,-0.010537
5.4464111E-07,-0.010529
5.4469111E-07,-0.010522
5.4474111E-07,-0.010517
5.4479111E-07,-0.010514
5.4484111E-07,-0.010512
5.4489111E-07,-0.010513
5.4494111E-07,-0.010516
5.4499111E-07,-0.010519
5.4504111E-07,-0.010524
5.4509111E-07,-0.010529
5.4514111E-07,-0.010534
5.4519111E-07,-0.010540
5.4524111E-07,-0.010544
5.4529111E-07,-0.010548
5.4534111E-07,-0.010550
5.4539111E-07,-0.010552
5.4544111E-07,-0.010551
5.4549111E-07,-0.010550
5.4554111E-07,-0.010547
5.4559111E-07,-0.010543
5.4564111E-07,-0.010538
5.4569111E-07,-0.010532
5.4574111E-07,-0.010527
5.4579111E-07,-0.010521
5.4584111E-07,-0.010516
5.4589111E-07,-0.010512
5.4594111E-07,-0.010509
5.4599111E-07,-0.010508
5.4604111E-07,-0.010508
5.4609111E-07,-0.010509
5.4614111E-07,-0.010512
5.4619111E-07,-0.010517
5.4624111E-07,-0.010522
5.4629111E-07,-0.010528
5.4634111E-07,-0.010535
5.4639111E-07,-0.010542
5.4644111E-07,-0.010549
5.4649111E-07,-0.010555
5.4654111E-07,-0.010561
5.4659111E-07,-0.010566
5.4664111E-07,-0.010571
5.4669111E-07,-0.010575
5.4674111E-07,-0.010578
5.4679111E-07,-0.010580
5.4684111E-07,-0.010583
5.4689111E-07,-0.010586
5.4694111E-07,-0.010589
5.4699111E-07,-0.010593
5.4704111E-07,-0.010598
5.4709111E-07,-0.010604
5.4714111E-07,-0.010612
5.4719111E-07,-0.010621
5.4724111E-07,-0.010632
5.4729111E-07,-0.010644
5.4734111E-07,-0.010657
5.4739111E-07,-0.010671
5.4744111E-07,-0.010685
5.4749111E-07,-0.010699
5.4754111E-07,-0.010713
5.4759111E-07,-0.010726
5.4764111E-07,-0.010738
5.4769111E-07,-0.010747
5.4774111E-07,-0.010755
5.4779111E-07,-0.010761
5.4784111E-07,-0.010764
5.4789111E-07,-0.010765
5.4794111E-07,-0.010763
5.4799111E-07,-0.010760
5.4804111E-07,-0.010755
5.4809111E-07,-0.010750
5.4814111E-07,-0.010743
5.4819111E-07,-0.010737
5.4824111E-07,-0.010731
5.4829111E-07,-0.010726
5.4834111E-07,-0.010723
5.4839111E-07,-0.010721
5.4844111E-07,-0.010721
5.4849111E-07,-0.010723
5.4854111E-07,-0.010728
5.4859111E-07,-0.010734
5.4864111E-07,-0.010742
5.4869111E-07,-0.010751
5.4874111E-07,-0.010761
5.4879111E-07,-0.010772
5.4884111E-07,-0.010782
5.4889111E-07,-0.010792
5.4894111E-07,-0.010801
5.4899111E-07,-0.010809
5.4904111E-07,-0.010815
5.4909111E-07,-0.010819
5.4914111E-07,-0.010820
5.4919111E-07,-0.010820
5.4924111E-07,-0.010817
5.4929111E-07,-0.010811
5.4934111E-07,-0.010804
5.4939111E-07,-0.010795
5.4944111E-07,-0.010784
5.4949111E-07,-0.010772
5.4954111E-07,-0.010759
5.4959111E-07,-0.010746
5.4964111E-07,-0.010732
5.4969111E-07,-0.010717
5.4974111E-07,-0.010703
5.4979111E-07,-0.010689
5.4984111E-07,-0.010676
5.4989111E-07,-0.010662
5.4994111E-07,-0.010649
5.4999111E-07,-0.010636
5.5004111E-07,-0.010623
5.5009111E-07,-0.010611
5.5014111E-07,-0.010598
5.5019111E-07,-0.010585
5.5024111E-07,-0.010572
5.5029111E-07,-0.010559
5.5034111E-07,-0.010546
5.5039111E-07,-0.010532
5.5044111E-07,-0.010519
5.5049111E-07,-0.010505
5.5054111E-07,-0.010492
5.5059111E-07,-0.010479
5.5064111E-07,-0.010467
5.5069111E-07,-0.010456
5.5074111E-07,-0.010446
5.5079111E-07,-0.010437
5.5084111E-07,-0.010429
5.5089111E-07,-0.010424
5.5094111E-07,-0.010420
5.5099111E-07,-0.010419
5.5104111E-07,-0.010420
5.5109111E-07,-0.010423
5.5114111E-07,-0.010429
5.5119111E-07,-0.010438
5.5124111E-07,-0.010449
5.5129111E-07,-0.010463
5.5134111E-07,-0.010479
5.5139111E-07,-0.010497
5.5144111E-07,-0.010517
5.5149111E-07,-0.010539
5.5154111E-07,-0.010562
5.5159111E-07,-0.010586
5.5164111E-07,-0.010610
5.5169111E-07,-0.010635
5.5174111E-07,-0.010658
5.5179111E-07,-0.010681
5.5184111E-07,-0.010702
5.5189111E-07,-0.010722
5.5194111E-07,-0.010738
5.5199111E-07,-0.010753
5.5204111E-07,-0.010764
5.5209111E-07,-0.010771
5.5214111E-07,-0.010776
5.5219111E-07,-0.010777
5.5224111E-07,-0.010775
5.5229111E-07,-0.010769
5.5234111E-07,-0.010761
5.5239111E-07,-0.010750
5.5244111E-07,-0.010737
5.5249111E-07,-0.010722
5.5254111E-07,-0.010705
5.5259111E-07,-0.010688
5.5264111E-07,-0.010671
5.5269111E-07,-0.010653
5.5274111E-07,-0.010636
5.5279111E-07,-0.010620
5.5284111E-07,-0.010604
5.5289111E-07,-0.010589
5.5294111E-07,-0.010575
5.5299111E-07,-0.010562
5.5304111E-07,-0.010549
5.5309111E-07,-0.010537
5.5314111E-07,-0.010525
5.5319111E-07,-0.010514
5.5324111E-07,-0.010502
5.5329111E-07,-0.010490
5.5334111E-07,-0.010478
5.5339111E-07,-0.010465
5.5344111E-07,-0.010451
5.5349111E-07,-0.010437
5.5354111E-07,-0.010423
5.5359111E-07,-0.010409
5.5364111E-07,-0.010394
5.5369111E-07,-0.010381
5.5374111E-07,-0.010368
5.5379111E-07,-0.010356
5.5384111E-07,-0.010345
5.5389111E-07,-0.010336
5.5394111E-07,-0.010329
5.5399111E-07,-0.010324
5.5404111E-07,-0.010320
5.5409111E-07,-0.010319
5.5414111E-07,-0.010318
5.5419111E-07,-0.010320
5.5424111E-07,-0.010322
5.5429111E-07,-0.010325
5.5434111E-07,-0.010329
5.5439111E-07,-0.010332
5.5444111E-07,-0.010334
5.5449111E-07,-0.010336
5.5454111E-07,-0.010337
5.5459111E-07,-0.010337
5.5464111E-07,-0.010335
5.5469111E-07,-0.010332
5.5474111E-07,-0.010328
5.5479111E-07,-0.010323
5.5484111E-07,-0.010318
5.5489111E-07,-0.010313
5.5494111E-07,-0.010308
5.5499111E-07,-0.010304
5.5504111E-07,-0.010301
5.5509111E-07,-0.010299
5.5514111E-07,-0.010300
5.5519111E-07,-0.010302
5.5524111E-07,-0.010307
5.5529111E-07,-0.010314
5.5534111E-07,-0.010323
5.5539111E-07,-0.010333
5.5544111E-07,-0.010346
5.5549111E-07,-0.010359
5.5554111E-07,-0.010373
5.5559111E-07,-0.010387
5.5564111E-07,-0.010400
5.5569111E-07,-0.010413
5.5574111E-07,-0.010424
5.5579111E-07,-0.010434
5.5584111E-07,-0.010442
5.5589111E-07,-0.010449
5.5594111E-07,-0.010453
5.5599111E-07,-0.010456
5.5604111E-07,-0.010457
5.5609111E-07,-0.010456
5.5614111E-07,-0.010455
5.5619111E-07,-0.010453
5.5624111E-07,-0.010451
5.5629111E-07,-0.010450
5.5634111E-07,-0.010449
5.5639111E-07,-0.010449
5.5644111E-07,-0.010450
5.5649111E-07,-0.010452
5.5654111E-07,-0.010455
5.5659111E-07,-0.010459
5.5664111E-07,-0.010465
5.5669111E-07,-0.010471
5.5674111E-07,-0.010477
5.5679111E-07,-0.010484
5.5684111E-07,-0.010490
5.5689111E-07,-0.010495
5.5694111E-07,-0.010500
5.5699111E-07,-0.010503
5.5704111E-07,-0.010505
5.5709111E-07,-0.010505
5.5714111E-07,-0.010504
5.5719111E-07,-0.010502
5.5724111E-07,-0.010498
5.5729111E-07,-0.010494
5.5734111E-07,-0.010488
5.5739111E-07,-0.010483
5.5744111E-07,-0.010477
5.5749111E-07,-0.010472
5.5754111E-07,-0.010468
5.5759111E-07,-0.010466
5.5764111E-07,-0.010464
5.5769111E-07,-0.010464
5.5774111E-07,-0.010467
5.5779111E-07,-0.010471
5.5784111E-07,-0.010477
5.5789111E-07,-0.010484
5.5794111E-07,-0.010494
5.5799111E-07,-0.010505
5.5804111E-07,-0.010517
5.5809111E-07,-0.010530
5.5814111E-07,-0.010543
5.5819111E-07,-0.010557
5.5824111E-07,-0.010572
5.5829111E-07,-0.010585
5.5834111E-07,-0.010599
5.5839111E-07,-0.010612
5.5844111E-07,-0.010624
5.5849111E-07,-0.010636
5.5854111E-07,-0.010646
5.5859111E-07,-0.010656
5.5864111E-07,-0.010664
5.5869111E-07,-0.010672
5.5874111E-07,-0.010679
5.5879111E-07,-0.010685
5.5884111E-07,-0.010691
5.5889111E-07,-0.010696
5.5894111E-07,-0.010700
5.5899111E-07,-0.010704
5.5904111E-07,-0.010708
5.5909111E-07,-0.010711
5.5914111E-07,-0.010714
5.5919111E-07,-0.010717
5.5924111E-07,-0.010720
5.5929111E-07,-0.010723
5.5934111E-07,-0.010726
5.5939111E-07,-0.010729
5.5944111E-07,-0.010732
5.5949111E-07,-0.010735
5.5954111E-07,-0.010738
5.5959111E-07,-0.010741
5.5964111E-07,-0.010744
5.5969111E-07,-0.010747
5.5974111E-07,-0.010750
5.5979111E-07,-0.010752
5.5984111E-07,-0.010754
5.5989111E-07,-0.010755
5.5994111E-07,-0.010756
5.5999111E-07,-0.010756
5.6004111E-07,-0.010755
5.6009111E-07,-0.010753
5.6014111E-07,-0.010751
5.6019111E-07,-0.010747
5.6024111E-07,-0.010743
5.6029111E-07,-0.010738
5.6034111E-07,-0.010732
5.6039111E-07,-0.010725
5.6044111E-07,-0.010719
5.6049111E-07,-0.010712
5.6054111E-07,-0.010705
5.6059111E-07,-0.010699
5.6064111E-07,-0.010692
5.6069111E-07,-0.010686
5.6074111E-07,-0.010681
5.6079111E-07,-0.010676
5.6084111E-07,-0.010671
5.6089111E-07,-0.010666
5.6094111E-07,-0.010662
5.6099111E-07,-0.010657
5.6104111E-07,-0.010652
5.6109111E-07,-0.010647
5.6114111E-07,-0.010640
5.6119111E-07,-0.010633
5.6124111E-07,-0.010624
5.6129111E-07,-0.010614
5.6134111E-07,-0.010603
5.6139111E-07,-0.010590
5.6144111E-07,-0.010576
5.6149111E-07,-0.010561
5.6154111E-07,-0.010544
5.6159111E-07,-0.010528
5.6164111E-07,-0.010511
5.6169111E-07,-0.010495
5.6174111E-07,-0.010479
5.6179111E-07,-0.010465
5.6184111E-07,-0.010452
5.6189111E-07,-0.010441
5.6194111E-07,-0.010432
5.6199111E-07,-0.010426
5.6204111E-07,-0.010421
5.6209111E-07,-0.010419
5.6214111E-07,-0.010419
5.6219111E-07,-0.010421
5.6224111E-07,-0.010424
5.6229111E-07,-0.010428
5.6234111E-07,-0.010433
5.6239111E-07,-0.010437
5.6244111E-07,-0.010441
5.6249111E-07,-0.010445
5.6254111E-07,-0.010446
5.6259111E-07,-0.010447
5.6264111E-07,-0.010445
5.6269111E-07,-0.010442
5.6274111E-07,-0.010437
5.6279111E-07,-0.010431
5.6284111E-07,-0.010423
5.6289111E-07,-0.010414
5.6294111E-07,-0.010405
5.6299111E-07,-0.010395
5.6304111E-07,-0.010385
5.6309111E-07,-0.010376
5.6314111E-07,-0.010367
5.6319111E-07,-0.010360
5.6324111E-07,-0.010353
5.6329111E-07,-0.010348
5.6334111E-07,-0.010344
5.6339111E-07,-0.010341
5.6344111E-07,-0.010338
5.6349111E-07,-0.010335
5.6354111E-07,-0.010333
5.6359111E-07,-0.010330
5.6364111E-07,-0.010326
5.6369111E-07,-0.010321
5.6374111E-07,-0.010315
5.6379111E-07,-0.010307
5.6384111E-07,-0.010297
5.6389111E-07,-0.010286
5.6394111E-07,-0.010273
5.6399111E-07,-0.010259
5.6404111E-07,-0.010245
5.6409111E-07,-0.010231
5.6414111E-07,-0.010217
5.6419111E-07,-0.010204
5.6424111E-07,-0.010194
5.6429111E-07,-0.010185
5.6434111E-07,-0.010180
5.6439111E-07,-0.010178
5.6444111E-07,-0.010179
5.6449111E-07,-0.010185
5.6454111E-07,-0.010194
5.6459111E-07,-0.010208
5.6464111E-07,-0.010225
5.6469111E-07,-0.010245
5.6474111E-07,-0.010269
5.6479111E-07,-0.010294
5.6484111E-07,-0.010322
5.6489111E-07,-0.010350
5.6494111E-07,-0.010379
5.6499111E-07,-0.010408
5.6504111E-07,-0.010436
5.6509111E-07,-0.010462
5.6514111E-07,-0.010487
5.6519111E-07,-0.010511
5.6524111E-07,-0.010532
5.6529111E-07,-0.010551
5.6534111E-07,-0.010569
5.6539111E-07,-0.010584
5.6544111E-07,-0.010598
5.6549111E-07,-0.010610
5.6554111E-07,-0.010621
5.6559111E-07,-0.010631
5.6564111E-07,-0.010640
5.6569111E-07,-0.010649
5.6574111E-07,-0.010657
5.6579111E-07,-0.010665
5.6584111E-07,-0.010673
5.6589111E-07,-0.010680
5.6594111E-07,-0.010687
5.6599111E-07,-0.010693
5.6604111E-07,-0.010698
5.6609111E-07,-0.010702
5.6614111E-07,-0.010705
5.6619111E-07,-0.010706
5.6624111E-07,-0.010706
5.6629111E-07,-0.010704
5.6634111E-07,-0.010700
5.6639111E-07,-0.010694
5.6644111E-07,-0.010686
5.6649111E-07,-0.010677
5.6654111E-07,-0.010666
5.6659111E-07,-0.010653
5.6664111E-07,-0.010640
5.6669111E-07,-0.010625
5.6674111E-07,-0.010610
5.6679111E-07,-0.010595
5.6684111E-07,-0.010579
5.6689111E-07,-0.010564
5.6694111E-07,-0.010550
5.6699111E-07,-0.010536
5.6704111E-07,-0.010523
5.6709111E-07,-0.010511
5.6714111E-07,-0.010500
5.6719111E-07,-0.010490
5.6724111E-07,-0.010482
5.6729111E-07,-0.010476
5.6734111E-07,-0.010471
5.6739111E-07,-0.010467
5.6744111E-07,-0.010465
5.6749111E-07,-0.010464
5.6754111E-07,-0.010464
5.6759111E-07,-0.010466
5.6764111E-07,-0.010469
5.6769111E-07,-0.010472
5.6774111E-07,-0.010477
5.6779111E-07,-0.010482
5.6784111E-07,-0.010488
5.6789111E-07,-0.010495
5.6794111E-07,-0.010502
5.6799111E-07,-0.010509
5.6804111E-07,-0.010516
5.6809111E-07,-0.010523
5.6814111E-07,-0.010530
5.6819111E-07,-0.010537
5.6824111E-07,-0.010544
5.6829111E-07,-0.010551
5.6834111E-07,-0.010557
5.6839111E-07,-0.010563
5.6844111E-07,-0.010569
5.6849111E-07,-0.010574
5.6854111E-07,-0.010579
5.6859111E-07,-0.010584
5.6864111E-07,-0.010589
5.6869111E-07,-0.010594
5.6874111E-07,-0.010598
5.6879111E-07,-0.010602
5.6884111E-07,-0.010605
5.6889111E-07,-0.010608
5.6894111E-07,-0.010609
5.6899111E-07,-0.010610
5.6904111E-07,-0.010610
5.6909111E-07,-0.010608
5.6914111E-07,-0.010605
5.6919111E-07,-0.010600
5.6924111E-07,-0.010594
5.6929111E-07,-0.010587
5.6934111E-07,-0.010577
5.6939111E-07,-0.010567
5.6944111E-07,-0.010555
5.6949111E-07,-0.010543
5.6954111E-07,-0.010530
5.6959111E-07,-0.010517
5.6964111E-07,-0.010504
5.6969111E-07,-0.010493
5.6974111E-07,-0.010482
5.6979111E-07,-0.010473
5.6984111E-07,-0.010466
5.6989111E-07,-0.010461
5.6994111E-07,-0.010459
5.6999111E-07,-0.010458
5.7004111E-07,-0.010460
5.7009111E-07,-0.010464
5.7014111E-07,-0.010470
5.7019111E-07,-0.010476
5.7024111E-07,-0.010484
5.7029111E-07,-0.010491
5.7034111E-07,-0.010498
5.7039111E-07,-0.010505
5.7044111E-07,-0.010510
5.7049111E-07,-0.010513
5.7054111E-07,-0.010513
5.7059111E-07,-0.010512
5.7064111E-07,-0.010508
5.7069111E-07,-0.010501
5.7074111E-07,-0.010492
5.7079111E-07,-0.010481
5.7084111E-07,-0.010468
5.7089111E-07,-0.010455
5.7094111E-07,-0.010441
5.7099111E-07,-0.010426
5.7104111E-07,-0.010413
5.7109111E-07,-0.010400
5.7114111E-07,-0.010389
5.7119111E-07,-0.010380
5.7124111E-07,-0.010373
5.7129111E-07,-0.010369
5.7134111E-07,-0.010366
5.7139111E-07,-0.010366
5.7144111E-07,-0.010367
5.7149111E-07,-0.010369
5.7154111E-07,-0.010373
5.7159111E-07,-0.010377
5.7164111E-07,-0.010381
5.7169111E-07,-0.010385
5.7174111E-07,-0.010388
5.7179111E-07,-0.010390
5.7184111E-07,-0.010390
5.7189111E-07,-0.010390
5.7194111E-07,-0.010388
5.7199111E-07,-0.010385
5.7204111E-07,-0.010381
5.7209111E-07,-0.010377
5.7214111E-07,-0.010372
5.7219111E-07,-0.010369
5.7224111E-07,-0.010366
5.7229111E-07,-0.010364
5.7234111E-07,-0.010365
5.7239111E-07,-0.010367
5.7244111E-07,-0.010372
5.7249111E-07,-0.010379
5.7254111E-07,-0.010388
5.7259111E-07,-0.010400
5.7264111E-07,-0.010412
5.7269111E-07,-0.010427
5.7274111E-07,-0.010441
5.7279111E-07,-0.010456
5.7284111E-07,-0.010470
5.7289111E-07,-0.010483
5.7294111E-07,-0.010495
5.7299111E-07,-0.010504
5.7304111E-07,-0.010510
5.7309111E-07,-0.010514
5.7314111E-07,-0.010514
5.7319111E-07,-0.010512
5.7324111E-07,-0.010507
5.7329111E-07,-0.010500
5.7334111E-07,-0.010490
5.7339111E-07,-0.010479
5.7344111E-07,-0.010468
5.7349111E-07,-0.010456
5.7354111E-07,-0.010444
5.7359111E-07,-0.010433
5.7364111E-07,-0.010424
5.7369111E-07,-0.010416
5.7374111E-07,-0.010411
5.7379111E-07,-0.010409
5.7384111E-07,-0.010409
5.7389111E-07,-0.010412
5.7394111E-07,-0.010417
5.7399111E-07,-0.010424
5.7404111E-07,-0.010434
5.7409111E-07,-0.010444
5.7414111E-07,-0.010456
5.7419111E-07,-0.010469
5.7424111E-07,-0.010482
5.7429111E-07,-0.010495
5.7434111E-07,-0.010507
5.7439111E-07,-0.010519
5.7444111E-07,-0.010529
5.7449111E-07,-0.010538
5.7454111E-07,-0.010545
5.7459111E-07,-0.010551
5.7464111E-07,-0.010555
5.7469111E-07,-0.010557
5.7474111E-07,-0.010559
5.7479111E-07,-0.010558
5.7484111E-07,-0.010557
5.7489111E-07,-0.010554
5.7494111E-07,-0.010550
5.7499111E-07,-0.010545
5.7504111E-07,-0.010538
5.7509111E-07,-0.010532
5.7514111E-07,-0.010524
5.7519111E-07,-0.010515
5.7524111E-07,-0.010506
5.7529111E-07,-0.010496
5.7534111E-07,-0.010485
5.7539111E-07,-0.010474
5.7544111E-07,-0.010462
5.7549111E-07,-0.010450
5.7554111E-07,-0.010437
5.7559111E-07,-0.010424
5.7564111E-07,-0.010410
5.7569111E-07,-0.010397
5.7574111E-07,-0.010383
5.7579111E-07,-0.010370
5.7584111E-07,-0.010357
5.7589111E-07,-0.010345
5.7594111E-07,-0.010333
5.7599111E-07,-0.010322
5.7604111E-07,-0.010312
5.7609111E-07,-0.010303
5.7614111E-07,-0.010295
5.7619111E-07,-0.010288
5.7624111E-07,-0.010282
5.7629111E-07,-0.010278
5.7634111E-07,-0.010275
5.7639111E-07,-0.010274
5.7644111E-07,-0.010275
5.7649111E-07,-0.010277
5.7654111E-07,-0.010280
5.7659111E-07,-0.010285
5.7664111E-07,-0.010291
5.7669111E-07,-0.010299
5.7674111E-07,-0.010308
5.7679111E-07,-0.010317
5.7684111E-07,-0.010328
5.7689111E-07,-0.010338
5.7694111E-07,-0.010349
5.7699111E-07,-0.010360
5.7704111E-07,-0.010370
5.7709111E-07,-0.010380
5.7714111E-07,-0.010388
5.7719111E-07,-0.010396
5.7724111E-07,-0.010401
5.7729111E-07,-0.010406
5.7734111E-07,-0.010408
5.7739111E-07,-0.010409
5.7744111E-07,-0.010409
5.7749111E-07,-0.010407
5.7754111E-07,-0.010405
5.7759111E-07,-0.010402
5.7764111E-07,-0.010398
5.7769111E-07,-0.010395
5.7774111E-07,-0.010392
5.7779111E-07,-0.010390
5.7784111E-07,-0.010389
5.7789111E-07,-0.010390
5.7794111E-07,-0.010392
5.7799111E-07,-0.010396
5.7804111E-07,-0.010401
5.7809111E-07,-0.010408
5.7814111E-07,-0.010416
5.7819111E-07,-0.010424
5.7824111E-07,-0.010434
5.7829111E-07,-0.010443
5.7834111E-07,-0.010451
5.7839111E-07,-0.010458
5.7844111E-07,-0.010464
5.7849111E-07,-0.010468
5.7854111E-07,-0.010470
5.7859111E-07,-0.010470
5.7864111E-07,-0.010467
5.7869111E-07,-0.010461
5.7874111E-07,-0.010454
5.7879111E-07,-0.010444
5.7884111E-07,-0.010433
5.7889111E-07,-0.010421
5.7894111E-07,-0.010409
5.7899111E-07,-0.010397
5.7904111E-07,-0.010385
5.7909111E-07,-0.010375
5.7914111E-07,-0.010366
5.7919111E-07,-0.010360
5.7924111E-07,-0.010355
5.7929111E-07,-0.010353
5.7934111E-07,-0.010352
5.7939111E-07,-0.010354
5.7944111E-07,-0.010357
5.7949111E-07,-0.010361
5.7954111E-07,-0.010366
5.7959111E-07,-0.010371
5.7964111E-07,-0.010376
5.7969111E-07,-0.010379
5.7974111E-07,-0.010382
5.7979111E-07,-0.010382
5.7984111E-07,-0.010381
5.7989111E-07,-0.010378
5.7994111E-07,-0.010373
5.7999111E-07,-0.010366
5.8004111E-07,-0.010358
5.8009111E-07,-0.010349
5.8014111E-07,-0.010339
5.8019111E-07,-0.010330
5.8024111E-07,-0.010322
5.8029111E-07,-0.010315
5.8034111E-07,-0.010310
5.8039111E-07,-0.010308
5.8044111E-07,-0.010308
5.8049111E-07,-0.010311
5.8054111E-07,-0.010317
5.8059111E-07,-0.010326
5.8064111E-07,-0.010338
5.8069111E-07,-0.010352
5.8074111E-07,-0.010367
5.8079111E-07,-0.010384
5.8084111E-07,-0.010402
5.8089111E-07,-0.010420
5.8094111E-07,-0.010437
5.8099111E-07,-0.010453
5.8104111E-07,-0.010468
5.8109111E-07,-0.010481
5.8114111E-07,-0.010492
5.8119111E-07,-0.010500
5.8124111E-07,-0.010507
5.8129111E-07,-0.010512
5.8134111E-07,-0.010515
5.8139111E-07,-0.010516
5.8144111E-07,-0.010517
5.8149111E-07,-0.010517
5.8154111E-07,-0.010517
5.8159111E-07,-0.010516
5.8164111E-07,-0.010517
5.8169111E-07,-0.010518
5.8174111E-07,-0.010520
5.8179111E-07,-0.010522
5.8184111E-07,-0.010526
5.8189111E-07,-0.010530
5.8194111E-07,-0.010535
5.8199111E-07,-0.010539
5.8204111E-07,-0.010544
5.8209111E-07,-0.010548
5.8214111E-07,-0.010551
5.8219111E-07,-0.010552
5.8224111E-07,-0.010553
5.8229111E-07,-0.010552
5.8234111E-07,-0.010549
5.8239111E-07,-0.010545
5.8244111E-07,-0.010540
5.8249111E-07,-0.010533
5.8254111E-07,-0.010526
5.8259111E-07,-0.010518
5.8264111E-07,-0.010509
5.8269111E-07,-0.010501
5.8274111E-07,-0.010494
5.8279111E-07,-0.010488
5.8284111E-07,-0.010483
5.8289111E-07,-0.010480
5.8294111E-07,-0.010478
5.8299111E-07,-0.010479
5.8304111E-07,-0.010481
5.8309111E-07,-0.010485
5.8314111E-07,-0.010491
5.8319111E-07,-0.010498
5.8324111E-07,-0.010506
5.8329111E-07,-0.010514
5.8334111E-07,-0.010523
5.8339111E-07,-0.010531
5.8344111E-07,-0.010538
5.8349111E-07,-0.010545
5.8354111E-07,-0.010549
5.8359111E-07,-0.010552
5.8364111E-07,-0.010553
5.8369111E-07,-0.010552
5.8374111E-07,-0.010549
5.8379111E-07,-0.010543
5.8384111E-07,-0.010535
5.8389111E-07,-0.010525
5.8394111E-07,-0.010513
5.8399111E-07,-0.010500
5.8404111E-07,-0.010485
5.8409111E-07,-0.010470
5.8414111E-07,-0.010455
5.8419111E-07,-0.010439
5.8424111E-07,-0.010424
5.8429111E-07,-0.010410
5.8434111E-07,-0.010398
5.8439111E-07,-0.010387
5.8444111E-07,-0.010377
5.8449111E-07,-0.010371
5.8454111E-07,-0.010366
5.8459111E-07,-0.010364
5.8464111E-07,-0.010364
5.8469111E-07,-0.010367
5.8474111E-07,-0.010372
5.8479111E-07,-0.010379
5.8484111E-07,-0.010388
5.8489111E-07,-0.010398
5.8494111E-07,-0.010409
5.8499111E-07,-0.010421
5.8504111E-07,-0.010433
5.8509111E-07,-0.010445
5.8514111E-07,-0.010457
5.8519111E-07,-0.010467
5.8524111E-07,-0.010477
5.8529111E-07,-0.010485
5.8534111E-07,-0.010492
5.8539111E-07,-0.010497
5.8544111E-07,-0.010501
5.8549111E-07,-0.010504
5.8554111E-07,-0.010506
5.8559111E-07,-0.010508
5.8564111E-07,-0.010509
5.8569111E-07,-0.010510
5.8574111E-07,-0.010511
5.8579111E-07,-0.010513
5.8584111E-07,-0.010516
5.8589111E-07,-0.010520
5.8594111E-07,-0.010524
5.8599111E-07,-0.010530
5.8604111E-07,-0.010537
5.8609111E-07,-0.010545
5.8614111E-07,-0.010553
5.8619111E-07,-0.010561
5.8624111E-07,-0.010568
5.8629111E-07,-0.010575
5.8634111E-07,-0.010580
5.8639111E-07,-0.010583
5.8644111E-07,-0.010584
5.8649111E-07,-0.010582
5.8654111E-07,-0.010578
5.8659111E-07,-0.010570
5.8664111E-07,-0.010560
5.8669111E-07,-0.010546
5.8674111E-07,-0.010531
5.8679111E-07,-0.010514
5.8684111E-07,-0.010495
5.8689111E-07,-0.010476
5.8694111E-07,-0.010456
5.8699111E-07,-0.010437
5.8704111E-07,-0.010420
5.8709111E-07,-0.010404
5.8714111E-07,-0.010391
5.8719111E-07,-0.010380
5.8724111E-07,-0.010373
5.8729111E-07,-0.010368
5.8734111E-07,-0.010366
5.8739111E-07,-0.010366
5.8744111E-07,-0.010368
5.8749111E-07,-0.010372
5.8754111E-07,-0.010377
5.8759111E-07,-0.010382
5.8764111E-07,-0.010387
5.8769111E-07,-0.010391
5.8774111E-07,-0.010393
5.8779111E-07,-0.010393
5.8784111E-07,-0.010391
5.8789111E-07,-0.010387
5.8794111E-07,-0.010381
5.8799111E-07,-0.010372
5.8804111E-07,-0.010362
5.8809111E-07,-0.010351
5.8814111E-07,-0.010339
5.8819111E-07,-0.010328
5.8824111E-07,-0.010317
5.8829111E-07,-0.010307
5.8834111E-07,-0.010299
5.8839111E-07,-0.010294
5.8844111E-07,-0.010292
5.8849111E-07,-0.010293
5.8854111E-07,-0.010297
5.8859111E-07,-0.010304
5.8864111E-07,-0.010313
5.8869111E-07,-0.010325
5.8874111E-07,-0.010338
5.8879111E-07,-0.010353
5.8884111E-07,-0.010367
5.8889111E-07,-0.010381
5.8894111E-07,-0.010394
5.8899111E-07,-0.010405
5.8904111E-07,-0.010414
5.8909111E-07,-0.010420
5.8914111E-07,-0.010423
5.8919111E-07,-0.010422
5.8924111E-07,-0.010419
5.8929111E-07,-0.010414
5.8934111E-07,-0.010406
5.8939111E-07,-0.010396
5.8944111E-07,-0.010385
5.8949111E-07,-0.010374
5.8954111E-07,-0.010362
5.8959111E-07,-0.010352
5.8964111E-07,-0.010342
5.8969111E-07,-0.010334
5.8974111E-07,-0.010329
5.8979111E-07,-0.010325
5.8984111E-07,-0.010324
5.8989111E-07,-0.010324
5.8994111E-07,-0.010327
5.8999111E-07,-0.010331
5.9004111E-07,-0.010336
5.9009111E-07,-0.010341
5.9014111E-07,-0.010347
5.9019111E-07,-0.010353
5.9024111E-07,-0.010358
5.9029111E-07,-0.010361
5.9034111E-07,-0.010364
5.9039111E-07,-0.010364
5.9044111E-07,-0.010364
5.9049111E-07,-0.010361
5.9054111E-07,-0.010358
5.9059111E-07,-0.010353
5.9064111E-07,-0.010348
5.9069111E-07,-0.010343
5.9074111E-07,-0.010338
5.9079111E-07,-0.010334
5.9084111E-07,-0.010331
5.9089111E-07,-0.010330
5.9094111E-07,-0.010330
5.9099111E-07,-0.010333
5.9104111E-07,-0.010338
5.9109111E-07,-0.010345
5.9114111E-07,-0.010354
5.9119111E-07,-0.010364
5.9124111E-07,-0.010377
5.9129111E-07,-0.010390
5.9134111E-07,-0.010404
5.9139111E-07,-0.010419
5.9144111E-07,-0.010433
5.9149111E-07,-0.010446
5.9154111E-07,-0.010458
5.9159111E-07,-0.010469
5.9164111E-07,-0.010477
5.9169111E-07,-0.010483
5.9174111E-07,-0.010487
5.9179111E-07,-0.010489
5.9184111E-07,-0.010488
5.9189111E-07,-0.010485
5.9194111E-07,-0.010480
5.9199111E-07,-0.010474
5.9204111E-07,-0.010466
5.9209111E-07,-0.010457
5.9214111E-07,-0.010447
5.9219111E-07,-0.010437
5.9224111E-07,-0.010427
5.9229111E-07,-0.010417
5.9234111E-07,-0.010409
5.9239111E-07,-0.010401
5.9244111E-07,-0.010395
5.9249111E-07,-0.010390
5.9254111E-07,-0.010387
5.9259111E-07,-0.010385
5.9264111E-07,-0.010385
5.9269111E-07,-0.010386
5.9274111E-07,-0.010388
5.9279111E-07,-0.010391
5.9284111E-07,-0.010394
5.9289111E-07,-0.010398
5.9294111E-07,-0.010401
5.9299111E-07,-0.010404
5.9304111E-07,-0.010406
5.9309111E-07,-0.010407
5.9314111E-07,-0.010407
5.9319111E-07,-0.010405
5.9324111E-07,-0.010401
5.9329111E-07,-0.010396
5.9334111E-07,-0.010389
5.9339111E-07,-0.010380
5.9344111E-07,-0.010371
5.9349111E-07,-0.010360
5.9354111E-07,-0.010349
5.9359111E-07,-0.010338
5.9364111E-07,-0.010328
5.9369111E-07,-0.010319
5.9374111E-07,-0.010311
5.9379111E-07,-0.010305
5.9384111E-07,-0.010301
5.9389111E-07,-0.010299
5.9394111E-07,-0.010300
5.9399111E-07,-0.010304
5.9404111E-07,-0.010310
5.9409111E-07,-0.010318
5.9414111E-07,-0.010328
5.9419111E-07,-0.010339
5.9424111E-07,-0.010351
5.9429111E-07,-0.010362
5.9434111E-07,-0.010373
5.9439111E-07,-0.010383
5.9444111E-07,-0.010391
5.9449111E-07,-0.010397
5.9454111E-07,-0.010399
5.9459111E-07,-0.010399
5.9464111E-07,-0.010396
5.9469111E-07,-0.010389
5.9474111E-07,-0.010380
5.9479111E-07,-0.010369
5.9484111E-07,-0.010355
5.9489111E-07,-0.010340
5.9494111E-07,-0.010325
5.9499111E-07,-0.010310
5.9504111E-07,-0.010296
5.9509111E-07,-0.010284
5.9514111E-07,-0.010274
5.9519111E-07,-0.010267
5.9524111E-07,-0.010263
5.9529111E-07,-0.010262
5.9534111E-07,-0.010265
5.9539111E-07,-0.010270
5.9544111E-07,-0.010279
5.9549111E-07,-0.010290
5.9554111E-07,-0.010303
5.9559111E-07,-0.010317
5.9564111E-07,-0.010332
5.9569111E-07,-0.010347
5.9574111E-07,-0.010362
5.9579111E-07,-0.010375
5.9584111E-07,-0.010387
5.9589111E-07,-0.010397
5.9594111E-07,-0.010406
5.9599111E-07,-0.010413
5.9604111E-07,-0.010419
5.9609111E-07,-0.010424
5.9614111E-07,-0.010428
5.9619111E-07,-0.010432
5.9624111E-07,-0.010438
5.9629111E-07,-0.010444
5.9634111E-07,-0.010452
5.9639111E-07,-0.010462
5.9644111E-07,-0.010474
5.9649111E-07,-0.010489
5.9654111E-07,-0.010506
5.9659111E-07,-0.010525
5.9664111E-07,-0.010545
5.9669111E-07,-0.010567
5.9674111E-07,-0.010589
5.9679111E-07,-0.010611
5.9684111E-07,-0.010631
5.9689111E-07,-0.010649
5.9694111E-07,-0.010665
5.9699111E-07,-0.010677
5.9704111E-07,-0.010685
5.9709111E-07,-0.010688
5.9714111E-07,-0.010687
5.9719111E-07,-0.010682
5.9724111E-07,-0.010673
5.9729111E-07,-0.010659
5.9734111E-07,-0.010643
5.9739111E-07,-0.010624
5.9744111E-07,-0.010604
5.9749111E-07,-0.010583
5.9754111E-07,-0.010562
5.9759111E-07,-0.010542
5.9764111E-07,-0.010524
5.9769111E-07,-0.010508
5.9774111E-07,-0.010496
5.9779111E-07,-0.010486
5.9784111E-07,-0.010479
5.9789111E-07,-0.010476
5.9794111E-07,-0.010475
5.9799111E-07,-0.010477
5.9804111E-07,-0.010480
5.9809111E-07,-0.010485
5.9814111E-07,-0.010490
5.9819111E-07,-0.010495
5.9824111E-07,-0.010498
5.9829111E-07,-0.010501
5.9834111E-07,-0.010501
5.9839111E-07,-0.010499
5.9844111E-07,-0.010494
5.9849111E-07,-0.010487
5.9854111E-07,-0.010477
5.9859111E-07,-0.010465
5.9864111E-07,-0.010451
5.9869111E-07,-0.010436
5.9874111E-07,-0.010420
5.9879111E-07,-0.010403
5.9884111E-07,-0.010387
5.9889111E-07,-0.010372
5.9894111E-07,-0.010357
5.9899111E-07,-0.010345
5.9904111E-07,-0.010334
5.9909111E-07,-0.010326
5.9914111E-07,-0.010319
5.9919111E-07,-0.010315
5.9924111E-07,-0.010313
5.9929111E-07,-0.010312
5.9934111E-07,-0.010312
5.9939111E-07,-0.010314
5.9944111E-07,-0.010316
5.9949111E-07,-0.010317
5.9954111E-07,-0.010319
5.9959111E-07,-0.010320
5.9964111E-07,-0.010319
5.9969111E-07,-0.010318
5.9974111E-07,-0.010315
5.9979111E-07,-0.010310
5.9984111E-07,-0.010304
5.9989111E-07,-0.010297
5.9994111E-07,-0.010289
5.9999111E-07,-0.010280
6.0004111E-07,-0.010270
6.0009111E-07,-0.010260
6.0014111E-07,-0.010250
6.0019111E-07,-0.010241
6.0024111E-07,-0.010233
6.0029111E-07,-0.010226
6.0034111E-07,-0.010221
6.0039111E-07,-0.010218
6.0044111E-07,-0.010216
6.0049111E-07,-0.010216
6.0054111E-07,-0.010218
6.0059111E-07,-0.010222
6.0064111E-07,-0.010227
6.0069111E-07,-0.010234
6.0074111E-07,-0.010242
6.0079111E-07,-0.010251
6.0084111E-07,-0.010260
6.0089111E-07,-0.010269
6.0094111E-07,-0.010278
6.0099111E-07,-0.010286
6.0104111E-07,-0.010293
6.0109111E-07,-0.010299
6.0114111E-07,-0.010303
6.0119111E-07,-0.010305
6.0124111E-07,-0.010306
6.0129111E-07,-0.010305
6.0134111E-07,-0.010302
6.0139111E-07,-0.010298
6.0144111E-07,-0.010292
6.0149111E-07,-0.010286
6.0154111E-07,-0.010279
6.0159111E-07,-0.010272
6.0164111E-07,-0.010266
6.0169111E-07,-0.010261
6.0174111E-07,-0.010257
6.0179111E-07,-0.010254
6.0184111E-07,-0.010254
6.0189111E-07,-0.010255
6.0194111E-07,-0.010259
6.0199111E-07,-0.010265
6.0204111E-07,-0.010272
6.0209111E-07,-0.010281
6.0214111E-07,-0.010291
6.0219111E-07,-0.010302
6.0224111E-07,-0.010313
6.0229111E-07,-0.010323
6.0234111E-07,-0.010333
6.0239111E-07,-0.010341
6.0244111E-07,-0.010347
6.0249111E-07,-0.010351
6.0254111E-07,-0.010352
6.0259111E-07,-0.010350
6.0264111E-07,-0.010346
6.0269111E-07,-0.010339
6.0274111E-07,-0.010330
6.0279111E-07,-0.010319
6.0284111E-07,-0.010307
6.0289111E-07,-0.010295
6.0294111E-07,-0.010283
6.0299111E-07,-0.010272
6.0304111E-07,-0.010263
6.0309111E-07,-0.010256
6.0314111E-07,-0.010253
6.0319111E-07,-0.010252
6.0324111E-07,-0.010256
6.0329111E-07,-0.010263
6.0334111E-07,-0.010273
6.0339111E-07,-0.010286
6.0344111E-07,-0.010302
6.0349111E-07,-0.010321
6.0354111E-07,-0.010340
6.0359111E-07,-0.010360
6.0364111E-07,-0.010379
6.0369111E-07,-0.010397
6.0374111E-07,-0.010413
6.0379111E-07,-0.010427
6.0384111E-07,-0.010437
6.0389111E-07,-0.010445
6.0394111E-07,-0.010448
6.0399111E-07,-0.010449
6.0404111E-07,-0.010447
6.0409111E-07,-0.010442
6.0414111E-07,-0.010435
6.0419111E-07,-0.010427
6.0424111E-07,-0.010418
6.0429111E-07,-0.010410
6.0434111E-07,-0.010403
6.0439111E-07,-0.010398
6.0444111E-07,-0.010395
6.0449111E-07,-0.010395
6.0454111E-07,-0.010398
6.0459111E-07,-0.010404
6.0464111E-07,-0.010412
6.0469111E-07,-0.010423
6.0474111E-07,-0.010436
6.0479111E-07,-0.010450
6.0484111E-07,-0.010464
6.0489111E-07,-0.010478
6.0494111E-07,-0.010491
6.0499111E-07,-0.010502
6.0504111E-07,-0.010510
6.0509111E-07,-0.010515
6.0514111E-07,-0.010516
6.0519111E-07,-0.010514
6.0524111E-07,-0.010509
6.0529111E-07,-0.010500
6.0534111E-07,-0.010488
6.0539111E-07,-0.010474
6.0544111E-07,-0.010458
6.0549111E-07,-0.010442
6.0554111E-07,-0.010425
6.0559111E-07,-0.010409
6.0564111E-07,-0.010394
6.0569111E-07,-0.010382
6.0574111E-07,-0.010372
6.0579111E-07,-0.010364
6.0584111E-07,-0.010360
6.0589111E-07,-0.010358
6.0594111E-07,-0.010359
6.0599111E-07,-0.010361
6.0604111E-07,-0.010366
6.0609111E-07,-0.010372
6.0614111E-07,-0.010378
6.0619111E-07,-0.010383
6.0624111E-07,-0.010388
6.0629111E-07,-0.010391
6.0634111E-07,-0.010392
6.0639111E-07,-0.010391
6.0644111E-07,-0.010388
6.0649111E-07,-0.010382
6.0654111E-07,-0.010374
6.0659111E-07,-0.010364
6.0664111E-07,-0.010353
6.0669111E-07,-0.010341
6.0674111E-07,-0.010328
6.0679111E-07,-0.010317
6.0684111E-07,-0.010306
6.0689111E-07,-0.010298
6.0694111E-07,-0.010292
6.0699111E-07,-0.010288
6.0704111E-07,-0.010289
6.0709111E-07,-0.010292
6.0714111E-07,-0.010300
6.0719111E-07,-0.010310
6.0724111E-07,-0.010324
6.0729111E-07,-0.010341
6.0734111E-07,-0.010359
6.0739111E-07,-0.010379
6.0744111E-07,-0.010400
6.0749111E-07,-0.010421
6.0754111E-07,-0.010442
6.0759111E-07,-0.010461
6.0764111E-07,-0.010478
6.0769111E-07,-0.010493
6.0774111E-07,-0.010504
6.0779111E-07,-0.010513
6.0784111E-07,-0.010518
6.0789111E-07,-0.010519
6.0794111E-07,-0.010517
6.0799111E-07,-0.010512
6.0804111E-07,-0.010504
6.0809111E-07,-0.010494
6.0814111E-07,-0.010482
6.0819111E-07,-0.010468
6.0824111E-07,-0.010453
6.0829111E-07,-0.010438
6.0834111E-07,-0.010423
6.0839111E-07,-0.010409
6.0844111E-07,-0.010395
6.0849111E-07,-0.010383
6.0854111E-07,-0.010372
6.0859111E-07,-0.010363
6.0864111E-07,-0.010355
6.0869111E-07,-0.010350
6.0874111E-07,-0.010345
6.0879111E-07,-0.010343
6.0884111E-07,-0.010341
6.0889111E-07,-0.010340
6.0894111E-07,-0.010340
6.0899111E-07,-0.010340
6.0904111E-07,-0.010340
6.0909111E-07,-0.010340
6.0914111E-07,-0.010340
6.0919111E-07,-0.010338
6.0924111E-07,-0.010336
6.0929111E-07,-0.010334
6.0934111E-07,-0.010330
6.0939111E-07,-0.010326
6.0944111E-07,-0.010321
6.0949111E-07,-0.010317
6.0954111E-07,-0.010313
6.0959111E-07,-0.010309
6.0964111E-07,-0.010307
6.0969111E-07,-0.010305
6.0974111E-07,-0.010306
6.0979111E-07,-0.010309
6.0984111E-07,-0.010314
6.0989111E-07,-0.010321
6.0994111E-07,-0.010330
6.0999111E-07,-0.010342
6.1004111E-07,-0.010356
6.1009111E-07,-0.010371
6.1014111E-07,-0.010387
6.1019111E-07,-0.010404
6.1024111E-07,-0.010420
6.1029111E-07,-0.010436
6.1034111E-07,-0.010450
6.1039111E-07,-0.010462
6.1044111E-07,-0.010471
6.1049111E-07,-0.010476
6.1054111E-07,-0.010479
6.1059111E-07,-0.010477
6.1064111E-07,-0.010472
6.1069111E-07,-0.010463
6.1074111E-07,-0.010451
6.1079111E-07,-0.010436
6.1084111E-07,-0.010419
6.1089111E-07,-0.010401
6.1094111E-07,-0.010382
6.1099111E-07,-0.010364
6.1104111E-07,-0.010347
6.1109111E-07,-0.010332
6.1114111E-07,-0.010319
6.1119111E-07,-0.010310
6.1124111E-07,-0.010304
6.1129111E-07,-0.010302
6.1134111E-07,-0.010304
6.1139111E-07,-0.010309
6.1144111E-07,-0.010318
6.1149111E-07,-0.010329
6.1154111E-07,-0.010342
6.1159111E-07,-0.010356
6.1164111E-07,-0.010370
6.1169111E-07,-0.010383
6.1174111E-07,-0.010395
6.1179111E-07,-0.010405
6.1184111E-07,-0.010412
6.1189111E-07,-0.010417
6.1194111E-07,-0.010418
6.1199111E-07,-0.010416
6.1204111E-07,-0.010410
6.1209111E-07,-0.010403
6.1214111E-07,-0.010393
6.1219111E-07,-0.010381
6.1224111E-07,-0.010369
6.1229111E-07,-0.010357
6.1234111E-07,-0.010346
6.1239111E-07,-0.010336
6.1244111E-07,-0.010328
6.1249111E-07,-0.010323
6.1254111E-07,-0.010320
6.1259111E-07,-0.010320
6.1264111E-07,-0.010322
6.1269111E-07,-0.010327
6.1274111E-07,-0.010333
6.1279111E-07,-0.010340
6.1284111E-07,-0.010347
6.1289111E-07,-0.010353
6.1294111E-07,-0.010359
6.1299111E-07,-0.010362
6.1304111E-07,-0.010362
6.1309111E-07,-0.010360
6.1314111E-07,-0.010353
6.1319111E-07,-0.010344
6.1324111E-07,-0.010331
6.1329111E-07,-0.010314
6.1334111E-07,-0.010296
6.1339111E-07,-0.010275
6.1344111E-07,-0.010253
6.1349111E-07,-0.010231
6.1354111E-07,-0.010210
6.1359111E-07,-0.010191
6.1364111E-07,-0.010174
6.1369111E-07,-0.010161
6.1374111E-07,-0.010151
6.1379111E-07,-0.010146
6.1384111E-07,-0.010145
6.1389111E-07,-0.010149
6.1394111E-07,-0.010157
6.1399111E-07,-0.010169
6.1404111E-07,-0.010184
6.1409111E-07,-0.010202
6.1414111E-07,-0.010222
6.1419111E-07,-0.010242
6.1424111E-07,-0.010263
6.1429111E-07,-0.010284
6.1434111E-07,-0.010303
6.1439111E-07,-0.010320
6.1444111E-07,-0.010335
6.1449111E-07,-0.010347
6.1454111E-07,-0.010357
6.1459111E-07,-0.010364
6.1464111E-07,-0.010369
6.1469111E-07,-0.010372
6.1474111E-07,-0.010373
6.1479111E-07,-0.010373
6.1484111E-07,-0.010373
6.1489111E-07,-0.010373
6.1494111E-07,-0.010374
6.1499111E-07,-0.010376
6.1504111E-07,-0.010380
6.1509111E-07,-0.010385
6.1514111E-07,-0.010392
6.1519111E-07,-0.010402
6.1524111E-07,-0.010413
6.1529111E-07,-0.010425
6.1534111E-07,-0.010439
6.1539111E-07,-0.010454
6.1544111E-07,-0.010469
6.1549111E-07,-0.010484
6.1554111E-07,-0.010499
6.1559111E-07,-0.010512
6.1564111E-07,-0.010524
6.1569111E-07,-0.010534
6.1574111E-07,-0.010543
6.1579111E-07,-0.010549
6.1584111E-07,-0.010553
6.1589111E-07,-0.010556
6.1594111E-07,-0.010557
6.1599111E-07,-0.010557
6.1604111E-07,-0.010555
6.1609111E-07,-0.010554
6.1614111E-07,-0.010552
6.1619111E-07,-0.010550
6.1624111E-07,-0.010550
6.1629111E-07,-0.010550
6.1634111E-07,-0.010552
6.1639111E-07,-0.010555
6.1644111E-07,-0.010560
6.1649111E-07,-0.010567
6.1654111E-07,-0.010574
6.1659111E-07,-0.010584
6.1664111E-07,-0.010594
6.1669111E-07,-0.010604
6.1674111E-07,-0.010614
6.1679111E-07,-0.010624
6.1684111E-07,-0.010632
6.1689111E-07,-0.010638
6.1694111E-07,-0.010642
6.1699111E-07,-0.010643
6.1704111E-07,-0.010641
6.1709111E-07,-0.010634
6.1714111E-07,-0.010624
6.1719111E-07,-0.010609
6.1724111E-07,-0.010590
6.1729111E-07,-0.010568
6.1734111E-07,-0.010541
6.1739111E-07,-0.010511
6.1744111E-07,-0.010478
6.1749111E-07,-0.010444
6.1754111E-07,-0.010407
6.1759111E-07,-0.010371
6.1764111E-07,-0.010334
6.1769111E-07,-0.010299
6.1774111E-07,-0.010265
6.1779111E-07,-0.010234
6.1784111E-07,-0.010206
6.1789111E-07,-0.010182
6.1794111E-07,-0.010162
6.1799111E-07,-0.010146
6.1804111E-07,-0.010134
6.1809111E-07,-0.010127
6.1814111E-07,-0.010123
6.1819111E-07,-0.010123
6.1824111E-07,-0.010125
6.1829111E-07,-0.010130
6.1834111E-07,-0.010137
6.1839111E-07,-0.010145
6.1844111E-07,-0.010153
6.1849111E-07,-0.010162
6.1854111E-07,-0.010170
6.1859111E-07,-0.010177
6.1864111E-07,-0.010183
6.1869111E-07,-0.010188
6.1874111E-07,-0.010192
6.1879111E-07,-0.010196
6.1884111E-07,-0.010199
6.1889111E-07,-0.010203
6.1894111E-07,-0.010208
6.1899111E-07,-0.010214
6.1904111E-07,-0.010221
6.1909111E-07,-0.010232
6.1914111E-07,-0.010245
6.1919111E-07,-0.010261
6.1924111E-07,-0.010280
6.1929111E-07,-0.010303
6.1934111E-07,-0.010328
6.1939111E-07,-0.010355
6.1944111E-07,-0.010385
6.1949111E-07,-0.010415
6.1954111E-07,-0.010445
6.1959111E-07,-0.010475
6.1964111E-07,-0.010503
6.1969111E-07,-0.010528
6.1974111E-07,-0.010549
6.1979111E-07,-0.010567
6.1984111E-07,-0.010579
6.1989111E-07,-0.010586
6.1994111E-07,-0.010589
6.1999111E-07,-0.010586
6.2004111E-07,-0.010578
6.2009111E-07,-0.010567
6.2014111E-07,-0.010552
6.2019111E-07,-0.010534
6.2024111E-07,-0.010515
6.2029111E-07,-0.010496
6.2034111E-07,-0.010477
6.2039111E-07,-0.010460
6.2044111E-07,-0.010445
6.2049111E-07,-0.010433
6.2054111E-07,-0.010424
6.2059111E-07,-0.010419
6.2064111E-07,-0.010418
6.2069111E-07,-0.010420
6.2074111E-07,-0.010424
6.2079111E-07,-0.010431
6.2084111E-07,-0.010439
6.2089111E-07,-0.010448
6.2094111E-07,-0.010456
6.2099111E-07,-0.010462
6.2104111E-07,-0.010466
6.2109111E-07,-0.010468
6.2114111E-07,-0.010465
6.2119111E-07,-0.010459
6.2124111E-07,-0.010449
6.2129111E-07,-0.010434
6.2134111E-07,-0.010416
6.2139111E-07,-0.010395
6.2144111E-07,-0.010371
6.2149111E-07,-0.010346
6.2154111E-07,-0.010319
6.2159111E-07,-0.010293
6.2164111E-07,-0.010268
6.2169111E-07,-0.010244
6.2174111E-07,-0.010223
6.2179111E-07,-0.010205
6.2184111E-07,-0.010190
6.2189111E-07,-0.010178
6.2194111E-07,-0.010170
6.2199111E-07,-0.010165
6.2204111E-07,-0.010163
6.2209111E-07,-0.010163
6.2214111E-07,-0.010165
6.2219111E-07,-0.010168
6.2224111E-07,-0.010171
6.2229111E-07,-0.010173
6.2234111E-07,-0.010175
6.2239111E-07,-0.010176
6.2244111E-07,-0.010174
6.2249111E-07,-0.010171
6.2254111E-07,-0.010165
6.2259111E-07,-0.010158
6.2264111E-07,-0.010150
6.2269111E-07,-0.010140
6.2274111E-07,-0.010130
6.2279111E-07,-0.010120
6.2284111E-07,-0.010111
6.2289111E-07,-0.010103
6.2294111E-07,-0.010098
6.2299111E-07,-0.010095
6.2304111E-07,-0.010095
6.2309111E-07,-0.010098
6.2314111E-07,-0.010104
6.2319111E-07,-0.010114
6.2324111E-07,-0.010127
6.2329111E-07,-0.010144
6.2334111E-07,-0.010162
6.2339111E-07,-0.010183
6.2344111E-07,-0.010205
6.2349111E-07,-0.010228
6.2354111E-07,-0.010250
6.2359111E-07,-0.010273
6.2364111E-07,-0.010294
6.2369111E-07,-0.010314
6.2374111E-07,-0.010331
6.2379111E-07,-0.010347
6.2384111E-07,-0.010360
6.2389111E-07,-0.010370
6.2394111E-07,-0.010378
6.2399111E-07,-0.010384
6.2404111E-07,-0.010388
6.2409111E-07,-0.010391
6.2414111E-07,-0.010392
6.2419111E-07,-0.010393
6.2424111E-07,-0.010394
6.2429111E-07,-0.010394
6.2434111E-07,-0.010396
6.2439111E-07,-0.010398
6.2444111E-07,-0.010402
6.2449111E-07,-0.010408
6.2454111E-07,-0.010415
6.2459111E-07,-0.010423
6.2464111E-07,-0.010433
6.2469111E-07,-0.010445
6.2474111E-07,-0.010457
6.2479111E-07,-0.010471
6.2484111E-07,-0.010484
6.2489111E-07,-0.010498
6.2494111E-07,-0.010511
6.2499111E-07,-0.010523
6.2504111E-07,-0.010534
6.2509111E-07,-0.010543
6.2514111E-07,-0.010549
6.2519111E-07,-0.010554
6.2524111E-07,-0.010556
6.2529111E-07,-0.010555
6.2534111E-07,-0.010552
6.2539111E-07,-0.010547
6.2544111E-07,-0.010539
6.2549111E-07,-0.010530
6.2554111E-07,-0.010520
6.2559111E-07,-0.010509
6.2564111E-07,-0.010498
6.2569111E-07,-0.010487
6.2574111E-07,-0.010477
6.2579111E-07,-0.010468
6.2584111E-07,-0.010461
6.2589111E-07,-0.010457
6.2594111E-07,-0.010454
6.2599111E-07,-0.010454
6.2604111E-07,-0.010456
6.2609111E-07,-0.010460
6.2614111E-07,-0.010466
6.2619111E-07,-0.010473
6.2624111E-07,-0.010481
6.2629111E-07,-0.010490
6.2634111E-07,-0.010498
6.2639111E-07,-0.010505
6.2644111E-07,-0.010511
6.2649111E-07,-0.010514
6.2654111E-07,-0.010516
6.2659111E-07,-0.010514
6.2664111E-07,-0.010510
6.2669111E-07,-0.010503
6.2674111E-07,-0.010494
6.2679111E-07,-0.010482
6.2684111E-07,-0.010469
6.2689111E-07,-0.010455
6.2694111E-07,-0.010440
6.2699111E-07,-0.010426
6.2704111E-07,-0.010412
6.2709111E-07,-0.010401
6.2714111E-07,-0.010392
6.2719111E-07,-0.010386
6.2724111E-07,-0.010383
6.2729111E-07,-0.010383
6.2734111E-07,-0.010387
6.2739111E-07,-0.010394
6.2744111E-07,-0.010404
6.2749111E-07,-0.010417
6.2754111E-07,-0.010431
6.2759111E-07,-0.010445
6.2764111E-07,-0.010461
6.2769111E-07,-0.010475
6.2774111E-07,-0.010488
6.2779111E-07,-0.010499
6.2784111E-07,-0.010507
6.2789111E-07,-0.010513
6.2794111E-07,-0.010515
6.2799111E-07,-0.010514
6.2804111E-07,-0.010511
6.2809111E-07,-0.010505
6.2814111E-07,-0.010497
6.2819111E-07,-0.010488
6.2824111E-07,-0.010479
6.2829111E-07,-0.010471
6.2834111E-07,-0.010463
6.2839111E-07,-0.010458
6.2844111E-07,-0.010455
6.2849111E-07,-0.010455
6.2854111E-07,-0.010458
6.2859111E-07,-0.010464
6.2864111E-07,-0.010474
6.2869111E-07,-0.010486
6.2874111E-07,-0.010500
6.2879111E-07,-0.010515
6.2884111E-07,-0.010531
6.2889111E-07,-0.010547
6.2894111E-07,-0.010561
6.2899111E-07,-0.010573
6.2904111E-07,-0.010582
6.2909111E-07,-0.010588
6.2914111E-07,-0.010589
6.2919111E-07,-0.010585
6.2924111E-07,-0.010578
6.2929111E-07,-0.010565
6.2934111E-07,-0.010549
6.2939111E-07,-0.010530
6.2944111E-07,-0.010508
6.2949111E-07,-0.010485
6.2954111E-07,-0.010461
6.2959111E-07,-0.010438
6.2964111E-07,-0.010416
6.2969111E-07,-0.010397
6.2974111E-07,-0.010381
6.2979111E-07,-0.010369
6.2984111E-07,-0.010361
6.2989111E-07,-0.010357
6.2994111E-07,-0.010358
6.2999111E-07,-0.010364
6.3004111E-07,-0.010373
6.3009111E-07,-0.010386
6.3014111E-07,-0.010402
6.3019111E-07,-0.010419
6.3024111E-07,-0.010438
6.3029111E-07,-0.010457
6.3034111E-07,-0.010475
6.3039111E-07,-0.010492
6.3044111E-07,-0.010506
6.3049111E-07,-0.010519
6.3054111E-07,-0.010529
6.3059111E-07,-0.010536
6.3064111E-07,-0.010540
6.3069111E-07,-0.010541
6.3074111E-07,-0.010539
6.3079111E-07,-0.010536
6.3084111E-07,-0.010531
6.3089111E-07,-0.010525
6.3094111E-07,-0.010518
6.3099111E-07,-0.010511
6.3104111E-07,-0.010504
6.3109111E-07,-0.010497
6.3114111E-07,-0.010491
6.3119111E-07,-0.010487
6.3124111E-07,-0.010483
6.3129111E-07,-0.010480
6.3134111E-07,-0.010477
6.3139111E-07,-0.010475
6.3144111E-07,-0.010474
6.3149111E-07,-0.010472
6.3154111E-07,-0.010470
6.3159111E-07,-0.010467
6.3164111E-07,-0.010462
6.3169111E-07,-0.010457
6.3174111E-07,-0.010450
6.3179111E-07,-0.010442
6.3184111E-07,-0.010432
6.3189111E-07,-0.010420
6.3194111E-07,-0.010407
6.3199111E-07,-0.010394
6.3204111E-07,-0.010379
6.3209111E-07,-0.010365
6.3214111E-07,-0.010350
6.3219111E-07,-0.010336
6.3224111E-07,-0.010323
6.3229111E-07,-0.010311
6.3234111E-07,-0.010301
6.3239111E-07,-0.010292
6.3244111E-07,-0.010286
6.3249111E-07,-0.010282
6.3254111E-07,-0.010280
6.3259111E-07,-0.010281
6.3264111E-07,-0.010284
6.3269111E-07,-0.010289
6.3274111E-07,-0.010295
6.3279111E-07,-0.010303
6.3284111E-07,-0.010312
6.3289111E-07,-0.010321
6.3294111E-07,-0.010331
6.3299111E-07,-0.010341
6.3304111E-07,-0.010349
6.3309111E-07,-0.010357
6.3314111E-07,-0.010364
6.3319111E-07,-0.010369
6.3324111E-07,-0.010372
6.3329111E-07,-0.010374
6.3334111E-07,-0.010374
6.3339111E-07,-0.010372
6.3344111E-07,-0.010369
6.3349111E-07,-0.010365
6.3354111E-07,-0.010361
6.3359111E-07,-0.010356
6.3364111E-07,-0.010352
6.3369111E-07,-0.010348
6.3374111E-07,-0.010346
6.3379111E-07,-0.010346
6.3384111E-07,-0.010348
6.3389111E-07,-0.010354
6.3394111E-07,-0.010362
6.3399111E-07,-0.010373
6.3404111E-07,-0.010387
6.3409111E-07,-0.010404
6.3414111E-07,-0.010424
6.3419111E-07,-0.010447
6.3424111E-07,-0.010470
6.3429111E-07,-0.010495
6.3434111E-07,-0.010521
6.3439111E-07,-0.010546
6.3444111E-07,-0.010570
6.3449111E-07,-0.010592
6.3454111E-07,-0.010612
6.3459111E-07,-0.010629
6.3464111E-07,-0.010643
6.3469111E-07,-0.010653
6.3474111E-07,-0.010660
6.3479111E-07,-0.010664
6.3484111E-07,-0.010664
6.3489111E-07,-0.010662
6.3494111E-07,-0.010658
6.3499111E-07,-0.010652
6.3504111E-07,-0.010645
6.3509111E-07,-0.010638
6.3514111E-07,-0.010632
6.3519111E-07,-0.010626
6.3524111E-07,-0.010622
6.3529111E-07,-0.010619
6.3534111E-07,-0.010618
6.3539111E-07,-0.010619
6.3544111E-07,-0.010621
6.3549111E-07,-0.010624
6.3554111E-07,-0.010628
6.3559111E-07,-0.010632
6.3564111E-07,-0.010634
6.3569111E-07,-0.010636
6.3574111E-07,-0.010635
6.3579111E-07,-0.010631
6.3584111E-07,-0.010624
6.3589111E-07,-0.010613
6.3594111E-07,-0.010598
6.3599111E-07,-0.010580
6.3604111E-07,-0.010558
6.3609111E-07,-0.010533
6.3614111E-07,-0.010505
6.3619111E-07,-0.010475
6.3624111E-07,-0.010445
6.3629111E-07,-0.010414
6.3634111E-07,-0.010385
6.3639111E-07,-0.010357
6.3644111E-07,-0.010333
6.3649111E-07,-0.010311
6.3654111E-07,-0.010293
6.3659111E-07,-0.010280
6.3664111E-07,-0.010271
6.3669111E-07,-0.010266
6.3674111E-07,-0.010265
6.3679111E-07,-0.010268
6.3684111E-07,-0.010273
6.3689111E-07,-0.010281
6.3694111E-07,-0.010289
6.3699111E-07,-0.010298
6.3704111E-07,-0.010306
6.3709111E-07,-0.010313
6.3714111E-07,-0.010318
6.3719111E-07,-0.010321
6.3724111E-07,-0.010321
6.3729111E-07,-0.010318
6.3734111E-07,-0.010313
6.3739111E-07,-0.010305
6.3744111E-07,-0.010296
6.3749111E-07,-0.010285
6.3754111E-07,-0.010274
6.3759111E-07,-0.010264
6.3764111E-07,-0.010254
6.3769111E-07,-0.010246
6.3774111E-07,-0.010240
6.3779111E-07,-0.010238
6.3784111E-07,-0.010239
6.3789111E-07,-0.010243
6.3794111E-07,-0.010251
6.3799111E-07,-0.010262
6.3804111E-07,-0.010276
6.3809111E-07,-0.010293
6.3814111E-07,-0.010311
6.3819111E-07,-0.010331
6.3824111E-07,-0.010352
6.3829111E-07,-0.010372
6.3834111E-07,-0.010391
6.3839111E-07,-0.010409
6.3844111E-07,-0.010424
6.3849111E-07,-0.010437
6.3854111E-07,-0.010447
6.3859111E-07,-0.010454
6.3864111E-07,-0.010458
6.3869111E-07,-0.010459
6.3874111E-07,-0.010458
6.3879111E-07,-0.010455
6.3884111E-07,-0.010450
6.3889111E-07,-0.010444
6.3894111E-07,-0.010437
6.3899111E-07,-0.010431
6.3904111E-07,-0.010425
6.3909111E-07,-0.010421
6.3914111E-07,-0.010417
6.3919111E-07,-0.010416
6.3924111E-07,-0.010416
6.3929111E-07,-0.010418
6.3934111E-07,-0.010422
6.3939111E-07,-0.010428
6.3944111E-07,-0.010436
6.3949111E-07,-0.010445
6.3954111E-07,-0.010455
6.3959111E-07,-0.010466
6.3964111E-07,-0.010477
6.3969111E-07,-0.010489
6.3974111E-07,-0.010500
6.3979111E-07,-0.010511
6.3984111E-07,-0.010522
6.3989111E-07,-0.010531
6.3994111E-07,-0.010540
6.3999111E-07,-0.010547
6.4004111E-07,-0.010553
6.4009111E-07,-0.010558
6.4014111E-07,-0.010563
6.4019111E-07,-0.010566
6.4024111E-07,-0.010568
6.4029111E-07,-0.010569
6.4034111E-07,-0.010569
6.4039111E-07,-0.010569
6.4044111E-07,-0.010568
6.4049111E-07,-0.010566
6.4054111E-07,-0.010564
6.4059111E-07,-0.010562
6.4064111E-07,-0.010559
6.4069111E-07,-0.010556
6.4074111E-07,-0.010552
6.4079111E-07,-0.010547
6.4084111E-07,-0.010542
6.4089111E-07,-0.010537
6.4094111E-07,-0.010530
6.4099111E-07,-0.010523
6.4104111E-07,-0.010515
6.4109111E-07,-0.010505
6.4114111E-07,-0.010494
6.4119111E-07,-0.010482
6.4124111E-07,-0.010468
6.4129111E-07,-0.010453
6.4134111E-07,-0.010437
6.4139111E-07,-0.010419
6.4144111E-07,-0.010400
6.4149111E-07,-0.010380
6.4154111E-07,-0.010359
6.4159111E-07,-0.010338
6.4164111E-07,-0.010317
6.4169111E-07,-0.010296
6.4174111E-07,-0.010276
6.4179111E-07,-0.010256
6.4184111E-07,-0.010238
6.4189111E-07,-0.010222
6.4194111E-07,-0.010208
6.4199111E-07,-0.010195
6.4204111E-07,-0.010185
6.4209111E-07,-0.010178
6.4214111E-07,-0.010172
6.4219111E-07,-0.010168
6.4224111E-07,-0.010166
6.4229111E-07,-0.010165
6.4234111E-07,-0.010166
6.4239111E-07,-0.010167
6.4244111E-07,-0.010168
6.4249111E-07,-0.010169
6.4254111E-07,-0.010170
6.4259111E-07,-0.010170
6.4264111E-07,-0.010169
6.4269111E-07,-0.010167
6.4274111E-07,-0.010164
6.4279111E-07,-0.010161
6.4284111E-07,-0.010157
6.4289111E-07,-0.010153
6.4294111E-07,-0.010150
6.4299111E-07,-0.010147
6.4304111E-07,-0.010147
6.4309111E-07,-0.010148
6.4314111E-07,-0.010152
6.4319111E-07,-0.010159
6.4324111E-07,-0.010170
6.4329111E-07,-0.010184
6.4334111E-07,-0.010201
6.4339111E-07,-0.010222
6.4344111E-07,-0.010246
6.4349111E-07,-0.010272
6.4354111E-07,-0.010300
6.4359111E-07,-0.010329
6.4364111E-07,-0.010358
6.4369111E-07,-0.010387
6.4374111E-07,-0.010414
6.4379111E-07,-0.010439
6.4384111E-07,-0.010460
6.4389111E-07,-0.010479
6.4394111E-07,-0.010493
6.4399111E-07,-0.010502
6.4404111E-07,-0.010508
6.4409111E-07,-0.010509
6.4414111E-07,-0.010507
6.4419111E-07,-0.010501
6.4424111E-07,-0.010493
6.4429111E-07,-0.010483
6.4434111E-07,-0.010472
6.4439111E-07,-0.010461
6.4444111E-07,-0.010451
6.4449111E-07,-0.010443
6.4454111E-07,-0.010436
6.4459111E-07,-0.010432
6.4464111E-07,-0.010431
6.4469111E-07,-0.010433
6.4474111E-07,-0.010437
6.4479111E-07,-0.010444
6.4484111E-07,-0.010453
6.4489111E-07,-0.010463
6.4494111E-07,-0.010474
6.4499111E-07,-0.010485
6.4504111E-07,-0.010496
6.4509111E-07,-0.010505
6.4514111E-07,-0.010512
6.4519111E-07,-0.010517
6.4524111E-07,-0.010520
6.4529111E-07,-0.010520
6.4534111E-07,-0.010517
6.4539111E-07,-0.010512
6.4544111E-07,-0.010504
6.4549111E-07,-0.010495
6.4554111E-07,-0.010486
6.4559111E-07,-0.010476
6.4564111E-07,-0.010466
6.4569111E-07,-0.010457
6.4574111E-07,-0.010450
6.4579111E-07,-0.010444
6.4584111E-07,-0.010441
6.4589111E-07,-0.010440
6.4594111E-07,-0.010441
6.4599111E-07,-0.010445
6.4604111E-07,-0.010450
6.4609111E-07,-0.010457
6.4614111E-07,-0.010465
6.4619111E-07,-0.010473
6.4624111E-07,-0.010480
6.4629111E-07,-0.010487
6.4634111E-07,-0.010493
6.4639111E-07,-0.010496
6.4644111E-07,-0.010498
6.4649111E-07,-0.010497
6.4654111E-07,-0.010493
6.4659111E-07,-0.010488
6.4664111E-07,-0.010480
6.4669111E-07,-0.010470
6.4674111E-07,-0.010459
6.4679111E-07,-0.010447
6.4684111E-07,-0.010436
6.4689111E-07,-0.010424
6.4694111E-07,-0.010414
6.4699111E-07,-0.010405
6.4704111E-07,-0.010398
6.4709111E-07,-0.010394
6.4714111E-07,-0.010392
6.4719111E-07,-0.010393
6.4724111E-07,-0.010396
6.4729111E-07,-0.010402
6.4734111E-07,-0.010410
6.4739111E-07,-0.010419
6.4744111E-07,-0.010430
6.4749111E-07,-0.010441
6.4754111E-07,-0.010452
6.4759111E-07,-0.010463
6.4764111E-07,-0.010473
6.4769111E-07,-0.010482
6.4774111E-07,-0.010489
6.4779111E-07,-0.010494
6.4784111E-07,-0.010497
6.4789111E-07,-0.010498
6.4794111E-07,-0.010497
6.4799111E-07,-0.010493
6.4804111E-07,-0.010487
6.4809111E-07,-0.010480
6.4814111E-07,-0.010471
6.4819111E-07,-0.010462
6.4824111E-07,-0.010452
6.4829111E-07,-0.010441
6.4834111E-07,-0.010431
6.4839111E-07,-0.010422
6.4844111E-07,-0.010414
6.4849111E-07,-0.010406
6.4854111E-07,-0.010401
6.4859111E-07,-0.010397
6.4864111E-07,-0.010394
6.4869111E-07,-0.010394
6.4874111E-07,-0.010395
6.4879111E-07,-0.010398
6.4884111E-07,-0.010402
6.4889111E-07,-0.010407
6.4894111E-07,-0.010414
6.4899111E-07,-0.010421
6.4904111E-07,-0.010429
6.4909111E-07,-0.010436
6.4914111E-07,-0.010443
6.4919111E-07,-0.010449
6.4924111E-07,-0.010455
6.4929111E-07,-0.010459
6.4934111E-07,-0.010462
6.4939111E-07,-0.010463
6.4944111E-07,-0.010462
6.4949111E-07,-0.010460
6.4954111E-07,-0.010456
6.4959111E-07,-0.010451
6.4964111E-07,-0.010445
6.4969111E-07,-0.010438
6.4974111E-07,-0.010430
6.4979111E-07,-0.010423
6.4984111E-07,-0.010416
6.4989111E-07,-0.010410
6.4994111E-07,-0.010405
6.4999111E-07,-0.010401
6.5004111E-07,-0.010400
6.5009111E-07,-0.010400
6.5014111E-07,-0.010402
6.5019111E-07,-0.010406
6.5024111E-07,-0.010411
6.5029111E-07,-0.010418
6.5034111E-07,-0.010426
6.5039111E-07,-0.010435
6.5044111E-07,-0.010444
6.5049111E-07,-0.010452
6.5054111E-07,-0.010460
6.5059111E-07,-0.010466
6.5064111E-07,-0.010470
6.5069111E-07,-0.010472
6.5074111E-07,-0.010472
6.5079111E-07,-0.010469
6.5084111E-07,-0.010463
6.5089111E-07,-0.010454
6.5094111E-07,-0.010443
6.5099111E-07,-0.010431
6.5104111E-07,-0.010416
6.5109111E-07,-0.010400
6.5114111E-07,-0.010384
6.5119111E-07,-0.010367
6.5124111E-07,-0.010351
6.5129111E-07,-0.010335
6.5134111E-07,-0.010320
6.5139111E-07,-0.010306
6.5144111E-07,-0.010294
6.5149111E-07,-0.010283
6.5154111E-07,-0.010273
6.5159111E-07,-0.010263
6.5164111E-07,-0.010255
6.5169111E-07,-0.010246
6.5174111E-07,-0.010238
6.5179111E-07,-0.010229
6.5184111E-07,-0.010219
6.5189111E-07,-0.010208
6.5194111E-07,-0.010196
6.5199111E-07,-0.010182
6.5204111E-07,-0.010167
6.5209111E-07,-0.010151
6.5214111E-07,-0.010135
6.5219111E-07,-0.010118
6.5224111E-07,-0.010101
6.5229111E-07,-0.010086
6.5234111E-07,-0.010071
6.5239111E-07,-0.010059
6.5244111E-07,-0.010050
6.5249111E-07,-0.010043
6.5254111E-07,-0.010040
6.5259111E-07,-0.010041
6.5264111E-07,-0.010046
6.5269111E-07,-0.010054
6.5274111E-07,-0.010065
6.5279111E-07,-0.010079
6.5284111E-07,-0.010096
6.5289111E-07,-0.010114
6.5294111E-07,-0.010133
6.5299111E-07,-0.010152
6.5304111E-07,-0.010171
6.5309111E-07,-0.010188
6.5314111E-07,-0.010204
6.5319111E-07,-0.010218
6.5324111E-07,-0.010230
6.5329111E-07,-0.010240
6.5334111E-07,-0.010249
6.5339111E-07,-0.010257
6.5344111E-07,-0.010264
6.5349111E-07,-0.010273
6.5354111E-07,-0.010283
6.5359111E-07,-0.010297
6.5364111E-07,-0.010316
6.5369111E-07,-0.010341
6.5374111E-07,-0.010374
6.5379111E-07,-0.010415
6.5384111E-07,-0.010466
6.5389111E-07,-0.010528
6.5394111E-07,-0.010602
6.5399111E-07,-0.010688
6.5404111E-07,-0.010785
6.5409111E-07,-0.010894
6.5414111E-07,-0.011014
6.5419111E-07,-0.011145
6.5424111E-07,-0.011284
6.5429111E-07,-0.011431
6.5434111E-07,-0.011583
6.5439111E-07,-0.011740
