LECROYWaveRunner‘N,20113,Waveform
Segments,1,SegmentSize,4002
Segment,TrigTime,TimeSinceSegment1
#1,12-Dec-2018 11:31:21,0                 
Time,Ampl
4.5692202E-07,-0.010764
4.5697202E-07,-0.010780
4.5702202E-07,-0.010794
4.5707202E-07,-0.010808
4.5712202E-07,-0.010820
4.5717202E-07,-0.010831
4.5722202E-07,-0.010840
4.5727202E-07,-0.010847
4.5732202E-07,-0.010851
4.5737202E-07,-0.010854
4.5742202E-07,-0.010854
4.5747202E-07,-0.010852
4.5752202E-07,-0.010848
4.5757202E-07,-0.010842
4.5762202E-07,-0.010834
4.5767202E-07,-0.010824
4.5772202E-07,-0.010813
4.5777202E-07,-0.010801
4.5782202E-07,-0.010788
4.5787202E-07,-0.010773
4.5792202E-07,-0.010758
4.5797202E-07,-0.010743
4.5802202E-07,-0.010726
4.5807202E-07,-0.010710
4.5812202E-07,-0.010693
4.5817202E-07,-0.010676
4.5822202E-07,-0.010659
4.5827202E-07,-0.010642
4.5832202E-07,-0.010625
4.5837202E-07,-0.010608
4.5842202E-07,-0.010591
4.5847202E-07,-0.010575
4.5852202E-07,-0.010559
4.5857202E-07,-0.010543
4.5862202E-07,-0.010528
4.5867202E-07,-0.010513
4.5872202E-07,-0.010499
4.5877202E-07,-0.010486
4.5882202E-07,-0.010474
4.5887202E-07,-0.010463
4.5892202E-07,-0.010453
4.5897202E-07,-0.010444
4.5902202E-07,-0.010437
4.5907202E-07,-0.010431
4.5912202E-07,-0.010425
4.5917202E-07,-0.010422
4.5922202E-07,-0.010419
4.5927202E-07,-0.010417
4.5932202E-07,-0.010416
4.5937202E-07,-0.010415
4.5942202E-07,-0.010415
4.5947202E-07,-0.010416
4.5952202E-07,-0.010417
4.5957202E-07,-0.010418
4.5962202E-07,-0.010419
4.5967202E-07,-0.010420
4.5972202E-07,-0.010421
4.5977202E-07,-0.010422
4.5982202E-07,-0.010423
4.5987202E-07,-0.010424
4.5992202E-07,-0.010424
4.5997202E-07,-0.010425
4.6002202E-07,-0.010426
4.6007202E-07,-0.010427
4.6012202E-07,-0.010429
4.6017202E-07,-0.010430
4.6022202E-07,-0.010433
4.6027202E-07,-0.010435
4.6032202E-07,-0.010438
4.6037202E-07,-0.010441
4.6042202E-07,-0.010445
4.6047202E-07,-0.010449
4.6052202E-07,-0.010453
4.6057202E-07,-0.010457
4.6062202E-07,-0.010462
4.6067202E-07,-0.010466
4.6072202E-07,-0.010469
4.6077202E-07,-0.010473
4.6082202E-07,-0.010476
4.6087202E-07,-0.010478
4.6092202E-07,-0.010480
4.6097202E-07,-0.010482
4.6102202E-07,-0.010483
4.6107202E-07,-0.010483
4.6112202E-07,-0.010483
4.6117202E-07,-0.010482
4.6122202E-07,-0.010481
4.6127202E-07,-0.010479
4.6132202E-07,-0.010478
4.6137202E-07,-0.010477
4.6142202E-07,-0.010475
4.6147202E-07,-0.010474
4.6152202E-07,-0.010474
4.6157202E-07,-0.010473
4.6162202E-07,-0.010474
4.6167202E-07,-0.010475
4.6172202E-07,-0.010477
4.6177202E-07,-0.010479
4.6182202E-07,-0.010482
4.6187202E-07,-0.010486
4.6192202E-07,-0.010490
4.6197202E-07,-0.010495
4.6202202E-07,-0.010501
4.6207202E-07,-0.010506
4.6212202E-07,-0.010512
4.6217202E-07,-0.010518
4.6222202E-07,-0.010524
4.6227202E-07,-0.010530
4.6232202E-07,-0.010535
4.6237202E-07,-0.010540
4.6242202E-07,-0.010544
4.6247202E-07,-0.010548
4.6252202E-07,-0.010550
4.6257202E-07,-0.010552
4.6262202E-07,-0.010553
4.6267202E-07,-0.010554
4.6272202E-07,-0.010553
4.6277202E-07,-0.010552
4.6282202E-07,-0.010551
4.6287202E-07,-0.010548
4.6292202E-07,-0.010546
4.6297202E-07,-0.010543
4.6302202E-07,-0.010539
4.6307202E-07,-0.010536
4.6312202E-07,-0.010533
4.6317202E-07,-0.010530
4.6322202E-07,-0.010528
4.6327202E-07,-0.010525
4.6332202E-07,-0.010523
4.6337202E-07,-0.010522
4.6342202E-07,-0.010521
4.6347202E-07,-0.010520
4.6352202E-07,-0.010520
4.6357202E-07,-0.010519
4.6362202E-07,-0.010519
4.6367202E-07,-0.010519
4.6372202E-07,-0.010519
4.6377202E-07,-0.010518
4.6382202E-07,-0.010517
4.6387202E-07,-0.010515
4.6392202E-07,-0.010513
4.6397202E-07,-0.010510
4.6402202E-07,-0.010506
4.6407202E-07,-0.010502
4.6412202E-07,-0.010497
4.6417202E-07,-0.010491
4.6422202E-07,-0.010484
4.6427202E-07,-0.010477
4.6432202E-07,-0.010470
4.6437202E-07,-0.010462
4.6442202E-07,-0.010453
4.6447202E-07,-0.010445
4.6452202E-07,-0.010436
4.6457202E-07,-0.010427
4.6462202E-07,-0.010419
4.6467202E-07,-0.010411
4.6472202E-07,-0.010403
4.6477202E-07,-0.010396
4.6482202E-07,-0.010389
4.6487202E-07,-0.010382
4.6492202E-07,-0.010377
4.6497202E-07,-0.010372
4.6502202E-07,-0.010368
4.6507202E-07,-0.010364
4.6512202E-07,-0.010362
4.6517202E-07,-0.010360
4.6522202E-07,-0.010359
4.6527202E-07,-0.010359
4.6532202E-07,-0.010361
4.6537202E-07,-0.010363
4.6542202E-07,-0.010366
4.6547202E-07,-0.010370
4.6552202E-07,-0.010376
4.6557202E-07,-0.010382
4.6562202E-07,-0.010390
4.6567202E-07,-0.010398
4.6572202E-07,-0.010407
4.6577202E-07,-0.010417
4.6582202E-07,-0.010428
4.6587202E-07,-0.010439
4.6592202E-07,-0.010451
4.6597202E-07,-0.010463
4.6602202E-07,-0.010475
4.6607202E-07,-0.010487
4.6612202E-07,-0.010498
4.6617202E-07,-0.010509
4.6622202E-07,-0.010520
4.6627202E-07,-0.010530
4.6632202E-07,-0.010539
4.6637202E-07,-0.010548
4.6642202E-07,-0.010556
4.6647202E-07,-0.010563
4.6652202E-07,-0.010569
4.6657202E-07,-0.010575
4.6662202E-07,-0.010580
4.6667202E-07,-0.010585
4.6672202E-07,-0.010589
4.6677202E-07,-0.010593
4.6682202E-07,-0.010596
4.6687202E-07,-0.010600
4.6692202E-07,-0.010604
4.6697202E-07,-0.010607
4.6702202E-07,-0.010611
4.6707202E-07,-0.010615
4.6712202E-07,-0.010619
4.6717202E-07,-0.010623
4.6722202E-07,-0.010627
4.6727202E-07,-0.010631
4.6732202E-07,-0.010634
4.6737202E-07,-0.010637
4.6742202E-07,-0.010639
4.6747202E-07,-0.010641
4.6752202E-07,-0.010642
4.6757202E-07,-0.010642
4.6762202E-07,-0.010641
4.6767202E-07,-0.010639
4.6772202E-07,-0.010636
4.6777202E-07,-0.010632
4.6782202E-07,-0.010627
4.6787202E-07,-0.010621
4.6792202E-07,-0.010613
4.6797202E-07,-0.010605
4.6802202E-07,-0.010596
4.6807202E-07,-0.010587
4.6812202E-07,-0.010576
4.6817202E-07,-0.010566
4.6822202E-07,-0.010555
4.6827202E-07,-0.010544
4.6832202E-07,-0.010532
4.6837202E-07,-0.010521
4.6842202E-07,-0.010510
4.6847202E-07,-0.010500
4.6852202E-07,-0.010489
4.6857202E-07,-0.010479
4.6862202E-07,-0.010470
4.6867202E-07,-0.010461
4.6872202E-07,-0.010452
4.6877202E-07,-0.010444
4.6882202E-07,-0.010437
4.6887202E-07,-0.010430
4.6892202E-07,-0.010424
4.6897202E-07,-0.010419
4.6902202E-07,-0.010414
4.6907202E-07,-0.010410
4.6912202E-07,-0.010406
4.6917202E-07,-0.010403
4.6922202E-07,-0.010401
4.6927202E-07,-0.010399
4.6932202E-07,-0.010398
4.6937202E-07,-0.010398
4.6942202E-07,-0.010398
4.6947202E-07,-0.010399
4.6952202E-07,-0.010400
4.6957202E-07,-0.010402
4.6962202E-07,-0.010405
4.6967202E-07,-0.010408
4.6972202E-07,-0.010411
4.6977202E-07,-0.010414
4.6982202E-07,-0.010418
4.6987202E-07,-0.010422
4.6992202E-07,-0.010426
4.6997202E-07,-0.010431
4.7002202E-07,-0.010435
4.7007202E-07,-0.010440
4.7012202E-07,-0.010444
4.7017202E-07,-0.010449
4.7022202E-07,-0.010453
4.7027202E-07,-0.010457
4.7032202E-07,-0.010461
4.7037202E-07,-0.010464
4.7042202E-07,-0.010468
4.7047202E-07,-0.010470
4.7052202E-07,-0.010473
4.7057202E-07,-0.010474
4.7062202E-07,-0.010476
4.7067202E-07,-0.010476
4.7072202E-07,-0.010476
4.7077202E-07,-0.010476
4.7082202E-07,-0.010475
4.7087202E-07,-0.010474
4.7092202E-07,-0.010472
4.7097202E-07,-0.010470
4.7102202E-07,-0.010467
4.7107202E-07,-0.010464
4.7112202E-07,-0.010461
4.7117202E-07,-0.010458
4.7122202E-07,-0.010455
4.7127202E-07,-0.010452
4.7132202E-07,-0.010449
4.7137202E-07,-0.010446
4.7142202E-07,-0.010443
4.7147202E-07,-0.010440
4.7152202E-07,-0.010438
4.7157202E-07,-0.010436
4.7162202E-07,-0.010434
4.7167202E-07,-0.010433
4.7172202E-07,-0.010432
4.7177202E-07,-0.010431
4.7182202E-07,-0.010430
4.7187202E-07,-0.010430
4.7192202E-07,-0.010430
4.7197202E-07,-0.010430
4.7202202E-07,-0.010431
4.7207202E-07,-0.010432
4.7212202E-07,-0.010433
4.7217202E-07,-0.010435
4.7222202E-07,-0.010437
4.7227202E-07,-0.010439
4.7232202E-07,-0.010442
4.7237202E-07,-0.010445
4.7242202E-07,-0.010448
4.7247202E-07,-0.010451
4.7252202E-07,-0.010454
4.7257202E-07,-0.010457
4.7262202E-07,-0.010460
4.7267202E-07,-0.010463
4.7272202E-07,-0.010465
4.7277202E-07,-0.010467
4.7282202E-07,-0.010467
4.7287202E-07,-0.010467
4.7292202E-07,-0.010467
4.7297202E-07,-0.010465
4.7302202E-07,-0.010462
4.7307202E-07,-0.010458
4.7312202E-07,-0.010453
4.7317202E-07,-0.010448
4.7322202E-07,-0.010442
4.7327202E-07,-0.010435
4.7332202E-07,-0.010427
4.7337202E-07,-0.010420
4.7342202E-07,-0.010412
4.7347202E-07,-0.010404
4.7352202E-07,-0.010397
4.7357202E-07,-0.010391
4.7362202E-07,-0.010385
4.7367202E-07,-0.010381
4.7372202E-07,-0.010377
4.7377202E-07,-0.010375
4.7382202E-07,-0.010374
4.7387202E-07,-0.010374
4.7392202E-07,-0.010376
4.7397202E-07,-0.010378
4.7402202E-07,-0.010382
4.7407202E-07,-0.010387
4.7412202E-07,-0.010393
4.7417202E-07,-0.010399
4.7422202E-07,-0.010406
4.7427202E-07,-0.010413
4.7432202E-07,-0.010421
4.7437202E-07,-0.010429
4.7442202E-07,-0.010437
4.7447202E-07,-0.010445
4.7452202E-07,-0.010452
4.7457202E-07,-0.010460
4.7462202E-07,-0.010467
4.7467202E-07,-0.010474
4.7472202E-07,-0.010480
4.7477202E-07,-0.010487
4.7482202E-07,-0.010493
4.7487202E-07,-0.010499
4.7492202E-07,-0.010504
4.7497202E-07,-0.010510
4.7502202E-07,-0.010515
4.7507202E-07,-0.010519
4.7512202E-07,-0.010524
4.7517202E-07,-0.010528
4.7522202E-07,-0.010532
4.7527202E-07,-0.010535
4.7532202E-07,-0.010539
4.7537202E-07,-0.010542
4.7542202E-07,-0.010544
4.7547202E-07,-0.010547
4.7552202E-07,-0.010549
4.7557202E-07,-0.010552
4.7562202E-07,-0.010554
4.7567202E-07,-0.010556
4.7572202E-07,-0.010559
4.7577202E-07,-0.010562
4.7582202E-07,-0.010565
4.7587202E-07,-0.010569
4.7592202E-07,-0.010574
4.7597202E-07,-0.010579
4.7602202E-07,-0.010585
4.7607202E-07,-0.010593
4.7612202E-07,-0.010601
4.7617202E-07,-0.010610
4.7622202E-07,-0.010620
4.7627202E-07,-0.010631
4.7632202E-07,-0.010642
4.7637202E-07,-0.010655
4.7642202E-07,-0.010667
4.7647202E-07,-0.010680
4.7652202E-07,-0.010692
4.7657202E-07,-0.010705
4.7662202E-07,-0.010717
4.7667202E-07,-0.010729
4.7672202E-07,-0.010739
4.7677202E-07,-0.010749
4.7682202E-07,-0.010758
4.7687202E-07,-0.010766
4.7692202E-07,-0.010772
4.7697202E-07,-0.010777
4.7702202E-07,-0.010781
4.7707202E-07,-0.010784
4.7712202E-07,-0.010785
4.7717202E-07,-0.010785
4.7722202E-07,-0.010784
4.7727202E-07,-0.010783
4.7732202E-07,-0.010780
4.7737202E-07,-0.010777
4.7742202E-07,-0.010773
4.7747202E-07,-0.010769
4.7752202E-07,-0.010765
4.7757202E-07,-0.010760
4.7762202E-07,-0.010756
4.7767202E-07,-0.010751
4.7772202E-07,-0.010747
4.7777202E-07,-0.010743
4.7782202E-07,-0.010740
4.7787202E-07,-0.010736
4.7792202E-07,-0.010734
4.7797202E-07,-0.010731
4.7802202E-07,-0.010729
4.7807202E-07,-0.010727
4.7812202E-07,-0.010725
4.7817202E-07,-0.010723
4.7822202E-07,-0.010722
4.7827202E-07,-0.010720
4.7832202E-07,-0.010719
4.7837202E-07,-0.010717
4.7842202E-07,-0.010714
4.7847202E-07,-0.010712
4.7852202E-07,-0.010708
4.7857202E-07,-0.010705
4.7862202E-07,-0.010700
4.7867202E-07,-0.010695
4.7872202E-07,-0.010690
4.7877202E-07,-0.010683
4.7882202E-07,-0.010676
4.7887202E-07,-0.010669
4.7892202E-07,-0.010661
4.7897202E-07,-0.010652
4.7902202E-07,-0.010643
4.7907202E-07,-0.010634
4.7912202E-07,-0.010625
4.7917202E-07,-0.010617
4.7922202E-07,-0.010608
4.7927202E-07,-0.010599
4.7932202E-07,-0.010592
4.7937202E-07,-0.010585
4.7942202E-07,-0.010578
4.7947202E-07,-0.010573
4.7952202E-07,-0.010568
4.7957202E-07,-0.010564
4.7962202E-07,-0.010561
4.7967202E-07,-0.010560
4.7972202E-07,-0.010559
4.7977202E-07,-0.010559
4.7982202E-07,-0.010560
4.7987202E-07,-0.010561
4.7992202E-07,-0.010564
4.7997202E-07,-0.010566
4.8002202E-07,-0.010570
4.8007202E-07,-0.010573
4.8012202E-07,-0.010577
4.8017202E-07,-0.010582
4.8022202E-07,-0.010586
4.8027202E-07,-0.010590
4.8032202E-07,-0.010594
4.8037202E-07,-0.010598
4.8042202E-07,-0.010602
4.8047202E-07,-0.010605
4.8052202E-07,-0.010608
4.8057202E-07,-0.010610
4.8062202E-07,-0.010612
4.8067202E-07,-0.010613
4.8072202E-07,-0.010614
4.8077202E-07,-0.010613
4.8082202E-07,-0.010612
4.8087202E-07,-0.010610
4.8092202E-07,-0.010607
4.8097202E-07,-0.010603
4.8102202E-07,-0.010598
4.8107202E-07,-0.010592
4.8112202E-07,-0.010585
4.8117202E-07,-0.010578
4.8122202E-07,-0.010569
4.8127202E-07,-0.010560
4.8132202E-07,-0.010551
4.8137202E-07,-0.010541
4.8142202E-07,-0.010531
4.8147202E-07,-0.010521
4.8152202E-07,-0.010511
4.8157202E-07,-0.010502
4.8162202E-07,-0.010493
4.8167202E-07,-0.010485
4.8172202E-07,-0.010478
4.8177202E-07,-0.010471
4.8182202E-07,-0.010466
4.8187202E-07,-0.010462
4.8192202E-07,-0.010459
4.8197202E-07,-0.010458
4.8202202E-07,-0.010457
4.8207202E-07,-0.010458
4.8212202E-07,-0.010460
4.8217202E-07,-0.010462
4.8222202E-07,-0.010466
4.8227202E-07,-0.010470
4.8232202E-07,-0.010475
4.8237202E-07,-0.010481
4.8242202E-07,-0.010487
4.8247202E-07,-0.010494
4.8252202E-07,-0.010501
4.8257202E-07,-0.010508
4.8262202E-07,-0.010516
4.8267202E-07,-0.010524
4.8272202E-07,-0.010532
4.8277202E-07,-0.010541
4.8282202E-07,-0.010549
4.8287202E-07,-0.010558
4.8292202E-07,-0.010566
4.8297202E-07,-0.010575
4.8302202E-07,-0.010583
4.8307202E-07,-0.010591
4.8312202E-07,-0.010598
4.8317202E-07,-0.010604
4.8322202E-07,-0.010610
4.8327202E-07,-0.010616
4.8332202E-07,-0.010620
4.8337202E-07,-0.010623
4.8342202E-07,-0.010625
4.8347202E-07,-0.010625
4.8352202E-07,-0.010625
4.8357202E-07,-0.010623
4.8362202E-07,-0.010620
4.8367202E-07,-0.010615
4.8372202E-07,-0.010610
4.8377202E-07,-0.010603
4.8382202E-07,-0.010596
4.8387202E-07,-0.010588
4.8392202E-07,-0.010579
4.8397202E-07,-0.010570
4.8402202E-07,-0.010560
4.8407202E-07,-0.010551
4.8412202E-07,-0.010542
4.8417202E-07,-0.010533
4.8422202E-07,-0.010524
4.8427202E-07,-0.010516
4.8432202E-07,-0.010508
4.8437202E-07,-0.010502
4.8442202E-07,-0.010496
4.8447202E-07,-0.010491
4.8452202E-07,-0.010487
4.8457202E-07,-0.010483
4.8462202E-07,-0.010481
4.8467202E-07,-0.010479
4.8472202E-07,-0.010477
4.8477202E-07,-0.010477
4.8482202E-07,-0.010477
4.8487202E-07,-0.010477
4.8492202E-07,-0.010478
4.8497202E-07,-0.010479
4.8502202E-07,-0.010480
4.8507202E-07,-0.010481
4.8512202E-07,-0.010482
4.8517202E-07,-0.010483
4.8522202E-07,-0.010483
4.8527202E-07,-0.010484
4.8532202E-07,-0.010484
4.8537202E-07,-0.010483
4.8542202E-07,-0.010482
4.8547202E-07,-0.010481
4.8552202E-07,-0.010480
4.8557202E-07,-0.010478
4.8562202E-07,-0.010476
4.8567202E-07,-0.010473
4.8572202E-07,-0.010471
4.8577202E-07,-0.010468
4.8582202E-07,-0.010466
4.8587202E-07,-0.010464
4.8592202E-07,-0.010462
4.8597202E-07,-0.010460
4.8602202E-07,-0.010459
4.8607202E-07,-0.010459
4.8612202E-07,-0.010459
4.8617202E-07,-0.010460
4.8622202E-07,-0.010462
4.8627202E-07,-0.010465
4.8632202E-07,-0.010468
4.8637202E-07,-0.010472
4.8642202E-07,-0.010477
4.8647202E-07,-0.010482
4.8652202E-07,-0.010488
4.8657202E-07,-0.010494
4.8662202E-07,-0.010501
4.8667202E-07,-0.010507
4.8672202E-07,-0.010514
4.8677202E-07,-0.010521
4.8682202E-07,-0.010528
4.8687202E-07,-0.010534
4.8692202E-07,-0.010541
4.8697202E-07,-0.010547
4.8702202E-07,-0.010554
4.8707202E-07,-0.010560
4.8712202E-07,-0.010566
4.8717202E-07,-0.010572
4.8722202E-07,-0.010579
4.8727202E-07,-0.010585
4.8732202E-07,-0.010592
4.8737202E-07,-0.010598
4.8742202E-07,-0.010605
4.8747202E-07,-0.010613
4.8752202E-07,-0.010620
4.8757202E-07,-0.010628
4.8762202E-07,-0.010636
4.8767202E-07,-0.010644
4.8772202E-07,-0.010652
4.8777202E-07,-0.010660
4.8782202E-07,-0.010668
4.8787202E-07,-0.010676
4.8792202E-07,-0.010683
4.8797202E-07,-0.010690
4.8802202E-07,-0.010695
4.8807202E-07,-0.010700
4.8812202E-07,-0.010704
4.8817202E-07,-0.010707
4.8822202E-07,-0.010709
4.8827202E-07,-0.010710
4.8832202E-07,-0.010710
4.8837202E-07,-0.010708
4.8842202E-07,-0.010705
4.8847202E-07,-0.010701
4.8852202E-07,-0.010696
4.8857202E-07,-0.010690
4.8862202E-07,-0.010683
4.8867202E-07,-0.010675
4.8872202E-07,-0.010667
4.8877202E-07,-0.010657
4.8882202E-07,-0.010647
4.8887202E-07,-0.010637
4.8892202E-07,-0.010626
4.8897202E-07,-0.010614
4.8902202E-07,-0.010603
4.8907202E-07,-0.010591
4.8912202E-07,-0.010579
4.8917202E-07,-0.010568
4.8922202E-07,-0.010556
4.8927202E-07,-0.010546
4.8932202E-07,-0.010535
4.8937202E-07,-0.010526
4.8942202E-07,-0.010517
4.8947202E-07,-0.010510
4.8952202E-07,-0.010504
4.8957202E-07,-0.010498
4.8962202E-07,-0.010495
4.8967202E-07,-0.010492
4.8972202E-07,-0.010492
4.8977202E-07,-0.010492
4.8982202E-07,-0.010494
4.8987202E-07,-0.010498
4.8992202E-07,-0.010503
4.8997202E-07,-0.010509
4.9002202E-07,-0.010516
4.9007202E-07,-0.010524
4.9012202E-07,-0.010532
4.9017202E-07,-0.010542
4.9022202E-07,-0.010551
4.9027202E-07,-0.010561
4.9032202E-07,-0.010571
4.9037202E-07,-0.010581
4.9042202E-07,-0.010591
4.9047202E-07,-0.010600
4.9052202E-07,-0.010609
4.9057202E-07,-0.010618
4.9062202E-07,-0.010626
4.9067202E-07,-0.010633
4.9072202E-07,-0.010639
4.9077202E-07,-0.010645
4.9082202E-07,-0.010651
4.9087202E-07,-0.010656
4.9092202E-07,-0.010660
4.9097202E-07,-0.010663
4.9102202E-07,-0.010666
4.9107202E-07,-0.010669
4.9112202E-07,-0.010671
4.9117202E-07,-0.010673
4.9122202E-07,-0.010675
4.9127202E-07,-0.010676
4.9132202E-07,-0.010678
4.9137202E-07,-0.010680
4.9142202E-07,-0.010682
4.9147202E-07,-0.010685
4.9152202E-07,-0.010688
4.9157202E-07,-0.010693
4.9162202E-07,-0.010699
4.9167202E-07,-0.010707
4.9172202E-07,-0.010717
4.9177202E-07,-0.010729
4.9182202E-07,-0.010744
4.9187202E-07,-0.010763
4.9192202E-07,-0.010785
4.9197202E-07,-0.010811
4.9202202E-07,-0.010841
4.9207202E-07,-0.010875
4.9212202E-07,-0.010914
4.9217202E-07,-0.010958
4.9222202E-07,-0.011007
4.9227202E-07,-0.011061
4.9232202E-07,-0.011120
4.9237202E-07,-0.011183
4.9242202E-07,-0.011252
4.9247202E-07,-0.011325
4.9252202E-07,-0.011402
4.9257202E-07,-0.011483
4.9262202E-07,-0.011569
4.9267202E-07,-0.011658
4.9272202E-07,-0.011750
4.9277202E-07,-0.011846
4.9282202E-07,-0.011945
4.9287202E-07,-0.012047
4.9292202E-07,-0.012151
4.9297202E-07,-0.012258
4.9302202E-07,-0.012367
4.9307202E-07,-0.012479
4.9312202E-07,-0.012593
4.9317202E-07,-0.012710
4.9322202E-07,-0.012829
4.9327202E-07,-0.012951
4.9332202E-07,-0.013076
4.9337202E-07,-0.013204
4.9342202E-07,-0.013335
4.9347202E-07,-0.013469
4.9352202E-07,-0.013607
4.9357202E-07,-0.013748
4.9362202E-07,-0.013893
4.9367202E-07,-0.014042
4.9372202E-07,-0.014195
4.9377202E-07,-0.014352
4.9382202E-07,-0.014513
4.9387202E-07,-0.014677
4.9392202E-07,-0.014846
4.9397202E-07,-0.015018
4.9402202E-07,-0.015194
4.9407202E-07,-0.015373
4.9412202E-07,-0.015556
4.9417202E-07,-0.015741
4.9422202E-07,-0.015929
4.9427202E-07,-0.016120
4.9432202E-07,-0.016313
4.9437202E-07,-0.016508
4.9442202E-07,-0.016705
4.9447202E-07,-0.016903
4.9452202E-07,-0.017103
4.9457202E-07,-0.017302
4.9462202E-07,-0.017503
4.9467202E-07,-0.017703
4.9472202E-07,-0.017904
4.9477202E-07,-0.018104
4.9482202E-07,-0.018303
4.9487202E-07,-0.018501
4.9492202E-07,-0.018698
4.9497202E-07,-0.018894
4.9502202E-07,-0.019088
4.9507202E-07,-0.019279
4.9512202E-07,-0.019469
4.9517202E-07,-0.019656
4.9522202E-07,-0.019840
4.9527202E-07,-0.020021
4.9532202E-07,-0.020198
4.9537202E-07,-0.020372
4.9542202E-07,-0.020541
4.9547202E-07,-0.020706
4.9552202E-07,-0.020867
4.9557202E-07,-0.021022
4.9562202E-07,-0.021172
4.9567202E-07,-0.021315
4.9572202E-07,-0.021453
4.9577202E-07,-0.021584
4.9582202E-07,-0.021709
4.9587202E-07,-0.021827
4.9592202E-07,-0.021937
4.9597202E-07,-0.022040
4.9602202E-07,-0.022136
4.9607202E-07,-0.022224
4.9612202E-07,-0.022305
4.9617202E-07,-0.022378
4.9622202E-07,-0.022443
4.9627202E-07,-0.022501
4.9632202E-07,-0.022552
4.9637202E-07,-0.022596
4.9642202E-07,-0.022633
4.9647202E-07,-0.022663
4.9652202E-07,-0.022687
4.9657202E-07,-0.022704
4.9662202E-07,-0.022715
4.9667202E-07,-0.022720
4.9672202E-07,-0.022720
4.9677202E-07,-0.022714
4.9682202E-07,-0.022702
4.9687202E-07,-0.022686
4.9692202E-07,-0.022665
4.9697202E-07,-0.022639
4.9702202E-07,-0.022609
4.9707202E-07,-0.022574
4.9712202E-07,-0.022536
4.9717202E-07,-0.022494
4.9722202E-07,-0.022448
4.9727202E-07,-0.022400
4.9732202E-07,-0.022348
4.9737202E-07,-0.022294
4.9742202E-07,-0.022238
4.9747202E-07,-0.022179
4.9752202E-07,-0.022120
4.9757202E-07,-0.022059
4.9762202E-07,-0.021996
4.9767202E-07,-0.021934
4.9772202E-07,-0.021870
4.9777202E-07,-0.021807
4.9782202E-07,-0.021743
4.9787202E-07,-0.021680
4.9792202E-07,-0.021617
4.9797202E-07,-0.021554
4.9802202E-07,-0.021491
4.9807202E-07,-0.021429
4.9812202E-07,-0.021367
4.9817202E-07,-0.021305
4.9822202E-07,-0.021243
4.9827202E-07,-0.021181
4.9832202E-07,-0.021119
4.9837202E-07,-0.021057
4.9842202E-07,-0.020995
4.9847202E-07,-0.020933
4.9852202E-07,-0.020871
4.9857202E-07,-0.020808
4.9862202E-07,-0.020745
4.9867202E-07,-0.020682
4.9872202E-07,-0.020619
4.9877202E-07,-0.020556
4.9882202E-07,-0.020492
4.9887202E-07,-0.020429
4.9892202E-07,-0.020365
4.9897202E-07,-0.020302
4.9902202E-07,-0.020238
4.9907202E-07,-0.020175
4.9912202E-07,-0.020112
4.9917202E-07,-0.020048
4.9922202E-07,-0.019985
4.9927202E-07,-0.019922
4.9932202E-07,-0.019858
4.9937202E-07,-0.019794
4.9942202E-07,-0.019730
4.9947202E-07,-0.019666
4.9952202E-07,-0.019601
4.9957202E-07,-0.019536
4.9962202E-07,-0.019470
4.9967202E-07,-0.019404
4.9972202E-07,-0.019337
4.9977202E-07,-0.019270
4.9982202E-07,-0.019203
4.9987202E-07,-0.019135
4.9992202E-07,-0.019067
4.9997202E-07,-0.019000
5.0002202E-07,-0.018932
5.0007202E-07,-0.018866
5.0012202E-07,-0.018799
5.0017202E-07,-0.018734
5.0022202E-07,-0.018669
5.0027202E-07,-0.018605
5.0032202E-07,-0.018543
5.0037202E-07,-0.018481
5.0042202E-07,-0.018421
5.0047202E-07,-0.018362
5.0052202E-07,-0.018305
5.0057202E-07,-0.018248
5.0062202E-07,-0.018192
5.0067202E-07,-0.018138
5.0072202E-07,-0.018084
5.0077202E-07,-0.018031
5.0082202E-07,-0.017979
5.0087202E-07,-0.017928
5.0092202E-07,-0.017876
5.0097202E-07,-0.017825
5.0102202E-07,-0.017775
5.0107202E-07,-0.017724
5.0112202E-07,-0.017673
5.0117202E-07,-0.017623
5.0122202E-07,-0.017572
5.0127202E-07,-0.017521
5.0132202E-07,-0.017470
5.0137202E-07,-0.017419
5.0142202E-07,-0.017368
5.0147202E-07,-0.017316
5.0152202E-07,-0.017264
5.0157202E-07,-0.017211
5.0162202E-07,-0.017158
5.0167202E-07,-0.017103
5.0172202E-07,-0.017049
5.0177202E-07,-0.016993
5.0182202E-07,-0.016936
5.0187202E-07,-0.016878
5.0192202E-07,-0.016819
5.0197202E-07,-0.016758
5.0202202E-07,-0.016696
5.0207202E-07,-0.016633
5.0212202E-07,-0.016568
5.0217202E-07,-0.016502
5.0222202E-07,-0.016434
5.0227202E-07,-0.016365
5.0232202E-07,-0.016295
5.0237202E-07,-0.016223
5.0242202E-07,-0.016150
5.0247202E-07,-0.016076
5.0252202E-07,-0.016002
5.0257202E-07,-0.015926
5.0262202E-07,-0.015851
5.0267202E-07,-0.015774
5.0272202E-07,-0.015698
5.0277202E-07,-0.015621
5.0282202E-07,-0.015545
5.0287202E-07,-0.015468
5.0292202E-07,-0.015393
5.0297202E-07,-0.015317
5.0302202E-07,-0.015242
5.0307202E-07,-0.015168
5.0312202E-07,-0.015095
5.0317202E-07,-0.015023
5.0322202E-07,-0.014952
5.0327202E-07,-0.014882
5.0332202E-07,-0.014813
5.0337202E-07,-0.014746
5.0342202E-07,-0.014680
5.0347202E-07,-0.014615
5.0352202E-07,-0.014552
5.0357202E-07,-0.014490
5.0362202E-07,-0.014430
5.0367202E-07,-0.014372
5.0372202E-07,-0.014315
5.0377202E-07,-0.014260
5.0382202E-07,-0.014207
5.0387202E-07,-0.014155
5.0392202E-07,-0.014106
5.0397202E-07,-0.014058
5.0402202E-07,-0.014012
5.0407202E-07,-0.013968
5.0412202E-07,-0.013926
5.0417202E-07,-0.013887
5.0422202E-07,-0.013849
5.0427202E-07,-0.013814
5.0432202E-07,-0.013781
5.0437202E-07,-0.013751
5.0442202E-07,-0.013724
5.0447202E-07,-0.013699
5.0452202E-07,-0.013677
5.0457202E-07,-0.013659
5.0462202E-07,-0.013643
5.0467202E-07,-0.013631
5.0472202E-07,-0.013622
5.0477202E-07,-0.013616
5.0482202E-07,-0.013613
5.0487202E-07,-0.013614
5.0492202E-07,-0.013618
5.0497202E-07,-0.013624
5.0502202E-07,-0.013634
5.0507202E-07,-0.013646
5.0512202E-07,-0.013661
5.0517202E-07,-0.013677
5.0522202E-07,-0.013696
5.0527202E-07,-0.013716
5.0532202E-07,-0.013738
5.0537202E-07,-0.013760
5.0542202E-07,-0.013783
5.0547202E-07,-0.013807
5.0552202E-07,-0.013830
5.0557202E-07,-0.013853
5.0562202E-07,-0.013875
5.0567202E-07,-0.013897
5.0572202E-07,-0.013917
5.0577202E-07,-0.013936
5.0582202E-07,-0.013954
5.0587202E-07,-0.013970
5.0592202E-07,-0.013983
5.0597202E-07,-0.013995
5.0602202E-07,-0.014005
5.0607202E-07,-0.014013
5.0612202E-07,-0.014018
5.0617202E-07,-0.014022
5.0622202E-07,-0.014023
5.0627202E-07,-0.014023
5.0632202E-07,-0.014020
5.0637202E-07,-0.014015
5.0642202E-07,-0.014009
5.0647202E-07,-0.014002
5.0652202E-07,-0.013992
5.0657202E-07,-0.013982
5.0662202E-07,-0.013971
5.0667202E-07,-0.013959
5.0672202E-07,-0.013946
5.0677202E-07,-0.013932
5.0682202E-07,-0.013919
5.0687202E-07,-0.013905
5.0692202E-07,-0.013891
5.0697202E-07,-0.013877
5.0702202E-07,-0.013864
5.0707202E-07,-0.013850
5.0712202E-07,-0.013837
5.0717202E-07,-0.013824
5.0722202E-07,-0.013811
5.0727202E-07,-0.013799
5.0732202E-07,-0.013786
5.0737202E-07,-0.013774
5.0742202E-07,-0.013762
5.0747202E-07,-0.013749
5.0752202E-07,-0.013736
5.0757202E-07,-0.013723
5.0762202E-07,-0.013710
5.0767202E-07,-0.013696
5.0772202E-07,-0.013681
5.0777202E-07,-0.013666
5.0782202E-07,-0.013650
5.0787202E-07,-0.013634
5.0792202E-07,-0.013617
5.0797202E-07,-0.013599
5.0802202E-07,-0.013580
5.0807202E-07,-0.013561
5.0812202E-07,-0.013540
5.0817202E-07,-0.013519
5.0822202E-07,-0.013498
5.0827202E-07,-0.013475
5.0832202E-07,-0.013452
5.0837202E-07,-0.013428
5.0842202E-07,-0.013403
5.0847202E-07,-0.013377
5.0852202E-07,-0.013351
5.0857202E-07,-0.013324
5.0862202E-07,-0.013296
5.0867202E-07,-0.013267
5.0872202E-07,-0.013238
5.0877202E-07,-0.013208
5.0882202E-07,-0.013177
5.0887202E-07,-0.013146
5.0892202E-07,-0.013115
5.0897202E-07,-0.013084
5.0902202E-07,-0.013053
5.0907202E-07,-0.013022
5.0912202E-07,-0.012992
5.0917202E-07,-0.012962
5.0922202E-07,-0.012933
5.0927202E-07,-0.012906
5.0932202E-07,-0.012880
5.0937202E-07,-0.012855
5.0942202E-07,-0.012832
5.0947202E-07,-0.012810
5.0952202E-07,-0.012791
5.0957202E-07,-0.012772
5.0962202E-07,-0.012756
5.0967202E-07,-0.012741
5.0972202E-07,-0.012727
5.0977202E-07,-0.012715
5.0982202E-07,-0.012703
5.0987202E-07,-0.012692
5.0992202E-07,-0.012682
5.0997202E-07,-0.012672
5.1002202E-07,-0.012662
5.1007202E-07,-0.012652
5.1012202E-07,-0.012641
5.1017202E-07,-0.012630
5.1022202E-07,-0.012618
5.1027202E-07,-0.012605
5.1032202E-07,-0.012592
5.1037202E-07,-0.012577
5.1042202E-07,-0.012562
5.1047202E-07,-0.012546
5.1052202E-07,-0.012529
5.1057202E-07,-0.012512
5.1062202E-07,-0.012494
5.1067202E-07,-0.012476
5.1072202E-07,-0.012458
5.1077202E-07,-0.012440
5.1082202E-07,-0.012423
5.1087202E-07,-0.012406
5.1092202E-07,-0.012389
5.1097202E-07,-0.012374
5.1102202E-07,-0.012359
5.1107202E-07,-0.012345
5.1112202E-07,-0.012332
5.1117202E-07,-0.012321
5.1122202E-07,-0.012310
5.1127202E-07,-0.012300
5.1132202E-07,-0.012291
5.1137202E-07,-0.012284
5.1142202E-07,-0.012277
5.1147202E-07,-0.012270
5.1152202E-07,-0.012264
5.1157202E-07,-0.012259
5.1162202E-07,-0.012254
5.1167202E-07,-0.012249
5.1172202E-07,-0.012245
5.1177202E-07,-0.012240
5.1182202E-07,-0.012236
5.1187202E-07,-0.012232
5.1192202E-07,-0.012228
5.1197202E-07,-0.012224
5.1202202E-07,-0.012220
5.1207202E-07,-0.012216
5.1212202E-07,-0.012213
5.1217202E-07,-0.012210
5.1222202E-07,-0.012208
5.1227202E-07,-0.012207
5.1232202E-07,-0.012207
5.1237202E-07,-0.012207
5.1242202E-07,-0.012209
5.1247202E-07,-0.012211
5.1252202E-07,-0.012215
5.1257202E-07,-0.012219
5.1262202E-07,-0.012225
5.1267202E-07,-0.012231
5.1272202E-07,-0.012239
5.1277202E-07,-0.012246
5.1282202E-07,-0.012255
5.1287202E-07,-0.012263
5.1292202E-07,-0.012271
5.1297202E-07,-0.012280
5.1302202E-07,-0.012287
5.1307202E-07,-0.012294
5.1312202E-07,-0.012300
5.1317202E-07,-0.012306
5.1322202E-07,-0.012310
5.1327202E-07,-0.012312
5.1332202E-07,-0.012314
5.1337202E-07,-0.012314
5.1342202E-07,-0.012313
5.1347202E-07,-0.012311
5.1352202E-07,-0.012307
5.1357202E-07,-0.012303
5.1362202E-07,-0.012297
5.1367202E-07,-0.012291
5.1372202E-07,-0.012284
5.1377202E-07,-0.012276
5.1382202E-07,-0.012268
5.1387202E-07,-0.012259
5.1392202E-07,-0.012250
5.1397202E-07,-0.012240
5.1402202E-07,-0.012230
5.1407202E-07,-0.012220
5.1412202E-07,-0.012209
5.1417202E-07,-0.012198
5.1422202E-07,-0.012185
5.1427202E-07,-0.012172
5.1432202E-07,-0.012159
5.1437202E-07,-0.012144
5.1442202E-07,-0.012129
5.1447202E-07,-0.012112
5.1452202E-07,-0.012095
5.1457202E-07,-0.012077
5.1462202E-07,-0.012059
5.1467202E-07,-0.012039
5.1472202E-07,-0.012020
5.1477202E-07,-0.011999
5.1482202E-07,-0.011979
5.1487202E-07,-0.011959
5.1492202E-07,-0.011939
5.1497202E-07,-0.011919
5.1502202E-07,-0.011900
5.1507202E-07,-0.011881
5.1512202E-07,-0.011863
5.1517202E-07,-0.011846
5.1522202E-07,-0.011831
5.1527202E-07,-0.011816
5.1532202E-07,-0.011802
5.1537202E-07,-0.011789
5.1542202E-07,-0.011778
5.1547202E-07,-0.011767
5.1552202E-07,-0.011758
5.1557202E-07,-0.011749
5.1562202E-07,-0.011741
5.1567202E-07,-0.011734
5.1572202E-07,-0.011728
5.1577202E-07,-0.011723
5.1582202E-07,-0.011718
5.1587202E-07,-0.011714
5.1592202E-07,-0.011710
5.1597202E-07,-0.011707
5.1602202E-07,-0.011705
5.1607202E-07,-0.011703
5.1612202E-07,-0.011702
5.1617202E-07,-0.011701
5.1622202E-07,-0.011701
5.1627202E-07,-0.011701
5.1632202E-07,-0.011701
5.1637202E-07,-0.011701
5.1642202E-07,-0.011701
5.1647202E-07,-0.011701
5.1652202E-07,-0.011701
5.1657202E-07,-0.011701
5.1662202E-07,-0.011701
5.1667202E-07,-0.011700
5.1672202E-07,-0.011698
5.1677202E-07,-0.011696
5.1682202E-07,-0.011694
5.1687202E-07,-0.011691
5.1692202E-07,-0.011687
5.1697202E-07,-0.011683
5.1702202E-07,-0.011679
5.1707202E-07,-0.011674
5.1712202E-07,-0.011670
5.1717202E-07,-0.011665
5.1722202E-07,-0.011661
5.1727202E-07,-0.011657
5.1732202E-07,-0.011654
5.1737202E-07,-0.011651
5.1742202E-07,-0.011648
5.1747202E-07,-0.011647
5.1752202E-07,-0.011646
5.1757202E-07,-0.011646
5.1762202E-07,-0.011647
5.1767202E-07,-0.011648
5.1772202E-07,-0.011650
5.1777202E-07,-0.011652
5.1782202E-07,-0.011655
5.1787202E-07,-0.011657
5.1792202E-07,-0.011660
5.1797202E-07,-0.011662
5.1802202E-07,-0.011663
5.1807202E-07,-0.011664
5.1812202E-07,-0.011664
5.1817202E-07,-0.011663
5.1822202E-07,-0.011661
5.1827202E-07,-0.011658
5.1832202E-07,-0.011653
5.1837202E-07,-0.011648
5.1842202E-07,-0.011641
5.1847202E-07,-0.011634
5.1852202E-07,-0.011626
5.1857202E-07,-0.011617
5.1862202E-07,-0.011607
5.1867202E-07,-0.011598
5.1872202E-07,-0.011588
5.1877202E-07,-0.011578
5.1882202E-07,-0.011569
5.1887202E-07,-0.011560
5.1892202E-07,-0.011552
5.1897202E-07,-0.011545
5.1902202E-07,-0.011539
5.1907202E-07,-0.011534
5.1912202E-07,-0.011530
5.1917202E-07,-0.011528
5.1922202E-07,-0.011527
5.1927202E-07,-0.011527
5.1932202E-07,-0.011529
5.1937202E-07,-0.011532
5.1942202E-07,-0.011536
5.1947202E-07,-0.011542
5.1952202E-07,-0.011549
5.1957202E-07,-0.011556
5.1962202E-07,-0.011565
5.1967202E-07,-0.011574
5.1972202E-07,-0.011585
5.1977202E-07,-0.011595
5.1982202E-07,-0.011606
5.1987202E-07,-0.011617
5.1992202E-07,-0.011629
5.1997202E-07,-0.011640
5.2002202E-07,-0.011651
5.2007202E-07,-0.011661
5.2012202E-07,-0.011671
5.2017202E-07,-0.011680
5.2022202E-07,-0.011688
5.2027202E-07,-0.011695
5.2032202E-07,-0.011701
5.2037202E-07,-0.011706
5.2042202E-07,-0.011709
5.2047202E-07,-0.011711
5.2052202E-07,-0.011711
5.2057202E-07,-0.011710
5.2062202E-07,-0.011707
5.2067202E-07,-0.011703
5.2072202E-07,-0.011697
5.2077202E-07,-0.011689
5.2082202E-07,-0.011680
5.2087202E-07,-0.011669
5.2092202E-07,-0.011658
5.2097202E-07,-0.011645
5.2102202E-07,-0.011631
5.2107202E-07,-0.011616
5.2112202E-07,-0.011600
5.2117202E-07,-0.011584
5.2122202E-07,-0.011568
5.2127202E-07,-0.011551
5.2132202E-07,-0.011535
5.2137202E-07,-0.011519
5.2142202E-07,-0.011503
5.2147202E-07,-0.011488
5.2152202E-07,-0.011473
5.2157202E-07,-0.011460
5.2162202E-07,-0.011447
5.2167202E-07,-0.011436
5.2172202E-07,-0.011425
5.2177202E-07,-0.011416
5.2182202E-07,-0.011408
5.2187202E-07,-0.011401
5.2192202E-07,-0.011395
5.2197202E-07,-0.011390
5.2202202E-07,-0.011386
5.2207202E-07,-0.011383
5.2212202E-07,-0.011381
5.2217202E-07,-0.011380
5.2222202E-07,-0.011379
5.2227202E-07,-0.011378
5.2232202E-07,-0.011378
5.2237202E-07,-0.011378
5.2242202E-07,-0.011378
5.2247202E-07,-0.011378
5.2252202E-07,-0.011378
5.2257202E-07,-0.011377
5.2262202E-07,-0.011377
5.2267202E-07,-0.011377
5.2272202E-07,-0.011376
5.2277202E-07,-0.011376
5.2282202E-07,-0.011375
5.2287202E-07,-0.011374
5.2292202E-07,-0.011373
5.2297202E-07,-0.011373
5.2302202E-07,-0.011372
5.2307202E-07,-0.011371
5.2312202E-07,-0.011370
5.2317202E-07,-0.011370
5.2322202E-07,-0.011369
5.2327202E-07,-0.011369
5.2332202E-07,-0.011368
5.2337202E-07,-0.011367
5.2342202E-07,-0.011366
5.2347202E-07,-0.011366
5.2352202E-07,-0.011365
5.2357202E-07,-0.011364
5.2362202E-07,-0.011363
5.2367202E-07,-0.011361
5.2372202E-07,-0.011360
5.2377202E-07,-0.011359
5.2382202E-07,-0.011358
5.2387202E-07,-0.011357
5.2392202E-07,-0.011356
5.2397202E-07,-0.011355
5.2402202E-07,-0.011354
5.2407202E-07,-0.011354
5.2412202E-07,-0.011354
5.2417202E-07,-0.011354
5.2422202E-07,-0.011354
5.2427202E-07,-0.011355
5.2432202E-07,-0.011356
5.2437202E-07,-0.011357
5.2442202E-07,-0.011359
5.2447202E-07,-0.011360
5.2452202E-07,-0.011361
5.2457202E-07,-0.011362
5.2462202E-07,-0.011362
5.2467202E-07,-0.011362
5.2472202E-07,-0.011362
5.2477202E-07,-0.011361
5.2482202E-07,-0.011359
5.2487202E-07,-0.011356
5.2492202E-07,-0.011353
5.2497202E-07,-0.011349
5.2502202E-07,-0.011344
5.2507202E-07,-0.011339
5.2512202E-07,-0.011333
5.2517202E-07,-0.011326
5.2522202E-07,-0.011319
5.2527202E-07,-0.011312
5.2532202E-07,-0.011304
5.2537202E-07,-0.011296
5.2542202E-07,-0.011288
5.2547202E-07,-0.011280
5.2552202E-07,-0.011272
5.2557202E-07,-0.011263
5.2562202E-07,-0.011255
5.2567202E-07,-0.011246
5.2572202E-07,-0.011237
5.2577202E-07,-0.011228
5.2582202E-07,-0.011218
5.2587202E-07,-0.011208
5.2592202E-07,-0.011198
5.2597202E-07,-0.011187
5.2602202E-07,-0.011176
5.2607202E-07,-0.011164
5.2612202E-07,-0.011151
5.2617202E-07,-0.011139
5.2622202E-07,-0.011126
5.2627202E-07,-0.011112
5.2632202E-07,-0.011098
5.2637202E-07,-0.011085
5.2642202E-07,-0.011071
5.2647202E-07,-0.011057
5.2652202E-07,-0.011044
5.2657202E-07,-0.011030
5.2662202E-07,-0.011017
5.2667202E-07,-0.011005
5.2672202E-07,-0.010992
5.2677202E-07,-0.010980
5.2682202E-07,-0.010969
5.2687202E-07,-0.010957
5.2692202E-07,-0.010946
5.2697202E-07,-0.010935
5.2702202E-07,-0.010924
5.2707202E-07,-0.010913
5.2712202E-07,-0.010902
5.2717202E-07,-0.010890
5.2722202E-07,-0.010878
5.2727202E-07,-0.010865
5.2732202E-07,-0.010852
5.2737202E-07,-0.010838
5.2742202E-07,-0.010824
5.2747202E-07,-0.010809
5.2752202E-07,-0.010794
5.2757202E-07,-0.010779
5.2762202E-07,-0.010764
5.2767202E-07,-0.010749
5.2772202E-07,-0.010734
5.2777202E-07,-0.010720
5.2782202E-07,-0.010706
5.2787202E-07,-0.010694
5.2792202E-07,-0.010683
5.2797202E-07,-0.010674
5.2802202E-07,-0.010666
5.2807202E-07,-0.010661
5.2812202E-07,-0.010658
5.2817202E-07,-0.010658
5.2822202E-07,-0.010660
5.2827202E-07,-0.010665
5.2832202E-07,-0.010673
5.2837202E-07,-0.010683
5.2842202E-07,-0.010697
5.2847202E-07,-0.010714
5.2852202E-07,-0.010733
5.2857202E-07,-0.010756
5.2862202E-07,-0.010780
5.2867202E-07,-0.010808
5.2872202E-07,-0.010837
5.2877202E-07,-0.010868
5.2882202E-07,-0.010901
5.2887202E-07,-0.010935
5.2892202E-07,-0.010971
5.2897202E-07,-0.011007
5.2902202E-07,-0.011043
5.2907202E-07,-0.011080
5.2912202E-07,-0.011116
5.2917202E-07,-0.011152
5.2922202E-07,-0.011187
5.2927202E-07,-0.011221
5.2932202E-07,-0.011253
5.2937202E-07,-0.011285
5.2942202E-07,-0.011314
5.2947202E-07,-0.011342
5.2952202E-07,-0.011368
5.2957202E-07,-0.011392
5.2962202E-07,-0.011414
5.2967202E-07,-0.011434
5.2972202E-07,-0.011452
5.2977202E-07,-0.011467
5.2982202E-07,-0.011481
5.2987202E-07,-0.011493
5.2992202E-07,-0.011503
5.2997202E-07,-0.011510
5.3002202E-07,-0.011516
5.3007202E-07,-0.011520
5.3012202E-07,-0.011523
5.3017202E-07,-0.011523
5.3022202E-07,-0.011522
5.3027202E-07,-0.011519
5.3032202E-07,-0.011515
5.3037202E-07,-0.011510
5.3042202E-07,-0.011503
5.3047202E-07,-0.011495
5.3052202E-07,-0.011485
5.3057202E-07,-0.011475
5.3062202E-07,-0.011464
5.3067202E-07,-0.011452
5.3072202E-07,-0.011440
5.3077202E-07,-0.011427
5.3082202E-07,-0.011414
5.3087202E-07,-0.011400
5.3092202E-07,-0.011387
5.3097202E-07,-0.011373
5.3102202E-07,-0.011360
5.3107202E-07,-0.011346
5.3112202E-07,-0.011333
5.3117202E-07,-0.011321
5.3122202E-07,-0.011308
5.3127202E-07,-0.011296
5.3132202E-07,-0.011283
5.3137202E-07,-0.011271
5.3142202E-07,-0.011259
5.3147202E-07,-0.011247
5.3152202E-07,-0.011235
5.3157202E-07,-0.011222
5.3162202E-07,-0.011209
5.3167202E-07,-0.011196
5.3172202E-07,-0.011182
5.3177202E-07,-0.011168
5.3182202E-07,-0.011153
5.3187202E-07,-0.011138
5.3192202E-07,-0.011122
5.3197202E-07,-0.011106
5.3202202E-07,-0.011090
5.3207202E-07,-0.011073
5.3212202E-07,-0.011057
5.3217202E-07,-0.011040
5.3222202E-07,-0.011024
5.3227202E-07,-0.011008
5.3232202E-07,-0.010993
5.3237202E-07,-0.010978
5.3242202E-07,-0.010964
5.3247202E-07,-0.010951
5.3252202E-07,-0.010939
5.3257202E-07,-0.010928
5.3262202E-07,-0.010918
5.3267202E-07,-0.010910
5.3272202E-07,-0.010902
5.3277202E-07,-0.010896
5.3282202E-07,-0.010891
5.3287202E-07,-0.010887
5.3292202E-07,-0.010884
5.3297202E-07,-0.010882
5.3302202E-07,-0.010881
5.3307202E-07,-0.010882
5.3312202E-07,-0.010883
5.3317202E-07,-0.010885
5.3322202E-07,-0.010888
5.3327202E-07,-0.010891
5.3332202E-07,-0.010895
5.3337202E-07,-0.010900
5.3342202E-07,-0.010905
5.3347202E-07,-0.010911
5.3352202E-07,-0.010917
5.3357202E-07,-0.010923
5.3362202E-07,-0.010930
5.3367202E-07,-0.010936
5.3372202E-07,-0.010943
5.3377202E-07,-0.010949
5.3382202E-07,-0.010955
5.3387202E-07,-0.010961
5.3392202E-07,-0.010966
5.3397202E-07,-0.010970
5.3402202E-07,-0.010974
5.3407202E-07,-0.010978
5.3412202E-07,-0.010980
5.3417202E-07,-0.010982
5.3422202E-07,-0.010983
5.3427202E-07,-0.010983
5.3432202E-07,-0.010982
5.3437202E-07,-0.010981
5.3442202E-07,-0.010978
5.3447202E-07,-0.010975
5.3452202E-07,-0.010972
5.3457202E-07,-0.010967
5.3462202E-07,-0.010962
5.3467202E-07,-0.010957
5.3472202E-07,-0.010951
5.3477202E-07,-0.010945
5.3482202E-07,-0.010938
5.3487202E-07,-0.010932
5.3492202E-07,-0.010925
5.3497202E-07,-0.010918
5.3502202E-07,-0.010912
5.3507202E-07,-0.010905
5.3512202E-07,-0.010899
5.3517202E-07,-0.010893
5.3522202E-07,-0.010888
5.3527202E-07,-0.010883
5.3532202E-07,-0.010879
5.3537202E-07,-0.010875
5.3542202E-07,-0.010872
5.3547202E-07,-0.010870
5.3552202E-07,-0.010869
5.3557202E-07,-0.010869
5.3562202E-07,-0.010870
5.3567202E-07,-0.010872
5.3572202E-07,-0.010876
5.3577202E-07,-0.010880
5.3582202E-07,-0.010886
5.3587202E-07,-0.010892
5.3592202E-07,-0.010900
5.3597202E-07,-0.010908
5.3602202E-07,-0.010917
5.3607202E-07,-0.010927
5.3612202E-07,-0.010938
5.3617202E-07,-0.010949
5.3622202E-07,-0.010960
5.3627202E-07,-0.010971
5.3632202E-07,-0.010983
5.3637202E-07,-0.010994
5.3642202E-07,-0.011004
5.3647202E-07,-0.011014
5.3652202E-07,-0.011024
5.3657202E-07,-0.011033
5.3662202E-07,-0.011040
5.3667202E-07,-0.011047
5.3672202E-07,-0.011053
5.3677202E-07,-0.011059
5.3682202E-07,-0.011063
5.3687202E-07,-0.011066
5.3692202E-07,-0.011068
5.3697202E-07,-0.011070
5.3702202E-07,-0.011070
5.3707202E-07,-0.011070
5.3712202E-07,-0.011069
5.3717202E-07,-0.011068
5.3722202E-07,-0.011066
5.3727202E-07,-0.011064
5.3732202E-07,-0.011061
5.3737202E-07,-0.011058
5.3742202E-07,-0.011055
5.3747202E-07,-0.011052
5.3752202E-07,-0.011049
5.3757202E-07,-0.011046
5.3762202E-07,-0.011043
5.3767202E-07,-0.011041
5.3772202E-07,-0.011039
5.3777202E-07,-0.011037
5.3782202E-07,-0.011036
5.3787202E-07,-0.011036
5.3792202E-07,-0.011036
5.3797202E-07,-0.011037
5.3802202E-07,-0.011039
5.3807202E-07,-0.011042
5.3812202E-07,-0.011046
5.3817202E-07,-0.011051
5.3822202E-07,-0.011056
5.3827202E-07,-0.011063
5.3832202E-07,-0.011070
5.3837202E-07,-0.011078
5.3842202E-07,-0.011087
5.3847202E-07,-0.011097
5.3852202E-07,-0.011106
5.3857202E-07,-0.011117
5.3862202E-07,-0.011128
5.3867202E-07,-0.011138
5.3872202E-07,-0.011149
5.3877202E-07,-0.011160
5.3882202E-07,-0.011171
5.3887202E-07,-0.011182
5.3892202E-07,-0.011192
5.3897202E-07,-0.011202
5.3902202E-07,-0.011211
5.3907202E-07,-0.011219
5.3912202E-07,-0.011226
5.3917202E-07,-0.011233
5.3922202E-07,-0.011238
5.3927202E-07,-0.011242
5.3932202E-07,-0.011245
5.3937202E-07,-0.011247
5.3942202E-07,-0.011247
5.3947202E-07,-0.011246
5.3952202E-07,-0.011243
5.3957202E-07,-0.011239
5.3962202E-07,-0.011234
5.3967202E-07,-0.011227
5.3972202E-07,-0.011219
5.3977202E-07,-0.011210
5.3982202E-07,-0.011200
5.3987202E-07,-0.011188
5.3992202E-07,-0.011177
5.3997202E-07,-0.011164
5.4002202E-07,-0.011151
5.4007202E-07,-0.011138
5.4012202E-07,-0.011125
5.4017202E-07,-0.011112
5.4022202E-07,-0.011099
5.4027202E-07,-0.011086
5.4032202E-07,-0.011074
5.4037202E-07,-0.011062
5.4042202E-07,-0.011050
5.4047202E-07,-0.011039
5.4052202E-07,-0.011028
5.4057202E-07,-0.011017
5.4062202E-07,-0.011007
5.4067202E-07,-0.010996
5.4072202E-07,-0.010985
5.4077202E-07,-0.010975
5.4082202E-07,-0.010964
5.4087202E-07,-0.010953
5.4092202E-07,-0.010941
5.4097202E-07,-0.010929
5.4102202E-07,-0.010917
5.4107202E-07,-0.010905
5.4112202E-07,-0.010893
5.4117202E-07,-0.010881
5.4122202E-07,-0.010869
5.4127202E-07,-0.010858
5.4132202E-07,-0.010847
5.4137202E-07,-0.010836
5.4142202E-07,-0.010827
5.4147202E-07,-0.010818
5.4152202E-07,-0.010810
5.4157202E-07,-0.010804
5.4162202E-07,-0.010799
5.4167202E-07,-0.010795
5.4172202E-07,-0.010792
5.4177202E-07,-0.010791
5.4182202E-07,-0.010790
5.4187202E-07,-0.010791
5.4192202E-07,-0.010792
5.4197202E-07,-0.010794
5.4202202E-07,-0.010797
5.4207202E-07,-0.010800
5.4212202E-07,-0.010804
5.4217202E-07,-0.010808
5.4222202E-07,-0.010812
5.4227202E-07,-0.010816
5.4232202E-07,-0.010821
5.4237202E-07,-0.010825
5.4242202E-07,-0.010829
5.4247202E-07,-0.010834
5.4252202E-07,-0.010839
5.4257202E-07,-0.010843
5.4262202E-07,-0.010849
5.4267202E-07,-0.010854
5.4272202E-07,-0.010859
5.4277202E-07,-0.010865
5.4282202E-07,-0.010871
5.4287202E-07,-0.010878
5.4292202E-07,-0.010884
5.4297202E-07,-0.010891
5.4302202E-07,-0.010898
5.4307202E-07,-0.010905
5.4312202E-07,-0.010912
5.4317202E-07,-0.010919
5.4322202E-07,-0.010926
5.4327202E-07,-0.010933
5.4332202E-07,-0.010940
5.4337202E-07,-0.010947
5.4342202E-07,-0.010954
5.4347202E-07,-0.010960
5.4352202E-07,-0.010966
5.4357202E-07,-0.010972
5.4362202E-07,-0.010977
5.4367202E-07,-0.010983
5.4372202E-07,-0.010988
5.4377202E-07,-0.010993
5.4382202E-07,-0.010998
5.4387202E-07,-0.011002
5.4392202E-07,-0.011006
5.4397202E-07,-0.011010
5.4402202E-07,-0.011014
5.4407202E-07,-0.011016
5.4412202E-07,-0.011018
5.4417202E-07,-0.011020
5.4422202E-07,-0.011020
5.4427202E-07,-0.011020
5.4432202E-07,-0.011019
5.4437202E-07,-0.011017
5.4442202E-07,-0.011014
5.4447202E-07,-0.011009
5.4452202E-07,-0.011004
5.4457202E-07,-0.010998
5.4462202E-07,-0.010991
5.4467202E-07,-0.010983
5.4472202E-07,-0.010974
5.4477202E-07,-0.010964
5.4482202E-07,-0.010954
5.4487202E-07,-0.010944
5.4492202E-07,-0.010933
5.4497202E-07,-0.010922
5.4502202E-07,-0.010910
5.4507202E-07,-0.010899
5.4512202E-07,-0.010888
5.4517202E-07,-0.010876
5.4522202E-07,-0.010865
5.4527202E-07,-0.010854
5.4532202E-07,-0.010843
5.4537202E-07,-0.010833
5.4542202E-07,-0.010823
5.4547202E-07,-0.010813
5.4552202E-07,-0.010804
5.4557202E-07,-0.010795
5.4562202E-07,-0.010787
5.4567202E-07,-0.010779
5.4572202E-07,-0.010773
5.4577202E-07,-0.010766
5.4582202E-07,-0.010761
5.4587202E-07,-0.010757
5.4592202E-07,-0.010753
5.4597202E-07,-0.010751
5.4602202E-07,-0.010749
5.4607202E-07,-0.010748
5.4612202E-07,-0.010748
5.4617202E-07,-0.010749
5.4622202E-07,-0.010750
5.4627202E-07,-0.010752
5.4632202E-07,-0.010755
5.4637202E-07,-0.010758
5.4642202E-07,-0.010761
5.4647202E-07,-0.010765
5.4652202E-07,-0.010770
5.4657202E-07,-0.010774
5.4662202E-07,-0.010779
5.4667202E-07,-0.010784
5.4672202E-07,-0.010789
5.4677202E-07,-0.010794
5.4682202E-07,-0.010800
5.4687202E-07,-0.010806
5.4692202E-07,-0.010812
5.4697202E-07,-0.010819
5.4702202E-07,-0.010826
5.4707202E-07,-0.010834
5.4712202E-07,-0.010842
5.4717202E-07,-0.010851
5.4722202E-07,-0.010860
5.4727202E-07,-0.010869
5.4732202E-07,-0.010879
5.4737202E-07,-0.010890
5.4742202E-07,-0.010900
5.4747202E-07,-0.010911
5.4752202E-07,-0.010921
5.4757202E-07,-0.010932
5.4762202E-07,-0.010942
5.4767202E-07,-0.010952
5.4772202E-07,-0.010961
5.4777202E-07,-0.010970
5.4782202E-07,-0.010978
5.4787202E-07,-0.010986
5.4792202E-07,-0.010993
5.4797202E-07,-0.010999
5.4802202E-07,-0.011005
5.4807202E-07,-0.011010
5.4812202E-07,-0.011015
5.4817202E-07,-0.011019
5.4822202E-07,-0.011023
5.4827202E-07,-0.011027
5.4832202E-07,-0.011030
5.4837202E-07,-0.011032
5.4842202E-07,-0.011034
5.4847202E-07,-0.011036
5.4852202E-07,-0.011038
5.4857202E-07,-0.011039
5.4862202E-07,-0.011039
5.4867202E-07,-0.011039
5.4872202E-07,-0.011038
5.4877202E-07,-0.011037
5.4882202E-07,-0.011035
5.4887202E-07,-0.011032
5.4892202E-07,-0.011029
5.4897202E-07,-0.011025
5.4902202E-07,-0.011020
5.4907202E-07,-0.011015
5.4912202E-07,-0.011010
5.4917202E-07,-0.011004
5.4922202E-07,-0.010999
5.4927202E-07,-0.010993
5.4932202E-07,-0.010988
5.4937202E-07,-0.010983
5.4942202E-07,-0.010979
5.4947202E-07,-0.010975
5.4952202E-07,-0.010972
5.4957202E-07,-0.010970
5.4962202E-07,-0.010969
5.4967202E-07,-0.010969
5.4972202E-07,-0.010969
5.4977202E-07,-0.010970
5.4982202E-07,-0.010972
5.4987202E-07,-0.010974
5.4992202E-07,-0.010977
5.4997202E-07,-0.010981
5.5002202E-07,-0.010985
5.5007202E-07,-0.010989
5.5012202E-07,-0.010993
5.5017202E-07,-0.010998
5.5022202E-07,-0.011003
5.5027202E-07,-0.011008
5.5032202E-07,-0.011013
5.5037202E-07,-0.011018
5.5042202E-07,-0.011024
5.5047202E-07,-0.011030
5.5052202E-07,-0.011036
5.5057202E-07,-0.011042
5.5062202E-07,-0.011049
5.5067202E-07,-0.011056
5.5072202E-07,-0.011064
5.5077202E-07,-0.011071
5.5082202E-07,-0.011078
5.5087202E-07,-0.011086
5.5092202E-07,-0.011093
5.5097202E-07,-0.011099
5.5102202E-07,-0.011105
5.5107202E-07,-0.011111
5.5112202E-07,-0.011115
5.5117202E-07,-0.011118
5.5122202E-07,-0.011120
5.5127202E-07,-0.011120
5.5132202E-07,-0.011120
5.5137202E-07,-0.011117
5.5142202E-07,-0.011114
5.5147202E-07,-0.011109
5.5152202E-07,-0.011103
5.5157202E-07,-0.011096
5.5162202E-07,-0.011088
5.5167202E-07,-0.011079
5.5172202E-07,-0.011070
5.5177202E-07,-0.011061
5.5182202E-07,-0.011051
5.5187202E-07,-0.011042
5.5192202E-07,-0.011033
5.5197202E-07,-0.011025
5.5202202E-07,-0.011016
5.5207202E-07,-0.011009
5.5212202E-07,-0.011001
5.5217202E-07,-0.010994
5.5222202E-07,-0.010988
5.5227202E-07,-0.010982
5.5232202E-07,-0.010976
5.5237202E-07,-0.010970
5.5242202E-07,-0.010964
5.5247202E-07,-0.010958
5.5252202E-07,-0.010952
5.5257202E-07,-0.010945
5.5262202E-07,-0.010938
5.5267202E-07,-0.010931
5.5272202E-07,-0.010922
5.5277202E-07,-0.010914
5.5282202E-07,-0.010905
5.5287202E-07,-0.010895
5.5292202E-07,-0.010885
5.5297202E-07,-0.010875
5.5302202E-07,-0.010864
5.5307202E-07,-0.010853
5.5312202E-07,-0.010842
5.5317202E-07,-0.010831
5.5322202E-07,-0.010819
5.5327202E-07,-0.010808
5.5332202E-07,-0.010796
5.5337202E-07,-0.010785
5.5342202E-07,-0.010774
5.5347202E-07,-0.010762
5.5352202E-07,-0.010751
5.5357202E-07,-0.010740
5.5362202E-07,-0.010729
5.5367202E-07,-0.010718
5.5372202E-07,-0.010708
5.5377202E-07,-0.010697
5.5382202E-07,-0.010687
5.5387202E-07,-0.010678
5.5392202E-07,-0.010669
5.5397202E-07,-0.010660
5.5402202E-07,-0.010653
5.5407202E-07,-0.010646
5.5412202E-07,-0.010640
5.5417202E-07,-0.010635
5.5422202E-07,-0.010631
5.5427202E-07,-0.010628
5.5432202E-07,-0.010626
5.5437202E-07,-0.010626
5.5442202E-07,-0.010627
5.5447202E-07,-0.010630
5.5452202E-07,-0.010634
5.5457202E-07,-0.010639
5.5462202E-07,-0.010645
5.5467202E-07,-0.010653
5.5472202E-07,-0.010661
5.5477202E-07,-0.010671
5.5482202E-07,-0.010682
5.5487202E-07,-0.010693
5.5492202E-07,-0.010705
5.5497202E-07,-0.010718
5.5502202E-07,-0.010731
5.5507202E-07,-0.010744
5.5512202E-07,-0.010757
5.5517202E-07,-0.010770
5.5522202E-07,-0.010782
5.5527202E-07,-0.010794
5.5532202E-07,-0.010805
5.5537202E-07,-0.010815
5.5542202E-07,-0.010824
5.5547202E-07,-0.010831
5.5552202E-07,-0.010838
5.5557202E-07,-0.010842
5.5562202E-07,-0.010846
5.5567202E-07,-0.010848
5.5572202E-07,-0.010848
5.5577202E-07,-0.010847
5.5582202E-07,-0.010844
5.5587202E-07,-0.010841
5.5592202E-07,-0.010836
5.5597202E-07,-0.010831
5.5602202E-07,-0.010825
5.5607202E-07,-0.010819
5.5612202E-07,-0.010813
5.5617202E-07,-0.010806
5.5622202E-07,-0.010800
5.5627202E-07,-0.010794
5.5632202E-07,-0.010789
5.5637202E-07,-0.010784
5.5642202E-07,-0.010780
5.5647202E-07,-0.010777
5.5652202E-07,-0.010775
5.5657202E-07,-0.010773
5.5662202E-07,-0.010772
5.5667202E-07,-0.010772
5.5672202E-07,-0.010772
5.5677202E-07,-0.010772
5.5682202E-07,-0.010772
5.5687202E-07,-0.010772
5.5692202E-07,-0.010772
5.5697202E-07,-0.010772
5.5702202E-07,-0.010772
5.5707202E-07,-0.010771
5.5712202E-07,-0.010770
5.5717202E-07,-0.010769
5.5722202E-07,-0.010767
5.5727202E-07,-0.010765
5.5732202E-07,-0.010762
5.5737202E-07,-0.010759
5.5742202E-07,-0.010756
5.5747202E-07,-0.010754
5.5752202E-07,-0.010751
5.5757202E-07,-0.010748
5.5762202E-07,-0.010745
5.5767202E-07,-0.010743
5.5772202E-07,-0.010741
5.5777202E-07,-0.010739
5.5782202E-07,-0.010738
5.5787202E-07,-0.010737
5.5792202E-07,-0.010737
5.5797202E-07,-0.010737
5.5802202E-07,-0.010737
5.5807202E-07,-0.010738
5.5812202E-07,-0.010740
5.5817202E-07,-0.010742
5.5822202E-07,-0.010746
5.5827202E-07,-0.010749
5.5832202E-07,-0.010754
5.5837202E-07,-0.010759
5.5842202E-07,-0.010766
5.5847202E-07,-0.010773
5.5852202E-07,-0.010781
5.5857202E-07,-0.010791
5.5862202E-07,-0.010801
5.5867202E-07,-0.010811
5.5872202E-07,-0.010823
5.5877202E-07,-0.010835
5.5882202E-07,-0.010847
5.5887202E-07,-0.010860
5.5892202E-07,-0.010873
5.5897202E-07,-0.010885
5.5902202E-07,-0.010898
5.5907202E-07,-0.010909
5.5912202E-07,-0.010920
5.5917202E-07,-0.010930
5.5922202E-07,-0.010939
5.5927202E-07,-0.010947
5.5932202E-07,-0.010953
5.5937202E-07,-0.010959
5.5942202E-07,-0.010963
5.5947202E-07,-0.010966
5.5952202E-07,-0.010967
5.5957202E-07,-0.010968
5.5962202E-07,-0.010968
5.5967202E-07,-0.010967
5.5972202E-07,-0.010966
5.5977202E-07,-0.010964
5.5982202E-07,-0.010962
5.5987202E-07,-0.010959
5.5992202E-07,-0.010956
5.5997202E-07,-0.010953
5.6002202E-07,-0.010949
5.6007202E-07,-0.010945
5.6012202E-07,-0.010941
5.6017202E-07,-0.010937
5.6022202E-07,-0.010932
5.6027202E-07,-0.010927
5.6032202E-07,-0.010921
5.6037202E-07,-0.010914
5.6042202E-07,-0.010907
5.6047202E-07,-0.010900
5.6052202E-07,-0.010892
5.6057202E-07,-0.010883
5.6062202E-07,-0.010874
5.6067202E-07,-0.010864
5.6072202E-07,-0.010854
5.6077202E-07,-0.010844
5.6082202E-07,-0.010834
5.6087202E-07,-0.010824
5.6092202E-07,-0.010814
5.6097202E-07,-0.010804
5.6102202E-07,-0.010795
5.6107202E-07,-0.010786
5.6112202E-07,-0.010777
5.6117202E-07,-0.010769
5.6122202E-07,-0.010760
5.6127202E-07,-0.010753
5.6132202E-07,-0.010745
5.6137202E-07,-0.010737
5.6142202E-07,-0.010730
5.6147202E-07,-0.010722
5.6152202E-07,-0.010715
5.6157202E-07,-0.010707
5.6162202E-07,-0.010699
5.6167202E-07,-0.010692
5.6172202E-07,-0.010684
5.6177202E-07,-0.010676
5.6182202E-07,-0.010669
5.6187202E-07,-0.010662
5.6192202E-07,-0.010655
5.6197202E-07,-0.010650
5.6202202E-07,-0.010645
5.6207202E-07,-0.010641
5.6212202E-07,-0.010638
5.6217202E-07,-0.010636
5.6222202E-07,-0.010635
5.6227202E-07,-0.010636
5.6232202E-07,-0.010637
5.6237202E-07,-0.010640
5.6242202E-07,-0.010644
5.6247202E-07,-0.010648
5.6252202E-07,-0.010654
5.6257202E-07,-0.010659
5.6262202E-07,-0.010665
5.6267202E-07,-0.010671
5.6272202E-07,-0.010676
5.6277202E-07,-0.010682
5.6282202E-07,-0.010687
5.6287202E-07,-0.010691
5.6292202E-07,-0.010695
5.6297202E-07,-0.010698
5.6302202E-07,-0.010700
5.6307202E-07,-0.010701
5.6312202E-07,-0.010702
5.6317202E-07,-0.010702
5.6322202E-07,-0.010701
5.6327202E-07,-0.010700
5.6332202E-07,-0.010698
5.6337202E-07,-0.010696
5.6342202E-07,-0.010693
5.6347202E-07,-0.010689
5.6352202E-07,-0.010686
5.6357202E-07,-0.010682
5.6362202E-07,-0.010678
5.6367202E-07,-0.010673
5.6372202E-07,-0.010669
5.6377202E-07,-0.010664
5.6382202E-07,-0.010659
5.6387202E-07,-0.010654
5.6392202E-07,-0.010650
5.6397202E-07,-0.010645
5.6402202E-07,-0.010640
5.6407202E-07,-0.010636
5.6412202E-07,-0.010632
5.6417202E-07,-0.010628
5.6422202E-07,-0.010625
5.6427202E-07,-0.010622
5.6432202E-07,-0.010619
5.6437202E-07,-0.010618
5.6442202E-07,-0.010616
5.6447202E-07,-0.010616
5.6452202E-07,-0.010615
5.6457202E-07,-0.010616
5.6462202E-07,-0.010616
5.6467202E-07,-0.010617
5.6472202E-07,-0.010619
5.6477202E-07,-0.010620
5.6482202E-07,-0.010622
5.6487202E-07,-0.010624
5.6492202E-07,-0.010626
5.6497202E-07,-0.010628
5.6502202E-07,-0.010631
5.6507202E-07,-0.010634
5.6512202E-07,-0.010638
5.6517202E-07,-0.010642
5.6522202E-07,-0.010647
5.6527202E-07,-0.010653
5.6532202E-07,-0.010660
5.6537202E-07,-0.010667
5.6542202E-07,-0.010676
5.6547202E-07,-0.010685
5.6552202E-07,-0.010695
5.6557202E-07,-0.010706
5.6562202E-07,-0.010718
5.6567202E-07,-0.010730
5.6572202E-07,-0.010743
5.6577202E-07,-0.010755
5.6582202E-07,-0.010767
5.6587202E-07,-0.010778
5.6592202E-07,-0.010788
5.6597202E-07,-0.010797
5.6602202E-07,-0.010805
5.6607202E-07,-0.010810
5.6612202E-07,-0.010814
5.6617202E-07,-0.010816
5.6622202E-07,-0.010816
5.6627202E-07,-0.010814
5.6632202E-07,-0.010810
5.6637202E-07,-0.010804
5.6642202E-07,-0.010797
5.6647202E-07,-0.010789
5.6652202E-07,-0.010780
5.6657202E-07,-0.010770
5.6662202E-07,-0.010759
5.6667202E-07,-0.010749
5.6672202E-07,-0.010739
5.6677202E-07,-0.010729
5.6682202E-07,-0.010720
5.6687202E-07,-0.010712
5.6692202E-07,-0.010706
5.6697202E-07,-0.010700
5.6702202E-07,-0.010695
5.6707202E-07,-0.010691
5.6712202E-07,-0.010689
5.6717202E-07,-0.010687
5.6722202E-07,-0.010686
5.6727202E-07,-0.010686
5.6732202E-07,-0.010687
5.6737202E-07,-0.010688
5.6742202E-07,-0.010690
5.6747202E-07,-0.010692
5.6752202E-07,-0.010694
5.6757202E-07,-0.010696
5.6762202E-07,-0.010699
5.6767202E-07,-0.010702
5.6772202E-07,-0.010705
5.6777202E-07,-0.010709
5.6782202E-07,-0.010713
5.6787202E-07,-0.010717
5.6792202E-07,-0.010722
5.6797202E-07,-0.010727
5.6802202E-07,-0.010733
5.6807202E-07,-0.010739
5.6812202E-07,-0.010745
5.6817202E-07,-0.010752
5.6822202E-07,-0.010759
5.6827202E-07,-0.010767
5.6832202E-07,-0.010774
5.6837202E-07,-0.010782
5.6842202E-07,-0.010790
5.6847202E-07,-0.010799
5.6852202E-07,-0.010807
5.6857202E-07,-0.010815
5.6862202E-07,-0.010823
5.6867202E-07,-0.010832
5.6872202E-07,-0.010840
5.6877202E-07,-0.010848
5.6882202E-07,-0.010856
5.6887202E-07,-0.010864
5.6892202E-07,-0.010872
5.6897202E-07,-0.010880
5.6902202E-07,-0.010887
5.6907202E-07,-0.010895
5.6912202E-07,-0.010902
5.6917202E-07,-0.010908
5.6922202E-07,-0.010914
5.6927202E-07,-0.010920
5.6932202E-07,-0.010924
5.6937202E-07,-0.010928
5.6942202E-07,-0.010931
5.6947202E-07,-0.010933
5.6952202E-07,-0.010935
5.6957202E-07,-0.010935
5.6962202E-07,-0.010934
5.6967202E-07,-0.010931
5.6972202E-07,-0.010929
5.6977202E-07,-0.010925
5.6982202E-07,-0.010920
5.6987202E-07,-0.010915
5.6992202E-07,-0.010909
5.6997202E-07,-0.010902
5.7002202E-07,-0.010895
5.7007202E-07,-0.010888
5.7012202E-07,-0.010881
5.7017202E-07,-0.010873
5.7022202E-07,-0.010866
5.7027202E-07,-0.010858
5.7032202E-07,-0.010851
5.7037202E-07,-0.010843
5.7042202E-07,-0.010836
5.7047202E-07,-0.010828
5.7052202E-07,-0.010820
5.7057202E-07,-0.010811
5.7062202E-07,-0.010802
5.7067202E-07,-0.010793
5.7072202E-07,-0.010784
5.7077202E-07,-0.010774
5.7082202E-07,-0.010764
5.7087202E-07,-0.010753
5.7092202E-07,-0.010742
5.7097202E-07,-0.010732
5.7102202E-07,-0.010721
5.7107202E-07,-0.010710
5.7112202E-07,-0.010699
5.7117202E-07,-0.010689
5.7122202E-07,-0.010679
5.7127202E-07,-0.010670
5.7132202E-07,-0.010661
5.7137202E-07,-0.010653
5.7142202E-07,-0.010646
5.7147202E-07,-0.010640
5.7152202E-07,-0.010634
5.7157202E-07,-0.010629
5.7162202E-07,-0.010625
5.7167202E-07,-0.010621
5.7172202E-07,-0.010618
5.7177202E-07,-0.010615
5.7182202E-07,-0.010613
5.7187202E-07,-0.010610
5.7192202E-07,-0.010608
5.7197202E-07,-0.010606
5.7202202E-07,-0.010604
5.7207202E-07,-0.010602
5.7212202E-07,-0.010600
5.7217202E-07,-0.010599
5.7222202E-07,-0.010597
5.7227202E-07,-0.010596
5.7232202E-07,-0.010595
5.7237202E-07,-0.010594
5.7242202E-07,-0.010594
5.7247202E-07,-0.010593
5.7252202E-07,-0.010594
5.7257202E-07,-0.010594
5.7262202E-07,-0.010595
5.7267202E-07,-0.010596
5.7272202E-07,-0.010597
5.7277202E-07,-0.010598
5.7282202E-07,-0.010598
5.7287202E-07,-0.010599
5.7292202E-07,-0.010599
5.7297202E-07,-0.010599
5.7302202E-07,-0.010599
5.7307202E-07,-0.010598
5.7312202E-07,-0.010596
5.7317202E-07,-0.010594
5.7322202E-07,-0.010591
5.7327202E-07,-0.010588
5.7332202E-07,-0.010584
5.7337202E-07,-0.010579
5.7342202E-07,-0.010574
5.7347202E-07,-0.010569
5.7352202E-07,-0.010564
5.7357202E-07,-0.010558
5.7362202E-07,-0.010551
5.7367202E-07,-0.010545
5.7372202E-07,-0.010539
5.7377202E-07,-0.010532
5.7382202E-07,-0.010525
5.7387202E-07,-0.010518
5.7392202E-07,-0.010510
5.7397202E-07,-0.010502
5.7402202E-07,-0.010494
5.7407202E-07,-0.010486
5.7412202E-07,-0.010478
5.7417202E-07,-0.010469
5.7422202E-07,-0.010460
5.7427202E-07,-0.010452
5.7432202E-07,-0.010443
5.7437202E-07,-0.010435
5.7442202E-07,-0.010427
5.7447202E-07,-0.010419
5.7452202E-07,-0.010412
5.7457202E-07,-0.010406
5.7462202E-07,-0.010401
5.7467202E-07,-0.010396
5.7472202E-07,-0.010393
5.7477202E-07,-0.010390
5.7482202E-07,-0.010388
5.7487202E-07,-0.010387
5.7492202E-07,-0.010387
5.7497202E-07,-0.010387
5.7502202E-07,-0.010388
5.7507202E-07,-0.010388
5.7512202E-07,-0.010389
5.7517202E-07,-0.010390
5.7522202E-07,-0.010390
5.7527202E-07,-0.010390
5.7532202E-07,-0.010389
5.7537202E-07,-0.010388
5.7542202E-07,-0.010386
5.7547202E-07,-0.010384
5.7552202E-07,-0.010382
5.7557202E-07,-0.010379
5.7562202E-07,-0.010376
5.7567202E-07,-0.010374
5.7572202E-07,-0.010371
5.7577202E-07,-0.010369
5.7582202E-07,-0.010368
5.7587202E-07,-0.010367
5.7592202E-07,-0.010367
5.7597202E-07,-0.010367
5.7602202E-07,-0.010369
5.7607202E-07,-0.010372
5.7612202E-07,-0.010375
5.7617202E-07,-0.010379
5.7622202E-07,-0.010383
5.7627202E-07,-0.010389
5.7632202E-07,-0.010394
5.7637202E-07,-0.010400
5.7642202E-07,-0.010406
5.7647202E-07,-0.010412
5.7652202E-07,-0.010417
5.7657202E-07,-0.010423
5.7662202E-07,-0.010429
5.7667202E-07,-0.010434
5.7672202E-07,-0.010440
5.7677202E-07,-0.010446
5.7682202E-07,-0.010451
5.7687202E-07,-0.010457
5.7692202E-07,-0.010464
5.7697202E-07,-0.010470
5.7702202E-07,-0.010478
5.7707202E-07,-0.010485
5.7712202E-07,-0.010494
5.7717202E-07,-0.010503
5.7722202E-07,-0.010512
5.7727202E-07,-0.010522
5.7732202E-07,-0.010532
5.7737202E-07,-0.010542
5.7742202E-07,-0.010552
5.7747202E-07,-0.010563
5.7752202E-07,-0.010573
5.7757202E-07,-0.010582
5.7762202E-07,-0.010591
5.7767202E-07,-0.010600
5.7772202E-07,-0.010607
5.7777202E-07,-0.010614
5.7782202E-07,-0.010620
5.7787202E-07,-0.010626
5.7792202E-07,-0.010631
5.7797202E-07,-0.010635
5.7802202E-07,-0.010639
5.7807202E-07,-0.010642
5.7812202E-07,-0.010646
5.7817202E-07,-0.010649
5.7822202E-07,-0.010652
5.7827202E-07,-0.010655
5.7832202E-07,-0.010659
5.7837202E-07,-0.010662
5.7842202E-07,-0.010666
5.7847202E-07,-0.010670
5.7852202E-07,-0.010675
5.7857202E-07,-0.010679
5.7862202E-07,-0.010683
5.7867202E-07,-0.010687
5.7872202E-07,-0.010691
5.7877202E-07,-0.010694
5.7882202E-07,-0.010697
5.7887202E-07,-0.010699
5.7892202E-07,-0.010701
5.7897202E-07,-0.010701
5.7902202E-07,-0.010700
5.7907202E-07,-0.010699
5.7912202E-07,-0.010696
5.7917202E-07,-0.010693
5.7922202E-07,-0.010688
5.7927202E-07,-0.010683
5.7932202E-07,-0.010677
5.7937202E-07,-0.010670
5.7942202E-07,-0.010663
5.7947202E-07,-0.010655
5.7952202E-07,-0.010648
5.7957202E-07,-0.010640
5.7962202E-07,-0.010632
5.7967202E-07,-0.010625
5.7972202E-07,-0.010618
5.7977202E-07,-0.010611
5.7982202E-07,-0.010605
5.7987202E-07,-0.010600
5.7992202E-07,-0.010596
5.7997202E-07,-0.010592
5.8002202E-07,-0.010590
5.8007202E-07,-0.010589
5.8012202E-07,-0.010588
5.8017202E-07,-0.010589
5.8022202E-07,-0.010590
5.8027202E-07,-0.010593
5.8032202E-07,-0.010596
5.8037202E-07,-0.010599
5.8042202E-07,-0.010604
5.8047202E-07,-0.010608
5.8052202E-07,-0.010613
5.8057202E-07,-0.010618
5.8062202E-07,-0.010623
5.8067202E-07,-0.010627
5.8072202E-07,-0.010631
5.8077202E-07,-0.010634
5.8082202E-07,-0.010637
5.8087202E-07,-0.010638
5.8092202E-07,-0.010639
5.8097202E-07,-0.010638
5.8102202E-07,-0.010637
5.8107202E-07,-0.010634
5.8112202E-07,-0.010631
5.8117202E-07,-0.010627
5.8122202E-07,-0.010622
5.8127202E-07,-0.010616
5.8132202E-07,-0.010611
5.8137202E-07,-0.010605
5.8142202E-07,-0.010599
5.8147202E-07,-0.010593
5.8152202E-07,-0.010587
5.8157202E-07,-0.010581
5.8162202E-07,-0.010576
5.8167202E-07,-0.010571
5.8172202E-07,-0.010567
5.8177202E-07,-0.010563
5.8182202E-07,-0.010559
5.8187202E-07,-0.010556
5.8192202E-07,-0.010553
5.8197202E-07,-0.010550
5.8202202E-07,-0.010548
5.8207202E-07,-0.010545
5.8212202E-07,-0.010543
5.8217202E-07,-0.010541
5.8222202E-07,-0.010540
5.8227202E-07,-0.010538
5.8232202E-07,-0.010538
5.8237202E-07,-0.010538
5.8242202E-07,-0.010538
5.8247202E-07,-0.010540
5.8252202E-07,-0.010542
5.8257202E-07,-0.010546
5.8262202E-07,-0.010550
5.8267202E-07,-0.010555
5.8272202E-07,-0.010560
5.8277202E-07,-0.010567
5.8282202E-07,-0.010573
5.8287202E-07,-0.010580
5.8292202E-07,-0.010586
5.8297202E-07,-0.010591
5.8302202E-07,-0.010596
5.8307202E-07,-0.010599
5.8312202E-07,-0.010601
5.8317202E-07,-0.010601
5.8322202E-07,-0.010598
5.8327202E-07,-0.010594
5.8332202E-07,-0.010587
5.8337202E-07,-0.010577
5.8342202E-07,-0.010565
5.8347202E-07,-0.010552
5.8352202E-07,-0.010536
5.8357202E-07,-0.010519
5.8362202E-07,-0.010501
5.8367202E-07,-0.010483
5.8372202E-07,-0.010464
5.8377202E-07,-0.010446
5.8382202E-07,-0.010428
5.8387202E-07,-0.010412
5.8392202E-07,-0.010398
5.8397202E-07,-0.010386
5.8402202E-07,-0.010375
5.8407202E-07,-0.010368
5.8412202E-07,-0.010362
5.8417202E-07,-0.010360
5.8422202E-07,-0.010359
5.8427202E-07,-0.010361
5.8432202E-07,-0.010365
5.8437202E-07,-0.010371
5.8442202E-07,-0.010378
5.8447202E-07,-0.010387
5.8452202E-07,-0.010397
5.8457202E-07,-0.010407
5.8462202E-07,-0.010418
5.8467202E-07,-0.010429
5.8472202E-07,-0.010440
5.8477202E-07,-0.010450
5.8482202E-07,-0.010461
5.8487202E-07,-0.010470
5.8492202E-07,-0.010480
5.8497202E-07,-0.010488
5.8502202E-07,-0.010496
5.8507202E-07,-0.010504
5.8512202E-07,-0.010510
5.8517202E-07,-0.010516
5.8522202E-07,-0.010521
5.8527202E-07,-0.010525
5.8532202E-07,-0.010528
5.8537202E-07,-0.010530
5.8542202E-07,-0.010532
5.8547202E-07,-0.010532
5.8552202E-07,-0.010531
5.8557202E-07,-0.010530
5.8562202E-07,-0.010527
5.8567202E-07,-0.010524
5.8572202E-07,-0.010520
5.8577202E-07,-0.010515
5.8582202E-07,-0.010510
5.8587202E-07,-0.010505
5.8592202E-07,-0.010499
5.8597202E-07,-0.010494
5.8602202E-07,-0.010489
5.8607202E-07,-0.010484
5.8612202E-07,-0.010481
5.8617202E-07,-0.010478
5.8622202E-07,-0.010476
5.8627202E-07,-0.010476
5.8632202E-07,-0.010477
5.8637202E-07,-0.010478
5.8642202E-07,-0.010482
5.8647202E-07,-0.010486
5.8652202E-07,-0.010491
5.8657202E-07,-0.010497
5.8662202E-07,-0.010503
5.8667202E-07,-0.010510
5.8672202E-07,-0.010517
5.8677202E-07,-0.010525
5.8682202E-07,-0.010532
5.8687202E-07,-0.010539
5.8692202E-07,-0.010545
5.8697202E-07,-0.010551
5.8702202E-07,-0.010557
5.8707202E-07,-0.010562
5.8712202E-07,-0.010566
5.8717202E-07,-0.010570
5.8722202E-07,-0.010574
5.8727202E-07,-0.010578
5.8732202E-07,-0.010582
5.8737202E-07,-0.010586
5.8742202E-07,-0.010590
5.8747202E-07,-0.010594
5.8752202E-07,-0.010599
5.8757202E-07,-0.010604
5.8762202E-07,-0.010610
5.8767202E-07,-0.010617
5.8772202E-07,-0.010625
5.8777202E-07,-0.010633
5.8782202E-07,-0.010642
5.8787202E-07,-0.010652
5.8792202E-07,-0.010663
5.8797202E-07,-0.010674
5.8802202E-07,-0.010686
5.8807202E-07,-0.010699
5.8812202E-07,-0.010712
5.8817202E-07,-0.010726
5.8822202E-07,-0.010740
5.8827202E-07,-0.010754
5.8832202E-07,-0.010769
5.8837202E-07,-0.010784
5.8842202E-07,-0.010798
5.8847202E-07,-0.010812
5.8852202E-07,-0.010826
5.8857202E-07,-0.010840
5.8862202E-07,-0.010852
5.8867202E-07,-0.010864
5.8872202E-07,-0.010874
5.8877202E-07,-0.010884
5.8882202E-07,-0.010892
5.8887202E-07,-0.010898
5.8892202E-07,-0.010903
5.8897202E-07,-0.010905
5.8902202E-07,-0.010907
5.8907202E-07,-0.010906
5.8912202E-07,-0.010904
5.8917202E-07,-0.010900
5.8922202E-07,-0.010895
5.8927202E-07,-0.010889
5.8932202E-07,-0.010882
5.8937202E-07,-0.010873
5.8942202E-07,-0.010864
5.8947202E-07,-0.010855
5.8952202E-07,-0.010845
5.8957202E-07,-0.010835
5.8962202E-07,-0.010825
5.8967202E-07,-0.010816
5.8972202E-07,-0.010806
5.8977202E-07,-0.010796
5.8982202E-07,-0.010787
5.8987202E-07,-0.010778
5.8992202E-07,-0.010769
5.8997202E-07,-0.010760
5.9002202E-07,-0.010751
5.9007202E-07,-0.010741
5.9012202E-07,-0.010732
5.9017202E-07,-0.010722
5.9022202E-07,-0.010713
5.9027202E-07,-0.010703
5.9032202E-07,-0.010693
5.9037202E-07,-0.010682
5.9042202E-07,-0.010672
5.9047202E-07,-0.010662
5.9052202E-07,-0.010652
5.9057202E-07,-0.010643
5.9062202E-07,-0.010633
5.9067202E-07,-0.010624
5.9072202E-07,-0.010616
5.9077202E-07,-0.010608
5.9082202E-07,-0.010600
5.9087202E-07,-0.010593
5.9092202E-07,-0.010586
5.9097202E-07,-0.010580
5.9102202E-07,-0.010573
5.9107202E-07,-0.010567
5.9112202E-07,-0.010560
5.9117202E-07,-0.010554
5.9122202E-07,-0.010547
5.9127202E-07,-0.010539
5.9132202E-07,-0.010532
5.9137202E-07,-0.010524
5.9142202E-07,-0.010516
5.9147202E-07,-0.010507
5.9152202E-07,-0.010499
5.9157202E-07,-0.010491
5.9162202E-07,-0.010483
5.9167202E-07,-0.010476
5.9172202E-07,-0.010470
5.9177202E-07,-0.010465
5.9182202E-07,-0.010460
5.9187202E-07,-0.010457
5.9192202E-07,-0.010455
5.9197202E-07,-0.010454
5.9202202E-07,-0.010454
5.9207202E-07,-0.010456
5.9212202E-07,-0.010458
5.9217202E-07,-0.010461
5.9222202E-07,-0.010464
5.9227202E-07,-0.010468
5.9232202E-07,-0.010471
5.9237202E-07,-0.010475
5.9242202E-07,-0.010478
5.9247202E-07,-0.010481
5.9252202E-07,-0.010483
5.9257202E-07,-0.010484
5.9262202E-07,-0.010485
5.9267202E-07,-0.010485
5.9272202E-07,-0.010484
5.9277202E-07,-0.010484
5.9282202E-07,-0.010483
5.9287202E-07,-0.010482
5.9292202E-07,-0.010481
5.9297202E-07,-0.010481
5.9302202E-07,-0.010481
5.9307202E-07,-0.010482
5.9312202E-07,-0.010483
5.9317202E-07,-0.010486
5.9322202E-07,-0.010489
5.9327202E-07,-0.010493
5.9332202E-07,-0.010497
5.9337202E-07,-0.010502
5.9342202E-07,-0.010507
5.9347202E-07,-0.010513
5.9352202E-07,-0.010518
5.9357202E-07,-0.010522
5.9362202E-07,-0.010526
5.9367202E-07,-0.010530
5.9372202E-07,-0.010532
5.9377202E-07,-0.010534
5.9382202E-07,-0.010534
5.9387202E-07,-0.010534
5.9392202E-07,-0.010533
5.9397202E-07,-0.010530
5.9402202E-07,-0.010527
5.9407202E-07,-0.010524
5.9412202E-07,-0.010520
5.9417202E-07,-0.010516
5.9422202E-07,-0.010512
5.9427202E-07,-0.010509
5.9432202E-07,-0.010505
5.9437202E-07,-0.010503
5.9442202E-07,-0.010500
5.9447202E-07,-0.010499
5.9452202E-07,-0.010498
5.9457202E-07,-0.010497
5.9462202E-07,-0.010497
5.9467202E-07,-0.010498
5.9472202E-07,-0.010499
5.9477202E-07,-0.010500
5.9482202E-07,-0.010501
5.9487202E-07,-0.010503
5.9492202E-07,-0.010504
5.9497202E-07,-0.010506
5.9502202E-07,-0.010507
5.9507202E-07,-0.010508
5.9512202E-07,-0.010509
5.9517202E-07,-0.010509
5.9522202E-07,-0.010509
5.9527202E-07,-0.010509
5.9532202E-07,-0.010508
5.9537202E-07,-0.010508
5.9542202E-07,-0.010507
5.9547202E-07,-0.010505
5.9552202E-07,-0.010504
5.9557202E-07,-0.010502
5.9562202E-07,-0.010500
5.9567202E-07,-0.010498
5.9572202E-07,-0.010496
5.9577202E-07,-0.010494
5.9582202E-07,-0.010491
5.9587202E-07,-0.010489
5.9592202E-07,-0.010486
5.9597202E-07,-0.010484
5.9602202E-07,-0.010481
5.9607202E-07,-0.010479
5.9612202E-07,-0.010477
5.9617202E-07,-0.010476
5.9622202E-07,-0.010474
5.9627202E-07,-0.010474
5.9632202E-07,-0.010473
5.9637202E-07,-0.010474
5.9642202E-07,-0.010475
5.9647202E-07,-0.010476
5.9652202E-07,-0.010478
5.9657202E-07,-0.010481
5.9662202E-07,-0.010484
5.9667202E-07,-0.010488
5.9672202E-07,-0.010492
5.9677202E-07,-0.010497
5.9682202E-07,-0.010502
5.9687202E-07,-0.010507
5.9692202E-07,-0.010513
5.9697202E-07,-0.010518
5.9702202E-07,-0.010524
5.9707202E-07,-0.010530
5.9712202E-07,-0.010537
5.9717202E-07,-0.010543
5.9722202E-07,-0.010550
5.9727202E-07,-0.010557
5.9732202E-07,-0.010565
5.9737202E-07,-0.010573
5.9742202E-07,-0.010581
5.9747202E-07,-0.010590
5.9752202E-07,-0.010600
5.9757202E-07,-0.010610
5.9762202E-07,-0.010621
5.9767202E-07,-0.010631
5.9772202E-07,-0.010643
5.9777202E-07,-0.010654
5.9782202E-07,-0.010665
5.9787202E-07,-0.010676
5.9792202E-07,-0.010687
5.9797202E-07,-0.010697
5.9802202E-07,-0.010707
5.9807202E-07,-0.010716
5.9812202E-07,-0.010724
5.9817202E-07,-0.010732
5.9822202E-07,-0.010738
5.9827202E-07,-0.010744
5.9832202E-07,-0.010749
5.9837202E-07,-0.010753
5.9842202E-07,-0.010756
5.9847202E-07,-0.010759
5.9852202E-07,-0.010761
5.9857202E-07,-0.010762
5.9862202E-07,-0.010764
5.9867202E-07,-0.010765
5.9872202E-07,-0.010765
5.9877202E-07,-0.010766
5.9882202E-07,-0.010765
5.9887202E-07,-0.010765
5.9892202E-07,-0.010763
5.9897202E-07,-0.010760
5.9902202E-07,-0.010757
5.9907202E-07,-0.010751
5.9912202E-07,-0.010745
5.9917202E-07,-0.010736
5.9922202E-07,-0.010726
5.9927202E-07,-0.010714
5.9932202E-07,-0.010700
5.9937202E-07,-0.010684
5.9942202E-07,-0.010667
5.9947202E-07,-0.010648
5.9952202E-07,-0.010627
5.9957202E-07,-0.010606
5.9962202E-07,-0.010585
5.9967202E-07,-0.010563
5.9972202E-07,-0.010542
5.9977202E-07,-0.010522
5.9982202E-07,-0.010503
5.9987202E-07,-0.010486
5.9992202E-07,-0.010471
5.9997202E-07,-0.010458
6.0002202E-07,-0.010447
6.0007202E-07,-0.010439
6.0012202E-07,-0.010433
6.0017202E-07,-0.010430
6.0022202E-07,-0.010430
6.0027202E-07,-0.010431
6.0032202E-07,-0.010434
6.0037202E-07,-0.010439
6.0042202E-07,-0.010444
6.0047202E-07,-0.010451
6.0052202E-07,-0.010458
6.0057202E-07,-0.010465
6.0062202E-07,-0.010472
6.0067202E-07,-0.010478
6.0072202E-07,-0.010484
6.0077202E-07,-0.010489
6.0082202E-07,-0.010493
6.0087202E-07,-0.010497
6.0092202E-07,-0.010499
6.0097202E-07,-0.010501
6.0102202E-07,-0.010501
6.0107202E-07,-0.010501
6.0112202E-07,-0.010500
6.0117202E-07,-0.010498
6.0122202E-07,-0.010496
6.0127202E-07,-0.010493
6.0132202E-07,-0.010489
6.0137202E-07,-0.010485
6.0142202E-07,-0.010481
6.0147202E-07,-0.010475
6.0152202E-07,-0.010470
6.0157202E-07,-0.010464
6.0162202E-07,-0.010457
6.0167202E-07,-0.010450
6.0172202E-07,-0.010443
6.0177202E-07,-0.010435
6.0182202E-07,-0.010428
6.0187202E-07,-0.010420
6.0192202E-07,-0.010413
6.0197202E-07,-0.010406
6.0202202E-07,-0.010400
6.0207202E-07,-0.010395
6.0212202E-07,-0.010390
6.0217202E-07,-0.010386
6.0222202E-07,-0.010384
6.0227202E-07,-0.010382
6.0232202E-07,-0.010382
6.0237202E-07,-0.010383
6.0242202E-07,-0.010385
6.0247202E-07,-0.010389
6.0252202E-07,-0.010393
6.0257202E-07,-0.010398
6.0262202E-07,-0.010403
6.0267202E-07,-0.010409
6.0272202E-07,-0.010416
6.0277202E-07,-0.010422
6.0282202E-07,-0.010429
6.0287202E-07,-0.010435
6.0292202E-07,-0.010442
6.0297202E-07,-0.010448
6.0302202E-07,-0.010454
6.0307202E-07,-0.010459
6.0312202E-07,-0.010465
6.0317202E-07,-0.010470
6.0322202E-07,-0.010474
6.0327202E-07,-0.010479
6.0332202E-07,-0.010483
6.0337202E-07,-0.010488
6.0342202E-07,-0.010492
6.0347202E-07,-0.010496
6.0352202E-07,-0.010501
6.0357202E-07,-0.010505
6.0362202E-07,-0.010509
6.0367202E-07,-0.010514
6.0372202E-07,-0.010518
6.0377202E-07,-0.010522
6.0382202E-07,-0.010527
6.0387202E-07,-0.010531
6.0392202E-07,-0.010535
6.0397202E-07,-0.010539
6.0402202E-07,-0.010543
6.0407202E-07,-0.010547
6.0412202E-07,-0.010552
6.0417202E-07,-0.010556
6.0422202E-07,-0.010560
6.0427202E-07,-0.010564
6.0432202E-07,-0.010569
6.0437202E-07,-0.010574
6.0442202E-07,-0.010579
6.0447202E-07,-0.010584
6.0452202E-07,-0.010589
6.0457202E-07,-0.010594
6.0462202E-07,-0.010600
6.0467202E-07,-0.010605
6.0472202E-07,-0.010611
6.0477202E-07,-0.010616
6.0482202E-07,-0.010621
6.0487202E-07,-0.010625
6.0492202E-07,-0.010629
6.0497202E-07,-0.010633
6.0502202E-07,-0.010636
6.0507202E-07,-0.010638
6.0512202E-07,-0.010640
6.0517202E-07,-0.010641
6.0522202E-07,-0.010642
6.0527202E-07,-0.010642
6.0532202E-07,-0.010641
6.0537202E-07,-0.010640
6.0542202E-07,-0.010638
6.0547202E-07,-0.010636
6.0552202E-07,-0.010634
6.0557202E-07,-0.010631
6.0562202E-07,-0.010628
6.0567202E-07,-0.010625
6.0572202E-07,-0.010621
6.0577202E-07,-0.010617
6.0582202E-07,-0.010612
6.0587202E-07,-0.010607
6.0592202E-07,-0.010600
6.0597202E-07,-0.010593
6.0602202E-07,-0.010585
6.0607202E-07,-0.010576
6.0612202E-07,-0.010566
6.0617202E-07,-0.010556
6.0622202E-07,-0.010544
6.0627202E-07,-0.010532
6.0632202E-07,-0.010519
6.0637202E-07,-0.010506
6.0642202E-07,-0.010493
6.0647202E-07,-0.010480
6.0652202E-07,-0.010467
6.0657202E-07,-0.010455
6.0662202E-07,-0.010444
6.0667202E-07,-0.010435
6.0672202E-07,-0.010426
6.0677202E-07,-0.010419
6.0682202E-07,-0.010414
6.0687202E-07,-0.010410
6.0692202E-07,-0.010408
6.0697202E-07,-0.010407
6.0702202E-07,-0.010408
6.0707202E-07,-0.010410
6.0712202E-07,-0.010412
6.0717202E-07,-0.010416
6.0722202E-07,-0.010420
6.0727202E-07,-0.010424
6.0732202E-07,-0.010429
6.0737202E-07,-0.010433
6.0742202E-07,-0.010437
6.0747202E-07,-0.010442
6.0752202E-07,-0.010445
6.0757202E-07,-0.010449
6.0762202E-07,-0.010452
6.0767202E-07,-0.010456
6.0772202E-07,-0.010459
6.0777202E-07,-0.010462
6.0782202E-07,-0.010466
6.0787202E-07,-0.010470
6.0792202E-07,-0.010475
6.0797202E-07,-0.010480
6.0802202E-07,-0.010486
6.0807202E-07,-0.010492
6.0812202E-07,-0.010499
6.0817202E-07,-0.010507
6.0822202E-07,-0.010514
6.0827202E-07,-0.010522
6.0832202E-07,-0.010530
6.0837202E-07,-0.010538
6.0842202E-07,-0.010546
6.0847202E-07,-0.010553
6.0852202E-07,-0.010559
6.0857202E-07,-0.010565
6.0862202E-07,-0.010570
6.0867202E-07,-0.010575
6.0872202E-07,-0.010578
6.0877202E-07,-0.010580
6.0882202E-07,-0.010582
6.0887202E-07,-0.010583
6.0892202E-07,-0.010583
6.0897202E-07,-0.010583
6.0902202E-07,-0.010583
6.0907202E-07,-0.010582
6.0912202E-07,-0.010581
6.0917202E-07,-0.010580
6.0922202E-07,-0.010579
6.0927202E-07,-0.010577
6.0932202E-07,-0.010576
6.0937202E-07,-0.010575
6.0942202E-07,-0.010574
6.0947202E-07,-0.010573
6.0952202E-07,-0.010571
6.0957202E-07,-0.010570
6.0962202E-07,-0.010569
6.0967202E-07,-0.010567
6.0972202E-07,-0.010566
6.0977202E-07,-0.010565
6.0982202E-07,-0.010564
6.0987202E-07,-0.010563
6.0992202E-07,-0.010563
6.0997202E-07,-0.010563
6.1002202E-07,-0.010564
6.1007202E-07,-0.010566
6.1012202E-07,-0.010568
6.1017202E-07,-0.010572
6.1022202E-07,-0.010576
6.1027202E-07,-0.010582
6.1032202E-07,-0.010588
6.1037202E-07,-0.010596
6.1042202E-07,-0.010604
6.1047202E-07,-0.010613
6.1052202E-07,-0.010622
6.1057202E-07,-0.010631
6.1062202E-07,-0.010641
6.1067202E-07,-0.010650
6.1072202E-07,-0.010659
6.1077202E-07,-0.010668
6.1082202E-07,-0.010675
6.1087202E-07,-0.010682
6.1092202E-07,-0.010689
6.1097202E-07,-0.010694
6.1102202E-07,-0.010698
6.1107202E-07,-0.010701
6.1112202E-07,-0.010703
6.1117202E-07,-0.010704
6.1122202E-07,-0.010704
6.1127202E-07,-0.010703
6.1132202E-07,-0.010702
6.1137202E-07,-0.010700
6.1142202E-07,-0.010697
6.1147202E-07,-0.010694
6.1152202E-07,-0.010690
6.1157202E-07,-0.010685
6.1162202E-07,-0.010680
6.1167202E-07,-0.010674
6.1172202E-07,-0.010667
6.1177202E-07,-0.010659
6.1182202E-07,-0.010651
6.1187202E-07,-0.010641
6.1192202E-07,-0.010631
6.1197202E-07,-0.010620
6.1202202E-07,-0.010608
6.1207202E-07,-0.010595
6.1212202E-07,-0.010582
6.1217202E-07,-0.010567
6.1222202E-07,-0.010553
6.1227202E-07,-0.010537
6.1232202E-07,-0.010522
6.1237202E-07,-0.010506
6.1242202E-07,-0.010490
6.1247202E-07,-0.010475
6.1252202E-07,-0.010459
6.1257202E-07,-0.010443
6.1262202E-07,-0.010428
6.1267202E-07,-0.010412
6.1272202E-07,-0.010397
6.1277202E-07,-0.010382
6.1282202E-07,-0.010368
6.1287202E-07,-0.010353
6.1292202E-07,-0.010339
6.1297202E-07,-0.010324
6.1302202E-07,-0.010311
6.1307202E-07,-0.010297
6.1312202E-07,-0.010284
6.1317202E-07,-0.010272
6.1322202E-07,-0.010260
6.1327202E-07,-0.010249
6.1332202E-07,-0.010239
6.1337202E-07,-0.010230
6.1342202E-07,-0.010222
6.1347202E-07,-0.010215
6.1352202E-07,-0.010210
6.1357202E-07,-0.010207
6.1362202E-07,-0.010204
6.1367202E-07,-0.010203
6.1372202E-07,-0.010203
6.1377202E-07,-0.010204
6.1382202E-07,-0.010206
6.1387202E-07,-0.010208
6.1392202E-07,-0.010211
6.1397202E-07,-0.010214
6.1402202E-07,-0.010217
6.1407202E-07,-0.010220
6.1412202E-07,-0.010222
6.1417202E-07,-0.010224
6.1422202E-07,-0.010226
6.1427202E-07,-0.010228
6.1432202E-07,-0.010229
6.1437202E-07,-0.010230
6.1442202E-07,-0.010231
6.1447202E-07,-0.010233
6.1452202E-07,-0.010235
6.1457202E-07,-0.010237
6.1462202E-07,-0.010240
6.1467202E-07,-0.010245
6.1472202E-07,-0.010250
6.1477202E-07,-0.010257
6.1482202E-07,-0.010265
6.1487202E-07,-0.010273
6.1492202E-07,-0.010283
6.1497202E-07,-0.010294
6.1502202E-07,-0.010306
6.1507202E-07,-0.010318
6.1512202E-07,-0.010330
6.1517202E-07,-0.010342
6.1522202E-07,-0.010354
6.1527202E-07,-0.010365
6.1532202E-07,-0.010376
6.1537202E-07,-0.010386
6.1542202E-07,-0.010395
6.1547202E-07,-0.010404
6.1552202E-07,-0.010411
6.1557202E-07,-0.010418
6.1562202E-07,-0.010424
6.1567202E-07,-0.010430
6.1572202E-07,-0.010436
6.1577202E-07,-0.010441
6.1582202E-07,-0.010446
6.1587202E-07,-0.010452
6.1592202E-07,-0.010457
6.1597202E-07,-0.010463
6.1602202E-07,-0.010469
6.1607202E-07,-0.010475
6.1612202E-07,-0.010482
6.1617202E-07,-0.010488
6.1622202E-07,-0.010494
6.1627202E-07,-0.010500
6.1632202E-07,-0.010505
6.1637202E-07,-0.010509
6.1642202E-07,-0.010512
6.1647202E-07,-0.010514
6.1652202E-07,-0.010515
6.1657202E-07,-0.010515
6.1662202E-07,-0.010513
6.1667202E-07,-0.010511
6.1672202E-07,-0.010508
6.1677202E-07,-0.010505
6.1682202E-07,-0.010501
6.1687202E-07,-0.010497
6.1692202E-07,-0.010493
6.1697202E-07,-0.010490
6.1702202E-07,-0.010488
6.1707202E-07,-0.010487
6.1712202E-07,-0.010487
6.1717202E-07,-0.010489
6.1722202E-07,-0.010492
6.1727202E-07,-0.010497
6.1732202E-07,-0.010503
6.1737202E-07,-0.010511
6.1742202E-07,-0.010519
6.1747202E-07,-0.010529
6.1752202E-07,-0.010540
6.1757202E-07,-0.010551
6.1762202E-07,-0.010562
6.1767202E-07,-0.010573
6.1772202E-07,-0.010584
6.1777202E-07,-0.010594
6.1782202E-07,-0.010604
6.1787202E-07,-0.010613
6.1792202E-07,-0.010620
6.1797202E-07,-0.010628
6.1802202E-07,-0.010634
6.1807202E-07,-0.010639
6.1812202E-07,-0.010643
6.1817202E-07,-0.010646
6.1822202E-07,-0.010649
6.1827202E-07,-0.010651
6.1832202E-07,-0.010652
6.1837202E-07,-0.010653
6.1842202E-07,-0.010653
6.1847202E-07,-0.010653
6.1852202E-07,-0.010652
6.1857202E-07,-0.010650
6.1862202E-07,-0.010648
6.1867202E-07,-0.010645
6.1872202E-07,-0.010642
6.1877202E-07,-0.010638
6.1882202E-07,-0.010634
6.1887202E-07,-0.010629
6.1892202E-07,-0.010624
6.1897202E-07,-0.010618
6.1902202E-07,-0.010612
6.1907202E-07,-0.010607
6.1912202E-07,-0.010601
6.1917202E-07,-0.010596
6.1922202E-07,-0.010591
6.1927202E-07,-0.010587
6.1932202E-07,-0.010583
6.1937202E-07,-0.010581
6.1942202E-07,-0.010579
6.1947202E-07,-0.010579
6.1952202E-07,-0.010579
6.1957202E-07,-0.010581
6.1962202E-07,-0.010583
6.1967202E-07,-0.010586
6.1972202E-07,-0.010590
6.1977202E-07,-0.010594
6.1982202E-07,-0.010599
6.1987202E-07,-0.010604
6.1992202E-07,-0.010608
6.1997202E-07,-0.010613
6.2002202E-07,-0.010617
6.2007202E-07,-0.010621
6.2012202E-07,-0.010624
6.2017202E-07,-0.010626
6.2022202E-07,-0.010627
6.2027202E-07,-0.010627
6.2032202E-07,-0.010627
6.2037202E-07,-0.010625
6.2042202E-07,-0.010622
6.2047202E-07,-0.010618
6.2052202E-07,-0.010613
6.2057202E-07,-0.010607
6.2062202E-07,-0.010600
6.2067202E-07,-0.010591
6.2072202E-07,-0.010581
6.2077202E-07,-0.010570
6.2082202E-07,-0.010558
6.2087202E-07,-0.010544
6.2092202E-07,-0.010530
6.2097202E-07,-0.010515
6.2102202E-07,-0.010500
6.2107202E-07,-0.010483
6.2112202E-07,-0.010467
6.2117202E-07,-0.010451
6.2122202E-07,-0.010435
6.2127202E-07,-0.010419
6.2132202E-07,-0.010405
6.2137202E-07,-0.010392
6.2142202E-07,-0.010380
6.2147202E-07,-0.010370
6.2152202E-07,-0.010361
6.2157202E-07,-0.010355
6.2162202E-07,-0.010350
6.2167202E-07,-0.010348
6.2172202E-07,-0.010347
6.2177202E-07,-0.010347
6.2182202E-07,-0.010350
6.2187202E-07,-0.010353
6.2192202E-07,-0.010357
6.2197202E-07,-0.010362
6.2202202E-07,-0.010367
6.2207202E-07,-0.010372
6.2212202E-07,-0.010377
6.2217202E-07,-0.010382
6.2222202E-07,-0.010386
6.2227202E-07,-0.010389
6.2232202E-07,-0.010391
6.2237202E-07,-0.010393
6.2242202E-07,-0.010394
6.2247202E-07,-0.010395
6.2252202E-07,-0.010395
6.2257202E-07,-0.010395
6.2262202E-07,-0.010394
6.2267202E-07,-0.010394
6.2272202E-07,-0.010394
6.2277202E-07,-0.010394
6.2282202E-07,-0.010394
6.2287202E-07,-0.010395
6.2292202E-07,-0.010395
6.2297202E-07,-0.010396
6.2302202E-07,-0.010396
6.2307202E-07,-0.010397
6.2312202E-07,-0.010397
6.2317202E-07,-0.010396
6.2322202E-07,-0.010394
6.2327202E-07,-0.010392
6.2332202E-07,-0.010388
6.2337202E-07,-0.010383
6.2342202E-07,-0.010378
6.2347202E-07,-0.010371
6.2352202E-07,-0.010363
6.2357202E-07,-0.010355
6.2362202E-07,-0.010346
6.2367202E-07,-0.010337
6.2372202E-07,-0.010328
6.2377202E-07,-0.010320
6.2382202E-07,-0.010312
6.2387202E-07,-0.010305
6.2392202E-07,-0.010299
6.2397202E-07,-0.010294
6.2402202E-07,-0.010290
6.2407202E-07,-0.010288
6.2412202E-07,-0.010286
6.2417202E-07,-0.010286
6.2422202E-07,-0.010287
6.2427202E-07,-0.010288
6.2432202E-07,-0.010290
6.2437202E-07,-0.010293
6.2442202E-07,-0.010295
6.2447202E-07,-0.010298
6.2452202E-07,-0.010300
6.2457202E-07,-0.010302
6.2462202E-07,-0.010305
6.2467202E-07,-0.010307
6.2472202E-07,-0.010309
6.2477202E-07,-0.010311
6.2482202E-07,-0.010314
6.2487202E-07,-0.010317
6.2492202E-07,-0.010321
6.2497202E-07,-0.010326
6.2502202E-07,-0.010332
6.2507202E-07,-0.010340
6.2512202E-07,-0.010348
6.2517202E-07,-0.010359
6.2522202E-07,-0.010370
6.2527202E-07,-0.010383
6.2532202E-07,-0.010397
6.2537202E-07,-0.010412
6.2542202E-07,-0.010428
6.2547202E-07,-0.010444
6.2552202E-07,-0.010459
6.2557202E-07,-0.010475
6.2562202E-07,-0.010489
6.2567202E-07,-0.010503
6.2572202E-07,-0.010516
6.2577202E-07,-0.010527
6.2582202E-07,-0.010536
6.2587202E-07,-0.010544
6.2592202E-07,-0.010551
6.2597202E-07,-0.010556
6.2602202E-07,-0.010559
6.2607202E-07,-0.010562
6.2612202E-07,-0.010563
6.2617202E-07,-0.010563
6.2622202E-07,-0.010562
6.2627202E-07,-0.010561
6.2632202E-07,-0.010558
6.2637202E-07,-0.010556
6.2642202E-07,-0.010553
6.2647202E-07,-0.010549
6.2652202E-07,-0.010545
6.2657202E-07,-0.010540
6.2662202E-07,-0.010535
6.2667202E-07,-0.010529
6.2672202E-07,-0.010522
6.2677202E-07,-0.010514
6.2682202E-07,-0.010505
6.2687202E-07,-0.010495
6.2692202E-07,-0.010484
6.2697202E-07,-0.010472
6.2702202E-07,-0.010460
6.2707202E-07,-0.010447
6.2712202E-07,-0.010434
6.2717202E-07,-0.010421
6.2722202E-07,-0.010408
6.2727202E-07,-0.010396
6.2732202E-07,-0.010385
6.2737202E-07,-0.010376
6.2742202E-07,-0.010368
6.2747202E-07,-0.010362
6.2752202E-07,-0.010358
6.2757202E-07,-0.010356
6.2762202E-07,-0.010357
6.2767202E-07,-0.010361
6.2772202E-07,-0.010367
6.2777202E-07,-0.010375
6.2782202E-07,-0.010386
6.2787202E-07,-0.010398
6.2792202E-07,-0.010413
6.2797202E-07,-0.010429
6.2802202E-07,-0.010447
6.2807202E-07,-0.010465
6.2812202E-07,-0.010484
6.2817202E-07,-0.010504
6.2822202E-07,-0.010523
6.2827202E-07,-0.010543
6.2832202E-07,-0.010562
6.2837202E-07,-0.010580
6.2842202E-07,-0.010598
6.2847202E-07,-0.010614
6.2852202E-07,-0.010629
6.2857202E-07,-0.010642
6.2862202E-07,-0.010653
6.2867202E-07,-0.010663
6.2872202E-07,-0.010671
6.2877202E-07,-0.010677
6.2882202E-07,-0.010680
6.2887202E-07,-0.010682
6.2892202E-07,-0.010682
6.2897202E-07,-0.010679
6.2902202E-07,-0.010675
6.2907202E-07,-0.010669
6.2912202E-07,-0.010662
6.2917202E-07,-0.010654
6.2922202E-07,-0.010644
6.2927202E-07,-0.010633
6.2932202E-07,-0.010622
6.2937202E-07,-0.010611
6.2942202E-07,-0.010600
6.2947202E-07,-0.010589
6.2952202E-07,-0.010579
6.2957202E-07,-0.010569
6.2962202E-07,-0.010560
6.2967202E-07,-0.010552
6.2972202E-07,-0.010545
6.2977202E-07,-0.010538
6.2982202E-07,-0.010533
6.2987202E-07,-0.010529
6.2992202E-07,-0.010525
6.2997202E-07,-0.010523
6.3002202E-07,-0.010520
6.3007202E-07,-0.010518
6.3012202E-07,-0.010516
6.3017202E-07,-0.010515
6.3022202E-07,-0.010513
6.3027202E-07,-0.010511
6.3032202E-07,-0.010509
6.3037202E-07,-0.010506
6.3042202E-07,-0.010504
6.3047202E-07,-0.010501
6.3052202E-07,-0.010498
6.3057202E-07,-0.010495
6.3062202E-07,-0.010492
6.3067202E-07,-0.010488
6.3072202E-07,-0.010484
6.3077202E-07,-0.010480
6.3082202E-07,-0.010476
6.3087202E-07,-0.010472
6.3092202E-07,-0.010467
6.3097202E-07,-0.010461
6.3102202E-07,-0.010455
6.3107202E-07,-0.010449
6.3112202E-07,-0.010441
6.3117202E-07,-0.010433
6.3122202E-07,-0.010423
6.3127202E-07,-0.010413
6.3132202E-07,-0.010402
6.3137202E-07,-0.010389
6.3142202E-07,-0.010377
6.3147202E-07,-0.010363
6.3152202E-07,-0.010350
6.3157202E-07,-0.010337
6.3162202E-07,-0.010323
6.3167202E-07,-0.010311
6.3172202E-07,-0.010299
6.3177202E-07,-0.010289
6.3182202E-07,-0.010280
6.3187202E-07,-0.010273
6.3192202E-07,-0.010267
6.3197202E-07,-0.010264
6.3202202E-07,-0.010262
6.3207202E-07,-0.010262
6.3212202E-07,-0.010263
6.3217202E-07,-0.010266
6.3222202E-07,-0.010270
6.3227202E-07,-0.010275
6.3232202E-07,-0.010280
6.3237202E-07,-0.010285
6.3242202E-07,-0.010290
6.3247202E-07,-0.010295
6.3252202E-07,-0.010299
6.3257202E-07,-0.010303
6.3262202E-07,-0.010305
6.3267202E-07,-0.010307
6.3272202E-07,-0.010308
6.3277202E-07,-0.010308
6.3282202E-07,-0.010308
6.3287202E-07,-0.010307
6.3292202E-07,-0.010306
6.3297202E-07,-0.010305
6.3302202E-07,-0.010305
6.3307202E-07,-0.010304
6.3312202E-07,-0.010305
6.3317202E-07,-0.010305
6.3322202E-07,-0.010307
6.3327202E-07,-0.010309
6.3332202E-07,-0.010311
6.3337202E-07,-0.010314
6.3342202E-07,-0.010317
6.3347202E-07,-0.010320
6.3352202E-07,-0.010323
6.3357202E-07,-0.010326
6.3362202E-07,-0.010328
6.3367202E-07,-0.010329
6.3372202E-07,-0.010330
6.3377202E-07,-0.010329
6.3382202E-07,-0.010328
6.3387202E-07,-0.010327
6.3392202E-07,-0.010324
6.3397202E-07,-0.010321
6.3402202E-07,-0.010318
6.3407202E-07,-0.010315
6.3412202E-07,-0.010312
6.3417202E-07,-0.010310
6.3422202E-07,-0.010308
6.3427202E-07,-0.010307
6.3432202E-07,-0.010306
6.3437202E-07,-0.010307
6.3442202E-07,-0.010309
6.3447202E-07,-0.010311
6.3452202E-07,-0.010315
6.3457202E-07,-0.010319
6.3462202E-07,-0.010324
6.3467202E-07,-0.010329
6.3472202E-07,-0.010335
6.3477202E-07,-0.010340
6.3482202E-07,-0.010345
6.3487202E-07,-0.010350
6.3492202E-07,-0.010355
6.3497202E-07,-0.010358
6.3502202E-07,-0.010361
6.3507202E-07,-0.010363
6.3512202E-07,-0.010365
6.3517202E-07,-0.010366
6.3522202E-07,-0.010366
6.3527202E-07,-0.010366
6.3532202E-07,-0.010366
6.3537202E-07,-0.010365
6.3542202E-07,-0.010364
6.3547202E-07,-0.010363
6.3552202E-07,-0.010362
6.3557202E-07,-0.010361
6.3562202E-07,-0.010360
6.3567202E-07,-0.010359
6.3572202E-07,-0.010357
6.3577202E-07,-0.010356
6.3582202E-07,-0.010354
6.3587202E-07,-0.010351
6.3592202E-07,-0.010349
6.3597202E-07,-0.010346
6.3602202E-07,-0.010342
6.3607202E-07,-0.010338
6.3612202E-07,-0.010333
6.3617202E-07,-0.010328
6.3622202E-07,-0.010323
6.3627202E-07,-0.010318
6.3632202E-07,-0.010314
6.3637202E-07,-0.010309
6.3642202E-07,-0.010305
6.3647202E-07,-0.010302
6.3652202E-07,-0.010299
6.3657202E-07,-0.010298
6.3662202E-07,-0.010298
6.3667202E-07,-0.010299
6.3672202E-07,-0.010302
6.3677202E-07,-0.010306
6.3682202E-07,-0.010311
6.3687202E-07,-0.010318
6.3692202E-07,-0.010327
6.3697202E-07,-0.010336
6.3702202E-07,-0.010347
6.3707202E-07,-0.010359
6.3712202E-07,-0.010372
6.3717202E-07,-0.010385
6.3722202E-07,-0.010400
6.3727202E-07,-0.010414
6.3732202E-07,-0.010430
6.3737202E-07,-0.010446
6.3742202E-07,-0.010462
6.3747202E-07,-0.010478
6.3752202E-07,-0.010495
6.3757202E-07,-0.010511
6.3762202E-07,-0.010528
6.3767202E-07,-0.010544
6.3772202E-07,-0.010560
6.3777202E-07,-0.010575
6.3782202E-07,-0.010590
6.3787202E-07,-0.010604
6.3792202E-07,-0.010617
6.3797202E-07,-0.010628
6.3802202E-07,-0.010639
6.3807202E-07,-0.010648
6.3812202E-07,-0.010656
6.3817202E-07,-0.010662
6.3822202E-07,-0.010667
6.3827202E-07,-0.010670
6.3832202E-07,-0.010672
6.3837202E-07,-0.010673
6.3842202E-07,-0.010672
6.3847202E-07,-0.010671
6.3852202E-07,-0.010668
6.3857202E-07,-0.010666
6.3862202E-07,-0.010663
6.3867202E-07,-0.010659
6.3872202E-07,-0.010656
6.3877202E-07,-0.010653
6.3882202E-07,-0.010650
6.3887202E-07,-0.010648
6.3892202E-07,-0.010645
6.3897202E-07,-0.010643
6.3902202E-07,-0.010641
6.3907202E-07,-0.010639
6.3912202E-07,-0.010637
6.3917202E-07,-0.010635
6.3922202E-07,-0.010632
6.3927202E-07,-0.010629
6.3932202E-07,-0.010626
6.3937202E-07,-0.010621
6.3942202E-07,-0.010616
6.3947202E-07,-0.010610
6.3952202E-07,-0.010603
6.3957202E-07,-0.010595
6.3962202E-07,-0.010587
6.3967202E-07,-0.010578
6.3972202E-07,-0.010569
6.3977202E-07,-0.010560
6.3982202E-07,-0.010550
6.3987202E-07,-0.010541
6.3992202E-07,-0.010532
6.3997202E-07,-0.010524
6.4002202E-07,-0.010516
6.4007202E-07,-0.010508
6.4012202E-07,-0.010500
6.4017202E-07,-0.010493
6.4022202E-07,-0.010486
6.4027202E-07,-0.010479
6.4032202E-07,-0.010472
6.4037202E-07,-0.010465
6.4042202E-07,-0.010457
6.4047202E-07,-0.010449
6.4052202E-07,-0.010441
6.4057202E-07,-0.010432
6.4062202E-07,-0.010423
6.4067202E-07,-0.010413
6.4072202E-07,-0.010403
6.4077202E-07,-0.010393
6.4082202E-07,-0.010384
6.4087202E-07,-0.010374
6.4092202E-07,-0.010365
6.4097202E-07,-0.010356
6.4102202E-07,-0.010349
6.4107202E-07,-0.010342
6.4112202E-07,-0.010337
6.4117202E-07,-0.010332
6.4122202E-07,-0.010329
6.4127202E-07,-0.010327
6.4132202E-07,-0.010325
6.4137202E-07,-0.010324
6.4142202E-07,-0.010324
6.4147202E-07,-0.010324
6.4152202E-07,-0.010324
6.4157202E-07,-0.010324
6.4162202E-07,-0.010323
6.4167202E-07,-0.010322
6.4172202E-07,-0.010319
6.4177202E-07,-0.010316
6.4182202E-07,-0.010311
6.4187202E-07,-0.010306
6.4192202E-07,-0.010299
6.4197202E-07,-0.010291
6.4202202E-07,-0.010283
6.4207202E-07,-0.010273
6.4212202E-07,-0.010264
6.4217202E-07,-0.010254
6.4222202E-07,-0.010244
6.4227202E-07,-0.010234
6.4232202E-07,-0.010225
6.4237202E-07,-0.010217
6.4242202E-07,-0.010209
6.4247202E-07,-0.010202
6.4252202E-07,-0.010196
6.4257202E-07,-0.010191
6.4262202E-07,-0.010186
6.4267202E-07,-0.010183
6.4272202E-07,-0.010180
6.4277202E-07,-0.010178
6.4282202E-07,-0.010177
6.4287202E-07,-0.010177
6.4292202E-07,-0.010176
6.4297202E-07,-0.010177
6.4302202E-07,-0.010178
6.4307202E-07,-0.010179
6.4312202E-07,-0.010181
6.4317202E-07,-0.010184
6.4322202E-07,-0.010186
6.4327202E-07,-0.010190
6.4332202E-07,-0.010194
6.4337202E-07,-0.010199
6.4342202E-07,-0.010204
6.4347202E-07,-0.010210
6.4352202E-07,-0.010217
6.4357202E-07,-0.010224
6.4362202E-07,-0.010232
6.4367202E-07,-0.010241
6.4372202E-07,-0.010250
6.4377202E-07,-0.010259
6.4382202E-07,-0.010269
6.4387202E-07,-0.010278
6.4392202E-07,-0.010288
6.4397202E-07,-0.010298
6.4402202E-07,-0.010308
6.4407202E-07,-0.010317
6.4412202E-07,-0.010327
6.4417202E-07,-0.010336
6.4422202E-07,-0.010346
6.4427202E-07,-0.010355
6.4432202E-07,-0.010364
6.4437202E-07,-0.010372
6.4442202E-07,-0.010381
6.4447202E-07,-0.010389
6.4452202E-07,-0.010397
6.4457202E-07,-0.010405
6.4462202E-07,-0.010413
6.4467202E-07,-0.010420
6.4472202E-07,-0.010427
6.4477202E-07,-0.010433
6.4482202E-07,-0.010439
6.4487202E-07,-0.010444
6.4492202E-07,-0.010449
6.4497202E-07,-0.010453
6.4502202E-07,-0.010457
6.4507202E-07,-0.010460
6.4512202E-07,-0.010463
6.4517202E-07,-0.010465
6.4522202E-07,-0.010468
6.4527202E-07,-0.010470
6.4532202E-07,-0.010472
6.4537202E-07,-0.010475
6.4542202E-07,-0.010478
6.4547202E-07,-0.010481
6.4552202E-07,-0.010485
6.4557202E-07,-0.010489
6.4562202E-07,-0.010494
6.4567202E-07,-0.010500
6.4572202E-07,-0.010506
6.4577202E-07,-0.010512
6.4582202E-07,-0.010518
6.4587202E-07,-0.010525
6.4592202E-07,-0.010532
6.4597202E-07,-0.010538
6.4602202E-07,-0.010544
6.4607202E-07,-0.010550
6.4612202E-07,-0.010555
6.4617202E-07,-0.010560
6.4622202E-07,-0.010564
6.4627202E-07,-0.010568
6.4632202E-07,-0.010571
6.4637202E-07,-0.010574
6.4642202E-07,-0.010576
6.4647202E-07,-0.010579
6.4652202E-07,-0.010582
6.4657202E-07,-0.010585
6.4662202E-07,-0.010589
6.4667202E-07,-0.010593
6.4672202E-07,-0.010598
6.4677202E-07,-0.010603
6.4682202E-07,-0.010610
6.4687202E-07,-0.010617
6.4692202E-07,-0.010624
6.4697202E-07,-0.010632
6.4702202E-07,-0.010640
6.4707202E-07,-0.010647
6.4712202E-07,-0.010655
6.4717202E-07,-0.010662
6.4722202E-07,-0.010668
6.4727202E-07,-0.010673
6.4732202E-07,-0.010677
6.4737202E-07,-0.010679
6.4742202E-07,-0.010681
6.4747202E-07,-0.010681
6.4752202E-07,-0.010680
6.4757202E-07,-0.010677
6.4762202E-07,-0.010674
6.4767202E-07,-0.010671
6.4772202E-07,-0.010667
6.4777202E-07,-0.010663
6.4782202E-07,-0.010658
6.4787202E-07,-0.010654
6.4792202E-07,-0.010651
6.4797202E-07,-0.010648
6.4802202E-07,-0.010645
6.4807202E-07,-0.010643
6.4812202E-07,-0.010641
6.4817202E-07,-0.010640
6.4822202E-07,-0.010639
6.4827202E-07,-0.010637
6.4832202E-07,-0.010635
6.4837202E-07,-0.010633
6.4842202E-07,-0.010629
6.4847202E-07,-0.010625
6.4852202E-07,-0.010619
6.4857202E-07,-0.010611
6.4862202E-07,-0.010602
6.4867202E-07,-0.010592
6.4872202E-07,-0.010580
6.4877202E-07,-0.010568
6.4882202E-07,-0.010554
6.4887202E-07,-0.010539
6.4892202E-07,-0.010524
6.4897202E-07,-0.010509
6.4902202E-07,-0.010494
6.4907202E-07,-0.010480
6.4912202E-07,-0.010466
6.4917202E-07,-0.010454
6.4922202E-07,-0.010443
6.4927202E-07,-0.010434
6.4932202E-07,-0.010426
6.4937202E-07,-0.010420
6.4942202E-07,-0.010416
6.4947202E-07,-0.010413
6.4952202E-07,-0.010412
6.4957202E-07,-0.010412
6.4962202E-07,-0.010414
6.4967202E-07,-0.010417
6.4972202E-07,-0.010421
6.4977202E-07,-0.010427
6.4982202E-07,-0.010433
6.4987202E-07,-0.010440
6.4992202E-07,-0.010448
6.4997202E-07,-0.010457
6.5002202E-07,-0.010466
6.5007202E-07,-0.010477
6.5012202E-07,-0.010488
6.5017202E-07,-0.010499
6.5022202E-07,-0.010512
6.5027202E-07,-0.010525
6.5032202E-07,-0.010539
6.5037202E-07,-0.010553
6.5042202E-07,-0.010568
6.5047202E-07,-0.010582
6.5052202E-07,-0.010596
6.5057202E-07,-0.010610
6.5062202E-07,-0.010623
6.5067202E-07,-0.010635
6.5072202E-07,-0.010646
6.5077202E-07,-0.010655
6.5082202E-07,-0.010662
6.5087202E-07,-0.010667
6.5092202E-07,-0.010670
6.5097202E-07,-0.010670
6.5102202E-07,-0.010668
6.5107202E-07,-0.010664
6.5112202E-07,-0.010658
6.5117202E-07,-0.010649
6.5122202E-07,-0.010639
6.5127202E-07,-0.010627
6.5132202E-07,-0.010614
6.5137202E-07,-0.010599
6.5142202E-07,-0.010584
6.5147202E-07,-0.010568
6.5152202E-07,-0.010552
6.5157202E-07,-0.010536
6.5162202E-07,-0.010520
6.5167202E-07,-0.010504
6.5172202E-07,-0.010488
6.5177202E-07,-0.010474
6.5182202E-07,-0.010460
6.5187202E-07,-0.010446
6.5192202E-07,-0.010433
6.5197202E-07,-0.010421
6.5202202E-07,-0.010409
6.5207202E-07,-0.010398
6.5212202E-07,-0.010387
6.5217202E-07,-0.010376
6.5222202E-07,-0.010365
6.5227202E-07,-0.010355
6.5232202E-07,-0.010344
6.5237202E-07,-0.010334
6.5242202E-07,-0.010323
6.5247202E-07,-0.010311
6.5252202E-07,-0.010300
6.5257202E-07,-0.010288
6.5262202E-07,-0.010276
6.5267202E-07,-0.010263
6.5272202E-07,-0.010249
6.5277202E-07,-0.010236
6.5282202E-07,-0.010222
6.5287202E-07,-0.010207
6.5292202E-07,-0.010192
6.5297202E-07,-0.010177
6.5302202E-07,-0.010163
6.5307202E-07,-0.010148
6.5312202E-07,-0.010134
6.5317202E-07,-0.010121
6.5322202E-07,-0.010110
6.5327202E-07,-0.010099
6.5332202E-07,-0.010091
6.5337202E-07,-0.010086
6.5342202E-07,-0.010083
6.5347202E-07,-0.010084
6.5352202E-07,-0.010088
6.5357202E-07,-0.010096
6.5362202E-07,-0.010109
6.5367202E-07,-0.010127
6.5372202E-07,-0.010150
6.5377202E-07,-0.010178
6.5382202E-07,-0.010212
6.5387202E-07,-0.010251
6.5392202E-07,-0.010295
6.5397202E-07,-0.010345
6.5402202E-07,-0.010400
6.5407202E-07,-0.010459
6.5412202E-07,-0.010523
6.5417202E-07,-0.010590
6.5422202E-07,-0.010661
6.5427202E-07,-0.010735
6.5432202E-07,-0.010810
6.5437202E-07,-0.010887
