LECROYWaveRunner‘N,20113,Waveform
Segments,1,SegmentSize,4002
Segment,TrigTime,TimeSinceSegment1
#1,12-Dec-2018 11:30:33,0                 
Time,Ampl
4.5690606E-07,-0.010418
4.5695606E-07,-0.010398
4.5700606E-07,-0.010377
4.5705606E-07,-0.010357
4.5710606E-07,-0.010337
4.5715606E-07,-0.010317
4.5720606E-07,-0.010299
4.5725606E-07,-0.010280
4.5730606E-07,-0.010262
4.5735606E-07,-0.010245
4.5740606E-07,-0.010229
4.5745606E-07,-0.010212
4.5750606E-07,-0.010197
4.5755606E-07,-0.010181
4.5760606E-07,-0.010166
4.5765606E-07,-0.010152
4.5770606E-07,-0.010137
4.5775606E-07,-0.010123
4.5780606E-07,-0.010110
4.5785606E-07,-0.010097
4.5790606E-07,-0.010086
4.5795606E-07,-0.010075
4.5800606E-07,-0.010065
4.5805606E-07,-0.010057
4.5810606E-07,-0.010050
4.5815606E-07,-0.010046
4.5820606E-07,-0.010043
4.5825606E-07,-0.010042
4.5830606E-07,-0.010043
4.5835606E-07,-0.010047
4.5840606E-07,-0.010052
4.5845606E-07,-0.010060
4.5850606E-07,-0.010069
4.5855606E-07,-0.010080
4.5860606E-07,-0.010092
4.5865606E-07,-0.010105
4.5870606E-07,-0.010119
4.5875606E-07,-0.010133
4.5880606E-07,-0.010148
4.5885606E-07,-0.010161
4.5890606E-07,-0.010175
4.5895606E-07,-0.010187
4.5900606E-07,-0.010198
4.5905606E-07,-0.010208
4.5910606E-07,-0.010217
4.5915606E-07,-0.010224
4.5920606E-07,-0.010230
4.5925606E-07,-0.010235
4.5930606E-07,-0.010239
4.5935606E-07,-0.010242
4.5940606E-07,-0.010244
4.5945606E-07,-0.010247
4.5950606E-07,-0.010249
4.5955606E-07,-0.010252
4.5960606E-07,-0.010255
4.5965606E-07,-0.010260
4.5970606E-07,-0.010266
4.5975606E-07,-0.010273
4.5980606E-07,-0.010281
4.5985606E-07,-0.010292
4.5990606E-07,-0.010303
4.5995606E-07,-0.010316
4.6000606E-07,-0.010331
4.6005606E-07,-0.010346
4.6010606E-07,-0.010362
4.6015606E-07,-0.010379
4.6020606E-07,-0.010395
4.6025606E-07,-0.010412
4.6030606E-07,-0.010427
4.6035606E-07,-0.010442
4.6040606E-07,-0.010455
4.6045606E-07,-0.010467
4.6050606E-07,-0.010477
4.6055606E-07,-0.010485
4.6060606E-07,-0.010490
4.6065606E-07,-0.010494
4.6070606E-07,-0.010495
4.6075606E-07,-0.010494
4.6080606E-07,-0.010492
4.6085606E-07,-0.010487
4.6090606E-07,-0.010481
4.6095606E-07,-0.010473
4.6100606E-07,-0.010465
4.6105606E-07,-0.010455
4.6110606E-07,-0.010445
4.6115606E-07,-0.010435
4.6120606E-07,-0.010424
4.6125606E-07,-0.010414
4.6130606E-07,-0.010403
4.6135606E-07,-0.010394
4.6140606E-07,-0.010385
4.6145606E-07,-0.010376
4.6150606E-07,-0.010369
4.6155606E-07,-0.010362
4.6160606E-07,-0.010356
4.6165606E-07,-0.010351
4.6170606E-07,-0.010347
4.6175606E-07,-0.010344
4.6180606E-07,-0.010342
4.6185606E-07,-0.010341
4.6190606E-07,-0.010341
4.6195606E-07,-0.010342
4.6200606E-07,-0.010344
4.6205606E-07,-0.010347
4.6210606E-07,-0.010351
4.6215606E-07,-0.010356
4.6220606E-07,-0.010362
4.6225606E-07,-0.010369
4.6230606E-07,-0.010378
4.6235606E-07,-0.010387
4.6240606E-07,-0.010397
4.6245606E-07,-0.010407
4.6250606E-07,-0.010418
4.6255606E-07,-0.010429
4.6260606E-07,-0.010440
4.6265606E-07,-0.010450
4.6270606E-07,-0.010460
4.6275606E-07,-0.010469
4.6280606E-07,-0.010477
4.6285606E-07,-0.010483
4.6290606E-07,-0.010488
4.6295606E-07,-0.010491
4.6300606E-07,-0.010491
4.6305606E-07,-0.010490
4.6310606E-07,-0.010487
4.6315606E-07,-0.010482
4.6320606E-07,-0.010475
4.6325606E-07,-0.010466
4.6330606E-07,-0.010456
4.6335606E-07,-0.010445
4.6340606E-07,-0.010433
4.6345606E-07,-0.010420
4.6350606E-07,-0.010408
4.6355606E-07,-0.010395
4.6360606E-07,-0.010383
4.6365606E-07,-0.010372
4.6370606E-07,-0.010361
4.6375606E-07,-0.010352
4.6380606E-07,-0.010344
4.6385606E-07,-0.010338
4.6390606E-07,-0.010333
4.6395606E-07,-0.010330
4.6400606E-07,-0.010328
4.6405606E-07,-0.010327
4.6410606E-07,-0.010328
4.6415606E-07,-0.010329
4.6420606E-07,-0.010332
4.6425606E-07,-0.010335
4.6430606E-07,-0.010339
4.6435606E-07,-0.010343
4.6440606E-07,-0.010347
4.6445606E-07,-0.010352
4.6450606E-07,-0.010356
4.6455606E-07,-0.010361
4.6460606E-07,-0.010366
4.6465606E-07,-0.010370
4.6470606E-07,-0.010375
4.6475606E-07,-0.010380
4.6480606E-07,-0.010385
4.6485606E-07,-0.010391
4.6490606E-07,-0.010397
4.6495606E-07,-0.010403
4.6500606E-07,-0.010410
4.6505606E-07,-0.010417
4.6510606E-07,-0.010425
4.6515606E-07,-0.010433
4.6520606E-07,-0.010441
4.6525606E-07,-0.010449
4.6530606E-07,-0.010458
4.6535606E-07,-0.010466
4.6540606E-07,-0.010473
4.6545606E-07,-0.010480
4.6550606E-07,-0.010487
4.6555606E-07,-0.010492
4.6560606E-07,-0.010496
4.6565606E-07,-0.010498
4.6570606E-07,-0.010499
4.6575606E-07,-0.010498
4.6580606E-07,-0.010496
4.6585606E-07,-0.010492
4.6590606E-07,-0.010487
4.6595606E-07,-0.010480
4.6600606E-07,-0.010472
4.6605606E-07,-0.010463
4.6610606E-07,-0.010453
4.6615606E-07,-0.010442
4.6620606E-07,-0.010432
4.6625606E-07,-0.010421
4.6630606E-07,-0.010410
4.6635606E-07,-0.010400
4.6640606E-07,-0.010391
4.6645606E-07,-0.010383
4.6650606E-07,-0.010376
4.6655606E-07,-0.010370
4.6660606E-07,-0.010366
4.6665606E-07,-0.010362
4.6670606E-07,-0.010360
4.6675606E-07,-0.010359
4.6680606E-07,-0.010359
4.6685606E-07,-0.010359
4.6690606E-07,-0.010360
4.6695606E-07,-0.010361
4.6700606E-07,-0.010362
4.6705606E-07,-0.010363
4.6710606E-07,-0.010363
4.6715606E-07,-0.010363
4.6720606E-07,-0.010362
4.6725606E-07,-0.010360
4.6730606E-07,-0.010357
4.6735606E-07,-0.010354
4.6740606E-07,-0.010349
4.6745606E-07,-0.010343
4.6750606E-07,-0.010337
4.6755606E-07,-0.010331
4.6760606E-07,-0.010324
4.6765606E-07,-0.010317
4.6770606E-07,-0.010310
4.6775606E-07,-0.010304
4.6780606E-07,-0.010298
4.6785606E-07,-0.010292
4.6790606E-07,-0.010287
4.6795606E-07,-0.010284
4.6800606E-07,-0.010281
4.6805606E-07,-0.010278
4.6810606E-07,-0.010277
4.6815606E-07,-0.010276
4.6820606E-07,-0.010276
4.6825606E-07,-0.010276
4.6830606E-07,-0.010277
4.6835606E-07,-0.010277
4.6840606E-07,-0.010278
4.6845606E-07,-0.010278
4.6850606E-07,-0.010278
4.6855606E-07,-0.010277
4.6860606E-07,-0.010276
4.6865606E-07,-0.010274
4.6870606E-07,-0.010271
4.6875606E-07,-0.010268
4.6880606E-07,-0.010265
4.6885606E-07,-0.010260
4.6890606E-07,-0.010256
4.6895606E-07,-0.010251
4.6900606E-07,-0.010246
4.6905606E-07,-0.010241
4.6910606E-07,-0.010236
4.6915606E-07,-0.010231
4.6920606E-07,-0.010226
4.6925606E-07,-0.010222
4.6930606E-07,-0.010217
4.6935606E-07,-0.010213
4.6940606E-07,-0.010209
4.6945606E-07,-0.010205
4.6950606E-07,-0.010201
4.6955606E-07,-0.010198
4.6960606E-07,-0.010194
4.6965606E-07,-0.010190
4.6970606E-07,-0.010186
4.6975606E-07,-0.010182
4.6980606E-07,-0.010177
4.6985606E-07,-0.010173
4.6990606E-07,-0.010169
4.6995606E-07,-0.010165
4.7000606E-07,-0.010161
4.7005606E-07,-0.010157
4.7010606E-07,-0.010155
4.7015606E-07,-0.010153
4.7020606E-07,-0.010151
4.7025606E-07,-0.010151
4.7030606E-07,-0.010152
4.7035606E-07,-0.010155
4.7040606E-07,-0.010158
4.7045606E-07,-0.010163
4.7050606E-07,-0.010169
4.7055606E-07,-0.010177
4.7060606E-07,-0.010185
4.7065606E-07,-0.010194
4.7070606E-07,-0.010203
4.7075606E-07,-0.010213
4.7080606E-07,-0.010222
4.7085606E-07,-0.010232
4.7090606E-07,-0.010240
4.7095606E-07,-0.010248
4.7100606E-07,-0.010254
4.7105606E-07,-0.010259
4.7110606E-07,-0.010262
4.7115606E-07,-0.010264
4.7120606E-07,-0.010264
4.7125606E-07,-0.010262
4.7130606E-07,-0.010258
4.7135606E-07,-0.010253
4.7140606E-07,-0.010246
4.7145606E-07,-0.010239
4.7150606E-07,-0.010230
4.7155606E-07,-0.010221
4.7160606E-07,-0.010212
4.7165606E-07,-0.010204
4.7170606E-07,-0.010195
4.7175606E-07,-0.010188
4.7180606E-07,-0.010181
4.7185606E-07,-0.010176
4.7190606E-07,-0.010172
4.7195606E-07,-0.010170
4.7200606E-07,-0.010169
4.7205606E-07,-0.010170
4.7210606E-07,-0.010173
4.7215606E-07,-0.010177
4.7220606E-07,-0.010182
4.7225606E-07,-0.010188
4.7230606E-07,-0.010195
4.7235606E-07,-0.010203
4.7240606E-07,-0.010212
4.7245606E-07,-0.010221
4.7250606E-07,-0.010231
4.7255606E-07,-0.010241
4.7260606E-07,-0.010251
4.7265606E-07,-0.010262
4.7270606E-07,-0.010272
4.7275606E-07,-0.010283
4.7280606E-07,-0.010295
4.7285606E-07,-0.010306
4.7290606E-07,-0.010319
4.7295606E-07,-0.010332
4.7300606E-07,-0.010345
4.7305606E-07,-0.010360
4.7310606E-07,-0.010375
4.7315606E-07,-0.010391
4.7320606E-07,-0.010408
4.7325606E-07,-0.010425
4.7330606E-07,-0.010444
4.7335606E-07,-0.010462
4.7340606E-07,-0.010481
4.7345606E-07,-0.010499
4.7350606E-07,-0.010517
4.7355606E-07,-0.010535
4.7360606E-07,-0.010551
4.7365606E-07,-0.010567
4.7370606E-07,-0.010581
4.7375606E-07,-0.010593
4.7380606E-07,-0.010603
4.7385606E-07,-0.010611
4.7390606E-07,-0.010616
4.7395606E-07,-0.010620
4.7400606E-07,-0.010621
4.7405606E-07,-0.010620
4.7410606E-07,-0.010617
4.7415606E-07,-0.010612
4.7420606E-07,-0.010605
4.7425606E-07,-0.010597
4.7430606E-07,-0.010587
4.7435606E-07,-0.010577
4.7440606E-07,-0.010566
4.7445606E-07,-0.010554
4.7450606E-07,-0.010543
4.7455606E-07,-0.010531
4.7460606E-07,-0.010520
4.7465606E-07,-0.010509
4.7470606E-07,-0.010499
4.7475606E-07,-0.010489
4.7480606E-07,-0.010480
4.7485606E-07,-0.010472
4.7490606E-07,-0.010464
4.7495606E-07,-0.010457
4.7500606E-07,-0.010450
4.7505606E-07,-0.010444
4.7510606E-07,-0.010437
4.7515606E-07,-0.010431
4.7520606E-07,-0.010425
4.7525606E-07,-0.010419
4.7530606E-07,-0.010413
4.7535606E-07,-0.010406
4.7540606E-07,-0.010399
4.7545606E-07,-0.010392
4.7550606E-07,-0.010385
4.7555606E-07,-0.010378
4.7560606E-07,-0.010371
4.7565606E-07,-0.010364
4.7570606E-07,-0.010357
4.7575606E-07,-0.010351
4.7580606E-07,-0.010345
4.7585606E-07,-0.010340
4.7590606E-07,-0.010335
4.7595606E-07,-0.010332
4.7600606E-07,-0.010329
4.7605606E-07,-0.010327
4.7610606E-07,-0.010326
4.7615606E-07,-0.010326
4.7620606E-07,-0.010327
4.7625606E-07,-0.010329
4.7630606E-07,-0.010332
4.7635606E-07,-0.010336
4.7640606E-07,-0.010340
4.7645606E-07,-0.010345
4.7650606E-07,-0.010351
4.7655606E-07,-0.010357
4.7660606E-07,-0.010364
4.7665606E-07,-0.010371
4.7670606E-07,-0.010378
4.7675606E-07,-0.010386
4.7680606E-07,-0.010394
4.7685606E-07,-0.010402
4.7690606E-07,-0.010410
4.7695606E-07,-0.010419
4.7700606E-07,-0.010428
4.7705606E-07,-0.010438
4.7710606E-07,-0.010447
4.7715606E-07,-0.010457
4.7720606E-07,-0.010467
4.7725606E-07,-0.010477
4.7730606E-07,-0.010487
4.7735606E-07,-0.010497
4.7740606E-07,-0.010507
4.7745606E-07,-0.010516
4.7750606E-07,-0.010524
4.7755606E-07,-0.010532
4.7760606E-07,-0.010538
4.7765606E-07,-0.010544
4.7770606E-07,-0.010549
4.7775606E-07,-0.010552
4.7780606E-07,-0.010554
4.7785606E-07,-0.010555
4.7790606E-07,-0.010554
4.7795606E-07,-0.010552
4.7800606E-07,-0.010549
4.7805606E-07,-0.010545
4.7810606E-07,-0.010540
4.7815606E-07,-0.010535
4.7820606E-07,-0.010529
4.7825606E-07,-0.010523
4.7830606E-07,-0.010517
4.7835606E-07,-0.010512
4.7840606E-07,-0.010507
4.7845606E-07,-0.010502
4.7850606E-07,-0.010499
4.7855606E-07,-0.010496
4.7860606E-07,-0.010494
4.7865606E-07,-0.010493
4.7870606E-07,-0.010494
4.7875606E-07,-0.010495
4.7880606E-07,-0.010497
4.7885606E-07,-0.010500
4.7890606E-07,-0.010503
4.7895606E-07,-0.010506
4.7900606E-07,-0.010510
4.7905606E-07,-0.010514
4.7910606E-07,-0.010517
4.7915606E-07,-0.010520
4.7920606E-07,-0.010522
4.7925606E-07,-0.010523
4.7930606E-07,-0.010524
4.7935606E-07,-0.010523
4.7940606E-07,-0.010522
4.7945606E-07,-0.010519
4.7950606E-07,-0.010516
4.7955606E-07,-0.010512
4.7960606E-07,-0.010506
4.7965606E-07,-0.010501
4.7970606E-07,-0.010494
4.7975606E-07,-0.010488
4.7980606E-07,-0.010480
4.7985606E-07,-0.010473
4.7990606E-07,-0.010465
4.7995606E-07,-0.010458
4.8000606E-07,-0.010450
4.8005606E-07,-0.010443
4.8010606E-07,-0.010435
4.8015606E-07,-0.010428
4.8020606E-07,-0.010421
4.8025606E-07,-0.010413
4.8030606E-07,-0.010406
4.8035606E-07,-0.010398
4.8040606E-07,-0.010391
4.8045606E-07,-0.010382
4.8050606E-07,-0.010374
4.8055606E-07,-0.010365
4.8060606E-07,-0.010356
4.8065606E-07,-0.010347
4.8070606E-07,-0.010337
4.8075606E-07,-0.010328
4.8080606E-07,-0.010318
4.8085606E-07,-0.010308
4.8090606E-07,-0.010299
4.8095606E-07,-0.010290
4.8100606E-07,-0.010281
4.8105606E-07,-0.010273
4.8110606E-07,-0.010267
4.8115606E-07,-0.010261
4.8120606E-07,-0.010256
4.8125606E-07,-0.010253
4.8130606E-07,-0.010252
4.8135606E-07,-0.010251
4.8140606E-07,-0.010253
4.8145606E-07,-0.010255
4.8150606E-07,-0.010259
4.8155606E-07,-0.010264
4.8160606E-07,-0.010271
4.8165606E-07,-0.010278
4.8170606E-07,-0.010286
4.8175606E-07,-0.010294
4.8180606E-07,-0.010303
4.8185606E-07,-0.010311
4.8190606E-07,-0.010320
4.8195606E-07,-0.010328
4.8200606E-07,-0.010336
4.8205606E-07,-0.010344
4.8210606E-07,-0.010351
4.8215606E-07,-0.010357
4.8220606E-07,-0.010363
4.8225606E-07,-0.010369
4.8230606E-07,-0.010374
4.8235606E-07,-0.010378
4.8240606E-07,-0.010383
4.8245606E-07,-0.010387
4.8250606E-07,-0.010391
4.8255606E-07,-0.010396
4.8260606E-07,-0.010400
4.8265606E-07,-0.010404
4.8270606E-07,-0.010409
4.8275606E-07,-0.010413
4.8280606E-07,-0.010417
4.8285606E-07,-0.010421
4.8290606E-07,-0.010425
4.8295606E-07,-0.010428
4.8300606E-07,-0.010430
4.8305606E-07,-0.010430
4.8310606E-07,-0.010430
4.8315606E-07,-0.010428
4.8320606E-07,-0.010425
4.8325606E-07,-0.010420
4.8330606E-07,-0.010413
4.8335606E-07,-0.010404
4.8340606E-07,-0.010394
4.8345606E-07,-0.010382
4.8350606E-07,-0.010368
4.8355606E-07,-0.010353
4.8360606E-07,-0.010338
4.8365606E-07,-0.010321
4.8370606E-07,-0.010304
4.8375606E-07,-0.010287
4.8380606E-07,-0.010270
4.8385606E-07,-0.010254
4.8390606E-07,-0.010239
4.8395606E-07,-0.010225
4.8400606E-07,-0.010212
4.8405606E-07,-0.010201
4.8410606E-07,-0.010191
4.8415606E-07,-0.010183
4.8420606E-07,-0.010177
4.8425606E-07,-0.010172
4.8430606E-07,-0.010170
4.8435606E-07,-0.010168
4.8440606E-07,-0.010169
4.8445606E-07,-0.010170
4.8450606E-07,-0.010173
4.8455606E-07,-0.010176
4.8460606E-07,-0.010180
4.8465606E-07,-0.010185
4.8470606E-07,-0.010191
4.8475606E-07,-0.010197
4.8480606E-07,-0.010203
4.8485606E-07,-0.010210
4.8490606E-07,-0.010217
4.8495606E-07,-0.010225
4.8500606E-07,-0.010233
4.8505606E-07,-0.010241
4.8510606E-07,-0.010250
4.8515606E-07,-0.010260
4.8520606E-07,-0.010271
4.8525606E-07,-0.010282
4.8530606E-07,-0.010294
4.8535606E-07,-0.010307
4.8540606E-07,-0.010320
4.8545606E-07,-0.010334
4.8550606E-07,-0.010348
4.8555606E-07,-0.010363
4.8560606E-07,-0.010377
4.8565606E-07,-0.010392
4.8570606E-07,-0.010406
4.8575606E-07,-0.010419
4.8580606E-07,-0.010431
4.8585606E-07,-0.010443
4.8590606E-07,-0.010453
4.8595606E-07,-0.010461
4.8600606E-07,-0.010468
4.8605606E-07,-0.010473
4.8610606E-07,-0.010476
4.8615606E-07,-0.010478
4.8620606E-07,-0.010478
4.8625606E-07,-0.010476
4.8630606E-07,-0.010472
4.8635606E-07,-0.010467
4.8640606E-07,-0.010461
4.8645606E-07,-0.010454
4.8650606E-07,-0.010446
4.8655606E-07,-0.010438
4.8660606E-07,-0.010430
4.8665606E-07,-0.010421
4.8670606E-07,-0.010413
4.8675606E-07,-0.010405
4.8680606E-07,-0.010398
4.8685606E-07,-0.010391
4.8690606E-07,-0.010385
4.8695606E-07,-0.010380
4.8700606E-07,-0.010376
4.8705606E-07,-0.010372
4.8710606E-07,-0.010369
4.8715606E-07,-0.010367
4.8720606E-07,-0.010365
4.8725606E-07,-0.010363
4.8730606E-07,-0.010361
4.8735606E-07,-0.010359
4.8740606E-07,-0.010357
4.8745606E-07,-0.010355
4.8750606E-07,-0.010352
4.8755606E-07,-0.010349
4.8760606E-07,-0.010346
4.8765606E-07,-0.010342
4.8770606E-07,-0.010338
4.8775606E-07,-0.010334
4.8780606E-07,-0.010329
4.8785606E-07,-0.010324
4.8790606E-07,-0.010320
4.8795606E-07,-0.010315
4.8800606E-07,-0.010311
4.8805606E-07,-0.010307
4.8810606E-07,-0.010304
4.8815606E-07,-0.010301
4.8820606E-07,-0.010299
4.8825606E-07,-0.010298
4.8830606E-07,-0.010298
4.8835606E-07,-0.010298
4.8840606E-07,-0.010300
4.8845606E-07,-0.010302
4.8850606E-07,-0.010305
4.8855606E-07,-0.010309
4.8860606E-07,-0.010314
4.8865606E-07,-0.010319
4.8870606E-07,-0.010325
4.8875606E-07,-0.010332
4.8880606E-07,-0.010339
4.8885606E-07,-0.010347
4.8890606E-07,-0.010355
4.8895606E-07,-0.010364
4.8900606E-07,-0.010373
4.8905606E-07,-0.010383
4.8910606E-07,-0.010393
4.8915606E-07,-0.010403
4.8920606E-07,-0.010413
4.8925606E-07,-0.010424
4.8930606E-07,-0.010435
4.8935606E-07,-0.010446
4.8940606E-07,-0.010457
4.8945606E-07,-0.010467
4.8950606E-07,-0.010477
4.8955606E-07,-0.010487
4.8960606E-07,-0.010496
4.8965606E-07,-0.010504
4.8970606E-07,-0.010510
4.8975606E-07,-0.010516
4.8980606E-07,-0.010520
4.8985606E-07,-0.010523
4.8990606E-07,-0.010523
4.8995606E-07,-0.010522
4.9000606E-07,-0.010520
4.9005606E-07,-0.010515
4.9010606E-07,-0.010509
4.9015606E-07,-0.010502
4.9020606E-07,-0.010492
4.9025606E-07,-0.010482
4.9030606E-07,-0.010470
4.9035606E-07,-0.010458
4.9040606E-07,-0.010445
4.9045606E-07,-0.010432
4.9050606E-07,-0.010419
4.9055606E-07,-0.010406
4.9060606E-07,-0.010394
4.9065606E-07,-0.010382
4.9070606E-07,-0.010372
4.9075606E-07,-0.010362
4.9080606E-07,-0.010354
4.9085606E-07,-0.010347
4.9090606E-07,-0.010341
4.9095606E-07,-0.010337
4.9100606E-07,-0.010334
4.9105606E-07,-0.010332
4.9110606E-07,-0.010331
4.9115606E-07,-0.010331
4.9120606E-07,-0.010332
4.9125606E-07,-0.010333
4.9130606E-07,-0.010335
4.9135606E-07,-0.010337
4.9140606E-07,-0.010340
4.9145606E-07,-0.010343
4.9150606E-07,-0.010346
4.9155606E-07,-0.010350
4.9160606E-07,-0.010354
4.9165606E-07,-0.010358
4.9170606E-07,-0.010363
4.9175606E-07,-0.010368
4.9180606E-07,-0.010375
4.9185606E-07,-0.010382
4.9190606E-07,-0.010390
4.9195606E-07,-0.010400
4.9200606E-07,-0.010411
4.9205606E-07,-0.010424
4.9210606E-07,-0.010438
4.9215606E-07,-0.010454
4.9220606E-07,-0.010471
4.9225606E-07,-0.010490
4.9230606E-07,-0.010510
4.9235606E-07,-0.010532
4.9240606E-07,-0.010554
4.9245606E-07,-0.010577
4.9250606E-07,-0.010601
4.9255606E-07,-0.010625
4.9260606E-07,-0.010649
4.9265606E-07,-0.010673
4.9270606E-07,-0.010696
4.9275606E-07,-0.010718
4.9280606E-07,-0.010740
4.9285606E-07,-0.010760
4.9290606E-07,-0.010780
4.9295606E-07,-0.010798
4.9300606E-07,-0.010816
4.9305606E-07,-0.010833
4.9310606E-07,-0.010850
4.9315606E-07,-0.010867
4.9320606E-07,-0.010883
4.9325606E-07,-0.010901
4.9330606E-07,-0.010919
4.9335606E-07,-0.010939
4.9340606E-07,-0.010961
4.9345606E-07,-0.010985
4.9350606E-07,-0.011012
4.9355606E-07,-0.011042
4.9360606E-07,-0.011076
4.9365606E-07,-0.011113
4.9370606E-07,-0.011153
4.9375606E-07,-0.011198
4.9380606E-07,-0.011246
4.9385606E-07,-0.011298
4.9390606E-07,-0.011355
4.9395606E-07,-0.011414
4.9400606E-07,-0.011478
4.9405606E-07,-0.011544
4.9410606E-07,-0.011613
4.9415606E-07,-0.011686
4.9420606E-07,-0.011760
4.9425606E-07,-0.011837
4.9430606E-07,-0.011916
4.9435606E-07,-0.011997
4.9440606E-07,-0.012079
4.9445606E-07,-0.012162
4.9450606E-07,-0.012247
4.9455606E-07,-0.012333
4.9460606E-07,-0.012419
4.9465606E-07,-0.012507
4.9470606E-07,-0.012595
4.9475606E-07,-0.012683
4.9480606E-07,-0.012773
4.9485606E-07,-0.012863
4.9490606E-07,-0.012953
4.9495606E-07,-0.013044
4.9500606E-07,-0.013135
4.9505606E-07,-0.013226
4.9510606E-07,-0.013316
4.9515606E-07,-0.013407
4.9520606E-07,-0.013497
4.9525606E-07,-0.013587
4.9530606E-07,-0.013675
4.9535606E-07,-0.013763
4.9540606E-07,-0.013850
4.9545606E-07,-0.013935
4.9550606E-07,-0.014020
4.9555606E-07,-0.014102
4.9560606E-07,-0.014184
4.9565606E-07,-0.014264
4.9570606E-07,-0.014342
4.9575606E-07,-0.014419
4.9580606E-07,-0.014495
4.9585606E-07,-0.014570
4.9590606E-07,-0.014644
4.9595606E-07,-0.014716
4.9600606E-07,-0.014788
4.9605606E-07,-0.014859
4.9610606E-07,-0.014929
4.9615606E-07,-0.014999
4.9620606E-07,-0.015068
4.9625606E-07,-0.015136
4.9630606E-07,-0.015203
4.9635606E-07,-0.015269
4.9640606E-07,-0.015334
4.9645606E-07,-0.015398
4.9650606E-07,-0.015459
4.9655606E-07,-0.015519
4.9660606E-07,-0.015576
4.9665606E-07,-0.015631
4.9670606E-07,-0.015683
4.9675606E-07,-0.015732
4.9680606E-07,-0.015777
4.9685606E-07,-0.015819
4.9690606E-07,-0.015857
4.9695606E-07,-0.015891
4.9700606E-07,-0.015922
4.9705606E-07,-0.015949
4.9710606E-07,-0.015972
4.9715606E-07,-0.015992
4.9720606E-07,-0.016009
4.9725606E-07,-0.016022
4.9730606E-07,-0.016033
4.9735606E-07,-0.016042
4.9740606E-07,-0.016048
4.9745606E-07,-0.016053
4.9750606E-07,-0.016055
4.9755606E-07,-0.016057
4.9760606E-07,-0.016057
4.9765606E-07,-0.016056
4.9770606E-07,-0.016055
4.9775606E-07,-0.016052
4.9780606E-07,-0.016048
4.9785606E-07,-0.016043
4.9790606E-07,-0.016038
4.9795606E-07,-0.016030
4.9800606E-07,-0.016022
4.9805606E-07,-0.016012
4.9810606E-07,-0.016000
4.9815606E-07,-0.015986
4.9820606E-07,-0.015970
4.9825606E-07,-0.015952
4.9830606E-07,-0.015932
4.9835606E-07,-0.015910
4.9840606E-07,-0.015886
4.9845606E-07,-0.015860
4.9850606E-07,-0.015832
4.9855606E-07,-0.015802
4.9860606E-07,-0.015771
4.9865606E-07,-0.015739
4.9870606E-07,-0.015706
4.9875606E-07,-0.015672
4.9880606E-07,-0.015638
4.9885606E-07,-0.015604
4.9890606E-07,-0.015570
4.9895606E-07,-0.015537
4.9900606E-07,-0.015504
4.9905606E-07,-0.015471
4.9910606E-07,-0.015439
4.9915606E-07,-0.015408
4.9920606E-07,-0.015377
4.9925606E-07,-0.015346
4.9930606E-07,-0.015316
4.9935606E-07,-0.015286
4.9940606E-07,-0.015256
4.9945606E-07,-0.015225
4.9950606E-07,-0.015194
4.9955606E-07,-0.015162
4.9960606E-07,-0.015130
4.9965606E-07,-0.015097
4.9970606E-07,-0.015062
4.9975606E-07,-0.015027
4.9980606E-07,-0.014992
4.9985606E-07,-0.014955
4.9990606E-07,-0.014918
4.9995606E-07,-0.014881
5.0000606E-07,-0.014843
5.0005606E-07,-0.014806
5.0010606E-07,-0.014769
5.0015606E-07,-0.014733
5.0020606E-07,-0.014697
5.0025606E-07,-0.014663
5.0030606E-07,-0.014630
5.0035606E-07,-0.014598
5.0040606E-07,-0.014567
5.0045606E-07,-0.014539
5.0050606E-07,-0.014511
5.0055606E-07,-0.014485
5.0060606E-07,-0.014460
5.0065606E-07,-0.014436
5.0070606E-07,-0.014414
5.0075606E-07,-0.014391
5.0080606E-07,-0.014369
5.0085606E-07,-0.014348
5.0090606E-07,-0.014326
5.0095606E-07,-0.014304
5.0100606E-07,-0.014282
5.0105606E-07,-0.014259
5.0110606E-07,-0.014236
5.0115606E-07,-0.014213
5.0120606E-07,-0.014188
5.0125606E-07,-0.014164
5.0130606E-07,-0.014138
5.0135606E-07,-0.014113
5.0140606E-07,-0.014088
5.0145606E-07,-0.014062
5.0150606E-07,-0.014037
5.0155606E-07,-0.014012
5.0160606E-07,-0.013987
5.0165606E-07,-0.013963
5.0170606E-07,-0.013939
5.0175606E-07,-0.013916
5.0180606E-07,-0.013893
5.0185606E-07,-0.013870
5.0190606E-07,-0.013848
5.0195606E-07,-0.013825
5.0200606E-07,-0.013802
5.0205606E-07,-0.013779
5.0210606E-07,-0.013756
5.0215606E-07,-0.013731
5.0220606E-07,-0.013705
5.0225606E-07,-0.013679
5.0230606E-07,-0.013651
5.0235606E-07,-0.013621
5.0240606E-07,-0.013590
5.0245606E-07,-0.013558
5.0250606E-07,-0.013524
5.0255606E-07,-0.013489
5.0260606E-07,-0.013454
5.0265606E-07,-0.013417
5.0270606E-07,-0.013379
5.0275606E-07,-0.013342
5.0280606E-07,-0.013303
5.0285606E-07,-0.013265
5.0290606E-07,-0.013228
5.0295606E-07,-0.013190
5.0300606E-07,-0.013153
5.0305606E-07,-0.013117
5.0310606E-07,-0.013081
5.0315606E-07,-0.013045
5.0320606E-07,-0.013010
5.0325606E-07,-0.012976
5.0330606E-07,-0.012941
5.0335606E-07,-0.012907
5.0340606E-07,-0.012872
5.0345606E-07,-0.012837
5.0350606E-07,-0.012801
5.0355606E-07,-0.012765
5.0360606E-07,-0.012727
5.0365606E-07,-0.012689
5.0370606E-07,-0.012650
5.0375606E-07,-0.012610
5.0380606E-07,-0.012569
5.0385606E-07,-0.012527
5.0390606E-07,-0.012485
5.0395606E-07,-0.012443
5.0400606E-07,-0.012400
5.0405606E-07,-0.012358
5.0410606E-07,-0.012317
5.0415606E-07,-0.012276
5.0420606E-07,-0.012237
5.0425606E-07,-0.012199
5.0430606E-07,-0.012163
5.0435606E-07,-0.012128
5.0440606E-07,-0.012096
5.0445606E-07,-0.012065
5.0450606E-07,-0.012036
5.0455606E-07,-0.012009
5.0460606E-07,-0.011984
5.0465606E-07,-0.011960
5.0470606E-07,-0.011938
5.0475606E-07,-0.011916
5.0480606E-07,-0.011896
5.0485606E-07,-0.011877
5.0490606E-07,-0.011858
5.0495606E-07,-0.011839
5.0500606E-07,-0.011821
5.0505606E-07,-0.011803
5.0510606E-07,-0.011785
5.0515606E-07,-0.011768
5.0520606E-07,-0.011750
5.0525606E-07,-0.011733
5.0530606E-07,-0.011716
5.0535606E-07,-0.011699
5.0540606E-07,-0.011684
5.0545606E-07,-0.011668
5.0550606E-07,-0.011654
5.0555606E-07,-0.011642
5.0560606E-07,-0.011630
5.0565606E-07,-0.011620
5.0570606E-07,-0.011611
5.0575606E-07,-0.011604
5.0580606E-07,-0.011599
5.0585606E-07,-0.011595
5.0590606E-07,-0.011592
5.0595606E-07,-0.011592
5.0600606E-07,-0.011592
5.0605606E-07,-0.011594
5.0610606E-07,-0.011597
5.0615606E-07,-0.011600
5.0620606E-07,-0.011605
5.0625606E-07,-0.011610
5.0630606E-07,-0.011616
5.0635606E-07,-0.011623
5.0640606E-07,-0.011630
5.0645606E-07,-0.011638
5.0650606E-07,-0.011646
5.0655606E-07,-0.011654
5.0660606E-07,-0.011663
5.0665606E-07,-0.011673
5.0670606E-07,-0.011683
5.0675606E-07,-0.011694
5.0680606E-07,-0.011706
5.0685606E-07,-0.011718
5.0690606E-07,-0.011732
5.0695606E-07,-0.011746
5.0700606E-07,-0.011761
5.0705606E-07,-0.011777
5.0710606E-07,-0.011794
5.0715606E-07,-0.011811
5.0720606E-07,-0.011829
5.0725606E-07,-0.011847
5.0730606E-07,-0.011866
5.0735606E-07,-0.011884
5.0740606E-07,-0.011902
5.0745606E-07,-0.011920
5.0750606E-07,-0.011937
5.0755606E-07,-0.011954
5.0760606E-07,-0.011970
5.0765606E-07,-0.011984
5.0770606E-07,-0.011998
5.0775606E-07,-0.012010
5.0780606E-07,-0.012021
5.0785606E-07,-0.012031
5.0790606E-07,-0.012040
5.0795606E-07,-0.012048
5.0800606E-07,-0.012055
5.0805606E-07,-0.012061
5.0810606E-07,-0.012066
5.0815606E-07,-0.012070
5.0820606E-07,-0.012074
5.0825606E-07,-0.012078
5.0830606E-07,-0.012081
5.0835606E-07,-0.012084
5.0840606E-07,-0.012086
5.0845606E-07,-0.012089
5.0850606E-07,-0.012091
5.0855606E-07,-0.012092
5.0860606E-07,-0.012093
5.0865606E-07,-0.012093
5.0870606E-07,-0.012093
5.0875606E-07,-0.012092
5.0880606E-07,-0.012090
5.0885606E-07,-0.012086
5.0890606E-07,-0.012081
5.0895606E-07,-0.012075
5.0900606E-07,-0.012068
5.0905606E-07,-0.012059
5.0910606E-07,-0.012049
5.0915606E-07,-0.012037
5.0920606E-07,-0.012024
5.0925606E-07,-0.012010
5.0930606E-07,-0.011995
5.0935606E-07,-0.011980
5.0940606E-07,-0.011964
5.0945606E-07,-0.011948
5.0950606E-07,-0.011932
5.0955606E-07,-0.011916
5.0960606E-07,-0.011900
5.0965606E-07,-0.011885
5.0970606E-07,-0.011870
5.0975606E-07,-0.011856
5.0980606E-07,-0.011843
5.0985606E-07,-0.011830
5.0990606E-07,-0.011818
5.0995606E-07,-0.011806
5.1000606E-07,-0.011794
5.1005606E-07,-0.011782
5.1010606E-07,-0.011770
5.1015606E-07,-0.011757
5.1020606E-07,-0.011744
5.1025606E-07,-0.011730
5.1030606E-07,-0.011716
5.1035606E-07,-0.011701
5.1040606E-07,-0.011685
5.1045606E-07,-0.011668
5.1050606E-07,-0.011651
5.1055606E-07,-0.011634
5.1060606E-07,-0.011616
5.1065606E-07,-0.011599
5.1070606E-07,-0.011583
5.1075606E-07,-0.011567
5.1080606E-07,-0.011553
5.1085606E-07,-0.011540
5.1090606E-07,-0.011529
5.1095606E-07,-0.011520
5.1100606E-07,-0.011514
5.1105606E-07,-0.011510
5.1110606E-07,-0.011508
5.1115606E-07,-0.011509
5.1120606E-07,-0.011512
5.1125606E-07,-0.011517
5.1130606E-07,-0.011523
5.1135606E-07,-0.011532
5.1140606E-07,-0.011541
5.1145606E-07,-0.011551
5.1150606E-07,-0.011562
5.1155606E-07,-0.011573
5.1160606E-07,-0.011583
5.1165606E-07,-0.011592
5.1170606E-07,-0.011601
5.1175606E-07,-0.011608
5.1180606E-07,-0.011614
5.1185606E-07,-0.011618
5.1190606E-07,-0.011621
5.1195606E-07,-0.011622
5.1200606E-07,-0.011622
5.1205606E-07,-0.011621
5.1210606E-07,-0.011619
5.1215606E-07,-0.011615
5.1220606E-07,-0.011611
5.1225606E-07,-0.011606
5.1230606E-07,-0.011601
5.1235606E-07,-0.011596
5.1240606E-07,-0.011591
5.1245606E-07,-0.011585
5.1250606E-07,-0.011580
5.1255606E-07,-0.011575
5.1260606E-07,-0.011570
5.1265606E-07,-0.011565
5.1270606E-07,-0.011560
5.1275606E-07,-0.011554
5.1280606E-07,-0.011548
5.1285606E-07,-0.011541
5.1290606E-07,-0.011534
5.1295606E-07,-0.011526
5.1300606E-07,-0.011516
5.1305606E-07,-0.011506
5.1310606E-07,-0.011494
5.1315606E-07,-0.011481
5.1320606E-07,-0.011468
5.1325606E-07,-0.011454
5.1330606E-07,-0.011438
5.1335606E-07,-0.011423
5.1340606E-07,-0.011407
5.1345606E-07,-0.011392
5.1350606E-07,-0.011377
5.1355606E-07,-0.011362
5.1360606E-07,-0.011349
5.1365606E-07,-0.011336
5.1370606E-07,-0.011325
5.1375606E-07,-0.011315
5.1380606E-07,-0.011307
5.1385606E-07,-0.011301
5.1390606E-07,-0.011296
5.1395606E-07,-0.011293
5.1400606E-07,-0.011291
5.1405606E-07,-0.011290
5.1410606E-07,-0.011291
5.1415606E-07,-0.011292
5.1420606E-07,-0.011294
5.1425606E-07,-0.011295
5.1430606E-07,-0.011297
5.1435606E-07,-0.011299
5.1440606E-07,-0.011300
5.1445606E-07,-0.011301
5.1450606E-07,-0.011301
5.1455606E-07,-0.011300
5.1460606E-07,-0.011298
5.1465606E-07,-0.011295
5.1470606E-07,-0.011292
5.1475606E-07,-0.011289
5.1480606E-07,-0.011284
5.1485606E-07,-0.011280
5.1490606E-07,-0.011276
5.1495606E-07,-0.011272
5.1500606E-07,-0.011268
5.1505606E-07,-0.011265
5.1510606E-07,-0.011262
5.1515606E-07,-0.011261
5.1520606E-07,-0.011260
5.1525606E-07,-0.011259
5.1530606E-07,-0.011260
5.1535606E-07,-0.011261
5.1540606E-07,-0.011263
5.1545606E-07,-0.011264
5.1550606E-07,-0.011266
5.1555606E-07,-0.011268
5.1560606E-07,-0.011269
5.1565606E-07,-0.011269
5.1570606E-07,-0.011269
5.1575606E-07,-0.011267
5.1580606E-07,-0.011264
5.1585606E-07,-0.011260
5.1590606E-07,-0.011254
5.1595606E-07,-0.011247
5.1600606E-07,-0.011238
5.1605606E-07,-0.011228
5.1610606E-07,-0.011217
5.1615606E-07,-0.011205
5.1620606E-07,-0.011193
5.1625606E-07,-0.011180
5.1630606E-07,-0.011167
5.1635606E-07,-0.011154
5.1640606E-07,-0.011141
5.1645606E-07,-0.011129
5.1650606E-07,-0.011118
5.1655606E-07,-0.011107
5.1660606E-07,-0.011097
5.1665606E-07,-0.011088
5.1670606E-07,-0.011080
5.1675606E-07,-0.011073
5.1680606E-07,-0.011066
5.1685606E-07,-0.011059
5.1690606E-07,-0.011053
5.1695606E-07,-0.011047
5.1700606E-07,-0.011040
5.1705606E-07,-0.011034
5.1710606E-07,-0.011027
5.1715606E-07,-0.011019
5.1720606E-07,-0.011011
5.1725606E-07,-0.011003
5.1730606E-07,-0.010993
5.1735606E-07,-0.010984
5.1740606E-07,-0.010974
5.1745606E-07,-0.010964
5.1750606E-07,-0.010954
5.1755606E-07,-0.010944
5.1760606E-07,-0.010935
5.1765606E-07,-0.010926
5.1770606E-07,-0.010917
5.1775606E-07,-0.010910
5.1780606E-07,-0.010903
5.1785606E-07,-0.010897
5.1790606E-07,-0.010892
5.1795606E-07,-0.010888
5.1800606E-07,-0.010885
5.1805606E-07,-0.010883
5.1810606E-07,-0.010881
5.1815606E-07,-0.010879
5.1820606E-07,-0.010877
5.1825606E-07,-0.010876
5.1830606E-07,-0.010874
5.1835606E-07,-0.010873
5.1840606E-07,-0.010871
5.1845606E-07,-0.010868
5.1850606E-07,-0.010866
5.1855606E-07,-0.010863
5.1860606E-07,-0.010860
5.1865606E-07,-0.010857
5.1870606E-07,-0.010854
5.1875606E-07,-0.010852
5.1880606E-07,-0.010850
5.1885606E-07,-0.010849
5.1890606E-07,-0.010850
5.1895606E-07,-0.010851
5.1900606E-07,-0.010854
5.1905606E-07,-0.010858
5.1910606E-07,-0.010864
5.1915606E-07,-0.010871
5.1920606E-07,-0.010880
5.1925606E-07,-0.010889
5.1930606E-07,-0.010900
5.1935606E-07,-0.010912
5.1940606E-07,-0.010924
5.1945606E-07,-0.010936
5.1950606E-07,-0.010948
5.1955606E-07,-0.010960
5.1960606E-07,-0.010971
5.1965606E-07,-0.010981
5.1970606E-07,-0.010990
5.1975606E-07,-0.010998
5.1980606E-07,-0.011004
5.1985606E-07,-0.011009
5.1990606E-07,-0.011012
5.1995606E-07,-0.011014
5.2000606E-07,-0.011014
5.2005606E-07,-0.011014
5.2010606E-07,-0.011012
5.2015606E-07,-0.011010
5.2020606E-07,-0.011008
5.2025606E-07,-0.011005
5.2030606E-07,-0.011003
5.2035606E-07,-0.011000
5.2040606E-07,-0.010999
5.2045606E-07,-0.010997
5.2050606E-07,-0.010997
5.2055606E-07,-0.010997
5.2060606E-07,-0.010998
5.2065606E-07,-0.010999
5.2070606E-07,-0.011001
5.2075606E-07,-0.011003
5.2080606E-07,-0.011005
5.2085606E-07,-0.011007
5.2090606E-07,-0.011009
5.2095606E-07,-0.011010
5.2100606E-07,-0.011012
5.2105606E-07,-0.011012
5.2110606E-07,-0.011012
5.2115606E-07,-0.011012
5.2120606E-07,-0.011011
5.2125606E-07,-0.011009
5.2130606E-07,-0.011008
5.2135606E-07,-0.011006
5.2140606E-07,-0.011004
5.2145606E-07,-0.011003
5.2150606E-07,-0.011002
5.2155606E-07,-0.011002
5.2160606E-07,-0.011003
5.2165606E-07,-0.011005
5.2170606E-07,-0.011009
5.2175606E-07,-0.011013
5.2180606E-07,-0.011019
5.2185606E-07,-0.011026
5.2190606E-07,-0.011034
5.2195606E-07,-0.011043
5.2200606E-07,-0.011053
5.2205606E-07,-0.011062
5.2210606E-07,-0.011072
5.2215606E-07,-0.011081
5.2220606E-07,-0.011089
5.2225606E-07,-0.011096
5.2230606E-07,-0.011101
5.2235606E-07,-0.011104
5.2240606E-07,-0.011105
5.2245606E-07,-0.011104
5.2250606E-07,-0.011100
5.2255606E-07,-0.011094
5.2260606E-07,-0.011084
5.2265606E-07,-0.011073
5.2270606E-07,-0.011059
5.2275606E-07,-0.011043
5.2280606E-07,-0.011025
5.2285606E-07,-0.011006
5.2290606E-07,-0.010985
5.2295606E-07,-0.010964
5.2300606E-07,-0.010943
5.2305606E-07,-0.010922
5.2310606E-07,-0.010902
5.2315606E-07,-0.010882
5.2320606E-07,-0.010863
5.2325606E-07,-0.010846
5.2330606E-07,-0.010830
5.2335606E-07,-0.010816
5.2340606E-07,-0.010803
5.2345606E-07,-0.010792
5.2350606E-07,-0.010782
5.2355606E-07,-0.010774
5.2360606E-07,-0.010767
5.2365606E-07,-0.010761
5.2370606E-07,-0.010756
5.2375606E-07,-0.010753
5.2380606E-07,-0.010749
5.2385606E-07,-0.010747
5.2390606E-07,-0.010745
5.2395606E-07,-0.010744
5.2400606E-07,-0.010743
5.2405606E-07,-0.010743
5.2410606E-07,-0.010744
5.2415606E-07,-0.010745
5.2420606E-07,-0.010747
5.2425606E-07,-0.010750
5.2430606E-07,-0.010754
5.2435606E-07,-0.010760
5.2440606E-07,-0.010766
5.2445606E-07,-0.010773
5.2450606E-07,-0.010781
5.2455606E-07,-0.010791
5.2460606E-07,-0.010800
5.2465606E-07,-0.010810
5.2470606E-07,-0.010821
5.2475606E-07,-0.010831
5.2480606E-07,-0.010841
5.2485606E-07,-0.010850
5.2490606E-07,-0.010858
5.2495606E-07,-0.010864
5.2500606E-07,-0.010869
5.2505606E-07,-0.010873
5.2510606E-07,-0.010874
5.2515606E-07,-0.010873
5.2520606E-07,-0.010871
5.2525606E-07,-0.010866
5.2530606E-07,-0.010860
5.2535606E-07,-0.010852
5.2540606E-07,-0.010843
5.2545606E-07,-0.010833
5.2550606E-07,-0.010822
5.2555606E-07,-0.010811
5.2560606E-07,-0.010801
5.2565606E-07,-0.010791
5.2570606E-07,-0.010782
5.2575606E-07,-0.010774
5.2580606E-07,-0.010767
5.2585606E-07,-0.010762
5.2590606E-07,-0.010759
5.2595606E-07,-0.010757
5.2600606E-07,-0.010756
5.2605606E-07,-0.010757
5.2610606E-07,-0.010758
5.2615606E-07,-0.010761
5.2620606E-07,-0.010763
5.2625606E-07,-0.010766
5.2630606E-07,-0.010768
5.2635606E-07,-0.010770
5.2640606E-07,-0.010771
5.2645606E-07,-0.010771
5.2650606E-07,-0.010770
5.2655606E-07,-0.010767
5.2660606E-07,-0.010763
5.2665606E-07,-0.010758
5.2670606E-07,-0.010752
5.2675606E-07,-0.010745
5.2680606E-07,-0.010738
5.2685606E-07,-0.010730
5.2690606E-07,-0.010722
5.2695606E-07,-0.010715
5.2700606E-07,-0.010708
5.2705606E-07,-0.010702
5.2710606E-07,-0.010697
5.2715606E-07,-0.010693
5.2720606E-07,-0.010691
5.2725606E-07,-0.010690
5.2730606E-07,-0.010691
5.2735606E-07,-0.010692
5.2740606E-07,-0.010695
5.2745606E-07,-0.010698
5.2750606E-07,-0.010702
5.2755606E-07,-0.010706
5.2760606E-07,-0.010710
5.2765606E-07,-0.010714
5.2770606E-07,-0.010717
5.2775606E-07,-0.010719
5.2780606E-07,-0.010721
5.2785606E-07,-0.010721
5.2790606E-07,-0.010720
5.2795606E-07,-0.010718
5.2800606E-07,-0.010715
5.2805606E-07,-0.010711
5.2810606E-07,-0.010706
5.2815606E-07,-0.010701
5.2820606E-07,-0.010696
5.2825606E-07,-0.010692
5.2830606E-07,-0.010687
5.2835606E-07,-0.010684
5.2840606E-07,-0.010681
5.2845606E-07,-0.010680
5.2850606E-07,-0.010680
5.2855606E-07,-0.010682
5.2860606E-07,-0.010685
5.2865606E-07,-0.010690
5.2870606E-07,-0.010696
5.2875606E-07,-0.010703
5.2880606E-07,-0.010712
5.2885606E-07,-0.010721
5.2890606E-07,-0.010731
5.2895606E-07,-0.010742
5.2900606E-07,-0.010753
5.2905606E-07,-0.010763
5.2910606E-07,-0.010774
5.2915606E-07,-0.010784
5.2920606E-07,-0.010793
5.2925606E-07,-0.010802
5.2930606E-07,-0.010810
5.2935606E-07,-0.010818
5.2940606E-07,-0.010825
5.2945606E-07,-0.010831
5.2950606E-07,-0.010836
5.2955606E-07,-0.010842
5.2960606E-07,-0.010847
5.2965606E-07,-0.010852
5.2970606E-07,-0.010856
5.2975606E-07,-0.010861
5.2980606E-07,-0.010866
5.2985606E-07,-0.010871
5.2990606E-07,-0.010876
5.2995606E-07,-0.010881
5.3000606E-07,-0.010886
5.3005606E-07,-0.010891
5.3010606E-07,-0.010896
5.3015606E-07,-0.010900
5.3020606E-07,-0.010903
5.3025606E-07,-0.010906
5.3030606E-07,-0.010907
5.3035606E-07,-0.010908
5.3040606E-07,-0.010907
5.3045606E-07,-0.010905
5.3050606E-07,-0.010901
5.3055606E-07,-0.010896
5.3060606E-07,-0.010890
5.3065606E-07,-0.010882
5.3070606E-07,-0.010874
5.3075606E-07,-0.010864
5.3080606E-07,-0.010854
5.3085606E-07,-0.010844
5.3090606E-07,-0.010834
5.3095606E-07,-0.010823
5.3100606E-07,-0.010814
5.3105606E-07,-0.010804
5.3110606E-07,-0.010796
5.3115606E-07,-0.010789
5.3120606E-07,-0.010783
5.3125606E-07,-0.010777
5.3130606E-07,-0.010774
5.3135606E-07,-0.010771
5.3140606E-07,-0.010769
5.3145606E-07,-0.010767
5.3150606E-07,-0.010767
5.3155606E-07,-0.010766
5.3160606E-07,-0.010765
5.3165606E-07,-0.010765
5.3170606E-07,-0.010763
5.3175606E-07,-0.010761
5.3180606E-07,-0.010758
5.3185606E-07,-0.010754
5.3190606E-07,-0.010749
5.3195606E-07,-0.010743
5.3200606E-07,-0.010735
5.3205606E-07,-0.010727
5.3210606E-07,-0.010718
5.3215606E-07,-0.010708
5.3220606E-07,-0.010698
5.3225606E-07,-0.010688
5.3230606E-07,-0.010678
5.3235606E-07,-0.010669
5.3240606E-07,-0.010660
5.3245606E-07,-0.010652
5.3250606E-07,-0.010646
5.3255606E-07,-0.010641
5.3260606E-07,-0.010638
5.3265606E-07,-0.010636
5.3270606E-07,-0.010635
5.3275606E-07,-0.010636
5.3280606E-07,-0.010638
5.3285606E-07,-0.010641
5.3290606E-07,-0.010644
5.3295606E-07,-0.010648
5.3300606E-07,-0.010651
5.3305606E-07,-0.010655
5.3310606E-07,-0.010658
5.3315606E-07,-0.010660
5.3320606E-07,-0.010661
5.3325606E-07,-0.010662
5.3330606E-07,-0.010661
5.3335606E-07,-0.010658
5.3340606E-07,-0.010655
5.3345606E-07,-0.010651
5.3350606E-07,-0.010646
5.3355606E-07,-0.010640
5.3360606E-07,-0.010634
5.3365606E-07,-0.010627
5.3370606E-07,-0.010621
5.3375606E-07,-0.010615
5.3380606E-07,-0.010609
5.3385606E-07,-0.010605
5.3390606E-07,-0.010600
5.3395606E-07,-0.010597
5.3400606E-07,-0.010595
5.3405606E-07,-0.010593
5.3410606E-07,-0.010591
5.3415606E-07,-0.010591
5.3420606E-07,-0.010590
5.3425606E-07,-0.010590
5.3430606E-07,-0.010589
5.3435606E-07,-0.010588
5.3440606E-07,-0.010587
5.3445606E-07,-0.010585
5.3450606E-07,-0.010582
5.3455606E-07,-0.010578
5.3460606E-07,-0.010573
5.3465606E-07,-0.010568
5.3470606E-07,-0.010561
5.3475606E-07,-0.010555
5.3480606E-07,-0.010548
5.3485606E-07,-0.010540
5.3490606E-07,-0.010533
5.3495606E-07,-0.010527
5.3500606E-07,-0.010521
5.3505606E-07,-0.010516
5.3510606E-07,-0.010513
5.3515606E-07,-0.010511
5.3520606E-07,-0.010510
5.3525606E-07,-0.010512
5.3530606E-07,-0.010514
5.3535606E-07,-0.010519
5.3540606E-07,-0.010524
5.3545606E-07,-0.010531
5.3550606E-07,-0.010539
5.3555606E-07,-0.010547
5.3560606E-07,-0.010556
5.3565606E-07,-0.010565
5.3570606E-07,-0.010573
5.3575606E-07,-0.010582
5.3580606E-07,-0.010589
5.3585606E-07,-0.010596
5.3590606E-07,-0.010601
5.3595606E-07,-0.010605
5.3600606E-07,-0.010609
5.3605606E-07,-0.010611
5.3610606E-07,-0.010612
5.3615606E-07,-0.010612
5.3620606E-07,-0.010611
5.3625606E-07,-0.010610
5.3630606E-07,-0.010609
5.3635606E-07,-0.010608
5.3640606E-07,-0.010607
5.3645606E-07,-0.010606
5.3650606E-07,-0.010606
5.3655606E-07,-0.010607
5.3660606E-07,-0.010608
5.3665606E-07,-0.010611
5.3670606E-07,-0.010614
5.3675606E-07,-0.010619
5.3680606E-07,-0.010624
5.3685606E-07,-0.010630
5.3690606E-07,-0.010636
5.3695606E-07,-0.010642
5.3700606E-07,-0.010649
5.3705606E-07,-0.010655
5.3710606E-07,-0.010661
5.3715606E-07,-0.010667
5.3720606E-07,-0.010672
5.3725606E-07,-0.010677
5.3730606E-07,-0.010680
5.3735606E-07,-0.010683
5.3740606E-07,-0.010686
5.3745606E-07,-0.010687
5.3750606E-07,-0.010688
5.3755606E-07,-0.010689
5.3760606E-07,-0.010689
5.3765606E-07,-0.010690
5.3770606E-07,-0.010690
5.3775606E-07,-0.010690
5.3780606E-07,-0.010690
5.3785606E-07,-0.010691
5.3790606E-07,-0.010692
5.3795606E-07,-0.010693
5.3800606E-07,-0.010695
5.3805606E-07,-0.010697
5.3810606E-07,-0.010699
5.3815606E-07,-0.010702
5.3820606E-07,-0.010704
5.3825606E-07,-0.010706
5.3830606E-07,-0.010707
5.3835606E-07,-0.010708
5.3840606E-07,-0.010709
5.3845606E-07,-0.010708
5.3850606E-07,-0.010707
5.3855606E-07,-0.010704
5.3860606E-07,-0.010701
5.3865606E-07,-0.010697
5.3870606E-07,-0.010692
5.3875606E-07,-0.010686
5.3880606E-07,-0.010680
5.3885606E-07,-0.010673
5.3890606E-07,-0.010666
5.3895606E-07,-0.010660
5.3900606E-07,-0.010654
5.3905606E-07,-0.010648
5.3910606E-07,-0.010643
5.3915606E-07,-0.010639
5.3920606E-07,-0.010637
5.3925606E-07,-0.010636
5.3930606E-07,-0.010636
5.3935606E-07,-0.010637
5.3940606E-07,-0.010640
5.3945606E-07,-0.010644
5.3950606E-07,-0.010648
5.3955606E-07,-0.010654
5.3960606E-07,-0.010661
5.3965606E-07,-0.010667
5.3970606E-07,-0.010674
5.3975606E-07,-0.010681
5.3980606E-07,-0.010688
5.3985606E-07,-0.010694
5.3990606E-07,-0.010699
5.3995606E-07,-0.010704
5.4000606E-07,-0.010708
5.4005606E-07,-0.010710
5.4010606E-07,-0.010712
5.4015606E-07,-0.010713
5.4020606E-07,-0.010713
5.4025606E-07,-0.010712
5.4030606E-07,-0.010710
5.4035606E-07,-0.010708
5.4040606E-07,-0.010705
5.4045606E-07,-0.010702
5.4050606E-07,-0.010699
5.4055606E-07,-0.010696
5.4060606E-07,-0.010692
5.4065606E-07,-0.010689
5.4070606E-07,-0.010685
5.4075606E-07,-0.010681
5.4080606E-07,-0.010677
5.4085606E-07,-0.010673
5.4090606E-07,-0.010669
5.4095606E-07,-0.010664
5.4100606E-07,-0.010658
5.4105606E-07,-0.010652
5.4110606E-07,-0.010645
5.4115606E-07,-0.010638
5.4120606E-07,-0.010630
5.4125606E-07,-0.010622
5.4130606E-07,-0.010613
5.4135606E-07,-0.010604
5.4140606E-07,-0.010595
5.4145606E-07,-0.010586
5.4150606E-07,-0.010578
5.4155606E-07,-0.010571
5.4160606E-07,-0.010565
5.4165606E-07,-0.010560
5.4170606E-07,-0.010556
5.4175606E-07,-0.010555
5.4180606E-07,-0.010554
5.4185606E-07,-0.010556
5.4190606E-07,-0.010559
5.4195606E-07,-0.010564
5.4200606E-07,-0.010570
5.4205606E-07,-0.010577
5.4210606E-07,-0.010585
5.4215606E-07,-0.010594
5.4220606E-07,-0.010603
5.4225606E-07,-0.010611
5.4230606E-07,-0.010619
5.4235606E-07,-0.010627
5.4240606E-07,-0.010633
5.4245606E-07,-0.010637
5.4250606E-07,-0.010640
5.4255606E-07,-0.010642
5.4260606E-07,-0.010642
5.4265606E-07,-0.010640
5.4270606E-07,-0.010637
5.4275606E-07,-0.010632
5.4280606E-07,-0.010626
5.4285606E-07,-0.010620
5.4290606E-07,-0.010613
5.4295606E-07,-0.010606
5.4300606E-07,-0.010600
5.4305606E-07,-0.010594
5.4310606E-07,-0.010589
5.4315606E-07,-0.010584
5.4320606E-07,-0.010581
5.4325606E-07,-0.010580
5.4330606E-07,-0.010579
5.4335606E-07,-0.010580
5.4340606E-07,-0.010582
5.4345606E-07,-0.010585
5.4350606E-07,-0.010588
5.4355606E-07,-0.010592
5.4360606E-07,-0.010596
5.4365606E-07,-0.010600
5.4370606E-07,-0.010604
5.4375606E-07,-0.010606
5.4380606E-07,-0.010608
5.4385606E-07,-0.010609
5.4390606E-07,-0.010608
5.4395606E-07,-0.010606
5.4400606E-07,-0.010602
5.4405606E-07,-0.010598
5.4410606E-07,-0.010592
5.4415606E-07,-0.010585
5.4420606E-07,-0.010578
5.4425606E-07,-0.010570
5.4430606E-07,-0.010562
5.4435606E-07,-0.010555
5.4440606E-07,-0.010548
5.4445606E-07,-0.010541
5.4450606E-07,-0.010536
5.4455606E-07,-0.010532
5.4460606E-07,-0.010529
5.4465606E-07,-0.010528
5.4470606E-07,-0.010528
5.4475606E-07,-0.010530
5.4480606E-07,-0.010532
5.4485606E-07,-0.010535
5.4490606E-07,-0.010540
5.4495606E-07,-0.010544
5.4500606E-07,-0.010549
5.4505606E-07,-0.010554
5.4510606E-07,-0.010558
5.4515606E-07,-0.010561
5.4520606E-07,-0.010564
5.4525606E-07,-0.010566
5.4530606E-07,-0.010566
5.4535606E-07,-0.010566
5.4540606E-07,-0.010564
5.4545606E-07,-0.010561
5.4550606E-07,-0.010558
5.4555606E-07,-0.010553
5.4560606E-07,-0.010549
5.4565606E-07,-0.010544
5.4570606E-07,-0.010539
5.4575606E-07,-0.010535
5.4580606E-07,-0.010531
5.4585606E-07,-0.010529
5.4590606E-07,-0.010527
5.4595606E-07,-0.010527
5.4600606E-07,-0.010528
5.4605606E-07,-0.010531
5.4610606E-07,-0.010534
5.4615606E-07,-0.010539
5.4620606E-07,-0.010545
5.4625606E-07,-0.010552
5.4630606E-07,-0.010559
5.4635606E-07,-0.010566
5.4640606E-07,-0.010574
5.4645606E-07,-0.010580
5.4650606E-07,-0.010586
5.4655606E-07,-0.010591
5.4660606E-07,-0.010595
5.4665606E-07,-0.010597
5.4670606E-07,-0.010598
5.4675606E-07,-0.010598
5.4680606E-07,-0.010596
5.4685606E-07,-0.010592
5.4690606E-07,-0.010588
5.4695606E-07,-0.010582
5.4700606E-07,-0.010576
5.4705606E-07,-0.010569
5.4710606E-07,-0.010562
5.4715606E-07,-0.010555
5.4720606E-07,-0.010549
5.4725606E-07,-0.010543
5.4730606E-07,-0.010538
5.4735606E-07,-0.010533
5.4740606E-07,-0.010530
5.4745606E-07,-0.010528
5.4750606E-07,-0.010528
5.4755606E-07,-0.010528
5.4760606E-07,-0.010529
5.4765606E-07,-0.010532
5.4770606E-07,-0.010535
5.4775606E-07,-0.010539
5.4780606E-07,-0.010544
5.4785606E-07,-0.010549
5.4790606E-07,-0.010554
5.4795606E-07,-0.010560
5.4800606E-07,-0.010565
5.4805606E-07,-0.010571
5.4810606E-07,-0.010577
5.4815606E-07,-0.010584
5.4820606E-07,-0.010591
5.4825606E-07,-0.010598
5.4830606E-07,-0.010605
5.4835606E-07,-0.010613
5.4840606E-07,-0.010622
5.4845606E-07,-0.010631
5.4850606E-07,-0.010641
5.4855606E-07,-0.010651
5.4860606E-07,-0.010662
5.4865606E-07,-0.010673
5.4870606E-07,-0.010684
5.4875606E-07,-0.010695
5.4880606E-07,-0.010705
5.4885606E-07,-0.010715
5.4890606E-07,-0.010724
5.4895606E-07,-0.010732
5.4900606E-07,-0.010738
5.4905606E-07,-0.010742
5.4910606E-07,-0.010744
5.4915606E-07,-0.010743
5.4920606E-07,-0.010741
5.4925606E-07,-0.010736
5.4930606E-07,-0.010729
5.4935606E-07,-0.010720
5.4940606E-07,-0.010709
5.4945606E-07,-0.010696
5.4950606E-07,-0.010682
5.4955606E-07,-0.010668
5.4960606E-07,-0.010653
5.4965606E-07,-0.010639
5.4970606E-07,-0.010625
5.4975606E-07,-0.010612
5.4980606E-07,-0.010600
5.4985606E-07,-0.010589
5.4990606E-07,-0.010581
5.4995606E-07,-0.010574
5.5000606E-07,-0.010569
5.5005606E-07,-0.010566
5.5010606E-07,-0.010565
5.5015606E-07,-0.010566
5.5020606E-07,-0.010567
5.5025606E-07,-0.010570
5.5030606E-07,-0.010573
5.5035606E-07,-0.010576
5.5040606E-07,-0.010580
5.5045606E-07,-0.010583
5.5050606E-07,-0.010585
5.5055606E-07,-0.010587
5.5060606E-07,-0.010588
5.5065606E-07,-0.010588
5.5070606E-07,-0.010586
5.5075606E-07,-0.010584
5.5080606E-07,-0.010581
5.5085606E-07,-0.010577
5.5090606E-07,-0.010573
5.5095606E-07,-0.010569
5.5100606E-07,-0.010565
5.5105606E-07,-0.010561
5.5110606E-07,-0.010557
5.5115606E-07,-0.010554
5.5120606E-07,-0.010552
5.5125606E-07,-0.010551
5.5130606E-07,-0.010551
5.5135606E-07,-0.010551
5.5140606E-07,-0.010553
5.5145606E-07,-0.010555
5.5150606E-07,-0.010557
5.5155606E-07,-0.010559
5.5160606E-07,-0.010562
5.5165606E-07,-0.010563
5.5170606E-07,-0.010564
5.5175606E-07,-0.010565
5.5180606E-07,-0.010563
5.5185606E-07,-0.010561
5.5190606E-07,-0.010557
5.5195606E-07,-0.010551
5.5200606E-07,-0.010544
5.5205606E-07,-0.010535
5.5210606E-07,-0.010525
5.5215606E-07,-0.010514
5.5220606E-07,-0.010502
5.5225606E-07,-0.010490
5.5230606E-07,-0.010477
5.5235606E-07,-0.010464
5.5240606E-07,-0.010452
5.5245606E-07,-0.010440
5.5250606E-07,-0.010430
5.5255606E-07,-0.010420
5.5260606E-07,-0.010413
5.5265606E-07,-0.010407
5.5270606E-07,-0.010402
5.5275606E-07,-0.010400
5.5280606E-07,-0.010399
5.5285606E-07,-0.010399
5.5290606E-07,-0.010401
5.5295606E-07,-0.010404
5.5300606E-07,-0.010408
5.5305606E-07,-0.010412
5.5310606E-07,-0.010416
5.5315606E-07,-0.010421
5.5320606E-07,-0.010425
5.5325606E-07,-0.010428
5.5330606E-07,-0.010430
5.5335606E-07,-0.010431
5.5340606E-07,-0.010430
5.5345606E-07,-0.010428
5.5350606E-07,-0.010424
5.5355606E-07,-0.010419
5.5360606E-07,-0.010411
5.5365606E-07,-0.010403
5.5370606E-07,-0.010393
5.5375606E-07,-0.010382
5.5380606E-07,-0.010369
5.5385606E-07,-0.010356
5.5390606E-07,-0.010343
5.5395606E-07,-0.010329
5.5400606E-07,-0.010314
5.5405606E-07,-0.010300
5.5410606E-07,-0.010286
5.5415606E-07,-0.010273
5.5420606E-07,-0.010260
5.5425606E-07,-0.010247
5.5430606E-07,-0.010235
5.5435606E-07,-0.010224
5.5440606E-07,-0.010214
5.5445606E-07,-0.010205
5.5450606E-07,-0.010196
5.5455606E-07,-0.010188
5.5460606E-07,-0.010182
5.5465606E-07,-0.010176
5.5470606E-07,-0.010171
5.5475606E-07,-0.010168
5.5480606E-07,-0.010165
5.5485606E-07,-0.010165
5.5490606E-07,-0.010165
5.5495606E-07,-0.010167
5.5500606E-07,-0.010171
5.5505606E-07,-0.010177
5.5510606E-07,-0.010184
5.5515606E-07,-0.010193
5.5520606E-07,-0.010204
5.5525606E-07,-0.010216
5.5530606E-07,-0.010231
5.5535606E-07,-0.010246
5.5540606E-07,-0.010263
5.5545606E-07,-0.010281
5.5550606E-07,-0.010299
5.5555606E-07,-0.010317
5.5560606E-07,-0.010335
5.5565606E-07,-0.010353
5.5570606E-07,-0.010369
5.5575606E-07,-0.010384
5.5580606E-07,-0.010397
5.5585606E-07,-0.010408
5.5590606E-07,-0.010417
5.5595606E-07,-0.010423
5.5600606E-07,-0.010427
5.5605606E-07,-0.010428
5.5610606E-07,-0.010426
5.5615606E-07,-0.010422
5.5620606E-07,-0.010416
5.5625606E-07,-0.010409
5.5630606E-07,-0.010399
5.5635606E-07,-0.010389
5.5640606E-07,-0.010378
5.5645606E-07,-0.010367
5.5650606E-07,-0.010356
5.5655606E-07,-0.010346
5.5660606E-07,-0.010337
5.5665606E-07,-0.010329
5.5670606E-07,-0.010323
5.5675606E-07,-0.010319
5.5680606E-07,-0.010317
5.5685606E-07,-0.010317
5.5690606E-07,-0.010319
5.5695606E-07,-0.010323
5.5700606E-07,-0.010329
5.5705606E-07,-0.010336
5.5710606E-07,-0.010345
5.5715606E-07,-0.010356
5.5720606E-07,-0.010367
5.5725606E-07,-0.010380
5.5730606E-07,-0.010393
5.5735606E-07,-0.010407
5.5740606E-07,-0.010421
5.5745606E-07,-0.010436
5.5750606E-07,-0.010451
5.5755606E-07,-0.010466
5.5760606E-07,-0.010481
5.5765606E-07,-0.010496
5.5770606E-07,-0.010512
5.5775606E-07,-0.010527
5.5780606E-07,-0.010543
5.5785606E-07,-0.010559
5.5790606E-07,-0.010574
5.5795606E-07,-0.010589
5.5800606E-07,-0.010604
5.5805606E-07,-0.010618
5.5810606E-07,-0.010631
5.5815606E-07,-0.010643
5.5820606E-07,-0.010654
5.5825606E-07,-0.010664
5.5830606E-07,-0.010671
5.5835606E-07,-0.010676
5.5840606E-07,-0.010679
5.5845606E-07,-0.010680
5.5850606E-07,-0.010678
5.5855606E-07,-0.010673
5.5860606E-07,-0.010666
5.5865606E-07,-0.010657
5.5870606E-07,-0.010645
5.5875606E-07,-0.010631
5.5880606E-07,-0.010615
5.5885606E-07,-0.010598
5.5890606E-07,-0.010580
5.5895606E-07,-0.010562
5.5900606E-07,-0.010543
5.5905606E-07,-0.010524
5.5910606E-07,-0.010507
5.5915606E-07,-0.010490
5.5920606E-07,-0.010475
5.5925606E-07,-0.010461
5.5930606E-07,-0.010450
5.5935606E-07,-0.010441
5.5940606E-07,-0.010434
5.5945606E-07,-0.010429
5.5950606E-07,-0.010427
5.5955606E-07,-0.010427
5.5960606E-07,-0.010429
5.5965606E-07,-0.010433
5.5970606E-07,-0.010438
5.5975606E-07,-0.010445
5.5980606E-07,-0.010453
5.5985606E-07,-0.010462
5.5990606E-07,-0.010470
5.5995606E-07,-0.010479
5.6000606E-07,-0.010488
5.6005606E-07,-0.010497
5.6010606E-07,-0.010505
5.6015606E-07,-0.010512
5.6020606E-07,-0.010518
5.6025606E-07,-0.010523
5.6030606E-07,-0.010528
5.6035606E-07,-0.010531
5.6040606E-07,-0.010533
5.6045606E-07,-0.010535
5.6050606E-07,-0.010535
5.6055606E-07,-0.010535
5.6060606E-07,-0.010534
5.6065606E-07,-0.010533
5.6070606E-07,-0.010531
5.6075606E-07,-0.010528
5.6080606E-07,-0.010525
5.6085606E-07,-0.010521
5.6090606E-07,-0.010517
5.6095606E-07,-0.010512
5.6100606E-07,-0.010507
5.6105606E-07,-0.010501
5.6110606E-07,-0.010494
5.6115606E-07,-0.010487
5.6120606E-07,-0.010478
5.6125606E-07,-0.010469
5.6130606E-07,-0.010458
5.6135606E-07,-0.010447
5.6140606E-07,-0.010435
5.6145606E-07,-0.010422
5.6150606E-07,-0.010408
5.6155606E-07,-0.010394
5.6160606E-07,-0.010379
5.6165606E-07,-0.010364
5.6170606E-07,-0.010349
5.6175606E-07,-0.010335
5.6180606E-07,-0.010322
5.6185606E-07,-0.010309
5.6190606E-07,-0.010298
5.6195606E-07,-0.010288
5.6200606E-07,-0.010280
5.6205606E-07,-0.010274
5.6210606E-07,-0.010271
5.6215606E-07,-0.010270
5.6220606E-07,-0.010271
5.6225606E-07,-0.010275
5.6230606E-07,-0.010281
5.6235606E-07,-0.010289
5.6240606E-07,-0.010299
5.6245606E-07,-0.010312
5.6250606E-07,-0.010326
5.6255606E-07,-0.010341
5.6260606E-07,-0.010358
5.6265606E-07,-0.010376
5.6270606E-07,-0.010394
5.6275606E-07,-0.010413
5.6280606E-07,-0.010432
5.6285606E-07,-0.010451
5.6290606E-07,-0.010470
5.6295606E-07,-0.010488
5.6300606E-07,-0.010506
5.6305606E-07,-0.010523
5.6310606E-07,-0.010539
5.6315606E-07,-0.010554
5.6320606E-07,-0.010568
5.6325606E-07,-0.010581
5.6330606E-07,-0.010593
5.6335606E-07,-0.010604
5.6340606E-07,-0.010614
5.6345606E-07,-0.010622
5.6350606E-07,-0.010628
5.6355606E-07,-0.010633
5.6360606E-07,-0.010636
5.6365606E-07,-0.010638
5.6370606E-07,-0.010637
5.6375606E-07,-0.010634
5.6380606E-07,-0.010630
5.6385606E-07,-0.010623
5.6390606E-07,-0.010615
5.6395606E-07,-0.010604
5.6400606E-07,-0.010592
5.6405606E-07,-0.010578
5.6410606E-07,-0.010563
5.6415606E-07,-0.010547
5.6420606E-07,-0.010530
5.6425606E-07,-0.010513
5.6430606E-07,-0.010496
5.6435606E-07,-0.010479
5.6440606E-07,-0.010463
5.6445606E-07,-0.010448
5.6450606E-07,-0.010435
5.6455606E-07,-0.010423
5.6460606E-07,-0.010412
5.6465606E-07,-0.010404
5.6470606E-07,-0.010397
5.6475606E-07,-0.010393
5.6480606E-07,-0.010390
5.6485606E-07,-0.010388
5.6490606E-07,-0.010389
5.6495606E-07,-0.010390
5.6500606E-07,-0.010392
5.6505606E-07,-0.010395
5.6510606E-07,-0.010399
5.6515606E-07,-0.010402
5.6520606E-07,-0.010405
5.6525606E-07,-0.010408
5.6530606E-07,-0.010411
5.6535606E-07,-0.010413
5.6540606E-07,-0.010415
5.6545606E-07,-0.010416
5.6550606E-07,-0.010416
5.6555606E-07,-0.010417
5.6560606E-07,-0.010417
5.6565606E-07,-0.010418
5.6570606E-07,-0.010419
5.6575606E-07,-0.010420
5.6580606E-07,-0.010423
5.6585606E-07,-0.010427
5.6590606E-07,-0.010432
5.6595606E-07,-0.010439
5.6600606E-07,-0.010447
5.6605606E-07,-0.010457
5.6610606E-07,-0.010469
5.6615606E-07,-0.010482
5.6620606E-07,-0.010496
5.6625606E-07,-0.010512
5.6630606E-07,-0.010529
5.6635606E-07,-0.010547
5.6640606E-07,-0.010565
5.6645606E-07,-0.010584
5.6650606E-07,-0.010602
5.6655606E-07,-0.010620
5.6660606E-07,-0.010638
5.6665606E-07,-0.010655
5.6670606E-07,-0.010672
5.6675606E-07,-0.010687
5.6680606E-07,-0.010701
5.6685606E-07,-0.010714
5.6690606E-07,-0.010726
5.6695606E-07,-0.010736
5.6700606E-07,-0.010745
5.6705606E-07,-0.010753
5.6710606E-07,-0.010760
5.6715606E-07,-0.010766
5.6720606E-07,-0.010771
5.6725606E-07,-0.010776
5.6730606E-07,-0.010779
5.6735606E-07,-0.010782
5.6740606E-07,-0.010783
5.6745606E-07,-0.010785
5.6750606E-07,-0.010785
5.6755606E-07,-0.010784
5.6760606E-07,-0.010783
5.6765606E-07,-0.010781
5.6770606E-07,-0.010778
5.6775606E-07,-0.010774
5.6780606E-07,-0.010768
5.6785606E-07,-0.010762
5.6790606E-07,-0.010754
5.6795606E-07,-0.010745
5.6800606E-07,-0.010735
5.6805606E-07,-0.010723
5.6810606E-07,-0.010711
5.6815606E-07,-0.010697
5.6820606E-07,-0.010682
5.6825606E-07,-0.010666
5.6830606E-07,-0.010649
5.6835606E-07,-0.010632
5.6840606E-07,-0.010615
5.6845606E-07,-0.010598
5.6850606E-07,-0.010581
5.6855606E-07,-0.010564
5.6860606E-07,-0.010548
5.6865606E-07,-0.010533
5.6870606E-07,-0.010519
5.6875606E-07,-0.010506
5.6880606E-07,-0.010494
5.6885606E-07,-0.010483
5.6890606E-07,-0.010474
5.6895606E-07,-0.010466
5.6900606E-07,-0.010459
5.6905606E-07,-0.010453
5.6910606E-07,-0.010447
5.6915606E-07,-0.010443
5.6920606E-07,-0.010439
5.6925606E-07,-0.010435
5.6930606E-07,-0.010431
5.6935606E-07,-0.010427
5.6940606E-07,-0.010423
5.6945606E-07,-0.010418
5.6950606E-07,-0.010413
5.6955606E-07,-0.010408
5.6960606E-07,-0.010402
5.6965606E-07,-0.010396
5.6970606E-07,-0.010389
5.6975606E-07,-0.010383
5.6980606E-07,-0.010377
5.6985606E-07,-0.010371
5.6990606E-07,-0.010366
5.6995606E-07,-0.010361
5.7000606E-07,-0.010357
5.7005606E-07,-0.010354
5.7010606E-07,-0.010352
5.7015606E-07,-0.010351
5.7020606E-07,-0.010352
5.7025606E-07,-0.010353
5.7030606E-07,-0.010355
5.7035606E-07,-0.010358
5.7040606E-07,-0.010362
5.7045606E-07,-0.010365
5.7050606E-07,-0.010369
5.7055606E-07,-0.010373
5.7060606E-07,-0.010377
5.7065606E-07,-0.010380
5.7070606E-07,-0.010383
5.7075606E-07,-0.010385
5.7080606E-07,-0.010386
5.7085606E-07,-0.010387
5.7090606E-07,-0.010386
5.7095606E-07,-0.010386
5.7100606E-07,-0.010384
5.7105606E-07,-0.010383
5.7110606E-07,-0.010381
5.7115606E-07,-0.010380
5.7120606E-07,-0.010379
5.7125606E-07,-0.010379
5.7130606E-07,-0.010380
5.7135606E-07,-0.010381
5.7140606E-07,-0.010384
5.7145606E-07,-0.010388
5.7150606E-07,-0.010393
5.7155606E-07,-0.010400
5.7160606E-07,-0.010408
5.7165606E-07,-0.010416
5.7170606E-07,-0.010426
5.7175606E-07,-0.010436
5.7180606E-07,-0.010446
5.7185606E-07,-0.010456
5.7190606E-07,-0.010467
5.7195606E-07,-0.010477
5.7200606E-07,-0.010487
5.7205606E-07,-0.010495
5.7210606E-07,-0.010504
5.7215606E-07,-0.010511
5.7220606E-07,-0.010517
5.7225606E-07,-0.010523
5.7230606E-07,-0.010527
5.7235606E-07,-0.010531
5.7240606E-07,-0.010534
5.7245606E-07,-0.010537
5.7250606E-07,-0.010539
5.7255606E-07,-0.010541
5.7260606E-07,-0.010542
5.7265606E-07,-0.010543
5.7270606E-07,-0.010545
5.7275606E-07,-0.010546
5.7280606E-07,-0.010547
5.7285606E-07,-0.010548
5.7290606E-07,-0.010548
5.7295606E-07,-0.010549
5.7300606E-07,-0.010549
5.7305606E-07,-0.010548
5.7310606E-07,-0.010546
5.7315606E-07,-0.010543
5.7320606E-07,-0.010540
5.7325606E-07,-0.010535
5.7330606E-07,-0.010529
5.7335606E-07,-0.010522
5.7340606E-07,-0.010514
5.7345606E-07,-0.010504
5.7350606E-07,-0.010494
5.7355606E-07,-0.010483
5.7360606E-07,-0.010471
5.7365606E-07,-0.010458
5.7370606E-07,-0.010446
5.7375606E-07,-0.010433
5.7380606E-07,-0.010421
5.7385606E-07,-0.010409
5.7390606E-07,-0.010398
5.7395606E-07,-0.010387
5.7400606E-07,-0.010378
5.7405606E-07,-0.010370
5.7410606E-07,-0.010362
5.7415606E-07,-0.010357
5.7420606E-07,-0.010352
5.7425606E-07,-0.010348
5.7430606E-07,-0.010346
5.7435606E-07,-0.010344
5.7440606E-07,-0.010343
5.7445606E-07,-0.010343
5.7450606E-07,-0.010344
5.7455606E-07,-0.010345
5.7460606E-07,-0.010346
5.7465606E-07,-0.010348
5.7470606E-07,-0.010349
5.7475606E-07,-0.010351
5.7480606E-07,-0.010353
5.7485606E-07,-0.010355
5.7490606E-07,-0.010356
5.7495606E-07,-0.010359
5.7500606E-07,-0.010361
5.7505606E-07,-0.010363
5.7510606E-07,-0.010366
5.7515606E-07,-0.010369
5.7520606E-07,-0.010373
5.7525606E-07,-0.010377
5.7530606E-07,-0.010382
5.7535606E-07,-0.010387
5.7540606E-07,-0.010392
5.7545606E-07,-0.010398
5.7550606E-07,-0.010404
5.7555606E-07,-0.010411
5.7560606E-07,-0.010417
5.7565606E-07,-0.010424
5.7570606E-07,-0.010430
5.7575606E-07,-0.010436
5.7580606E-07,-0.010442
5.7585606E-07,-0.010447
5.7590606E-07,-0.010452
5.7595606E-07,-0.010455
5.7600606E-07,-0.010458
5.7605606E-07,-0.010460
5.7610606E-07,-0.010461
5.7615606E-07,-0.010462
5.7620606E-07,-0.010462
5.7625606E-07,-0.010461
5.7630606E-07,-0.010460
5.7635606E-07,-0.010459
5.7640606E-07,-0.010457
5.7645606E-07,-0.010456
5.7650606E-07,-0.010455
5.7655606E-07,-0.010455
5.7660606E-07,-0.010456
5.7665606E-07,-0.010457
5.7670606E-07,-0.010460
5.7675606E-07,-0.010465
5.7680606E-07,-0.010470
5.7685606E-07,-0.010478
5.7690606E-07,-0.010487
5.7695606E-07,-0.010497
5.7700606E-07,-0.010509
5.7705606E-07,-0.010522
5.7710606E-07,-0.010536
5.7715606E-07,-0.010552
5.7720606E-07,-0.010568
5.7725606E-07,-0.010584
5.7730606E-07,-0.010602
5.7735606E-07,-0.010619
5.7740606E-07,-0.010636
5.7745606E-07,-0.010653
5.7750606E-07,-0.010669
5.7755606E-07,-0.010684
5.7760606E-07,-0.010699
5.7765606E-07,-0.010712
5.7770606E-07,-0.010725
5.7775606E-07,-0.010736
5.7780606E-07,-0.010746
5.7785606E-07,-0.010755
5.7790606E-07,-0.010763
5.7795606E-07,-0.010769
5.7800606E-07,-0.010774
5.7805606E-07,-0.010778
5.7810606E-07,-0.010781
5.7815606E-07,-0.010783
5.7820606E-07,-0.010783
5.7825606E-07,-0.010782
5.7830606E-07,-0.010779
5.7835606E-07,-0.010775
5.7840606E-07,-0.010770
5.7845606E-07,-0.010763
5.7850606E-07,-0.010754
5.7855606E-07,-0.010744
5.7860606E-07,-0.010732
5.7865606E-07,-0.010718
5.7870606E-07,-0.010703
5.7875606E-07,-0.010686
5.7880606E-07,-0.010668
5.7885606E-07,-0.010649
5.7890606E-07,-0.010629
5.7895606E-07,-0.010608
5.7900606E-07,-0.010587
5.7905606E-07,-0.010566
5.7910606E-07,-0.010545
5.7915606E-07,-0.010525
5.7920606E-07,-0.010505
5.7925606E-07,-0.010487
5.7930606E-07,-0.010471
5.7935606E-07,-0.010456
5.7940606E-07,-0.010444
5.7945606E-07,-0.010433
5.7950606E-07,-0.010425
5.7955606E-07,-0.010419
5.7960606E-07,-0.010414
5.7965606E-07,-0.010412
5.7970606E-07,-0.010412
5.7975606E-07,-0.010412
5.7980606E-07,-0.010415
5.7985606E-07,-0.010418
5.7990606E-07,-0.010422
5.7995606E-07,-0.010426
5.8000606E-07,-0.010430
5.8005606E-07,-0.010434
5.8010606E-07,-0.010438
5.8015606E-07,-0.010441
5.8020606E-07,-0.010444
5.8025606E-07,-0.010445
5.8030606E-07,-0.010446
5.8035606E-07,-0.010445
5.8040606E-07,-0.010444
5.8045606E-07,-0.010441
5.8050606E-07,-0.010438
5.8055606E-07,-0.010434
5.8060606E-07,-0.010428
5.8065606E-07,-0.010423
5.8070606E-07,-0.010416
5.8075606E-07,-0.010409
5.8080606E-07,-0.010402
5.8085606E-07,-0.010394
5.8090606E-07,-0.010386
5.8095606E-07,-0.010378
5.8100606E-07,-0.010369
5.8105606E-07,-0.010361
5.8110606E-07,-0.010352
5.8115606E-07,-0.010343
5.8120606E-07,-0.010333
5.8125606E-07,-0.010324
5.8130606E-07,-0.010315
5.8135606E-07,-0.010306
5.8140606E-07,-0.010297
5.8145606E-07,-0.010289
5.8150606E-07,-0.010281
5.8155606E-07,-0.010273
5.8160606E-07,-0.010266
5.8165606E-07,-0.010259
5.8170606E-07,-0.010253
5.8175606E-07,-0.010248
5.8180606E-07,-0.010244
5.8185606E-07,-0.010241
5.8190606E-07,-0.010239
5.8195606E-07,-0.010238
5.8200606E-07,-0.010238
5.8205606E-07,-0.010239
5.8210606E-07,-0.010240
5.8215606E-07,-0.010242
5.8220606E-07,-0.010245
5.8225606E-07,-0.010249
5.8230606E-07,-0.010252
5.8235606E-07,-0.010257
5.8240606E-07,-0.010261
5.8245606E-07,-0.010265
5.8250606E-07,-0.010269
5.8255606E-07,-0.010273
5.8260606E-07,-0.010276
5.8265606E-07,-0.010279
5.8270606E-07,-0.010282
5.8275606E-07,-0.010284
5.8280606E-07,-0.010285
5.8285606E-07,-0.010287
5.8290606E-07,-0.010287
5.8295606E-07,-0.010288
5.8300606E-07,-0.010288
5.8305606E-07,-0.010287
5.8310606E-07,-0.010287
5.8315606E-07,-0.010287
5.8320606E-07,-0.010286
5.8325606E-07,-0.010286
5.8330606E-07,-0.010286
5.8335606E-07,-0.010287
5.8340606E-07,-0.010288
5.8345606E-07,-0.010290
5.8350606E-07,-0.010292
5.8355606E-07,-0.010295
5.8360606E-07,-0.010299
5.8365606E-07,-0.010303
5.8370606E-07,-0.010309
5.8375606E-07,-0.010315
5.8380606E-07,-0.010321
5.8385606E-07,-0.010328
5.8390606E-07,-0.010336
5.8395606E-07,-0.010345
5.8400606E-07,-0.010353
5.8405606E-07,-0.010362
5.8410606E-07,-0.010371
5.8415606E-07,-0.010381
5.8420606E-07,-0.010390
5.8425606E-07,-0.010399
5.8430606E-07,-0.010408
5.8435606E-07,-0.010417
5.8440606E-07,-0.010425
5.8445606E-07,-0.010434
5.8450606E-07,-0.010442
5.8455606E-07,-0.010450
5.8460606E-07,-0.010457
5.8465606E-07,-0.010465
5.8470606E-07,-0.010472
5.8475606E-07,-0.010479
5.8480606E-07,-0.010486
5.8485606E-07,-0.010492
5.8490606E-07,-0.010499
5.8495606E-07,-0.010505
5.8500606E-07,-0.010511
5.8505606E-07,-0.010517
5.8510606E-07,-0.010522
5.8515606E-07,-0.010527
5.8520606E-07,-0.010531
5.8525606E-07,-0.010535
5.8530606E-07,-0.010537
5.8535606E-07,-0.010539
5.8540606E-07,-0.010540
5.8545606E-07,-0.010540
5.8550606E-07,-0.010538
5.8555606E-07,-0.010536
5.8560606E-07,-0.010532
5.8565606E-07,-0.010527
5.8570606E-07,-0.010520
5.8575606E-07,-0.010513
5.8580606E-07,-0.010505
5.8585606E-07,-0.010496
5.8590606E-07,-0.010486
5.8595606E-07,-0.010476
5.8600606E-07,-0.010465
5.8605606E-07,-0.010454
5.8610606E-07,-0.010444
5.8615606E-07,-0.010433
5.8620606E-07,-0.010423
5.8625606E-07,-0.010414
5.8630606E-07,-0.010405
5.8635606E-07,-0.010397
5.8640606E-07,-0.010390
5.8645606E-07,-0.010384
5.8650606E-07,-0.010379
5.8655606E-07,-0.010375
5.8660606E-07,-0.010372
5.8665606E-07,-0.010370
5.8670606E-07,-0.010369
5.8675606E-07,-0.010369
5.8680606E-07,-0.010371
5.8685606E-07,-0.010373
5.8690606E-07,-0.010377
5.8695606E-07,-0.010381
5.8700606E-07,-0.010387
5.8705606E-07,-0.010394
5.8710606E-07,-0.010403
5.8715606E-07,-0.010412
5.8720606E-07,-0.010423
5.8725606E-07,-0.010435
5.8730606E-07,-0.010449
5.8735606E-07,-0.010463
5.8740606E-07,-0.010479
5.8745606E-07,-0.010495
5.8750606E-07,-0.010512
5.8755606E-07,-0.010531
5.8760606E-07,-0.010549
5.8765606E-07,-0.010568
5.8770606E-07,-0.010587
5.8775606E-07,-0.010606
5.8780606E-07,-0.010625
5.8785606E-07,-0.010643
5.8790606E-07,-0.010660
5.8795606E-07,-0.010677
5.8800606E-07,-0.010693
5.8805606E-07,-0.010707
5.8810606E-07,-0.010721
5.8815606E-07,-0.010733
5.8820606E-07,-0.010744
5.8825606E-07,-0.010754
5.8830606E-07,-0.010763
5.8835606E-07,-0.010770
5.8840606E-07,-0.010777
5.8845606E-07,-0.010782
5.8850606E-07,-0.010787
5.8855606E-07,-0.010791
5.8860606E-07,-0.010794
5.8865606E-07,-0.010796
5.8870606E-07,-0.010798
5.8875606E-07,-0.010799
5.8880606E-07,-0.010800
5.8885606E-07,-0.010799
5.8890606E-07,-0.010798
5.8895606E-07,-0.010796
5.8900606E-07,-0.010793
5.8905606E-07,-0.010790
5.8910606E-07,-0.010785
5.8915606E-07,-0.010779
5.8920606E-07,-0.010773
5.8925606E-07,-0.010765
5.8930606E-07,-0.010756
5.8935606E-07,-0.010745
5.8940606E-07,-0.010734
5.8945606E-07,-0.010722
5.8950606E-07,-0.010708
5.8955606E-07,-0.010694
5.8960606E-07,-0.010679
5.8965606E-07,-0.010663
5.8970606E-07,-0.010646
5.8975606E-07,-0.010629
5.8980606E-07,-0.010611
5.8985606E-07,-0.010593
5.8990606E-07,-0.010574
5.8995606E-07,-0.010555
5.9000606E-07,-0.010537
5.9005606E-07,-0.010518
5.9010606E-07,-0.010499
5.9015606E-07,-0.010481
5.9020606E-07,-0.010462
5.9025606E-07,-0.010444
5.9030606E-07,-0.010426
5.9035606E-07,-0.010409
5.9040606E-07,-0.010392
5.9045606E-07,-0.010376
5.9050606E-07,-0.010361
5.9055606E-07,-0.010346
5.9060606E-07,-0.010332
5.9065606E-07,-0.010319
5.9070606E-07,-0.010306
5.9075606E-07,-0.010295
5.9080606E-07,-0.010284
5.9085606E-07,-0.010275
5.9090606E-07,-0.010266
5.9095606E-07,-0.010258
5.9100606E-07,-0.010252
5.9105606E-07,-0.010246
5.9110606E-07,-0.010241
5.9115606E-07,-0.010237
5.9120606E-07,-0.010233
5.9125606E-07,-0.010231
5.9130606E-07,-0.010228
5.9135606E-07,-0.010226
5.9140606E-07,-0.010225
5.9145606E-07,-0.010223
5.9150606E-07,-0.010221
5.9155606E-07,-0.010220
5.9160606E-07,-0.010218
5.9165606E-07,-0.010217
5.9170606E-07,-0.010215
5.9175606E-07,-0.010212
5.9180606E-07,-0.010210
5.9185606E-07,-0.010207
5.9190606E-07,-0.010204
5.9195606E-07,-0.010200
5.9200606E-07,-0.010197
5.9205606E-07,-0.010193
5.9210606E-07,-0.010189
5.9215606E-07,-0.010186
5.9220606E-07,-0.010182
5.9225606E-07,-0.010179
5.9230606E-07,-0.010176
5.9235606E-07,-0.010174
5.9240606E-07,-0.010172
5.9245606E-07,-0.010170
5.9250606E-07,-0.010170
5.9255606E-07,-0.010170
5.9260606E-07,-0.010171
5.9265606E-07,-0.010173
5.9270606E-07,-0.010176
5.9275606E-07,-0.010180
5.9280606E-07,-0.010185
5.9285606E-07,-0.010191
5.9290606E-07,-0.010197
5.9295606E-07,-0.010205
5.9300606E-07,-0.010213
5.9305606E-07,-0.010222
5.9310606E-07,-0.010231
5.9315606E-07,-0.010241
5.9320606E-07,-0.010251
5.9325606E-07,-0.010261
5.9330606E-07,-0.010271
5.9335606E-07,-0.010280
5.9340606E-07,-0.010289
5.9345606E-07,-0.010298
5.9350606E-07,-0.010306
5.9355606E-07,-0.010313
5.9360606E-07,-0.010320
5.9365606E-07,-0.010326
5.9370606E-07,-0.010331
5.9375606E-07,-0.010335
5.9380606E-07,-0.010338
5.9385606E-07,-0.010341
5.9390606E-07,-0.010343
5.9395606E-07,-0.010345
5.9400606E-07,-0.010346
5.9405606E-07,-0.010347
5.9410606E-07,-0.010348
5.9415606E-07,-0.010349
5.9420606E-07,-0.010350
5.9425606E-07,-0.010351
5.9430606E-07,-0.010353
5.9435606E-07,-0.010354
5.9440606E-07,-0.010356
5.9445606E-07,-0.010358
5.9450606E-07,-0.010360
5.9455606E-07,-0.010362
5.9460606E-07,-0.010365
5.9465606E-07,-0.010367
5.9470606E-07,-0.010369
5.9475606E-07,-0.010372
5.9480606E-07,-0.010374
5.9485606E-07,-0.010376
5.9490606E-07,-0.010377
5.9495606E-07,-0.010379
5.9500606E-07,-0.010380
5.9505606E-07,-0.010381
5.9510606E-07,-0.010382
5.9515606E-07,-0.010382
5.9520606E-07,-0.010383
5.9525606E-07,-0.010383
5.9530606E-07,-0.010383
5.9535606E-07,-0.010384
5.9540606E-07,-0.010384
5.9545606E-07,-0.010385
5.9550606E-07,-0.010386
5.9555606E-07,-0.010386
5.9560606E-07,-0.010387
5.9565606E-07,-0.010388
5.9570606E-07,-0.010389
5.9575606E-07,-0.010390
5.9580606E-07,-0.010390
5.9585606E-07,-0.010390
5.9590606E-07,-0.010389
5.9595606E-07,-0.010388
5.9600606E-07,-0.010387
5.9605606E-07,-0.010385
5.9610606E-07,-0.010381
5.9615606E-07,-0.010378
5.9620606E-07,-0.010373
5.9625606E-07,-0.010368
5.9630606E-07,-0.010362
5.9635606E-07,-0.010356
5.9640606E-07,-0.010349
5.9645606E-07,-0.010342
5.9650606E-07,-0.010334
5.9655606E-07,-0.010327
5.9660606E-07,-0.010320
5.9665606E-07,-0.010313
5.9670606E-07,-0.010306
5.9675606E-07,-0.010300
5.9680606E-07,-0.010295
5.9685606E-07,-0.010291
5.9690606E-07,-0.010288
5.9695606E-07,-0.010285
5.9700606E-07,-0.010284
5.9705606E-07,-0.010283
5.9710606E-07,-0.010284
5.9715606E-07,-0.010286
5.9720606E-07,-0.010289
5.9725606E-07,-0.010293
5.9730606E-07,-0.010297
5.9735606E-07,-0.010303
5.9740606E-07,-0.010310
5.9745606E-07,-0.010318
5.9750606E-07,-0.010327
5.9755606E-07,-0.010336
5.9760606E-07,-0.010346
5.9765606E-07,-0.010357
5.9770606E-07,-0.010369
5.9775606E-07,-0.010381
5.9780606E-07,-0.010394
5.9785606E-07,-0.010408
5.9790606E-07,-0.010422
5.9795606E-07,-0.010436
5.9800606E-07,-0.010451
5.9805606E-07,-0.010465
5.9810606E-07,-0.010480
5.9815606E-07,-0.010495
5.9820606E-07,-0.010510
5.9825606E-07,-0.010524
5.9830606E-07,-0.010538
5.9835606E-07,-0.010552
5.9840606E-07,-0.010565
5.9845606E-07,-0.010577
5.9850606E-07,-0.010589
5.9855606E-07,-0.010599
5.9860606E-07,-0.010609
5.9865606E-07,-0.010618
5.9870606E-07,-0.010626
5.9875606E-07,-0.010633
5.9880606E-07,-0.010638
5.9885606E-07,-0.010643
5.9890606E-07,-0.010647
5.9895606E-07,-0.010650
5.9900606E-07,-0.010651
5.9905606E-07,-0.010652
5.9910606E-07,-0.010652
5.9915606E-07,-0.010651
5.9920606E-07,-0.010649
5.9925606E-07,-0.010646
5.9930606E-07,-0.010642
5.9935606E-07,-0.010638
5.9940606E-07,-0.010633
5.9945606E-07,-0.010627
5.9950606E-07,-0.010620
5.9955606E-07,-0.010613
5.9960606E-07,-0.010606
5.9965606E-07,-0.010598
5.9970606E-07,-0.010589
5.9975606E-07,-0.010580
5.9980606E-07,-0.010571
5.9985606E-07,-0.010561
5.9990606E-07,-0.010551
5.9995606E-07,-0.010541
6.0000606E-07,-0.010531
6.0005606E-07,-0.010520
6.0010606E-07,-0.010509
6.0015606E-07,-0.010499
6.0020606E-07,-0.010488
6.0025606E-07,-0.010477
6.0030606E-07,-0.010466
6.0035606E-07,-0.010455
6.0040606E-07,-0.010444
6.0045606E-07,-0.010433
6.0050606E-07,-0.010422
6.0055606E-07,-0.010411
6.0060606E-07,-0.010401
6.0065606E-07,-0.010390
6.0070606E-07,-0.010380
6.0075606E-07,-0.010371
6.0080606E-07,-0.010361
6.0085606E-07,-0.010352
6.0090606E-07,-0.010343
6.0095606E-07,-0.010334
6.0100606E-07,-0.010326
6.0105606E-07,-0.010318
6.0110606E-07,-0.010311
6.0115606E-07,-0.010303
6.0120606E-07,-0.010296
6.0125606E-07,-0.010289
6.0130606E-07,-0.010283
6.0135606E-07,-0.010276
6.0140606E-07,-0.010270
6.0145606E-07,-0.010263
6.0150606E-07,-0.010257
6.0155606E-07,-0.010251
6.0160606E-07,-0.010244
6.0165606E-07,-0.010238
6.0170606E-07,-0.010232
6.0175606E-07,-0.010225
6.0180606E-07,-0.010219
6.0185606E-07,-0.010214
6.0190606E-07,-0.010208
6.0195606E-07,-0.010203
6.0200606E-07,-0.010198
6.0205606E-07,-0.010194
6.0210606E-07,-0.010191
6.0215606E-07,-0.010188
6.0220606E-07,-0.010186
6.0225606E-07,-0.010184
6.0230606E-07,-0.010183
6.0235606E-07,-0.010183
6.0240606E-07,-0.010184
6.0245606E-07,-0.010185
6.0250606E-07,-0.010186
6.0255606E-07,-0.010188
6.0260606E-07,-0.010191
6.0265606E-07,-0.010194
6.0270606E-07,-0.010197
6.0275606E-07,-0.010201
6.0280606E-07,-0.010205
6.0285606E-07,-0.010209
6.0290606E-07,-0.010213
6.0295606E-07,-0.010218
6.0300606E-07,-0.010222
6.0305606E-07,-0.010227
6.0310606E-07,-0.010232
6.0315606E-07,-0.010238
6.0320606E-07,-0.010243
6.0325606E-07,-0.010249
6.0330606E-07,-0.010255
6.0335606E-07,-0.010261
6.0340606E-07,-0.010267
6.0345606E-07,-0.010273
6.0350606E-07,-0.010279
6.0355606E-07,-0.010285
6.0360606E-07,-0.010290
6.0365606E-07,-0.010295
6.0370606E-07,-0.010300
6.0375606E-07,-0.010303
6.0380606E-07,-0.010306
6.0385606E-07,-0.010307
6.0390606E-07,-0.010307
6.0395606E-07,-0.010307
6.0400606E-07,-0.010305
6.0405606E-07,-0.010302
6.0410606E-07,-0.010298
6.0415606E-07,-0.010293
6.0420606E-07,-0.010287
6.0425606E-07,-0.010280
6.0430606E-07,-0.010273
6.0435606E-07,-0.010266
6.0440606E-07,-0.010258
6.0445606E-07,-0.010251
6.0450606E-07,-0.010245
6.0455606E-07,-0.010239
6.0460606E-07,-0.010234
6.0465606E-07,-0.010231
6.0470606E-07,-0.010229
6.0475606E-07,-0.010228
6.0480606E-07,-0.010230
6.0485606E-07,-0.010233
6.0490606E-07,-0.010238
6.0495606E-07,-0.010245
6.0500606E-07,-0.010254
6.0505606E-07,-0.010264
6.0510606E-07,-0.010276
6.0515606E-07,-0.010290
6.0520606E-07,-0.010306
6.0525606E-07,-0.010322
6.0530606E-07,-0.010340
6.0535606E-07,-0.010358
6.0540606E-07,-0.010377
6.0545606E-07,-0.010396
6.0550606E-07,-0.010415
6.0555606E-07,-0.010434
6.0560606E-07,-0.010453
6.0565606E-07,-0.010471
6.0570606E-07,-0.010489
6.0575606E-07,-0.010505
6.0580606E-07,-0.010520
6.0585606E-07,-0.010534
6.0590606E-07,-0.010547
6.0595606E-07,-0.010558
6.0600606E-07,-0.010568
6.0605606E-07,-0.010576
6.0610606E-07,-0.010583
6.0615606E-07,-0.010588
6.0620606E-07,-0.010592
6.0625606E-07,-0.010595
6.0630606E-07,-0.010597
6.0635606E-07,-0.010597
6.0640606E-07,-0.010597
6.0645606E-07,-0.010595
6.0650606E-07,-0.010593
6.0655606E-07,-0.010590
6.0660606E-07,-0.010587
6.0665606E-07,-0.010583
6.0670606E-07,-0.010579
6.0675606E-07,-0.010575
6.0680606E-07,-0.010570
6.0685606E-07,-0.010565
6.0690606E-07,-0.010559
6.0695606E-07,-0.010553
6.0700606E-07,-0.010547
6.0705606E-07,-0.010541
6.0710606E-07,-0.010534
6.0715606E-07,-0.010526
6.0720606E-07,-0.010518
6.0725606E-07,-0.010510
6.0730606E-07,-0.010501
6.0735606E-07,-0.010491
6.0740606E-07,-0.010482
6.0745606E-07,-0.010471
6.0750606E-07,-0.010460
6.0755606E-07,-0.010449
6.0760606E-07,-0.010438
6.0765606E-07,-0.010427
6.0770606E-07,-0.010416
6.0775606E-07,-0.010405
6.0780606E-07,-0.010395
6.0785606E-07,-0.010385
6.0790606E-07,-0.010376
6.0795606E-07,-0.010368
6.0800606E-07,-0.010361
6.0805606E-07,-0.010355
6.0810606E-07,-0.010350
6.0815606E-07,-0.010347
6.0820606E-07,-0.010344
6.0825606E-07,-0.010343
6.0830606E-07,-0.010344
6.0835606E-07,-0.010345
6.0840606E-07,-0.010347
6.0845606E-07,-0.010351
6.0850606E-07,-0.010355
6.0855606E-07,-0.010360
6.0860606E-07,-0.010366
6.0865606E-07,-0.010372
6.0870606E-07,-0.010379
6.0875606E-07,-0.010386
6.0880606E-07,-0.010393
6.0885606E-07,-0.010400
6.0890606E-07,-0.010407
6.0895606E-07,-0.010413
6.0900606E-07,-0.010420
6.0905606E-07,-0.010426
6.0910606E-07,-0.010432
6.0915606E-07,-0.010438
6.0920606E-07,-0.010443
6.0925606E-07,-0.010448
6.0930606E-07,-0.010453
6.0935606E-07,-0.010456
6.0940606E-07,-0.010460
6.0945606E-07,-0.010463
6.0950606E-07,-0.010465
6.0955606E-07,-0.010467
6.0960606E-07,-0.010468
6.0965606E-07,-0.010469
6.0970606E-07,-0.010469
6.0975606E-07,-0.010469
6.0980606E-07,-0.010469
6.0985606E-07,-0.010468
6.0990606E-07,-0.010466
6.0995606E-07,-0.010464
6.1000606E-07,-0.010462
6.1005606E-07,-0.010460
6.1010606E-07,-0.010458
6.1015606E-07,-0.010456
6.1020606E-07,-0.010454
6.1025606E-07,-0.010451
6.1030606E-07,-0.010449
6.1035606E-07,-0.010448
6.1040606E-07,-0.010446
6.1045606E-07,-0.010445
6.1050606E-07,-0.010444
6.1055606E-07,-0.010443
6.1060606E-07,-0.010442
6.1065606E-07,-0.010442
6.1070606E-07,-0.010442
6.1075606E-07,-0.010442
6.1080606E-07,-0.010441
6.1085606E-07,-0.010441
6.1090606E-07,-0.010441
6.1095606E-07,-0.010441
6.1100606E-07,-0.010440
6.1105606E-07,-0.010439
6.1110606E-07,-0.010437
6.1115606E-07,-0.010434
6.1120606E-07,-0.010432
6.1125606E-07,-0.010428
6.1130606E-07,-0.010424
6.1135606E-07,-0.010418
6.1140606E-07,-0.010413
6.1145606E-07,-0.010406
6.1150606E-07,-0.010398
6.1155606E-07,-0.010390
6.1160606E-07,-0.010381
6.1165606E-07,-0.010371
6.1170606E-07,-0.010361
6.1175606E-07,-0.010350
6.1180606E-07,-0.010339
6.1185606E-07,-0.010327
6.1190606E-07,-0.010314
6.1195606E-07,-0.010302
6.1200606E-07,-0.010289
6.1205606E-07,-0.010276
6.1210606E-07,-0.010263
6.1215606E-07,-0.010251
6.1220606E-07,-0.010238
6.1225606E-07,-0.010226
6.1230606E-07,-0.010214
6.1235606E-07,-0.010202
6.1240606E-07,-0.010190
6.1245606E-07,-0.010179
6.1250606E-07,-0.010169
6.1255606E-07,-0.010159
6.1260606E-07,-0.010149
6.1265606E-07,-0.010140
6.1270606E-07,-0.010132
6.1275606E-07,-0.010124
6.1280606E-07,-0.010116
6.1285606E-07,-0.010109
6.1290606E-07,-0.010102
6.1295606E-07,-0.010096
6.1300606E-07,-0.010090
6.1305606E-07,-0.010084
6.1310606E-07,-0.010080
6.1315606E-07,-0.010075
6.1320606E-07,-0.010072
6.1325606E-07,-0.010069
6.1330606E-07,-0.010067
6.1335606E-07,-0.010065
6.1340606E-07,-0.010065
6.1345606E-07,-0.010065
6.1350606E-07,-0.010067
6.1355606E-07,-0.010070
6.1360606E-07,-0.010073
6.1365606E-07,-0.010078
6.1370606E-07,-0.010084
6.1375606E-07,-0.010090
6.1380606E-07,-0.010098
6.1385606E-07,-0.010107
6.1390606E-07,-0.010116
6.1395606E-07,-0.010126
6.1400606E-07,-0.010137
6.1405606E-07,-0.010148
6.1410606E-07,-0.010159
6.1415606E-07,-0.010171
6.1420606E-07,-0.010182
6.1425606E-07,-0.010194
6.1430606E-07,-0.010206
6.1435606E-07,-0.010217
6.1440606E-07,-0.010228
6.1445606E-07,-0.010239
6.1450606E-07,-0.010250
6.1455606E-07,-0.010260
6.1460606E-07,-0.010270
6.1465606E-07,-0.010279
6.1470606E-07,-0.010288
6.1475606E-07,-0.010297
6.1480606E-07,-0.010305
6.1485606E-07,-0.010312
6.1490606E-07,-0.010319
6.1495606E-07,-0.010326
6.1500606E-07,-0.010331
6.1505606E-07,-0.010336
6.1510606E-07,-0.010341
6.1515606E-07,-0.010344
6.1520606E-07,-0.010347
6.1525606E-07,-0.010349
6.1530606E-07,-0.010350
6.1535606E-07,-0.010350
6.1540606E-07,-0.010349
6.1545606E-07,-0.010348
6.1550606E-07,-0.010346
6.1555606E-07,-0.010343
6.1560606E-07,-0.010340
6.1565606E-07,-0.010337
6.1570606E-07,-0.010333
6.1575606E-07,-0.010329
6.1580606E-07,-0.010326
6.1585606E-07,-0.010323
6.1590606E-07,-0.010320
6.1595606E-07,-0.010318
6.1600606E-07,-0.010317
6.1605606E-07,-0.010317
6.1610606E-07,-0.010318
6.1615606E-07,-0.010320
6.1620606E-07,-0.010323
6.1625606E-07,-0.010327
6.1630606E-07,-0.010332
6.1635606E-07,-0.010338
6.1640606E-07,-0.010345
6.1645606E-07,-0.010352
6.1650606E-07,-0.010360
6.1655606E-07,-0.010368
6.1660606E-07,-0.010377
6.1665606E-07,-0.010385
6.1670606E-07,-0.010394
6.1675606E-07,-0.010403
6.1680606E-07,-0.010411
6.1685606E-07,-0.010419
6.1690606E-07,-0.010426
6.1695606E-07,-0.010433
6.1700606E-07,-0.010439
6.1705606E-07,-0.010444
6.1710606E-07,-0.010449
6.1715606E-07,-0.010454
6.1720606E-07,-0.010457
6.1725606E-07,-0.010460
6.1730606E-07,-0.010463
6.1735606E-07,-0.010465
6.1740606E-07,-0.010466
6.1745606E-07,-0.010467
6.1750606E-07,-0.010468
6.1755606E-07,-0.010468
6.1760606E-07,-0.010468
6.1765606E-07,-0.010468
6.1770606E-07,-0.010467
6.1775606E-07,-0.010466
6.1780606E-07,-0.010465
6.1785606E-07,-0.010464
6.1790606E-07,-0.010463
6.1795606E-07,-0.010462
6.1800606E-07,-0.010461
6.1805606E-07,-0.010460
6.1810606E-07,-0.010459
6.1815606E-07,-0.010458
6.1820606E-07,-0.010458
6.1825606E-07,-0.010457
6.1830606E-07,-0.010457
6.1835606E-07,-0.010456
6.1840606E-07,-0.010457
6.1845606E-07,-0.010457
6.1850606E-07,-0.010458
6.1855606E-07,-0.010459
6.1860606E-07,-0.010460
6.1865606E-07,-0.010462
6.1870606E-07,-0.010464
6.1875606E-07,-0.010467
6.1880606E-07,-0.010470
6.1885606E-07,-0.010473
6.1890606E-07,-0.010477
6.1895606E-07,-0.010481
6.1900606E-07,-0.010486
6.1905606E-07,-0.010491
6.1910606E-07,-0.010496
6.1915606E-07,-0.010501
6.1920606E-07,-0.010507
6.1925606E-07,-0.010513
6.1930606E-07,-0.010518
6.1935606E-07,-0.010524
6.1940606E-07,-0.010529
6.1945606E-07,-0.010534
6.1950606E-07,-0.010538
6.1955606E-07,-0.010542
6.1960606E-07,-0.010546
6.1965606E-07,-0.010549
6.1970606E-07,-0.010551
6.1975606E-07,-0.010553
6.1980606E-07,-0.010554
6.1985606E-07,-0.010555
6.1990606E-07,-0.010555
6.1995606E-07,-0.010555
6.2000606E-07,-0.010555
6.2005606E-07,-0.010554
6.2010606E-07,-0.010553
6.2015606E-07,-0.010552
6.2020606E-07,-0.010550
6.2025606E-07,-0.010549
6.2030606E-07,-0.010548
6.2035606E-07,-0.010547
6.2040606E-07,-0.010547
6.2045606E-07,-0.010546
6.2050606E-07,-0.010546
6.2055606E-07,-0.010545
6.2060606E-07,-0.010545
6.2065606E-07,-0.010544
6.2070606E-07,-0.010543
6.2075606E-07,-0.010543
6.2080606E-07,-0.010541
6.2085606E-07,-0.010540
6.2090606E-07,-0.010538
6.2095606E-07,-0.010536
6.2100606E-07,-0.010533
6.2105606E-07,-0.010531
6.2110606E-07,-0.010527
6.2115606E-07,-0.010524
6.2120606E-07,-0.010520
6.2125606E-07,-0.010517
6.2130606E-07,-0.010513
6.2135606E-07,-0.010510
6.2140606E-07,-0.010507
6.2145606E-07,-0.010504
6.2150606E-07,-0.010501
6.2155606E-07,-0.010499
6.2160606E-07,-0.010498
6.2165606E-07,-0.010497
6.2170606E-07,-0.010496
6.2175606E-07,-0.010495
6.2180606E-07,-0.010495
6.2185606E-07,-0.010495
6.2190606E-07,-0.010495
6.2195606E-07,-0.010494
6.2200606E-07,-0.010493
6.2205606E-07,-0.010492
6.2210606E-07,-0.010491
6.2215606E-07,-0.010488
6.2220606E-07,-0.010485
6.2225606E-07,-0.010482
6.2230606E-07,-0.010477
6.2235606E-07,-0.010472
6.2240606E-07,-0.010467
6.2245606E-07,-0.010461
6.2250606E-07,-0.010454
6.2255606E-07,-0.010447
6.2260606E-07,-0.010440
6.2265606E-07,-0.010433
6.2270606E-07,-0.010426
6.2275606E-07,-0.010420
6.2280606E-07,-0.010414
6.2285606E-07,-0.010408
6.2290606E-07,-0.010402
6.2295606E-07,-0.010397
6.2300606E-07,-0.010393
6.2305606E-07,-0.010389
6.2310606E-07,-0.010385
6.2315606E-07,-0.010382
6.2320606E-07,-0.010378
6.2325606E-07,-0.010375
6.2330606E-07,-0.010372
6.2335606E-07,-0.010369
6.2340606E-07,-0.010366
6.2345606E-07,-0.010363
6.2350606E-07,-0.010360
6.2355606E-07,-0.010356
6.2360606E-07,-0.010353
6.2365606E-07,-0.010350
6.2370606E-07,-0.010347
6.2375606E-07,-0.010344
6.2380606E-07,-0.010342
6.2385606E-07,-0.010340
6.2390606E-07,-0.010338
6.2395606E-07,-0.010338
6.2400606E-07,-0.010338
6.2405606E-07,-0.010339
6.2410606E-07,-0.010342
6.2415606E-07,-0.010345
6.2420606E-07,-0.010348
6.2425606E-07,-0.010353
6.2430606E-07,-0.010358
6.2435606E-07,-0.010364
6.2440606E-07,-0.010370
6.2445606E-07,-0.010376
6.2450606E-07,-0.010383
6.2455606E-07,-0.010389
6.2460606E-07,-0.010394
6.2465606E-07,-0.010399
6.2470606E-07,-0.010403
6.2475606E-07,-0.010406
6.2480606E-07,-0.010408
6.2485606E-07,-0.010409
6.2490606E-07,-0.010408
6.2495606E-07,-0.010407
6.2500606E-07,-0.010405
6.2505606E-07,-0.010401
6.2510606E-07,-0.010397
6.2515606E-07,-0.010392
6.2520606E-07,-0.010387
6.2525606E-07,-0.010381
6.2530606E-07,-0.010375
6.2535606E-07,-0.010370
6.2540606E-07,-0.010364
6.2545606E-07,-0.010360
6.2550606E-07,-0.010356
6.2555606E-07,-0.010353
6.2560606E-07,-0.010352
6.2565606E-07,-0.010351
6.2570606E-07,-0.010352
6.2575606E-07,-0.010354
6.2580606E-07,-0.010357
6.2585606E-07,-0.010361
6.2590606E-07,-0.010367
6.2595606E-07,-0.010373
6.2600606E-07,-0.010380
6.2605606E-07,-0.010388
6.2610606E-07,-0.010396
6.2615606E-07,-0.010404
6.2620606E-07,-0.010413
6.2625606E-07,-0.010421
6.2630606E-07,-0.010428
6.2635606E-07,-0.010435
6.2640606E-07,-0.010441
6.2645606E-07,-0.010446
6.2650606E-07,-0.010450
6.2655606E-07,-0.010453
6.2660606E-07,-0.010455
6.2665606E-07,-0.010456
6.2670606E-07,-0.010456
6.2675606E-07,-0.010455
6.2680606E-07,-0.010454
6.2685606E-07,-0.010451
6.2690606E-07,-0.010449
6.2695606E-07,-0.010446
6.2700606E-07,-0.010443
6.2705606E-07,-0.010440
6.2710606E-07,-0.010437
6.2715606E-07,-0.010435
6.2720606E-07,-0.010433
6.2725606E-07,-0.010432
6.2730606E-07,-0.010431
6.2735606E-07,-0.010431
6.2740606E-07,-0.010431
6.2745606E-07,-0.010431
6.2750606E-07,-0.010432
6.2755606E-07,-0.010433
6.2760606E-07,-0.010434
6.2765606E-07,-0.010436
6.2770606E-07,-0.010437
6.2775606E-07,-0.010437
6.2780606E-07,-0.010438
6.2785606E-07,-0.010438
6.2790606E-07,-0.010438
6.2795606E-07,-0.010437
6.2800606E-07,-0.010436
6.2805606E-07,-0.010435
6.2810606E-07,-0.010434
6.2815606E-07,-0.010432
6.2820606E-07,-0.010431
6.2825606E-07,-0.010429
6.2830606E-07,-0.010428
6.2835606E-07,-0.010426
6.2840606E-07,-0.010426
6.2845606E-07,-0.010425
6.2850606E-07,-0.010425
6.2855606E-07,-0.010426
6.2860606E-07,-0.010427
6.2865606E-07,-0.010428
6.2870606E-07,-0.010429
6.2875606E-07,-0.010431
6.2880606E-07,-0.010433
6.2885606E-07,-0.010435
6.2890606E-07,-0.010437
6.2895606E-07,-0.010438
6.2900606E-07,-0.010440
6.2905606E-07,-0.010441
6.2910606E-07,-0.010441
6.2915606E-07,-0.010442
6.2920606E-07,-0.010442
6.2925606E-07,-0.010442
6.2930606E-07,-0.010441
6.2935606E-07,-0.010441
6.2940606E-07,-0.010440
6.2945606E-07,-0.010439
6.2950606E-07,-0.010439
6.2955606E-07,-0.010438
6.2960606E-07,-0.010438
6.2965606E-07,-0.010439
6.2970606E-07,-0.010440
6.2975606E-07,-0.010441
6.2980606E-07,-0.010443
6.2985606E-07,-0.010445
6.2990606E-07,-0.010447
6.2995606E-07,-0.010450
6.3000606E-07,-0.010453
6.3005606E-07,-0.010456
6.3010606E-07,-0.010459
6.3015606E-07,-0.010463
6.3020606E-07,-0.010466
6.3025606E-07,-0.010469
6.3030606E-07,-0.010471
6.3035606E-07,-0.010474
6.3040606E-07,-0.010476
6.3045606E-07,-0.010478
6.3050606E-07,-0.010480
6.3055606E-07,-0.010481
6.3060606E-07,-0.010483
6.3065606E-07,-0.010484
6.3070606E-07,-0.010486
6.3075606E-07,-0.010487
6.3080606E-07,-0.010489
6.3085606E-07,-0.010490
6.3090606E-07,-0.010492
6.3095606E-07,-0.010494
6.3100606E-07,-0.010496
6.3105606E-07,-0.010498
6.3110606E-07,-0.010500
6.3115606E-07,-0.010502
6.3120606E-07,-0.010504
6.3125606E-07,-0.010505
6.3130606E-07,-0.010506
6.3135606E-07,-0.010507
6.3140606E-07,-0.010507
6.3145606E-07,-0.010507
6.3150606E-07,-0.010506
6.3155606E-07,-0.010504
6.3160606E-07,-0.010501
6.3165606E-07,-0.010498
6.3170606E-07,-0.010494
6.3175606E-07,-0.010489
6.3180606E-07,-0.010484
6.3185606E-07,-0.010477
6.3190606E-07,-0.010470
6.3195606E-07,-0.010463
6.3200606E-07,-0.010455
6.3205606E-07,-0.010447
6.3210606E-07,-0.010438
6.3215606E-07,-0.010429
6.3220606E-07,-0.010420
6.3225606E-07,-0.010410
6.3230606E-07,-0.010401
6.3235606E-07,-0.010390
6.3240606E-07,-0.010380
6.3245606E-07,-0.010370
6.3250606E-07,-0.010359
6.3255606E-07,-0.010347
6.3260606E-07,-0.010336
6.3265606E-07,-0.010324
6.3270606E-07,-0.010311
6.3275606E-07,-0.010299
6.3280606E-07,-0.010286
6.3285606E-07,-0.010272
6.3290606E-07,-0.010259
6.3295606E-07,-0.010245
6.3300606E-07,-0.010231
6.3305606E-07,-0.010217
6.3310606E-07,-0.010203
6.3315606E-07,-0.010189
6.3320606E-07,-0.010175
6.3325606E-07,-0.010162
6.3330606E-07,-0.010150
6.3335606E-07,-0.010138
6.3340606E-07,-0.010127
6.3345606E-07,-0.010117
6.3350606E-07,-0.010109
6.3355606E-07,-0.010101
6.3360606E-07,-0.010094
6.3365606E-07,-0.010088
6.3370606E-07,-0.010084
6.3375606E-07,-0.010081
6.3380606E-07,-0.010079
6.3385606E-07,-0.010078
6.3390606E-07,-0.010079
6.3395606E-07,-0.010080
6.3400606E-07,-0.010083
6.3405606E-07,-0.010086
6.3410606E-07,-0.010090
6.3415606E-07,-0.010094
6.3420606E-07,-0.010100
6.3425606E-07,-0.010105
6.3430606E-07,-0.010111
6.3435606E-07,-0.010117
6.3440606E-07,-0.010124
6.3445606E-07,-0.010130
6.3450606E-07,-0.010137
6.3455606E-07,-0.010143
6.3460606E-07,-0.010149
6.3465606E-07,-0.010156
6.3470606E-07,-0.010162
6.3475606E-07,-0.010168
6.3480606E-07,-0.010174
6.3485606E-07,-0.010179
6.3490606E-07,-0.010185
6.3495606E-07,-0.010191
6.3500606E-07,-0.010196
6.3505606E-07,-0.010201
6.3510606E-07,-0.010207
6.3515606E-07,-0.010212
6.3520606E-07,-0.010217
6.3525606E-07,-0.010221
6.3530606E-07,-0.010226
6.3535606E-07,-0.010230
6.3540606E-07,-0.010234
6.3545606E-07,-0.010237
6.3550606E-07,-0.010240
6.3555606E-07,-0.010243
6.3560606E-07,-0.010245
6.3565606E-07,-0.010246
6.3570606E-07,-0.010246
6.3575606E-07,-0.010246
6.3580606E-07,-0.010245
6.3585606E-07,-0.010243
6.3590606E-07,-0.010240
6.3595606E-07,-0.010237
6.3600606E-07,-0.010233
6.3605606E-07,-0.010229
6.3610606E-07,-0.010224
6.3615606E-07,-0.010218
6.3620606E-07,-0.010213
6.3625606E-07,-0.010207
6.3630606E-07,-0.010201
6.3635606E-07,-0.010195
6.3640606E-07,-0.010189
6.3645606E-07,-0.010183
6.3650606E-07,-0.010177
6.3655606E-07,-0.010172
6.3660606E-07,-0.010167
6.3665606E-07,-0.010162
6.3670606E-07,-0.010157
6.3675606E-07,-0.010153
6.3680606E-07,-0.010149
6.3685606E-07,-0.010146
6.3690606E-07,-0.010143
6.3695606E-07,-0.010140
6.3700606E-07,-0.010138
6.3705606E-07,-0.010137
6.3710606E-07,-0.010136
6.3715606E-07,-0.010137
6.3720606E-07,-0.010138
6.3725606E-07,-0.010140
6.3730606E-07,-0.010144
6.3735606E-07,-0.010148
6.3740606E-07,-0.010155
6.3745606E-07,-0.010163
6.3750606E-07,-0.010172
6.3755606E-07,-0.010183
6.3760606E-07,-0.010195
6.3765606E-07,-0.010209
6.3770606E-07,-0.010224
6.3775606E-07,-0.010241
6.3780606E-07,-0.010258
6.3785606E-07,-0.010276
6.3790606E-07,-0.010295
6.3795606E-07,-0.010313
6.3800606E-07,-0.010332
6.3805606E-07,-0.010350
6.3810606E-07,-0.010368
6.3815606E-07,-0.010385
6.3820606E-07,-0.010401
6.3825606E-07,-0.010415
6.3830606E-07,-0.010428
6.3835606E-07,-0.010440
6.3840606E-07,-0.010450
6.3845606E-07,-0.010459
6.3850606E-07,-0.010467
6.3855606E-07,-0.010473
6.3860606E-07,-0.010478
6.3865606E-07,-0.010482
6.3870606E-07,-0.010486
6.3875606E-07,-0.010488
6.3880606E-07,-0.010490
6.3885606E-07,-0.010492
6.3890606E-07,-0.010493
6.3895606E-07,-0.010494
6.3900606E-07,-0.010494
6.3905606E-07,-0.010494
6.3910606E-07,-0.010494
6.3915606E-07,-0.010493
6.3920606E-07,-0.010491
6.3925606E-07,-0.010489
6.3930606E-07,-0.010486
6.3935606E-07,-0.010482
6.3940606E-07,-0.010477
6.3945606E-07,-0.010471
6.3950606E-07,-0.010465
6.3955606E-07,-0.010457
6.3960606E-07,-0.010448
6.3965606E-07,-0.010439
6.3970606E-07,-0.010429
6.3975606E-07,-0.010419
6.3980606E-07,-0.010409
6.3985606E-07,-0.010399
6.3990606E-07,-0.010390
6.3995606E-07,-0.010381
6.4000606E-07,-0.010373
6.4005606E-07,-0.010366
6.4010606E-07,-0.010361
6.4015606E-07,-0.010357
6.4020606E-07,-0.010355
6.4025606E-07,-0.010354
6.4030606E-07,-0.010355
6.4035606E-07,-0.010357
6.4040606E-07,-0.010361
6.4045606E-07,-0.010366
6.4050606E-07,-0.010372
6.4055606E-07,-0.010379
6.4060606E-07,-0.010386
6.4065606E-07,-0.010394
6.4070606E-07,-0.010401
6.4075606E-07,-0.010409
6.4080606E-07,-0.010416
6.4085606E-07,-0.010422
6.4090606E-07,-0.010428
6.4095606E-07,-0.010432
6.4100606E-07,-0.010436
6.4105606E-07,-0.010439
6.4110606E-07,-0.010441
6.4115606E-07,-0.010441
6.4120606E-07,-0.010441
6.4125606E-07,-0.010440
6.4130606E-07,-0.010438
6.4135606E-07,-0.010436
6.4140606E-07,-0.010433
6.4145606E-07,-0.010430
6.4150606E-07,-0.010427
6.4155606E-07,-0.010423
6.4160606E-07,-0.010420
6.4165606E-07,-0.010417
6.4170606E-07,-0.010415
6.4175606E-07,-0.010412
6.4180606E-07,-0.010411
6.4185606E-07,-0.010409
6.4190606E-07,-0.010408
6.4195606E-07,-0.010408
6.4200606E-07,-0.010408
6.4205606E-07,-0.010408
6.4210606E-07,-0.010408
6.4215606E-07,-0.010408
6.4220606E-07,-0.010409
6.4225606E-07,-0.010409
6.4230606E-07,-0.010409
6.4235606E-07,-0.010409
6.4240606E-07,-0.010409
6.4245606E-07,-0.010408
6.4250606E-07,-0.010407
6.4255606E-07,-0.010405
6.4260606E-07,-0.010402
6.4265606E-07,-0.010400
6.4270606E-07,-0.010397
6.4275606E-07,-0.010393
6.4280606E-07,-0.010390
6.4285606E-07,-0.010386
6.4290606E-07,-0.010382
6.4295606E-07,-0.010378
6.4300606E-07,-0.010375
6.4305606E-07,-0.010371
6.4310606E-07,-0.010368
6.4315606E-07,-0.010365
6.4320606E-07,-0.010363
6.4325606E-07,-0.010361
6.4330606E-07,-0.010359
6.4335606E-07,-0.010358
6.4340606E-07,-0.010357
6.4345606E-07,-0.010356
6.4350606E-07,-0.010355
6.4355606E-07,-0.010354
6.4360606E-07,-0.010353
6.4365606E-07,-0.010352
6.4370606E-07,-0.010351
6.4375606E-07,-0.010349
6.4380606E-07,-0.010347
6.4385606E-07,-0.010345
6.4390606E-07,-0.010343
6.4395606E-07,-0.010341
6.4400606E-07,-0.010338
6.4405606E-07,-0.010335
6.4410606E-07,-0.010333
6.4415606E-07,-0.010331
6.4420606E-07,-0.010329
6.4425606E-07,-0.010327
6.4430606E-07,-0.010326
6.4435606E-07,-0.010325
6.4440606E-07,-0.010325
6.4445606E-07,-0.010326
6.4450606E-07,-0.010327
6.4455606E-07,-0.010328
6.4460606E-07,-0.010330
6.4465606E-07,-0.010333
6.4470606E-07,-0.010335
6.4475606E-07,-0.010337
6.4480606E-07,-0.010340
6.4485606E-07,-0.010342
6.4490606E-07,-0.010344
6.4495606E-07,-0.010345
6.4500606E-07,-0.010345
6.4505606E-07,-0.010345
6.4510606E-07,-0.010344
6.4515606E-07,-0.010342
6.4520606E-07,-0.010339
6.4525606E-07,-0.010335
6.4530606E-07,-0.010331
6.4535606E-07,-0.010325
6.4540606E-07,-0.010319
6.4545606E-07,-0.010313
6.4550606E-07,-0.010306
6.4555606E-07,-0.010298
6.4560606E-07,-0.010291
6.4565606E-07,-0.010283
6.4570606E-07,-0.010275
6.4575606E-07,-0.010267
6.4580606E-07,-0.010259
6.4585606E-07,-0.010251
6.4590606E-07,-0.010243
6.4595606E-07,-0.010235
6.4600606E-07,-0.010227
6.4605606E-07,-0.010219
6.4610606E-07,-0.010211
6.4615606E-07,-0.010203
6.4620606E-07,-0.010195
6.4625606E-07,-0.010187
6.4630606E-07,-0.010179
6.4635606E-07,-0.010172
6.4640606E-07,-0.010164
6.4645606E-07,-0.010157
6.4650606E-07,-0.010150
6.4655606E-07,-0.010144
6.4660606E-07,-0.010139
6.4665606E-07,-0.010134
6.4670606E-07,-0.010131
6.4675606E-07,-0.010129
6.4680606E-07,-0.010128
6.4685606E-07,-0.010129
6.4690606E-07,-0.010131
6.4695606E-07,-0.010135
6.4700606E-07,-0.010140
6.4705606E-07,-0.010147
6.4710606E-07,-0.010155
6.4715606E-07,-0.010165
6.4720606E-07,-0.010176
6.4725606E-07,-0.010187
6.4730606E-07,-0.010200
6.4735606E-07,-0.010213
6.4740606E-07,-0.010227
6.4745606E-07,-0.010241
6.4750606E-07,-0.010256
6.4755606E-07,-0.010270
6.4760606E-07,-0.010284
6.4765606E-07,-0.010299
6.4770606E-07,-0.010313
6.4775606E-07,-0.010327
6.4780606E-07,-0.010340
6.4785606E-07,-0.010354
6.4790606E-07,-0.010368
6.4795606E-07,-0.010381
6.4800606E-07,-0.010395
6.4805606E-07,-0.010409
6.4810606E-07,-0.010422
6.4815606E-07,-0.010437
6.4820606E-07,-0.010451
6.4825606E-07,-0.010466
6.4830606E-07,-0.010481
6.4835606E-07,-0.010495
6.4840606E-07,-0.010510
6.4845606E-07,-0.010525
6.4850606E-07,-0.010540
6.4855606E-07,-0.010554
6.4860606E-07,-0.010567
6.4865606E-07,-0.010580
6.4870606E-07,-0.010591
6.4875606E-07,-0.010602
6.4880606E-07,-0.010611
6.4885606E-07,-0.010618
6.4890606E-07,-0.010625
6.4895606E-07,-0.010630
6.4900606E-07,-0.010633
6.4905606E-07,-0.010635
6.4910606E-07,-0.010636
6.4915606E-07,-0.010635
6.4920606E-07,-0.010634
6.4925606E-07,-0.010631
6.4930606E-07,-0.010628
6.4935606E-07,-0.010625
6.4940606E-07,-0.010621
6.4945606E-07,-0.010617
6.4950606E-07,-0.010614
6.4955606E-07,-0.010611
6.4960606E-07,-0.010608
6.4965606E-07,-0.010606
6.4970606E-07,-0.010605
6.4975606E-07,-0.010604
6.4980606E-07,-0.010604
6.4985606E-07,-0.010605
6.4990606E-07,-0.010606
6.4995606E-07,-0.010608
6.5000606E-07,-0.010609
6.5005606E-07,-0.010611
6.5010606E-07,-0.010613
6.5015606E-07,-0.010614
6.5020606E-07,-0.010615
6.5025606E-07,-0.010615
6.5030606E-07,-0.010615
6.5035606E-07,-0.010613
6.5040606E-07,-0.010610
6.5045606E-07,-0.010606
6.5050606E-07,-0.010601
6.5055606E-07,-0.010595
6.5060606E-07,-0.010587
6.5065606E-07,-0.010579
6.5070606E-07,-0.010569
6.5075606E-07,-0.010559
6.5080606E-07,-0.010549
6.5085606E-07,-0.010538
6.5090606E-07,-0.010527
6.5095606E-07,-0.010515
6.5100606E-07,-0.010504
6.5105606E-07,-0.010494
6.5110606E-07,-0.010483
6.5115606E-07,-0.010474
6.5120606E-07,-0.010465
6.5125606E-07,-0.010456
6.5130606E-07,-0.010448
6.5135606E-07,-0.010441
6.5140606E-07,-0.010434
6.5145606E-07,-0.010427
6.5150606E-07,-0.010421
6.5155606E-07,-0.010415
6.5160606E-07,-0.010408
6.5165606E-07,-0.010402
6.5170606E-07,-0.010396
6.5175606E-07,-0.010389
6.5180606E-07,-0.010382
6.5185606E-07,-0.010375
6.5190606E-07,-0.010367
6.5195606E-07,-0.010359
6.5200606E-07,-0.010351
6.5205606E-07,-0.010343
6.5210606E-07,-0.010335
6.5215606E-07,-0.010327
6.5220606E-07,-0.010319
6.5225606E-07,-0.010311
6.5230606E-07,-0.010304
6.5235606E-07,-0.010297
6.5240606E-07,-0.010290
6.5245606E-07,-0.010285
6.5250606E-07,-0.010279
6.5255606E-07,-0.010275
6.5260606E-07,-0.010271
6.5265606E-07,-0.010267
6.5270606E-07,-0.010263
6.5275606E-07,-0.010260
6.5280606E-07,-0.010257
6.5285606E-07,-0.010254
6.5290606E-07,-0.010251
6.5295606E-07,-0.010249
6.5300606E-07,-0.010246
6.5305606E-07,-0.010243
6.5310606E-07,-0.010240
6.5315606E-07,-0.010237
6.5320606E-07,-0.010235
6.5325606E-07,-0.010233
6.5330606E-07,-0.010231
6.5335606E-07,-0.010230
6.5340606E-07,-0.010231
6.5345606E-07,-0.010232
6.5350606E-07,-0.010235
6.5355606E-07,-0.010239
6.5360606E-07,-0.010245
6.5365606E-07,-0.010253
6.5370606E-07,-0.010262
6.5375606E-07,-0.010274
6.5380606E-07,-0.010287
6.5385606E-07,-0.010303
6.5390606E-07,-0.010320
6.5395606E-07,-0.010339
6.5400606E-07,-0.010360
6.5405606E-07,-0.010382
6.5410606E-07,-0.010405
6.5415606E-07,-0.010430
6.5420606E-07,-0.010455
6.5425606E-07,-0.010482
6.5430606E-07,-0.010509
6.5435606E-07,-0.010536
