LECROYWaveRunner‘N,20113,Waveform
Segments,1,SegmentSize,4002
Segment,TrigTime,TimeSinceSegment1
#1,12-Dec-2018 11:24:02,0                 
Time,Ampl
4.5690947E-07,-0.010664
4.5695947E-07,-0.010663
4.5700947E-07,-0.010662
4.5705947E-07,-0.010659
4.5710947E-07,-0.010655
4.5715947E-07,-0.010649
4.5720947E-07,-0.010640
4.5725947E-07,-0.010630
4.5730947E-07,-0.010617
4.5735947E-07,-0.010602
4.5740947E-07,-0.010585
4.5745947E-07,-0.010566
4.5750947E-07,-0.010547
4.5755947E-07,-0.010526
4.5760947E-07,-0.010506
4.5765947E-07,-0.010486
4.5770947E-07,-0.010467
4.5775947E-07,-0.010449
4.5780947E-07,-0.010434
4.5785947E-07,-0.010421
4.5790947E-07,-0.010411
4.5795947E-07,-0.010403
4.5800947E-07,-0.010398
4.5805947E-07,-0.010396
4.5810947E-07,-0.010397
4.5815947E-07,-0.010399
4.5820947E-07,-0.010404
4.5825947E-07,-0.010409
4.5830947E-07,-0.010415
4.5835947E-07,-0.010420
4.5840947E-07,-0.010425
4.5845947E-07,-0.010429
4.5850947E-07,-0.010430
4.5855947E-07,-0.010430
4.5860947E-07,-0.010427
4.5865947E-07,-0.010422
4.5870947E-07,-0.010413
4.5875947E-07,-0.010403
4.5880947E-07,-0.010390
4.5885947E-07,-0.010375
4.5890947E-07,-0.010359
4.5895947E-07,-0.010342
4.5900947E-07,-0.010325
4.5905947E-07,-0.010308
4.5910947E-07,-0.010292
4.5915947E-07,-0.010279
4.5920947E-07,-0.010267
4.5925947E-07,-0.010258
4.5930947E-07,-0.010252
4.5935947E-07,-0.010249
4.5940947E-07,-0.010250
4.5945947E-07,-0.010253
4.5950947E-07,-0.010259
4.5955947E-07,-0.010267
4.5960947E-07,-0.010276
4.5965947E-07,-0.010287
4.5970947E-07,-0.010298
4.5975947E-07,-0.010309
4.5980947E-07,-0.010320
4.5985947E-07,-0.010328
4.5990947E-07,-0.010335
4.5995947E-07,-0.010339
4.6000947E-07,-0.010340
4.6005947E-07,-0.010339
4.6010947E-07,-0.010334
4.6015947E-07,-0.010327
4.6020947E-07,-0.010318
4.6025947E-07,-0.010307
4.6030947E-07,-0.010294
4.6035947E-07,-0.010280
4.6040947E-07,-0.010266
4.6045947E-07,-0.010253
4.6050947E-07,-0.010240
4.6055947E-07,-0.010229
4.6060947E-07,-0.010220
4.6065947E-07,-0.010213
4.6070947E-07,-0.010208
4.6075947E-07,-0.010205
4.6080947E-07,-0.010205
4.6085947E-07,-0.010206
4.6090947E-07,-0.010209
4.6095947E-07,-0.010213
4.6100947E-07,-0.010218
4.6105947E-07,-0.010222
4.6110947E-07,-0.010226
4.6115947E-07,-0.010229
4.6120947E-07,-0.010231
4.6125947E-07,-0.010230
4.6130947E-07,-0.010228
4.6135947E-07,-0.010224
4.6140947E-07,-0.010218
4.6145947E-07,-0.010210
4.6150947E-07,-0.010201
4.6155947E-07,-0.010191
4.6160947E-07,-0.010181
4.6165947E-07,-0.010171
4.6170947E-07,-0.010162
4.6175947E-07,-0.010154
4.6180947E-07,-0.010149
4.6185947E-07,-0.010147
4.6190947E-07,-0.010147
4.6195947E-07,-0.010151
4.6200947E-07,-0.010158
4.6205947E-07,-0.010168
4.6210947E-07,-0.010182
4.6215947E-07,-0.010198
4.6220947E-07,-0.010216
4.6225947E-07,-0.010236
4.6230947E-07,-0.010257
4.6235947E-07,-0.010278
4.6240947E-07,-0.010298
4.6245947E-07,-0.010317
4.6250947E-07,-0.010334
4.6255947E-07,-0.010348
4.6260947E-07,-0.010360
4.6265947E-07,-0.010368
4.6270947E-07,-0.010373
4.6275947E-07,-0.010375
4.6280947E-07,-0.010374
4.6285947E-07,-0.010370
4.6290947E-07,-0.010364
4.6295947E-07,-0.010357
4.6300947E-07,-0.010349
4.6305947E-07,-0.010340
4.6310947E-07,-0.010332
4.6315947E-07,-0.010325
4.6320947E-07,-0.010319
4.6325947E-07,-0.010315
4.6330947E-07,-0.010313
4.6335947E-07,-0.010313
4.6340947E-07,-0.010316
4.6345947E-07,-0.010322
4.6350947E-07,-0.010329
4.6355947E-07,-0.010338
4.6360947E-07,-0.010348
4.6365947E-07,-0.010359
4.6370947E-07,-0.010371
4.6375947E-07,-0.010382
4.6380947E-07,-0.010393
4.6385947E-07,-0.010403
4.6390947E-07,-0.010412
4.6395947E-07,-0.010420
4.6400947E-07,-0.010426
4.6405947E-07,-0.010431
4.6410947E-07,-0.010435
4.6415947E-07,-0.010438
4.6420947E-07,-0.010441
4.6425947E-07,-0.010443
4.6430947E-07,-0.010446
4.6435947E-07,-0.010449
4.6440947E-07,-0.010454
4.6445947E-07,-0.010460
4.6450947E-07,-0.010468
4.6455947E-07,-0.010478
4.6460947E-07,-0.010491
4.6465947E-07,-0.010505
4.6470947E-07,-0.010521
4.6475947E-07,-0.010539
4.6480947E-07,-0.010559
4.6485947E-07,-0.010579
4.6490947E-07,-0.010599
4.6495947E-07,-0.010619
4.6500947E-07,-0.010637
4.6505947E-07,-0.010654
4.6510947E-07,-0.010668
4.6515947E-07,-0.010679
4.6520947E-07,-0.010686
4.6525947E-07,-0.010690
4.6530947E-07,-0.010690
4.6535947E-07,-0.010685
4.6540947E-07,-0.010677
4.6545947E-07,-0.010664
4.6550947E-07,-0.010648
4.6555947E-07,-0.010629
4.6560947E-07,-0.010607
4.6565947E-07,-0.010584
4.6570947E-07,-0.010560
4.6575947E-07,-0.010535
4.6580947E-07,-0.010511
4.6585947E-07,-0.010488
4.6590947E-07,-0.010467
4.6595947E-07,-0.010448
4.6600947E-07,-0.010432
4.6605947E-07,-0.010419
4.6610947E-07,-0.010408
4.6615947E-07,-0.010401
4.6620947E-07,-0.010397
4.6625947E-07,-0.010395
4.6630947E-07,-0.010396
4.6635947E-07,-0.010398
4.6640947E-07,-0.010402
4.6645947E-07,-0.010407
4.6650947E-07,-0.010411
4.6655947E-07,-0.010415
4.6660947E-07,-0.010419
4.6665947E-07,-0.010421
4.6670947E-07,-0.010422
4.6675947E-07,-0.010421
4.6680947E-07,-0.010418
4.6685947E-07,-0.010414
4.6690947E-07,-0.010409
4.6695947E-07,-0.010403
4.6700947E-07,-0.010396
4.6705947E-07,-0.010389
4.6710947E-07,-0.010382
4.6715947E-07,-0.010376
4.6720947E-07,-0.010371
4.6725947E-07,-0.010369
4.6730947E-07,-0.010368
4.6735947E-07,-0.010369
4.6740947E-07,-0.010373
4.6745947E-07,-0.010379
4.6750947E-07,-0.010388
4.6755947E-07,-0.010398
4.6760947E-07,-0.010410
4.6765947E-07,-0.010423
4.6770947E-07,-0.010436
4.6775947E-07,-0.010450
4.6780947E-07,-0.010463
4.6785947E-07,-0.010474
4.6790947E-07,-0.010484
4.6795947E-07,-0.010492
4.6800947E-07,-0.010497
4.6805947E-07,-0.010500
4.6810947E-07,-0.010500
4.6815947E-07,-0.010498
4.6820947E-07,-0.010494
4.6825947E-07,-0.010488
4.6830947E-07,-0.010481
4.6835947E-07,-0.010473
4.6840947E-07,-0.010466
4.6845947E-07,-0.010459
4.6850947E-07,-0.010454
4.6855947E-07,-0.010451
4.6860947E-07,-0.010450
4.6865947E-07,-0.010452
4.6870947E-07,-0.010456
4.6875947E-07,-0.010464
4.6880947E-07,-0.010475
4.6885947E-07,-0.010488
4.6890947E-07,-0.010503
4.6895947E-07,-0.010520
4.6900947E-07,-0.010538
4.6905947E-07,-0.010555
4.6910947E-07,-0.010572
4.6915947E-07,-0.010587
4.6920947E-07,-0.010600
4.6925947E-07,-0.010610
4.6930947E-07,-0.010617
4.6935947E-07,-0.010620
4.6940947E-07,-0.010619
4.6945947E-07,-0.010614
4.6950947E-07,-0.010606
4.6955947E-07,-0.010594
4.6960947E-07,-0.010579
4.6965947E-07,-0.010561
4.6970947E-07,-0.010542
4.6975947E-07,-0.010522
4.6980947E-07,-0.010502
4.6985947E-07,-0.010482
4.6990947E-07,-0.010463
4.6995947E-07,-0.010447
4.7000947E-07,-0.010432
4.7005947E-07,-0.010421
4.7010947E-07,-0.010412
4.7015947E-07,-0.010406
4.7020947E-07,-0.010403
4.7025947E-07,-0.010402
4.7030947E-07,-0.010403
4.7035947E-07,-0.010405
4.7040947E-07,-0.010409
4.7045947E-07,-0.010413
4.7050947E-07,-0.010417
4.7055947E-07,-0.010420
4.7060947E-07,-0.010421
4.7065947E-07,-0.010422
4.7070947E-07,-0.010420
4.7075947E-07,-0.010417
4.7080947E-07,-0.010412
4.7085947E-07,-0.010406
4.7090947E-07,-0.010398
4.7095947E-07,-0.010389
4.7100947E-07,-0.010379
4.7105947E-07,-0.010370
4.7110947E-07,-0.010360
4.7115947E-07,-0.010352
4.7120947E-07,-0.010346
4.7125947E-07,-0.010341
4.7130947E-07,-0.010339
4.7135947E-07,-0.010338
4.7140947E-07,-0.010341
4.7145947E-07,-0.010345
4.7150947E-07,-0.010352
4.7155947E-07,-0.010360
4.7160947E-07,-0.010370
4.7165947E-07,-0.010381
4.7170947E-07,-0.010393
4.7175947E-07,-0.010404
4.7180947E-07,-0.010415
4.7185947E-07,-0.010425
4.7190947E-07,-0.010434
4.7195947E-07,-0.010441
4.7200947E-07,-0.010446
4.7205947E-07,-0.010450
4.7210947E-07,-0.010451
4.7215947E-07,-0.010451
4.7220947E-07,-0.010450
4.7225947E-07,-0.010447
4.7230947E-07,-0.010444
4.7235947E-07,-0.010441
4.7240947E-07,-0.010438
4.7245947E-07,-0.010436
4.7250947E-07,-0.010436
4.7255947E-07,-0.010437
4.7260947E-07,-0.010440
4.7265947E-07,-0.010446
4.7270947E-07,-0.010454
4.7275947E-07,-0.010464
4.7280947E-07,-0.010476
4.7285947E-07,-0.010490
4.7290947E-07,-0.010505
4.7295947E-07,-0.010520
4.7300947E-07,-0.010536
4.7305947E-07,-0.010552
4.7310947E-07,-0.010566
4.7315947E-07,-0.010578
4.7320947E-07,-0.010588
4.7325947E-07,-0.010595
4.7330947E-07,-0.010599
4.7335947E-07,-0.010600
4.7340947E-07,-0.010597
4.7345947E-07,-0.010590
4.7350947E-07,-0.010580
4.7355947E-07,-0.010567
4.7360947E-07,-0.010551
4.7365947E-07,-0.010533
4.7370947E-07,-0.010514
4.7375947E-07,-0.010495
4.7380947E-07,-0.010475
4.7385947E-07,-0.010456
4.7390947E-07,-0.010439
4.7395947E-07,-0.010424
4.7400947E-07,-0.010413
4.7405947E-07,-0.010404
4.7410947E-07,-0.010399
4.7415947E-07,-0.010398
4.7420947E-07,-0.010401
4.7425947E-07,-0.010407
4.7430947E-07,-0.010417
4.7435947E-07,-0.010430
4.7440947E-07,-0.010446
4.7445947E-07,-0.010463
4.7450947E-07,-0.010482
4.7455947E-07,-0.010501
4.7460947E-07,-0.010521
4.7465947E-07,-0.010540
4.7470947E-07,-0.010557
4.7475947E-07,-0.010573
4.7480947E-07,-0.010586
4.7485947E-07,-0.010597
4.7490947E-07,-0.010605
4.7495947E-07,-0.010610
4.7500947E-07,-0.010613
4.7505947E-07,-0.010613
4.7510947E-07,-0.010611
4.7515947E-07,-0.010607
4.7520947E-07,-0.010601
4.7525947E-07,-0.010595
4.7530947E-07,-0.010589
4.7535947E-07,-0.010582
4.7540947E-07,-0.010575
4.7545947E-07,-0.010569
4.7550947E-07,-0.010564
4.7555947E-07,-0.010560
4.7560947E-07,-0.010557
4.7565947E-07,-0.010556
4.7570947E-07,-0.010555
4.7575947E-07,-0.010554
4.7580947E-07,-0.010555
4.7585947E-07,-0.010555
4.7590947E-07,-0.010555
4.7595947E-07,-0.010555
4.7600947E-07,-0.010554
4.7605947E-07,-0.010552
4.7610947E-07,-0.010548
4.7615947E-07,-0.010544
4.7620947E-07,-0.010538
4.7625947E-07,-0.010531
4.7630947E-07,-0.010523
4.7635947E-07,-0.010513
4.7640947E-07,-0.010504
4.7645947E-07,-0.010493
4.7650947E-07,-0.010483
4.7655947E-07,-0.010473
4.7660947E-07,-0.010464
4.7665947E-07,-0.010456
4.7670947E-07,-0.010449
4.7675947E-07,-0.010443
4.7680947E-07,-0.010438
4.7685947E-07,-0.010434
4.7690947E-07,-0.010431
4.7695947E-07,-0.010428
4.7700947E-07,-0.010426
4.7705947E-07,-0.010423
4.7710947E-07,-0.010419
4.7715947E-07,-0.010414
4.7720947E-07,-0.010408
4.7725947E-07,-0.010399
4.7730947E-07,-0.010388
4.7735947E-07,-0.010374
4.7740947E-07,-0.010358
4.7745947E-07,-0.010339
4.7750947E-07,-0.010318
4.7755947E-07,-0.010295
4.7760947E-07,-0.010270
4.7765947E-07,-0.010244
4.7770947E-07,-0.010219
4.7775947E-07,-0.010193
4.7780947E-07,-0.010169
4.7785947E-07,-0.010147
4.7790947E-07,-0.010127
4.7795947E-07,-0.010111
4.7800947E-07,-0.010099
4.7805947E-07,-0.010091
4.7810947E-07,-0.010087
4.7815947E-07,-0.010088
4.7820947E-07,-0.010093
4.7825947E-07,-0.010103
4.7830947E-07,-0.010115
4.7835947E-07,-0.010131
4.7840947E-07,-0.010149
4.7845947E-07,-0.010168
4.7850947E-07,-0.010188
4.7855947E-07,-0.010208
4.7860947E-07,-0.010227
4.7865947E-07,-0.010244
4.7870947E-07,-0.010259
4.7875947E-07,-0.010272
4.7880947E-07,-0.010281
4.7885947E-07,-0.010288
4.7890947E-07,-0.010292
4.7895947E-07,-0.010292
4.7900947E-07,-0.010290
4.7905947E-07,-0.010286
4.7910947E-07,-0.010280
4.7915947E-07,-0.010274
4.7920947E-07,-0.010266
4.7925947E-07,-0.010259
4.7930947E-07,-0.010252
4.7935947E-07,-0.010247
4.7940947E-07,-0.010243
4.7945947E-07,-0.010241
4.7950947E-07,-0.010241
4.7955947E-07,-0.010243
4.7960947E-07,-0.010247
4.7965947E-07,-0.010253
4.7970947E-07,-0.010260
4.7975947E-07,-0.010269
4.7980947E-07,-0.010278
4.7985947E-07,-0.010288
4.7990947E-07,-0.010298
4.7995947E-07,-0.010307
4.8000947E-07,-0.010315
4.8005947E-07,-0.010322
4.8010947E-07,-0.010327
4.8015947E-07,-0.010331
4.8020947E-07,-0.010334
4.8025947E-07,-0.010335
4.8030947E-07,-0.010335
4.8035947E-07,-0.010334
4.8040947E-07,-0.010332
4.8045947E-07,-0.010330
4.8050947E-07,-0.010329
4.8055947E-07,-0.010328
4.8060947E-07,-0.010328
4.8065947E-07,-0.010329
4.8070947E-07,-0.010332
4.8075947E-07,-0.010337
4.8080947E-07,-0.010343
4.8085947E-07,-0.010352
4.8090947E-07,-0.010362
4.8095947E-07,-0.010375
4.8100947E-07,-0.010388
4.8105947E-07,-0.010402
4.8110947E-07,-0.010417
4.8115947E-07,-0.010432
4.8120947E-07,-0.010446
4.8125947E-07,-0.010459
4.8130947E-07,-0.010471
4.8135947E-07,-0.010481
4.8140947E-07,-0.010488
4.8145947E-07,-0.010493
4.8150947E-07,-0.010495
4.8155947E-07,-0.010494
4.8160947E-07,-0.010491
4.8165947E-07,-0.010485
4.8170947E-07,-0.010477
4.8175947E-07,-0.010468
4.8180947E-07,-0.010457
4.8185947E-07,-0.010445
4.8190947E-07,-0.010434
4.8195947E-07,-0.010423
4.8200947E-07,-0.010413
4.8205947E-07,-0.010404
4.8210947E-07,-0.010398
4.8215947E-07,-0.010395
4.8220947E-07,-0.010394
4.8225947E-07,-0.010396
4.8230947E-07,-0.010401
4.8235947E-07,-0.010409
4.8240947E-07,-0.010420
4.8245947E-07,-0.010433
4.8250947E-07,-0.010448
4.8255947E-07,-0.010465
4.8260947E-07,-0.010482
4.8265947E-07,-0.010500
4.8270947E-07,-0.010518
4.8275947E-07,-0.010535
4.8280947E-07,-0.010550
4.8285947E-07,-0.010564
4.8290947E-07,-0.010576
4.8295947E-07,-0.010586
4.8300947E-07,-0.010594
4.8305947E-07,-0.010599
4.8310947E-07,-0.010602
4.8315947E-07,-0.010603
4.8320947E-07,-0.010602
4.8325947E-07,-0.010600
4.8330947E-07,-0.010597
4.8335947E-07,-0.010594
4.8340947E-07,-0.010590
4.8345947E-07,-0.010587
4.8350947E-07,-0.010584
4.8355947E-07,-0.010582
4.8360947E-07,-0.010581
4.8365947E-07,-0.010580
4.8370947E-07,-0.010581
4.8375947E-07,-0.010582
4.8380947E-07,-0.010583
4.8385947E-07,-0.010584
4.8390947E-07,-0.010585
4.8395947E-07,-0.010584
4.8400947E-07,-0.010583
4.8405947E-07,-0.010580
4.8410947E-07,-0.010575
4.8415947E-07,-0.010568
4.8420947E-07,-0.010559
4.8425947E-07,-0.010548
4.8430947E-07,-0.010535
4.8435947E-07,-0.010520
4.8440947E-07,-0.010504
4.8445947E-07,-0.010487
4.8450947E-07,-0.010469
4.8455947E-07,-0.010453
4.8460947E-07,-0.010437
4.8465947E-07,-0.010422
4.8470947E-07,-0.010410
4.8475947E-07,-0.010401
4.8480947E-07,-0.010394
4.8485947E-07,-0.010390
4.8490947E-07,-0.010390
4.8495947E-07,-0.010392
4.8500947E-07,-0.010398
4.8505947E-07,-0.010405
4.8510947E-07,-0.010415
4.8515947E-07,-0.010426
4.8520947E-07,-0.010438
4.8525947E-07,-0.010449
4.8530947E-07,-0.010460
4.8535947E-07,-0.010469
4.8540947E-07,-0.010476
4.8545947E-07,-0.010480
4.8550947E-07,-0.010482
4.8555947E-07,-0.010480
4.8560947E-07,-0.010475
4.8565947E-07,-0.010467
4.8570947E-07,-0.010457
4.8575947E-07,-0.010444
4.8580947E-07,-0.010429
4.8585947E-07,-0.010413
4.8590947E-07,-0.010397
4.8595947E-07,-0.010381
4.8600947E-07,-0.010366
4.8605947E-07,-0.010353
4.8610947E-07,-0.010342
4.8615947E-07,-0.010334
4.8620947E-07,-0.010328
4.8625947E-07,-0.010326
4.8630947E-07,-0.010328
4.8635947E-07,-0.010332
4.8640947E-07,-0.010340
4.8645947E-07,-0.010350
4.8650947E-07,-0.010362
4.8655947E-07,-0.010376
4.8660947E-07,-0.010391
4.8665947E-07,-0.010406
4.8670947E-07,-0.010421
4.8675947E-07,-0.010435
4.8680947E-07,-0.010448
4.8685947E-07,-0.010460
4.8690947E-07,-0.010470
4.8695947E-07,-0.010477
4.8700947E-07,-0.010483
4.8705947E-07,-0.010487
4.8710947E-07,-0.010489
4.8715947E-07,-0.010489
4.8720947E-07,-0.010488
4.8725947E-07,-0.010486
4.8730947E-07,-0.010484
4.8735947E-07,-0.010482
4.8740947E-07,-0.010479
4.8745947E-07,-0.010477
4.8750947E-07,-0.010476
4.8755947E-07,-0.010476
4.8760947E-07,-0.010476
4.8765947E-07,-0.010477
4.8770947E-07,-0.010478
4.8775947E-07,-0.010480
4.8780947E-07,-0.010482
4.8785947E-07,-0.010484
4.8790947E-07,-0.010485
4.8795947E-07,-0.010485
4.8800947E-07,-0.010485
4.8805947E-07,-0.010483
4.8810947E-07,-0.010480
4.8815947E-07,-0.010476
4.8820947E-07,-0.010470
4.8825947E-07,-0.010462
4.8830947E-07,-0.010454
4.8835947E-07,-0.010445
4.8840947E-07,-0.010435
4.8845947E-07,-0.010425
4.8850947E-07,-0.010416
4.8855947E-07,-0.010407
4.8860947E-07,-0.010400
4.8865947E-07,-0.010395
4.8870947E-07,-0.010391
4.8875947E-07,-0.010391
4.8880947E-07,-0.010393
4.8885947E-07,-0.010398
4.8890947E-07,-0.010406
4.8895947E-07,-0.010418
4.8900947E-07,-0.010431
4.8905947E-07,-0.010448
4.8910947E-07,-0.010466
4.8915947E-07,-0.010485
4.8920947E-07,-0.010506
4.8925947E-07,-0.010527
4.8930947E-07,-0.010547
4.8935947E-07,-0.010567
4.8940947E-07,-0.010585
4.8945947E-07,-0.010600
4.8950947E-07,-0.010613
4.8955947E-07,-0.010623
4.8960947E-07,-0.010629
4.8965947E-07,-0.010632
4.8970947E-07,-0.010631
4.8975947E-07,-0.010626
4.8980947E-07,-0.010618
4.8985947E-07,-0.010607
4.8990947E-07,-0.010593
4.8995947E-07,-0.010577
4.9000947E-07,-0.010559
4.9005947E-07,-0.010541
4.9010947E-07,-0.010521
4.9015947E-07,-0.010502
4.9020947E-07,-0.010484
4.9025947E-07,-0.010467
4.9030947E-07,-0.010451
4.9035947E-07,-0.010438
4.9040947E-07,-0.010426
4.9045947E-07,-0.010417
4.9050947E-07,-0.010410
4.9055947E-07,-0.010406
4.9060947E-07,-0.010404
4.9065947E-07,-0.010404
4.9070947E-07,-0.010405
4.9075947E-07,-0.010408
4.9080947E-07,-0.010413
4.9085947E-07,-0.010418
4.9090947E-07,-0.010425
4.9095947E-07,-0.010432
4.9100947E-07,-0.010440
4.9105947E-07,-0.010448
4.9110947E-07,-0.010457
4.9115947E-07,-0.010467
4.9120947E-07,-0.010478
4.9125947E-07,-0.010491
4.9130947E-07,-0.010505
4.9135947E-07,-0.010520
4.9140947E-07,-0.010539
4.9145947E-07,-0.010559
4.9150947E-07,-0.010582
4.9155947E-07,-0.010608
4.9160947E-07,-0.010637
4.9165947E-07,-0.010669
4.9170947E-07,-0.010702
4.9175947E-07,-0.010738
4.9180947E-07,-0.010776
4.9185947E-07,-0.010814
4.9190947E-07,-0.010853
4.9195947E-07,-0.010892
4.9200947E-07,-0.010930
4.9205947E-07,-0.010966
4.9210947E-07,-0.011000
4.9215947E-07,-0.011031
4.9220947E-07,-0.011060
4.9225947E-07,-0.011084
4.9230947E-07,-0.011106
4.9235947E-07,-0.011123
4.9240947E-07,-0.011138
4.9245947E-07,-0.011149
4.9250947E-07,-0.011158
4.9255947E-07,-0.011166
4.9260947E-07,-0.011172
4.9265947E-07,-0.011178
4.9270947E-07,-0.011185
4.9275947E-07,-0.011194
4.9280947E-07,-0.011206
4.9285947E-07,-0.011221
4.9290947E-07,-0.011240
4.9295947E-07,-0.011264
4.9300947E-07,-0.011293
4.9305947E-07,-0.011328
4.9310947E-07,-0.011369
4.9315947E-07,-0.011415
4.9320947E-07,-0.011467
4.9325947E-07,-0.011523
4.9330947E-07,-0.011585
4.9335947E-07,-0.011651
4.9340947E-07,-0.011721
4.9345947E-07,-0.011795
4.9350947E-07,-0.011871
4.9355947E-07,-0.011949
4.9360947E-07,-0.012030
4.9365947E-07,-0.012112
4.9370947E-07,-0.012196
4.9375947E-07,-0.012281
4.9380947E-07,-0.012367
4.9385947E-07,-0.012455
4.9390947E-07,-0.012545
4.9395947E-07,-0.012636
4.9400947E-07,-0.012730
4.9405947E-07,-0.012826
4.9410947E-07,-0.012924
4.9415947E-07,-0.013025
4.9420947E-07,-0.013128
4.9425947E-07,-0.013235
4.9430947E-07,-0.013343
4.9435947E-07,-0.013454
4.9440947E-07,-0.013568
4.9445947E-07,-0.013682
4.9450947E-07,-0.013798
4.9455947E-07,-0.013914
4.9460947E-07,-0.014030
4.9465947E-07,-0.014145
4.9470947E-07,-0.014258
4.9475947E-07,-0.014370
4.9480947E-07,-0.014479
4.9485947E-07,-0.014584
4.9490947E-07,-0.014686
4.9495947E-07,-0.014785
4.9500947E-07,-0.014880
4.9505947E-07,-0.014971
4.9510947E-07,-0.015058
4.9515947E-07,-0.015142
4.9520947E-07,-0.015223
4.9525947E-07,-0.015302
4.9530947E-07,-0.015379
4.9535947E-07,-0.015454
4.9540947E-07,-0.015529
4.9545947E-07,-0.015603
4.9550947E-07,-0.015676
4.9555947E-07,-0.015750
4.9560947E-07,-0.015825
4.9565947E-07,-0.015899
4.9570947E-07,-0.015975
4.9575947E-07,-0.016050
4.9580947E-07,-0.016126
4.9585947E-07,-0.016201
4.9590947E-07,-0.016275
4.9595947E-07,-0.016347
4.9600947E-07,-0.016417
4.9605947E-07,-0.016484
4.9610947E-07,-0.016548
4.9615947E-07,-0.016607
4.9620947E-07,-0.016662
4.9625947E-07,-0.016712
4.9630947E-07,-0.016756
4.9635947E-07,-0.016794
4.9640947E-07,-0.016826
4.9645947E-07,-0.016853
4.9650947E-07,-0.016873
4.9655947E-07,-0.016888
4.9660947E-07,-0.016898
4.9665947E-07,-0.016904
4.9670947E-07,-0.016905
4.9675947E-07,-0.016903
4.9680947E-07,-0.016898
4.9685947E-07,-0.016891
4.9690947E-07,-0.016882
4.9695947E-07,-0.016872
4.9700947E-07,-0.016861
4.9705947E-07,-0.016850
4.9710947E-07,-0.016839
4.9715947E-07,-0.016827
4.9720947E-07,-0.016815
4.9725947E-07,-0.016803
4.9730947E-07,-0.016790
4.9735947E-07,-0.016776
4.9740947E-07,-0.016761
4.9745947E-07,-0.016744
4.9750947E-07,-0.016725
4.9755947E-07,-0.016703
4.9760947E-07,-0.016679
4.9765947E-07,-0.016651
4.9770947E-07,-0.016620
4.9775947E-07,-0.016586
4.9780947E-07,-0.016549
4.9785947E-07,-0.016509
4.9790947E-07,-0.016466
4.9795947E-07,-0.016421
4.9800947E-07,-0.016374
4.9805947E-07,-0.016327
4.9810947E-07,-0.016279
4.9815947E-07,-0.016232
4.9820947E-07,-0.016185
4.9825947E-07,-0.016141
4.9830947E-07,-0.016098
4.9835947E-07,-0.016058
4.9840947E-07,-0.016021
4.9845947E-07,-0.015987
4.9850947E-07,-0.015956
4.9855947E-07,-0.015928
4.9860947E-07,-0.015902
4.9865947E-07,-0.015878
4.9870947E-07,-0.015856
4.9875947E-07,-0.015834
4.9880947E-07,-0.015813
4.9885947E-07,-0.015792
4.9890947E-07,-0.015769
4.9895947E-07,-0.015745
4.9900947E-07,-0.015719
4.9905947E-07,-0.015690
4.9910947E-07,-0.015658
4.9915947E-07,-0.015624
4.9920947E-07,-0.015588
4.9925947E-07,-0.015548
4.9930947E-07,-0.015507
4.9935947E-07,-0.015465
4.9940947E-07,-0.015421
4.9945947E-07,-0.015377
4.9950947E-07,-0.015333
4.9955947E-07,-0.015291
4.9960947E-07,-0.015249
4.9965947E-07,-0.015210
4.9970947E-07,-0.015173
4.9975947E-07,-0.015138
4.9980947E-07,-0.015106
4.9985947E-07,-0.015076
4.9990947E-07,-0.015049
4.9995947E-07,-0.015023
5.0000947E-07,-0.014999
5.0005947E-07,-0.014976
5.0010947E-07,-0.014954
5.0015947E-07,-0.014931
5.0020947E-07,-0.014907
5.0025947E-07,-0.014882
5.0030947E-07,-0.014856
5.0035947E-07,-0.014827
5.0040947E-07,-0.014797
5.0045947E-07,-0.014764
5.0050947E-07,-0.014728
5.0055947E-07,-0.014691
5.0060947E-07,-0.014653
5.0065947E-07,-0.014613
5.0070947E-07,-0.014573
5.0075947E-07,-0.014532
5.0080947E-07,-0.014493
5.0085947E-07,-0.014454
5.0090947E-07,-0.014418
5.0095947E-07,-0.014383
5.0100947E-07,-0.014351
5.0105947E-07,-0.014322
5.0110947E-07,-0.014295
5.0115947E-07,-0.014271
5.0120947E-07,-0.014249
5.0125947E-07,-0.014229
5.0130947E-07,-0.014211
5.0135947E-07,-0.014194
5.0140947E-07,-0.014178
5.0145947E-07,-0.014161
5.0150947E-07,-0.014143
5.0155947E-07,-0.014124
5.0160947E-07,-0.014103
5.0165947E-07,-0.014081
5.0170947E-07,-0.014055
5.0175947E-07,-0.014028
5.0180947E-07,-0.013997
5.0185947E-07,-0.013965
5.0190947E-07,-0.013930
5.0195947E-07,-0.013894
5.0200947E-07,-0.013856
5.0205947E-07,-0.013817
5.0210947E-07,-0.013778
5.0215947E-07,-0.013739
5.0220947E-07,-0.013700
5.0225947E-07,-0.013663
5.0230947E-07,-0.013627
5.0235947E-07,-0.013592
5.0240947E-07,-0.013559
5.0245947E-07,-0.013528
5.0250947E-07,-0.013498
5.0255947E-07,-0.013470
5.0260947E-07,-0.013442
5.0265947E-07,-0.013416
5.0270947E-07,-0.013390
5.0275947E-07,-0.013365
5.0280947E-07,-0.013339
5.0285947E-07,-0.013313
5.0290947E-07,-0.013286
5.0295947E-07,-0.013258
5.0300947E-07,-0.013229
5.0305947E-07,-0.013199
5.0310947E-07,-0.013167
5.0315947E-07,-0.013135
5.0320947E-07,-0.013102
5.0325947E-07,-0.013069
5.0330947E-07,-0.013036
5.0335947E-07,-0.013004
5.0340947E-07,-0.012973
5.0345947E-07,-0.012943
5.0350947E-07,-0.012915
5.0355947E-07,-0.012889
5.0360947E-07,-0.012866
5.0365947E-07,-0.012846
5.0370947E-07,-0.012828
5.0375947E-07,-0.012814
5.0380947E-07,-0.012802
5.0385947E-07,-0.012792
5.0390947E-07,-0.012784
5.0395947E-07,-0.012779
5.0400947E-07,-0.012774
5.0405947E-07,-0.012770
5.0410947E-07,-0.012765
5.0415947E-07,-0.012761
5.0420947E-07,-0.012754
5.0425947E-07,-0.012746
5.0430947E-07,-0.012736
5.0435947E-07,-0.012723
5.0440947E-07,-0.012707
5.0445947E-07,-0.012689
5.0450947E-07,-0.012666
5.0455947E-07,-0.012641
5.0460947E-07,-0.012613
5.0465947E-07,-0.012583
5.0470947E-07,-0.012551
5.0475947E-07,-0.012517
5.0480947E-07,-0.012482
5.0485947E-07,-0.012447
5.0490947E-07,-0.012413
5.0495947E-07,-0.012380
5.0500947E-07,-0.012348
5.0505947E-07,-0.012319
5.0510947E-07,-0.012293
5.0515947E-07,-0.012269
5.0520947E-07,-0.012249
5.0525947E-07,-0.012232
5.0530947E-07,-0.012219
5.0535947E-07,-0.012209
5.0540947E-07,-0.012202
5.0545947E-07,-0.012198
5.0550947E-07,-0.012196
5.0555947E-07,-0.012196
5.0560947E-07,-0.012198
5.0565947E-07,-0.012200
5.0570947E-07,-0.012203
5.0575947E-07,-0.012206
5.0580947E-07,-0.012208
5.0585947E-07,-0.012211
5.0590947E-07,-0.012212
5.0595947E-07,-0.012213
5.0600947E-07,-0.012214
5.0605947E-07,-0.012214
5.0610947E-07,-0.012214
5.0615947E-07,-0.012215
5.0620947E-07,-0.012216
5.0625947E-07,-0.012218
5.0630947E-07,-0.012222
5.0635947E-07,-0.012227
5.0640947E-07,-0.012234
5.0645947E-07,-0.012243
5.0650947E-07,-0.012254
5.0655947E-07,-0.012267
5.0660947E-07,-0.012281
5.0665947E-07,-0.012297
5.0670947E-07,-0.012314
5.0675947E-07,-0.012332
5.0680947E-07,-0.012349
5.0685947E-07,-0.012365
5.0690947E-07,-0.012379
5.0695947E-07,-0.012391
5.0700947E-07,-0.012400
5.0705947E-07,-0.012406
5.0710947E-07,-0.012408
5.0715947E-07,-0.012406
5.0720947E-07,-0.012399
5.0725947E-07,-0.012389
5.0730947E-07,-0.012374
5.0735947E-07,-0.012356
5.0740947E-07,-0.012335
5.0745947E-07,-0.012311
5.0750947E-07,-0.012285
5.0755947E-07,-0.012259
5.0760947E-07,-0.012232
5.0765947E-07,-0.012205
5.0770947E-07,-0.012180
5.0775947E-07,-0.012156
5.0780947E-07,-0.012135
5.0785947E-07,-0.012116
5.0790947E-07,-0.012100
5.0795947E-07,-0.012087
5.0800947E-07,-0.012076
5.0805947E-07,-0.012068
5.0810947E-07,-0.012062
5.0815947E-07,-0.012057
5.0820947E-07,-0.012054
5.0825947E-07,-0.012050
5.0830947E-07,-0.012047
5.0835947E-07,-0.012043
5.0840947E-07,-0.012037
5.0845947E-07,-0.012030
5.0850947E-07,-0.012021
5.0855947E-07,-0.012010
5.0860947E-07,-0.011997
5.0865947E-07,-0.011981
5.0870947E-07,-0.011964
5.0875947E-07,-0.011945
5.0880947E-07,-0.011924
5.0885947E-07,-0.011903
5.0890947E-07,-0.011881
5.0895947E-07,-0.011859
5.0900947E-07,-0.011838
5.0905947E-07,-0.011817
5.0910947E-07,-0.011798
5.0915947E-07,-0.011780
5.0920947E-07,-0.011764
5.0925947E-07,-0.011749
5.0930947E-07,-0.011736
5.0935947E-07,-0.011724
5.0940947E-07,-0.011713
5.0945947E-07,-0.011703
5.0950947E-07,-0.011694
5.0955947E-07,-0.011684
5.0960947E-07,-0.011674
5.0965947E-07,-0.011664
5.0970947E-07,-0.011652
5.0975947E-07,-0.011640
5.0980947E-07,-0.011626
5.0985947E-07,-0.011612
5.0990947E-07,-0.011596
5.0995947E-07,-0.011579
5.1000947E-07,-0.011561
5.1005947E-07,-0.011543
5.1010947E-07,-0.011525
5.1015947E-07,-0.011507
5.1020947E-07,-0.011490
5.1025947E-07,-0.011475
5.1030947E-07,-0.011461
5.1035947E-07,-0.011450
5.1040947E-07,-0.011441
5.1045947E-07,-0.011434
5.1050947E-07,-0.011430
5.1055947E-07,-0.011429
5.1060947E-07,-0.011430
5.1065947E-07,-0.011434
5.1070947E-07,-0.011439
5.1075947E-07,-0.011447
5.1080947E-07,-0.011455
5.1085947E-07,-0.011464
5.1090947E-07,-0.011474
5.1095947E-07,-0.011483
5.1100947E-07,-0.011491
5.1105947E-07,-0.011498
5.1110947E-07,-0.011504
5.1115947E-07,-0.011508
5.1120947E-07,-0.011510
5.1125947E-07,-0.011510
5.1130947E-07,-0.011508
5.1135947E-07,-0.011504
5.1140947E-07,-0.011499
5.1145947E-07,-0.011492
5.1150947E-07,-0.011484
5.1155947E-07,-0.011476
5.1160947E-07,-0.011468
5.1165947E-07,-0.011459
5.1170947E-07,-0.011452
5.1175947E-07,-0.011446
5.1180947E-07,-0.011441
5.1185947E-07,-0.011437
5.1190947E-07,-0.011436
5.1195947E-07,-0.011436
5.1200947E-07,-0.011439
5.1205947E-07,-0.011443
5.1210947E-07,-0.011448
5.1215947E-07,-0.011455
5.1220947E-07,-0.011463
5.1225947E-07,-0.011471
5.1230947E-07,-0.011479
5.1235947E-07,-0.011488
5.1240947E-07,-0.011495
5.1245947E-07,-0.011502
5.1250947E-07,-0.011507
5.1255947E-07,-0.011510
5.1260947E-07,-0.011512
5.1265947E-07,-0.011512
5.1270947E-07,-0.011511
5.1275947E-07,-0.011508
5.1280947E-07,-0.011503
5.1285947E-07,-0.011497
5.1290947E-07,-0.011491
5.1295947E-07,-0.011483
5.1300947E-07,-0.011476
5.1305947E-07,-0.011469
5.1310947E-07,-0.011462
5.1315947E-07,-0.011456
5.1320947E-07,-0.011451
5.1325947E-07,-0.011447
5.1330947E-07,-0.011444
5.1335947E-07,-0.011442
5.1340947E-07,-0.011441
5.1345947E-07,-0.011441
5.1350947E-07,-0.011441
5.1355947E-07,-0.011441
5.1360947E-07,-0.011441
5.1365947E-07,-0.011440
5.1370947E-07,-0.011438
5.1375947E-07,-0.011435
5.1380947E-07,-0.011430
5.1385947E-07,-0.011423
5.1390947E-07,-0.011414
5.1395947E-07,-0.011404
5.1400947E-07,-0.011392
5.1405947E-07,-0.011379
5.1410947E-07,-0.011364
5.1415947E-07,-0.011349
5.1420947E-07,-0.011333
5.1425947E-07,-0.011317
5.1430947E-07,-0.011302
5.1435947E-07,-0.011288
5.1440947E-07,-0.011276
5.1445947E-07,-0.011265
5.1450947E-07,-0.011256
5.1455947E-07,-0.011250
5.1460947E-07,-0.011245
5.1465947E-07,-0.011243
5.1470947E-07,-0.011242
5.1475947E-07,-0.011243
5.1480947E-07,-0.011245
5.1485947E-07,-0.011248
5.1490947E-07,-0.011250
5.1495947E-07,-0.011252
5.1500947E-07,-0.011252
5.1505947E-07,-0.011251
5.1510947E-07,-0.011248
5.1515947E-07,-0.011243
5.1520947E-07,-0.011235
5.1525947E-07,-0.011225
5.1530947E-07,-0.011213
5.1535947E-07,-0.011198
5.1540947E-07,-0.011182
5.1545947E-07,-0.011165
5.1550947E-07,-0.011147
5.1555947E-07,-0.011129
5.1560947E-07,-0.011112
5.1565947E-07,-0.011097
5.1570947E-07,-0.011084
5.1575947E-07,-0.011073
5.1580947E-07,-0.011066
5.1585947E-07,-0.011062
5.1590947E-07,-0.011062
5.1595947E-07,-0.011065
5.1600947E-07,-0.011072
5.1605947E-07,-0.011082
5.1610947E-07,-0.011095
5.1615947E-07,-0.011110
5.1620947E-07,-0.011127
5.1625947E-07,-0.011144
5.1630947E-07,-0.011161
5.1635947E-07,-0.011178
5.1640947E-07,-0.011194
5.1645947E-07,-0.011207
5.1650947E-07,-0.011219
5.1655947E-07,-0.011227
5.1660947E-07,-0.011233
5.1665947E-07,-0.011236
5.1670947E-07,-0.011235
5.1675947E-07,-0.011233
5.1680947E-07,-0.011228
5.1685947E-07,-0.011221
5.1690947E-07,-0.011212
5.1695947E-07,-0.011203
5.1700947E-07,-0.011194
5.1705947E-07,-0.011185
5.1710947E-07,-0.011177
5.1715947E-07,-0.011170
5.1720947E-07,-0.011164
5.1725947E-07,-0.011161
5.1730947E-07,-0.011159
5.1735947E-07,-0.011159
5.1740947E-07,-0.011160
5.1745947E-07,-0.011163
5.1750947E-07,-0.011168
5.1755947E-07,-0.011172
5.1760947E-07,-0.011178
5.1765947E-07,-0.011182
5.1770947E-07,-0.011187
5.1775947E-07,-0.011190
5.1780947E-07,-0.011192
5.1785947E-07,-0.011193
5.1790947E-07,-0.011192
5.1795947E-07,-0.011190
5.1800947E-07,-0.011186
5.1805947E-07,-0.011180
5.1810947E-07,-0.011173
5.1815947E-07,-0.011166
5.1820947E-07,-0.011158
5.1825947E-07,-0.011150
5.1830947E-07,-0.011143
5.1835947E-07,-0.011136
5.1840947E-07,-0.011131
5.1845947E-07,-0.011128
5.1850947E-07,-0.011126
5.1855947E-07,-0.011127
5.1860947E-07,-0.011129
5.1865947E-07,-0.011134
5.1870947E-07,-0.011141
5.1875947E-07,-0.011150
5.1880947E-07,-0.011160
5.1885947E-07,-0.011171
5.1890947E-07,-0.011183
5.1895947E-07,-0.011195
5.1900947E-07,-0.011207
5.1905947E-07,-0.011218
5.1910947E-07,-0.011228
5.1915947E-07,-0.011236
5.1920947E-07,-0.011242
5.1925947E-07,-0.011245
5.1930947E-07,-0.011247
5.1935947E-07,-0.011245
5.1940947E-07,-0.011242
5.1945947E-07,-0.011236
5.1950947E-07,-0.011228
5.1955947E-07,-0.011218
5.1960947E-07,-0.011208
5.1965947E-07,-0.011196
5.1970947E-07,-0.011184
5.1975947E-07,-0.011172
5.1980947E-07,-0.011161
5.1985947E-07,-0.011150
5.1990947E-07,-0.011141
5.1995947E-07,-0.011133
5.2000947E-07,-0.011127
5.2005947E-07,-0.011122
5.2010947E-07,-0.011119
5.2015947E-07,-0.011117
5.2020947E-07,-0.011117
5.2025947E-07,-0.011117
5.2030947E-07,-0.011118
5.2035947E-07,-0.011119
5.2040947E-07,-0.011119
5.2045947E-07,-0.011119
5.2050947E-07,-0.011117
5.2055947E-07,-0.011113
5.2060947E-07,-0.011108
5.2065947E-07,-0.011100
5.2070947E-07,-0.011091
5.2075947E-07,-0.011079
5.2080947E-07,-0.011065
5.2085947E-07,-0.011049
5.2090947E-07,-0.011032
5.2095947E-07,-0.011014
5.2100947E-07,-0.010996
5.2105947E-07,-0.010978
5.2110947E-07,-0.010960
5.2115947E-07,-0.010944
5.2120947E-07,-0.010929
5.2125947E-07,-0.010917
5.2130947E-07,-0.010907
5.2135947E-07,-0.010900
5.2140947E-07,-0.010895
5.2145947E-07,-0.010894
5.2150947E-07,-0.010895
5.2155947E-07,-0.010898
5.2160947E-07,-0.010904
5.2165947E-07,-0.010911
5.2170947E-07,-0.010919
5.2175947E-07,-0.010928
5.2180947E-07,-0.010937
5.2185947E-07,-0.010946
5.2190947E-07,-0.010953
5.2195947E-07,-0.010960
5.2200947E-07,-0.010965
5.2205947E-07,-0.010968
5.2210947E-07,-0.010970
5.2215947E-07,-0.010970
5.2220947E-07,-0.010969
5.2225947E-07,-0.010967
5.2230947E-07,-0.010965
5.2235947E-07,-0.010962
5.2240947E-07,-0.010960
5.2245947E-07,-0.010958
5.2250947E-07,-0.010957
5.2255947E-07,-0.010957
5.2260947E-07,-0.010958
5.2265947E-07,-0.010961
5.2270947E-07,-0.010966
5.2275947E-07,-0.010971
5.2280947E-07,-0.010978
5.2285947E-07,-0.010985
5.2290947E-07,-0.010992
5.2295947E-07,-0.010999
5.2300947E-07,-0.011005
5.2305947E-07,-0.011009
5.2310947E-07,-0.011011
5.2315947E-07,-0.011011
5.2320947E-07,-0.011008
5.2325947E-07,-0.011001
5.2330947E-07,-0.010992
5.2335947E-07,-0.010979
5.2340947E-07,-0.010964
5.2345947E-07,-0.010945
5.2350947E-07,-0.010925
5.2355947E-07,-0.010903
5.2360947E-07,-0.010880
5.2365947E-07,-0.010857
5.2370947E-07,-0.010835
5.2375947E-07,-0.010814
5.2380947E-07,-0.010794
5.2385947E-07,-0.010777
5.2390947E-07,-0.010762
5.2395947E-07,-0.010751
5.2400947E-07,-0.010742
5.2405947E-07,-0.010737
5.2410947E-07,-0.010735
5.2415947E-07,-0.010735
5.2420947E-07,-0.010738
5.2425947E-07,-0.010742
5.2430947E-07,-0.010748
5.2435947E-07,-0.010754
5.2440947E-07,-0.010760
5.2445947E-07,-0.010766
5.2450947E-07,-0.010771
5.2455947E-07,-0.010774
5.2460947E-07,-0.010776
5.2465947E-07,-0.010776
5.2470947E-07,-0.010773
5.2475947E-07,-0.010769
5.2480947E-07,-0.010763
5.2485947E-07,-0.010756
5.2490947E-07,-0.010747
5.2495947E-07,-0.010738
5.2500947E-07,-0.010729
5.2505947E-07,-0.010720
5.2510947E-07,-0.010711
5.2515947E-07,-0.010704
5.2520947E-07,-0.010698
5.2525947E-07,-0.010693
5.2530947E-07,-0.010690
5.2535947E-07,-0.010689
5.2540947E-07,-0.010690
5.2545947E-07,-0.010692
5.2550947E-07,-0.010695
5.2555947E-07,-0.010700
5.2560947E-07,-0.010704
5.2565947E-07,-0.010709
5.2570947E-07,-0.010713
5.2575947E-07,-0.010717
5.2580947E-07,-0.010719
5.2585947E-07,-0.010719
5.2590947E-07,-0.010717
5.2595947E-07,-0.010714
5.2600947E-07,-0.010708
5.2605947E-07,-0.010701
5.2610947E-07,-0.010691
5.2615947E-07,-0.010680
5.2620947E-07,-0.010667
5.2625947E-07,-0.010653
5.2630947E-07,-0.010639
5.2635947E-07,-0.010625
5.2640947E-07,-0.010611
5.2645947E-07,-0.010598
5.2650947E-07,-0.010586
5.2655947E-07,-0.010577
5.2660947E-07,-0.010569
5.2665947E-07,-0.010564
5.2670947E-07,-0.010562
5.2675947E-07,-0.010562
5.2680947E-07,-0.010564
5.2685947E-07,-0.010569
5.2690947E-07,-0.010576
5.2695947E-07,-0.010584
5.2700947E-07,-0.010594
5.2705947E-07,-0.010605
5.2710947E-07,-0.010616
5.2715947E-07,-0.010626
5.2720947E-07,-0.010637
5.2725947E-07,-0.010646
5.2730947E-07,-0.010653
5.2735947E-07,-0.010659
5.2740947E-07,-0.010663
5.2745947E-07,-0.010664
5.2750947E-07,-0.010664
5.2755947E-07,-0.010662
5.2760947E-07,-0.010657
5.2765947E-07,-0.010652
5.2770947E-07,-0.010645
5.2775947E-07,-0.010638
5.2780947E-07,-0.010630
5.2785947E-07,-0.010623
5.2790947E-07,-0.010616
5.2795947E-07,-0.010611
5.2800947E-07,-0.010608
5.2805947E-07,-0.010606
5.2810947E-07,-0.010607
5.2815947E-07,-0.010610
5.2820947E-07,-0.010615
5.2825947E-07,-0.010622
5.2830947E-07,-0.010631
5.2835947E-07,-0.010641
5.2840947E-07,-0.010653
5.2845947E-07,-0.010665
5.2850947E-07,-0.010677
5.2855947E-07,-0.010689
5.2860947E-07,-0.010700
5.2865947E-07,-0.010710
5.2870947E-07,-0.010718
5.2875947E-07,-0.010724
5.2880947E-07,-0.010728
5.2885947E-07,-0.010730
5.2890947E-07,-0.010730
5.2895947E-07,-0.010727
5.2900947E-07,-0.010723
5.2905947E-07,-0.010718
5.2910947E-07,-0.010712
5.2915947E-07,-0.010706
5.2920947E-07,-0.010701
5.2925947E-07,-0.010696
5.2930947E-07,-0.010692
5.2935947E-07,-0.010690
5.2940947E-07,-0.010690
5.2945947E-07,-0.010693
5.2950947E-07,-0.010697
5.2955947E-07,-0.010704
5.2960947E-07,-0.010714
5.2965947E-07,-0.010725
5.2970947E-07,-0.010737
5.2975947E-07,-0.010751
5.2980947E-07,-0.010766
5.2985947E-07,-0.010780
5.2990947E-07,-0.010795
5.2995947E-07,-0.010809
5.3000947E-07,-0.010822
5.3005947E-07,-0.010833
5.3010947E-07,-0.010843
5.3015947E-07,-0.010851
5.3020947E-07,-0.010858
5.3025947E-07,-0.010864
5.3030947E-07,-0.010869
5.3035947E-07,-0.010872
5.3040947E-07,-0.010876
5.3045947E-07,-0.010879
5.3050947E-07,-0.010883
5.3055947E-07,-0.010887
5.3060947E-07,-0.010892
5.3065947E-07,-0.010899
5.3070947E-07,-0.010907
5.3075947E-07,-0.010916
5.3080947E-07,-0.010927
5.3085947E-07,-0.010939
5.3090947E-07,-0.010951
5.3095947E-07,-0.010963
5.3100947E-07,-0.010975
5.3105947E-07,-0.010986
5.3110947E-07,-0.010995
5.3115947E-07,-0.011002
5.3120947E-07,-0.011006
5.3125947E-07,-0.011008
5.3130947E-07,-0.011005
5.3135947E-07,-0.010999
5.3140947E-07,-0.010989
5.3145947E-07,-0.010975
5.3150947E-07,-0.010958
5.3155947E-07,-0.010937
5.3160947E-07,-0.010913
5.3165947E-07,-0.010887
5.3170947E-07,-0.010859
5.3175947E-07,-0.010831
5.3180947E-07,-0.010801
5.3185947E-07,-0.010773
5.3190947E-07,-0.010745
5.3195947E-07,-0.010718
5.3200947E-07,-0.010694
5.3205947E-07,-0.010672
5.3210947E-07,-0.010653
5.3215947E-07,-0.010636
5.3220947E-07,-0.010621
5.3225947E-07,-0.010610
5.3230947E-07,-0.010600
5.3235947E-07,-0.010593
5.3240947E-07,-0.010586
5.3245947E-07,-0.010582
5.3250947E-07,-0.010577
5.3255947E-07,-0.010573
5.3260947E-07,-0.010570
5.3265947E-07,-0.010565
5.3270947E-07,-0.010561
5.3275947E-07,-0.010556
5.3280947E-07,-0.010550
5.3285947E-07,-0.010544
5.3290947E-07,-0.010537
5.3295947E-07,-0.010530
5.3300947E-07,-0.010524
5.3305947E-07,-0.010518
5.3310947E-07,-0.010512
5.3315947E-07,-0.010508
5.3320947E-07,-0.010505
5.3325947E-07,-0.010504
5.3330947E-07,-0.010504
5.3335947E-07,-0.010507
5.3340947E-07,-0.010511
5.3345947E-07,-0.010517
5.3350947E-07,-0.010526
5.3355947E-07,-0.010535
5.3360947E-07,-0.010546
5.3365947E-07,-0.010558
5.3370947E-07,-0.010570
5.3375947E-07,-0.010582
5.3380947E-07,-0.010594
5.3385947E-07,-0.010606
5.3390947E-07,-0.010616
5.3395947E-07,-0.010625
5.3400947E-07,-0.010632
5.3405947E-07,-0.010637
5.3410947E-07,-0.010640
5.3415947E-07,-0.010641
5.3420947E-07,-0.010641
5.3425947E-07,-0.010638
5.3430947E-07,-0.010634
5.3435947E-07,-0.010629
5.3440947E-07,-0.010623
5.3445947E-07,-0.010617
5.3450947E-07,-0.010610
5.3455947E-07,-0.010604
5.3460947E-07,-0.010599
5.3465947E-07,-0.010595
5.3470947E-07,-0.010592
5.3475947E-07,-0.010591
5.3480947E-07,-0.010591
5.3485947E-07,-0.010594
5.3490947E-07,-0.010598
5.3495947E-07,-0.010604
5.3500947E-07,-0.010611
5.3505947E-07,-0.010620
5.3510947E-07,-0.010629
5.3515947E-07,-0.010640
5.3520947E-07,-0.010651
5.3525947E-07,-0.010662
5.3530947E-07,-0.010673
5.3535947E-07,-0.010683
5.3540947E-07,-0.010693
5.3545947E-07,-0.010701
5.3550947E-07,-0.010709
5.3555947E-07,-0.010716
5.3560947E-07,-0.010721
5.3565947E-07,-0.010726
5.3570947E-07,-0.010731
5.3575947E-07,-0.010735
5.3580947E-07,-0.010739
5.3585947E-07,-0.010744
5.3590947E-07,-0.010750
5.3595947E-07,-0.010756
5.3600947E-07,-0.010764
5.3605947E-07,-0.010773
5.3610947E-07,-0.010784
5.3615947E-07,-0.010796
5.3620947E-07,-0.010811
5.3625947E-07,-0.010826
5.3630947E-07,-0.010843
5.3635947E-07,-0.010861
5.3640947E-07,-0.010879
5.3645947E-07,-0.010898
5.3650947E-07,-0.010916
5.3655947E-07,-0.010932
5.3660947E-07,-0.010948
5.3665947E-07,-0.010961
5.3670947E-07,-0.010972
5.3675947E-07,-0.010980
5.3680947E-07,-0.010985
5.3685947E-07,-0.010988
5.3690947E-07,-0.010987
5.3695947E-07,-0.010984
5.3700947E-07,-0.010978
5.3705947E-07,-0.010970
5.3710947E-07,-0.010961
5.3715947E-07,-0.010951
5.3720947E-07,-0.010940
5.3725947E-07,-0.010929
5.3730947E-07,-0.010918
5.3735947E-07,-0.010909
5.3740947E-07,-0.010901
5.3745947E-07,-0.010894
5.3750947E-07,-0.010890
5.3755947E-07,-0.010887
5.3760947E-07,-0.010886
5.3765947E-07,-0.010887
5.3770947E-07,-0.010888
5.3775947E-07,-0.010891
5.3780947E-07,-0.010894
5.3785947E-07,-0.010897
5.3790947E-07,-0.010899
5.3795947E-07,-0.010900
5.3800947E-07,-0.010900
5.3805947E-07,-0.010898
5.3810947E-07,-0.010893
5.3815947E-07,-0.010886
5.3820947E-07,-0.010877
5.3825947E-07,-0.010866
5.3830947E-07,-0.010853
5.3835947E-07,-0.010839
5.3840947E-07,-0.010823
5.3845947E-07,-0.010807
5.3850947E-07,-0.010790
5.3855947E-07,-0.010774
5.3860947E-07,-0.010759
5.3865947E-07,-0.010745
5.3870947E-07,-0.010733
5.3875947E-07,-0.010722
5.3880947E-07,-0.010714
5.3885947E-07,-0.010708
5.3890947E-07,-0.010703
5.3895947E-07,-0.010700
5.3900947E-07,-0.010699
5.3905947E-07,-0.010698
5.3910947E-07,-0.010698
5.3915947E-07,-0.010697
5.3920947E-07,-0.010696
5.3925947E-07,-0.010694
5.3930947E-07,-0.010691
5.3935947E-07,-0.010686
5.3940947E-07,-0.010679
5.3945947E-07,-0.010670
5.3950947E-07,-0.010660
5.3955947E-07,-0.010647
5.3960947E-07,-0.010634
5.3965947E-07,-0.010619
5.3970947E-07,-0.010604
5.3975947E-07,-0.010589
5.3980947E-07,-0.010574
5.3985947E-07,-0.010561
5.3990947E-07,-0.010550
5.3995947E-07,-0.010540
5.4000947E-07,-0.010534
5.4005947E-07,-0.010530
5.4010947E-07,-0.010529
5.4015947E-07,-0.010532
5.4020947E-07,-0.010537
5.4025947E-07,-0.010545
5.4030947E-07,-0.010555
5.4035947E-07,-0.010568
5.4040947E-07,-0.010581
5.4045947E-07,-0.010596
5.4050947E-07,-0.010610
5.4055947E-07,-0.010625
5.4060947E-07,-0.010638
5.4065947E-07,-0.010649
5.4070947E-07,-0.010659
5.4075947E-07,-0.010666
5.4080947E-07,-0.010671
5.4085947E-07,-0.010672
5.4090947E-07,-0.010671
5.4095947E-07,-0.010668
5.4100947E-07,-0.010662
5.4105947E-07,-0.010653
5.4110947E-07,-0.010643
5.4115947E-07,-0.010631
5.4120947E-07,-0.010618
5.4125947E-07,-0.010605
5.4130947E-07,-0.010591
5.4135947E-07,-0.010577
5.4140947E-07,-0.010564
5.4145947E-07,-0.010551
5.4150947E-07,-0.010540
5.4155947E-07,-0.010529
5.4160947E-07,-0.010520
5.4165947E-07,-0.010512
5.4170947E-07,-0.010504
5.4175947E-07,-0.010498
5.4180947E-07,-0.010492
5.4185947E-07,-0.010486
5.4190947E-07,-0.010481
5.4195947E-07,-0.010475
5.4200947E-07,-0.010469
5.4205947E-07,-0.010463
5.4210947E-07,-0.010456
5.4215947E-07,-0.010448
5.4220947E-07,-0.010439
5.4225947E-07,-0.010430
5.4230947E-07,-0.010420
5.4235947E-07,-0.010409
5.4240947E-07,-0.010398
5.4245947E-07,-0.010387
5.4250947E-07,-0.010376
5.4255947E-07,-0.010366
5.4260947E-07,-0.010356
5.4265947E-07,-0.010347
5.4270947E-07,-0.010340
5.4275947E-07,-0.010335
5.4280947E-07,-0.010331
5.4285947E-07,-0.010329
5.4290947E-07,-0.010329
5.4295947E-07,-0.010332
5.4300947E-07,-0.010336
5.4305947E-07,-0.010342
5.4310947E-07,-0.010350
5.4315947E-07,-0.010358
5.4320947E-07,-0.010368
5.4325947E-07,-0.010379
5.4330947E-07,-0.010390
5.4335947E-07,-0.010401
5.4340947E-07,-0.010412
5.4345947E-07,-0.010422
5.4350947E-07,-0.010432
5.4355947E-07,-0.010441
5.4360947E-07,-0.010449
5.4365947E-07,-0.010456
5.4370947E-07,-0.010463
5.4375947E-07,-0.010468
5.4380947E-07,-0.010474
5.4385947E-07,-0.010480
5.4390947E-07,-0.010485
5.4395947E-07,-0.010492
5.4400947E-07,-0.010499
5.4405947E-07,-0.010507
5.4410947E-07,-0.010517
5.4415947E-07,-0.010528
5.4420947E-07,-0.010540
5.4425947E-07,-0.010554
5.4430947E-07,-0.010569
5.4435947E-07,-0.010585
5.4440947E-07,-0.010601
5.4445947E-07,-0.010618
5.4450947E-07,-0.010634
5.4455947E-07,-0.010649
5.4460947E-07,-0.010662
5.4465947E-07,-0.010674
5.4470947E-07,-0.010683
5.4475947E-07,-0.010690
5.4480947E-07,-0.010693
5.4485947E-07,-0.010693
5.4490947E-07,-0.010689
5.4495947E-07,-0.010682
5.4500947E-07,-0.010673
5.4505947E-07,-0.010660
5.4510947E-07,-0.010645
5.4515947E-07,-0.010629
5.4520947E-07,-0.010612
5.4525947E-07,-0.010595
5.4530947E-07,-0.010578
5.4535947E-07,-0.010562
5.4540947E-07,-0.010549
5.4545947E-07,-0.010538
5.4550947E-07,-0.010529
5.4555947E-07,-0.010524
5.4560947E-07,-0.010522
5.4565947E-07,-0.010523
5.4570947E-07,-0.010528
5.4575947E-07,-0.010535
5.4580947E-07,-0.010545
5.4585947E-07,-0.010557
5.4590947E-07,-0.010571
5.4595947E-07,-0.010585
5.4600947E-07,-0.010600
5.4605947E-07,-0.010614
5.4610947E-07,-0.010627
5.4615947E-07,-0.010639
5.4620947E-07,-0.010649
5.4625947E-07,-0.010657
5.4630947E-07,-0.010664
5.4635947E-07,-0.010668
5.4640947E-07,-0.010670
5.4645947E-07,-0.010671
5.4650947E-07,-0.010671
5.4655947E-07,-0.010669
5.4660947E-07,-0.010667
5.4665947E-07,-0.010666
5.4670947E-07,-0.010664
5.4675947E-07,-0.010664
5.4680947E-07,-0.010664
5.4685947E-07,-0.010667
5.4690947E-07,-0.010670
5.4695947E-07,-0.010675
5.4700947E-07,-0.010682
5.4705947E-07,-0.010690
5.4710947E-07,-0.010700
5.4715947E-07,-0.010710
5.4720947E-07,-0.010720
5.4725947E-07,-0.010731
5.4730947E-07,-0.010741
5.4735947E-07,-0.010750
5.4740947E-07,-0.010758
5.4745947E-07,-0.010765
5.4750947E-07,-0.010770
5.4755947E-07,-0.010773
5.4760947E-07,-0.010775
5.4765947E-07,-0.010775
5.4770947E-07,-0.010773
5.4775947E-07,-0.010769
5.4780947E-07,-0.010765
5.4785947E-07,-0.010760
5.4790947E-07,-0.010755
5.4795947E-07,-0.010750
5.4800947E-07,-0.010745
5.4805947E-07,-0.010742
5.4810947E-07,-0.010739
5.4815947E-07,-0.010738
5.4820947E-07,-0.010739
5.4825947E-07,-0.010742
5.4830947E-07,-0.010746
5.4835947E-07,-0.010753
5.4840947E-07,-0.010760
5.4845947E-07,-0.010770
5.4850947E-07,-0.010780
5.4855947E-07,-0.010791
5.4860947E-07,-0.010803
5.4865947E-07,-0.010815
5.4870947E-07,-0.010827
5.4875947E-07,-0.010838
5.4880947E-07,-0.010848
5.4885947E-07,-0.010857
5.4890947E-07,-0.010866
5.4895947E-07,-0.010872
5.4900947E-07,-0.010878
5.4905947E-07,-0.010882
5.4910947E-07,-0.010885
5.4915947E-07,-0.010887
5.4920947E-07,-0.010889
5.4925947E-07,-0.010889
5.4930947E-07,-0.010890
5.4935947E-07,-0.010891
5.4940947E-07,-0.010891
5.4945947E-07,-0.010892
5.4950947E-07,-0.010894
5.4955947E-07,-0.010897
5.4960947E-07,-0.010900
5.4965947E-07,-0.010905
5.4970947E-07,-0.010910
5.4975947E-07,-0.010915
5.4980947E-07,-0.010921
5.4985947E-07,-0.010928
5.4990947E-07,-0.010934
5.4995947E-07,-0.010939
5.5000947E-07,-0.010943
5.5005947E-07,-0.010946
5.5010947E-07,-0.010948
5.5015947E-07,-0.010947
5.5020947E-07,-0.010945
5.5025947E-07,-0.010940
5.5030947E-07,-0.010932
5.5035947E-07,-0.010922
5.5040947E-07,-0.010909
5.5045947E-07,-0.010894
5.5050947E-07,-0.010876
5.5055947E-07,-0.010857
5.5060947E-07,-0.010836
5.5065947E-07,-0.010815
5.5070947E-07,-0.010792
5.5075947E-07,-0.010770
5.5080947E-07,-0.010748
5.5085947E-07,-0.010726
5.5090947E-07,-0.010706
5.5095947E-07,-0.010686
5.5100947E-07,-0.010668
5.5105947E-07,-0.010652
5.5110947E-07,-0.010637
5.5115947E-07,-0.010624
5.5120947E-07,-0.010612
5.5125947E-07,-0.010601
5.5130947E-07,-0.010591
5.5135947E-07,-0.010582
5.5140947E-07,-0.010572
5.5145947E-07,-0.010562
5.5150947E-07,-0.010552
5.5155947E-07,-0.010541
5.5160947E-07,-0.010529
5.5165947E-07,-0.010516
5.5170947E-07,-0.010502
5.5175947E-07,-0.010487
5.5180947E-07,-0.010472
5.5185947E-07,-0.010456
5.5190947E-07,-0.010440
5.5195947E-07,-0.010425
5.5200947E-07,-0.010410
5.5205947E-07,-0.010397
5.5210947E-07,-0.010386
5.5215947E-07,-0.010378
5.5220947E-07,-0.010372
5.5225947E-07,-0.010369
5.5230947E-07,-0.010368
5.5235947E-07,-0.010371
5.5240947E-07,-0.010377
5.5245947E-07,-0.010386
5.5250947E-07,-0.010396
5.5255947E-07,-0.010409
5.5260947E-07,-0.010422
5.5265947E-07,-0.010437
5.5270947E-07,-0.010451
5.5275947E-07,-0.010464
5.5280947E-07,-0.010477
5.5285947E-07,-0.010488
5.5290947E-07,-0.010496
5.5295947E-07,-0.010502
5.5300947E-07,-0.010506
5.5305947E-07,-0.010507
5.5310947E-07,-0.010505
5.5315947E-07,-0.010501
5.5320947E-07,-0.010495
5.5325947E-07,-0.010487
5.5330947E-07,-0.010479
5.5335947E-07,-0.010469
5.5340947E-07,-0.010460
5.5345947E-07,-0.010451
5.5350947E-07,-0.010443
5.5355947E-07,-0.010436
5.5360947E-07,-0.010431
5.5365947E-07,-0.010428
5.5370947E-07,-0.010426
5.5375947E-07,-0.010426
5.5380947E-07,-0.010427
5.5385947E-07,-0.010429
5.5390947E-07,-0.010432
5.5395947E-07,-0.010436
5.5400947E-07,-0.010439
5.5405947E-07,-0.010442
5.5410947E-07,-0.010444
5.5415947E-07,-0.010444
5.5420947E-07,-0.010443
5.5425947E-07,-0.010439
5.5430947E-07,-0.010434
5.5435947E-07,-0.010426
5.5440947E-07,-0.010416
5.5445947E-07,-0.010405
5.5450947E-07,-0.010391
5.5455947E-07,-0.010377
5.5460947E-07,-0.010362
5.5465947E-07,-0.010347
5.5470947E-07,-0.010332
5.5475947E-07,-0.010317
5.5480947E-07,-0.010304
5.5485947E-07,-0.010292
5.5490947E-07,-0.010283
5.5495947E-07,-0.010275
5.5500947E-07,-0.010269
5.5505947E-07,-0.010265
5.5510947E-07,-0.010264
5.5515947E-07,-0.010264
5.5520947E-07,-0.010266
5.5525947E-07,-0.010269
5.5530947E-07,-0.010273
5.5535947E-07,-0.010278
5.5540947E-07,-0.010283
5.5545947E-07,-0.010289
5.5550947E-07,-0.010294
5.5555947E-07,-0.010298
5.5560947E-07,-0.010302
5.5565947E-07,-0.010305
5.5570947E-07,-0.010308
5.5575947E-07,-0.010309
5.5580947E-07,-0.010311
5.5585947E-07,-0.010312
5.5590947E-07,-0.010314
5.5595947E-07,-0.010315
5.5600947E-07,-0.010318
5.5605947E-07,-0.010321
5.5610947E-07,-0.010326
5.5615947E-07,-0.010332
5.5620947E-07,-0.010339
5.5625947E-07,-0.010348
5.5630947E-07,-0.010359
5.5635947E-07,-0.010372
5.5640947E-07,-0.010386
5.5645947E-07,-0.010401
5.5650947E-07,-0.010417
5.5655947E-07,-0.010435
5.5660947E-07,-0.010452
5.5665947E-07,-0.010470
5.5670947E-07,-0.010487
5.5675947E-07,-0.010503
5.5680947E-07,-0.010517
5.5685947E-07,-0.010531
5.5690947E-07,-0.010542
5.5695947E-07,-0.010551
5.5700947E-07,-0.010557
5.5705947E-07,-0.010561
5.5710947E-07,-0.010562
5.5715947E-07,-0.010561
5.5720947E-07,-0.010557
5.5725947E-07,-0.010552
5.5730947E-07,-0.010544
5.5735947E-07,-0.010535
5.5740947E-07,-0.010524
5.5745947E-07,-0.010513
5.5750947E-07,-0.010502
5.5755947E-07,-0.010491
5.5760947E-07,-0.010480
5.5765947E-07,-0.010470
5.5770947E-07,-0.010461
5.5775947E-07,-0.010454
5.5780947E-07,-0.010449
5.5785947E-07,-0.010445
5.5790947E-07,-0.010443
5.5795947E-07,-0.010444
5.5800947E-07,-0.010446
5.5805947E-07,-0.010449
5.5810947E-07,-0.010454
5.5815947E-07,-0.010460
5.5820947E-07,-0.010467
5.5825947E-07,-0.010474
5.5830947E-07,-0.010482
5.5835947E-07,-0.010490
5.5840947E-07,-0.010497
5.5845947E-07,-0.010504
5.5850947E-07,-0.010511
5.5855947E-07,-0.010517
5.5860947E-07,-0.010522
5.5865947E-07,-0.010527
5.5870947E-07,-0.010532
5.5875947E-07,-0.010537
5.5880947E-07,-0.010542
5.5885947E-07,-0.010548
5.5890947E-07,-0.010554
5.5895947E-07,-0.010562
5.5900947E-07,-0.010571
5.5905947E-07,-0.010581
5.5910947E-07,-0.010592
5.5915947E-07,-0.010605
5.5920947E-07,-0.010620
5.5925947E-07,-0.010635
5.5930947E-07,-0.010652
5.5935947E-07,-0.010669
5.5940947E-07,-0.010686
5.5945947E-07,-0.010704
5.5950947E-07,-0.010720
5.5955947E-07,-0.010735
5.5960947E-07,-0.010749
5.5965947E-07,-0.010762
5.5970947E-07,-0.010772
5.5975947E-07,-0.010779
5.5980947E-07,-0.010784
5.5985947E-07,-0.010787
5.5990947E-07,-0.010788
5.5995947E-07,-0.010787
5.6000947E-07,-0.010783
5.6005947E-07,-0.010779
5.6010947E-07,-0.010773
5.6015947E-07,-0.010767
5.6020947E-07,-0.010762
5.6025947E-07,-0.010756
5.6030947E-07,-0.010751
5.6035947E-07,-0.010748
5.6040947E-07,-0.010745
5.6045947E-07,-0.010744
5.6050947E-07,-0.010745
5.6055947E-07,-0.010746
5.6060947E-07,-0.010749
5.6065947E-07,-0.010753
5.6070947E-07,-0.010757
5.6075947E-07,-0.010761
5.6080947E-07,-0.010764
5.6085947E-07,-0.010767
5.6090947E-07,-0.010769
5.6095947E-07,-0.010769
5.6100947E-07,-0.010767
5.6105947E-07,-0.010764
5.6110947E-07,-0.010758
5.6115947E-07,-0.010751
5.6120947E-07,-0.010741
5.6125947E-07,-0.010731
5.6130947E-07,-0.010719
5.6135947E-07,-0.010707
5.6140947E-07,-0.010694
5.6145947E-07,-0.010682
5.6150947E-07,-0.010670
5.6155947E-07,-0.010660
5.6160947E-07,-0.010650
5.6165947E-07,-0.010643
5.6170947E-07,-0.010637
5.6175947E-07,-0.010633
5.6180947E-07,-0.010631
5.6185947E-07,-0.010630
5.6190947E-07,-0.010631
5.6195947E-07,-0.010632
5.6200947E-07,-0.010633
5.6205947E-07,-0.010634
5.6210947E-07,-0.010634
5.6215947E-07,-0.010632
5.6220947E-07,-0.010629
5.6225947E-07,-0.010623
5.6230947E-07,-0.010615
5.6235947E-07,-0.010604
5.6240947E-07,-0.010590
5.6245947E-07,-0.010574
5.6250947E-07,-0.010555
5.6255947E-07,-0.010533
5.6260947E-07,-0.010510
5.6265947E-07,-0.010485
5.6270947E-07,-0.010460
5.6275947E-07,-0.010434
5.6280947E-07,-0.010409
5.6285947E-07,-0.010385
5.6290947E-07,-0.010363
5.6295947E-07,-0.010343
5.6300947E-07,-0.010326
5.6305947E-07,-0.010312
5.6310947E-07,-0.010301
5.6315947E-07,-0.010293
5.6320947E-07,-0.010289
5.6325947E-07,-0.010288
5.6330947E-07,-0.010290
5.6335947E-07,-0.010295
5.6340947E-07,-0.010302
5.6345947E-07,-0.010312
5.6350947E-07,-0.010322
5.6355947E-07,-0.010334
5.6360947E-07,-0.010346
5.6365947E-07,-0.010359
5.6370947E-07,-0.010371
5.6375947E-07,-0.010382
5.6380947E-07,-0.010392
5.6385947E-07,-0.010402
5.6390947E-07,-0.010409
5.6395947E-07,-0.010416
5.6400947E-07,-0.010421
5.6405947E-07,-0.010425
5.6410947E-07,-0.010428
5.6415947E-07,-0.010431
5.6420947E-07,-0.010432
5.6425947E-07,-0.010433
5.6430947E-07,-0.010434
5.6435947E-07,-0.010435
5.6440947E-07,-0.010436
5.6445947E-07,-0.010438
5.6450947E-07,-0.010441
5.6455947E-07,-0.010444
5.6460947E-07,-0.010448
5.6465947E-07,-0.010453
5.6470947E-07,-0.010459
5.6475947E-07,-0.010466
5.6480947E-07,-0.010473
5.6485947E-07,-0.010480
5.6490947E-07,-0.010488
5.6495947E-07,-0.010495
5.6500947E-07,-0.010502
5.6505947E-07,-0.010509
5.6510947E-07,-0.010515
5.6515947E-07,-0.010520
5.6520947E-07,-0.010524
5.6525947E-07,-0.010528
5.6530947E-07,-0.010531
5.6535947E-07,-0.010533
5.6540947E-07,-0.010535
5.6545947E-07,-0.010536
5.6550947E-07,-0.010538
5.6555947E-07,-0.010540
5.6560947E-07,-0.010543
5.6565947E-07,-0.010547
5.6570947E-07,-0.010551
5.6575947E-07,-0.010558
5.6580947E-07,-0.010565
5.6585947E-07,-0.010575
5.6590947E-07,-0.010586
5.6595947E-07,-0.010598
5.6600947E-07,-0.010612
5.6605947E-07,-0.010627
5.6610947E-07,-0.010642
5.6615947E-07,-0.010658
5.6620947E-07,-0.010674
5.6625947E-07,-0.010690
5.6630947E-07,-0.010705
5.6635947E-07,-0.010718
5.6640947E-07,-0.010731
5.6645947E-07,-0.010741
5.6650947E-07,-0.010749
5.6655947E-07,-0.010756
5.6660947E-07,-0.010760
5.6665947E-07,-0.010762
5.6670947E-07,-0.010763
5.6675947E-07,-0.010763
5.6680947E-07,-0.010761
5.6685947E-07,-0.010759
5.6690947E-07,-0.010757
5.6695947E-07,-0.010755
5.6700947E-07,-0.010754
5.6705947E-07,-0.010755
5.6710947E-07,-0.010756
5.6715947E-07,-0.010759
5.6720947E-07,-0.010765
5.6725947E-07,-0.010771
5.6730947E-07,-0.010780
5.6735947E-07,-0.010789
5.6740947E-07,-0.010800
5.6745947E-07,-0.010811
5.6750947E-07,-0.010823
5.6755947E-07,-0.010834
5.6760947E-07,-0.010844
5.6765947E-07,-0.010853
5.6770947E-07,-0.010860
5.6775947E-07,-0.010865
5.6780947E-07,-0.010867
5.6785947E-07,-0.010867
5.6790947E-07,-0.010864
5.6795947E-07,-0.010858
5.6800947E-07,-0.010851
5.6805947E-07,-0.010841
5.6810947E-07,-0.010829
5.6815947E-07,-0.010816
5.6820947E-07,-0.010803
5.6825947E-07,-0.010789
5.6830947E-07,-0.010775
5.6835947E-07,-0.010762
5.6840947E-07,-0.010750
5.6845947E-07,-0.010739
5.6850947E-07,-0.010730
5.6855947E-07,-0.010722
5.6860947E-07,-0.010716
5.6865947E-07,-0.010711
5.6870947E-07,-0.010707
5.6875947E-07,-0.010703
5.6880947E-07,-0.010701
5.6885947E-07,-0.010698
5.6890947E-07,-0.010694
5.6895947E-07,-0.010690
5.6900947E-07,-0.010684
5.6905947E-07,-0.010677
5.6910947E-07,-0.010668
5.6915947E-07,-0.010657
5.6920947E-07,-0.010645
5.6925947E-07,-0.010631
5.6930947E-07,-0.010616
5.6935947E-07,-0.010600
5.6940947E-07,-0.010584
5.6945947E-07,-0.010568
5.6950947E-07,-0.010552
5.6955947E-07,-0.010538
5.6960947E-07,-0.010525
5.6965947E-07,-0.010515
5.6970947E-07,-0.010508
5.6975947E-07,-0.010503
5.6980947E-07,-0.010502
5.6985947E-07,-0.010505
5.6990947E-07,-0.010510
5.6995947E-07,-0.010519
5.7000947E-07,-0.010531
5.7005947E-07,-0.010545
5.7010947E-07,-0.010561
5.7015947E-07,-0.010579
5.7020947E-07,-0.010598
5.7025947E-07,-0.010617
5.7030947E-07,-0.010636
5.7035947E-07,-0.010654
5.7040947E-07,-0.010671
5.7045947E-07,-0.010686
5.7050947E-07,-0.010699
5.7055947E-07,-0.010709
5.7060947E-07,-0.010717
5.7065947E-07,-0.010723
5.7070947E-07,-0.010726
5.7075947E-07,-0.010726
5.7080947E-07,-0.010725
5.7085947E-07,-0.010722
5.7090947E-07,-0.010717
5.7095947E-07,-0.010711
5.7100947E-07,-0.010705
5.7105947E-07,-0.010697
5.7110947E-07,-0.010690
5.7115947E-07,-0.010683
5.7120947E-07,-0.010676
5.7125947E-07,-0.010669
5.7130947E-07,-0.010662
5.7135947E-07,-0.010655
5.7140947E-07,-0.010649
5.7145947E-07,-0.010642
5.7150947E-07,-0.010634
5.7155947E-07,-0.010626
5.7160947E-07,-0.010617
5.7165947E-07,-0.010606
5.7170947E-07,-0.010593
5.7175947E-07,-0.010578
5.7180947E-07,-0.010561
5.7185947E-07,-0.010542
5.7190947E-07,-0.010520
5.7195947E-07,-0.010496
5.7200947E-07,-0.010470
5.7205947E-07,-0.010443
5.7210947E-07,-0.010414
5.7215947E-07,-0.010384
5.7220947E-07,-0.010354
5.7225947E-07,-0.010324
5.7230947E-07,-0.010296
5.7235947E-07,-0.010268
5.7240947E-07,-0.010243
5.7245947E-07,-0.010221
5.7250947E-07,-0.010202
5.7255947E-07,-0.010186
5.7260947E-07,-0.010174
5.7265947E-07,-0.010166
5.7270947E-07,-0.010162
5.7275947E-07,-0.010161
5.7280947E-07,-0.010164
5.7285947E-07,-0.010170
5.7290947E-07,-0.010178
5.7295947E-07,-0.010189
5.7300947E-07,-0.010200
5.7305947E-07,-0.010213
5.7310947E-07,-0.010225
5.7315947E-07,-0.010237
5.7320947E-07,-0.010248
5.7325947E-07,-0.010258
5.7330947E-07,-0.010266
5.7335947E-07,-0.010272
5.7340947E-07,-0.010276
5.7345947E-07,-0.010278
5.7350947E-07,-0.010278
5.7355947E-07,-0.010276
5.7360947E-07,-0.010274
5.7365947E-07,-0.010271
5.7370947E-07,-0.010268
5.7375947E-07,-0.010265
5.7380947E-07,-0.010263
5.7385947E-07,-0.010261
5.7390947E-07,-0.010262
5.7395947E-07,-0.010264
5.7400947E-07,-0.010268
5.7405947E-07,-0.010273
5.7410947E-07,-0.010280
5.7415947E-07,-0.010289
5.7420947E-07,-0.010298
5.7425947E-07,-0.010308
5.7430947E-07,-0.010318
5.7435947E-07,-0.010328
5.7440947E-07,-0.010336
5.7445947E-07,-0.010343
5.7450947E-07,-0.010348
5.7455947E-07,-0.010350
5.7460947E-07,-0.010350
5.7465947E-07,-0.010347
5.7470947E-07,-0.010341
5.7475947E-07,-0.010333
5.7480947E-07,-0.010322
5.7485947E-07,-0.010309
5.7490947E-07,-0.010295
5.7495947E-07,-0.010280
5.7500947E-07,-0.010265
5.7505947E-07,-0.010251
5.7510947E-07,-0.010237
5.7515947E-07,-0.010226
5.7520947E-07,-0.010216
5.7525947E-07,-0.010209
5.7530947E-07,-0.010205
5.7535947E-07,-0.010203
5.7540947E-07,-0.010205
5.7545947E-07,-0.010209
5.7550947E-07,-0.010216
5.7555947E-07,-0.010224
5.7560947E-07,-0.010234
5.7565947E-07,-0.010245
5.7570947E-07,-0.010256
5.7575947E-07,-0.010268
5.7580947E-07,-0.010278
5.7585947E-07,-0.010287
5.7590947E-07,-0.010295
5.7595947E-07,-0.010301
5.7600947E-07,-0.010306
5.7605947E-07,-0.010309
5.7610947E-07,-0.010310
5.7615947E-07,-0.010310
5.7620947E-07,-0.010309
5.7625947E-07,-0.010308
5.7630947E-07,-0.010307
5.7635947E-07,-0.010307
5.7640947E-07,-0.010307
5.7645947E-07,-0.010310
5.7650947E-07,-0.010314
5.7655947E-07,-0.010321
5.7660947E-07,-0.010331
5.7665947E-07,-0.010343
5.7670947E-07,-0.010358
5.7675947E-07,-0.010375
5.7680947E-07,-0.010394
5.7685947E-07,-0.010414
5.7690947E-07,-0.010436
5.7695947E-07,-0.010458
5.7700947E-07,-0.010480
5.7705947E-07,-0.010501
5.7710947E-07,-0.010521
5.7715947E-07,-0.010539
5.7720947E-07,-0.010554
5.7725947E-07,-0.010567
5.7730947E-07,-0.010578
5.7735947E-07,-0.010585
5.7740947E-07,-0.010590
5.7745947E-07,-0.010591
5.7750947E-07,-0.010591
5.7755947E-07,-0.010589
5.7760947E-07,-0.010585
5.7765947E-07,-0.010580
5.7770947E-07,-0.010575
5.7775947E-07,-0.010569
5.7780947E-07,-0.010564
5.7785947E-07,-0.010560
5.7790947E-07,-0.010557
5.7795947E-07,-0.010555
5.7800947E-07,-0.010555
5.7805947E-07,-0.010557
5.7810947E-07,-0.010560
5.7815947E-07,-0.010564
5.7820947E-07,-0.010570
5.7825947E-07,-0.010576
5.7830947E-07,-0.010583
5.7835947E-07,-0.010589
5.7840947E-07,-0.010595
5.7845947E-07,-0.010601
5.7850947E-07,-0.010605
5.7855947E-07,-0.010607
5.7860947E-07,-0.010608
5.7865947E-07,-0.010606
5.7870947E-07,-0.010603
5.7875947E-07,-0.010597
5.7880947E-07,-0.010590
5.7885947E-07,-0.010581
5.7890947E-07,-0.010570
5.7895947E-07,-0.010558
5.7900947E-07,-0.010546
5.7905947E-07,-0.010532
5.7910947E-07,-0.010519
5.7915947E-07,-0.010507
5.7920947E-07,-0.010495
5.7925947E-07,-0.010484
5.7930947E-07,-0.010474
5.7935947E-07,-0.010466
5.7940947E-07,-0.010459
5.7945947E-07,-0.010454
5.7950947E-07,-0.010450
5.7955947E-07,-0.010447
5.7960947E-07,-0.010445
5.7965947E-07,-0.010444
5.7970947E-07,-0.010442
5.7975947E-07,-0.010441
5.7980947E-07,-0.010439
5.7985947E-07,-0.010436
5.7990947E-07,-0.010432
5.7995947E-07,-0.010426
5.8000947E-07,-0.010420
5.8005947E-07,-0.010411
5.8010947E-07,-0.010401
5.8015947E-07,-0.010390
5.8020947E-07,-0.010378
5.8025947E-07,-0.010365
5.8030947E-07,-0.010351
5.8035947E-07,-0.010338
5.8040947E-07,-0.010325
5.8045947E-07,-0.010313
5.8050947E-07,-0.010303
5.8055947E-07,-0.010294
5.8060947E-07,-0.010287
5.8065947E-07,-0.010282
5.8070947E-07,-0.010280
5.8075947E-07,-0.010280
5.8080947E-07,-0.010283
5.8085947E-07,-0.010287
5.8090947E-07,-0.010293
5.8095947E-07,-0.010300
5.8100947E-07,-0.010308
5.8105947E-07,-0.010316
5.8110947E-07,-0.010324
5.8115947E-07,-0.010331
5.8120947E-07,-0.010336
5.8125947E-07,-0.010340
5.8130947E-07,-0.010342
5.8135947E-07,-0.010342
5.8140947E-07,-0.010339
5.8145947E-07,-0.010335
5.8150947E-07,-0.010328
5.8155947E-07,-0.010320
5.8160947E-07,-0.010312
5.8165947E-07,-0.010303
5.8170947E-07,-0.010294
5.8175947E-07,-0.010286
5.8180947E-07,-0.010280
5.8185947E-07,-0.010275
5.8190947E-07,-0.010274
5.8195947E-07,-0.010275
5.8200947E-07,-0.010280
5.8205947E-07,-0.010288
5.8210947E-07,-0.010300
5.8215947E-07,-0.010314
5.8220947E-07,-0.010331
5.8225947E-07,-0.010350
5.8230947E-07,-0.010371
5.8235947E-07,-0.010392
5.8240947E-07,-0.010413
5.8245947E-07,-0.010433
5.8250947E-07,-0.010451
5.8255947E-07,-0.010467
5.8260947E-07,-0.010481
5.8265947E-07,-0.010490
5.8270947E-07,-0.010496
5.8275947E-07,-0.010499
5.8280947E-07,-0.010497
5.8285947E-07,-0.010492
5.8290947E-07,-0.010485
5.8295947E-07,-0.010474
5.8300947E-07,-0.010462
5.8305947E-07,-0.010449
5.8310947E-07,-0.010435
5.8315947E-07,-0.010422
5.8320947E-07,-0.010410
5.8325947E-07,-0.010399
5.8330947E-07,-0.010391
5.8335947E-07,-0.010385
5.8340947E-07,-0.010381
5.8345947E-07,-0.010380
5.8350947E-07,-0.010382
5.8355947E-07,-0.010385
5.8360947E-07,-0.010390
5.8365947E-07,-0.010396
5.8370947E-07,-0.010403
5.8375947E-07,-0.010409
5.8380947E-07,-0.010415
5.8385947E-07,-0.010419
5.8390947E-07,-0.010421
5.8395947E-07,-0.010421
5.8400947E-07,-0.010418
5.8405947E-07,-0.010412
5.8410947E-07,-0.010404
5.8415947E-07,-0.010393
5.8420947E-07,-0.010380
5.8425947E-07,-0.010366
5.8430947E-07,-0.010350
5.8435947E-07,-0.010334
5.8440947E-07,-0.010319
5.8445947E-07,-0.010305
5.8450947E-07,-0.010293
5.8455947E-07,-0.010283
5.8460947E-07,-0.010276
5.8465947E-07,-0.010272
5.8470947E-07,-0.010272
5.8475947E-07,-0.010275
5.8480947E-07,-0.010282
5.8485947E-07,-0.010292
5.8490947E-07,-0.010305
5.8495947E-07,-0.010320
5.8500947E-07,-0.010338
5.8505947E-07,-0.010356
5.8510947E-07,-0.010374
5.8515947E-07,-0.010393
5.8520947E-07,-0.010411
5.8525947E-07,-0.010427
5.8530947E-07,-0.010441
5.8535947E-07,-0.010454
5.8540947E-07,-0.010464
5.8545947E-07,-0.010472
5.8550947E-07,-0.010478
5.8555947E-07,-0.010482
5.8560947E-07,-0.010485
5.8565947E-07,-0.010486
5.8570947E-07,-0.010487
5.8575947E-07,-0.010489
5.8580947E-07,-0.010490
5.8585947E-07,-0.010493
5.8590947E-07,-0.010498
5.8595947E-07,-0.010504
5.8600947E-07,-0.010513
5.8605947E-07,-0.010523
5.8610947E-07,-0.010536
5.8615947E-07,-0.010551
5.8620947E-07,-0.010568
5.8625947E-07,-0.010587
5.8630947E-07,-0.010606
5.8635947E-07,-0.010625
5.8640947E-07,-0.010645
5.8645947E-07,-0.010663
5.8650947E-07,-0.010680
5.8655947E-07,-0.010694
5.8660947E-07,-0.010707
5.8665947E-07,-0.010716
5.8670947E-07,-0.010722
5.8675947E-07,-0.010724
5.8680947E-07,-0.010724
5.8685947E-07,-0.010720
5.8690947E-07,-0.010713
5.8695947E-07,-0.010704
5.8700947E-07,-0.010693
5.8705947E-07,-0.010680
5.8710947E-07,-0.010666
5.8715947E-07,-0.010652
5.8720947E-07,-0.010639
5.8725947E-07,-0.010627
5.8730947E-07,-0.010616
5.8735947E-07,-0.010607
5.8740947E-07,-0.010601
5.8745947E-07,-0.010597
5.8750947E-07,-0.010595
5.8755947E-07,-0.010596
5.8760947E-07,-0.010598
5.8765947E-07,-0.010603
5.8770947E-07,-0.010609
5.8775947E-07,-0.010616
5.8780947E-07,-0.010623
5.8785947E-07,-0.010630
5.8790947E-07,-0.010636
5.8795947E-07,-0.010641
5.8800947E-07,-0.010645
5.8805947E-07,-0.010647
5.8810947E-07,-0.010646
5.8815947E-07,-0.010644
5.8820947E-07,-0.010640
5.8825947E-07,-0.010634
5.8830947E-07,-0.010626
5.8835947E-07,-0.010618
5.8840947E-07,-0.010609
5.8845947E-07,-0.010600
5.8850947E-07,-0.010592
5.8855947E-07,-0.010585
5.8860947E-07,-0.010579
5.8865947E-07,-0.010576
5.8870947E-07,-0.010576
5.8875947E-07,-0.010577
5.8880947E-07,-0.010582
5.8885947E-07,-0.010589
5.8890947E-07,-0.010598
5.8895947E-07,-0.010609
5.8900947E-07,-0.010621
5.8905947E-07,-0.010634
5.8910947E-07,-0.010646
5.8915947E-07,-0.010657
5.8920947E-07,-0.010667
5.8925947E-07,-0.010675
5.8930947E-07,-0.010679
5.8935947E-07,-0.010680
5.8940947E-07,-0.010677
5.8945947E-07,-0.010670
5.8950947E-07,-0.010659
5.8955947E-07,-0.010644
5.8960947E-07,-0.010626
5.8965947E-07,-0.010605
5.8970947E-07,-0.010582
5.8975947E-07,-0.010557
5.8980947E-07,-0.010531
5.8985947E-07,-0.010506
5.8990947E-07,-0.010482
5.8995947E-07,-0.010459
5.9000947E-07,-0.010439
5.9005947E-07,-0.010423
5.9010947E-07,-0.010410
5.9015947E-07,-0.010400
5.9020947E-07,-0.010395
5.9025947E-07,-0.010393
5.9030947E-07,-0.010395
5.9035947E-07,-0.010400
5.9040947E-07,-0.010407
5.9045947E-07,-0.010416
5.9050947E-07,-0.010426
5.9055947E-07,-0.010436
5.9060947E-07,-0.010446
5.9065947E-07,-0.010454
5.9070947E-07,-0.010461
5.9075947E-07,-0.010466
5.9080947E-07,-0.010468
5.9085947E-07,-0.010468
5.9090947E-07,-0.010466
5.9095947E-07,-0.010461
5.9100947E-07,-0.010454
5.9105947E-07,-0.010446
5.9110947E-07,-0.010437
5.9115947E-07,-0.010428
5.9120947E-07,-0.010419
5.9125947E-07,-0.010411
5.9130947E-07,-0.010405
5.9135947E-07,-0.010400
5.9140947E-07,-0.010397
5.9145947E-07,-0.010397
5.9150947E-07,-0.010399
5.9155947E-07,-0.010403
5.9160947E-07,-0.010409
5.9165947E-07,-0.010417
5.9170947E-07,-0.010426
5.9175947E-07,-0.010435
5.9180947E-07,-0.010444
5.9185947E-07,-0.010452
5.9190947E-07,-0.010459
5.9195947E-07,-0.010464
5.9200947E-07,-0.010466
5.9205947E-07,-0.010466
5.9210947E-07,-0.010464
5.9215947E-07,-0.010458
5.9220947E-07,-0.010450
5.9225947E-07,-0.010439
5.9230947E-07,-0.010426
5.9235947E-07,-0.010412
5.9240947E-07,-0.010398
5.9245947E-07,-0.010383
5.9250947E-07,-0.010369
5.9255947E-07,-0.010356
5.9260947E-07,-0.010345
5.9265947E-07,-0.010336
5.9270947E-07,-0.010330
5.9275947E-07,-0.010328
5.9280947E-07,-0.010328
5.9285947E-07,-0.010332
5.9290947E-07,-0.010339
5.9295947E-07,-0.010349
5.9300947E-07,-0.010362
5.9305947E-07,-0.010376
5.9310947E-07,-0.010391
5.9315947E-07,-0.010407
5.9320947E-07,-0.010423
5.9325947E-07,-0.010439
5.9330947E-07,-0.010453
5.9335947E-07,-0.010465
5.9340947E-07,-0.010476
5.9345947E-07,-0.010484
5.9350947E-07,-0.010489
5.9355947E-07,-0.010492
5.9360947E-07,-0.010492
5.9365947E-07,-0.010490
5.9370947E-07,-0.010486
5.9375947E-07,-0.010481
5.9380947E-07,-0.010475
5.9385947E-07,-0.010469
5.9390947E-07,-0.010462
5.9395947E-07,-0.010456
5.9400947E-07,-0.010451
5.9405947E-07,-0.010447
5.9410947E-07,-0.010445
5.9415947E-07,-0.010444
5.9420947E-07,-0.010445
5.9425947E-07,-0.010447
5.9430947E-07,-0.010451
5.9435947E-07,-0.010456
5.9440947E-07,-0.010462
5.9445947E-07,-0.010468
5.9450947E-07,-0.010474
5.9455947E-07,-0.010479
5.9460947E-07,-0.010484
5.9465947E-07,-0.010487
5.9470947E-07,-0.010489
5.9475947E-07,-0.010489
5.9480947E-07,-0.010488
5.9485947E-07,-0.010485
5.9490947E-07,-0.010480
5.9495947E-07,-0.010474
5.9500947E-07,-0.010468
5.9505947E-07,-0.010461
5.9510947E-07,-0.010454
5.9515947E-07,-0.010447
5.9520947E-07,-0.010442
5.9525947E-07,-0.010438
5.9530947E-07,-0.010436
5.9535947E-07,-0.010437
5.9540947E-07,-0.010440
5.9545947E-07,-0.010446
5.9550947E-07,-0.010454
5.9555947E-07,-0.010465
5.9560947E-07,-0.010478
5.9565947E-07,-0.010493
5.9570947E-07,-0.010509
5.9575947E-07,-0.010525
5.9580947E-07,-0.010542
5.9585947E-07,-0.010557
5.9590947E-07,-0.010572
5.9595947E-07,-0.010584
5.9600947E-07,-0.010593
5.9605947E-07,-0.010600
5.9610947E-07,-0.010603
5.9615947E-07,-0.010602
5.9620947E-07,-0.010598
5.9625947E-07,-0.010591
5.9630947E-07,-0.010580
5.9635947E-07,-0.010567
5.9640947E-07,-0.010552
5.9645947E-07,-0.010535
5.9650947E-07,-0.010518
5.9655947E-07,-0.010501
5.9660947E-07,-0.010485
5.9665947E-07,-0.010471
5.9670947E-07,-0.010459
5.9675947E-07,-0.010449
5.9680947E-07,-0.010443
5.9685947E-07,-0.010440
5.9690947E-07,-0.010439
5.9695947E-07,-0.010442
5.9700947E-07,-0.010447
5.9705947E-07,-0.010455
5.9710947E-07,-0.010464
5.9715947E-07,-0.010473
5.9720947E-07,-0.010483
5.9725947E-07,-0.010492
5.9730947E-07,-0.010500
5.9735947E-07,-0.010505
5.9740947E-07,-0.010508
5.9745947E-07,-0.010508
5.9750947E-07,-0.010505
5.9755947E-07,-0.010498
5.9760947E-07,-0.010489
5.9765947E-07,-0.010476
5.9770947E-07,-0.010462
5.9775947E-07,-0.010446
5.9780947E-07,-0.010429
5.9785947E-07,-0.010412
5.9790947E-07,-0.010395
5.9795947E-07,-0.010380
5.9800947E-07,-0.010367
5.9805947E-07,-0.010357
5.9810947E-07,-0.010351
5.9815947E-07,-0.010348
5.9820947E-07,-0.010348
5.9825947E-07,-0.010353
5.9830947E-07,-0.010361
5.9835947E-07,-0.010372
5.9840947E-07,-0.010386
5.9845947E-07,-0.010402
5.9850947E-07,-0.010419
5.9855947E-07,-0.010437
5.9860947E-07,-0.010454
5.9865947E-07,-0.010470
5.9870947E-07,-0.010485
5.9875947E-07,-0.010497
5.9880947E-07,-0.010507
5.9885947E-07,-0.010513
5.9890947E-07,-0.010517
5.9895947E-07,-0.010518
5.9900947E-07,-0.010517
5.9905947E-07,-0.010513
5.9910947E-07,-0.010508
5.9915947E-07,-0.010502
5.9920947E-07,-0.010495
5.9925947E-07,-0.010489
5.9930947E-07,-0.010484
5.9935947E-07,-0.010480
5.9940947E-07,-0.010479
5.9945947E-07,-0.010480
5.9950947E-07,-0.010483
5.9955947E-07,-0.010489
5.9960947E-07,-0.010498
5.9965947E-07,-0.010509
5.9970947E-07,-0.010522
5.9975947E-07,-0.010537
5.9980947E-07,-0.010551
5.9985947E-07,-0.010566
5.9990947E-07,-0.010580
5.9995947E-07,-0.010592
6.0000947E-07,-0.010602
6.0005947E-07,-0.010609
6.0010947E-07,-0.010613
6.0015947E-07,-0.010613
6.0020947E-07,-0.010609
6.0025947E-07,-0.010602
6.0030947E-07,-0.010591
6.0035947E-07,-0.010577
6.0040947E-07,-0.010560
6.0045947E-07,-0.010540
6.0050947E-07,-0.010520
6.0055947E-07,-0.010498
6.0060947E-07,-0.010477
6.0065947E-07,-0.010456
6.0070947E-07,-0.010436
6.0075947E-07,-0.010418
6.0080947E-07,-0.010403
6.0085947E-07,-0.010390
6.0090947E-07,-0.010380
6.0095947E-07,-0.010373
6.0100947E-07,-0.010368
6.0105947E-07,-0.010366
6.0110947E-07,-0.010366
6.0115947E-07,-0.010366
6.0120947E-07,-0.010368
6.0125947E-07,-0.010370
6.0130947E-07,-0.010372
6.0135947E-07,-0.010373
6.0140947E-07,-0.010372
6.0145947E-07,-0.010370
6.0150947E-07,-0.010366
6.0155947E-07,-0.010360
6.0160947E-07,-0.010352
6.0165947E-07,-0.010343
6.0170947E-07,-0.010331
6.0175947E-07,-0.010319
6.0180947E-07,-0.010306
6.0185947E-07,-0.010293
6.0190947E-07,-0.010281
6.0195947E-07,-0.010270
6.0200947E-07,-0.010260
6.0205947E-07,-0.010254
6.0210947E-07,-0.010249
6.0215947E-07,-0.010248
6.0220947E-07,-0.010250
6.0225947E-07,-0.010255
6.0230947E-07,-0.010263
6.0235947E-07,-0.010273
6.0240947E-07,-0.010286
6.0245947E-07,-0.010301
6.0250947E-07,-0.010317
6.0255947E-07,-0.010333
6.0260947E-07,-0.010349
6.0265947E-07,-0.010363
6.0270947E-07,-0.010377
6.0275947E-07,-0.010388
6.0280947E-07,-0.010397
6.0285947E-07,-0.010402
6.0290947E-07,-0.010405
6.0295947E-07,-0.010405
6.0300947E-07,-0.010402
6.0305947E-07,-0.010396
6.0310947E-07,-0.010388
6.0315947E-07,-0.010379
6.0320947E-07,-0.010368
6.0325947E-07,-0.010357
6.0330947E-07,-0.010347
6.0335947E-07,-0.010337
6.0340947E-07,-0.010329
6.0345947E-07,-0.010323
6.0350947E-07,-0.010320
6.0355947E-07,-0.010319
6.0360947E-07,-0.010320
6.0365947E-07,-0.010324
6.0370947E-07,-0.010331
6.0375947E-07,-0.010339
6.0380947E-07,-0.010349
6.0385947E-07,-0.010359
6.0390947E-07,-0.010369
6.0395947E-07,-0.010379
6.0400947E-07,-0.010387
6.0405947E-07,-0.010393
6.0410947E-07,-0.010397
6.0415947E-07,-0.010397
6.0420947E-07,-0.010394
6.0425947E-07,-0.010388
6.0430947E-07,-0.010378
6.0435947E-07,-0.010364
6.0440947E-07,-0.010348
6.0445947E-07,-0.010329
6.0450947E-07,-0.010309
6.0455947E-07,-0.010287
6.0460947E-07,-0.010265
6.0465947E-07,-0.010244
6.0470947E-07,-0.010225
6.0475947E-07,-0.010208
6.0480947E-07,-0.010193
6.0485947E-07,-0.010182
6.0490947E-07,-0.010174
6.0495947E-07,-0.010171
6.0500947E-07,-0.010171
6.0505947E-07,-0.010174
6.0510947E-07,-0.010181
6.0515947E-07,-0.010190
6.0520947E-07,-0.010202
6.0525947E-07,-0.010214
6.0530947E-07,-0.010227
6.0535947E-07,-0.010240
6.0540947E-07,-0.010252
6.0545947E-07,-0.010262
6.0550947E-07,-0.010270
6.0555947E-07,-0.010276
6.0560947E-07,-0.010279
6.0565947E-07,-0.010279
6.0570947E-07,-0.010277
6.0575947E-07,-0.010272
6.0580947E-07,-0.010266
6.0585947E-07,-0.010259
6.0590947E-07,-0.010251
6.0595947E-07,-0.010244
6.0600947E-07,-0.010238
6.0605947E-07,-0.010234
6.0610947E-07,-0.010232
6.0615947E-07,-0.010233
6.0620947E-07,-0.010237
6.0625947E-07,-0.010245
6.0630947E-07,-0.010256
6.0635947E-07,-0.010270
6.0640947E-07,-0.010287
6.0645947E-07,-0.010306
6.0650947E-07,-0.010327
6.0655947E-07,-0.010348
6.0660947E-07,-0.010369
6.0665947E-07,-0.010389
6.0670947E-07,-0.010407
6.0675947E-07,-0.010423
6.0680947E-07,-0.010435
6.0685947E-07,-0.010443
6.0690947E-07,-0.010447
6.0695947E-07,-0.010447
6.0700947E-07,-0.010443
6.0705947E-07,-0.010435
6.0710947E-07,-0.010423
6.0715947E-07,-0.010408
6.0720947E-07,-0.010391
6.0725947E-07,-0.010372
6.0730947E-07,-0.010353
6.0735947E-07,-0.010334
6.0740947E-07,-0.010317
6.0745947E-07,-0.010301
6.0750947E-07,-0.010287
6.0755947E-07,-0.010276
6.0760947E-07,-0.010269
6.0765947E-07,-0.010265
6.0770947E-07,-0.010264
6.0775947E-07,-0.010266
6.0780947E-07,-0.010270
6.0785947E-07,-0.010277
6.0790947E-07,-0.010285
6.0795947E-07,-0.010294
6.0800947E-07,-0.010303
6.0805947E-07,-0.010312
6.0810947E-07,-0.010319
6.0815947E-07,-0.010325
6.0820947E-07,-0.010329
6.0825947E-07,-0.010331
6.0830947E-07,-0.010330
6.0835947E-07,-0.010328
6.0840947E-07,-0.010323
6.0845947E-07,-0.010317
6.0850947E-07,-0.010309
6.0855947E-07,-0.010301
6.0860947E-07,-0.010293
6.0865947E-07,-0.010286
6.0870947E-07,-0.010281
6.0875947E-07,-0.010277
6.0880947E-07,-0.010276
6.0885947E-07,-0.010277
6.0890947E-07,-0.010282
6.0895947E-07,-0.010290
6.0900947E-07,-0.010300
6.0905947E-07,-0.010314
6.0910947E-07,-0.010330
6.0915947E-07,-0.010347
6.0920947E-07,-0.010367
6.0925947E-07,-0.010386
6.0930947E-07,-0.010406
6.0935947E-07,-0.010425
6.0940947E-07,-0.010442
6.0945947E-07,-0.010457
6.0950947E-07,-0.010470
6.0955947E-07,-0.010479
6.0960947E-07,-0.010485
6.0965947E-07,-0.010488
6.0970947E-07,-0.010488
6.0975947E-07,-0.010485
6.0980947E-07,-0.010479
6.0985947E-07,-0.010471
6.0990947E-07,-0.010461
6.0995947E-07,-0.010450
6.1000947E-07,-0.010439
6.1005947E-07,-0.010428
6.1010947E-07,-0.010418
6.1015947E-07,-0.010409
6.1020947E-07,-0.010402
6.1025947E-07,-0.010397
6.1030947E-07,-0.010394
6.1035947E-07,-0.010392
6.1040947E-07,-0.010393
6.1045947E-07,-0.010395
6.1050947E-07,-0.010398
6.1055947E-07,-0.010401
6.1060947E-07,-0.010404
6.1065947E-07,-0.010406
6.1070947E-07,-0.010407
6.1075947E-07,-0.010407
6.1080947E-07,-0.010403
6.1085947E-07,-0.010397
6.1090947E-07,-0.010389
6.1095947E-07,-0.010377
6.1100947E-07,-0.010362
6.1105947E-07,-0.010344
6.1110947E-07,-0.010325
6.1115947E-07,-0.010303
6.1120947E-07,-0.010281
6.1125947E-07,-0.010259
6.1130947E-07,-0.010236
6.1135947E-07,-0.010216
6.1140947E-07,-0.010197
6.1145947E-07,-0.010181
6.1150947E-07,-0.010169
6.1155947E-07,-0.010161
6.1160947E-07,-0.010156
6.1165947E-07,-0.010156
6.1170947E-07,-0.010161
6.1175947E-07,-0.010169
6.1180947E-07,-0.010181
6.1185947E-07,-0.010196
6.1190947E-07,-0.010213
6.1195947E-07,-0.010232
6.1200947E-07,-0.010251
6.1205947E-07,-0.010271
6.1210947E-07,-0.010290
6.1215947E-07,-0.010307
6.1220947E-07,-0.010322
6.1225947E-07,-0.010335
6.1230947E-07,-0.010344
6.1235947E-07,-0.010351
6.1240947E-07,-0.010355
6.1245947E-07,-0.010356
6.1250947E-07,-0.010355
6.1255947E-07,-0.010352
6.1260947E-07,-0.010347
6.1265947E-07,-0.010342
6.1270947E-07,-0.010337
6.1275947E-07,-0.010333
6.1280947E-07,-0.010330
6.1285947E-07,-0.010329
6.1290947E-07,-0.010330
6.1295947E-07,-0.010334
6.1300947E-07,-0.010340
6.1305947E-07,-0.010349
6.1310947E-07,-0.010360
6.1315947E-07,-0.010372
6.1320947E-07,-0.010386
6.1325947E-07,-0.010401
6.1330947E-07,-0.010416
6.1335947E-07,-0.010430
6.1340947E-07,-0.010443
6.1345947E-07,-0.010453
6.1350947E-07,-0.010462
6.1355947E-07,-0.010467
6.1360947E-07,-0.010469
6.1365947E-07,-0.010469
6.1370947E-07,-0.010464
6.1375947E-07,-0.010457
6.1380947E-07,-0.010448
6.1385947E-07,-0.010437
6.1390947E-07,-0.010424
6.1395947E-07,-0.010411
6.1400947E-07,-0.010398
6.1405947E-07,-0.010386
6.1410947E-07,-0.010375
6.1415947E-07,-0.010367
6.1420947E-07,-0.010362
6.1425947E-07,-0.010360
6.1430947E-07,-0.010362
6.1435947E-07,-0.010366
6.1440947E-07,-0.010374
6.1445947E-07,-0.010384
6.1450947E-07,-0.010397
6.1455947E-07,-0.010412
6.1460947E-07,-0.010427
6.1465947E-07,-0.010443
6.1470947E-07,-0.010458
6.1475947E-07,-0.010472
6.1480947E-07,-0.010484
6.1485947E-07,-0.010494
6.1490947E-07,-0.010501
6.1495947E-07,-0.010504
6.1500947E-07,-0.010505
6.1505947E-07,-0.010502
6.1510947E-07,-0.010497
6.1515947E-07,-0.010489
6.1520947E-07,-0.010479
6.1525947E-07,-0.010468
6.1530947E-07,-0.010457
6.1535947E-07,-0.010446
6.1540947E-07,-0.010435
6.1545947E-07,-0.010426
6.1550947E-07,-0.010419
6.1555947E-07,-0.010415
6.1560947E-07,-0.010413
6.1565947E-07,-0.010414
6.1570947E-07,-0.010417
6.1575947E-07,-0.010423
6.1580947E-07,-0.010431
6.1585947E-07,-0.010440
6.1590947E-07,-0.010450
6.1595947E-07,-0.010460
6.1600947E-07,-0.010469
6.1605947E-07,-0.010477
6.1610947E-07,-0.010483
6.1615947E-07,-0.010486
6.1620947E-07,-0.010486
6.1625947E-07,-0.010483
6.1630947E-07,-0.010477
6.1635947E-07,-0.010466
6.1640947E-07,-0.010453
6.1645947E-07,-0.010437
6.1650947E-07,-0.010419
6.1655947E-07,-0.010399
6.1660947E-07,-0.010378
6.1665947E-07,-0.010358
6.1670947E-07,-0.010339
6.1675947E-07,-0.010321
6.1680947E-07,-0.010306
6.1685947E-07,-0.010294
6.1690947E-07,-0.010287
6.1695947E-07,-0.010283
6.1700947E-07,-0.010284
6.1705947E-07,-0.010289
6.1710947E-07,-0.010298
6.1715947E-07,-0.010311
6.1720947E-07,-0.010327
6.1725947E-07,-0.010346
6.1730947E-07,-0.010367
6.1735947E-07,-0.010389
6.1740947E-07,-0.010412
6.1745947E-07,-0.010434
6.1750947E-07,-0.010455
6.1755947E-07,-0.010474
6.1760947E-07,-0.010491
6.1765947E-07,-0.010506
6.1770947E-07,-0.010517
6.1775947E-07,-0.010526
6.1780947E-07,-0.010532
6.1785947E-07,-0.010536
6.1790947E-07,-0.010538
6.1795947E-07,-0.010539
6.1800947E-07,-0.010538
6.1805947E-07,-0.010537
6.1810947E-07,-0.010537
6.1815947E-07,-0.010537
6.1820947E-07,-0.010539
6.1825947E-07,-0.010543
6.1830947E-07,-0.010549
6.1835947E-07,-0.010557
6.1840947E-07,-0.010567
6.1845947E-07,-0.010578
6.1850947E-07,-0.010592
6.1855947E-07,-0.010606
6.1860947E-07,-0.010621
6.1865947E-07,-0.010636
6.1870947E-07,-0.010650
6.1875947E-07,-0.010662
6.1880947E-07,-0.010673
6.1885947E-07,-0.010680
6.1890947E-07,-0.010685
6.1895947E-07,-0.010686
6.1900947E-07,-0.010683
6.1905947E-07,-0.010677
6.1910947E-07,-0.010667
6.1915947E-07,-0.010654
6.1920947E-07,-0.010637
6.1925947E-07,-0.010619
6.1930947E-07,-0.010599
6.1935947E-07,-0.010578
6.1940947E-07,-0.010557
6.1945947E-07,-0.010536
6.1950947E-07,-0.010516
6.1955947E-07,-0.010499
6.1960947E-07,-0.010483
6.1965947E-07,-0.010470
6.1970947E-07,-0.010460
6.1975947E-07,-0.010452
6.1980947E-07,-0.010447
6.1985947E-07,-0.010445
6.1990947E-07,-0.010444
6.1995947E-07,-0.010446
6.2000947E-07,-0.010448
6.2005947E-07,-0.010450
6.2010947E-07,-0.010452
6.2015947E-07,-0.010453
6.2020947E-07,-0.010454
6.2025947E-07,-0.010452
6.2030947E-07,-0.010448
6.2035947E-07,-0.010443
6.2040947E-07,-0.010435
6.2045947E-07,-0.010426
6.2050947E-07,-0.010415
6.2055947E-07,-0.010403
6.2060947E-07,-0.010391
6.2065947E-07,-0.010378
6.2070947E-07,-0.010367
6.2075947E-07,-0.010357
6.2080947E-07,-0.010349
6.2085947E-07,-0.010343
6.2090947E-07,-0.010341
6.2095947E-07,-0.010342
6.2100947E-07,-0.010347
6.2105947E-07,-0.010355
6.2110947E-07,-0.010367
6.2115947E-07,-0.010382
6.2120947E-07,-0.010399
6.2125947E-07,-0.010419
6.2130947E-07,-0.010439
6.2135947E-07,-0.010460
6.2140947E-07,-0.010481
6.2145947E-07,-0.010500
6.2150947E-07,-0.010518
6.2155947E-07,-0.010532
6.2160947E-07,-0.010544
6.2165947E-07,-0.010551
6.2170947E-07,-0.010555
6.2175947E-07,-0.010554
6.2180947E-07,-0.010550
6.2185947E-07,-0.010541
6.2190947E-07,-0.010529
6.2195947E-07,-0.010514
6.2200947E-07,-0.010496
6.2205947E-07,-0.010477
6.2210947E-07,-0.010457
6.2215947E-07,-0.010437
6.2220947E-07,-0.010417
6.2225947E-07,-0.010398
6.2230947E-07,-0.010381
6.2235947E-07,-0.010365
6.2240947E-07,-0.010351
6.2245947E-07,-0.010340
6.2250947E-07,-0.010330
6.2255947E-07,-0.010322
6.2260947E-07,-0.010316
6.2265947E-07,-0.010311
6.2270947E-07,-0.010306
6.2275947E-07,-0.010302
6.2280947E-07,-0.010297
6.2285947E-07,-0.010291
6.2290947E-07,-0.010285
6.2295947E-07,-0.010277
6.2300947E-07,-0.010267
6.2305947E-07,-0.010257
6.2310947E-07,-0.010245
6.2315947E-07,-0.010232
6.2320947E-07,-0.010219
6.2325947E-07,-0.010205
6.2330947E-07,-0.010192
6.2335947E-07,-0.010181
6.2340947E-07,-0.010171
6.2345947E-07,-0.010163
6.2350947E-07,-0.010158
6.2355947E-07,-0.010157
6.2360947E-07,-0.010159
6.2365947E-07,-0.010165
6.2370947E-07,-0.010174
6.2375947E-07,-0.010187
6.2380947E-07,-0.010204
6.2385947E-07,-0.010223
6.2390947E-07,-0.010244
6.2395947E-07,-0.010266
6.2400947E-07,-0.010289
6.2405947E-07,-0.010313
6.2410947E-07,-0.010335
6.2415947E-07,-0.010355
6.2420947E-07,-0.010374
6.2425947E-07,-0.010389
6.2430947E-07,-0.010401
6.2435947E-07,-0.010410
6.2440947E-07,-0.010416
6.2445947E-07,-0.010418
6.2450947E-07,-0.010417
6.2455947E-07,-0.010414
6.2460947E-07,-0.010408
6.2465947E-07,-0.010401
6.2470947E-07,-0.010394
6.2475947E-07,-0.010386
6.2480947E-07,-0.010380
6.2485947E-07,-0.010375
6.2490947E-07,-0.010371
6.2495947E-07,-0.010370
6.2500947E-07,-0.010372
6.2505947E-07,-0.010377
6.2510947E-07,-0.010384
6.2515947E-07,-0.010394
6.2520947E-07,-0.010407
6.2525947E-07,-0.010421
6.2530947E-07,-0.010436
6.2535947E-07,-0.010451
6.2540947E-07,-0.010467
6.2545947E-07,-0.010481
6.2550947E-07,-0.010494
6.2555947E-07,-0.010505
6.2560947E-07,-0.010513
6.2565947E-07,-0.010518
6.2570947E-07,-0.010520
6.2575947E-07,-0.010519
6.2580947E-07,-0.010514
6.2585947E-07,-0.010506
6.2590947E-07,-0.010496
6.2595947E-07,-0.010484
6.2600947E-07,-0.010471
6.2605947E-07,-0.010457
6.2610947E-07,-0.010442
6.2615947E-07,-0.010429
6.2620947E-07,-0.010417
6.2625947E-07,-0.010406
6.2630947E-07,-0.010398
6.2635947E-07,-0.010392
6.2640947E-07,-0.010390
6.2645947E-07,-0.010390
6.2650947E-07,-0.010392
6.2655947E-07,-0.010397
6.2660947E-07,-0.010404
6.2665947E-07,-0.010412
6.2670947E-07,-0.010422
6.2675947E-07,-0.010431
6.2680947E-07,-0.010440
6.2685947E-07,-0.010448
6.2690947E-07,-0.010455
6.2695947E-07,-0.010460
6.2700947E-07,-0.010462
6.2705947E-07,-0.010463
6.2710947E-07,-0.010461
6.2715947E-07,-0.010456
6.2720947E-07,-0.010450
6.2725947E-07,-0.010442
6.2730947E-07,-0.010433
6.2735947E-07,-0.010424
6.2740947E-07,-0.010415
6.2745947E-07,-0.010407
6.2750947E-07,-0.010400
6.2755947E-07,-0.010395
6.2760947E-07,-0.010392
6.2765947E-07,-0.010392
6.2770947E-07,-0.010395
6.2775947E-07,-0.010401
6.2780947E-07,-0.010409
6.2785947E-07,-0.010420
6.2790947E-07,-0.010434
6.2795947E-07,-0.010448
6.2800947E-07,-0.010464
6.2805947E-07,-0.010480
6.2810947E-07,-0.010495
6.2815947E-07,-0.010510
6.2820947E-07,-0.010522
6.2825947E-07,-0.010532
6.2830947E-07,-0.010538
6.2835947E-07,-0.010542
6.2840947E-07,-0.010542
6.2845947E-07,-0.010538
6.2850947E-07,-0.010531
6.2855947E-07,-0.010520
6.2860947E-07,-0.010507
6.2865947E-07,-0.010492
6.2870947E-07,-0.010475
6.2875947E-07,-0.010458
6.2880947E-07,-0.010440
6.2885947E-07,-0.010423
6.2890947E-07,-0.010407
6.2895947E-07,-0.010393
6.2900947E-07,-0.010381
6.2905947E-07,-0.010372
6.2910947E-07,-0.010365
6.2915947E-07,-0.010361
6.2920947E-07,-0.010360
6.2925947E-07,-0.010360
6.2930947E-07,-0.010362
6.2935947E-07,-0.010366
6.2940947E-07,-0.010370
6.2945947E-07,-0.010373
6.2950947E-07,-0.010376
6.2955947E-07,-0.010378
6.2960947E-07,-0.010378
6.2965947E-07,-0.010375
6.2970947E-07,-0.010370
6.2975947E-07,-0.010363
6.2980947E-07,-0.010352
6.2985947E-07,-0.010340
6.2990947E-07,-0.010325
6.2995947E-07,-0.010309
6.3000947E-07,-0.010292
6.3005947E-07,-0.010274
6.3010947E-07,-0.010257
6.3015947E-07,-0.010242
6.3020947E-07,-0.010228
6.3025947E-07,-0.010218
6.3030947E-07,-0.010210
6.3035947E-07,-0.010206
6.3040947E-07,-0.010206
6.3045947E-07,-0.010210
6.3050947E-07,-0.010219
6.3055947E-07,-0.010230
6.3060947E-07,-0.010246
6.3065947E-07,-0.010264
6.3070947E-07,-0.010284
6.3075947E-07,-0.010306
6.3080947E-07,-0.010329
6.3085947E-07,-0.010352
6.3090947E-07,-0.010374
6.3095947E-07,-0.010394
6.3100947E-07,-0.010413
6.3105947E-07,-0.010429
6.3110947E-07,-0.010442
6.3115947E-07,-0.010452
6.3120947E-07,-0.010459
6.3125947E-07,-0.010464
6.3130947E-07,-0.010465
6.3135947E-07,-0.010465
6.3140947E-07,-0.010462
6.3145947E-07,-0.010458
6.3150947E-07,-0.010454
6.3155947E-07,-0.010449
6.3160947E-07,-0.010445
6.3165947E-07,-0.010441
6.3170947E-07,-0.010438
6.3175947E-07,-0.010436
6.3180947E-07,-0.010435
6.3185947E-07,-0.010436
6.3190947E-07,-0.010437
6.3195947E-07,-0.010440
6.3200947E-07,-0.010443
6.3205947E-07,-0.010445
6.3210947E-07,-0.010448
6.3215947E-07,-0.010449
6.3220947E-07,-0.010449
6.3225947E-07,-0.010447
6.3230947E-07,-0.010443
6.3235947E-07,-0.010436
6.3240947E-07,-0.010427
6.3245947E-07,-0.010416
6.3250947E-07,-0.010402
6.3255947E-07,-0.010386
6.3260947E-07,-0.010368
6.3265947E-07,-0.010349
6.3270947E-07,-0.010330
6.3275947E-07,-0.010310
6.3280947E-07,-0.010291
6.3285947E-07,-0.010274
6.3290947E-07,-0.010258
6.3295947E-07,-0.010244
6.3300947E-07,-0.010233
6.3305947E-07,-0.010225
6.3310947E-07,-0.010219
6.3315947E-07,-0.010217
6.3320947E-07,-0.010217
6.3325947E-07,-0.010219
6.3330947E-07,-0.010223
6.3335947E-07,-0.010229
6.3340947E-07,-0.010235
6.3345947E-07,-0.010241
6.3350947E-07,-0.010247
6.3355947E-07,-0.010252
6.3360947E-07,-0.010256
6.3365947E-07,-0.010257
6.3370947E-07,-0.010256
6.3375947E-07,-0.010253
6.3380947E-07,-0.010247
6.3385947E-07,-0.010240
6.3390947E-07,-0.010230
6.3395947E-07,-0.010219
6.3400947E-07,-0.010206
6.3405947E-07,-0.010194
6.3410947E-07,-0.010181
6.3415947E-07,-0.010169
6.3420947E-07,-0.010159
6.3425947E-07,-0.010150
6.3430947E-07,-0.010144
6.3435947E-07,-0.010140
6.3440947E-07,-0.010140
6.3445947E-07,-0.010142
6.3450947E-07,-0.010147
6.3455947E-07,-0.010155
6.3460947E-07,-0.010165
6.3465947E-07,-0.010177
6.3470947E-07,-0.010190
6.3475947E-07,-0.010204
6.3480947E-07,-0.010218
6.3485947E-07,-0.010232
6.3490947E-07,-0.010245
6.3495947E-07,-0.010257
6.3500947E-07,-0.010266
6.3505947E-07,-0.010274
6.3510947E-07,-0.010279
6.3515947E-07,-0.010283
6.3520947E-07,-0.010284
6.3525947E-07,-0.010283
6.3530947E-07,-0.010281
6.3535947E-07,-0.010279
6.3540947E-07,-0.010276
6.3545947E-07,-0.010273
6.3550947E-07,-0.010270
6.3555947E-07,-0.010269
6.3560947E-07,-0.010270
6.3565947E-07,-0.010273
6.3570947E-07,-0.010278
6.3575947E-07,-0.010286
6.3580947E-07,-0.010297
6.3585947E-07,-0.010309
6.3590947E-07,-0.010325
6.3595947E-07,-0.010342
6.3600947E-07,-0.010360
6.3605947E-07,-0.010379
6.3610947E-07,-0.010399
6.3615947E-07,-0.010418
6.3620947E-07,-0.010437
6.3625947E-07,-0.010454
6.3630947E-07,-0.010469
6.3635947E-07,-0.010482
6.3640947E-07,-0.010493
6.3645947E-07,-0.010500
6.3650947E-07,-0.010506
6.3655947E-07,-0.010508
6.3660947E-07,-0.010509
6.3665947E-07,-0.010507
6.3670947E-07,-0.010504
6.3675947E-07,-0.010500
6.3680947E-07,-0.010495
6.3685947E-07,-0.010491
6.3690947E-07,-0.010487
6.3695947E-07,-0.010485
6.3700947E-07,-0.010484
6.3705947E-07,-0.010485
6.3710947E-07,-0.010489
6.3715947E-07,-0.010494
6.3720947E-07,-0.010502
6.3725947E-07,-0.010511
6.3730947E-07,-0.010522
6.3735947E-07,-0.010535
6.3740947E-07,-0.010547
6.3745947E-07,-0.010560
6.3750947E-07,-0.010572
6.3755947E-07,-0.010583
6.3760947E-07,-0.010592
6.3765947E-07,-0.010598
6.3770947E-07,-0.010602
6.3775947E-07,-0.010602
6.3780947E-07,-0.010598
6.3785947E-07,-0.010591
6.3790947E-07,-0.010580
6.3795947E-07,-0.010565
6.3800947E-07,-0.010548
6.3805947E-07,-0.010528
6.3810947E-07,-0.010506
6.3815947E-07,-0.010482
6.3820947E-07,-0.010458
6.3825947E-07,-0.010434
6.3830947E-07,-0.010410
6.3835947E-07,-0.010388
6.3840947E-07,-0.010367
6.3845947E-07,-0.010349
6.3850947E-07,-0.010333
6.3855947E-07,-0.010321
6.3860947E-07,-0.010310
6.3865947E-07,-0.010303
6.3870947E-07,-0.010298
6.3875947E-07,-0.010296
6.3880947E-07,-0.010295
6.3885947E-07,-0.010296
6.3890947E-07,-0.010298
6.3895947E-07,-0.010300
6.3900947E-07,-0.010303
6.3905947E-07,-0.010305
6.3910947E-07,-0.010306
6.3915947E-07,-0.010307
6.3920947E-07,-0.010307
6.3925947E-07,-0.010306
6.3930947E-07,-0.010305
6.3935947E-07,-0.010303
6.3940947E-07,-0.010300
6.3945947E-07,-0.010298
6.3950947E-07,-0.010296
6.3955947E-07,-0.010295
6.3960947E-07,-0.010295
6.3965947E-07,-0.010297
6.3970947E-07,-0.010300
6.3975947E-07,-0.010304
6.3980947E-07,-0.010311
6.3985947E-07,-0.010319
6.3990947E-07,-0.010329
6.3995947E-07,-0.010340
6.4000947E-07,-0.010352
6.4005947E-07,-0.010365
6.4010947E-07,-0.010377
6.4015947E-07,-0.010389
6.4020947E-07,-0.010400
6.4025947E-07,-0.010409
6.4030947E-07,-0.010416
6.4035947E-07,-0.010422
6.4040947E-07,-0.010424
6.4045947E-07,-0.010424
6.4050947E-07,-0.010422
6.4055947E-07,-0.010418
6.4060947E-07,-0.010411
6.4065947E-07,-0.010403
6.4070947E-07,-0.010394
6.4075947E-07,-0.010385
6.4080947E-07,-0.010375
6.4085947E-07,-0.010366
6.4090947E-07,-0.010359
6.4095947E-07,-0.010353
6.4100947E-07,-0.010349
6.4105947E-07,-0.010348
6.4110947E-07,-0.010350
6.4115947E-07,-0.010354
6.4120947E-07,-0.010361
6.4125947E-07,-0.010370
6.4130947E-07,-0.010381
6.4135947E-07,-0.010394
6.4140947E-07,-0.010408
6.4145947E-07,-0.010422
6.4150947E-07,-0.010437
6.4155947E-07,-0.010450
6.4160947E-07,-0.010462
6.4165947E-07,-0.010472
6.4170947E-07,-0.010480
6.4175947E-07,-0.010484
6.4180947E-07,-0.010486
6.4185947E-07,-0.010485
6.4190947E-07,-0.010480
6.4195947E-07,-0.010473
6.4200947E-07,-0.010463
6.4205947E-07,-0.010451
6.4210947E-07,-0.010437
6.4215947E-07,-0.010421
6.4220947E-07,-0.010405
6.4225947E-07,-0.010389
6.4230947E-07,-0.010373
6.4235947E-07,-0.010358
6.4240947E-07,-0.010344
6.4245947E-07,-0.010332
6.4250947E-07,-0.010321
6.4255947E-07,-0.010312
6.4260947E-07,-0.010305
6.4265947E-07,-0.010300
6.4270947E-07,-0.010296
6.4275947E-07,-0.010294
6.4280947E-07,-0.010292
6.4285947E-07,-0.010291
6.4290947E-07,-0.010290
6.4295947E-07,-0.010289
6.4300947E-07,-0.010288
6.4305947E-07,-0.010286
6.4310947E-07,-0.010283
6.4315947E-07,-0.010278
6.4320947E-07,-0.010273
6.4325947E-07,-0.010267
6.4330947E-07,-0.010260
6.4335947E-07,-0.010253
6.4340947E-07,-0.010246
6.4345947E-07,-0.010239
6.4350947E-07,-0.010233
6.4355947E-07,-0.010228
6.4360947E-07,-0.010225
6.4365947E-07,-0.010223
6.4370947E-07,-0.010224
6.4375947E-07,-0.010228
6.4380947E-07,-0.010234
6.4385947E-07,-0.010243
6.4390947E-07,-0.010255
6.4395947E-07,-0.010269
6.4400947E-07,-0.010286
6.4405947E-07,-0.010304
6.4410947E-07,-0.010323
6.4415947E-07,-0.010343
6.4420947E-07,-0.010363
6.4425947E-07,-0.010382
6.4430947E-07,-0.010400
6.4435947E-07,-0.010417
6.4440947E-07,-0.010431
6.4445947E-07,-0.010442
6.4450947E-07,-0.010450
6.4455947E-07,-0.010455
6.4460947E-07,-0.010457
6.4465947E-07,-0.010455
6.4470947E-07,-0.010450
6.4475947E-07,-0.010443
6.4480947E-07,-0.010433
6.4485947E-07,-0.010420
6.4490947E-07,-0.010407
6.4495947E-07,-0.010393
6.4500947E-07,-0.010378
6.4505947E-07,-0.010363
6.4510947E-07,-0.010350
6.4515947E-07,-0.010337
6.4520947E-07,-0.010326
6.4525947E-07,-0.010317
6.4530947E-07,-0.010310
6.4535947E-07,-0.010306
6.4540947E-07,-0.010303
6.4545947E-07,-0.010302
6.4550947E-07,-0.010302
6.4555947E-07,-0.010304
6.4560947E-07,-0.010307
6.4565947E-07,-0.010311
6.4570947E-07,-0.010315
6.4575947E-07,-0.010319
6.4580947E-07,-0.010322
6.4585947E-07,-0.010325
6.4590947E-07,-0.010327
6.4595947E-07,-0.010328
6.4600947E-07,-0.010329
6.4605947E-07,-0.010329
6.4610947E-07,-0.010329
6.4615947E-07,-0.010328
6.4620947E-07,-0.010328
6.4625947E-07,-0.010328
6.4630947E-07,-0.010330
6.4635947E-07,-0.010332
6.4640947E-07,-0.010336
6.4645947E-07,-0.010341
6.4650947E-07,-0.010348
6.4655947E-07,-0.010357
6.4660947E-07,-0.010368
6.4665947E-07,-0.010379
6.4670947E-07,-0.010392
6.4675947E-07,-0.010406
6.4680947E-07,-0.010420
6.4685947E-07,-0.010433
6.4690947E-07,-0.010445
6.4695947E-07,-0.010456
6.4700947E-07,-0.010464
6.4705947E-07,-0.010471
6.4710947E-07,-0.010474
6.4715947E-07,-0.010474
6.4720947E-07,-0.010471
6.4725947E-07,-0.010465
6.4730947E-07,-0.010456
6.4735947E-07,-0.010445
6.4740947E-07,-0.010431
6.4745947E-07,-0.010415
6.4750947E-07,-0.010399
6.4755947E-07,-0.010382
6.4760947E-07,-0.010365
6.4765947E-07,-0.010349
6.4770947E-07,-0.010334
6.4775947E-07,-0.010322
6.4780947E-07,-0.010312
6.4785947E-07,-0.010304
6.4790947E-07,-0.010300
6.4795947E-07,-0.010298
6.4800947E-07,-0.010300
6.4805947E-07,-0.010303
6.4810947E-07,-0.010309
6.4815947E-07,-0.010317
6.4820947E-07,-0.010326
6.4825947E-07,-0.010336
6.4830947E-07,-0.010346
6.4835947E-07,-0.010356
6.4840947E-07,-0.010365
6.4845947E-07,-0.010373
6.4850947E-07,-0.010380
6.4855947E-07,-0.010385
6.4860947E-07,-0.010388
6.4865947E-07,-0.010390
6.4870947E-07,-0.010390
6.4875947E-07,-0.010390
6.4880947E-07,-0.010388
6.4885947E-07,-0.010386
6.4890947E-07,-0.010383
6.4895947E-07,-0.010381
6.4900947E-07,-0.010380
6.4905947E-07,-0.010379
6.4910947E-07,-0.010379
6.4915947E-07,-0.010381
6.4920947E-07,-0.010384
6.4925947E-07,-0.010388
6.4930947E-07,-0.010393
6.4935947E-07,-0.010399
6.4940947E-07,-0.010405
6.4945947E-07,-0.010411
6.4950947E-07,-0.010417
6.4955947E-07,-0.010422
6.4960947E-07,-0.010426
6.4965947E-07,-0.010428
6.4970947E-07,-0.010429
6.4975947E-07,-0.010427
6.4980947E-07,-0.010422
6.4985947E-07,-0.010416
6.4990947E-07,-0.010407
6.4995947E-07,-0.010396
6.5000947E-07,-0.010383
6.5005947E-07,-0.010368
6.5010947E-07,-0.010353
6.5015947E-07,-0.010336
6.5020947E-07,-0.010320
6.5025947E-07,-0.010304
6.5030947E-07,-0.010289
6.5035947E-07,-0.010275
6.5040947E-07,-0.010264
6.5045947E-07,-0.010254
6.5050947E-07,-0.010246
6.5055947E-07,-0.010240
6.5060947E-07,-0.010237
6.5065947E-07,-0.010236
6.5070947E-07,-0.010237
6.5075947E-07,-0.010240
6.5080947E-07,-0.010244
6.5085947E-07,-0.010250
6.5090947E-07,-0.010255
6.5095947E-07,-0.010261
6.5100947E-07,-0.010267
6.5105947E-07,-0.010271
6.5110947E-07,-0.010275
6.5115947E-07,-0.010277
6.5120947E-07,-0.010277
6.5125947E-07,-0.010276
6.5130947E-07,-0.010273
6.5135947E-07,-0.010268
6.5140947E-07,-0.010262
6.5145947E-07,-0.010254
6.5150947E-07,-0.010245
6.5155947E-07,-0.010236
6.5160947E-07,-0.010226
6.5165947E-07,-0.010216
6.5170947E-07,-0.010206
6.5175947E-07,-0.010197
6.5180947E-07,-0.010189
6.5185947E-07,-0.010183
6.5190947E-07,-0.010177
6.5195947E-07,-0.010174
6.5200947E-07,-0.010172
6.5205947E-07,-0.010172
6.5210947E-07,-0.010174
6.5215947E-07,-0.010177
6.5220947E-07,-0.010181
6.5225947E-07,-0.010187
6.5230947E-07,-0.010193
6.5235947E-07,-0.010199
6.5240947E-07,-0.010206
6.5245947E-07,-0.010212
6.5250947E-07,-0.010218
6.5255947E-07,-0.010224
6.5260947E-07,-0.010229
6.5265947E-07,-0.010233
6.5270947E-07,-0.010236
6.5275947E-07,-0.010238
6.5280947E-07,-0.010240
6.5285947E-07,-0.010241
6.5290947E-07,-0.010243
6.5295947E-07,-0.010244
6.5300947E-07,-0.010245
6.5305947E-07,-0.010246
6.5310947E-07,-0.010248
6.5315947E-07,-0.010251
6.5320947E-07,-0.010254
6.5325947E-07,-0.010258
6.5330947E-07,-0.010262
6.5335947E-07,-0.010266
6.5340947E-07,-0.010271
6.5345947E-07,-0.010274
6.5350947E-07,-0.010277
6.5355947E-07,-0.010277
6.5360947E-07,-0.010276
6.5365947E-07,-0.010271
6.5370947E-07,-0.010262
6.5375947E-07,-0.010249
6.5380947E-07,-0.010232
6.5385947E-07,-0.010208
6.5390947E-07,-0.010179
6.5395947E-07,-0.010144
6.5400947E-07,-0.010103
6.5405947E-07,-0.010055
6.5410947E-07,-0.010002
6.5415947E-07,-0.009944
6.5420947E-07,-0.009881
6.5425947E-07,-0.009814
6.5430947E-07,-0.009743
6.5435947E-07,-0.009671
