LECROYWaveRunner‘N,20113,Waveform
Segments,1,SegmentSize,4002
Segment,TrigTime,TimeSinceSegment1
#1,12-Dec-2018 11:36:40,0                 
Time,Ampl
4.5694517E-07,-0.000137
4.5699517E-07,-0.000123
4.5704517E-07,-0.000107
4.5709517E-07,-0.000090
4.5714517E-07,-0.000072
4.5719517E-07,-0.000054
4.5724517E-07,-0.000035
4.5729517E-07,-0.000016
4.5734517E-07,0.000003
4.5739517E-07,0.000021
4.5744517E-07,0.000038
4.5749517E-07,0.000053
4.5754517E-07,0.000066
4.5759517E-07,0.000077
4.5764517E-07,0.000085
4.5769517E-07,0.000091
4.5774517E-07,0.000094
4.5779517E-07,0.000095
4.5784517E-07,0.000093
4.5789517E-07,0.000089
4.5794517E-07,0.000083
4.5799517E-07,0.000075
4.5804517E-07,0.000066
4.5809517E-07,0.000055
4.5814517E-07,0.000044
4.5819517E-07,0.000032
4.5824517E-07,0.000020
4.5829517E-07,0.000009
4.5834517E-07,-0.000003
4.5839517E-07,-0.000014
4.5844517E-07,-0.000024
4.5849517E-07,-0.000034
4.5854517E-07,-0.000043
4.5859517E-07,-0.000051
4.5864517E-07,-0.000058
4.5869517E-07,-0.000066
4.5874517E-07,-0.000072
4.5879517E-07,-0.000079
4.5884517E-07,-0.000085
4.5889517E-07,-0.000091
4.5894517E-07,-0.000098
4.5899517E-07,-0.000104
4.5904517E-07,-0.000110
4.5909517E-07,-0.000116
4.5914517E-07,-0.000122
4.5919517E-07,-0.000127
4.5924517E-07,-0.000132
4.5929517E-07,-0.000136
4.5934517E-07,-0.000139
4.5939517E-07,-0.000141
4.5944517E-07,-0.000141
4.5949517E-07,-0.000140
4.5954517E-07,-0.000137
4.5959517E-07,-0.000132
4.5964517E-07,-0.000126
4.5969517E-07,-0.000118
4.5974517E-07,-0.000108
4.5979517E-07,-0.000096
4.5984517E-07,-0.000084
4.5989517E-07,-0.000070
4.5994517E-07,-0.000056
4.5999517E-07,-0.000042
4.6004517E-07,-0.000029
4.6009517E-07,-0.000015
4.6014517E-07,-0.000004
4.6019517E-07,0.000007
4.6024517E-07,0.000015
4.6029517E-07,0.000022
4.6034517E-07,0.000026
4.6039517E-07,0.000028
4.6044517E-07,0.000028
4.6049517E-07,0.000025
4.6054517E-07,0.000020
4.6059517E-07,0.000014
4.6064517E-07,0.000006
4.6069517E-07,-0.000003
4.6074517E-07,-0.000012
4.6079517E-07,-0.000022
4.6084517E-07,-0.000031
4.6089517E-07,-0.000040
4.6094517E-07,-0.000047
4.6099517E-07,-0.000053
4.6104517E-07,-0.000058
4.6109517E-07,-0.000060
4.6114517E-07,-0.000061
4.6119517E-07,-0.000060
4.6124517E-07,-0.000057
4.6129517E-07,-0.000052
4.6134517E-07,-0.000046
4.6139517E-07,-0.000040
4.6144517E-07,-0.000033
4.6149517E-07,-0.000026
4.6154517E-07,-0.000019
4.6159517E-07,-0.000013
4.6164517E-07,-0.000008
4.6169517E-07,-0.000004
4.6174517E-07,-0.000002
4.6179517E-07,-0.000001
4.6184517E-07,-0.000002
4.6189517E-07,-0.000005
4.6194517E-07,-0.000008
4.6199517E-07,-0.000013
4.6204517E-07,-0.000019
4.6209517E-07,-0.000024
4.6214517E-07,-0.000030
4.6219517E-07,-0.000035
4.6224517E-07,-0.000039
4.6229517E-07,-0.000042
4.6234517E-07,-0.000043
4.6239517E-07,-0.000043
4.6244517E-07,-0.000040
4.6249517E-07,-0.000035
4.6254517E-07,-0.000028
4.6259517E-07,-0.000019
4.6264517E-07,-0.000008
4.6269517E-07,0.000004
4.6274517E-07,0.000018
4.6279517E-07,0.000032
4.6284517E-07,0.000047
4.6289517E-07,0.000062
4.6294517E-07,0.000077
4.6299517E-07,0.000091
4.6304517E-07,0.000104
4.6309517E-07,0.000116
4.6314517E-07,0.000127
4.6319517E-07,0.000136
4.6324517E-07,0.000143
4.6329517E-07,0.000149
4.6334517E-07,0.000154
4.6339517E-07,0.000158
4.6344517E-07,0.000161
4.6349517E-07,0.000163
4.6354517E-07,0.000164
4.6359517E-07,0.000166
4.6364517E-07,0.000167
4.6369517E-07,0.000168
4.6374517E-07,0.000169
4.6379517E-07,0.000170
4.6384517E-07,0.000171
4.6389517E-07,0.000173
4.6394517E-07,0.000174
4.6399517E-07,0.000176
4.6404517E-07,0.000177
4.6409517E-07,0.000177
4.6414517E-07,0.000177
4.6419517E-07,0.000177
4.6424517E-07,0.000175
4.6429517E-07,0.000172
4.6434517E-07,0.000169
4.6439517E-07,0.000164
4.6444517E-07,0.000159
4.6449517E-07,0.000153
4.6454517E-07,0.000146
4.6459517E-07,0.000139
4.6464517E-07,0.000132
4.6469517E-07,0.000124
4.6474517E-07,0.000117
4.6479517E-07,0.000110
4.6484517E-07,0.000104
4.6489517E-07,0.000098
4.6494517E-07,0.000093
4.6499517E-07,0.000089
4.6504517E-07,0.000086
4.6509517E-07,0.000083
4.6514517E-07,0.000081
4.6519517E-07,0.000079
4.6524517E-07,0.000077
4.6529517E-07,0.000074
4.6534517E-07,0.000071
4.6539517E-07,0.000067
4.6544517E-07,0.000062
4.6549517E-07,0.000055
4.6554517E-07,0.000047
4.6559517E-07,0.000037
4.6564517E-07,0.000025
4.6569517E-07,0.000012
4.6574517E-07,-0.000003
4.6579517E-07,-0.000019
4.6584517E-07,-0.000037
4.6589517E-07,-0.000056
4.6594517E-07,-0.000075
4.6599517E-07,-0.000094
4.6604517E-07,-0.000112
4.6609517E-07,-0.000130
4.6614517E-07,-0.000147
4.6619517E-07,-0.000162
4.6624517E-07,-0.000175
4.6629517E-07,-0.000186
4.6634517E-07,-0.000195
4.6639517E-07,-0.000202
4.6644517E-07,-0.000206
4.6649517E-07,-0.000208
4.6654517E-07,-0.000207
4.6659517E-07,-0.000205
4.6664517E-07,-0.000202
4.6669517E-07,-0.000197
4.6674517E-07,-0.000191
4.6679517E-07,-0.000185
4.6684517E-07,-0.000179
4.6689517E-07,-0.000174
4.6694517E-07,-0.000169
4.6699517E-07,-0.000165
4.6704517E-07,-0.000163
4.6709517E-07,-0.000162
4.6714517E-07,-0.000162
4.6719517E-07,-0.000164
4.6724517E-07,-0.000168
4.6729517E-07,-0.000173
4.6734517E-07,-0.000179
4.6739517E-07,-0.000185
4.6744517E-07,-0.000193
4.6749517E-07,-0.000200
4.6754517E-07,-0.000208
4.6759517E-07,-0.000215
4.6764517E-07,-0.000221
4.6769517E-07,-0.000227
4.6774517E-07,-0.000231
4.6779517E-07,-0.000234
4.6784517E-07,-0.000236
4.6789517E-07,-0.000237
4.6794517E-07,-0.000236
4.6799517E-07,-0.000235
4.6804517E-07,-0.000233
4.6809517E-07,-0.000231
4.6814517E-07,-0.000228
4.6819517E-07,-0.000226
4.6824517E-07,-0.000224
4.6829517E-07,-0.000223
4.6834517E-07,-0.000224
4.6839517E-07,-0.000226
4.6844517E-07,-0.000229
4.6849517E-07,-0.000234
4.6854517E-07,-0.000240
4.6859517E-07,-0.000248
4.6864517E-07,-0.000257
4.6869517E-07,-0.000267
4.6874517E-07,-0.000277
4.6879517E-07,-0.000288
4.6884517E-07,-0.000300
4.6889517E-07,-0.000310
4.6894517E-07,-0.000320
4.6899517E-07,-0.000328
4.6904517E-07,-0.000335
4.6909517E-07,-0.000341
4.6914517E-07,-0.000344
4.6919517E-07,-0.000345
4.6924517E-07,-0.000344
4.6929517E-07,-0.000341
4.6934517E-07,-0.000336
4.6939517E-07,-0.000329
4.6944517E-07,-0.000321
4.6949517E-07,-0.000311
4.6954517E-07,-0.000301
4.6959517E-07,-0.000291
4.6964517E-07,-0.000280
4.6969517E-07,-0.000270
4.6974517E-07,-0.000261
4.6979517E-07,-0.000252
4.6984517E-07,-0.000244
4.6989517E-07,-0.000237
4.6994517E-07,-0.000231
4.6999517E-07,-0.000226
4.7004517E-07,-0.000221
4.7009517E-07,-0.000217
4.7014517E-07,-0.000213
4.7019517E-07,-0.000209
4.7024517E-07,-0.000205
4.7029517E-07,-0.000200
4.7034517E-07,-0.000195
4.7039517E-07,-0.000188
4.7044517E-07,-0.000181
4.7049517E-07,-0.000172
4.7054517E-07,-0.000162
4.7059517E-07,-0.000152
4.7064517E-07,-0.000141
4.7069517E-07,-0.000130
4.7074517E-07,-0.000118
4.7079517E-07,-0.000108
4.7084517E-07,-0.000098
4.7089517E-07,-0.000089
4.7094517E-07,-0.000081
4.7099517E-07,-0.000076
4.7104517E-07,-0.000073
4.7109517E-07,-0.000071
4.7114517E-07,-0.000073
4.7119517E-07,-0.000076
4.7124517E-07,-0.000081
4.7129517E-07,-0.000089
4.7134517E-07,-0.000098
4.7139517E-07,-0.000109
4.7144517E-07,-0.000120
4.7149517E-07,-0.000132
4.7154517E-07,-0.000144
4.7159517E-07,-0.000156
4.7164517E-07,-0.000168
4.7169517E-07,-0.000178
4.7174517E-07,-0.000188
4.7179517E-07,-0.000196
4.7184517E-07,-0.000202
4.7189517E-07,-0.000208
4.7194517E-07,-0.000212
4.7199517E-07,-0.000214
4.7204517E-07,-0.000216
4.7209517E-07,-0.000217
4.7214517E-07,-0.000218
4.7219517E-07,-0.000218
4.7224517E-07,-0.000218
4.7229517E-07,-0.000219
4.7234517E-07,-0.000220
4.7239517E-07,-0.000222
4.7244517E-07,-0.000224
4.7249517E-07,-0.000227
4.7254517E-07,-0.000231
4.7259517E-07,-0.000235
4.7264517E-07,-0.000239
4.7269517E-07,-0.000243
4.7274517E-07,-0.000247
4.7279517E-07,-0.000251
4.7284517E-07,-0.000253
4.7289517E-07,-0.000255
4.7294517E-07,-0.000255
4.7299517E-07,-0.000254
4.7304517E-07,-0.000251
4.7309517E-07,-0.000247
4.7314517E-07,-0.000241
4.7319517E-07,-0.000233
4.7324517E-07,-0.000223
4.7329517E-07,-0.000212
4.7334517E-07,-0.000200
4.7339517E-07,-0.000187
4.7344517E-07,-0.000173
4.7349517E-07,-0.000159
4.7354517E-07,-0.000146
4.7359517E-07,-0.000132
4.7364517E-07,-0.000119
4.7369517E-07,-0.000107
4.7374517E-07,-0.000096
4.7379517E-07,-0.000085
4.7384517E-07,-0.000076
4.7389517E-07,-0.000068
4.7394517E-07,-0.000060
4.7399517E-07,-0.000054
4.7404517E-07,-0.000048
4.7409517E-07,-0.000042
4.7414517E-07,-0.000037
4.7419517E-07,-0.000032
4.7424517E-07,-0.000026
4.7429517E-07,-0.000020
4.7434517E-07,-0.000014
4.7439517E-07,-0.000007
4.7444517E-07,-0.000000
4.7449517E-07,0.000007
4.7454517E-07,0.000015
4.7459517E-07,0.000022
4.7464517E-07,0.000030
4.7469517E-07,0.000037
4.7474517E-07,0.000043
4.7479517E-07,0.000049
4.7484517E-07,0.000053
4.7489517E-07,0.000056
4.7494517E-07,0.000056
4.7499517E-07,0.000055
4.7504517E-07,0.000052
4.7509517E-07,0.000047
4.7514517E-07,0.000041
4.7519517E-07,0.000032
4.7524517E-07,0.000022
4.7529517E-07,0.000011
4.7534517E-07,-0.000002
4.7539517E-07,-0.000014
4.7544517E-07,-0.000027
4.7549517E-07,-0.000039
4.7554517E-07,-0.000050
4.7559517E-07,-0.000060
4.7564517E-07,-0.000068
4.7569517E-07,-0.000074
4.7574517E-07,-0.000078
4.7579517E-07,-0.000080
4.7584517E-07,-0.000080
4.7589517E-07,-0.000078
4.7594517E-07,-0.000074
4.7599517E-07,-0.000068
4.7604517E-07,-0.000061
4.7609517E-07,-0.000053
4.7614517E-07,-0.000044
4.7619517E-07,-0.000036
4.7624517E-07,-0.000029
4.7629517E-07,-0.000022
4.7634517E-07,-0.000017
4.7639517E-07,-0.000014
4.7644517E-07,-0.000013
4.7649517E-07,-0.000015
4.7654517E-07,-0.000019
4.7659517E-07,-0.000026
4.7664517E-07,-0.000035
4.7669517E-07,-0.000046
4.7674517E-07,-0.000060
4.7679517E-07,-0.000075
4.7684517E-07,-0.000091
4.7689517E-07,-0.000108
4.7694517E-07,-0.000125
4.7699517E-07,-0.000143
4.7704517E-07,-0.000160
4.7709517E-07,-0.000176
4.7714517E-07,-0.000191
4.7719517E-07,-0.000206
4.7724517E-07,-0.000219
4.7729517E-07,-0.000231
4.7734517E-07,-0.000241
4.7739517E-07,-0.000251
4.7744517E-07,-0.000260
4.7749517E-07,-0.000268
4.7754517E-07,-0.000276
4.7759517E-07,-0.000284
4.7764517E-07,-0.000291
4.7769517E-07,-0.000299
4.7774517E-07,-0.000307
4.7779517E-07,-0.000315
4.7784517E-07,-0.000324
4.7789517E-07,-0.000332
4.7794517E-07,-0.000341
4.7799517E-07,-0.000349
4.7804517E-07,-0.000357
4.7809517E-07,-0.000363
4.7814517E-07,-0.000369
4.7819517E-07,-0.000372
4.7824517E-07,-0.000374
4.7829517E-07,-0.000374
4.7834517E-07,-0.000371
4.7839517E-07,-0.000365
4.7844517E-07,-0.000357
4.7849517E-07,-0.000347
4.7854517E-07,-0.000334
4.7859517E-07,-0.000318
4.7864517E-07,-0.000302
4.7869517E-07,-0.000283
4.7874517E-07,-0.000264
4.7879517E-07,-0.000244
4.7884517E-07,-0.000225
4.7889517E-07,-0.000206
4.7894517E-07,-0.000188
4.7899517E-07,-0.000171
4.7904517E-07,-0.000156
4.7909517E-07,-0.000143
4.7914517E-07,-0.000132
4.7919517E-07,-0.000123
4.7924517E-07,-0.000116
4.7929517E-07,-0.000111
4.7934517E-07,-0.000107
4.7939517E-07,-0.000105
4.7944517E-07,-0.000105
4.7949517E-07,-0.000105
4.7954517E-07,-0.000105
4.7959517E-07,-0.000105
4.7964517E-07,-0.000106
4.7969517E-07,-0.000105
4.7974517E-07,-0.000105
4.7979517E-07,-0.000103
4.7984517E-07,-0.000101
4.7989517E-07,-0.000098
4.7994517E-07,-0.000095
4.7999517E-07,-0.000091
4.8004517E-07,-0.000087
4.8009517E-07,-0.000084
4.8014517E-07,-0.000080
4.8019517E-07,-0.000078
4.8024517E-07,-0.000076
4.8029517E-07,-0.000076
4.8034517E-07,-0.000077
4.8039517E-07,-0.000079
4.8044517E-07,-0.000083
4.8049517E-07,-0.000089
4.8054517E-07,-0.000096
4.8059517E-07,-0.000104
4.8064517E-07,-0.000113
4.8069517E-07,-0.000122
4.8074517E-07,-0.000133
4.8079517E-07,-0.000143
4.8084517E-07,-0.000153
4.8089517E-07,-0.000163
4.8094517E-07,-0.000172
4.8099517E-07,-0.000181
4.8104517E-07,-0.000188
4.8109517E-07,-0.000194
4.8114517E-07,-0.000199
4.8119517E-07,-0.000203
4.8124517E-07,-0.000206
4.8129517E-07,-0.000208
4.8134517E-07,-0.000209
4.8139517E-07,-0.000210
4.8144517E-07,-0.000210
4.8149517E-07,-0.000211
4.8154517E-07,-0.000212
4.8159517E-07,-0.000213
4.8164517E-07,-0.000214
4.8169517E-07,-0.000217
4.8174517E-07,-0.000219
4.8179517E-07,-0.000222
4.8184517E-07,-0.000226
4.8189517E-07,-0.000230
4.8194517E-07,-0.000233
4.8199517E-07,-0.000236
4.8204517E-07,-0.000239
4.8209517E-07,-0.000240
4.8214517E-07,-0.000241
4.8219517E-07,-0.000239
4.8224517E-07,-0.000235
4.8229517E-07,-0.000229
4.8234517E-07,-0.000221
4.8239517E-07,-0.000210
4.8244517E-07,-0.000197
4.8249517E-07,-0.000181
4.8254517E-07,-0.000162
4.8259517E-07,-0.000142
4.8264517E-07,-0.000119
4.8269517E-07,-0.000095
4.8274517E-07,-0.000070
4.8279517E-07,-0.000045
4.8284517E-07,-0.000019
4.8289517E-07,0.000007
4.8294517E-07,0.000031
4.8299517E-07,0.000055
4.8304517E-07,0.000076
4.8309517E-07,0.000096
4.8314517E-07,0.000114
4.8319517E-07,0.000128
4.8324517E-07,0.000141
4.8329517E-07,0.000150
4.8334517E-07,0.000157
4.8339517E-07,0.000162
4.8344517E-07,0.000164
4.8349517E-07,0.000164
4.8354517E-07,0.000163
4.8359517E-07,0.000160
4.8364517E-07,0.000155
4.8369517E-07,0.000150
4.8374517E-07,0.000144
4.8379517E-07,0.000138
4.8384517E-07,0.000131
4.8389517E-07,0.000123
4.8394517E-07,0.000116
4.8399517E-07,0.000108
4.8404517E-07,0.000100
4.8409517E-07,0.000091
4.8414517E-07,0.000082
4.8419517E-07,0.000073
4.8424517E-07,0.000062
4.8429517E-07,0.000051
4.8434517E-07,0.000039
4.8439517E-07,0.000026
4.8444517E-07,0.000012
4.8449517E-07,-0.000002
4.8454517E-07,-0.000017
4.8459517E-07,-0.000032
4.8464517E-07,-0.000046
4.8469517E-07,-0.000060
4.8474517E-07,-0.000073
4.8479517E-07,-0.000084
4.8484517E-07,-0.000094
4.8489517E-07,-0.000101
4.8494517E-07,-0.000106
4.8499517E-07,-0.000107
4.8504517E-07,-0.000106
4.8509517E-07,-0.000102
4.8514517E-07,-0.000094
4.8519517E-07,-0.000084
4.8524517E-07,-0.000071
4.8529517E-07,-0.000055
4.8534517E-07,-0.000038
4.8539517E-07,-0.000020
4.8544517E-07,-0.000001
4.8549517E-07,0.000018
4.8554517E-07,0.000036
4.8559517E-07,0.000053
4.8564517E-07,0.000068
4.8569517E-07,0.000081
4.8574517E-07,0.000091
4.8579517E-07,0.000097
4.8584517E-07,0.000101
4.8589517E-07,0.000102
4.8594517E-07,0.000099
4.8599517E-07,0.000093
4.8604517E-07,0.000084
4.8609517E-07,0.000073
4.8614517E-07,0.000061
4.8619517E-07,0.000046
4.8624517E-07,0.000031
4.8629517E-07,0.000015
4.8634517E-07,-0.000000
4.8639517E-07,-0.000015
4.8644517E-07,-0.000030
4.8649517E-07,-0.000043
4.8654517E-07,-0.000055
4.8659517E-07,-0.000065
4.8664517E-07,-0.000074
4.8669517E-07,-0.000082
4.8674517E-07,-0.000089
4.8679517E-07,-0.000094
4.8684517E-07,-0.000099
4.8689517E-07,-0.000103
4.8694517E-07,-0.000107
4.8699517E-07,-0.000110
4.8704517E-07,-0.000114
4.8709517E-07,-0.000118
4.8714517E-07,-0.000121
4.8719517E-07,-0.000126
4.8724517E-07,-0.000130
4.8729517E-07,-0.000135
4.8734517E-07,-0.000139
4.8739517E-07,-0.000143
4.8744517E-07,-0.000146
4.8749517E-07,-0.000149
4.8754517E-07,-0.000151
4.8759517E-07,-0.000152
4.8764517E-07,-0.000151
4.8769517E-07,-0.000149
4.8774517E-07,-0.000146
4.8779517E-07,-0.000141
4.8784517E-07,-0.000135
4.8789517E-07,-0.000128
4.8794517E-07,-0.000121
4.8799517E-07,-0.000112
4.8804517E-07,-0.000103
4.8809517E-07,-0.000095
4.8814517E-07,-0.000086
4.8819517E-07,-0.000079
4.8824517E-07,-0.000072
4.8829517E-07,-0.000066
4.8834517E-07,-0.000061
4.8839517E-07,-0.000058
4.8844517E-07,-0.000056
4.8849517E-07,-0.000055
4.8854517E-07,-0.000055
4.8859517E-07,-0.000057
4.8864517E-07,-0.000058
4.8869517E-07,-0.000060
4.8874517E-07,-0.000062
4.8879517E-07,-0.000063
4.8884517E-07,-0.000064
4.8889517E-07,-0.000063
4.8894517E-07,-0.000061
4.8899517E-07,-0.000058
4.8904517E-07,-0.000054
4.8909517E-07,-0.000048
4.8914517E-07,-0.000040
4.8919517E-07,-0.000032
4.8924517E-07,-0.000022
4.8929517E-07,-0.000011
4.8934517E-07,-0.000000
4.8939517E-07,0.000011
4.8944517E-07,0.000021
4.8949517E-07,0.000031
4.8954517E-07,0.000040
4.8959517E-07,0.000048
4.8964517E-07,0.000053
4.8969517E-07,0.000057
4.8974517E-07,0.000059
4.8979517E-07,0.000059
4.8984517E-07,0.000056
4.8989517E-07,0.000052
4.8994517E-07,0.000046
4.8999517E-07,0.000038
4.9004517E-07,0.000028
4.9009517E-07,0.000018
4.9014517E-07,0.000007
4.9019517E-07,-0.000005
4.9024517E-07,-0.000017
4.9029517E-07,-0.000029
4.9034517E-07,-0.000040
4.9039517E-07,-0.000051
4.9044517E-07,-0.000061
4.9049517E-07,-0.000070
4.9054517E-07,-0.000079
4.9059517E-07,-0.000086
4.9064517E-07,-0.000093
4.9069517E-07,-0.000099
4.9074517E-07,-0.000105
4.9079517E-07,-0.000111
4.9084517E-07,-0.000117
4.9089517E-07,-0.000123
4.9094517E-07,-0.000129
4.9099517E-07,-0.000136
4.9104517E-07,-0.000144
4.9109517E-07,-0.000153
4.9114517E-07,-0.000162
4.9119517E-07,-0.000173
4.9124517E-07,-0.000184
4.9129517E-07,-0.000196
4.9134517E-07,-0.000209
4.9139517E-07,-0.000221
4.9144517E-07,-0.000234
4.9149517E-07,-0.000247
4.9154517E-07,-0.000259
4.9159517E-07,-0.000270
4.9164517E-07,-0.000280
4.9169517E-07,-0.000290
4.9174517E-07,-0.000297
4.9179517E-07,-0.000304
4.9184517E-07,-0.000309
4.9189517E-07,-0.000312
4.9194517E-07,-0.000314
4.9199517E-07,-0.000316
4.9204517E-07,-0.000316
4.9209517E-07,-0.000316
4.9214517E-07,-0.000316
4.9219517E-07,-0.000316
4.9224517E-07,-0.000316
4.9229517E-07,-0.000317
4.9234517E-07,-0.000319
4.9239517E-07,-0.000322
4.9244517E-07,-0.000327
4.9249517E-07,-0.000333
4.9254517E-07,-0.000340
4.9259517E-07,-0.000350
4.9264517E-07,-0.000360
4.9269517E-07,-0.000372
4.9274517E-07,-0.000386
4.9279517E-07,-0.000400
4.9284517E-07,-0.000415
4.9289517E-07,-0.000431
4.9294517E-07,-0.000448
4.9299517E-07,-0.000465
4.9304517E-07,-0.000483
4.9309517E-07,-0.000502
4.9314517E-07,-0.000522
4.9319517E-07,-0.000542
4.9324517E-07,-0.000565
4.9329517E-07,-0.000589
4.9334517E-07,-0.000615
4.9339517E-07,-0.000644
4.9344517E-07,-0.000677
4.9349517E-07,-0.000713
4.9354517E-07,-0.000754
4.9359517E-07,-0.000800
4.9364517E-07,-0.000850
4.9369517E-07,-0.000907
4.9374517E-07,-0.000968
4.9379517E-07,-0.001036
4.9384517E-07,-0.001109
4.9389517E-07,-0.001187
4.9394517E-07,-0.001271
4.9399517E-07,-0.001360
4.9404517E-07,-0.001453
4.9409517E-07,-0.001550
4.9414517E-07,-0.001651
4.9419517E-07,-0.001754
4.9424517E-07,-0.001860
4.9429517E-07,-0.001968
4.9434517E-07,-0.002078
4.9439517E-07,-0.002190
4.9444517E-07,-0.002302
4.9449517E-07,-0.002416
4.9454517E-07,-0.002531
4.9459517E-07,-0.002647
4.9464517E-07,-0.002765
4.9469517E-07,-0.002885
4.9474517E-07,-0.003006
4.9479517E-07,-0.003130
4.9484517E-07,-0.003257
4.9489517E-07,-0.003387
4.9494517E-07,-0.003520
4.9499517E-07,-0.003656
4.9504517E-07,-0.003796
4.9509517E-07,-0.003940
4.9514517E-07,-0.004088
4.9519517E-07,-0.004238
4.9524517E-07,-0.004392
4.9529517E-07,-0.004549
4.9534517E-07,-0.004707
4.9539517E-07,-0.004867
4.9544517E-07,-0.005028
4.9549517E-07,-0.005189
4.9554517E-07,-0.005350
4.9559517E-07,-0.005510
4.9564517E-07,-0.005668
4.9569517E-07,-0.005824
4.9574517E-07,-0.005978
4.9579517E-07,-0.006129
4.9584517E-07,-0.006278
4.9589517E-07,-0.006423
4.9594517E-07,-0.006565
4.9599517E-07,-0.006705
4.9604517E-07,-0.006841
4.9609517E-07,-0.006975
4.9614517E-07,-0.007106
4.9619517E-07,-0.007235
4.9624517E-07,-0.007362
4.9629517E-07,-0.007487
4.9634517E-07,-0.007610
4.9639517E-07,-0.007731
4.9644517E-07,-0.007850
4.9649517E-07,-0.007968
4.9654517E-07,-0.008082
4.9659517E-07,-0.008195
4.9664517E-07,-0.008304
4.9669517E-07,-0.008409
4.9674517E-07,-0.008511
4.9679517E-07,-0.008608
4.9684517E-07,-0.008700
4.9689517E-07,-0.008787
4.9694517E-07,-0.008867
4.9699517E-07,-0.008942
4.9704517E-07,-0.009010
4.9709517E-07,-0.009071
4.9714517E-07,-0.009126
4.9719517E-07,-0.009175
4.9724517E-07,-0.009216
4.9729517E-07,-0.009252
4.9734517E-07,-0.009282
4.9739517E-07,-0.009307
4.9744517E-07,-0.009327
4.9749517E-07,-0.009343
4.9754517E-07,-0.009355
4.9759517E-07,-0.009364
4.9764517E-07,-0.009370
4.9769517E-07,-0.009374
4.9774517E-07,-0.009375
4.9779517E-07,-0.009376
4.9784517E-07,-0.009375
4.9789517E-07,-0.009372
4.9794517E-07,-0.009368
4.9799517E-07,-0.009363
4.9804517E-07,-0.009356
4.9809517E-07,-0.009348
4.9814517E-07,-0.009338
4.9819517E-07,-0.009325
4.9824517E-07,-0.009310
4.9829517E-07,-0.009292
4.9834517E-07,-0.009271
4.9839517E-07,-0.009247
4.9844517E-07,-0.009219
4.9849517E-07,-0.009189
4.9854517E-07,-0.009155
4.9859517E-07,-0.009119
4.9864517E-07,-0.009079
4.9869517E-07,-0.009037
4.9874517E-07,-0.008993
4.9879517E-07,-0.008947
4.9884517E-07,-0.008899
4.9889517E-07,-0.008850
4.9894517E-07,-0.008801
4.9899517E-07,-0.008752
4.9904517E-07,-0.008702
4.9909517E-07,-0.008653
4.9914517E-07,-0.008604
4.9919517E-07,-0.008556
4.9924517E-07,-0.008508
4.9929517E-07,-0.008461
4.9934517E-07,-0.008414
4.9939517E-07,-0.008367
4.9944517E-07,-0.008320
4.9949517E-07,-0.008273
4.9954517E-07,-0.008224
4.9959517E-07,-0.008175
4.9964517E-07,-0.008125
4.9969517E-07,-0.008073
4.9974517E-07,-0.008019
4.9979517E-07,-0.007964
4.9984517E-07,-0.007907
4.9989517E-07,-0.007848
4.9994517E-07,-0.007788
4.9999517E-07,-0.007727
5.0004517E-07,-0.007664
5.0009517E-07,-0.007602
5.0014517E-07,-0.007540
5.0019517E-07,-0.007478
5.0024517E-07,-0.007417
5.0029517E-07,-0.007358
5.0034517E-07,-0.007300
5.0039517E-07,-0.007244
5.0044517E-07,-0.007191
5.0049517E-07,-0.007140
5.0054517E-07,-0.007091
5.0059517E-07,-0.007045
5.0064517E-07,-0.007000
5.0069517E-07,-0.006957
5.0074517E-07,-0.006915
5.0079517E-07,-0.006874
5.0084517E-07,-0.006833
5.0089517E-07,-0.006791
5.0094517E-07,-0.006749
5.0099517E-07,-0.006706
5.0104517E-07,-0.006661
5.0109517E-07,-0.006614
5.0114517E-07,-0.006566
5.0119517E-07,-0.006515
5.0124517E-07,-0.006463
5.0129517E-07,-0.006409
5.0134517E-07,-0.006353
5.0139517E-07,-0.006297
5.0144517E-07,-0.006240
5.0149517E-07,-0.006184
5.0154517E-07,-0.006128
5.0159517E-07,-0.006073
5.0164517E-07,-0.006020
5.0169517E-07,-0.005969
5.0174517E-07,-0.005920
5.0179517E-07,-0.005874
5.0184517E-07,-0.005831
5.0189517E-07,-0.005790
5.0194517E-07,-0.005751
5.0199517E-07,-0.005715
5.0204517E-07,-0.005680
5.0209517E-07,-0.005647
5.0214517E-07,-0.005614
5.0219517E-07,-0.005582
5.0224517E-07,-0.005550
5.0229517E-07,-0.005517
5.0234517E-07,-0.005483
5.0239517E-07,-0.005447
5.0244517E-07,-0.005410
5.0249517E-07,-0.005370
5.0254517E-07,-0.005328
5.0259517E-07,-0.005284
5.0264517E-07,-0.005238
5.0269517E-07,-0.005189
5.0274517E-07,-0.005139
5.0279517E-07,-0.005088
5.0284517E-07,-0.005035
5.0289517E-07,-0.004981
5.0294517E-07,-0.004927
5.0299517E-07,-0.004873
5.0304517E-07,-0.004819
5.0309517E-07,-0.004765
5.0314517E-07,-0.004712
5.0319517E-07,-0.004659
5.0324517E-07,-0.004606
5.0329517E-07,-0.004554
5.0334517E-07,-0.004501
5.0339517E-07,-0.004449
5.0344517E-07,-0.004396
5.0349517E-07,-0.004342
5.0354517E-07,-0.004288
5.0359517E-07,-0.004232
5.0364517E-07,-0.004176
5.0369517E-07,-0.004117
5.0374517E-07,-0.004058
5.0379517E-07,-0.003997
5.0384517E-07,-0.003935
5.0389517E-07,-0.003871
5.0394517E-07,-0.003807
5.0399517E-07,-0.003743
5.0404517E-07,-0.003679
5.0409517E-07,-0.003616
5.0414517E-07,-0.003554
5.0419517E-07,-0.003493
5.0424517E-07,-0.003435
5.0429517E-07,-0.003379
5.0434517E-07,-0.003327
5.0439517E-07,-0.003277
5.0444517E-07,-0.003231
5.0449517E-07,-0.003188
5.0454517E-07,-0.003149
5.0459517E-07,-0.003113
5.0464517E-07,-0.003080
5.0469517E-07,-0.003050
5.0474517E-07,-0.003022
5.0479517E-07,-0.002996
5.0484517E-07,-0.002971
5.0489517E-07,-0.002947
5.0494517E-07,-0.002923
5.0499517E-07,-0.002899
5.0504517E-07,-0.002875
5.0509517E-07,-0.002850
5.0514517E-07,-0.002824
5.0519517E-07,-0.002798
5.0524517E-07,-0.002770
5.0529517E-07,-0.002741
5.0534517E-07,-0.002711
5.0539517E-07,-0.002680
5.0544517E-07,-0.002650
5.0549517E-07,-0.002619
5.0554517E-07,-0.002590
5.0559517E-07,-0.002561
5.0564517E-07,-0.002534
5.0569517E-07,-0.002508
5.0574517E-07,-0.002485
5.0579517E-07,-0.002464
5.0584517E-07,-0.002446
5.0589517E-07,-0.002430
5.0594517E-07,-0.002418
5.0599517E-07,-0.002407
5.0604517E-07,-0.002399
5.0609517E-07,-0.002393
5.0614517E-07,-0.002389
5.0619517E-07,-0.002387
5.0624517E-07,-0.002386
5.0629517E-07,-0.002385
5.0634517E-07,-0.002385
5.0639517E-07,-0.002385
5.0644517E-07,-0.002385
5.0649517E-07,-0.002384
5.0654517E-07,-0.002383
5.0659517E-07,-0.002382
5.0664517E-07,-0.002380
5.0669517E-07,-0.002378
5.0674517E-07,-0.002377
5.0679517E-07,-0.002375
5.0684517E-07,-0.002375
5.0689517E-07,-0.002375
5.0694517E-07,-0.002376
5.0699517E-07,-0.002380
5.0704517E-07,-0.002385
5.0709517E-07,-0.002392
5.0714517E-07,-0.002402
5.0719517E-07,-0.002414
5.0724517E-07,-0.002428
5.0729517E-07,-0.002445
5.0734517E-07,-0.002463
5.0739517E-07,-0.002482
5.0744517E-07,-0.002503
5.0749517E-07,-0.002523
5.0754517E-07,-0.002544
5.0759517E-07,-0.002564
5.0764517E-07,-0.002584
5.0769517E-07,-0.002601
5.0774517E-07,-0.002616
5.0779517E-07,-0.002629
5.0784517E-07,-0.002639
5.0789517E-07,-0.002646
5.0794517E-07,-0.002650
5.0799517E-07,-0.002651
5.0804517E-07,-0.002649
5.0809517E-07,-0.002644
5.0814517E-07,-0.002637
5.0819517E-07,-0.002629
5.0824517E-07,-0.002618
5.0829517E-07,-0.002607
5.0834517E-07,-0.002594
5.0839517E-07,-0.002581
5.0844517E-07,-0.002568
5.0849517E-07,-0.002555
5.0854517E-07,-0.002542
5.0859517E-07,-0.002530
5.0864517E-07,-0.002518
5.0869517E-07,-0.002506
5.0874517E-07,-0.002494
5.0879517E-07,-0.002482
5.0884517E-07,-0.002469
5.0889517E-07,-0.002456
5.0894517E-07,-0.002442
5.0899517E-07,-0.002427
5.0904517E-07,-0.002411
5.0909517E-07,-0.002393
5.0914517E-07,-0.002375
5.0919517E-07,-0.002355
5.0924517E-07,-0.002334
5.0929517E-07,-0.002312
5.0934517E-07,-0.002289
5.0939517E-07,-0.002267
5.0944517E-07,-0.002245
5.0949517E-07,-0.002223
5.0954517E-07,-0.002203
5.0959517E-07,-0.002184
5.0964517E-07,-0.002167
5.0969517E-07,-0.002151
5.0974517E-07,-0.002138
5.0979517E-07,-0.002127
5.0984517E-07,-0.002118
5.0989517E-07,-0.002111
5.0994517E-07,-0.002106
5.0999517E-07,-0.002102
5.1004517E-07,-0.002099
5.1009517E-07,-0.002096
5.1014517E-07,-0.002093
5.1019517E-07,-0.002090
5.1024517E-07,-0.002085
5.1029517E-07,-0.002079
5.1034517E-07,-0.002071
5.1039517E-07,-0.002060
5.1044517E-07,-0.002048
5.1049517E-07,-0.002033
5.1054517E-07,-0.002015
5.1059517E-07,-0.001995
5.1064517E-07,-0.001973
5.1069517E-07,-0.001949
5.1074517E-07,-0.001924
5.1079517E-07,-0.001898
5.1084517E-07,-0.001872
5.1089517E-07,-0.001845
5.1094517E-07,-0.001820
5.1099517E-07,-0.001795
5.1104517E-07,-0.001771
5.1109517E-07,-0.001749
5.1114517E-07,-0.001729
5.1119517E-07,-0.001710
5.1124517E-07,-0.001694
5.1129517E-07,-0.001679
5.1134517E-07,-0.001667
5.1139517E-07,-0.001656
5.1144517E-07,-0.001646
5.1149517E-07,-0.001638
5.1154517E-07,-0.001631
5.1159517E-07,-0.001624
5.1164517E-07,-0.001618
5.1169517E-07,-0.001611
5.1174517E-07,-0.001605
5.1179517E-07,-0.001599
5.1184517E-07,-0.001592
5.1189517E-07,-0.001585
5.1194517E-07,-0.001578
5.1199517E-07,-0.001571
5.1204517E-07,-0.001563
5.1209517E-07,-0.001556
5.1214517E-07,-0.001549
5.1219517E-07,-0.001543
5.1224517E-07,-0.001537
5.1229517E-07,-0.001532
5.1234517E-07,-0.001527
5.1239517E-07,-0.001524
5.1244517E-07,-0.001521
5.1249517E-07,-0.001520
5.1254517E-07,-0.001519
5.1259517E-07,-0.001518
5.1264517E-07,-0.001518
5.1269517E-07,-0.001519
5.1274517E-07,-0.001519
5.1279517E-07,-0.001519
5.1284517E-07,-0.001518
5.1289517E-07,-0.001517
5.1294517E-07,-0.001514
5.1299517E-07,-0.001510
5.1304517E-07,-0.001505
5.1309517E-07,-0.001498
5.1314517E-07,-0.001490
5.1319517E-07,-0.001481
5.1324517E-07,-0.001470
5.1329517E-07,-0.001459
5.1334517E-07,-0.001446
5.1339517E-07,-0.001432
5.1344517E-07,-0.001418
5.1349517E-07,-0.001404
5.1354517E-07,-0.001391
5.1359517E-07,-0.001377
5.1364517E-07,-0.001364
5.1369517E-07,-0.001352
5.1374517E-07,-0.001341
5.1379517E-07,-0.001331
5.1384517E-07,-0.001321
5.1389517E-07,-0.001313
5.1394517E-07,-0.001306
5.1399517E-07,-0.001299
5.1404517E-07,-0.001293
5.1409517E-07,-0.001287
5.1414517E-07,-0.001281
5.1419517E-07,-0.001274
5.1424517E-07,-0.001267
5.1429517E-07,-0.001259
5.1434517E-07,-0.001249
5.1439517E-07,-0.001238
5.1444517E-07,-0.001226
5.1449517E-07,-0.001211
5.1454517E-07,-0.001195
5.1459517E-07,-0.001177
5.1464517E-07,-0.001158
5.1469517E-07,-0.001136
5.1474517E-07,-0.001114
5.1479517E-07,-0.001091
5.1484517E-07,-0.001067
5.1489517E-07,-0.001043
5.1494517E-07,-0.001019
5.1499517E-07,-0.000995
5.1504517E-07,-0.000972
5.1509517E-07,-0.000950
5.1514517E-07,-0.000930
5.1519517E-07,-0.000911
5.1524517E-07,-0.000893
5.1529517E-07,-0.000877
5.1534517E-07,-0.000863
5.1539517E-07,-0.000851
5.1544517E-07,-0.000839
5.1549517E-07,-0.000829
5.1554517E-07,-0.000821
5.1559517E-07,-0.000813
5.1564517E-07,-0.000805
5.1569517E-07,-0.000798
5.1574517E-07,-0.000792
5.1579517E-07,-0.000785
5.1584517E-07,-0.000779
5.1589517E-07,-0.000772
5.1594517E-07,-0.000766
5.1599517E-07,-0.000760
5.1604517E-07,-0.000755
5.1609517E-07,-0.000750
5.1614517E-07,-0.000746
5.1619517E-07,-0.000743
5.1624517E-07,-0.000742
5.1629517E-07,-0.000742
5.1634517E-07,-0.000744
5.1639517E-07,-0.000747
5.1644517E-07,-0.000753
5.1649517E-07,-0.000761
5.1654517E-07,-0.000771
5.1659517E-07,-0.000783
5.1664517E-07,-0.000796
5.1669517E-07,-0.000811
5.1674517E-07,-0.000826
5.1679517E-07,-0.000842
5.1684517E-07,-0.000858
5.1689517E-07,-0.000874
5.1694517E-07,-0.000889
5.1699517E-07,-0.000903
5.1704517E-07,-0.000916
5.1709517E-07,-0.000927
5.1714517E-07,-0.000937
5.1719517E-07,-0.000944
5.1724517E-07,-0.000951
5.1729517E-07,-0.000956
5.1734517E-07,-0.000959
5.1739517E-07,-0.000962
5.1744517E-07,-0.000964
5.1749517E-07,-0.000965
5.1754517E-07,-0.000967
5.1759517E-07,-0.000969
5.1764517E-07,-0.000972
5.1769517E-07,-0.000975
5.1774517E-07,-0.000980
5.1779517E-07,-0.000986
5.1784517E-07,-0.000993
5.1789517E-07,-0.001001
5.1794517E-07,-0.001010
5.1799517E-07,-0.001020
5.1804517E-07,-0.001030
5.1809517E-07,-0.001040
5.1814517E-07,-0.001050
5.1819517E-07,-0.001058
5.1824517E-07,-0.001066
5.1829517E-07,-0.001072
5.1834517E-07,-0.001076
5.1839517E-07,-0.001078
5.1844517E-07,-0.001078
5.1849517E-07,-0.001076
5.1854517E-07,-0.001073
5.1859517E-07,-0.001067
5.1864517E-07,-0.001060
5.1869517E-07,-0.001051
5.1874517E-07,-0.001042
5.1879517E-07,-0.001032
5.1884517E-07,-0.001022
5.1889517E-07,-0.001012
5.1894517E-07,-0.001003
5.1899517E-07,-0.000995
5.1904517E-07,-0.000989
5.1909517E-07,-0.000984
5.1914517E-07,-0.000980
5.1919517E-07,-0.000978
5.1924517E-07,-0.000978
5.1929517E-07,-0.000979
5.1934517E-07,-0.000981
5.1939517E-07,-0.000985
5.1944517E-07,-0.000989
5.1949517E-07,-0.000994
5.1954517E-07,-0.000999
5.1959517E-07,-0.001004
5.1964517E-07,-0.001009
5.1969517E-07,-0.001013
5.1974517E-07,-0.001016
5.1979517E-07,-0.001018
5.1984517E-07,-0.001020
5.1989517E-07,-0.001020
5.1994517E-07,-0.001020
5.1999517E-07,-0.001019
5.2004517E-07,-0.001017
5.2009517E-07,-0.001014
5.2014517E-07,-0.001012
5.2019517E-07,-0.001009
5.2024517E-07,-0.001006
5.2029517E-07,-0.001003
5.2034517E-07,-0.001001
5.2039517E-07,-0.000999
5.2044517E-07,-0.000998
5.2049517E-07,-0.000997
5.2054517E-07,-0.000996
5.2059517E-07,-0.000996
5.2064517E-07,-0.000996
5.2069517E-07,-0.000996
5.2074517E-07,-0.000996
5.2079517E-07,-0.000995
5.2084517E-07,-0.000993
5.2089517E-07,-0.000991
5.2094517E-07,-0.000987
5.2099517E-07,-0.000982
5.2104517E-07,-0.000976
5.2109517E-07,-0.000968
5.2114517E-07,-0.000958
5.2119517E-07,-0.000946
5.2124517E-07,-0.000933
5.2129517E-07,-0.000919
5.2134517E-07,-0.000902
5.2139517E-07,-0.000885
5.2144517E-07,-0.000867
5.2149517E-07,-0.000847
5.2154517E-07,-0.000828
5.2159517E-07,-0.000807
5.2164517E-07,-0.000787
5.2169517E-07,-0.000767
5.2174517E-07,-0.000747
5.2179517E-07,-0.000728
5.2184517E-07,-0.000710
5.2189517E-07,-0.000692
5.2194517E-07,-0.000675
5.2199517E-07,-0.000660
5.2204517E-07,-0.000645
5.2209517E-07,-0.000631
5.2214517E-07,-0.000618
5.2219517E-07,-0.000607
5.2224517E-07,-0.000595
5.2229517E-07,-0.000585
5.2234517E-07,-0.000575
5.2239517E-07,-0.000566
5.2244517E-07,-0.000558
5.2249517E-07,-0.000551
5.2254517E-07,-0.000544
5.2259517E-07,-0.000537
5.2264517E-07,-0.000532
5.2269517E-07,-0.000528
5.2274517E-07,-0.000525
5.2279517E-07,-0.000523
5.2284517E-07,-0.000522
5.2289517E-07,-0.000524
5.2294517E-07,-0.000527
5.2299517E-07,-0.000531
5.2304517E-07,-0.000538
5.2309517E-07,-0.000547
5.2314517E-07,-0.000557
5.2319517E-07,-0.000569
5.2324517E-07,-0.000583
5.2329517E-07,-0.000597
5.2334517E-07,-0.000613
5.2339517E-07,-0.000630
5.2344517E-07,-0.000647
5.2349517E-07,-0.000663
5.2354517E-07,-0.000680
5.2359517E-07,-0.000695
5.2364517E-07,-0.000709
5.2369517E-07,-0.000721
5.2374517E-07,-0.000731
5.2379517E-07,-0.000739
5.2384517E-07,-0.000745
5.2389517E-07,-0.000748
5.2394517E-07,-0.000749
5.2399517E-07,-0.000748
5.2404517E-07,-0.000745
5.2409517E-07,-0.000740
5.2414517E-07,-0.000734
5.2419517E-07,-0.000726
5.2424517E-07,-0.000718
5.2429517E-07,-0.000709
5.2434517E-07,-0.000700
5.2439517E-07,-0.000691
5.2444517E-07,-0.000682
5.2449517E-07,-0.000673
5.2454517E-07,-0.000665
5.2459517E-07,-0.000657
5.2464517E-07,-0.000649
5.2469517E-07,-0.000641
5.2474517E-07,-0.000632
5.2479517E-07,-0.000623
5.2484517E-07,-0.000613
5.2489517E-07,-0.000602
5.2494517E-07,-0.000589
5.2499517E-07,-0.000574
5.2504517E-07,-0.000558
5.2509517E-07,-0.000539
5.2514517E-07,-0.000519
5.2519517E-07,-0.000497
5.2524517E-07,-0.000474
5.2529517E-07,-0.000449
5.2534517E-07,-0.000424
5.2539517E-07,-0.000399
5.2544517E-07,-0.000375
5.2549517E-07,-0.000351
5.2554517E-07,-0.000329
5.2559517E-07,-0.000309
5.2564517E-07,-0.000292
5.2569517E-07,-0.000278
5.2574517E-07,-0.000268
5.2579517E-07,-0.000261
5.2584517E-07,-0.000259
5.2589517E-07,-0.000260
5.2594517E-07,-0.000265
5.2599517E-07,-0.000273
5.2604517E-07,-0.000285
5.2609517E-07,-0.000299
5.2614517E-07,-0.000316
5.2619517E-07,-0.000334
5.2624517E-07,-0.000353
5.2629517E-07,-0.000373
5.2634517E-07,-0.000392
5.2639517E-07,-0.000411
5.2644517E-07,-0.000429
5.2649517E-07,-0.000445
5.2654517E-07,-0.000460
5.2659517E-07,-0.000473
5.2664517E-07,-0.000483
5.2669517E-07,-0.000492
5.2674517E-07,-0.000498
5.2679517E-07,-0.000502
5.2684517E-07,-0.000505
5.2689517E-07,-0.000505
5.2694517E-07,-0.000504
5.2699517E-07,-0.000501
5.2704517E-07,-0.000497
5.2709517E-07,-0.000492
5.2714517E-07,-0.000486
5.2719517E-07,-0.000479
5.2724517E-07,-0.000472
5.2729517E-07,-0.000463
5.2734517E-07,-0.000454
5.2739517E-07,-0.000444
5.2744517E-07,-0.000433
5.2749517E-07,-0.000422
5.2754517E-07,-0.000410
5.2759517E-07,-0.000397
5.2764517E-07,-0.000384
5.2769517E-07,-0.000371
5.2774517E-07,-0.000357
5.2779517E-07,-0.000343
5.2784517E-07,-0.000329
5.2789517E-07,-0.000315
5.2794517E-07,-0.000302
5.2799517E-07,-0.000290
5.2804517E-07,-0.000279
5.2809517E-07,-0.000269
5.2814517E-07,-0.000261
5.2819517E-07,-0.000255
5.2824517E-07,-0.000250
5.2829517E-07,-0.000248
5.2834517E-07,-0.000248
5.2839517E-07,-0.000249
5.2844517E-07,-0.000253
5.2849517E-07,-0.000259
5.2854517E-07,-0.000267
5.2859517E-07,-0.000276
5.2864517E-07,-0.000287
5.2869517E-07,-0.000299
5.2874517E-07,-0.000311
5.2879517E-07,-0.000324
5.2884517E-07,-0.000337
5.2889517E-07,-0.000350
5.2894517E-07,-0.000363
5.2899517E-07,-0.000374
5.2904517E-07,-0.000386
5.2909517E-07,-0.000396
5.2914517E-07,-0.000405
5.2919517E-07,-0.000413
5.2924517E-07,-0.000420
5.2929517E-07,-0.000426
5.2934517E-07,-0.000432
5.2939517E-07,-0.000437
5.2944517E-07,-0.000441
5.2949517E-07,-0.000446
5.2954517E-07,-0.000450
5.2959517E-07,-0.000455
5.2964517E-07,-0.000461
5.2969517E-07,-0.000467
5.2974517E-07,-0.000475
5.2979517E-07,-0.000483
5.2984517E-07,-0.000493
5.2989517E-07,-0.000505
5.2994517E-07,-0.000517
5.2999517E-07,-0.000531
5.3004517E-07,-0.000546
5.3009517E-07,-0.000562
5.3014517E-07,-0.000579
5.3019517E-07,-0.000597
5.3024517E-07,-0.000615
5.3029517E-07,-0.000634
5.3034517E-07,-0.000652
5.3039517E-07,-0.000671
5.3044517E-07,-0.000689
5.3049517E-07,-0.000706
5.3054517E-07,-0.000723
5.3059517E-07,-0.000740
5.3064517E-07,-0.000755
5.3069517E-07,-0.000770
5.3074517E-07,-0.000784
5.3079517E-07,-0.000797
5.3084517E-07,-0.000809
5.3089517E-07,-0.000821
5.3094517E-07,-0.000832
5.3099517E-07,-0.000843
5.3104517E-07,-0.000854
5.3109517E-07,-0.000864
5.3114517E-07,-0.000873
5.3119517E-07,-0.000882
5.3124517E-07,-0.000891
5.3129517E-07,-0.000899
5.3134517E-07,-0.000906
5.3139517E-07,-0.000911
5.3144517E-07,-0.000916
5.3149517E-07,-0.000919
5.3154517E-07,-0.000920
5.3159517E-07,-0.000919
5.3164517E-07,-0.000916
5.3169517E-07,-0.000911
5.3174517E-07,-0.000904
5.3179517E-07,-0.000894
5.3184517E-07,-0.000881
5.3189517E-07,-0.000867
5.3194517E-07,-0.000850
5.3199517E-07,-0.000831
5.3204517E-07,-0.000811
5.3209517E-07,-0.000790
5.3214517E-07,-0.000768
5.3219517E-07,-0.000746
5.3224517E-07,-0.000724
5.3229517E-07,-0.000702
5.3234517E-07,-0.000681
5.3239517E-07,-0.000661
5.3244517E-07,-0.000642
5.3249517E-07,-0.000624
5.3254517E-07,-0.000608
5.3259517E-07,-0.000593
5.3264517E-07,-0.000579
5.3269517E-07,-0.000566
5.3274517E-07,-0.000554
5.3279517E-07,-0.000543
5.3284517E-07,-0.000531
5.3289517E-07,-0.000520
5.3294517E-07,-0.000508
5.3299517E-07,-0.000495
5.3304517E-07,-0.000481
5.3309517E-07,-0.000467
5.3314517E-07,-0.000451
5.3319517E-07,-0.000435
5.3324517E-07,-0.000418
5.3329517E-07,-0.000400
5.3334517E-07,-0.000383
5.3339517E-07,-0.000365
5.3344517E-07,-0.000349
5.3349517E-07,-0.000333
5.3354517E-07,-0.000319
5.3359517E-07,-0.000308
5.3364517E-07,-0.000298
5.3369517E-07,-0.000292
5.3374517E-07,-0.000288
5.3379517E-07,-0.000288
5.3384517E-07,-0.000290
5.3389517E-07,-0.000296
5.3394517E-07,-0.000304
5.3399517E-07,-0.000315
5.3404517E-07,-0.000328
5.3409517E-07,-0.000342
5.3414517E-07,-0.000357
5.3419517E-07,-0.000372
5.3424517E-07,-0.000388
5.3429517E-07,-0.000402
5.3434517E-07,-0.000416
5.3439517E-07,-0.000428
5.3444517E-07,-0.000439
5.3449517E-07,-0.000448
5.3454517E-07,-0.000455
5.3459517E-07,-0.000460
5.3464517E-07,-0.000463
5.3469517E-07,-0.000464
5.3474517E-07,-0.000464
5.3479517E-07,-0.000463
5.3484517E-07,-0.000461
5.3489517E-07,-0.000458
5.3494517E-07,-0.000456
5.3499517E-07,-0.000454
5.3504517E-07,-0.000452
5.3509517E-07,-0.000451
5.3514517E-07,-0.000450
5.3519517E-07,-0.000451
5.3524517E-07,-0.000452
5.3529517E-07,-0.000454
5.3534517E-07,-0.000456
5.3539517E-07,-0.000459
5.3544517E-07,-0.000462
5.3549517E-07,-0.000465
5.3554517E-07,-0.000468
5.3559517E-07,-0.000471
5.3564517E-07,-0.000473
5.3569517E-07,-0.000475
5.3574517E-07,-0.000476
5.3579517E-07,-0.000477
5.3584517E-07,-0.000476
5.3589517E-07,-0.000476
5.3594517E-07,-0.000475
5.3599517E-07,-0.000474
5.3604517E-07,-0.000472
5.3609517E-07,-0.000472
5.3614517E-07,-0.000471
5.3619517E-07,-0.000471
5.3624517E-07,-0.000471
5.3629517E-07,-0.000473
5.3634517E-07,-0.000475
5.3639517E-07,-0.000478
5.3644517E-07,-0.000481
5.3649517E-07,-0.000485
5.3654517E-07,-0.000490
5.3659517E-07,-0.000494
5.3664517E-07,-0.000499
5.3669517E-07,-0.000503
5.3674517E-07,-0.000507
5.3679517E-07,-0.000510
5.3684517E-07,-0.000512
5.3689517E-07,-0.000513
5.3694517E-07,-0.000513
5.3699517E-07,-0.000512
5.3704517E-07,-0.000509
5.3709517E-07,-0.000504
5.3714517E-07,-0.000499
5.3719517E-07,-0.000493
5.3724517E-07,-0.000485
5.3729517E-07,-0.000477
5.3734517E-07,-0.000469
5.3739517E-07,-0.000461
5.3744517E-07,-0.000453
5.3749517E-07,-0.000445
5.3754517E-07,-0.000439
5.3759517E-07,-0.000433
5.3764517E-07,-0.000429
5.3769517E-07,-0.000426
5.3774517E-07,-0.000425
5.3779517E-07,-0.000425
5.3784517E-07,-0.000427
5.3789517E-07,-0.000431
5.3794517E-07,-0.000436
5.3799517E-07,-0.000442
5.3804517E-07,-0.000450
5.3809517E-07,-0.000459
5.3814517E-07,-0.000468
5.3819517E-07,-0.000478
5.3824517E-07,-0.000488
5.3829517E-07,-0.000498
5.3834517E-07,-0.000508
5.3839517E-07,-0.000517
5.3844517E-07,-0.000525
5.3849517E-07,-0.000533
5.3854517E-07,-0.000539
5.3859517E-07,-0.000544
5.3864517E-07,-0.000548
5.3869517E-07,-0.000551
5.3874517E-07,-0.000553
5.3879517E-07,-0.000554
5.3884517E-07,-0.000554
5.3889517E-07,-0.000553
5.3894517E-07,-0.000552
5.3899517E-07,-0.000550
5.3904517E-07,-0.000549
5.3909517E-07,-0.000547
5.3914517E-07,-0.000545
5.3919517E-07,-0.000543
5.3924517E-07,-0.000542
5.3929517E-07,-0.000541
5.3934517E-07,-0.000540
5.3939517E-07,-0.000539
5.3944517E-07,-0.000539
5.3949517E-07,-0.000538
5.3954517E-07,-0.000537
5.3959517E-07,-0.000536
5.3964517E-07,-0.000535
5.3969517E-07,-0.000533
5.3974517E-07,-0.000531
5.3979517E-07,-0.000528
5.3984517E-07,-0.000524
5.3989517E-07,-0.000521
5.3994517E-07,-0.000517
5.3999517E-07,-0.000512
5.4004517E-07,-0.000508
5.4009517E-07,-0.000504
5.4014517E-07,-0.000500
5.4019517E-07,-0.000497
5.4024517E-07,-0.000495
5.4029517E-07,-0.000493
5.4034517E-07,-0.000493
5.4039517E-07,-0.000495
5.4044517E-07,-0.000497
5.4049517E-07,-0.000501
5.4054517E-07,-0.000506
5.4059517E-07,-0.000513
5.4064517E-07,-0.000520
5.4069517E-07,-0.000527
5.4074517E-07,-0.000535
5.4079517E-07,-0.000543
5.4084517E-07,-0.000551
5.4089517E-07,-0.000558
5.4094517E-07,-0.000564
5.4099517E-07,-0.000568
5.4104517E-07,-0.000571
5.4109517E-07,-0.000573
5.4114517E-07,-0.000573
5.4119517E-07,-0.000571
5.4124517E-07,-0.000567
5.4129517E-07,-0.000562
5.4134517E-07,-0.000556
5.4139517E-07,-0.000548
5.4144517E-07,-0.000540
5.4149517E-07,-0.000532
5.4154517E-07,-0.000523
5.4159517E-07,-0.000515
5.4164517E-07,-0.000507
5.4169517E-07,-0.000500
5.4174517E-07,-0.000493
5.4179517E-07,-0.000487
5.4184517E-07,-0.000482
5.4189517E-07,-0.000478
5.4194517E-07,-0.000474
5.4199517E-07,-0.000471
5.4204517E-07,-0.000468
5.4209517E-07,-0.000464
5.4214517E-07,-0.000460
5.4219517E-07,-0.000456
5.4224517E-07,-0.000450
5.4229517E-07,-0.000444
5.4234517E-07,-0.000436
5.4239517E-07,-0.000427
5.4244517E-07,-0.000416
5.4249517E-07,-0.000405
5.4254517E-07,-0.000393
5.4259517E-07,-0.000380
5.4264517E-07,-0.000366
5.4269517E-07,-0.000353
5.4274517E-07,-0.000339
5.4279517E-07,-0.000327
5.4284517E-07,-0.000315
5.4289517E-07,-0.000304
5.4294517E-07,-0.000295
5.4299517E-07,-0.000287
5.4304517E-07,-0.000281
5.4309517E-07,-0.000277
5.4314517E-07,-0.000274
5.4319517E-07,-0.000274
5.4324517E-07,-0.000274
5.4329517E-07,-0.000277
5.4334517E-07,-0.000280
5.4339517E-07,-0.000284
5.4344517E-07,-0.000289
5.4349517E-07,-0.000294
5.4354517E-07,-0.000299
5.4359517E-07,-0.000304
5.4364517E-07,-0.000309
5.4369517E-07,-0.000314
5.4374517E-07,-0.000319
5.4379517E-07,-0.000324
5.4384517E-07,-0.000328
5.4389517E-07,-0.000332
5.4394517E-07,-0.000337
5.4399517E-07,-0.000341
5.4404517E-07,-0.000346
5.4409517E-07,-0.000351
5.4414517E-07,-0.000357
5.4419517E-07,-0.000364
5.4424517E-07,-0.000371
5.4429517E-07,-0.000378
5.4434517E-07,-0.000386
5.4439517E-07,-0.000395
5.4444517E-07,-0.000403
5.4449517E-07,-0.000412
5.4454517E-07,-0.000420
5.4459517E-07,-0.000427
5.4464517E-07,-0.000434
5.4469517E-07,-0.000439
5.4474517E-07,-0.000443
5.4479517E-07,-0.000445
5.4484517E-07,-0.000446
5.4489517E-07,-0.000445
5.4494517E-07,-0.000442
5.4499517E-07,-0.000438
5.4504517E-07,-0.000432
5.4509517E-07,-0.000424
5.4514517E-07,-0.000415
5.4519517E-07,-0.000406
5.4524517E-07,-0.000395
5.4529517E-07,-0.000385
5.4534517E-07,-0.000375
5.4539517E-07,-0.000365
5.4544517E-07,-0.000356
5.4549517E-07,-0.000348
5.4554517E-07,-0.000341
5.4559517E-07,-0.000335
5.4564517E-07,-0.000332
5.4569517E-07,-0.000329
5.4574517E-07,-0.000329
5.4579517E-07,-0.000330
5.4584517E-07,-0.000332
5.4589517E-07,-0.000335
5.4594517E-07,-0.000340
5.4599517E-07,-0.000345
5.4604517E-07,-0.000350
5.4609517E-07,-0.000356
5.4614517E-07,-0.000361
5.4619517E-07,-0.000367
5.4624517E-07,-0.000371
5.4629517E-07,-0.000375
5.4634517E-07,-0.000378
5.4639517E-07,-0.000380
5.4644517E-07,-0.000381
5.4649517E-07,-0.000382
5.4654517E-07,-0.000382
5.4659517E-07,-0.000381
5.4664517E-07,-0.000380
5.4669517E-07,-0.000379
5.4674517E-07,-0.000378
5.4679517E-07,-0.000378
5.4684517E-07,-0.000378
5.4689517E-07,-0.000379
5.4694517E-07,-0.000382
5.4699517E-07,-0.000386
5.4704517E-07,-0.000391
5.4709517E-07,-0.000397
5.4714517E-07,-0.000405
5.4719517E-07,-0.000414
5.4724517E-07,-0.000425
5.4729517E-07,-0.000436
5.4734517E-07,-0.000447
5.4739517E-07,-0.000459
5.4744517E-07,-0.000471
5.4749517E-07,-0.000482
5.4754517E-07,-0.000492
5.4759517E-07,-0.000501
5.4764517E-07,-0.000509
5.4769517E-07,-0.000514
5.4774517E-07,-0.000518
5.4779517E-07,-0.000520
5.4784517E-07,-0.000519
5.4789517E-07,-0.000517
5.4794517E-07,-0.000513
5.4799517E-07,-0.000507
5.4804517E-07,-0.000500
5.4809517E-07,-0.000492
5.4814517E-07,-0.000483
5.4819517E-07,-0.000474
5.4824517E-07,-0.000465
5.4829517E-07,-0.000457
5.4834517E-07,-0.000450
5.4839517E-07,-0.000444
5.4844517E-07,-0.000439
5.4849517E-07,-0.000435
5.4854517E-07,-0.000432
5.4859517E-07,-0.000431
5.4864517E-07,-0.000431
5.4869517E-07,-0.000431
5.4874517E-07,-0.000432
5.4879517E-07,-0.000433
5.4884517E-07,-0.000434
5.4889517E-07,-0.000435
5.4894517E-07,-0.000435
5.4899517E-07,-0.000433
5.4904517E-07,-0.000430
5.4909517E-07,-0.000426
5.4914517E-07,-0.000420
5.4919517E-07,-0.000413
5.4924517E-07,-0.000405
5.4929517E-07,-0.000395
5.4934517E-07,-0.000384
5.4939517E-07,-0.000373
5.4944517E-07,-0.000361
5.4949517E-07,-0.000350
5.4954517E-07,-0.000339
5.4959517E-07,-0.000329
5.4964517E-07,-0.000320
5.4969517E-07,-0.000313
5.4974517E-07,-0.000307
5.4979517E-07,-0.000303
5.4984517E-07,-0.000300
5.4989517E-07,-0.000300
5.4994517E-07,-0.000301
5.4999517E-07,-0.000303
5.5004517E-07,-0.000306
5.5009517E-07,-0.000311
5.5014517E-07,-0.000316
5.5019517E-07,-0.000321
5.5024517E-07,-0.000326
5.5029517E-07,-0.000330
5.5034517E-07,-0.000335
5.5039517E-07,-0.000339
5.5044517E-07,-0.000342
5.5049517E-07,-0.000345
5.5054517E-07,-0.000347
5.5059517E-07,-0.000349
5.5064517E-07,-0.000351
5.5069517E-07,-0.000353
5.5074517E-07,-0.000355
5.5079517E-07,-0.000357
5.5084517E-07,-0.000360
5.5089517E-07,-0.000364
5.5094517E-07,-0.000368
5.5099517E-07,-0.000373
5.5104517E-07,-0.000379
5.5109517E-07,-0.000385
5.5114517E-07,-0.000391
5.5119517E-07,-0.000398
5.5124517E-07,-0.000404
5.5129517E-07,-0.000409
5.5134517E-07,-0.000413
5.5139517E-07,-0.000416
5.5144517E-07,-0.000418
5.5149517E-07,-0.000418
5.5154517E-07,-0.000415
5.5159517E-07,-0.000411
5.5164517E-07,-0.000405
5.5169517E-07,-0.000397
5.5174517E-07,-0.000387
5.5179517E-07,-0.000376
5.5184517E-07,-0.000363
5.5189517E-07,-0.000350
5.5194517E-07,-0.000337
5.5199517E-07,-0.000325
5.5204517E-07,-0.000313
5.5209517E-07,-0.000302
5.5214517E-07,-0.000293
5.5219517E-07,-0.000286
5.5224517E-07,-0.000281
5.5229517E-07,-0.000278
5.5234517E-07,-0.000278
5.5239517E-07,-0.000280
5.5244517E-07,-0.000284
5.5249517E-07,-0.000291
5.5254517E-07,-0.000299
5.5259517E-07,-0.000309
5.5264517E-07,-0.000320
5.5269517E-07,-0.000332
5.5274517E-07,-0.000344
5.5279517E-07,-0.000356
5.5284517E-07,-0.000367
5.5289517E-07,-0.000378
5.5294517E-07,-0.000387
5.5299517E-07,-0.000396
5.5304517E-07,-0.000402
5.5309517E-07,-0.000407
5.5314517E-07,-0.000410
5.5319517E-07,-0.000412
5.5324517E-07,-0.000412
5.5329517E-07,-0.000411
5.5334517E-07,-0.000408
5.5339517E-07,-0.000405
5.5344517E-07,-0.000400
5.5349517E-07,-0.000395
5.5354517E-07,-0.000389
5.5359517E-07,-0.000383
5.5364517E-07,-0.000377
5.5369517E-07,-0.000370
5.5374517E-07,-0.000363
5.5379517E-07,-0.000356
5.5384517E-07,-0.000349
5.5389517E-07,-0.000342
5.5394517E-07,-0.000334
5.5399517E-07,-0.000327
5.5404517E-07,-0.000318
5.5409517E-07,-0.000309
5.5414517E-07,-0.000300
5.5419517E-07,-0.000290
5.5424517E-07,-0.000279
5.5429517E-07,-0.000267
5.5434517E-07,-0.000255
5.5439517E-07,-0.000243
5.5444517E-07,-0.000230
5.5449517E-07,-0.000216
5.5454517E-07,-0.000203
5.5459517E-07,-0.000190
5.5464517E-07,-0.000177
5.5469517E-07,-0.000165
5.5474517E-07,-0.000154
5.5479517E-07,-0.000144
5.5484517E-07,-0.000135
5.5489517E-07,-0.000128
5.5494517E-07,-0.000122
5.5499517E-07,-0.000118
5.5504517E-07,-0.000115
5.5509517E-07,-0.000114
5.5514517E-07,-0.000114
5.5519517E-07,-0.000116
5.5524517E-07,-0.000118
5.5529517E-07,-0.000121
5.5534517E-07,-0.000125
5.5539517E-07,-0.000128
5.5544517E-07,-0.000132
5.5549517E-07,-0.000135
5.5554517E-07,-0.000137
5.5559517E-07,-0.000139
5.5564517E-07,-0.000139
5.5569517E-07,-0.000138
5.5574517E-07,-0.000136
5.5579517E-07,-0.000133
5.5584517E-07,-0.000129
5.5589517E-07,-0.000124
5.5594517E-07,-0.000118
5.5599517E-07,-0.000112
5.5604517E-07,-0.000106
5.5609517E-07,-0.000101
5.5614517E-07,-0.000096
5.5619517E-07,-0.000092
5.5624517E-07,-0.000090
5.5629517E-07,-0.000089
5.5634517E-07,-0.000090
5.5639517E-07,-0.000093
5.5644517E-07,-0.000098
5.5649517E-07,-0.000105
5.5654517E-07,-0.000113
5.5659517E-07,-0.000122
5.5664517E-07,-0.000133
5.5669517E-07,-0.000145
5.5674517E-07,-0.000157
5.5679517E-07,-0.000168
5.5684517E-07,-0.000180
5.5689517E-07,-0.000190
5.5694517E-07,-0.000200
5.5699517E-07,-0.000208
5.5704517E-07,-0.000214
5.5709517E-07,-0.000218
5.5714517E-07,-0.000221
5.5719517E-07,-0.000222
5.5724517E-07,-0.000221
5.5729517E-07,-0.000218
5.5734517E-07,-0.000214
5.5739517E-07,-0.000210
5.5744517E-07,-0.000204
5.5749517E-07,-0.000199
5.5754517E-07,-0.000193
5.5759517E-07,-0.000188
5.5764517E-07,-0.000183
5.5769517E-07,-0.000179
5.5774517E-07,-0.000176
5.5779517E-07,-0.000174
5.5784517E-07,-0.000173
5.5789517E-07,-0.000172
5.5794517E-07,-0.000173
5.5799517E-07,-0.000174
5.5804517E-07,-0.000175
5.5809517E-07,-0.000177
5.5814517E-07,-0.000178
5.5819517E-07,-0.000179
5.5824517E-07,-0.000180
5.5829517E-07,-0.000180
5.5834517E-07,-0.000179
5.5839517E-07,-0.000177
5.5844517E-07,-0.000174
5.5849517E-07,-0.000171
5.5854517E-07,-0.000168
5.5859517E-07,-0.000164
5.5864517E-07,-0.000160
5.5869517E-07,-0.000156
5.5874517E-07,-0.000153
5.5879517E-07,-0.000151
5.5884517E-07,-0.000149
5.5889517E-07,-0.000149
5.5894517E-07,-0.000150
5.5899517E-07,-0.000152
5.5904517E-07,-0.000155
5.5909517E-07,-0.000160
5.5914517E-07,-0.000166
5.5919517E-07,-0.000172
5.5924517E-07,-0.000178
5.5929517E-07,-0.000185
5.5934517E-07,-0.000192
5.5939517E-07,-0.000198
5.5944517E-07,-0.000203
5.5949517E-07,-0.000207
5.5954517E-07,-0.000210
5.5959517E-07,-0.000211
5.5964517E-07,-0.000211
5.5969517E-07,-0.000209
5.5974517E-07,-0.000206
5.5979517E-07,-0.000202
5.5984517E-07,-0.000196
5.5989517E-07,-0.000189
5.5994517E-07,-0.000182
5.5999517E-07,-0.000174
5.6004517E-07,-0.000166
5.6009517E-07,-0.000159
5.6014517E-07,-0.000152
5.6019517E-07,-0.000145
5.6024517E-07,-0.000139
5.6029517E-07,-0.000135
5.6034517E-07,-0.000131
5.6039517E-07,-0.000128
5.6044517E-07,-0.000126
5.6049517E-07,-0.000125
5.6054517E-07,-0.000124
5.6059517E-07,-0.000123
5.6064517E-07,-0.000123
5.6069517E-07,-0.000122
5.6074517E-07,-0.000121
5.6079517E-07,-0.000120
5.6084517E-07,-0.000118
5.6089517E-07,-0.000116
5.6094517E-07,-0.000113
5.6099517E-07,-0.000110
5.6104517E-07,-0.000106
5.6109517E-07,-0.000101
5.6114517E-07,-0.000097
5.6119517E-07,-0.000092
5.6124517E-07,-0.000088
5.6129517E-07,-0.000084
5.6134517E-07,-0.000081
5.6139517E-07,-0.000078
5.6144517E-07,-0.000077
5.6149517E-07,-0.000076
5.6154517E-07,-0.000076
5.6159517E-07,-0.000078
5.6164517E-07,-0.000080
5.6169517E-07,-0.000084
5.6174517E-07,-0.000088
5.6179517E-07,-0.000092
5.6184517E-07,-0.000097
5.6189517E-07,-0.000102
5.6194517E-07,-0.000106
5.6199517E-07,-0.000110
5.6204517E-07,-0.000114
5.6209517E-07,-0.000116
5.6214517E-07,-0.000117
5.6219517E-07,-0.000118
5.6224517E-07,-0.000117
5.6229517E-07,-0.000115
5.6234517E-07,-0.000112
5.6239517E-07,-0.000107
5.6244517E-07,-0.000102
5.6249517E-07,-0.000097
5.6254517E-07,-0.000091
5.6259517E-07,-0.000085
5.6264517E-07,-0.000079
5.6269517E-07,-0.000073
5.6274517E-07,-0.000069
5.6279517E-07,-0.000065
5.6284517E-07,-0.000063
5.6289517E-07,-0.000062
5.6294517E-07,-0.000063
5.6299517E-07,-0.000065
5.6304517E-07,-0.000069
5.6309517E-07,-0.000075
5.6314517E-07,-0.000081
5.6319517E-07,-0.000089
5.6324517E-07,-0.000097
5.6329517E-07,-0.000106
5.6334517E-07,-0.000114
5.6339517E-07,-0.000123
5.6344517E-07,-0.000130
5.6349517E-07,-0.000137
5.6354517E-07,-0.000142
5.6359517E-07,-0.000146
5.6364517E-07,-0.000148
5.6369517E-07,-0.000149
5.6374517E-07,-0.000147
5.6379517E-07,-0.000144
5.6384517E-07,-0.000139
5.6389517E-07,-0.000133
5.6394517E-07,-0.000126
5.6399517E-07,-0.000118
5.6404517E-07,-0.000110
5.6409517E-07,-0.000102
5.6414517E-07,-0.000094
5.6419517E-07,-0.000088
5.6424517E-07,-0.000083
5.6429517E-07,-0.000079
5.6434517E-07,-0.000078
5.6439517E-07,-0.000078
5.6444517E-07,-0.000080
5.6449517E-07,-0.000084
5.6454517E-07,-0.000090
5.6459517E-07,-0.000098
5.6464517E-07,-0.000107
5.6469517E-07,-0.000117
5.6474517E-07,-0.000127
5.6479517E-07,-0.000137
5.6484517E-07,-0.000147
5.6489517E-07,-0.000156
5.6494517E-07,-0.000164
5.6499517E-07,-0.000171
5.6504517E-07,-0.000176
5.6509517E-07,-0.000179
5.6514517E-07,-0.000180
5.6519517E-07,-0.000180
5.6524517E-07,-0.000178
5.6529517E-07,-0.000175
5.6534517E-07,-0.000170
5.6539517E-07,-0.000165
5.6544517E-07,-0.000159
5.6549517E-07,-0.000154
5.6554517E-07,-0.000148
5.6559517E-07,-0.000144
5.6564517E-07,-0.000140
5.6569517E-07,-0.000138
5.6574517E-07,-0.000136
5.6579517E-07,-0.000136
5.6584517E-07,-0.000138
5.6589517E-07,-0.000140
5.6594517E-07,-0.000144
5.6599517E-07,-0.000148
5.6604517E-07,-0.000153
5.6609517E-07,-0.000158
5.6614517E-07,-0.000163
5.6619517E-07,-0.000167
5.6624517E-07,-0.000171
5.6629517E-07,-0.000174
5.6634517E-07,-0.000177
5.6639517E-07,-0.000178
5.6644517E-07,-0.000178
5.6649517E-07,-0.000178
5.6654517E-07,-0.000177
5.6659517E-07,-0.000176
5.6664517E-07,-0.000175
5.6669517E-07,-0.000174
5.6674517E-07,-0.000174
5.6679517E-07,-0.000175
5.6684517E-07,-0.000178
5.6689517E-07,-0.000182
5.6694517E-07,-0.000189
5.6699517E-07,-0.000197
5.6704517E-07,-0.000208
5.6709517E-07,-0.000220
5.6714517E-07,-0.000234
5.6719517E-07,-0.000250
5.6724517E-07,-0.000268
5.6729517E-07,-0.000286
5.6734517E-07,-0.000305
5.6739517E-07,-0.000323
5.6744517E-07,-0.000342
5.6749517E-07,-0.000359
5.6754517E-07,-0.000376
5.6759517E-07,-0.000391
5.6764517E-07,-0.000404
5.6769517E-07,-0.000415
5.6774517E-07,-0.000425
5.6779517E-07,-0.000432
5.6784517E-07,-0.000438
5.6789517E-07,-0.000442
5.6794517E-07,-0.000445
5.6799517E-07,-0.000447
5.6804517E-07,-0.000448
5.6809517E-07,-0.000448
5.6814517E-07,-0.000448
5.6819517E-07,-0.000448
5.6824517E-07,-0.000449
5.6829517E-07,-0.000449
5.6834517E-07,-0.000451
5.6839517E-07,-0.000453
5.6844517E-07,-0.000455
5.6849517E-07,-0.000458
5.6854517E-07,-0.000461
5.6859517E-07,-0.000463
5.6864517E-07,-0.000466
5.6869517E-07,-0.000467
5.6874517E-07,-0.000468
5.6879517E-07,-0.000467
5.6884517E-07,-0.000465
5.6889517E-07,-0.000461
5.6894517E-07,-0.000455
5.6899517E-07,-0.000447
5.6904517E-07,-0.000437
5.6909517E-07,-0.000425
5.6914517E-07,-0.000411
5.6919517E-07,-0.000396
5.6924517E-07,-0.000379
5.6929517E-07,-0.000362
5.6934517E-07,-0.000344
5.6939517E-07,-0.000325
5.6944517E-07,-0.000307
5.6949517E-07,-0.000290
5.6954517E-07,-0.000274
5.6959517E-07,-0.000259
5.6964517E-07,-0.000246
5.6969517E-07,-0.000235
5.6974517E-07,-0.000226
5.6979517E-07,-0.000219
5.6984517E-07,-0.000214
5.6989517E-07,-0.000211
5.6994517E-07,-0.000209
5.6999517E-07,-0.000210
5.7004517E-07,-0.000212
5.7009517E-07,-0.000214
5.7014517E-07,-0.000218
5.7019517E-07,-0.000221
5.7024517E-07,-0.000225
5.7029517E-07,-0.000228
5.7034517E-07,-0.000231
5.7039517E-07,-0.000234
5.7044517E-07,-0.000235
5.7049517E-07,-0.000235
5.7054517E-07,-0.000234
5.7059517E-07,-0.000232
5.7064517E-07,-0.000229
5.7069517E-07,-0.000225
5.7074517E-07,-0.000220
5.7079517E-07,-0.000215
5.7084517E-07,-0.000209
5.7089517E-07,-0.000203
5.7094517E-07,-0.000196
5.7099517E-07,-0.000189
5.7104517E-07,-0.000182
5.7109517E-07,-0.000175
5.7114517E-07,-0.000168
5.7119517E-07,-0.000160
5.7124517E-07,-0.000153
5.7129517E-07,-0.000145
5.7134517E-07,-0.000137
5.7139517E-07,-0.000128
5.7144517E-07,-0.000118
5.7149517E-07,-0.000108
5.7154517E-07,-0.000097
5.7159517E-07,-0.000085
5.7164517E-07,-0.000072
5.7169517E-07,-0.000059
5.7174517E-07,-0.000045
5.7179517E-07,-0.000031
5.7184517E-07,-0.000017
5.7189517E-07,-0.000003
5.7194517E-07,0.000011
5.7199517E-07,0.000023
5.7204517E-07,0.000035
5.7209517E-07,0.000044
5.7214517E-07,0.000052
5.7219517E-07,0.000057
5.7224517E-07,0.000060
5.7229517E-07,0.000060
5.7234517E-07,0.000058
5.7239517E-07,0.000053
5.7244517E-07,0.000046
5.7249517E-07,0.000036
5.7254517E-07,0.000025
5.7259517E-07,0.000012
5.7264517E-07,-0.000003
5.7269517E-07,-0.000018
5.7274517E-07,-0.000033
5.7279517E-07,-0.000048
5.7284517E-07,-0.000063
5.7289517E-07,-0.000077
5.7294517E-07,-0.000090
5.7299517E-07,-0.000101
5.7304517E-07,-0.000111
5.7309517E-07,-0.000120
5.7314517E-07,-0.000128
5.7319517E-07,-0.000135
5.7324517E-07,-0.000141
5.7329517E-07,-0.000146
5.7334517E-07,-0.000151
5.7339517E-07,-0.000156
5.7344517E-07,-0.000162
5.7349517E-07,-0.000168
5.7354517E-07,-0.000175
5.7359517E-07,-0.000184
5.7364517E-07,-0.000193
5.7369517E-07,-0.000203
5.7374517E-07,-0.000215
5.7379517E-07,-0.000226
5.7384517E-07,-0.000239
5.7389517E-07,-0.000251
5.7394517E-07,-0.000263
5.7399517E-07,-0.000274
5.7404517E-07,-0.000283
5.7409517E-07,-0.000291
5.7414517E-07,-0.000297
5.7419517E-07,-0.000301
5.7424517E-07,-0.000302
5.7429517E-07,-0.000301
5.7434517E-07,-0.000297
5.7439517E-07,-0.000290
5.7444517E-07,-0.000282
5.7449517E-07,-0.000272
5.7454517E-07,-0.000261
5.7459517E-07,-0.000249
5.7464517E-07,-0.000236
5.7469517E-07,-0.000224
5.7474517E-07,-0.000213
5.7479517E-07,-0.000204
5.7484517E-07,-0.000195
5.7489517E-07,-0.000189
5.7494517E-07,-0.000185
5.7499517E-07,-0.000184
5.7504517E-07,-0.000184
5.7509517E-07,-0.000187
5.7514517E-07,-0.000191
5.7519517E-07,-0.000196
5.7524517E-07,-0.000202
5.7529517E-07,-0.000208
5.7534517E-07,-0.000214
5.7539517E-07,-0.000219
5.7544517E-07,-0.000223
5.7549517E-07,-0.000224
5.7554517E-07,-0.000224
5.7559517E-07,-0.000220
5.7564517E-07,-0.000214
5.7569517E-07,-0.000206
5.7574517E-07,-0.000194
5.7579517E-07,-0.000180
5.7584517E-07,-0.000165
5.7589517E-07,-0.000147
5.7594517E-07,-0.000128
5.7599517E-07,-0.000108
5.7604517E-07,-0.000088
5.7609517E-07,-0.000068
5.7614517E-07,-0.000049
5.7619517E-07,-0.000031
5.7624517E-07,-0.000014
5.7629517E-07,0.000001
5.7634517E-07,0.000014
5.7639517E-07,0.000025
5.7644517E-07,0.000034
5.7649517E-07,0.000042
5.7654517E-07,0.000048
5.7659517E-07,0.000052
5.7664517E-07,0.000056
5.7669517E-07,0.000058
5.7674517E-07,0.000060
5.7679517E-07,0.000062
5.7684517E-07,0.000064
5.7689517E-07,0.000066
5.7694517E-07,0.000068
5.7699517E-07,0.000070
5.7704517E-07,0.000072
5.7709517E-07,0.000075
5.7714517E-07,0.000077
5.7719517E-07,0.000079
5.7724517E-07,0.000080
5.7729517E-07,0.000080
5.7734517E-07,0.000079
5.7739517E-07,0.000076
5.7744517E-07,0.000072
5.7749517E-07,0.000066
5.7754517E-07,0.000058
5.7759517E-07,0.000049
5.7764517E-07,0.000037
5.7769517E-07,0.000024
5.7774517E-07,0.000010
5.7779517E-07,-0.000005
5.7784517E-07,-0.000021
5.7789517E-07,-0.000037
5.7794517E-07,-0.000053
5.7799517E-07,-0.000069
5.7804517E-07,-0.000083
5.7809517E-07,-0.000095
5.7814517E-07,-0.000106
5.7819517E-07,-0.000115
5.7824517E-07,-0.000122
5.7829517E-07,-0.000126
5.7834517E-07,-0.000129
5.7839517E-07,-0.000129
5.7844517E-07,-0.000128
5.7849517E-07,-0.000125
5.7854517E-07,-0.000121
5.7859517E-07,-0.000116
5.7864517E-07,-0.000112
5.7869517E-07,-0.000107
5.7874517E-07,-0.000104
5.7879517E-07,-0.000101
5.7884517E-07,-0.000100
5.7889517E-07,-0.000101
5.7894517E-07,-0.000104
5.7899517E-07,-0.000109
5.7904517E-07,-0.000116
5.7909517E-07,-0.000125
5.7914517E-07,-0.000136
5.7919517E-07,-0.000149
5.7924517E-07,-0.000163
5.7929517E-07,-0.000178
5.7934517E-07,-0.000194
5.7939517E-07,-0.000209
5.7944517E-07,-0.000224
5.7949517E-07,-0.000238
5.7954517E-07,-0.000251
5.7959517E-07,-0.000261
5.7964517E-07,-0.000270
5.7969517E-07,-0.000277
5.7974517E-07,-0.000281
5.7979517E-07,-0.000283
5.7984517E-07,-0.000282
5.7989517E-07,-0.000280
5.7994517E-07,-0.000275
5.7999517E-07,-0.000269
5.8004517E-07,-0.000262
5.8009517E-07,-0.000254
5.8014517E-07,-0.000245
5.8019517E-07,-0.000236
5.8024517E-07,-0.000228
5.8029517E-07,-0.000220
5.8034517E-07,-0.000212
5.8039517E-07,-0.000206
5.8044517E-07,-0.000201
5.8049517E-07,-0.000196
5.8054517E-07,-0.000193
5.8059517E-07,-0.000190
5.8064517E-07,-0.000187
5.8069517E-07,-0.000185
5.8074517E-07,-0.000184
5.8079517E-07,-0.000182
5.8084517E-07,-0.000179
5.8089517E-07,-0.000176
5.8094517E-07,-0.000172
5.8099517E-07,-0.000168
5.8104517E-07,-0.000162
5.8109517E-07,-0.000156
5.8114517E-07,-0.000149
5.8119517E-07,-0.000141
5.8124517E-07,-0.000134
5.8129517E-07,-0.000126
5.8134517E-07,-0.000119
5.8139517E-07,-0.000112
5.8144517E-07,-0.000107
5.8149517E-07,-0.000103
5.8154517E-07,-0.000101
5.8159517E-07,-0.000101
5.8164517E-07,-0.000103
5.8169517E-07,-0.000107
5.8174517E-07,-0.000113
5.8179517E-07,-0.000120
5.8184517E-07,-0.000130
5.8189517E-07,-0.000140
5.8194517E-07,-0.000151
5.8199517E-07,-0.000163
5.8204517E-07,-0.000174
5.8209517E-07,-0.000186
5.8214517E-07,-0.000196
5.8219517E-07,-0.000205
5.8224517E-07,-0.000212
5.8229517E-07,-0.000218
5.8234517E-07,-0.000222
5.8239517E-07,-0.000225
5.8244517E-07,-0.000226
5.8249517E-07,-0.000225
5.8254517E-07,-0.000223
5.8259517E-07,-0.000221
5.8264517E-07,-0.000218
5.8269517E-07,-0.000215
5.8274517E-07,-0.000213
5.8279517E-07,-0.000211
5.8284517E-07,-0.000211
5.8289517E-07,-0.000212
5.8294517E-07,-0.000215
5.8299517E-07,-0.000220
5.8304517E-07,-0.000226
5.8309517E-07,-0.000234
5.8314517E-07,-0.000243
5.8319517E-07,-0.000253
5.8324517E-07,-0.000263
5.8329517E-07,-0.000274
5.8334517E-07,-0.000285
5.8339517E-07,-0.000294
5.8344517E-07,-0.000303
5.8349517E-07,-0.000310
5.8354517E-07,-0.000315
5.8359517E-07,-0.000319
5.8364517E-07,-0.000320
5.8369517E-07,-0.000319
5.8374517E-07,-0.000315
5.8379517E-07,-0.000310
5.8384517E-07,-0.000303
5.8389517E-07,-0.000295
5.8394517E-07,-0.000286
5.8399517E-07,-0.000276
5.8404517E-07,-0.000266
5.8409517E-07,-0.000255
5.8414517E-07,-0.000246
5.8419517E-07,-0.000237
5.8424517E-07,-0.000229
5.8429517E-07,-0.000222
5.8434517E-07,-0.000215
5.8439517E-07,-0.000210
5.8444517E-07,-0.000206
5.8449517E-07,-0.000203
5.8454517E-07,-0.000199
5.8459517E-07,-0.000196
5.8464517E-07,-0.000193
5.8469517E-07,-0.000189
5.8474517E-07,-0.000185
5.8479517E-07,-0.000179
5.8484517E-07,-0.000172
5.8489517E-07,-0.000164
5.8494517E-07,-0.000155
5.8499517E-07,-0.000144
5.8504517E-07,-0.000132
5.8509517E-07,-0.000119
5.8514517E-07,-0.000106
5.8519517E-07,-0.000093
5.8524517E-07,-0.000079
5.8529517E-07,-0.000066
5.8534517E-07,-0.000054
5.8539517E-07,-0.000044
5.8544517E-07,-0.000035
5.8549517E-07,-0.000028
5.8554517E-07,-0.000023
5.8559517E-07,-0.000021
5.8564517E-07,-0.000021
5.8569517E-07,-0.000024
5.8574517E-07,-0.000028
5.8579517E-07,-0.000035
5.8584517E-07,-0.000043
5.8589517E-07,-0.000053
5.8594517E-07,-0.000063
5.8599517E-07,-0.000074
5.8604517E-07,-0.000085
5.8609517E-07,-0.000095
5.8614517E-07,-0.000104
5.8619517E-07,-0.000112
5.8624517E-07,-0.000119
5.8629517E-07,-0.000123
5.8634517E-07,-0.000126
5.8639517E-07,-0.000127
5.8644517E-07,-0.000126
5.8649517E-07,-0.000123
5.8654517E-07,-0.000119
5.8659517E-07,-0.000114
5.8664517E-07,-0.000107
5.8669517E-07,-0.000101
5.8674517E-07,-0.000095
5.8679517E-07,-0.000089
5.8684517E-07,-0.000083
5.8689517E-07,-0.000079
5.8694517E-07,-0.000077
5.8699517E-07,-0.000076
5.8704517E-07,-0.000076
5.8709517E-07,-0.000079
5.8714517E-07,-0.000083
5.8719517E-07,-0.000089
5.8724517E-07,-0.000097
5.8729517E-07,-0.000105
5.8734517E-07,-0.000115
5.8739517E-07,-0.000125
5.8744517E-07,-0.000135
5.8749517E-07,-0.000145
5.8754517E-07,-0.000155
5.8759517E-07,-0.000164
5.8764517E-07,-0.000171
5.8769517E-07,-0.000178
5.8774517E-07,-0.000183
5.8779517E-07,-0.000187
5.8784517E-07,-0.000190
5.8789517E-07,-0.000192
5.8794517E-07,-0.000193
5.8799517E-07,-0.000192
5.8804517E-07,-0.000192
5.8809517E-07,-0.000191
5.8814517E-07,-0.000190
5.8819517E-07,-0.000189
5.8824517E-07,-0.000188
5.8829517E-07,-0.000188
5.8834517E-07,-0.000188
5.8839517E-07,-0.000189
5.8844517E-07,-0.000191
5.8849517E-07,-0.000193
5.8854517E-07,-0.000195
5.8859517E-07,-0.000197
5.8864517E-07,-0.000198
5.8869517E-07,-0.000199
5.8874517E-07,-0.000199
5.8879517E-07,-0.000198
5.8884517E-07,-0.000195
5.8889517E-07,-0.000191
5.8894517E-07,-0.000185
5.8899517E-07,-0.000177
5.8904517E-07,-0.000167
5.8909517E-07,-0.000156
5.8914517E-07,-0.000144
5.8919517E-07,-0.000130
5.8924517E-07,-0.000116
5.8929517E-07,-0.000102
5.8934517E-07,-0.000088
5.8939517E-07,-0.000075
5.8944517E-07,-0.000064
5.8949517E-07,-0.000054
5.8954517E-07,-0.000047
5.8959517E-07,-0.000042
5.8964517E-07,-0.000040
5.8969517E-07,-0.000042
5.8974517E-07,-0.000046
5.8979517E-07,-0.000052
5.8984517E-07,-0.000062
5.8989517E-07,-0.000073
5.8994517E-07,-0.000087
5.8999517E-07,-0.000101
5.9004517E-07,-0.000116
5.9009517E-07,-0.000132
5.9014517E-07,-0.000146
5.9019517E-07,-0.000160
5.9024517E-07,-0.000173
5.9029517E-07,-0.000183
5.9034517E-07,-0.000191
5.9039517E-07,-0.000197
5.9044517E-07,-0.000200
5.9049517E-07,-0.000201
5.9054517E-07,-0.000200
5.9059517E-07,-0.000196
5.9064517E-07,-0.000191
5.9069517E-07,-0.000184
5.9074517E-07,-0.000176
5.9079517E-07,-0.000167
5.9084517E-07,-0.000158
5.9089517E-07,-0.000148
5.9094517E-07,-0.000139
5.9099517E-07,-0.000131
5.9104517E-07,-0.000123
5.9109517E-07,-0.000116
5.9114517E-07,-0.000109
5.9119517E-07,-0.000104
5.9124517E-07,-0.000098
5.9129517E-07,-0.000093
5.9134517E-07,-0.000089
5.9139517E-07,-0.000084
5.9144517E-07,-0.000079
5.9149517E-07,-0.000074
5.9154517E-07,-0.000068
5.9159517E-07,-0.000062
5.9164517E-07,-0.000056
5.9169517E-07,-0.000049
5.9174517E-07,-0.000042
5.9179517E-07,-0.000035
5.9184517E-07,-0.000028
5.9189517E-07,-0.000022
5.9194517E-07,-0.000017
5.9199517E-07,-0.000012
5.9204517E-07,-0.000010
5.9209517E-07,-0.000009
5.9214517E-07,-0.000010
5.9219517E-07,-0.000013
5.9224517E-07,-0.000018
5.9229517E-07,-0.000025
5.9234517E-07,-0.000033
5.9239517E-07,-0.000043
5.9244517E-07,-0.000055
5.9249517E-07,-0.000067
5.9254517E-07,-0.000080
5.9259517E-07,-0.000092
5.9264517E-07,-0.000104
5.9269517E-07,-0.000115
5.9274517E-07,-0.000124
5.9279517E-07,-0.000132
5.9284517E-07,-0.000137
5.9289517E-07,-0.000140
5.9294517E-07,-0.000141
5.9299517E-07,-0.000139
5.9304517E-07,-0.000135
5.9309517E-07,-0.000128
5.9314517E-07,-0.000120
5.9319517E-07,-0.000109
5.9324517E-07,-0.000098
5.9329517E-07,-0.000086
5.9334517E-07,-0.000073
5.9339517E-07,-0.000060
5.9344517E-07,-0.000047
5.9349517E-07,-0.000035
5.9354517E-07,-0.000024
5.9359517E-07,-0.000015
5.9364517E-07,-0.000006
5.9369517E-07,0.000001
5.9374517E-07,0.000007
5.9379517E-07,0.000012
5.9384517E-07,0.000015
5.9389517E-07,0.000017
5.9394517E-07,0.000019
5.9399517E-07,0.000021
5.9404517E-07,0.000022
5.9409517E-07,0.000023
5.9414517E-07,0.000024
5.9419517E-07,0.000026
5.9424517E-07,0.000028
5.9429517E-07,0.000031
5.9434517E-07,0.000035
5.9439517E-07,0.000039
5.9444517E-07,0.000043
5.9449517E-07,0.000048
5.9454517E-07,0.000053
5.9459517E-07,0.000058
5.9464517E-07,0.000062
5.9469517E-07,0.000065
5.9474517E-07,0.000068
5.9479517E-07,0.000069
5.9484517E-07,0.000069
5.9489517E-07,0.000068
5.9494517E-07,0.000065
5.9499517E-07,0.000060
5.9504517E-07,0.000053
5.9509517E-07,0.000045
5.9514517E-07,0.000036
5.9519517E-07,0.000025
5.9524517E-07,0.000013
5.9529517E-07,0.000001
5.9534517E-07,-0.000012
5.9539517E-07,-0.000025
5.9544517E-07,-0.000038
5.9549517E-07,-0.000051
5.9554517E-07,-0.000062
5.9559517E-07,-0.000073
5.9564517E-07,-0.000083
5.9569517E-07,-0.000092
5.9574517E-07,-0.000099
5.9579517E-07,-0.000106
5.9584517E-07,-0.000111
5.9589517E-07,-0.000115
5.9594517E-07,-0.000118
5.9599517E-07,-0.000120
5.9604517E-07,-0.000121
5.9609517E-07,-0.000122
5.9614517E-07,-0.000123
5.9619517E-07,-0.000124
5.9624517E-07,-0.000124
5.9629517E-07,-0.000124
5.9634517E-07,-0.000124
5.9639517E-07,-0.000125
5.9644517E-07,-0.000125
5.9649517E-07,-0.000124
5.9654517E-07,-0.000123
5.9659517E-07,-0.000121
5.9664517E-07,-0.000118
5.9669517E-07,-0.000114
5.9674517E-07,-0.000109
5.9679517E-07,-0.000101
5.9684517E-07,-0.000092
5.9689517E-07,-0.000081
5.9694517E-07,-0.000068
5.9699517E-07,-0.000052
5.9704517E-07,-0.000035
5.9709517E-07,-0.000017
5.9714517E-07,0.000003
5.9719517E-07,0.000024
5.9724517E-07,0.000045
5.9729517E-07,0.000066
5.9734517E-07,0.000086
5.9739517E-07,0.000105
5.9744517E-07,0.000122
5.9749517E-07,0.000136
5.9754517E-07,0.000149
5.9759517E-07,0.000158
5.9764517E-07,0.000164
5.9769517E-07,0.000166
5.9774517E-07,0.000166
5.9779517E-07,0.000162
5.9784517E-07,0.000155
5.9789517E-07,0.000146
5.9794517E-07,0.000135
5.9799517E-07,0.000122
5.9804517E-07,0.000109
5.9809517E-07,0.000095
5.9814517E-07,0.000081
5.9819517E-07,0.000068
5.9824517E-07,0.000056
5.9829517E-07,0.000046
5.9834517E-07,0.000038
5.9839517E-07,0.000031
5.9844517E-07,0.000027
5.9849517E-07,0.000024
5.9854517E-07,0.000023
5.9859517E-07,0.000024
5.9864517E-07,0.000025
5.9869517E-07,0.000027
5.9874517E-07,0.000030
5.9879517E-07,0.000031
5.9884517E-07,0.000033
5.9889517E-07,0.000033
5.9894517E-07,0.000031
5.9899517E-07,0.000028
5.9904517E-07,0.000023
5.9909517E-07,0.000016
5.9914517E-07,0.000008
5.9919517E-07,-0.000002
5.9924517E-07,-0.000012
5.9929517E-07,-0.000024
5.9934517E-07,-0.000036
5.9939517E-07,-0.000048
5.9944517E-07,-0.000060
5.9949517E-07,-0.000071
5.9954517E-07,-0.000081
5.9959517E-07,-0.000089
5.9964517E-07,-0.000096
5.9969517E-07,-0.000100
5.9974517E-07,-0.000103
5.9979517E-07,-0.000105
5.9984517E-07,-0.000105
5.9989517E-07,-0.000103
5.9994517E-07,-0.000101
5.9999517E-07,-0.000098
6.0004517E-07,-0.000094
6.0009517E-07,-0.000091
6.0014517E-07,-0.000089
6.0019517E-07,-0.000087
6.0024517E-07,-0.000086
6.0029517E-07,-0.000086
6.0034517E-07,-0.000088
6.0039517E-07,-0.000091
6.0044517E-07,-0.000096
6.0049517E-07,-0.000101
6.0054517E-07,-0.000108
6.0059517E-07,-0.000115
6.0064517E-07,-0.000123
6.0069517E-07,-0.000131
6.0074517E-07,-0.000138
6.0079517E-07,-0.000146
6.0084517E-07,-0.000153
6.0089517E-07,-0.000159
6.0094517E-07,-0.000164
6.0099517E-07,-0.000168
6.0104517E-07,-0.000171
6.0109517E-07,-0.000174
6.0114517E-07,-0.000176
6.0119517E-07,-0.000177
6.0124517E-07,-0.000178
6.0129517E-07,-0.000180
6.0134517E-07,-0.000181
6.0139517E-07,-0.000183
6.0144517E-07,-0.000185
6.0149517E-07,-0.000189
6.0154517E-07,-0.000193
6.0159517E-07,-0.000198
6.0164517E-07,-0.000204
6.0169517E-07,-0.000211
6.0174517E-07,-0.000218
6.0179517E-07,-0.000226
6.0184517E-07,-0.000235
6.0189517E-07,-0.000243
6.0194517E-07,-0.000250
6.0199517E-07,-0.000257
6.0204517E-07,-0.000263
6.0209517E-07,-0.000267
6.0214517E-07,-0.000270
6.0219517E-07,-0.000271
6.0224517E-07,-0.000270
6.0229517E-07,-0.000267
6.0234517E-07,-0.000262
6.0239517E-07,-0.000255
6.0244517E-07,-0.000247
6.0249517E-07,-0.000237
6.0254517E-07,-0.000227
6.0259517E-07,-0.000215
6.0264517E-07,-0.000203
6.0269517E-07,-0.000191
6.0274517E-07,-0.000179
6.0279517E-07,-0.000168
6.0284517E-07,-0.000158
6.0289517E-07,-0.000149
6.0294517E-07,-0.000142
6.0299517E-07,-0.000136
6.0304517E-07,-0.000131
6.0309517E-07,-0.000128
6.0314517E-07,-0.000126
6.0319517E-07,-0.000126
6.0324517E-07,-0.000126
6.0329517E-07,-0.000127
6.0334517E-07,-0.000128
6.0339517E-07,-0.000128
6.0344517E-07,-0.000129
6.0349517E-07,-0.000128
6.0354517E-07,-0.000127
6.0359517E-07,-0.000124
6.0364517E-07,-0.000120
6.0369517E-07,-0.000115
6.0374517E-07,-0.000108
6.0379517E-07,-0.000100
6.0384517E-07,-0.000091
6.0389517E-07,-0.000080
6.0394517E-07,-0.000070
6.0399517E-07,-0.000059
6.0404517E-07,-0.000048
6.0409517E-07,-0.000038
6.0414517E-07,-0.000028
6.0419517E-07,-0.000020
6.0424517E-07,-0.000014
6.0429517E-07,-0.000009
6.0434517E-07,-0.000006
6.0439517E-07,-0.000006
6.0444517E-07,-0.000007
6.0449517E-07,-0.000011
6.0454517E-07,-0.000017
6.0459517E-07,-0.000024
6.0464517E-07,-0.000033
6.0469517E-07,-0.000043
6.0474517E-07,-0.000053
6.0479517E-07,-0.000064
6.0484517E-07,-0.000075
6.0489517E-07,-0.000086
6.0494517E-07,-0.000097
6.0499517E-07,-0.000106
6.0504517E-07,-0.000115
6.0509517E-07,-0.000122
6.0514517E-07,-0.000129
6.0519517E-07,-0.000134
6.0524517E-07,-0.000138
6.0529517E-07,-0.000141
6.0534517E-07,-0.000144
6.0539517E-07,-0.000146
6.0544517E-07,-0.000147
6.0549517E-07,-0.000148
6.0554517E-07,-0.000149
6.0559517E-07,-0.000150
6.0564517E-07,-0.000151
6.0569517E-07,-0.000152
6.0574517E-07,-0.000153
6.0579517E-07,-0.000155
6.0584517E-07,-0.000156
6.0589517E-07,-0.000156
6.0594517E-07,-0.000156
6.0599517E-07,-0.000156
6.0604517E-07,-0.000154
6.0609517E-07,-0.000151
6.0614517E-07,-0.000147
6.0619517E-07,-0.000141
6.0624517E-07,-0.000134
6.0629517E-07,-0.000125
6.0634517E-07,-0.000114
6.0639517E-07,-0.000102
6.0644517E-07,-0.000089
6.0649517E-07,-0.000075
6.0654517E-07,-0.000060
6.0659517E-07,-0.000044
6.0664517E-07,-0.000029
6.0669517E-07,-0.000013
6.0674517E-07,0.000002
6.0679517E-07,0.000016
6.0684517E-07,0.000029
6.0689517E-07,0.000040
6.0694517E-07,0.000050
6.0699517E-07,0.000059
6.0704517E-07,0.000066
6.0709517E-07,0.000072
6.0714517E-07,0.000077
6.0719517E-07,0.000081
6.0724517E-07,0.000084
6.0729517E-07,0.000087
6.0734517E-07,0.000090
6.0739517E-07,0.000093
6.0744517E-07,0.000097
6.0749517E-07,0.000101
6.0754517E-07,0.000106
6.0759517E-07,0.000112
6.0764517E-07,0.000119
6.0769517E-07,0.000127
6.0774517E-07,0.000135
6.0779517E-07,0.000143
6.0784517E-07,0.000152
6.0789517E-07,0.000160
6.0794517E-07,0.000167
6.0799517E-07,0.000173
6.0804517E-07,0.000178
6.0809517E-07,0.000180
6.0814517E-07,0.000181
6.0819517E-07,0.000178
6.0824517E-07,0.000174
6.0829517E-07,0.000167
6.0834517E-07,0.000157
6.0839517E-07,0.000145
6.0844517E-07,0.000132
6.0849517E-07,0.000116
6.0854517E-07,0.000099
6.0859517E-07,0.000082
6.0864517E-07,0.000064
6.0869517E-07,0.000047
6.0874517E-07,0.000030
6.0879517E-07,0.000015
6.0884517E-07,0.000001
6.0889517E-07,-0.000010
6.0894517E-07,-0.000020
6.0899517E-07,-0.000027
6.0904517E-07,-0.000032
6.0909517E-07,-0.000035
6.0914517E-07,-0.000035
6.0919517E-07,-0.000033
6.0924517E-07,-0.000030
6.0929517E-07,-0.000025
6.0934517E-07,-0.000019
6.0939517E-07,-0.000013
6.0944517E-07,-0.000006
6.0949517E-07,-0.000000
6.0954517E-07,0.000006
6.0959517E-07,0.000011
6.0964517E-07,0.000015
6.0969517E-07,0.000018
6.0974517E-07,0.000019
6.0979517E-07,0.000019
6.0984517E-07,0.000017
6.0989517E-07,0.000014
6.0994517E-07,0.000010
6.0999517E-07,0.000004
6.1004517E-07,-0.000002
6.1009517E-07,-0.000010
6.1014517E-07,-0.000019
6.1019517E-07,-0.000028
6.1024517E-07,-0.000038
6.1029517E-07,-0.000048
6.1034517E-07,-0.000059
6.1039517E-07,-0.000071
6.1044517E-07,-0.000083
6.1049517E-07,-0.000096
6.1054517E-07,-0.000109
6.1059517E-07,-0.000123
6.1064517E-07,-0.000138
6.1069517E-07,-0.000153
6.1074517E-07,-0.000169
6.1079517E-07,-0.000186
6.1084517E-07,-0.000203
6.1089517E-07,-0.000220
6.1094517E-07,-0.000238
6.1099517E-07,-0.000256
6.1104517E-07,-0.000273
6.1109517E-07,-0.000289
6.1114517E-07,-0.000304
6.1119517E-07,-0.000318
6.1124517E-07,-0.000330
6.1129517E-07,-0.000340
6.1134517E-07,-0.000347
6.1139517E-07,-0.000351
6.1144517E-07,-0.000353
6.1149517E-07,-0.000350
6.1154517E-07,-0.000345
6.1159517E-07,-0.000336
6.1164517E-07,-0.000324
6.1169517E-07,-0.000308
6.1174517E-07,-0.000290
6.1179517E-07,-0.000269
6.1184517E-07,-0.000246
6.1189517E-07,-0.000221
6.1194517E-07,-0.000194
6.1199517E-07,-0.000167
6.1204517E-07,-0.000140
6.1209517E-07,-0.000114
6.1214517E-07,-0.000088
6.1219517E-07,-0.000063
6.1224517E-07,-0.000040
6.1229517E-07,-0.000019
6.1234517E-07,-0.000000
6.1239517E-07,0.000016
6.1244517E-07,0.000030
6.1249517E-07,0.000041
6.1254517E-07,0.000051
6.1259517E-07,0.000058
6.1264517E-07,0.000063
6.1269517E-07,0.000066
6.1274517E-07,0.000068
6.1279517E-07,0.000069
6.1284517E-07,0.000068
6.1289517E-07,0.000068
6.1294517E-07,0.000067
6.1299517E-07,0.000065
6.1304517E-07,0.000064
6.1309517E-07,0.000063
6.1314517E-07,0.000061
6.1319517E-07,0.000060
6.1324517E-07,0.000059
6.1329517E-07,0.000057
6.1334517E-07,0.000055
6.1339517E-07,0.000053
6.1344517E-07,0.000051
6.1349517E-07,0.000048
6.1354517E-07,0.000044
6.1359517E-07,0.000039
6.1364517E-07,0.000034
6.1369517E-07,0.000028
6.1374517E-07,0.000022
6.1379517E-07,0.000015
6.1384517E-07,0.000008
6.1389517E-07,0.000001
6.1394517E-07,-0.000005
6.1399517E-07,-0.000012
6.1404517E-07,-0.000017
6.1409517E-07,-0.000022
6.1414517E-07,-0.000026
6.1419517E-07,-0.000029
6.1424517E-07,-0.000031
6.1429517E-07,-0.000032
6.1434517E-07,-0.000031
6.1439517E-07,-0.000030
6.1444517E-07,-0.000029
6.1449517E-07,-0.000026
6.1454517E-07,-0.000024
6.1459517E-07,-0.000022
6.1464517E-07,-0.000020
6.1469517E-07,-0.000019
6.1474517E-07,-0.000019
6.1479517E-07,-0.000020
6.1484517E-07,-0.000022
6.1489517E-07,-0.000026
6.1494517E-07,-0.000031
6.1499517E-07,-0.000037
6.1504517E-07,-0.000044
6.1509517E-07,-0.000052
6.1514517E-07,-0.000060
6.1519517E-07,-0.000069
6.1524517E-07,-0.000077
6.1529517E-07,-0.000084
6.1534517E-07,-0.000091
6.1539517E-07,-0.000096
6.1544517E-07,-0.000099
6.1549517E-07,-0.000100
6.1554517E-07,-0.000099
6.1559517E-07,-0.000095
6.1564517E-07,-0.000090
6.1569517E-07,-0.000082
6.1574517E-07,-0.000072
6.1579517E-07,-0.000061
6.1584517E-07,-0.000049
6.1589517E-07,-0.000035
6.1594517E-07,-0.000022
6.1599517E-07,-0.000008
6.1604517E-07,0.000005
6.1609517E-07,0.000017
6.1614517E-07,0.000027
6.1619517E-07,0.000036
6.1624517E-07,0.000042
6.1629517E-07,0.000047
6.1634517E-07,0.000049
6.1639517E-07,0.000049
6.1644517E-07,0.000047
6.1649517E-07,0.000043
6.1654517E-07,0.000038
6.1659517E-07,0.000031
6.1664517E-07,0.000023
6.1669517E-07,0.000014
6.1674517E-07,0.000005
6.1679517E-07,-0.000004
6.1684517E-07,-0.000013
6.1689517E-07,-0.000021
6.1694517E-07,-0.000029
6.1699517E-07,-0.000035
6.1704517E-07,-0.000041
6.1709517E-07,-0.000046
6.1714517E-07,-0.000049
6.1719517E-07,-0.000053
6.1724517E-07,-0.000055
6.1729517E-07,-0.000058
6.1734517E-07,-0.000060
6.1739517E-07,-0.000062
6.1744517E-07,-0.000065
6.1749517E-07,-0.000068
6.1754517E-07,-0.000071
6.1759517E-07,-0.000075
6.1764517E-07,-0.000080
6.1769517E-07,-0.000085
6.1774517E-07,-0.000091
6.1779517E-07,-0.000097
6.1784517E-07,-0.000103
6.1789517E-07,-0.000108
6.1794517E-07,-0.000113
6.1799517E-07,-0.000118
6.1804517E-07,-0.000121
6.1809517E-07,-0.000124
6.1814517E-07,-0.000124
6.1819517E-07,-0.000124
6.1824517E-07,-0.000121
6.1829517E-07,-0.000117
6.1834517E-07,-0.000112
6.1839517E-07,-0.000105
6.1844517E-07,-0.000097
6.1849517E-07,-0.000088
6.1854517E-07,-0.000078
6.1859517E-07,-0.000067
6.1864517E-07,-0.000057
6.1869517E-07,-0.000046
6.1874517E-07,-0.000037
6.1879517E-07,-0.000027
6.1884517E-07,-0.000019
6.1889517E-07,-0.000012
6.1894517E-07,-0.000006
6.1899517E-07,-0.000002
6.1904517E-07,0.000001
6.1909517E-07,0.000003
6.1914517E-07,0.000004
6.1919517E-07,0.000004
6.1924517E-07,0.000003
6.1929517E-07,0.000001
6.1934517E-07,-0.000001
6.1939517E-07,-0.000003
6.1944517E-07,-0.000004
6.1949517E-07,-0.000005
6.1954517E-07,-0.000006
6.1959517E-07,-0.000006
6.1964517E-07,-0.000004
6.1969517E-07,-0.000002
6.1974517E-07,-0.000000
6.1979517E-07,0.000004
6.1984517E-07,0.000008
6.1989517E-07,0.000013
6.1994517E-07,0.000018
6.1999517E-07,0.000023
6.2004517E-07,0.000028
6.2009517E-07,0.000032
6.2014517E-07,0.000035
6.2019517E-07,0.000038
6.2024517E-07,0.000040
6.2029517E-07,0.000040
6.2034517E-07,0.000039
6.2039517E-07,0.000037
6.2044517E-07,0.000033
6.2049517E-07,0.000029
6.2054517E-07,0.000023
6.2059517E-07,0.000016
6.2064517E-07,0.000008
6.2069517E-07,-0.000000
6.2074517E-07,-0.000009
6.2079517E-07,-0.000018
6.2084517E-07,-0.000027
6.2089517E-07,-0.000036
6.2094517E-07,-0.000045
6.2099517E-07,-0.000053
6.2104517E-07,-0.000061
6.2109517E-07,-0.000069
6.2114517E-07,-0.000076
6.2119517E-07,-0.000083
6.2124517E-07,-0.000089
6.2129517E-07,-0.000096
6.2134517E-07,-0.000102
6.2139517E-07,-0.000108
6.2144517E-07,-0.000114
6.2149517E-07,-0.000120
6.2154517E-07,-0.000126
6.2159517E-07,-0.000132
6.2164517E-07,-0.000139
6.2169517E-07,-0.000145
6.2174517E-07,-0.000151
6.2179517E-07,-0.000158
6.2184517E-07,-0.000164
6.2189517E-07,-0.000169
6.2194517E-07,-0.000174
6.2199517E-07,-0.000179
6.2204517E-07,-0.000182
6.2209517E-07,-0.000185
6.2214517E-07,-0.000187
6.2219517E-07,-0.000187
6.2224517E-07,-0.000187
6.2229517E-07,-0.000186
6.2234517E-07,-0.000184
6.2239517E-07,-0.000181
6.2244517E-07,-0.000178
6.2249517E-07,-0.000174
6.2254517E-07,-0.000170
6.2259517E-07,-0.000166
6.2264517E-07,-0.000163
6.2269517E-07,-0.000160
6.2274517E-07,-0.000157
6.2279517E-07,-0.000156
6.2284517E-07,-0.000155
6.2289517E-07,-0.000155
6.2294517E-07,-0.000156
6.2299517E-07,-0.000157
6.2304517E-07,-0.000159
6.2309517E-07,-0.000162
6.2314517E-07,-0.000165
6.2319517E-07,-0.000168
6.2324517E-07,-0.000171
6.2329517E-07,-0.000173
6.2334517E-07,-0.000175
6.2339517E-07,-0.000176
6.2344517E-07,-0.000176
6.2349517E-07,-0.000175
6.2354517E-07,-0.000174
6.2359517E-07,-0.000171
6.2364517E-07,-0.000167
6.2369517E-07,-0.000162
6.2374517E-07,-0.000156
6.2379517E-07,-0.000150
6.2384517E-07,-0.000144
6.2389517E-07,-0.000138
6.2394517E-07,-0.000132
6.2399517E-07,-0.000127
6.2404517E-07,-0.000123
6.2409517E-07,-0.000119
6.2414517E-07,-0.000117
6.2419517E-07,-0.000117
6.2424517E-07,-0.000118
6.2429517E-07,-0.000120
6.2434517E-07,-0.000124
6.2439517E-07,-0.000129
6.2444517E-07,-0.000136
6.2449517E-07,-0.000143
6.2454517E-07,-0.000151
6.2459517E-07,-0.000159
6.2464517E-07,-0.000167
6.2469517E-07,-0.000176
6.2474517E-07,-0.000183
6.2479517E-07,-0.000190
6.2484517E-07,-0.000196
6.2489517E-07,-0.000200
6.2494517E-07,-0.000204
6.2499517E-07,-0.000205
6.2504517E-07,-0.000205
6.2509517E-07,-0.000204
6.2514517E-07,-0.000201
6.2519517E-07,-0.000197
6.2524517E-07,-0.000191
6.2529517E-07,-0.000185
6.2534517E-07,-0.000177
6.2539517E-07,-0.000169
6.2544517E-07,-0.000161
6.2549517E-07,-0.000152
6.2554517E-07,-0.000142
6.2559517E-07,-0.000133
6.2564517E-07,-0.000124
6.2569517E-07,-0.000115
6.2574517E-07,-0.000106
6.2579517E-07,-0.000097
6.2584517E-07,-0.000088
6.2589517E-07,-0.000080
6.2594517E-07,-0.000071
6.2599517E-07,-0.000062
6.2604517E-07,-0.000053
6.2609517E-07,-0.000044
6.2614517E-07,-0.000035
6.2619517E-07,-0.000025
6.2624517E-07,-0.000014
6.2629517E-07,-0.000003
6.2634517E-07,0.000008
6.2639517E-07,0.000020
6.2644517E-07,0.000032
6.2649517E-07,0.000044
6.2654517E-07,0.000055
6.2659517E-07,0.000067
6.2664517E-07,0.000078
6.2669517E-07,0.000089
6.2674517E-07,0.000099
6.2679517E-07,0.000108
6.2684517E-07,0.000116
6.2689517E-07,0.000123
6.2694517E-07,0.000128
6.2699517E-07,0.000132
6.2704517E-07,0.000135
6.2709517E-07,0.000137
6.2714517E-07,0.000137
6.2719517E-07,0.000136
6.2724517E-07,0.000134
6.2729517E-07,0.000131
6.2734517E-07,0.000127
6.2739517E-07,0.000123
6.2744517E-07,0.000118
6.2749517E-07,0.000112
6.2754517E-07,0.000106
6.2759517E-07,0.000100
6.2764517E-07,0.000093
6.2769517E-07,0.000086
6.2774517E-07,0.000078
6.2779517E-07,0.000070
6.2784517E-07,0.000061
6.2789517E-07,0.000052
6.2794517E-07,0.000042
6.2799517E-07,0.000031
6.2804517E-07,0.000020
6.2809517E-07,0.000008
6.2814517E-07,-0.000004
6.2819517E-07,-0.000017
6.2824517E-07,-0.000030
6.2829517E-07,-0.000043
6.2834517E-07,-0.000056
6.2839517E-07,-0.000069
6.2844517E-07,-0.000082
6.2849517E-07,-0.000093
6.2854517E-07,-0.000104
6.2859517E-07,-0.000114
6.2864517E-07,-0.000123
6.2869517E-07,-0.000130
6.2874517E-07,-0.000136
6.2879517E-07,-0.000140
6.2884517E-07,-0.000143
6.2889517E-07,-0.000144
6.2894517E-07,-0.000144
6.2899517E-07,-0.000143
6.2904517E-07,-0.000142
6.2909517E-07,-0.000139
6.2914517E-07,-0.000136
6.2919517E-07,-0.000133
6.2924517E-07,-0.000131
6.2929517E-07,-0.000128
6.2934517E-07,-0.000126
6.2939517E-07,-0.000125
6.2944517E-07,-0.000125
6.2949517E-07,-0.000126
6.2954517E-07,-0.000128
6.2959517E-07,-0.000131
6.2964517E-07,-0.000135
6.2969517E-07,-0.000139
6.2974517E-07,-0.000144
6.2979517E-07,-0.000149
6.2984517E-07,-0.000154
6.2989517E-07,-0.000158
6.2994517E-07,-0.000162
6.2999517E-07,-0.000165
6.3004517E-07,-0.000168
6.3009517E-07,-0.000168
6.3014517E-07,-0.000168
6.3019517E-07,-0.000166
6.3024517E-07,-0.000162
6.3029517E-07,-0.000157
6.3034517E-07,-0.000150
6.3039517E-07,-0.000142
6.3044517E-07,-0.000133
6.3049517E-07,-0.000123
6.3054517E-07,-0.000111
6.3059517E-07,-0.000100
6.3064517E-07,-0.000087
6.3069517E-07,-0.000075
6.3074517E-07,-0.000062
6.3079517E-07,-0.000050
6.3084517E-07,-0.000038
6.3089517E-07,-0.000026
6.3094517E-07,-0.000015
6.3099517E-07,-0.000005
6.3104517E-07,0.000005
6.3109517E-07,0.000014
6.3114517E-07,0.000023
6.3119517E-07,0.000032
6.3124517E-07,0.000040
6.3129517E-07,0.000048
6.3134517E-07,0.000055
6.3139517E-07,0.000063
6.3144517E-07,0.000070
6.3149517E-07,0.000076
6.3154517E-07,0.000083
6.3159517E-07,0.000089
6.3164517E-07,0.000095
6.3169517E-07,0.000100
6.3174517E-07,0.000105
6.3179517E-07,0.000108
6.3184517E-07,0.000111
6.3189517E-07,0.000112
6.3194517E-07,0.000113
6.3199517E-07,0.000112
6.3204517E-07,0.000110
6.3209517E-07,0.000106
6.3214517E-07,0.000101
6.3219517E-07,0.000094
6.3224517E-07,0.000086
6.3229517E-07,0.000078
6.3234517E-07,0.000068
6.3239517E-07,0.000058
6.3244517E-07,0.000048
6.3249517E-07,0.000037
6.3254517E-07,0.000027
6.3259517E-07,0.000017
6.3264517E-07,0.000008
6.3269517E-07,-0.000000
6.3274517E-07,-0.000007
6.3279517E-07,-0.000013
6.3284517E-07,-0.000017
6.3289517E-07,-0.000020
6.3294517E-07,-0.000021
6.3299517E-07,-0.000021
6.3304517E-07,-0.000020
6.3309517E-07,-0.000018
6.3314517E-07,-0.000015
6.3319517E-07,-0.000011
6.3324517E-07,-0.000007
6.3329517E-07,-0.000002
6.3334517E-07,0.000002
6.3339517E-07,0.000006
6.3344517E-07,0.000010
6.3349517E-07,0.000014
6.3354517E-07,0.000017
6.3359517E-07,0.000019
6.3364517E-07,0.000021
6.3369517E-07,0.000022
6.3374517E-07,0.000022
6.3379517E-07,0.000022
6.3384517E-07,0.000022
6.3389517E-07,0.000022
6.3394517E-07,0.000022
6.3399517E-07,0.000022
6.3404517E-07,0.000022
6.3409517E-07,0.000023
6.3414517E-07,0.000024
6.3419517E-07,0.000025
6.3424517E-07,0.000027
6.3429517E-07,0.000030
6.3434517E-07,0.000032
6.3439517E-07,0.000035
6.3444517E-07,0.000038
6.3449517E-07,0.000041
6.3454517E-07,0.000044
6.3459517E-07,0.000046
6.3464517E-07,0.000048
6.3469517E-07,0.000050
6.3474517E-07,0.000051
6.3479517E-07,0.000051
6.3484517E-07,0.000051
6.3489517E-07,0.000050
6.3494517E-07,0.000049
6.3499517E-07,0.000047
6.3504517E-07,0.000046
6.3509517E-07,0.000044
6.3514517E-07,0.000043
6.3519517E-07,0.000042
6.3524517E-07,0.000042
6.3529517E-07,0.000042
6.3534517E-07,0.000043
6.3539517E-07,0.000046
6.3544517E-07,0.000049
6.3549517E-07,0.000054
6.3554517E-07,0.000059
6.3559517E-07,0.000065
6.3564517E-07,0.000072
6.3569517E-07,0.000079
6.3574517E-07,0.000086
6.3579517E-07,0.000093
6.3584517E-07,0.000100
6.3589517E-07,0.000107
6.3594517E-07,0.000112
6.3599517E-07,0.000117
6.3604517E-07,0.000120
6.3609517E-07,0.000122
6.3614517E-07,0.000123
6.3619517E-07,0.000122
6.3624517E-07,0.000120
6.3629517E-07,0.000116
6.3634517E-07,0.000112
6.3639517E-07,0.000106
6.3644517E-07,0.000100
6.3649517E-07,0.000093
6.3654517E-07,0.000086
6.3659517E-07,0.000079
6.3664517E-07,0.000072
6.3669517E-07,0.000066
6.3674517E-07,0.000060
6.3679517E-07,0.000056
6.3684517E-07,0.000052
6.3689517E-07,0.000049
6.3694517E-07,0.000047
6.3699517E-07,0.000045
6.3704517E-07,0.000045
6.3709517E-07,0.000045
6.3714517E-07,0.000046
6.3719517E-07,0.000048
6.3724517E-07,0.000049
6.3729517E-07,0.000051
6.3734517E-07,0.000053
6.3739517E-07,0.000055
6.3744517E-07,0.000057
6.3749517E-07,0.000058
6.3754517E-07,0.000059
6.3759517E-07,0.000060
6.3764517E-07,0.000060
6.3769517E-07,0.000060
6.3774517E-07,0.000061
6.3779517E-07,0.000061
6.3784517E-07,0.000060
6.3789517E-07,0.000060
6.3794517E-07,0.000060
6.3799517E-07,0.000060
6.3804517E-07,0.000060
6.3809517E-07,0.000059
6.3814517E-07,0.000059
6.3819517E-07,0.000058
6.3824517E-07,0.000057
6.3829517E-07,0.000055
6.3834517E-07,0.000052
6.3839517E-07,0.000049
6.3844517E-07,0.000044
6.3849517E-07,0.000038
6.3854517E-07,0.000031
6.3859517E-07,0.000023
6.3864517E-07,0.000013
6.3869517E-07,0.000002
6.3874517E-07,-0.000010
6.3879517E-07,-0.000023
6.3884517E-07,-0.000037
6.3889517E-07,-0.000052
6.3894517E-07,-0.000066
6.3899517E-07,-0.000081
6.3904517E-07,-0.000096
6.3909517E-07,-0.000110
6.3914517E-07,-0.000123
6.3919517E-07,-0.000135
6.3924517E-07,-0.000145
6.3929517E-07,-0.000154
6.3934517E-07,-0.000161
6.3939517E-07,-0.000166
6.3944517E-07,-0.000169
6.3949517E-07,-0.000170
6.3954517E-07,-0.000170
6.3959517E-07,-0.000168
6.3964517E-07,-0.000165
6.3969517E-07,-0.000161
6.3974517E-07,-0.000155
6.3979517E-07,-0.000150
6.3984517E-07,-0.000144
6.3989517E-07,-0.000138
6.3994517E-07,-0.000132
6.3999517E-07,-0.000127
6.4004517E-07,-0.000122
6.4009517E-07,-0.000118
6.4014517E-07,-0.000115
6.4019517E-07,-0.000113
6.4024517E-07,-0.000111
6.4029517E-07,-0.000110
6.4034517E-07,-0.000109
6.4039517E-07,-0.000109
6.4044517E-07,-0.000108
6.4049517E-07,-0.000107
6.4054517E-07,-0.000106
6.4059517E-07,-0.000104
6.4064517E-07,-0.000100
6.4069517E-07,-0.000096
6.4074517E-07,-0.000090
6.4079517E-07,-0.000084
6.4084517E-07,-0.000075
6.4089517E-07,-0.000066
6.4094517E-07,-0.000055
6.4099517E-07,-0.000044
6.4104517E-07,-0.000032
6.4109517E-07,-0.000019
6.4114517E-07,-0.000005
6.4119517E-07,0.000008
6.4124517E-07,0.000021
6.4129517E-07,0.000033
6.4134517E-07,0.000045
6.4139517E-07,0.000055
6.4144517E-07,0.000065
6.4149517E-07,0.000073
6.4154517E-07,0.000079
6.4159517E-07,0.000084
6.4164517E-07,0.000088
6.4169517E-07,0.000089
6.4174517E-07,0.000090
6.4179517E-07,0.000089
6.4184517E-07,0.000087
6.4189517E-07,0.000084
6.4194517E-07,0.000080
6.4199517E-07,0.000075
6.4204517E-07,0.000069
6.4209517E-07,0.000062
6.4214517E-07,0.000055
6.4219517E-07,0.000047
6.4224517E-07,0.000038
6.4229517E-07,0.000029
6.4234517E-07,0.000019
6.4239517E-07,0.000009
6.4244517E-07,-0.000003
6.4249517E-07,-0.000015
6.4254517E-07,-0.000028
6.4259517E-07,-0.000042
6.4264517E-07,-0.000058
6.4269517E-07,-0.000073
6.4274517E-07,-0.000090
6.4279517E-07,-0.000108
6.4284517E-07,-0.000125
6.4289517E-07,-0.000144
6.4294517E-07,-0.000162
6.4299517E-07,-0.000180
6.4304517E-07,-0.000197
6.4309517E-07,-0.000214
6.4314517E-07,-0.000229
6.4319517E-07,-0.000243
6.4324517E-07,-0.000254
6.4329517E-07,-0.000264
6.4334517E-07,-0.000272
6.4339517E-07,-0.000277
6.4344517E-07,-0.000280
6.4349517E-07,-0.000280
6.4354517E-07,-0.000278
6.4359517E-07,-0.000274
6.4364517E-07,-0.000267
6.4369517E-07,-0.000259
6.4374517E-07,-0.000249
6.4379517E-07,-0.000237
6.4384517E-07,-0.000224
6.4389517E-07,-0.000211
6.4394517E-07,-0.000197
6.4399517E-07,-0.000183
6.4404517E-07,-0.000169
6.4409517E-07,-0.000155
6.4414517E-07,-0.000141
6.4419517E-07,-0.000128
6.4424517E-07,-0.000116
6.4429517E-07,-0.000104
6.4434517E-07,-0.000093
6.4439517E-07,-0.000082
6.4444517E-07,-0.000071
6.4449517E-07,-0.000061
6.4454517E-07,-0.000051
6.4459517E-07,-0.000042
6.4464517E-07,-0.000032
6.4469517E-07,-0.000023
6.4474517E-07,-0.000014
6.4479517E-07,-0.000005
6.4484517E-07,0.000004
6.4489517E-07,0.000012
6.4494517E-07,0.000019
6.4499517E-07,0.000025
6.4504517E-07,0.000031
6.4509517E-07,0.000035
6.4514517E-07,0.000037
6.4519517E-07,0.000038
6.4524517E-07,0.000037
6.4529517E-07,0.000035
6.4534517E-07,0.000031
6.4539517E-07,0.000025
6.4544517E-07,0.000018
6.4549517E-07,0.000010
6.4554517E-07,0.000001
6.4559517E-07,-0.000009
6.4564517E-07,-0.000019
6.4569517E-07,-0.000028
6.4574517E-07,-0.000037
6.4579517E-07,-0.000044
6.4584517E-07,-0.000050
6.4589517E-07,-0.000054
6.4594517E-07,-0.000056
6.4599517E-07,-0.000055
6.4604517E-07,-0.000053
6.4609517E-07,-0.000048
6.4614517E-07,-0.000040
6.4619517E-07,-0.000031
6.4624517E-07,-0.000020
6.4629517E-07,-0.000007
6.4634517E-07,0.000006
6.4639517E-07,0.000020
6.4644517E-07,0.000035
6.4649517E-07,0.000049
6.4654517E-07,0.000062
6.4659517E-07,0.000075
6.4664517E-07,0.000086
6.4669517E-07,0.000096
6.4674517E-07,0.000104
6.4679517E-07,0.000110
6.4684517E-07,0.000115
6.4689517E-07,0.000118
6.4694517E-07,0.000119
6.4699517E-07,0.000119
6.4704517E-07,0.000119
6.4709517E-07,0.000117
6.4714517E-07,0.000115
6.4719517E-07,0.000114
6.4724517E-07,0.000112
6.4729517E-07,0.000110
6.4734517E-07,0.000109
6.4739517E-07,0.000109
6.4744517E-07,0.000109
6.4749517E-07,0.000111
6.4754517E-07,0.000112
6.4759517E-07,0.000115
6.4764517E-07,0.000117
6.4769517E-07,0.000120
6.4774517E-07,0.000123
6.4779517E-07,0.000126
6.4784517E-07,0.000128
6.4789517E-07,0.000130
6.4794517E-07,0.000131
6.4799517E-07,0.000131
6.4804517E-07,0.000131
6.4809517E-07,0.000130
6.4814517E-07,0.000128
6.4819517E-07,0.000126
6.4824517E-07,0.000123
6.4829517E-07,0.000120
6.4834517E-07,0.000117
6.4839517E-07,0.000114
6.4844517E-07,0.000112
6.4849517E-07,0.000111
6.4854517E-07,0.000110
6.4859517E-07,0.000110
6.4864517E-07,0.000111
6.4869517E-07,0.000113
6.4874517E-07,0.000117
6.4879517E-07,0.000121
6.4884517E-07,0.000125
6.4889517E-07,0.000130
6.4894517E-07,0.000136
6.4899517E-07,0.000141
6.4904517E-07,0.000146
6.4909517E-07,0.000150
6.4914517E-07,0.000153
6.4919517E-07,0.000155
6.4924517E-07,0.000155
6.4929517E-07,0.000154
6.4934517E-07,0.000151
6.4939517E-07,0.000147
6.4944517E-07,0.000140
6.4949517E-07,0.000132
6.4954517E-07,0.000123
6.4959517E-07,0.000112
6.4964517E-07,0.000100
6.4969517E-07,0.000088
6.4974517E-07,0.000075
6.4979517E-07,0.000062
6.4984517E-07,0.000050
6.4989517E-07,0.000039
6.4994517E-07,0.000029
6.4999517E-07,0.000020
6.5004517E-07,0.000012
6.5009517E-07,0.000007
6.5014517E-07,0.000003
6.5019517E-07,0.000001
6.5024517E-07,0.000001
6.5029517E-07,0.000002
6.5034517E-07,0.000006
6.5039517E-07,0.000010
6.5044517E-07,0.000016
6.5049517E-07,0.000023
6.5054517E-07,0.000030
6.5059517E-07,0.000038
6.5064517E-07,0.000047
6.5069517E-07,0.000055
6.5074517E-07,0.000063
6.5079517E-07,0.000071
6.5084517E-07,0.000079
6.5089517E-07,0.000087
6.5094517E-07,0.000094
6.5099517E-07,0.000101
6.5104517E-07,0.000108
6.5109517E-07,0.000115
6.5114517E-07,0.000122
6.5119517E-07,0.000130
6.5124517E-07,0.000137
6.5129517E-07,0.000145
6.5134517E-07,0.000153
6.5139517E-07,0.000161
6.5144517E-07,0.000169
6.5149517E-07,0.000178
6.5154517E-07,0.000187
6.5159517E-07,0.000195
6.5164517E-07,0.000203
6.5169517E-07,0.000210
6.5174517E-07,0.000216
6.5179517E-07,0.000221
6.5184517E-07,0.000224
6.5189517E-07,0.000225
6.5194517E-07,0.000225
6.5199517E-07,0.000223
6.5204517E-07,0.000218
6.5209517E-07,0.000212
6.5214517E-07,0.000203
6.5219517E-07,0.000193
6.5224517E-07,0.000181
6.5229517E-07,0.000167
6.5234517E-07,0.000152
6.5239517E-07,0.000136
6.5244517E-07,0.000120
6.5249517E-07,0.000103
6.5254517E-07,0.000086
6.5259517E-07,0.000070
6.5264517E-07,0.000054
6.5269517E-07,0.000039
6.5274517E-07,0.000024
6.5279517E-07,0.000011
6.5284517E-07,-0.000002
6.5289517E-07,-0.000013
6.5294517E-07,-0.000024
6.5299517E-07,-0.000033
6.5304517E-07,-0.000042
6.5309517E-07,-0.000050
6.5314517E-07,-0.000058
6.5319517E-07,-0.000065
6.5324517E-07,-0.000071
6.5329517E-07,-0.000077
6.5334517E-07,-0.000082
6.5339517E-07,-0.000086
6.5344517E-07,-0.000088
6.5349517E-07,-0.000089
6.5354517E-07,-0.000088
6.5359517E-07,-0.000085
6.5364517E-07,-0.000078
6.5369517E-07,-0.000068
6.5374517E-07,-0.000055
6.5379517E-07,-0.000037
6.5384517E-07,-0.000014
6.5389517E-07,0.000014
6.5394517E-07,0.000047
6.5399517E-07,0.000086
6.5404517E-07,0.000130
6.5409517E-07,0.000179
6.5414517E-07,0.000233
6.5419517E-07,0.000291
6.5424517E-07,0.000354
6.5429517E-07,0.000420
6.5434517E-07,0.000488
6.5439517E-07,0.000559
