LECROYWaveRunner‘N,20113,Waveform
Segments,1,SegmentSize,4002
Segment,TrigTime,TimeSinceSegment1
#1,12-Dec-2018 11:36:54,0                 
Time,Ampl
4.5693646E-07,0.000144
4.5698646E-07,0.000129
4.5703646E-07,0.000116
4.5708646E-07,0.000104
4.5713646E-07,0.000093
4.5718646E-07,0.000083
4.5723646E-07,0.000075
4.5728646E-07,0.000069
4.5733646E-07,0.000064
4.5738646E-07,0.000060
4.5743646E-07,0.000058
4.5748646E-07,0.000057
4.5753646E-07,0.000057
4.5758646E-07,0.000058
4.5763646E-07,0.000061
4.5768646E-07,0.000064
4.5773646E-07,0.000067
4.5778646E-07,0.000072
4.5783646E-07,0.000077
4.5788646E-07,0.000082
4.5793646E-07,0.000088
4.5798646E-07,0.000094
4.5803646E-07,0.000100
4.5808646E-07,0.000106
4.5813646E-07,0.000113
4.5818646E-07,0.000119
4.5823646E-07,0.000125
4.5828646E-07,0.000131
4.5833646E-07,0.000136
4.5838646E-07,0.000142
4.5843646E-07,0.000147
4.5848646E-07,0.000151
4.5853646E-07,0.000155
4.5858646E-07,0.000159
4.5863646E-07,0.000162
4.5868646E-07,0.000164
4.5873646E-07,0.000166
4.5878646E-07,0.000168
4.5883646E-07,0.000169
4.5888646E-07,0.000169
4.5893646E-07,0.000169
4.5898646E-07,0.000168
4.5903646E-07,0.000168
4.5908646E-07,0.000166
4.5913646E-07,0.000165
4.5918646E-07,0.000164
4.5923646E-07,0.000162
4.5928646E-07,0.000161
4.5933646E-07,0.000160
4.5938646E-07,0.000158
4.5943646E-07,0.000157
4.5948646E-07,0.000156
4.5953646E-07,0.000155
4.5958646E-07,0.000154
4.5963646E-07,0.000153
4.5968646E-07,0.000152
4.5973646E-07,0.000151
4.5978646E-07,0.000150
4.5983646E-07,0.000148
4.5988646E-07,0.000146
4.5993646E-07,0.000143
4.5998646E-07,0.000139
4.6003646E-07,0.000135
4.6008646E-07,0.000130
4.6013646E-07,0.000124
4.6018646E-07,0.000117
4.6023646E-07,0.000109
4.6028646E-07,0.000100
4.6033646E-07,0.000091
4.6038646E-07,0.000081
4.6043646E-07,0.000070
4.6048646E-07,0.000058
4.6053646E-07,0.000047
4.6058646E-07,0.000035
4.6063646E-07,0.000024
4.6068646E-07,0.000013
4.6073646E-07,0.000002
4.6078646E-07,-0.000008
4.6083646E-07,-0.000017
4.6088646E-07,-0.000024
4.6093646E-07,-0.000031
4.6098646E-07,-0.000036
4.6103646E-07,-0.000040
4.6108646E-07,-0.000043
4.6113646E-07,-0.000044
4.6118646E-07,-0.000044
4.6123646E-07,-0.000042
4.6128646E-07,-0.000040
4.6133646E-07,-0.000036
4.6138646E-07,-0.000031
4.6143646E-07,-0.000025
4.6148646E-07,-0.000019
4.6153646E-07,-0.000013
4.6158646E-07,-0.000006
4.6163646E-07,0.000001
4.6168646E-07,0.000008
4.6173646E-07,0.000014
4.6178646E-07,0.000020
4.6183646E-07,0.000025
4.6188646E-07,0.000030
4.6193646E-07,0.000034
4.6198646E-07,0.000038
4.6203646E-07,0.000040
4.6208646E-07,0.000042
4.6213646E-07,0.000043
4.6218646E-07,0.000043
4.6223646E-07,0.000043
4.6228646E-07,0.000042
4.6233646E-07,0.000040
4.6238646E-07,0.000038
4.6243646E-07,0.000035
4.6248646E-07,0.000031
4.6253646E-07,0.000027
4.6258646E-07,0.000022
4.6263646E-07,0.000016
4.6268646E-07,0.000010
4.6273646E-07,0.000004
4.6278646E-07,-0.000004
4.6283646E-07,-0.000011
4.6288646E-07,-0.000020
4.6293646E-07,-0.000028
4.6298646E-07,-0.000038
4.6303646E-07,-0.000047
4.6308646E-07,-0.000057
4.6313646E-07,-0.000068
4.6318646E-07,-0.000078
4.6323646E-07,-0.000088
4.6328646E-07,-0.000099
4.6333646E-07,-0.000109
4.6338646E-07,-0.000118
4.6343646E-07,-0.000128
4.6348646E-07,-0.000136
4.6353646E-07,-0.000144
4.6358646E-07,-0.000151
4.6363646E-07,-0.000157
4.6368646E-07,-0.000162
4.6373646E-07,-0.000167
4.6378646E-07,-0.000170
4.6383646E-07,-0.000172
4.6388646E-07,-0.000173
4.6393646E-07,-0.000173
4.6398646E-07,-0.000173
4.6403646E-07,-0.000171
4.6408646E-07,-0.000169
4.6413646E-07,-0.000167
4.6418646E-07,-0.000164
4.6423646E-07,-0.000161
4.6428646E-07,-0.000158
4.6433646E-07,-0.000155
4.6438646E-07,-0.000152
4.6443646E-07,-0.000149
4.6448646E-07,-0.000147
4.6453646E-07,-0.000145
4.6458646E-07,-0.000143
4.6463646E-07,-0.000142
4.6468646E-07,-0.000142
4.6473646E-07,-0.000141
4.6478646E-07,-0.000141
4.6483646E-07,-0.000142
4.6488646E-07,-0.000142
4.6493646E-07,-0.000143
4.6498646E-07,-0.000144
4.6503646E-07,-0.000144
4.6508646E-07,-0.000144
4.6513646E-07,-0.000144
4.6518646E-07,-0.000144
4.6523646E-07,-0.000143
4.6528646E-07,-0.000141
4.6533646E-07,-0.000139
4.6538646E-07,-0.000137
4.6543646E-07,-0.000134
4.6548646E-07,-0.000130
4.6553646E-07,-0.000126
4.6558646E-07,-0.000122
4.6563646E-07,-0.000117
4.6568646E-07,-0.000112
4.6573646E-07,-0.000107
4.6578646E-07,-0.000102
4.6583646E-07,-0.000097
4.6588646E-07,-0.000092
4.6593646E-07,-0.000087
4.6598646E-07,-0.000082
4.6603646E-07,-0.000078
4.6608646E-07,-0.000074
4.6613646E-07,-0.000070
4.6618646E-07,-0.000067
4.6623646E-07,-0.000064
4.6628646E-07,-0.000062
4.6633646E-07,-0.000059
4.6638646E-07,-0.000057
4.6643646E-07,-0.000055
4.6648646E-07,-0.000053
4.6653646E-07,-0.000052
4.6658646E-07,-0.000051
4.6663646E-07,-0.000050
4.6668646E-07,-0.000049
4.6673646E-07,-0.000048
4.6678646E-07,-0.000047
4.6683646E-07,-0.000047
4.6688646E-07,-0.000047
4.6693646E-07,-0.000048
4.6698646E-07,-0.000049
4.6703646E-07,-0.000050
4.6708646E-07,-0.000052
4.6713646E-07,-0.000055
4.6718646E-07,-0.000058
4.6723646E-07,-0.000061
4.6728646E-07,-0.000065
4.6733646E-07,-0.000070
4.6738646E-07,-0.000075
4.6743646E-07,-0.000080
4.6748646E-07,-0.000086
4.6753646E-07,-0.000093
4.6758646E-07,-0.000099
4.6763646E-07,-0.000106
4.6768646E-07,-0.000113
4.6773646E-07,-0.000120
4.6778646E-07,-0.000127
4.6783646E-07,-0.000134
4.6788646E-07,-0.000141
4.6793646E-07,-0.000148
4.6798646E-07,-0.000155
4.6803646E-07,-0.000161
4.6808646E-07,-0.000168
4.6813646E-07,-0.000173
4.6818646E-07,-0.000179
4.6823646E-07,-0.000184
4.6828646E-07,-0.000188
4.6833646E-07,-0.000193
4.6838646E-07,-0.000196
4.6843646E-07,-0.000199
4.6848646E-07,-0.000201
4.6853646E-07,-0.000203
4.6858646E-07,-0.000204
4.6863646E-07,-0.000204
4.6868646E-07,-0.000204
4.6873646E-07,-0.000203
4.6878646E-07,-0.000201
4.6883646E-07,-0.000198
4.6888646E-07,-0.000194
4.6893646E-07,-0.000190
4.6898646E-07,-0.000185
4.6903646E-07,-0.000179
4.6908646E-07,-0.000172
4.6913646E-07,-0.000165
4.6918646E-07,-0.000157
4.6923646E-07,-0.000149
4.6928646E-07,-0.000140
4.6933646E-07,-0.000130
4.6938646E-07,-0.000120
4.6943646E-07,-0.000109
4.6948646E-07,-0.000098
4.6953646E-07,-0.000086
4.6958646E-07,-0.000073
4.6963646E-07,-0.000060
4.6968646E-07,-0.000047
4.6973646E-07,-0.000033
4.6978646E-07,-0.000018
4.6983646E-07,-0.000003
4.6988646E-07,0.000012
4.6993646E-07,0.000027
4.6998646E-07,0.000042
4.7003646E-07,0.000057
4.7008646E-07,0.000072
4.7013646E-07,0.000086
4.7018646E-07,0.000100
4.7023646E-07,0.000113
4.7028646E-07,0.000125
4.7033646E-07,0.000136
4.7038646E-07,0.000146
4.7043646E-07,0.000154
4.7048646E-07,0.000161
4.7053646E-07,0.000166
4.7058646E-07,0.000169
4.7063646E-07,0.000171
4.7068646E-07,0.000170
4.7073646E-07,0.000168
4.7078646E-07,0.000163
4.7083646E-07,0.000158
4.7088646E-07,0.000150
4.7093646E-07,0.000141
4.7098646E-07,0.000131
4.7103646E-07,0.000119
4.7108646E-07,0.000107
4.7113646E-07,0.000094
4.7118646E-07,0.000081
4.7123646E-07,0.000067
4.7128646E-07,0.000054
4.7133646E-07,0.000041
4.7138646E-07,0.000028
4.7143646E-07,0.000016
4.7148646E-07,0.000004
4.7153646E-07,-0.000006
4.7158646E-07,-0.000016
4.7163646E-07,-0.000024
4.7168646E-07,-0.000031
4.7173646E-07,-0.000038
4.7178646E-07,-0.000043
4.7183646E-07,-0.000047
4.7188646E-07,-0.000049
4.7193646E-07,-0.000051
4.7198646E-07,-0.000052
4.7203646E-07,-0.000053
4.7208646E-07,-0.000052
4.7213646E-07,-0.000051
4.7218646E-07,-0.000049
4.7223646E-07,-0.000047
4.7228646E-07,-0.000044
4.7233646E-07,-0.000041
4.7238646E-07,-0.000038
4.7243646E-07,-0.000034
4.7248646E-07,-0.000031
4.7253646E-07,-0.000026
4.7258646E-07,-0.000022
4.7263646E-07,-0.000017
4.7268646E-07,-0.000012
4.7273646E-07,-0.000007
4.7278646E-07,-0.000002
4.7283646E-07,0.000004
4.7288646E-07,0.000010
4.7293646E-07,0.000016
4.7298646E-07,0.000023
4.7303646E-07,0.000029
4.7308646E-07,0.000036
4.7313646E-07,0.000043
4.7318646E-07,0.000049
4.7323646E-07,0.000055
4.7328646E-07,0.000061
4.7333646E-07,0.000066
4.7338646E-07,0.000070
4.7343646E-07,0.000074
4.7348646E-07,0.000078
4.7353646E-07,0.000080
4.7358646E-07,0.000082
4.7363646E-07,0.000082
4.7368646E-07,0.000082
4.7373646E-07,0.000081
4.7378646E-07,0.000080
4.7383646E-07,0.000078
4.7388646E-07,0.000076
4.7393646E-07,0.000074
4.7398646E-07,0.000071
4.7403646E-07,0.000069
4.7408646E-07,0.000067
4.7413646E-07,0.000066
4.7418646E-07,0.000065
4.7423646E-07,0.000065
4.7428646E-07,0.000066
4.7433646E-07,0.000068
4.7438646E-07,0.000071
4.7443646E-07,0.000075
4.7448646E-07,0.000080
4.7453646E-07,0.000086
4.7458646E-07,0.000093
4.7463646E-07,0.000100
4.7468646E-07,0.000108
4.7473646E-07,0.000116
4.7478646E-07,0.000124
4.7483646E-07,0.000132
4.7488646E-07,0.000139
4.7493646E-07,0.000147
4.7498646E-07,0.000154
4.7503646E-07,0.000160
4.7508646E-07,0.000165
4.7513646E-07,0.000170
4.7518646E-07,0.000174
4.7523646E-07,0.000176
4.7528646E-07,0.000178
4.7533646E-07,0.000179
4.7538646E-07,0.000179
4.7543646E-07,0.000178
4.7548646E-07,0.000177
4.7553646E-07,0.000174
4.7558646E-07,0.000172
4.7563646E-07,0.000168
4.7568646E-07,0.000165
4.7573646E-07,0.000161
4.7578646E-07,0.000157
4.7583646E-07,0.000153
4.7588646E-07,0.000150
4.7593646E-07,0.000146
4.7598646E-07,0.000143
4.7603646E-07,0.000140
4.7608646E-07,0.000137
4.7613646E-07,0.000135
4.7618646E-07,0.000133
4.7623646E-07,0.000132
4.7628646E-07,0.000131
4.7633646E-07,0.000130
4.7638646E-07,0.000130
4.7643646E-07,0.000129
4.7648646E-07,0.000129
4.7653646E-07,0.000129
4.7658646E-07,0.000129
4.7663646E-07,0.000128
4.7668646E-07,0.000128
4.7673646E-07,0.000126
4.7678646E-07,0.000124
4.7683646E-07,0.000122
4.7688646E-07,0.000118
4.7693646E-07,0.000114
4.7698646E-07,0.000108
4.7703646E-07,0.000101
4.7708646E-07,0.000093
4.7713646E-07,0.000084
4.7718646E-07,0.000074
4.7723646E-07,0.000062
4.7728646E-07,0.000050
4.7733646E-07,0.000036
4.7738646E-07,0.000022
4.7743646E-07,0.000006
4.7748646E-07,-0.000010
4.7753646E-07,-0.000026
4.7758646E-07,-0.000043
4.7763646E-07,-0.000060
4.7768646E-07,-0.000076
4.7773646E-07,-0.000092
4.7778646E-07,-0.000108
4.7783646E-07,-0.000123
4.7788646E-07,-0.000136
4.7793646E-07,-0.000149
4.7798646E-07,-0.000160
4.7803646E-07,-0.000170
4.7808646E-07,-0.000178
4.7813646E-07,-0.000185
4.7818646E-07,-0.000190
4.7823646E-07,-0.000193
4.7828646E-07,-0.000194
4.7833646E-07,-0.000193
4.7838646E-07,-0.000191
4.7843646E-07,-0.000187
4.7848646E-07,-0.000182
4.7853646E-07,-0.000175
4.7858646E-07,-0.000166
4.7863646E-07,-0.000156
4.7868646E-07,-0.000145
4.7873646E-07,-0.000133
4.7878646E-07,-0.000121
4.7883646E-07,-0.000107
4.7888646E-07,-0.000093
4.7893646E-07,-0.000079
4.7898646E-07,-0.000064
4.7903646E-07,-0.000049
4.7908646E-07,-0.000034
4.7913646E-07,-0.000019
4.7918646E-07,-0.000004
4.7923646E-07,0.000010
4.7928646E-07,0.000024
4.7933646E-07,0.000038
4.7938646E-07,0.000051
4.7943646E-07,0.000064
4.7948646E-07,0.000076
4.7953646E-07,0.000087
4.7958646E-07,0.000098
4.7963646E-07,0.000108
4.7968646E-07,0.000118
4.7973646E-07,0.000127
4.7978646E-07,0.000136
4.7983646E-07,0.000144
4.7988646E-07,0.000152
4.7993646E-07,0.000159
4.7998646E-07,0.000166
4.8003646E-07,0.000172
4.8008646E-07,0.000178
4.8013646E-07,0.000184
4.8018646E-07,0.000189
4.8023646E-07,0.000194
4.8028646E-07,0.000198
4.8033646E-07,0.000203
4.8038646E-07,0.000207
4.8043646E-07,0.000211
4.8048646E-07,0.000214
4.8053646E-07,0.000217
4.8058646E-07,0.000220
4.8063646E-07,0.000223
4.8068646E-07,0.000225
4.8073646E-07,0.000228
4.8078646E-07,0.000229
4.8083646E-07,0.000231
4.8088646E-07,0.000232
4.8093646E-07,0.000233
4.8098646E-07,0.000233
4.8103646E-07,0.000233
4.8108646E-07,0.000233
4.8113646E-07,0.000232
4.8118646E-07,0.000230
4.8123646E-07,0.000228
4.8128646E-07,0.000226
4.8133646E-07,0.000222
4.8138646E-07,0.000219
4.8143646E-07,0.000214
4.8148646E-07,0.000209
4.8153646E-07,0.000204
4.8158646E-07,0.000197
4.8163646E-07,0.000190
4.8168646E-07,0.000183
4.8173646E-07,0.000175
4.8178646E-07,0.000166
4.8183646E-07,0.000157
4.8188646E-07,0.000148
4.8193646E-07,0.000139
4.8198646E-07,0.000129
4.8203646E-07,0.000120
4.8208646E-07,0.000110
4.8213646E-07,0.000101
4.8218646E-07,0.000092
4.8223646E-07,0.000084
4.8228646E-07,0.000076
4.8233646E-07,0.000069
4.8238646E-07,0.000062
4.8243646E-07,0.000056
4.8248646E-07,0.000051
4.8253646E-07,0.000047
4.8258646E-07,0.000044
4.8263646E-07,0.000042
4.8268646E-07,0.000040
4.8273646E-07,0.000039
4.8278646E-07,0.000039
4.8283646E-07,0.000040
4.8288646E-07,0.000042
4.8293646E-07,0.000044
4.8298646E-07,0.000047
4.8303646E-07,0.000050
4.8308646E-07,0.000053
4.8313646E-07,0.000057
4.8318646E-07,0.000060
4.8323646E-07,0.000064
4.8328646E-07,0.000068
4.8333646E-07,0.000072
4.8338646E-07,0.000075
4.8343646E-07,0.000078
4.8348646E-07,0.000081
4.8353646E-07,0.000083
4.8358646E-07,0.000085
4.8363646E-07,0.000086
4.8368646E-07,0.000087
4.8373646E-07,0.000087
4.8378646E-07,0.000087
4.8383646E-07,0.000086
4.8388646E-07,0.000084
4.8393646E-07,0.000082
4.8398646E-07,0.000080
4.8403646E-07,0.000077
4.8408646E-07,0.000073
4.8413646E-07,0.000069
4.8418646E-07,0.000065
4.8423646E-07,0.000060
4.8428646E-07,0.000054
4.8433646E-07,0.000048
4.8438646E-07,0.000042
4.8443646E-07,0.000035
4.8448646E-07,0.000027
4.8453646E-07,0.000019
4.8458646E-07,0.000010
4.8463646E-07,0.000001
4.8468646E-07,-0.000009
4.8473646E-07,-0.000020
4.8478646E-07,-0.000031
4.8483646E-07,-0.000043
4.8488646E-07,-0.000056
4.8493646E-07,-0.000069
4.8498646E-07,-0.000082
4.8503646E-07,-0.000097
4.8508646E-07,-0.000111
4.8513646E-07,-0.000126
4.8518646E-07,-0.000141
4.8523646E-07,-0.000156
4.8528646E-07,-0.000170
4.8533646E-07,-0.000184
4.8538646E-07,-0.000197
4.8543646E-07,-0.000210
4.8548646E-07,-0.000221
4.8553646E-07,-0.000231
4.8558646E-07,-0.000239
4.8563646E-07,-0.000246
4.8568646E-07,-0.000250
4.8573646E-07,-0.000253
4.8578646E-07,-0.000254
4.8583646E-07,-0.000252
4.8588646E-07,-0.000249
4.8593646E-07,-0.000243
4.8598646E-07,-0.000235
4.8603646E-07,-0.000225
4.8608646E-07,-0.000214
4.8613646E-07,-0.000200
4.8618646E-07,-0.000185
4.8623646E-07,-0.000169
4.8628646E-07,-0.000152
4.8633646E-07,-0.000133
4.8638646E-07,-0.000114
4.8643646E-07,-0.000094
4.8648646E-07,-0.000073
4.8653646E-07,-0.000052
4.8658646E-07,-0.000031
4.8663646E-07,-0.000011
4.8668646E-07,0.000010
4.8673646E-07,0.000030
4.8678646E-07,0.000049
4.8683646E-07,0.000068
4.8688646E-07,0.000086
4.8693646E-07,0.000102
4.8698646E-07,0.000118
4.8703646E-07,0.000132
4.8708646E-07,0.000144
4.8713646E-07,0.000155
4.8718646E-07,0.000165
4.8723646E-07,0.000172
4.8728646E-07,0.000178
4.8733646E-07,0.000182
4.8738646E-07,0.000185
4.8743646E-07,0.000185
4.8748646E-07,0.000184
4.8753646E-07,0.000181
4.8758646E-07,0.000177
4.8763646E-07,0.000172
4.8768646E-07,0.000165
4.8773646E-07,0.000158
4.8778646E-07,0.000149
4.8783646E-07,0.000140
4.8788646E-07,0.000131
4.8793646E-07,0.000121
4.8798646E-07,0.000111
4.8803646E-07,0.000101
4.8808646E-07,0.000092
4.8813646E-07,0.000083
4.8818646E-07,0.000074
4.8823646E-07,0.000066
4.8828646E-07,0.000058
4.8833646E-07,0.000051
4.8838646E-07,0.000044
4.8843646E-07,0.000038
4.8848646E-07,0.000033
4.8853646E-07,0.000029
4.8858646E-07,0.000025
4.8863646E-07,0.000022
4.8868646E-07,0.000020
4.8873646E-07,0.000018
4.8878646E-07,0.000017
4.8883646E-07,0.000016
4.8888646E-07,0.000016
4.8893646E-07,0.000017
4.8898646E-07,0.000018
4.8903646E-07,0.000020
4.8908646E-07,0.000022
4.8913646E-07,0.000025
4.8918646E-07,0.000029
4.8923646E-07,0.000032
4.8928646E-07,0.000037
4.8933646E-07,0.000041
4.8938646E-07,0.000046
4.8943646E-07,0.000051
4.8948646E-07,0.000056
4.8953646E-07,0.000061
4.8958646E-07,0.000066
4.8963646E-07,0.000071
4.8968646E-07,0.000076
4.8973646E-07,0.000080
4.8978646E-07,0.000084
4.8983646E-07,0.000088
4.8988646E-07,0.000091
4.8993646E-07,0.000094
4.8998646E-07,0.000096
4.9003646E-07,0.000098
4.9008646E-07,0.000100
4.9013646E-07,0.000101
4.9018646E-07,0.000101
4.9023646E-07,0.000101
4.9028646E-07,0.000101
4.9033646E-07,0.000100
4.9038646E-07,0.000098
4.9043646E-07,0.000097
4.9048646E-07,0.000095
4.9053646E-07,0.000092
4.9058646E-07,0.000089
4.9063646E-07,0.000086
4.9068646E-07,0.000082
4.9073646E-07,0.000077
4.9078646E-07,0.000072
4.9083646E-07,0.000067
4.9088646E-07,0.000061
4.9093646E-07,0.000055
4.9098646E-07,0.000048
4.9103646E-07,0.000041
4.9108646E-07,0.000033
4.9113646E-07,0.000025
4.9118646E-07,0.000017
4.9123646E-07,0.000008
4.9128646E-07,-0.000001
4.9133646E-07,-0.000009
4.9138646E-07,-0.000018
4.9143646E-07,-0.000027
4.9148646E-07,-0.000036
4.9153646E-07,-0.000045
4.9158646E-07,-0.000053
4.9163646E-07,-0.000061
4.9168646E-07,-0.000069
4.9173646E-07,-0.000077
4.9178646E-07,-0.000084
4.9183646E-07,-0.000091
4.9188646E-07,-0.000097
4.9193646E-07,-0.000104
4.9198646E-07,-0.000110
4.9203646E-07,-0.000116
4.9208646E-07,-0.000122
4.9213646E-07,-0.000128
4.9218646E-07,-0.000134
4.9223646E-07,-0.000140
4.9228646E-07,-0.000146
4.9233646E-07,-0.000153
4.9238646E-07,-0.000160
4.9243646E-07,-0.000168
4.9248646E-07,-0.000176
4.9253646E-07,-0.000185
4.9258646E-07,-0.000195
4.9263646E-07,-0.000206
4.9268646E-07,-0.000218
4.9273646E-07,-0.000231
4.9278646E-07,-0.000245
4.9283646E-07,-0.000261
4.9288646E-07,-0.000278
4.9293646E-07,-0.000297
4.9298646E-07,-0.000317
4.9303646E-07,-0.000339
4.9308646E-07,-0.000363
4.9313646E-07,-0.000389
4.9318646E-07,-0.000416
4.9323646E-07,-0.000446
4.9328646E-07,-0.000478
4.9333646E-07,-0.000511
4.9338646E-07,-0.000547
4.9343646E-07,-0.000585
4.9348646E-07,-0.000626
4.9353646E-07,-0.000668
4.9358646E-07,-0.000713
4.9363646E-07,-0.000760
4.9368646E-07,-0.000810
4.9373646E-07,-0.000862
4.9378646E-07,-0.000916
4.9383646E-07,-0.000973
4.9388646E-07,-0.001033
4.9393646E-07,-0.001095
4.9398646E-07,-0.001160
4.9403646E-07,-0.001227
4.9408646E-07,-0.001297
4.9413646E-07,-0.001370
4.9418646E-07,-0.001446
4.9423646E-07,-0.001524
4.9428646E-07,-0.001606
4.9433646E-07,-0.001690
4.9438646E-07,-0.001777
4.9443646E-07,-0.001867
4.9448646E-07,-0.001960
4.9453646E-07,-0.002056
4.9458646E-07,-0.002154
4.9463646E-07,-0.002256
4.9468646E-07,-0.002360
4.9473646E-07,-0.002467
4.9478646E-07,-0.002577
4.9483646E-07,-0.002689
4.9488646E-07,-0.002805
4.9493646E-07,-0.002923
4.9498646E-07,-0.003044
4.9503646E-07,-0.003167
4.9508646E-07,-0.003294
4.9513646E-07,-0.003423
4.9518646E-07,-0.003555
4.9523646E-07,-0.003690
4.9528646E-07,-0.003827
4.9533646E-07,-0.003967
4.9538646E-07,-0.004110
4.9543646E-07,-0.004256
4.9548646E-07,-0.004404
4.9553646E-07,-0.004555
4.9558646E-07,-0.004708
4.9563646E-07,-0.004863
4.9568646E-07,-0.005020
4.9573646E-07,-0.005179
4.9578646E-07,-0.005340
4.9583646E-07,-0.005501
4.9588646E-07,-0.005664
4.9593646E-07,-0.005827
4.9598646E-07,-0.005990
4.9603646E-07,-0.006154
4.9608646E-07,-0.006316
4.9613646E-07,-0.006478
4.9618646E-07,-0.006638
4.9623646E-07,-0.006796
4.9628646E-07,-0.006952
4.9633646E-07,-0.007105
4.9638646E-07,-0.007255
4.9643646E-07,-0.007402
4.9648646E-07,-0.007545
4.9653646E-07,-0.007684
4.9658646E-07,-0.007819
4.9663646E-07,-0.007948
4.9668646E-07,-0.008073
4.9673646E-07,-0.008192
4.9678646E-07,-0.008306
4.9683646E-07,-0.008415
4.9688646E-07,-0.008517
4.9693646E-07,-0.008614
4.9698646E-07,-0.008705
4.9703646E-07,-0.008790
4.9708646E-07,-0.008868
4.9713646E-07,-0.008941
4.9718646E-07,-0.009007
4.9723646E-07,-0.009068
4.9728646E-07,-0.009123
4.9733646E-07,-0.009171
4.9738646E-07,-0.009214
4.9743646E-07,-0.009251
4.9748646E-07,-0.009283
4.9753646E-07,-0.009309
4.9758646E-07,-0.009330
4.9763646E-07,-0.009346
4.9768646E-07,-0.009358
4.9773646E-07,-0.009364
4.9778646E-07,-0.009366
4.9783646E-07,-0.009365
4.9788646E-07,-0.009359
4.9793646E-07,-0.009350
4.9798646E-07,-0.009338
4.9803646E-07,-0.009323
4.9808646E-07,-0.009305
4.9813646E-07,-0.009285
4.9818646E-07,-0.009263
4.9823646E-07,-0.009240
4.9828646E-07,-0.009215
4.9833646E-07,-0.009189
4.9838646E-07,-0.009161
4.9843646E-07,-0.009133
4.9848646E-07,-0.009104
4.9853646E-07,-0.009075
4.9858646E-07,-0.009044
4.9863646E-07,-0.009013
4.9868646E-07,-0.008981
4.9873646E-07,-0.008948
4.9878646E-07,-0.008914
4.9883646E-07,-0.008879
4.9888646E-07,-0.008842
4.9893646E-07,-0.008803
4.9898646E-07,-0.008763
4.9903646E-07,-0.008721
4.9908646E-07,-0.008676
4.9913646E-07,-0.008629
4.9918646E-07,-0.008580
4.9923646E-07,-0.008528
4.9928646E-07,-0.008474
4.9933646E-07,-0.008418
4.9938646E-07,-0.008360
4.9943646E-07,-0.008299
4.9948646E-07,-0.008237
4.9953646E-07,-0.008174
4.9958646E-07,-0.008109
4.9963646E-07,-0.008044
4.9968646E-07,-0.007977
4.9973646E-07,-0.007911
4.9978646E-07,-0.007844
4.9983646E-07,-0.007778
4.9988646E-07,-0.007712
4.9993646E-07,-0.007647
4.9998646E-07,-0.007582
5.0003646E-07,-0.007518
5.0008646E-07,-0.007456
5.0013646E-07,-0.007394
5.0018646E-07,-0.007333
5.0023646E-07,-0.007273
5.0028646E-07,-0.007214
5.0033646E-07,-0.007156
5.0038646E-07,-0.007098
5.0043646E-07,-0.007040
5.0048646E-07,-0.006983
5.0053646E-07,-0.006927
5.0058646E-07,-0.006870
5.0063646E-07,-0.006814
5.0068646E-07,-0.006758
5.0073646E-07,-0.006702
5.0078646E-07,-0.006646
5.0083646E-07,-0.006590
5.0088646E-07,-0.006535
5.0093646E-07,-0.006480
5.0098646E-07,-0.006426
5.0103646E-07,-0.006372
5.0108646E-07,-0.006319
5.0113646E-07,-0.006267
5.0118646E-07,-0.006215
5.0123646E-07,-0.006165
5.0128646E-07,-0.006115
5.0133646E-07,-0.006067
5.0138646E-07,-0.006019
5.0143646E-07,-0.005973
5.0148646E-07,-0.005927
5.0153646E-07,-0.005883
5.0158646E-07,-0.005839
5.0163646E-07,-0.005796
5.0168646E-07,-0.005753
5.0173646E-07,-0.005712
5.0178646E-07,-0.005670
5.0183646E-07,-0.005629
5.0188646E-07,-0.005588
5.0193646E-07,-0.005547
5.0198646E-07,-0.005507
5.0203646E-07,-0.005466
5.0208646E-07,-0.005426
5.0213646E-07,-0.005385
5.0218646E-07,-0.005344
5.0223646E-07,-0.005303
5.0228646E-07,-0.005262
5.0233646E-07,-0.005220
5.0238646E-07,-0.005179
5.0243646E-07,-0.005137
5.0248646E-07,-0.005094
5.0253646E-07,-0.005051
5.0258646E-07,-0.005008
5.0263646E-07,-0.004964
5.0268646E-07,-0.004920
5.0273646E-07,-0.004875
5.0278646E-07,-0.004830
5.0283646E-07,-0.004784
5.0288646E-07,-0.004737
5.0293646E-07,-0.004689
5.0298646E-07,-0.004640
5.0303646E-07,-0.004591
5.0308646E-07,-0.004541
5.0313646E-07,-0.004490
5.0318646E-07,-0.004439
5.0323646E-07,-0.004387
5.0328646E-07,-0.004334
5.0333646E-07,-0.004281
5.0338646E-07,-0.004228
5.0343646E-07,-0.004174
5.0348646E-07,-0.004121
5.0353646E-07,-0.004067
5.0358646E-07,-0.004014
5.0363646E-07,-0.003961
5.0368646E-07,-0.003908
5.0373646E-07,-0.003855
5.0378646E-07,-0.003803
5.0383646E-07,-0.003752
5.0388646E-07,-0.003701
5.0393646E-07,-0.003651
5.0398646E-07,-0.003601
5.0403646E-07,-0.003552
5.0408646E-07,-0.003504
5.0413646E-07,-0.003457
5.0418646E-07,-0.003410
5.0423646E-07,-0.003363
5.0428646E-07,-0.003318
5.0433646E-07,-0.003272
5.0438646E-07,-0.003228
5.0443646E-07,-0.003184
5.0448646E-07,-0.003141
5.0453646E-07,-0.003098
5.0458646E-07,-0.003056
5.0463646E-07,-0.003015
5.0468646E-07,-0.002974
5.0473646E-07,-0.002935
5.0478646E-07,-0.002895
5.0483646E-07,-0.002857
5.0488646E-07,-0.002820
5.0493646E-07,-0.002783
5.0498646E-07,-0.002748
5.0503646E-07,-0.002713
5.0508646E-07,-0.002679
5.0513646E-07,-0.002647
5.0518646E-07,-0.002615
5.0523646E-07,-0.002584
5.0528646E-07,-0.002555
5.0533646E-07,-0.002527
5.0538646E-07,-0.002500
5.0543646E-07,-0.002474
5.0548646E-07,-0.002449
5.0553646E-07,-0.002426
5.0558646E-07,-0.002405
5.0563646E-07,-0.002384
5.0568646E-07,-0.002366
5.0573646E-07,-0.002349
5.0578646E-07,-0.002333
5.0583646E-07,-0.002319
5.0588646E-07,-0.002307
5.0593646E-07,-0.002297
5.0598646E-07,-0.002287
5.0603646E-07,-0.002280
5.0608646E-07,-0.002274
5.0613646E-07,-0.002269
5.0618646E-07,-0.002265
5.0623646E-07,-0.002263
5.0628646E-07,-0.002262
5.0633646E-07,-0.002261
5.0638646E-07,-0.002262
5.0643646E-07,-0.002263
5.0648646E-07,-0.002265
5.0653646E-07,-0.002268
5.0658646E-07,-0.002271
5.0663646E-07,-0.002274
5.0668646E-07,-0.002278
5.0673646E-07,-0.002282
5.0678646E-07,-0.002287
5.0683646E-07,-0.002291
5.0688646E-07,-0.002296
5.0693646E-07,-0.002301
5.0698646E-07,-0.002306
5.0703646E-07,-0.002310
5.0708646E-07,-0.002315
5.0713646E-07,-0.002320
5.0718646E-07,-0.002325
5.0723646E-07,-0.002330
5.0728646E-07,-0.002335
5.0733646E-07,-0.002339
5.0738646E-07,-0.002343
5.0743646E-07,-0.002346
5.0748646E-07,-0.002350
5.0753646E-07,-0.002352
5.0758646E-07,-0.002354
5.0763646E-07,-0.002356
5.0768646E-07,-0.002356
5.0773646E-07,-0.002356
5.0778646E-07,-0.002356
5.0783646E-07,-0.002354
5.0788646E-07,-0.002352
5.0793646E-07,-0.002349
5.0798646E-07,-0.002345
5.0803646E-07,-0.002340
5.0808646E-07,-0.002334
5.0813646E-07,-0.002327
5.0818646E-07,-0.002320
5.0823646E-07,-0.002311
5.0828646E-07,-0.002302
5.0833646E-07,-0.002292
5.0838646E-07,-0.002281
5.0843646E-07,-0.002269
5.0848646E-07,-0.002256
5.0853646E-07,-0.002243
5.0858646E-07,-0.002229
5.0863646E-07,-0.002214
5.0868646E-07,-0.002199
5.0873646E-07,-0.002183
5.0878646E-07,-0.002167
5.0883646E-07,-0.002151
5.0888646E-07,-0.002134
5.0893646E-07,-0.002117
5.0898646E-07,-0.002100
5.0903646E-07,-0.002083
5.0908646E-07,-0.002065
5.0913646E-07,-0.002048
5.0918646E-07,-0.002031
5.0923646E-07,-0.002013
5.0928646E-07,-0.001996
5.0933646E-07,-0.001979
5.0938646E-07,-0.001962
5.0943646E-07,-0.001946
5.0948646E-07,-0.001929
5.0953646E-07,-0.001913
5.0958646E-07,-0.001897
5.0963646E-07,-0.001882
5.0968646E-07,-0.001866
5.0973646E-07,-0.001851
5.0978646E-07,-0.001836
5.0983646E-07,-0.001822
5.0988646E-07,-0.001808
5.0993646E-07,-0.001794
5.0998646E-07,-0.001781
5.1003646E-07,-0.001769
5.1008646E-07,-0.001757
5.1013646E-07,-0.001745
5.1018646E-07,-0.001734
5.1023646E-07,-0.001724
5.1028646E-07,-0.001714
5.1033646E-07,-0.001704
5.1038646E-07,-0.001695
5.1043646E-07,-0.001686
5.1048646E-07,-0.001678
5.1053646E-07,-0.001669
5.1058646E-07,-0.001661
5.1063646E-07,-0.001653
5.1068646E-07,-0.001644
5.1073646E-07,-0.001636
5.1078646E-07,-0.001627
5.1083646E-07,-0.001618
5.1088646E-07,-0.001609
5.1093646E-07,-0.001600
5.1098646E-07,-0.001591
5.1103646E-07,-0.001581
5.1108646E-07,-0.001572
5.1113646E-07,-0.001563
5.1118646E-07,-0.001554
5.1123646E-07,-0.001545
5.1128646E-07,-0.001537
5.1133646E-07,-0.001530
5.1138646E-07,-0.001523
5.1143646E-07,-0.001517
5.1148646E-07,-0.001512
5.1153646E-07,-0.001509
5.1158646E-07,-0.001506
5.1163646E-07,-0.001504
5.1168646E-07,-0.001504
5.1173646E-07,-0.001504
5.1178646E-07,-0.001505
5.1183646E-07,-0.001507
5.1188646E-07,-0.001510
5.1193646E-07,-0.001514
5.1198646E-07,-0.001518
5.1203646E-07,-0.001522
5.1208646E-07,-0.001526
5.1213646E-07,-0.001531
5.1218646E-07,-0.001536
5.1223646E-07,-0.001541
5.1228646E-07,-0.001546
5.1233646E-07,-0.001551
5.1238646E-07,-0.001556
5.1243646E-07,-0.001561
5.1248646E-07,-0.001566
5.1253646E-07,-0.001572
5.1258646E-07,-0.001578
5.1263646E-07,-0.001585
5.1268646E-07,-0.001592
5.1273646E-07,-0.001599
5.1278646E-07,-0.001608
5.1283646E-07,-0.001617
5.1288646E-07,-0.001627
5.1293646E-07,-0.001638
5.1298646E-07,-0.001650
5.1303646E-07,-0.001662
5.1308646E-07,-0.001675
5.1313646E-07,-0.001688
5.1318646E-07,-0.001702
5.1323646E-07,-0.001716
5.1328646E-07,-0.001730
5.1333646E-07,-0.001744
5.1338646E-07,-0.001758
5.1343646E-07,-0.001770
5.1348646E-07,-0.001783
5.1353646E-07,-0.001794
5.1358646E-07,-0.001804
5.1363646E-07,-0.001813
5.1368646E-07,-0.001821
5.1373646E-07,-0.001827
5.1378646E-07,-0.001832
5.1383646E-07,-0.001835
5.1388646E-07,-0.001837
5.1393646E-07,-0.001837
5.1398646E-07,-0.001835
5.1403646E-07,-0.001831
5.1408646E-07,-0.001826
5.1413646E-07,-0.001820
5.1418646E-07,-0.001812
5.1423646E-07,-0.001802
5.1428646E-07,-0.001791
5.1433646E-07,-0.001779
5.1438646E-07,-0.001766
5.1443646E-07,-0.001751
5.1448646E-07,-0.001736
5.1453646E-07,-0.001719
5.1458646E-07,-0.001701
5.1463646E-07,-0.001683
5.1468646E-07,-0.001663
5.1473646E-07,-0.001643
5.1478646E-07,-0.001622
5.1483646E-07,-0.001600
5.1488646E-07,-0.001578
5.1493646E-07,-0.001555
5.1498646E-07,-0.001532
5.1503646E-07,-0.001508
5.1508646E-07,-0.001484
5.1513646E-07,-0.001460
5.1518646E-07,-0.001436
5.1523646E-07,-0.001412
5.1528646E-07,-0.001389
5.1533646E-07,-0.001365
5.1538646E-07,-0.001343
5.1543646E-07,-0.001321
5.1548646E-07,-0.001300
5.1553646E-07,-0.001280
5.1558646E-07,-0.001261
5.1563646E-07,-0.001244
5.1568646E-07,-0.001227
5.1573646E-07,-0.001212
5.1578646E-07,-0.001198
5.1583646E-07,-0.001185
5.1588646E-07,-0.001174
5.1593646E-07,-0.001163
5.1598646E-07,-0.001154
5.1603646E-07,-0.001145
5.1608646E-07,-0.001138
5.1613646E-07,-0.001131
5.1618646E-07,-0.001124
5.1623646E-07,-0.001118
5.1628646E-07,-0.001113
5.1633646E-07,-0.001107
5.1638646E-07,-0.001102
5.1643646E-07,-0.001097
5.1648646E-07,-0.001091
5.1653646E-07,-0.001086
5.1658646E-07,-0.001080
5.1663646E-07,-0.001074
5.1668646E-07,-0.001068
5.1673646E-07,-0.001061
5.1678646E-07,-0.001054
5.1683646E-07,-0.001047
5.1688646E-07,-0.001039
5.1693646E-07,-0.001031
5.1698646E-07,-0.001023
5.1703646E-07,-0.001014
5.1708646E-07,-0.001005
5.1713646E-07,-0.000995
5.1718646E-07,-0.000985
5.1723646E-07,-0.000974
5.1728646E-07,-0.000963
5.1733646E-07,-0.000951
5.1738646E-07,-0.000938
5.1743646E-07,-0.000925
5.1748646E-07,-0.000912
5.1753646E-07,-0.000898
5.1758646E-07,-0.000884
5.1763646E-07,-0.000869
5.1768646E-07,-0.000854
5.1773646E-07,-0.000839
5.1778646E-07,-0.000825
5.1783646E-07,-0.000810
5.1788646E-07,-0.000796
5.1793646E-07,-0.000783
5.1798646E-07,-0.000771
5.1803646E-07,-0.000761
5.1808646E-07,-0.000751
5.1813646E-07,-0.000744
5.1818646E-07,-0.000738
5.1823646E-07,-0.000735
5.1828646E-07,-0.000733
5.1833646E-07,-0.000734
5.1838646E-07,-0.000738
5.1843646E-07,-0.000744
5.1848646E-07,-0.000752
5.1853646E-07,-0.000763
5.1858646E-07,-0.000776
5.1863646E-07,-0.000791
5.1868646E-07,-0.000807
5.1873646E-07,-0.000825
5.1878646E-07,-0.000845
5.1883646E-07,-0.000866
5.1888646E-07,-0.000887
5.1893646E-07,-0.000908
5.1898646E-07,-0.000930
5.1903646E-07,-0.000952
5.1908646E-07,-0.000973
5.1913646E-07,-0.000994
5.1918646E-07,-0.001014
5.1923646E-07,-0.001033
5.1928646E-07,-0.001050
5.1933646E-07,-0.001067
5.1938646E-07,-0.001082
5.1943646E-07,-0.001095
5.1948646E-07,-0.001107
5.1953646E-07,-0.001118
5.1958646E-07,-0.001127
5.1963646E-07,-0.001134
5.1968646E-07,-0.001140
5.1973646E-07,-0.001145
5.1978646E-07,-0.001148
5.1983646E-07,-0.001150
5.1988646E-07,-0.001151
5.1993646E-07,-0.001151
5.1998646E-07,-0.001149
5.2003646E-07,-0.001147
5.2008646E-07,-0.001144
5.2013646E-07,-0.001140
5.2018646E-07,-0.001135
5.2023646E-07,-0.001130
5.2028646E-07,-0.001124
5.2033646E-07,-0.001117
5.2038646E-07,-0.001110
5.2043646E-07,-0.001103
5.2048646E-07,-0.001095
5.2053646E-07,-0.001087
5.2058646E-07,-0.001080
5.2063646E-07,-0.001072
5.2068646E-07,-0.001064
5.2073646E-07,-0.001056
5.2078646E-07,-0.001048
5.2083646E-07,-0.001040
5.2088646E-07,-0.001032
5.2093646E-07,-0.001025
5.2098646E-07,-0.001017
5.2103646E-07,-0.001010
5.2108646E-07,-0.001003
5.2113646E-07,-0.000995
5.2118646E-07,-0.000988
5.2123646E-07,-0.000981
5.2128646E-07,-0.000973
5.2133646E-07,-0.000966
5.2138646E-07,-0.000958
5.2143646E-07,-0.000950
5.2148646E-07,-0.000942
5.2153646E-07,-0.000934
5.2158646E-07,-0.000925
5.2163646E-07,-0.000916
5.2168646E-07,-0.000907
5.2173646E-07,-0.000898
5.2178646E-07,-0.000888
5.2183646E-07,-0.000878
5.2188646E-07,-0.000868
5.2193646E-07,-0.000857
5.2198646E-07,-0.000846
5.2203646E-07,-0.000835
5.2208646E-07,-0.000824
5.2213646E-07,-0.000812
5.2218646E-07,-0.000800
5.2223646E-07,-0.000788
5.2228646E-07,-0.000776
5.2233646E-07,-0.000764
5.2238646E-07,-0.000751
5.2243646E-07,-0.000738
5.2248646E-07,-0.000726
5.2253646E-07,-0.000713
5.2258646E-07,-0.000700
5.2263646E-07,-0.000687
5.2268646E-07,-0.000675
5.2273646E-07,-0.000663
5.2278646E-07,-0.000650
5.2283646E-07,-0.000639
5.2288646E-07,-0.000628
5.2293646E-07,-0.000617
5.2298646E-07,-0.000607
5.2303646E-07,-0.000597
5.2308646E-07,-0.000589
5.2313646E-07,-0.000581
5.2318646E-07,-0.000574
5.2323646E-07,-0.000568
5.2328646E-07,-0.000563
5.2333646E-07,-0.000558
5.2338646E-07,-0.000555
5.2343646E-07,-0.000553
5.2348646E-07,-0.000551
5.2353646E-07,-0.000551
5.2358646E-07,-0.000551
5.2363646E-07,-0.000553
5.2368646E-07,-0.000555
5.2373646E-07,-0.000557
5.2378646E-07,-0.000561
5.2383646E-07,-0.000564
5.2388646E-07,-0.000569
5.2393646E-07,-0.000573
5.2398646E-07,-0.000578
5.2403646E-07,-0.000583
5.2408646E-07,-0.000588
5.2413646E-07,-0.000593
5.2418646E-07,-0.000598
5.2423646E-07,-0.000603
5.2428646E-07,-0.000608
5.2433646E-07,-0.000612
5.2438646E-07,-0.000616
5.2443646E-07,-0.000620
5.2448646E-07,-0.000624
5.2453646E-07,-0.000628
5.2458646E-07,-0.000631
5.2463646E-07,-0.000634
5.2468646E-07,-0.000637
5.2473646E-07,-0.000639
5.2478646E-07,-0.000642
5.2483646E-07,-0.000644
5.2488646E-07,-0.000647
5.2493646E-07,-0.000649
5.2498646E-07,-0.000652
5.2503646E-07,-0.000655
5.2508646E-07,-0.000658
5.2513646E-07,-0.000660
5.2518646E-07,-0.000663
5.2523646E-07,-0.000666
5.2528646E-07,-0.000669
5.2533646E-07,-0.000672
5.2538646E-07,-0.000675
5.2543646E-07,-0.000677
5.2548646E-07,-0.000679
5.2553646E-07,-0.000681
5.2558646E-07,-0.000682
5.2563646E-07,-0.000682
5.2568646E-07,-0.000682
5.2573646E-07,-0.000680
5.2578646E-07,-0.000678
5.2583646E-07,-0.000675
5.2588646E-07,-0.000671
5.2593646E-07,-0.000666
5.2598646E-07,-0.000660
5.2603646E-07,-0.000654
5.2608646E-07,-0.000646
5.2613646E-07,-0.000638
5.2618646E-07,-0.000629
5.2623646E-07,-0.000620
5.2628646E-07,-0.000611
5.2633646E-07,-0.000601
5.2638646E-07,-0.000591
5.2643646E-07,-0.000581
5.2648646E-07,-0.000570
5.2653646E-07,-0.000560
5.2658646E-07,-0.000550
5.2663646E-07,-0.000540
5.2668646E-07,-0.000531
5.2673646E-07,-0.000521
5.2678646E-07,-0.000511
5.2683646E-07,-0.000502
5.2688646E-07,-0.000492
5.2693646E-07,-0.000482
5.2698646E-07,-0.000472
5.2703646E-07,-0.000462
5.2708646E-07,-0.000452
5.2713646E-07,-0.000441
5.2718646E-07,-0.000430
5.2723646E-07,-0.000418
5.2728646E-07,-0.000406
5.2733646E-07,-0.000394
5.2738646E-07,-0.000382
5.2743646E-07,-0.000370
5.2748646E-07,-0.000357
5.2753646E-07,-0.000345
5.2758646E-07,-0.000333
5.2763646E-07,-0.000321
5.2768646E-07,-0.000310
5.2773646E-07,-0.000299
5.2778646E-07,-0.000289
5.2783646E-07,-0.000280
5.2788646E-07,-0.000272
5.2793646E-07,-0.000265
5.2798646E-07,-0.000259
5.2803646E-07,-0.000255
5.2808646E-07,-0.000252
5.2813646E-07,-0.000250
5.2818646E-07,-0.000249
5.2823646E-07,-0.000251
5.2828646E-07,-0.000253
5.2833646E-07,-0.000257
5.2838646E-07,-0.000262
5.2843646E-07,-0.000268
5.2848646E-07,-0.000276
5.2853646E-07,-0.000285
5.2858646E-07,-0.000295
5.2863646E-07,-0.000306
5.2868646E-07,-0.000318
5.2873646E-07,-0.000330
5.2878646E-07,-0.000343
5.2883646E-07,-0.000357
5.2888646E-07,-0.000371
5.2893646E-07,-0.000386
5.2898646E-07,-0.000401
5.2903646E-07,-0.000416
5.2908646E-07,-0.000431
5.2913646E-07,-0.000445
5.2918646E-07,-0.000460
5.2923646E-07,-0.000474
5.2928646E-07,-0.000489
5.2933646E-07,-0.000502
5.2938646E-07,-0.000516
5.2943646E-07,-0.000528
5.2948646E-07,-0.000541
5.2953646E-07,-0.000553
5.2958646E-07,-0.000564
5.2963646E-07,-0.000575
5.2968646E-07,-0.000585
5.2973646E-07,-0.000595
5.2978646E-07,-0.000605
5.2983646E-07,-0.000614
5.2988646E-07,-0.000622
5.2993646E-07,-0.000631
5.2998646E-07,-0.000639
5.3003646E-07,-0.000646
5.3008646E-07,-0.000654
5.3013646E-07,-0.000661
5.3018646E-07,-0.000668
5.3023646E-07,-0.000675
5.3028646E-07,-0.000682
5.3033646E-07,-0.000688
5.3038646E-07,-0.000695
5.3043646E-07,-0.000702
5.3048646E-07,-0.000709
5.3053646E-07,-0.000716
5.3058646E-07,-0.000723
5.3063646E-07,-0.000730
5.3068646E-07,-0.000736
5.3073646E-07,-0.000743
5.3078646E-07,-0.000750
5.3083646E-07,-0.000756
5.3088646E-07,-0.000762
5.3093646E-07,-0.000768
5.3098646E-07,-0.000774
5.3103646E-07,-0.000778
5.3108646E-07,-0.000782
5.3113646E-07,-0.000786
5.3118646E-07,-0.000789
5.3123646E-07,-0.000790
5.3128646E-07,-0.000791
5.3133646E-07,-0.000791
5.3138646E-07,-0.000790
5.3143646E-07,-0.000789
5.3148646E-07,-0.000786
5.3153646E-07,-0.000783
5.3158646E-07,-0.000779
5.3163646E-07,-0.000774
5.3168646E-07,-0.000769
5.3173646E-07,-0.000763
5.3178646E-07,-0.000757
5.3183646E-07,-0.000751
5.3188646E-07,-0.000745
5.3193646E-07,-0.000738
5.3198646E-07,-0.000732
5.3203646E-07,-0.000726
5.3208646E-07,-0.000720
5.3213646E-07,-0.000714
5.3218646E-07,-0.000708
5.3223646E-07,-0.000702
5.3228646E-07,-0.000696
5.3233646E-07,-0.000691
5.3238646E-07,-0.000685
5.3243646E-07,-0.000680
5.3248646E-07,-0.000674
5.3253646E-07,-0.000669
5.3258646E-07,-0.000664
5.3263646E-07,-0.000658
5.3268646E-07,-0.000653
5.3273646E-07,-0.000648
5.3278646E-07,-0.000642
5.3283646E-07,-0.000637
5.3288646E-07,-0.000631
5.3293646E-07,-0.000625
5.3298646E-07,-0.000620
5.3303646E-07,-0.000614
5.3308646E-07,-0.000607
5.3313646E-07,-0.000601
5.3318646E-07,-0.000594
5.3323646E-07,-0.000586
5.3328646E-07,-0.000578
5.3333646E-07,-0.000569
5.3338646E-07,-0.000560
5.3343646E-07,-0.000549
5.3348646E-07,-0.000538
5.3353646E-07,-0.000526
5.3358646E-07,-0.000514
5.3363646E-07,-0.000500
5.3368646E-07,-0.000485
5.3373646E-07,-0.000470
5.3378646E-07,-0.000454
5.3383646E-07,-0.000438
5.3388646E-07,-0.000421
5.3393646E-07,-0.000404
5.3398646E-07,-0.000387
5.3403646E-07,-0.000370
5.3408646E-07,-0.000354
5.3413646E-07,-0.000338
5.3418646E-07,-0.000323
5.3423646E-07,-0.000309
5.3428646E-07,-0.000296
5.3433646E-07,-0.000284
5.3438646E-07,-0.000273
5.3443646E-07,-0.000264
5.3448646E-07,-0.000255
5.3453646E-07,-0.000248
5.3458646E-07,-0.000241
5.3463646E-07,-0.000236
5.3468646E-07,-0.000231
5.3473646E-07,-0.000227
5.3478646E-07,-0.000223
5.3483646E-07,-0.000220
5.3488646E-07,-0.000217
5.3493646E-07,-0.000215
5.3498646E-07,-0.000212
5.3503646E-07,-0.000210
5.3508646E-07,-0.000207
5.3513646E-07,-0.000205
5.3518646E-07,-0.000202
5.3523646E-07,-0.000200
5.3528646E-07,-0.000197
5.3533646E-07,-0.000195
5.3538646E-07,-0.000192
5.3543646E-07,-0.000190
5.3548646E-07,-0.000188
5.3553646E-07,-0.000187
5.3558646E-07,-0.000185
5.3563646E-07,-0.000185
5.3568646E-07,-0.000185
5.3573646E-07,-0.000185
5.3578646E-07,-0.000186
5.3583646E-07,-0.000187
5.3588646E-07,-0.000189
5.3593646E-07,-0.000191
5.3598646E-07,-0.000194
5.3603646E-07,-0.000196
5.3608646E-07,-0.000199
5.3613646E-07,-0.000203
5.3618646E-07,-0.000206
5.3623646E-07,-0.000209
5.3628646E-07,-0.000213
5.3633646E-07,-0.000216
5.3638646E-07,-0.000219
5.3643646E-07,-0.000222
5.3648646E-07,-0.000225
5.3653646E-07,-0.000227
5.3658646E-07,-0.000230
5.3663646E-07,-0.000232
5.3668646E-07,-0.000234
5.3673646E-07,-0.000236
5.3678646E-07,-0.000237
5.3683646E-07,-0.000239
5.3688646E-07,-0.000241
5.3693646E-07,-0.000243
5.3698646E-07,-0.000244
5.3703646E-07,-0.000246
5.3708646E-07,-0.000248
5.3713646E-07,-0.000250
5.3718646E-07,-0.000252
5.3723646E-07,-0.000254
5.3728646E-07,-0.000257
5.3733646E-07,-0.000259
5.3738646E-07,-0.000262
5.3743646E-07,-0.000264
5.3748646E-07,-0.000267
5.3753646E-07,-0.000270
5.3758646E-07,-0.000274
5.3763646E-07,-0.000277
5.3768646E-07,-0.000281
5.3773646E-07,-0.000285
5.3778646E-07,-0.000289
5.3783646E-07,-0.000294
5.3788646E-07,-0.000299
5.3793646E-07,-0.000305
5.3798646E-07,-0.000311
5.3803646E-07,-0.000318
5.3808646E-07,-0.000325
5.3813646E-07,-0.000333
5.3818646E-07,-0.000342
5.3823646E-07,-0.000351
5.3828646E-07,-0.000361
5.3833646E-07,-0.000371
5.3838646E-07,-0.000382
5.3843646E-07,-0.000393
5.3848646E-07,-0.000404
5.3853646E-07,-0.000416
5.3858646E-07,-0.000428
5.3863646E-07,-0.000440
5.3868646E-07,-0.000451
5.3873646E-07,-0.000463
5.3878646E-07,-0.000473
5.3883646E-07,-0.000484
5.3888646E-07,-0.000494
5.3893646E-07,-0.000503
5.3898646E-07,-0.000511
5.3903646E-07,-0.000519
5.3908646E-07,-0.000525
5.3913646E-07,-0.000531
5.3918646E-07,-0.000536
5.3923646E-07,-0.000541
5.3928646E-07,-0.000545
5.3933646E-07,-0.000548
5.3938646E-07,-0.000550
5.3943646E-07,-0.000552
5.3948646E-07,-0.000554
5.3953646E-07,-0.000555
5.3958646E-07,-0.000556
5.3963646E-07,-0.000557
5.3968646E-07,-0.000558
5.3973646E-07,-0.000559
5.3978646E-07,-0.000560
5.3983646E-07,-0.000561
5.3988646E-07,-0.000562
5.3993646E-07,-0.000562
5.3998646E-07,-0.000563
5.4003646E-07,-0.000564
5.4008646E-07,-0.000564
5.4013646E-07,-0.000564
5.4018646E-07,-0.000564
5.4023646E-07,-0.000563
5.4028646E-07,-0.000562
5.4033646E-07,-0.000560
5.4038646E-07,-0.000558
5.4043646E-07,-0.000555
5.4048646E-07,-0.000551
5.4053646E-07,-0.000547
5.4058646E-07,-0.000543
5.4063646E-07,-0.000538
5.4068646E-07,-0.000533
5.4073646E-07,-0.000527
5.4078646E-07,-0.000522
5.4083646E-07,-0.000516
5.4088646E-07,-0.000511
5.4093646E-07,-0.000506
5.4098646E-07,-0.000501
5.4103646E-07,-0.000496
5.4108646E-07,-0.000492
5.4113646E-07,-0.000488
5.4118646E-07,-0.000484
5.4123646E-07,-0.000481
5.4128646E-07,-0.000477
5.4133646E-07,-0.000474
5.4138646E-07,-0.000471
5.4143646E-07,-0.000468
5.4148646E-07,-0.000465
5.4153646E-07,-0.000461
5.4158646E-07,-0.000457
5.4163646E-07,-0.000452
5.4168646E-07,-0.000447
5.4173646E-07,-0.000440
5.4178646E-07,-0.000433
5.4183646E-07,-0.000425
5.4188646E-07,-0.000416
5.4193646E-07,-0.000406
5.4198646E-07,-0.000395
5.4203646E-07,-0.000384
5.4208646E-07,-0.000372
5.4213646E-07,-0.000360
5.4218646E-07,-0.000348
5.4223646E-07,-0.000336
5.4228646E-07,-0.000324
5.4233646E-07,-0.000313
5.4238646E-07,-0.000302
5.4243646E-07,-0.000292
5.4248646E-07,-0.000283
5.4253646E-07,-0.000274
5.4258646E-07,-0.000267
5.4263646E-07,-0.000261
5.4268646E-07,-0.000257
5.4273646E-07,-0.000254
5.4278646E-07,-0.000251
5.4283646E-07,-0.000251
5.4288646E-07,-0.000251
5.4293646E-07,-0.000252
5.4298646E-07,-0.000255
5.4303646E-07,-0.000258
5.4308646E-07,-0.000262
5.4313646E-07,-0.000267
5.4318646E-07,-0.000273
5.4323646E-07,-0.000278
5.4328646E-07,-0.000285
5.4333646E-07,-0.000291
5.4338646E-07,-0.000297
5.4343646E-07,-0.000304
5.4348646E-07,-0.000310
5.4353646E-07,-0.000316
5.4358646E-07,-0.000321
5.4363646E-07,-0.000326
5.4368646E-07,-0.000330
5.4373646E-07,-0.000334
5.4378646E-07,-0.000337
5.4383646E-07,-0.000340
5.4388646E-07,-0.000342
5.4393646E-07,-0.000343
5.4398646E-07,-0.000343
5.4403646E-07,-0.000343
5.4408646E-07,-0.000342
5.4413646E-07,-0.000341
5.4418646E-07,-0.000340
5.4423646E-07,-0.000338
5.4428646E-07,-0.000336
5.4433646E-07,-0.000334
5.4438646E-07,-0.000332
5.4443646E-07,-0.000331
5.4448646E-07,-0.000329
5.4453646E-07,-0.000328
5.4458646E-07,-0.000328
5.4463646E-07,-0.000328
5.4468646E-07,-0.000328
5.4473646E-07,-0.000329
5.4478646E-07,-0.000330
5.4483646E-07,-0.000331
5.4488646E-07,-0.000333
5.4493646E-07,-0.000335
5.4498646E-07,-0.000338
5.4503646E-07,-0.000340
5.4508646E-07,-0.000342
5.4513646E-07,-0.000345
5.4518646E-07,-0.000347
5.4523646E-07,-0.000349
5.4528646E-07,-0.000350
5.4533646E-07,-0.000351
5.4538646E-07,-0.000352
5.4543646E-07,-0.000352
5.4548646E-07,-0.000352
5.4553646E-07,-0.000351
5.4558646E-07,-0.000350
5.4563646E-07,-0.000348
5.4568646E-07,-0.000346
5.4573646E-07,-0.000344
5.4578646E-07,-0.000341
5.4583646E-07,-0.000338
5.4588646E-07,-0.000335
5.4593646E-07,-0.000331
5.4598646E-07,-0.000327
5.4603646E-07,-0.000323
5.4608646E-07,-0.000319
5.4613646E-07,-0.000314
5.4618646E-07,-0.000310
5.4623646E-07,-0.000305
5.4628646E-07,-0.000300
5.4633646E-07,-0.000295
5.4638646E-07,-0.000289
5.4643646E-07,-0.000284
5.4648646E-07,-0.000278
5.4653646E-07,-0.000272
5.4658646E-07,-0.000266
5.4663646E-07,-0.000260
5.4668646E-07,-0.000253
5.4673646E-07,-0.000247
5.4678646E-07,-0.000240
5.4683646E-07,-0.000234
5.4688646E-07,-0.000227
5.4693646E-07,-0.000220
5.4698646E-07,-0.000214
5.4703646E-07,-0.000207
5.4708646E-07,-0.000201
5.4713646E-07,-0.000195
5.4718646E-07,-0.000190
5.4723646E-07,-0.000185
5.4728646E-07,-0.000180
5.4733646E-07,-0.000177
5.4738646E-07,-0.000173
5.4743646E-07,-0.000171
5.4748646E-07,-0.000170
5.4753646E-07,-0.000169
5.4758646E-07,-0.000170
5.4763646E-07,-0.000171
5.4768646E-07,-0.000174
5.4773646E-07,-0.000177
5.4778646E-07,-0.000182
5.4783646E-07,-0.000188
5.4788646E-07,-0.000194
5.4793646E-07,-0.000202
5.4798646E-07,-0.000210
5.4803646E-07,-0.000219
5.4808646E-07,-0.000228
5.4813646E-07,-0.000238
5.4818646E-07,-0.000248
5.4823646E-07,-0.000259
5.4828646E-07,-0.000269
5.4833646E-07,-0.000280
5.4838646E-07,-0.000290
5.4843646E-07,-0.000300
5.4848646E-07,-0.000309
5.4853646E-07,-0.000319
5.4858646E-07,-0.000328
5.4863646E-07,-0.000337
5.4868646E-07,-0.000345
5.4873646E-07,-0.000353
5.4878646E-07,-0.000361
5.4883646E-07,-0.000369
5.4888646E-07,-0.000376
5.4893646E-07,-0.000384
5.4898646E-07,-0.000391
5.4903646E-07,-0.000398
5.4908646E-07,-0.000405
5.4913646E-07,-0.000413
5.4918646E-07,-0.000420
5.4923646E-07,-0.000427
5.4928646E-07,-0.000434
5.4933646E-07,-0.000441
5.4938646E-07,-0.000448
5.4943646E-07,-0.000454
5.4948646E-07,-0.000461
5.4953646E-07,-0.000467
5.4958646E-07,-0.000472
5.4963646E-07,-0.000477
5.4968646E-07,-0.000481
5.4973646E-07,-0.000484
5.4978646E-07,-0.000487
5.4983646E-07,-0.000489
5.4988646E-07,-0.000490
5.4993646E-07,-0.000491
5.4998646E-07,-0.000491
5.5003646E-07,-0.000490
5.5008646E-07,-0.000489
5.5013646E-07,-0.000487
5.5018646E-07,-0.000485
5.5023646E-07,-0.000482
5.5028646E-07,-0.000479
5.5033646E-07,-0.000475
5.5038646E-07,-0.000471
5.5043646E-07,-0.000467
5.5048646E-07,-0.000462
5.5053646E-07,-0.000458
5.5058646E-07,-0.000453
5.5063646E-07,-0.000448
5.5068646E-07,-0.000442
5.5073646E-07,-0.000437
5.5078646E-07,-0.000432
5.5083646E-07,-0.000426
5.5088646E-07,-0.000420
5.5093646E-07,-0.000415
5.5098646E-07,-0.000409
5.5103646E-07,-0.000403
5.5108646E-07,-0.000398
5.5113646E-07,-0.000392
5.5118646E-07,-0.000387
5.5123646E-07,-0.000381
5.5128646E-07,-0.000376
5.5133646E-07,-0.000371
5.5138646E-07,-0.000366
5.5143646E-07,-0.000361
5.5148646E-07,-0.000356
5.5153646E-07,-0.000352
5.5158646E-07,-0.000347
5.5163646E-07,-0.000342
5.5168646E-07,-0.000338
5.5173646E-07,-0.000333
5.5178646E-07,-0.000327
5.5183646E-07,-0.000322
5.5188646E-07,-0.000316
5.5193646E-07,-0.000309
5.5198646E-07,-0.000302
5.5203646E-07,-0.000295
5.5208646E-07,-0.000287
5.5213646E-07,-0.000278
5.5218646E-07,-0.000269
5.5223646E-07,-0.000260
5.5228646E-07,-0.000251
5.5233646E-07,-0.000241
5.5238646E-07,-0.000231
5.5243646E-07,-0.000221
5.5248646E-07,-0.000211
5.5253646E-07,-0.000201
5.5258646E-07,-0.000191
5.5263646E-07,-0.000182
5.5268646E-07,-0.000173
5.5273646E-07,-0.000164
5.5278646E-07,-0.000156
5.5283646E-07,-0.000149
5.5288646E-07,-0.000142
5.5293646E-07,-0.000135
5.5298646E-07,-0.000129
5.5303646E-07,-0.000124
5.5308646E-07,-0.000119
5.5313646E-07,-0.000115
5.5318646E-07,-0.000112
5.5323646E-07,-0.000109
5.5328646E-07,-0.000106
5.5333646E-07,-0.000104
5.5338646E-07,-0.000103
5.5343646E-07,-0.000102
5.5348646E-07,-0.000102
5.5353646E-07,-0.000102
5.5358646E-07,-0.000103
5.5363646E-07,-0.000104
5.5368646E-07,-0.000106
5.5373646E-07,-0.000109
5.5378646E-07,-0.000112
5.5383646E-07,-0.000116
5.5388646E-07,-0.000121
5.5393646E-07,-0.000126
5.5398646E-07,-0.000132
5.5403646E-07,-0.000139
5.5408646E-07,-0.000146
5.5413646E-07,-0.000154
5.5418646E-07,-0.000163
5.5423646E-07,-0.000172
5.5428646E-07,-0.000181
5.5433646E-07,-0.000191
5.5438646E-07,-0.000200
5.5443646E-07,-0.000210
5.5448646E-07,-0.000220
5.5453646E-07,-0.000230
5.5458646E-07,-0.000239
5.5463646E-07,-0.000249
5.5468646E-07,-0.000257
5.5473646E-07,-0.000265
5.5478646E-07,-0.000272
5.5483646E-07,-0.000278
5.5488646E-07,-0.000283
5.5493646E-07,-0.000287
5.5498646E-07,-0.000290
5.5503646E-07,-0.000291
5.5508646E-07,-0.000291
5.5513646E-07,-0.000290
5.5518646E-07,-0.000287
5.5523646E-07,-0.000283
5.5528646E-07,-0.000277
5.5533646E-07,-0.000270
5.5538646E-07,-0.000261
5.5543646E-07,-0.000252
5.5548646E-07,-0.000241
5.5553646E-07,-0.000230
5.5558646E-07,-0.000218
5.5563646E-07,-0.000205
5.5568646E-07,-0.000192
5.5573646E-07,-0.000179
5.5578646E-07,-0.000166
5.5583646E-07,-0.000153
5.5588646E-07,-0.000141
5.5593646E-07,-0.000129
5.5598646E-07,-0.000118
5.5603646E-07,-0.000107
5.5608646E-07,-0.000098
5.5613646E-07,-0.000090
5.5618646E-07,-0.000082
5.5623646E-07,-0.000076
5.5628646E-07,-0.000072
5.5633646E-07,-0.000068
5.5638646E-07,-0.000066
5.5643646E-07,-0.000065
5.5648646E-07,-0.000065
5.5653646E-07,-0.000067
5.5658646E-07,-0.000070
5.5663646E-07,-0.000073
5.5668646E-07,-0.000078
5.5673646E-07,-0.000084
5.5678646E-07,-0.000091
5.5683646E-07,-0.000099
5.5688646E-07,-0.000107
5.5693646E-07,-0.000116
5.5698646E-07,-0.000126
5.5703646E-07,-0.000135
5.5708646E-07,-0.000145
5.5713646E-07,-0.000155
5.5718646E-07,-0.000165
5.5723646E-07,-0.000174
5.5728646E-07,-0.000183
5.5733646E-07,-0.000191
5.5738646E-07,-0.000198
5.5743646E-07,-0.000204
5.5748646E-07,-0.000210
5.5753646E-07,-0.000213
5.5758646E-07,-0.000216
5.5763646E-07,-0.000217
5.5768646E-07,-0.000217
5.5773646E-07,-0.000215
5.5778646E-07,-0.000212
5.5783646E-07,-0.000207
5.5788646E-07,-0.000201
5.5793646E-07,-0.000195
5.5798646E-07,-0.000187
5.5803646E-07,-0.000178
5.5808646E-07,-0.000169
5.5813646E-07,-0.000159
5.5818646E-07,-0.000149
5.5823646E-07,-0.000138
5.5828646E-07,-0.000128
5.5833646E-07,-0.000118
5.5838646E-07,-0.000109
5.5843646E-07,-0.000100
5.5848646E-07,-0.000091
5.5853646E-07,-0.000083
5.5858646E-07,-0.000077
5.5863646E-07,-0.000071
5.5868646E-07,-0.000065
5.5873646E-07,-0.000061
5.5878646E-07,-0.000058
5.5883646E-07,-0.000056
5.5888646E-07,-0.000054
5.5893646E-07,-0.000053
5.5898646E-07,-0.000054
5.5903646E-07,-0.000054
5.5908646E-07,-0.000056
5.5913646E-07,-0.000058
5.5918646E-07,-0.000061
5.5923646E-07,-0.000064
5.5928646E-07,-0.000068
5.5933646E-07,-0.000072
5.5938646E-07,-0.000076
5.5943646E-07,-0.000081
5.5948646E-07,-0.000086
5.5953646E-07,-0.000091
5.5958646E-07,-0.000096
5.5963646E-07,-0.000101
5.5968646E-07,-0.000106
5.5973646E-07,-0.000112
5.5978646E-07,-0.000117
5.5983646E-07,-0.000122
5.5988646E-07,-0.000127
5.5993646E-07,-0.000133
5.5998646E-07,-0.000138
5.6003646E-07,-0.000144
5.6008646E-07,-0.000149
5.6013646E-07,-0.000155
5.6018646E-07,-0.000161
5.6023646E-07,-0.000168
5.6028646E-07,-0.000175
5.6033646E-07,-0.000182
5.6038646E-07,-0.000190
5.6043646E-07,-0.000199
5.6048646E-07,-0.000207
5.6053646E-07,-0.000217
5.6058646E-07,-0.000227
5.6063646E-07,-0.000237
5.6068646E-07,-0.000248
5.6073646E-07,-0.000259
5.6078646E-07,-0.000270
5.6083646E-07,-0.000281
5.6088646E-07,-0.000292
5.6093646E-07,-0.000303
5.6098646E-07,-0.000313
5.6103646E-07,-0.000323
5.6108646E-07,-0.000332
5.6113646E-07,-0.000339
5.6118646E-07,-0.000346
5.6123646E-07,-0.000351
5.6128646E-07,-0.000355
5.6133646E-07,-0.000357
5.6138646E-07,-0.000358
5.6143646E-07,-0.000356
5.6148646E-07,-0.000353
5.6153646E-07,-0.000348
5.6158646E-07,-0.000342
5.6163646E-07,-0.000334
5.6168646E-07,-0.000324
5.6173646E-07,-0.000313
5.6178646E-07,-0.000300
5.6183646E-07,-0.000287
5.6188646E-07,-0.000272
5.6193646E-07,-0.000257
5.6198646E-07,-0.000241
5.6203646E-07,-0.000225
5.6208646E-07,-0.000209
5.6213646E-07,-0.000192
5.6218646E-07,-0.000176
5.6223646E-07,-0.000160
5.6228646E-07,-0.000144
5.6233646E-07,-0.000128
5.6238646E-07,-0.000113
5.6243646E-07,-0.000098
5.6248646E-07,-0.000083
5.6253646E-07,-0.000069
5.6258646E-07,-0.000055
5.6263646E-07,-0.000041
5.6268646E-07,-0.000028
5.6273646E-07,-0.000015
5.6278646E-07,-0.000003
5.6283646E-07,0.000010
5.6288646E-07,0.000021
5.6293646E-07,0.000033
5.6298646E-07,0.000044
5.6303646E-07,0.000054
5.6308646E-07,0.000064
5.6313646E-07,0.000073
5.6318646E-07,0.000081
5.6323646E-07,0.000087
5.6328646E-07,0.000093
5.6333646E-07,0.000097
5.6338646E-07,0.000099
5.6343646E-07,0.000100
5.6348646E-07,0.000098
5.6353646E-07,0.000095
5.6358646E-07,0.000090
5.6363646E-07,0.000083
5.6368646E-07,0.000073
5.6373646E-07,0.000062
5.6378646E-07,0.000049
5.6383646E-07,0.000034
5.6388646E-07,0.000017
5.6393646E-07,-0.000001
5.6398646E-07,-0.000020
5.6403646E-07,-0.000039
5.6408646E-07,-0.000060
5.6413646E-07,-0.000080
5.6418646E-07,-0.000101
5.6423646E-07,-0.000121
5.6428646E-07,-0.000140
5.6433646E-07,-0.000159
5.6438646E-07,-0.000177
5.6443646E-07,-0.000194
5.6448646E-07,-0.000209
5.6453646E-07,-0.000223
5.6458646E-07,-0.000236
5.6463646E-07,-0.000247
5.6468646E-07,-0.000257
5.6473646E-07,-0.000265
5.6478646E-07,-0.000272
5.6483646E-07,-0.000278
5.6488646E-07,-0.000283
5.6493646E-07,-0.000287
5.6498646E-07,-0.000291
5.6503646E-07,-0.000293
5.6508646E-07,-0.000295
5.6513646E-07,-0.000296
5.6518646E-07,-0.000297
5.6523646E-07,-0.000297
5.6528646E-07,-0.000297
5.6533646E-07,-0.000297
5.6538646E-07,-0.000297
5.6543646E-07,-0.000296
5.6548646E-07,-0.000295
5.6553646E-07,-0.000294
5.6558646E-07,-0.000293
5.6563646E-07,-0.000291
5.6568646E-07,-0.000290
5.6573646E-07,-0.000288
5.6578646E-07,-0.000286
5.6583646E-07,-0.000283
5.6588646E-07,-0.000281
5.6593646E-07,-0.000279
5.6598646E-07,-0.000276
5.6603646E-07,-0.000273
5.6608646E-07,-0.000270
5.6613646E-07,-0.000267
5.6618646E-07,-0.000263
5.6623646E-07,-0.000260
5.6628646E-07,-0.000256
5.6633646E-07,-0.000253
5.6638646E-07,-0.000249
5.6643646E-07,-0.000245
5.6648646E-07,-0.000241
5.6653646E-07,-0.000237
5.6658646E-07,-0.000233
5.6663646E-07,-0.000229
5.6668646E-07,-0.000225
5.6673646E-07,-0.000221
5.6678646E-07,-0.000218
5.6683646E-07,-0.000215
5.6688646E-07,-0.000212
5.6693646E-07,-0.000209
5.6698646E-07,-0.000208
5.6703646E-07,-0.000207
5.6708646E-07,-0.000206
5.6713646E-07,-0.000207
5.6718646E-07,-0.000209
5.6723646E-07,-0.000212
5.6728646E-07,-0.000216
5.6733646E-07,-0.000221
5.6738646E-07,-0.000227
5.6743646E-07,-0.000235
5.6748646E-07,-0.000243
5.6753646E-07,-0.000253
5.6758646E-07,-0.000264
5.6763646E-07,-0.000275
5.6768646E-07,-0.000287
5.6773646E-07,-0.000300
5.6778646E-07,-0.000313
5.6783646E-07,-0.000327
5.6788646E-07,-0.000340
5.6793646E-07,-0.000353
5.6798646E-07,-0.000366
5.6803646E-07,-0.000378
5.6808646E-07,-0.000390
5.6813646E-07,-0.000401
5.6818646E-07,-0.000411
5.6823646E-07,-0.000421
5.6828646E-07,-0.000429
5.6833646E-07,-0.000436
5.6838646E-07,-0.000443
5.6843646E-07,-0.000448
5.6848646E-07,-0.000453
5.6853646E-07,-0.000457
5.6858646E-07,-0.000460
5.6863646E-07,-0.000462
5.6868646E-07,-0.000464
5.6873646E-07,-0.000465
5.6878646E-07,-0.000466
5.6883646E-07,-0.000466
5.6888646E-07,-0.000466
5.6893646E-07,-0.000466
5.6898646E-07,-0.000465
5.6903646E-07,-0.000464
5.6908646E-07,-0.000463
5.6913646E-07,-0.000461
5.6918646E-07,-0.000460
5.6923646E-07,-0.000457
5.6928646E-07,-0.000455
5.6933646E-07,-0.000452
5.6938646E-07,-0.000449
5.6943646E-07,-0.000445
5.6948646E-07,-0.000441
5.6953646E-07,-0.000437
5.6958646E-07,-0.000432
5.6963646E-07,-0.000427
5.6968646E-07,-0.000422
5.6973646E-07,-0.000417
5.6978646E-07,-0.000411
5.6983646E-07,-0.000406
5.6988646E-07,-0.000400
5.6993646E-07,-0.000395
5.6998646E-07,-0.000390
5.7003646E-07,-0.000385
5.7008646E-07,-0.000380
5.7013646E-07,-0.000376
5.7018646E-07,-0.000372
5.7023646E-07,-0.000368
5.7028646E-07,-0.000365
5.7033646E-07,-0.000362
5.7038646E-07,-0.000360
5.7043646E-07,-0.000357
5.7048646E-07,-0.000355
5.7053646E-07,-0.000353
5.7058646E-07,-0.000351
5.7063646E-07,-0.000348
5.7068646E-07,-0.000346
5.7073646E-07,-0.000343
5.7078646E-07,-0.000340
5.7083646E-07,-0.000337
5.7088646E-07,-0.000333
5.7093646E-07,-0.000330
5.7098646E-07,-0.000326
5.7103646E-07,-0.000322
5.7108646E-07,-0.000318
5.7113646E-07,-0.000314
5.7118646E-07,-0.000310
5.7123646E-07,-0.000307
5.7128646E-07,-0.000304
5.7133646E-07,-0.000301
5.7138646E-07,-0.000299
5.7143646E-07,-0.000298
5.7148646E-07,-0.000297
5.7153646E-07,-0.000297
5.7158646E-07,-0.000297
5.7163646E-07,-0.000298
5.7168646E-07,-0.000299
5.7173646E-07,-0.000300
5.7178646E-07,-0.000301
5.7183646E-07,-0.000302
5.7188646E-07,-0.000303
5.7193646E-07,-0.000304
5.7198646E-07,-0.000303
5.7203646E-07,-0.000302
5.7208646E-07,-0.000300
5.7213646E-07,-0.000296
5.7218646E-07,-0.000291
5.7223646E-07,-0.000285
5.7228646E-07,-0.000277
5.7233646E-07,-0.000268
5.7238646E-07,-0.000258
5.7243646E-07,-0.000246
5.7248646E-07,-0.000233
5.7253646E-07,-0.000219
5.7258646E-07,-0.000205
5.7263646E-07,-0.000190
5.7268646E-07,-0.000174
5.7273646E-07,-0.000159
5.7278646E-07,-0.000144
5.7283646E-07,-0.000129
5.7288646E-07,-0.000115
5.7293646E-07,-0.000102
5.7298646E-07,-0.000090
5.7303646E-07,-0.000080
5.7308646E-07,-0.000070
5.7313646E-07,-0.000063
5.7318646E-07,-0.000056
5.7323646E-07,-0.000052
5.7328646E-07,-0.000049
5.7333646E-07,-0.000047
5.7338646E-07,-0.000047
5.7343646E-07,-0.000048
5.7348646E-07,-0.000051
5.7353646E-07,-0.000055
5.7358646E-07,-0.000060
5.7363646E-07,-0.000065
5.7368646E-07,-0.000072
5.7373646E-07,-0.000079
5.7378646E-07,-0.000087
5.7383646E-07,-0.000095
5.7388646E-07,-0.000103
5.7393646E-07,-0.000112
5.7398646E-07,-0.000120
5.7403646E-07,-0.000129
5.7408646E-07,-0.000137
5.7413646E-07,-0.000145
5.7418646E-07,-0.000152
5.7423646E-07,-0.000160
5.7428646E-07,-0.000166
5.7433646E-07,-0.000172
5.7438646E-07,-0.000178
5.7443646E-07,-0.000182
5.7448646E-07,-0.000186
5.7453646E-07,-0.000189
5.7458646E-07,-0.000190
5.7463646E-07,-0.000191
5.7468646E-07,-0.000191
5.7473646E-07,-0.000189
5.7478646E-07,-0.000186
5.7483646E-07,-0.000182
5.7488646E-07,-0.000176
5.7493646E-07,-0.000169
5.7498646E-07,-0.000161
5.7503646E-07,-0.000152
5.7508646E-07,-0.000141
5.7513646E-07,-0.000130
5.7518646E-07,-0.000117
5.7523646E-07,-0.000104
5.7528646E-07,-0.000090
5.7533646E-07,-0.000076
5.7538646E-07,-0.000061
5.7543646E-07,-0.000046
5.7548646E-07,-0.000032
5.7553646E-07,-0.000017
5.7558646E-07,-0.000003
5.7563646E-07,0.000011
5.7568646E-07,0.000023
5.7573646E-07,0.000036
5.7578646E-07,0.000047
5.7583646E-07,0.000057
5.7588646E-07,0.000067
5.7593646E-07,0.000075
5.7598646E-07,0.000083
5.7603646E-07,0.000090
5.7608646E-07,0.000095
5.7613646E-07,0.000100
5.7618646E-07,0.000104
5.7623646E-07,0.000107
5.7628646E-07,0.000109
5.7633646E-07,0.000110
5.7638646E-07,0.000111
5.7643646E-07,0.000112
5.7648646E-07,0.000111
5.7653646E-07,0.000111
5.7658646E-07,0.000110
5.7663646E-07,0.000108
5.7668646E-07,0.000107
5.7673646E-07,0.000104
5.7678646E-07,0.000102
5.7683646E-07,0.000099
5.7688646E-07,0.000096
5.7693646E-07,0.000092
5.7698646E-07,0.000088
5.7703646E-07,0.000084
5.7708646E-07,0.000079
5.7713646E-07,0.000073
5.7718646E-07,0.000067
5.7723646E-07,0.000060
5.7728646E-07,0.000052
5.7733646E-07,0.000044
5.7738646E-07,0.000035
5.7743646E-07,0.000025
5.7748646E-07,0.000014
5.7753646E-07,0.000003
5.7758646E-07,-0.000009
5.7763646E-07,-0.000021
5.7768646E-07,-0.000034
5.7773646E-07,-0.000047
5.7778646E-07,-0.000061
5.7783646E-07,-0.000074
5.7788646E-07,-0.000088
5.7793646E-07,-0.000101
5.7798646E-07,-0.000114
5.7803646E-07,-0.000126
5.7808646E-07,-0.000138
5.7813646E-07,-0.000149
5.7818646E-07,-0.000159
5.7823646E-07,-0.000168
5.7828646E-07,-0.000176
5.7833646E-07,-0.000182
5.7838646E-07,-0.000187
5.7843646E-07,-0.000191
5.7848646E-07,-0.000194
5.7853646E-07,-0.000195
5.7858646E-07,-0.000194
5.7863646E-07,-0.000192
5.7868646E-07,-0.000189
5.7873646E-07,-0.000185
5.7878646E-07,-0.000180
5.7883646E-07,-0.000173
5.7888646E-07,-0.000165
5.7893646E-07,-0.000157
5.7898646E-07,-0.000148
5.7903646E-07,-0.000138
5.7908646E-07,-0.000128
5.7913646E-07,-0.000118
5.7918646E-07,-0.000108
5.7923646E-07,-0.000098
5.7928646E-07,-0.000088
5.7933646E-07,-0.000079
5.7938646E-07,-0.000070
5.7943646E-07,-0.000062
5.7948646E-07,-0.000056
5.7953646E-07,-0.000050
5.7958646E-07,-0.000045
5.7963646E-07,-0.000042
5.7968646E-07,-0.000040
5.7973646E-07,-0.000038
5.7978646E-07,-0.000038
5.7983646E-07,-0.000039
5.7988646E-07,-0.000041
5.7993646E-07,-0.000044
5.7998646E-07,-0.000048
5.8003646E-07,-0.000052
5.8008646E-07,-0.000056
5.8013646E-07,-0.000061
5.8018646E-07,-0.000066
5.8023646E-07,-0.000071
5.8028646E-07,-0.000076
5.8033646E-07,-0.000081
5.8038646E-07,-0.000086
5.8043646E-07,-0.000091
5.8048646E-07,-0.000095
5.8053646E-07,-0.000099
5.8058646E-07,-0.000103
5.8063646E-07,-0.000106
5.8068646E-07,-0.000109
5.8073646E-07,-0.000112
5.8078646E-07,-0.000114
5.8083646E-07,-0.000116
5.8088646E-07,-0.000118
5.8093646E-07,-0.000118
5.8098646E-07,-0.000118
5.8103646E-07,-0.000118
5.8108646E-07,-0.000116
5.8113646E-07,-0.000113
5.8118646E-07,-0.000109
5.8123646E-07,-0.000104
5.8128646E-07,-0.000098
5.8133646E-07,-0.000090
5.8138646E-07,-0.000080
5.8143646E-07,-0.000070
5.8148646E-07,-0.000057
5.8153646E-07,-0.000044
5.8158646E-07,-0.000029
5.8163646E-07,-0.000013
5.8168646E-07,0.000004
5.8173646E-07,0.000021
5.8178646E-07,0.000039
5.8183646E-07,0.000057
5.8188646E-07,0.000075
5.8193646E-07,0.000092
5.8198646E-07,0.000108
5.8203646E-07,0.000124
5.8208646E-07,0.000138
5.8213646E-07,0.000151
5.8218646E-07,0.000162
5.8223646E-07,0.000172
5.8228646E-07,0.000179
5.8233646E-07,0.000185
5.8238646E-07,0.000189
5.8243646E-07,0.000191
5.8248646E-07,0.000191
5.8253646E-07,0.000190
5.8258646E-07,0.000187
5.8263646E-07,0.000183
5.8268646E-07,0.000178
5.8273646E-07,0.000171
5.8278646E-07,0.000164
5.8283646E-07,0.000155
5.8288646E-07,0.000146
5.8293646E-07,0.000137
5.8298646E-07,0.000127
5.8303646E-07,0.000117
5.8308646E-07,0.000106
5.8313646E-07,0.000096
5.8318646E-07,0.000085
5.8323646E-07,0.000075
5.8328646E-07,0.000065
5.8333646E-07,0.000055
5.8338646E-07,0.000045
5.8343646E-07,0.000036
5.8348646E-07,0.000027
5.8353646E-07,0.000019
5.8358646E-07,0.000011
5.8363646E-07,0.000004
5.8368646E-07,-0.000003
5.8373646E-07,-0.000008
5.8378646E-07,-0.000014
5.8383646E-07,-0.000018
5.8388646E-07,-0.000022
5.8393646E-07,-0.000026
5.8398646E-07,-0.000029
5.8403646E-07,-0.000032
5.8408646E-07,-0.000035
5.8413646E-07,-0.000037
5.8418646E-07,-0.000040
5.8423646E-07,-0.000043
5.8428646E-07,-0.000046
5.8433646E-07,-0.000050
5.8438646E-07,-0.000054
5.8443646E-07,-0.000059
5.8448646E-07,-0.000064
5.8453646E-07,-0.000070
5.8458646E-07,-0.000077
5.8463646E-07,-0.000084
5.8468646E-07,-0.000092
5.8473646E-07,-0.000100
5.8478646E-07,-0.000108
5.8483646E-07,-0.000116
5.8488646E-07,-0.000125
5.8493646E-07,-0.000133
5.8498646E-07,-0.000140
5.8503646E-07,-0.000147
5.8508646E-07,-0.000153
5.8513646E-07,-0.000158
5.8518646E-07,-0.000161
5.8523646E-07,-0.000164
5.8528646E-07,-0.000165
5.8533646E-07,-0.000165
5.8538646E-07,-0.000164
5.8543646E-07,-0.000162
5.8548646E-07,-0.000158
5.8553646E-07,-0.000154
5.8558646E-07,-0.000149
5.8563646E-07,-0.000144
5.8568646E-07,-0.000138
5.8573646E-07,-0.000132
5.8578646E-07,-0.000127
5.8583646E-07,-0.000121
5.8588646E-07,-0.000117
5.8593646E-07,-0.000113
5.8598646E-07,-0.000110
5.8603646E-07,-0.000109
5.8608646E-07,-0.000108
5.8613646E-07,-0.000109
5.8618646E-07,-0.000111
5.8623646E-07,-0.000114
5.8628646E-07,-0.000118
5.8633646E-07,-0.000123
5.8638646E-07,-0.000129
5.8643646E-07,-0.000135
5.8648646E-07,-0.000142
5.8653646E-07,-0.000148
5.8658646E-07,-0.000154
5.8663646E-07,-0.000160
5.8668646E-07,-0.000165
5.8673646E-07,-0.000169
5.8678646E-07,-0.000172
5.8683646E-07,-0.000174
5.8688646E-07,-0.000174
5.8693646E-07,-0.000173
5.8698646E-07,-0.000170
5.8703646E-07,-0.000165
5.8708646E-07,-0.000159
5.8713646E-07,-0.000151
5.8718646E-07,-0.000142
5.8723646E-07,-0.000132
5.8728646E-07,-0.000120
5.8733646E-07,-0.000108
5.8738646E-07,-0.000094
5.8743646E-07,-0.000081
5.8748646E-07,-0.000067
5.8753646E-07,-0.000053
5.8758646E-07,-0.000038
5.8763646E-07,-0.000024
5.8768646E-07,-0.000011
5.8773646E-07,0.000002
5.8778646E-07,0.000015
5.8783646E-07,0.000027
5.8788646E-07,0.000038
5.8793646E-07,0.000048
5.8798646E-07,0.000058
5.8803646E-07,0.000066
5.8808646E-07,0.000074
5.8813646E-07,0.000080
5.8818646E-07,0.000086
5.8823646E-07,0.000090
5.8828646E-07,0.000094
5.8833646E-07,0.000096
5.8838646E-07,0.000097
5.8843646E-07,0.000097
5.8848646E-07,0.000096
5.8853646E-07,0.000093
5.8858646E-07,0.000089
5.8863646E-07,0.000083
5.8868646E-07,0.000076
5.8873646E-07,0.000068
5.8878646E-07,0.000059
5.8883646E-07,0.000048
5.8888646E-07,0.000036
5.8893646E-07,0.000022
5.8898646E-07,0.000008
5.8903646E-07,-0.000007
5.8908646E-07,-0.000023
5.8913646E-07,-0.000039
5.8918646E-07,-0.000055
5.8923646E-07,-0.000072
5.8928646E-07,-0.000088
5.8933646E-07,-0.000105
5.8938646E-07,-0.000120
5.8943646E-07,-0.000136
5.8948646E-07,-0.000150
5.8953646E-07,-0.000163
5.8958646E-07,-0.000176
5.8963646E-07,-0.000188
5.8968646E-07,-0.000198
5.8973646E-07,-0.000207
5.8978646E-07,-0.000216
5.8983646E-07,-0.000223
5.8988646E-07,-0.000230
5.8993646E-07,-0.000235
5.8998646E-07,-0.000240
5.9003646E-07,-0.000244
5.9008646E-07,-0.000247
5.9013646E-07,-0.000249
5.9018646E-07,-0.000251
5.9023646E-07,-0.000252
5.9028646E-07,-0.000253
5.9033646E-07,-0.000253
5.9038646E-07,-0.000253
5.9043646E-07,-0.000252
5.9048646E-07,-0.000250
5.9053646E-07,-0.000248
5.9058646E-07,-0.000246
5.9063646E-07,-0.000243
5.9068646E-07,-0.000239
5.9073646E-07,-0.000235
5.9078646E-07,-0.000231
5.9083646E-07,-0.000226
5.9088646E-07,-0.000221
5.9093646E-07,-0.000216
5.9098646E-07,-0.000210
5.9103646E-07,-0.000205
5.9108646E-07,-0.000199
5.9113646E-07,-0.000194
5.9118646E-07,-0.000189
5.9123646E-07,-0.000183
5.9128646E-07,-0.000178
5.9133646E-07,-0.000174
5.9138646E-07,-0.000169
5.9143646E-07,-0.000165
5.9148646E-07,-0.000161
5.9153646E-07,-0.000157
5.9158646E-07,-0.000153
5.9163646E-07,-0.000150
5.9168646E-07,-0.000146
5.9173646E-07,-0.000142
5.9178646E-07,-0.000138
5.9183646E-07,-0.000134
5.9188646E-07,-0.000130
5.9193646E-07,-0.000126
5.9198646E-07,-0.000121
5.9203646E-07,-0.000117
5.9208646E-07,-0.000112
5.9213646E-07,-0.000107
5.9218646E-07,-0.000102
5.9223646E-07,-0.000098
5.9228646E-07,-0.000093
5.9233646E-07,-0.000089
5.9238646E-07,-0.000085
5.9243646E-07,-0.000081
5.9248646E-07,-0.000077
5.9253646E-07,-0.000074
5.9258646E-07,-0.000071
5.9263646E-07,-0.000068
5.9268646E-07,-0.000065
5.9273646E-07,-0.000063
5.9278646E-07,-0.000061
5.9283646E-07,-0.000059
5.9288646E-07,-0.000056
5.9293646E-07,-0.000054
5.9298646E-07,-0.000051
5.9303646E-07,-0.000048
5.9308646E-07,-0.000045
5.9313646E-07,-0.000042
5.9318646E-07,-0.000038
5.9323646E-07,-0.000034
5.9328646E-07,-0.000030
5.9333646E-07,-0.000026
5.9338646E-07,-0.000022
5.9343646E-07,-0.000017
5.9348646E-07,-0.000012
5.9353646E-07,-0.000008
5.9358646E-07,-0.000003
5.9363646E-07,0.000001
5.9368646E-07,0.000005
5.9373646E-07,0.000009
5.9378646E-07,0.000013
5.9383646E-07,0.000016
5.9388646E-07,0.000019
5.9393646E-07,0.000022
5.9398646E-07,0.000025
5.9403646E-07,0.000027
5.9408646E-07,0.000029
5.9413646E-07,0.000030
5.9418646E-07,0.000031
5.9423646E-07,0.000032
5.9428646E-07,0.000033
5.9433646E-07,0.000034
5.9438646E-07,0.000034
5.9443646E-07,0.000034
5.9448646E-07,0.000033
5.9453646E-07,0.000033
5.9458646E-07,0.000032
5.9463646E-07,0.000030
5.9468646E-07,0.000029
5.9473646E-07,0.000027
5.9478646E-07,0.000025
5.9483646E-07,0.000023
5.9488646E-07,0.000021
5.9493646E-07,0.000019
5.9498646E-07,0.000018
5.9503646E-07,0.000016
5.9508646E-07,0.000015
5.9513646E-07,0.000014
5.9518646E-07,0.000013
5.9523646E-07,0.000013
5.9528646E-07,0.000014
5.9533646E-07,0.000016
5.9538646E-07,0.000018
5.9543646E-07,0.000021
5.9548646E-07,0.000024
5.9553646E-07,0.000029
5.9558646E-07,0.000034
5.9563646E-07,0.000039
5.9568646E-07,0.000046
5.9573646E-07,0.000052
5.9578646E-07,0.000060
5.9583646E-07,0.000067
5.9588646E-07,0.000075
5.9593646E-07,0.000082
5.9598646E-07,0.000090
5.9603646E-07,0.000097
5.9608646E-07,0.000104
5.9613646E-07,0.000111
5.9618646E-07,0.000117
5.9623646E-07,0.000122
5.9628646E-07,0.000127
5.9633646E-07,0.000130
5.9638646E-07,0.000132
5.9643646E-07,0.000134
5.9648646E-07,0.000134
5.9653646E-07,0.000132
5.9658646E-07,0.000129
5.9663646E-07,0.000125
5.9668646E-07,0.000119
5.9673646E-07,0.000112
5.9678646E-07,0.000104
5.9683646E-07,0.000094
5.9688646E-07,0.000083
5.9693646E-07,0.000070
5.9698646E-07,0.000057
5.9703646E-07,0.000042
5.9708646E-07,0.000027
5.9713646E-07,0.000011
5.9718646E-07,-0.000005
5.9723646E-07,-0.000022
5.9728646E-07,-0.000039
5.9733646E-07,-0.000056
5.9738646E-07,-0.000073
5.9743646E-07,-0.000090
5.9748646E-07,-0.000107
5.9753646E-07,-0.000124
5.9758646E-07,-0.000140
5.9763646E-07,-0.000156
5.9768646E-07,-0.000173
5.9773646E-07,-0.000189
5.9778646E-07,-0.000205
5.9783646E-07,-0.000221
5.9788646E-07,-0.000237
5.9793646E-07,-0.000254
5.9798646E-07,-0.000270
5.9803646E-07,-0.000287
5.9808646E-07,-0.000303
5.9813646E-07,-0.000319
5.9818646E-07,-0.000335
5.9823646E-07,-0.000351
5.9828646E-07,-0.000366
5.9833646E-07,-0.000381
5.9838646E-07,-0.000394
5.9843646E-07,-0.000406
5.9848646E-07,-0.000417
5.9853646E-07,-0.000427
5.9858646E-07,-0.000434
5.9863646E-07,-0.000440
5.9868646E-07,-0.000443
5.9873646E-07,-0.000444
5.9878646E-07,-0.000443
5.9883646E-07,-0.000440
5.9888646E-07,-0.000435
5.9893646E-07,-0.000427
5.9898646E-07,-0.000418
5.9903646E-07,-0.000407
5.9908646E-07,-0.000394
5.9913646E-07,-0.000380
5.9918646E-07,-0.000364
5.9923646E-07,-0.000348
5.9928646E-07,-0.000331
5.9933646E-07,-0.000313
5.9938646E-07,-0.000296
5.9943646E-07,-0.000278
5.9948646E-07,-0.000260
5.9953646E-07,-0.000243
5.9958646E-07,-0.000226
5.9963646E-07,-0.000210
5.9968646E-07,-0.000195
5.9973646E-07,-0.000180
5.9978646E-07,-0.000166
5.9983646E-07,-0.000153
5.9988646E-07,-0.000140
5.9993646E-07,-0.000129
5.9998646E-07,-0.000118
6.0003646E-07,-0.000107
6.0008646E-07,-0.000097
6.0013646E-07,-0.000088
6.0018646E-07,-0.000079
6.0023646E-07,-0.000070
6.0028646E-07,-0.000062
6.0033646E-07,-0.000054
6.0038646E-07,-0.000046
6.0043646E-07,-0.000037
6.0048646E-07,-0.000029
6.0053646E-07,-0.000021
6.0058646E-07,-0.000013
6.0063646E-07,-0.000005
6.0068646E-07,0.000004
6.0073646E-07,0.000012
6.0078646E-07,0.000021
6.0083646E-07,0.000029
6.0088646E-07,0.000038
6.0093646E-07,0.000046
6.0098646E-07,0.000055
6.0103646E-07,0.000063
6.0108646E-07,0.000071
6.0113646E-07,0.000078
6.0118646E-07,0.000086
6.0123646E-07,0.000092
6.0128646E-07,0.000099
6.0133646E-07,0.000104
6.0138646E-07,0.000110
6.0143646E-07,0.000114
6.0148646E-07,0.000118
6.0153646E-07,0.000121
6.0158646E-07,0.000123
6.0163646E-07,0.000125
6.0168646E-07,0.000125
6.0173646E-07,0.000125
6.0178646E-07,0.000125
6.0183646E-07,0.000123
6.0188646E-07,0.000121
6.0193646E-07,0.000118
6.0198646E-07,0.000115
6.0203646E-07,0.000111
6.0208646E-07,0.000106
6.0213646E-07,0.000101
6.0218646E-07,0.000096
6.0223646E-07,0.000090
6.0228646E-07,0.000084
6.0233646E-07,0.000077
6.0238646E-07,0.000071
6.0243646E-07,0.000064
6.0248646E-07,0.000057
6.0253646E-07,0.000051
6.0258646E-07,0.000044
6.0263646E-07,0.000038
6.0268646E-07,0.000031
6.0273646E-07,0.000025
6.0278646E-07,0.000020
6.0283646E-07,0.000014
6.0288646E-07,0.000010
6.0293646E-07,0.000005
6.0298646E-07,0.000002
6.0303646E-07,-0.000002
6.0308646E-07,-0.000004
6.0313646E-07,-0.000006
6.0318646E-07,-0.000008
6.0323646E-07,-0.000009
6.0328646E-07,-0.000009
6.0333646E-07,-0.000009
6.0338646E-07,-0.000008
6.0343646E-07,-0.000007
6.0348646E-07,-0.000006
6.0353646E-07,-0.000005
6.0358646E-07,-0.000003
6.0363646E-07,-0.000001
6.0368646E-07,0.000001
6.0373646E-07,0.000004
6.0378646E-07,0.000006
6.0383646E-07,0.000009
6.0388646E-07,0.000011
6.0393646E-07,0.000014
6.0398646E-07,0.000016
6.0403646E-07,0.000019
6.0408646E-07,0.000021
6.0413646E-07,0.000024
6.0418646E-07,0.000026
6.0423646E-07,0.000028
6.0428646E-07,0.000030
6.0433646E-07,0.000032
6.0438646E-07,0.000033
6.0443646E-07,0.000034
6.0448646E-07,0.000034
6.0453646E-07,0.000034
6.0458646E-07,0.000034
6.0463646E-07,0.000032
6.0468646E-07,0.000031
6.0473646E-07,0.000028
6.0478646E-07,0.000025
6.0483646E-07,0.000022
6.0488646E-07,0.000018
6.0493646E-07,0.000014
6.0498646E-07,0.000010
6.0503646E-07,0.000006
6.0508646E-07,0.000002
6.0513646E-07,-0.000002
6.0518646E-07,-0.000005
6.0523646E-07,-0.000008
6.0528646E-07,-0.000010
6.0533646E-07,-0.000011
6.0538646E-07,-0.000011
6.0543646E-07,-0.000011
6.0548646E-07,-0.000009
6.0553646E-07,-0.000007
6.0558646E-07,-0.000003
6.0563646E-07,0.000001
6.0568646E-07,0.000006
6.0573646E-07,0.000011
6.0578646E-07,0.000017
6.0583646E-07,0.000023
6.0588646E-07,0.000028
6.0593646E-07,0.000034
6.0598646E-07,0.000039
6.0603646E-07,0.000044
6.0608646E-07,0.000048
6.0613646E-07,0.000050
6.0618646E-07,0.000052
6.0623646E-07,0.000053
6.0628646E-07,0.000053
6.0633646E-07,0.000052
6.0638646E-07,0.000049
6.0643646E-07,0.000045
6.0648646E-07,0.000040
6.0653646E-07,0.000034
6.0658646E-07,0.000027
6.0663646E-07,0.000019
6.0668646E-07,0.000009
6.0673646E-07,-0.000001
6.0678646E-07,-0.000012
6.0683646E-07,-0.000024
6.0688646E-07,-0.000037
6.0693646E-07,-0.000050
6.0698646E-07,-0.000064
6.0703646E-07,-0.000078
6.0708646E-07,-0.000093
6.0713646E-07,-0.000107
6.0718646E-07,-0.000122
6.0723646E-07,-0.000137
6.0728646E-07,-0.000151
6.0733646E-07,-0.000165
6.0738646E-07,-0.000177
6.0743646E-07,-0.000189
6.0748646E-07,-0.000200
6.0753646E-07,-0.000210
6.0758646E-07,-0.000218
6.0763646E-07,-0.000224
6.0768646E-07,-0.000229
6.0773646E-07,-0.000231
6.0778646E-07,-0.000232
6.0783646E-07,-0.000231
6.0788646E-07,-0.000228
6.0793646E-07,-0.000223
6.0798646E-07,-0.000216
6.0803646E-07,-0.000208
6.0808646E-07,-0.000198
6.0813646E-07,-0.000188
6.0818646E-07,-0.000176
6.0823646E-07,-0.000164
6.0828646E-07,-0.000152
6.0833646E-07,-0.000140
6.0838646E-07,-0.000128
6.0843646E-07,-0.000116
6.0848646E-07,-0.000105
6.0853646E-07,-0.000094
6.0858646E-07,-0.000085
6.0863646E-07,-0.000076
6.0868646E-07,-0.000069
6.0873646E-07,-0.000063
6.0878646E-07,-0.000057
6.0883646E-07,-0.000053
6.0888646E-07,-0.000050
6.0893646E-07,-0.000048
6.0898646E-07,-0.000046
6.0903646E-07,-0.000046
6.0908646E-07,-0.000046
6.0913646E-07,-0.000046
6.0918646E-07,-0.000047
6.0923646E-07,-0.000049
6.0928646E-07,-0.000050
6.0933646E-07,-0.000052
6.0938646E-07,-0.000054
6.0943646E-07,-0.000056
6.0948646E-07,-0.000059
6.0953646E-07,-0.000061
6.0958646E-07,-0.000063
6.0963646E-07,-0.000065
6.0968646E-07,-0.000067
6.0973646E-07,-0.000069
6.0978646E-07,-0.000071
6.0983646E-07,-0.000072
6.0988646E-07,-0.000073
6.0993646E-07,-0.000074
6.0998646E-07,-0.000075
6.1003646E-07,-0.000075
6.1008646E-07,-0.000074
6.1013646E-07,-0.000073
6.1018646E-07,-0.000071
6.1023646E-07,-0.000069
6.1028646E-07,-0.000066
6.1033646E-07,-0.000063
6.1038646E-07,-0.000058
6.1043646E-07,-0.000053
6.1048646E-07,-0.000047
6.1053646E-07,-0.000040
6.1058646E-07,-0.000033
6.1063646E-07,-0.000025
6.1068646E-07,-0.000016
6.1073646E-07,-0.000006
6.1078646E-07,0.000005
6.1083646E-07,0.000016
6.1088646E-07,0.000028
6.1093646E-07,0.000040
6.1098646E-07,0.000053
6.1103646E-07,0.000066
6.1108646E-07,0.000080
6.1113646E-07,0.000094
6.1118646E-07,0.000107
6.1123646E-07,0.000121
6.1128646E-07,0.000134
6.1133646E-07,0.000147
6.1138646E-07,0.000159
6.1143646E-07,0.000170
6.1148646E-07,0.000181
6.1153646E-07,0.000190
6.1158646E-07,0.000199
6.1163646E-07,0.000206
6.1168646E-07,0.000211
6.1173646E-07,0.000215
6.1178646E-07,0.000218
6.1183646E-07,0.000219
6.1188646E-07,0.000219
6.1193646E-07,0.000217
6.1198646E-07,0.000213
6.1203646E-07,0.000208
6.1208646E-07,0.000202
6.1213646E-07,0.000194
6.1218646E-07,0.000185
6.1223646E-07,0.000175
6.1228646E-07,0.000163
6.1233646E-07,0.000151
6.1238646E-07,0.000137
6.1243646E-07,0.000123
6.1248646E-07,0.000108
6.1253646E-07,0.000092
6.1258646E-07,0.000076
6.1263646E-07,0.000058
6.1268646E-07,0.000041
6.1273646E-07,0.000023
6.1278646E-07,0.000005
6.1283646E-07,-0.000014
6.1288646E-07,-0.000032
6.1293646E-07,-0.000050
6.1298646E-07,-0.000068
6.1303646E-07,-0.000085
6.1308646E-07,-0.000101
6.1313646E-07,-0.000117
6.1318646E-07,-0.000131
6.1323646E-07,-0.000144
6.1328646E-07,-0.000155
6.1333646E-07,-0.000164
6.1338646E-07,-0.000172
6.1343646E-07,-0.000178
6.1348646E-07,-0.000182
6.1353646E-07,-0.000184
6.1358646E-07,-0.000184
6.1363646E-07,-0.000182
6.1368646E-07,-0.000178
6.1373646E-07,-0.000172
6.1378646E-07,-0.000164
6.1383646E-07,-0.000155
6.1388646E-07,-0.000145
6.1393646E-07,-0.000133
6.1398646E-07,-0.000120
6.1403646E-07,-0.000106
6.1408646E-07,-0.000091
6.1413646E-07,-0.000076
6.1418646E-07,-0.000060
6.1423646E-07,-0.000044
6.1428646E-07,-0.000027
6.1433646E-07,-0.000010
6.1438646E-07,0.000007
6.1443646E-07,0.000024
6.1448646E-07,0.000041
6.1453646E-07,0.000058
6.1458646E-07,0.000075
6.1463646E-07,0.000092
6.1468646E-07,0.000108
6.1473646E-07,0.000123
6.1478646E-07,0.000138
6.1483646E-07,0.000152
6.1488646E-07,0.000164
6.1493646E-07,0.000176
6.1498646E-07,0.000185
6.1503646E-07,0.000193
6.1508646E-07,0.000200
6.1513646E-07,0.000203
6.1518646E-07,0.000205
6.1523646E-07,0.000204
6.1528646E-07,0.000201
6.1533646E-07,0.000195
6.1538646E-07,0.000187
6.1543646E-07,0.000176
6.1548646E-07,0.000163
6.1553646E-07,0.000147
6.1558646E-07,0.000129
6.1563646E-07,0.000109
6.1568646E-07,0.000088
6.1573646E-07,0.000065
6.1578646E-07,0.000041
6.1583646E-07,0.000016
6.1588646E-07,-0.000010
6.1593646E-07,-0.000036
6.1598646E-07,-0.000062
6.1603646E-07,-0.000088
6.1608646E-07,-0.000113
6.1613646E-07,-0.000137
6.1618646E-07,-0.000160
6.1623646E-07,-0.000183
6.1628646E-07,-0.000203
6.1633646E-07,-0.000223
6.1638646E-07,-0.000240
6.1643646E-07,-0.000256
6.1648646E-07,-0.000270
6.1653646E-07,-0.000283
6.1658646E-07,-0.000293
6.1663646E-07,-0.000302
6.1668646E-07,-0.000308
6.1673646E-07,-0.000313
6.1678646E-07,-0.000316
6.1683646E-07,-0.000317
6.1688646E-07,-0.000317
6.1693646E-07,-0.000316
6.1698646E-07,-0.000313
6.1703646E-07,-0.000309
6.1708646E-07,-0.000304
6.1713646E-07,-0.000299
6.1718646E-07,-0.000293
6.1723646E-07,-0.000287
6.1728646E-07,-0.000281
6.1733646E-07,-0.000276
6.1738646E-07,-0.000271
6.1743646E-07,-0.000266
6.1748646E-07,-0.000263
6.1753646E-07,-0.000260
6.1758646E-07,-0.000259
6.1763646E-07,-0.000258
6.1768646E-07,-0.000259
6.1773646E-07,-0.000261
6.1778646E-07,-0.000263
6.1783646E-07,-0.000267
6.1788646E-07,-0.000272
6.1793646E-07,-0.000277
6.1798646E-07,-0.000282
6.1803646E-07,-0.000288
6.1808646E-07,-0.000294
6.1813646E-07,-0.000300
6.1818646E-07,-0.000305
6.1823646E-07,-0.000310
6.1828646E-07,-0.000313
6.1833646E-07,-0.000316
6.1838646E-07,-0.000317
6.1843646E-07,-0.000317
6.1848646E-07,-0.000316
6.1853646E-07,-0.000312
6.1858646E-07,-0.000307
6.1863646E-07,-0.000301
6.1868646E-07,-0.000293
6.1873646E-07,-0.000283
6.1878646E-07,-0.000271
6.1883646E-07,-0.000258
6.1888646E-07,-0.000244
6.1893646E-07,-0.000229
6.1898646E-07,-0.000213
6.1903646E-07,-0.000196
6.1908646E-07,-0.000179
6.1913646E-07,-0.000162
6.1918646E-07,-0.000145
6.1923646E-07,-0.000128
6.1928646E-07,-0.000112
6.1933646E-07,-0.000097
6.1938646E-07,-0.000083
6.1943646E-07,-0.000071
6.1948646E-07,-0.000060
6.1953646E-07,-0.000051
6.1958646E-07,-0.000044
6.1963646E-07,-0.000038
6.1968646E-07,-0.000035
6.1973646E-07,-0.000033
6.1978646E-07,-0.000034
6.1983646E-07,-0.000036
6.1988646E-07,-0.000039
6.1993646E-07,-0.000044
6.1998646E-07,-0.000051
6.2003646E-07,-0.000058
6.2008646E-07,-0.000066
6.2013646E-07,-0.000075
6.2018646E-07,-0.000084
6.2023646E-07,-0.000093
6.2028646E-07,-0.000102
6.2033646E-07,-0.000110
6.2038646E-07,-0.000118
6.2043646E-07,-0.000126
6.2048646E-07,-0.000132
6.2053646E-07,-0.000138
6.2058646E-07,-0.000143
6.2063646E-07,-0.000147
6.2068646E-07,-0.000150
6.2073646E-07,-0.000153
6.2078646E-07,-0.000154
6.2083646E-07,-0.000155
6.2088646E-07,-0.000155
6.2093646E-07,-0.000154
6.2098646E-07,-0.000152
6.2103646E-07,-0.000150
6.2108646E-07,-0.000148
6.2113646E-07,-0.000145
6.2118646E-07,-0.000142
6.2123646E-07,-0.000138
6.2128646E-07,-0.000134
6.2133646E-07,-0.000131
6.2138646E-07,-0.000127
6.2143646E-07,-0.000122
6.2148646E-07,-0.000118
6.2153646E-07,-0.000115
6.2158646E-07,-0.000111
6.2163646E-07,-0.000107
6.2168646E-07,-0.000103
6.2173646E-07,-0.000100
6.2178646E-07,-0.000097
6.2183646E-07,-0.000094
6.2188646E-07,-0.000091
6.2193646E-07,-0.000088
6.2198646E-07,-0.000085
6.2203646E-07,-0.000083
6.2208646E-07,-0.000080
6.2213646E-07,-0.000077
6.2218646E-07,-0.000074
6.2223646E-07,-0.000070
6.2228646E-07,-0.000066
6.2233646E-07,-0.000061
6.2238646E-07,-0.000056
6.2243646E-07,-0.000050
6.2248646E-07,-0.000043
6.2253646E-07,-0.000035
6.2258646E-07,-0.000026
6.2263646E-07,-0.000016
6.2268646E-07,-0.000006
6.2273646E-07,0.000005
6.2278646E-07,0.000017
6.2283646E-07,0.000030
6.2288646E-07,0.000043
6.2293646E-07,0.000057
6.2298646E-07,0.000071
6.2303646E-07,0.000085
6.2308646E-07,0.000099
6.2313646E-07,0.000113
6.2318646E-07,0.000127
6.2323646E-07,0.000141
6.2328646E-07,0.000155
6.2333646E-07,0.000169
6.2338646E-07,0.000182
6.2343646E-07,0.000195
6.2348646E-07,0.000209
6.2353646E-07,0.000222
6.2358646E-07,0.000235
6.2363646E-07,0.000248
6.2368646E-07,0.000260
6.2373646E-07,0.000273
6.2378646E-07,0.000286
6.2383646E-07,0.000298
6.2388646E-07,0.000311
6.2393646E-07,0.000323
6.2398646E-07,0.000335
6.2403646E-07,0.000347
6.2408646E-07,0.000358
6.2413646E-07,0.000368
6.2418646E-07,0.000377
6.2423646E-07,0.000386
6.2428646E-07,0.000393
6.2433646E-07,0.000400
6.2438646E-07,0.000405
6.2443646E-07,0.000409
6.2448646E-07,0.000411
6.2453646E-07,0.000412
6.2458646E-07,0.000411
6.2463646E-07,0.000408
6.2468646E-07,0.000405
6.2473646E-07,0.000399
6.2478646E-07,0.000393
6.2483646E-07,0.000385
6.2488646E-07,0.000375
6.2493646E-07,0.000365
6.2498646E-07,0.000353
6.2503646E-07,0.000340
6.2508646E-07,0.000327
6.2513646E-07,0.000313
6.2518646E-07,0.000298
6.2523646E-07,0.000282
6.2528646E-07,0.000267
6.2533646E-07,0.000251
6.2538646E-07,0.000235
6.2543646E-07,0.000219
6.2548646E-07,0.000203
6.2553646E-07,0.000188
6.2558646E-07,0.000173
6.2563646E-07,0.000159
6.2568646E-07,0.000146
6.2573646E-07,0.000133
6.2578646E-07,0.000121
6.2583646E-07,0.000111
6.2588646E-07,0.000101
6.2593646E-07,0.000093
6.2598646E-07,0.000085
6.2603646E-07,0.000079
6.2608646E-07,0.000074
6.2613646E-07,0.000070
6.2618646E-07,0.000068
6.2623646E-07,0.000066
6.2628646E-07,0.000064
6.2633646E-07,0.000064
6.2638646E-07,0.000064
6.2643646E-07,0.000065
6.2648646E-07,0.000066
6.2653646E-07,0.000067
6.2658646E-07,0.000068
6.2663646E-07,0.000069
6.2668646E-07,0.000070
6.2673646E-07,0.000071
6.2678646E-07,0.000072
6.2683646E-07,0.000073
6.2688646E-07,0.000073
6.2693646E-07,0.000073
6.2698646E-07,0.000072
6.2703646E-07,0.000072
6.2708646E-07,0.000071
6.2713646E-07,0.000069
6.2718646E-07,0.000068
6.2723646E-07,0.000066
6.2728646E-07,0.000063
6.2733646E-07,0.000061
6.2738646E-07,0.000059
6.2743646E-07,0.000056
6.2748646E-07,0.000053
6.2753646E-07,0.000050
6.2758646E-07,0.000047
6.2763646E-07,0.000045
6.2768646E-07,0.000042
6.2773646E-07,0.000040
6.2778646E-07,0.000038
6.2783646E-07,0.000036
6.2788646E-07,0.000034
6.2793646E-07,0.000033
6.2798646E-07,0.000032
6.2803646E-07,0.000032
6.2808646E-07,0.000033
6.2813646E-07,0.000034
6.2818646E-07,0.000035
6.2823646E-07,0.000037
6.2828646E-07,0.000040
6.2833646E-07,0.000043
6.2838646E-07,0.000046
6.2843646E-07,0.000049
6.2848646E-07,0.000053
6.2853646E-07,0.000056
6.2858646E-07,0.000059
6.2863646E-07,0.000062
6.2868646E-07,0.000064
6.2873646E-07,0.000065
6.2878646E-07,0.000065
6.2883646E-07,0.000064
6.2888646E-07,0.000063
6.2893646E-07,0.000060
6.2898646E-07,0.000056
6.2903646E-07,0.000051
6.2908646E-07,0.000044
6.2913646E-07,0.000037
6.2918646E-07,0.000029
6.2923646E-07,0.000020
6.2928646E-07,0.000010
6.2933646E-07,0.000000
6.2938646E-07,-0.000010
6.2943646E-07,-0.000020
6.2948646E-07,-0.000030
6.2953646E-07,-0.000040
6.2958646E-07,-0.000049
6.2963646E-07,-0.000058
6.2968646E-07,-0.000065
6.2973646E-07,-0.000071
6.2978646E-07,-0.000077
6.2983646E-07,-0.000081
6.2988646E-07,-0.000084
6.2993646E-07,-0.000086
6.2998646E-07,-0.000087
6.3003646E-07,-0.000087
6.3008646E-07,-0.000086
6.3013646E-07,-0.000083
6.3018646E-07,-0.000080
6.3023646E-07,-0.000076
6.3028646E-07,-0.000072
6.3033646E-07,-0.000067
6.3038646E-07,-0.000061
6.3043646E-07,-0.000055
6.3048646E-07,-0.000048
6.3053646E-07,-0.000042
6.3058646E-07,-0.000035
6.3063646E-07,-0.000027
6.3068646E-07,-0.000020
6.3073646E-07,-0.000013
6.3078646E-07,-0.000006
6.3083646E-07,0.000001
6.3088646E-07,0.000008
6.3093646E-07,0.000014
6.3098646E-07,0.000021
6.3103646E-07,0.000027
6.3108646E-07,0.000032
6.3113646E-07,0.000038
6.3118646E-07,0.000043
6.3123646E-07,0.000047
6.3128646E-07,0.000052
6.3133646E-07,0.000055
6.3138646E-07,0.000059
6.3143646E-07,0.000062
6.3148646E-07,0.000065
6.3153646E-07,0.000068
6.3158646E-07,0.000071
6.3163646E-07,0.000073
6.3168646E-07,0.000076
6.3173646E-07,0.000078
6.3178646E-07,0.000081
6.3183646E-07,0.000083
6.3188646E-07,0.000086
6.3193646E-07,0.000089
6.3198646E-07,0.000091
6.3203646E-07,0.000094
6.3208646E-07,0.000098
6.3213646E-07,0.000101
6.3218646E-07,0.000104
6.3223646E-07,0.000107
6.3228646E-07,0.000110
6.3233646E-07,0.000113
6.3238646E-07,0.000116
6.3243646E-07,0.000118
6.3248646E-07,0.000120
6.3253646E-07,0.000122
6.3258646E-07,0.000124
6.3263646E-07,0.000126
6.3268646E-07,0.000127
6.3273646E-07,0.000129
6.3278646E-07,0.000130
6.3283646E-07,0.000131
6.3288646E-07,0.000132
6.3293646E-07,0.000133
6.3298646E-07,0.000135
6.3303646E-07,0.000136
6.3308646E-07,0.000138
6.3313646E-07,0.000140
6.3318646E-07,0.000143
6.3323646E-07,0.000146
6.3328646E-07,0.000149
6.3333646E-07,0.000152
6.3338646E-07,0.000156
6.3343646E-07,0.000160
6.3348646E-07,0.000165
6.3353646E-07,0.000169
6.3358646E-07,0.000174
6.3363646E-07,0.000178
6.3368646E-07,0.000183
6.3373646E-07,0.000187
6.3378646E-07,0.000191
6.3383646E-07,0.000195
6.3388646E-07,0.000198
6.3393646E-07,0.000201
6.3398646E-07,0.000203
6.3403646E-07,0.000205
6.3408646E-07,0.000205
6.3413646E-07,0.000206
6.3418646E-07,0.000205
6.3423646E-07,0.000205
6.3428646E-07,0.000203
6.3433646E-07,0.000201
6.3438646E-07,0.000198
6.3443646E-07,0.000195
6.3448646E-07,0.000192
6.3453646E-07,0.000188
6.3458646E-07,0.000184
6.3463646E-07,0.000180
6.3468646E-07,0.000176
6.3473646E-07,0.000172
6.3478646E-07,0.000168
6.3483646E-07,0.000164
6.3488646E-07,0.000161
6.3493646E-07,0.000158
6.3498646E-07,0.000155
6.3503646E-07,0.000152
6.3508646E-07,0.000150
6.3513646E-07,0.000148
6.3518646E-07,0.000147
6.3523646E-07,0.000145
6.3528646E-07,0.000144
6.3533646E-07,0.000143
6.3538646E-07,0.000141
6.3543646E-07,0.000140
6.3548646E-07,0.000139
6.3553646E-07,0.000137
6.3558646E-07,0.000136
6.3563646E-07,0.000134
6.3568646E-07,0.000131
6.3573646E-07,0.000128
6.3578646E-07,0.000125
6.3583646E-07,0.000122
6.3588646E-07,0.000117
6.3593646E-07,0.000113
6.3598646E-07,0.000108
6.3603646E-07,0.000102
6.3608646E-07,0.000096
6.3613646E-07,0.000089
6.3618646E-07,0.000082
6.3623646E-07,0.000075
6.3628646E-07,0.000068
6.3633646E-07,0.000060
6.3638646E-07,0.000051
6.3643646E-07,0.000043
6.3648646E-07,0.000035
6.3653646E-07,0.000026
6.3658646E-07,0.000018
6.3663646E-07,0.000010
6.3668646E-07,0.000001
6.3673646E-07,-0.000007
6.3678646E-07,-0.000014
6.3683646E-07,-0.000021
6.3688646E-07,-0.000028
6.3693646E-07,-0.000034
6.3698646E-07,-0.000040
6.3703646E-07,-0.000045
6.3708646E-07,-0.000049
6.3713646E-07,-0.000052
6.3718646E-07,-0.000055
6.3723646E-07,-0.000057
6.3728646E-07,-0.000058
6.3733646E-07,-0.000059
6.3738646E-07,-0.000059
6.3743646E-07,-0.000058
6.3748646E-07,-0.000057
6.3753646E-07,-0.000056
6.3758646E-07,-0.000054
6.3763646E-07,-0.000053
6.3768646E-07,-0.000051
6.3773646E-07,-0.000050
6.3778646E-07,-0.000048
6.3783646E-07,-0.000047
6.3788646E-07,-0.000047
6.3793646E-07,-0.000047
6.3798646E-07,-0.000047
6.3803646E-07,-0.000048
6.3808646E-07,-0.000050
6.3813646E-07,-0.000052
6.3818646E-07,-0.000055
6.3823646E-07,-0.000058
6.3828646E-07,-0.000062
6.3833646E-07,-0.000065
6.3838646E-07,-0.000069
6.3843646E-07,-0.000073
6.3848646E-07,-0.000076
6.3853646E-07,-0.000080
6.3858646E-07,-0.000083
6.3863646E-07,-0.000085
6.3868646E-07,-0.000086
6.3873646E-07,-0.000087
6.3878646E-07,-0.000087
6.3883646E-07,-0.000085
6.3888646E-07,-0.000082
6.3893646E-07,-0.000079
6.3898646E-07,-0.000074
6.3903646E-07,-0.000068
6.3908646E-07,-0.000060
6.3913646E-07,-0.000052
6.3918646E-07,-0.000042
6.3923646E-07,-0.000032
6.3928646E-07,-0.000020
6.3933646E-07,-0.000008
6.3938646E-07,0.000005
6.3943646E-07,0.000018
6.3948646E-07,0.000032
6.3953646E-07,0.000046
6.3958646E-07,0.000059
6.3963646E-07,0.000073
6.3968646E-07,0.000086
6.3973646E-07,0.000099
6.3978646E-07,0.000111
6.3983646E-07,0.000123
6.3988646E-07,0.000134
6.3993646E-07,0.000144
6.3998646E-07,0.000153
6.4003646E-07,0.000161
6.4008646E-07,0.000169
6.4013646E-07,0.000176
6.4018646E-07,0.000182
6.4023646E-07,0.000188
6.4028646E-07,0.000193
6.4033646E-07,0.000197
6.4038646E-07,0.000201
6.4043646E-07,0.000206
6.4048646E-07,0.000210
6.4053646E-07,0.000214
6.4058646E-07,0.000218
6.4063646E-07,0.000223
6.4068646E-07,0.000227
6.4073646E-07,0.000233
6.4078646E-07,0.000238
6.4083646E-07,0.000244
6.4088646E-07,0.000251
6.4093646E-07,0.000257
6.4098646E-07,0.000264
6.4103646E-07,0.000272
6.4108646E-07,0.000279
6.4113646E-07,0.000286
6.4118646E-07,0.000294
6.4123646E-07,0.000301
6.4128646E-07,0.000308
6.4133646E-07,0.000314
6.4138646E-07,0.000320
6.4143646E-07,0.000325
6.4148646E-07,0.000330
6.4153646E-07,0.000334
6.4158646E-07,0.000338
6.4163646E-07,0.000340
6.4168646E-07,0.000342
6.4173646E-07,0.000343
6.4178646E-07,0.000343
6.4183646E-07,0.000342
6.4188646E-07,0.000340
6.4193646E-07,0.000337
6.4198646E-07,0.000334
6.4203646E-07,0.000329
6.4208646E-07,0.000323
6.4213646E-07,0.000317
6.4218646E-07,0.000309
6.4223646E-07,0.000301
6.4228646E-07,0.000291
6.4233646E-07,0.000280
6.4238646E-07,0.000269
6.4243646E-07,0.000256
6.4248646E-07,0.000243
6.4253646E-07,0.000229
6.4258646E-07,0.000214
6.4263646E-07,0.000199
6.4268646E-07,0.000183
6.4273646E-07,0.000167
6.4278646E-07,0.000151
6.4283646E-07,0.000135
6.4288646E-07,0.000120
6.4293646E-07,0.000105
6.4298646E-07,0.000091
6.4303646E-07,0.000078
6.4308646E-07,0.000066
6.4313646E-07,0.000055
6.4318646E-07,0.000046
6.4323646E-07,0.000038
6.4328646E-07,0.000031
6.4333646E-07,0.000026
6.4338646E-07,0.000022
6.4343646E-07,0.000019
6.4348646E-07,0.000018
6.4353646E-07,0.000018
6.4358646E-07,0.000019
6.4363646E-07,0.000021
6.4368646E-07,0.000023
6.4373646E-07,0.000026
6.4378646E-07,0.000030
6.4383646E-07,0.000034
6.4388646E-07,0.000038
6.4393646E-07,0.000042
6.4398646E-07,0.000046
6.4403646E-07,0.000050
6.4408646E-07,0.000054
6.4413646E-07,0.000057
6.4418646E-07,0.000060
6.4423646E-07,0.000062
6.4428646E-07,0.000064
6.4433646E-07,0.000065
6.4438646E-07,0.000065
6.4443646E-07,0.000065
6.4448646E-07,0.000064
6.4453646E-07,0.000062
6.4458646E-07,0.000059
6.4463646E-07,0.000056
6.4468646E-07,0.000051
6.4473646E-07,0.000046
6.4478646E-07,0.000040
6.4483646E-07,0.000033
6.4488646E-07,0.000024
6.4493646E-07,0.000015
6.4498646E-07,0.000005
6.4503646E-07,-0.000006
6.4508646E-07,-0.000018
6.4513646E-07,-0.000030
6.4518646E-07,-0.000043
6.4523646E-07,-0.000057
6.4528646E-07,-0.000071
6.4533646E-07,-0.000085
6.4538646E-07,-0.000099
6.4543646E-07,-0.000113
6.4548646E-07,-0.000126
6.4553646E-07,-0.000139
6.4558646E-07,-0.000151
6.4563646E-07,-0.000163
6.4568646E-07,-0.000173
6.4573646E-07,-0.000181
6.4578646E-07,-0.000189
6.4583646E-07,-0.000195
6.4588646E-07,-0.000199
6.4593646E-07,-0.000202
6.4598646E-07,-0.000203
6.4603646E-07,-0.000203
6.4608646E-07,-0.000201
6.4613646E-07,-0.000197
6.4618646E-07,-0.000192
6.4623646E-07,-0.000185
6.4628646E-07,-0.000178
6.4633646E-07,-0.000169
6.4638646E-07,-0.000158
6.4643646E-07,-0.000147
6.4648646E-07,-0.000136
6.4653646E-07,-0.000123
6.4658646E-07,-0.000110
6.4663646E-07,-0.000097
6.4668646E-07,-0.000084
6.4673646E-07,-0.000071
6.4678646E-07,-0.000058
6.4683646E-07,-0.000045
6.4688646E-07,-0.000032
6.4693646E-07,-0.000020
6.4698646E-07,-0.000009
6.4703646E-07,0.000001
6.4708646E-07,0.000010
6.4713646E-07,0.000019
6.4718646E-07,0.000026
6.4723646E-07,0.000032
6.4728646E-07,0.000037
6.4733646E-07,0.000041
6.4738646E-07,0.000043
6.4743646E-07,0.000045
6.4748646E-07,0.000045
6.4753646E-07,0.000043
6.4758646E-07,0.000041
6.4763646E-07,0.000037
6.4768646E-07,0.000033
6.4773646E-07,0.000027
6.4778646E-07,0.000021
6.4783646E-07,0.000014
6.4788646E-07,0.000007
6.4793646E-07,-0.000001
6.4798646E-07,-0.000009
6.4803646E-07,-0.000017
6.4808646E-07,-0.000025
6.4813646E-07,-0.000033
6.4818646E-07,-0.000040
6.4823646E-07,-0.000047
6.4828646E-07,-0.000053
6.4833646E-07,-0.000057
6.4838646E-07,-0.000061
6.4843646E-07,-0.000064
6.4848646E-07,-0.000066
6.4853646E-07,-0.000067
6.4858646E-07,-0.000066
6.4863646E-07,-0.000065
6.4868646E-07,-0.000062
6.4873646E-07,-0.000059
6.4878646E-07,-0.000055
6.4883646E-07,-0.000050
6.4888646E-07,-0.000044
6.4893646E-07,-0.000039
6.4898646E-07,-0.000033
6.4903646E-07,-0.000027
6.4908646E-07,-0.000022
6.4913646E-07,-0.000016
6.4918646E-07,-0.000012
6.4923646E-07,-0.000008
6.4928646E-07,-0.000004
6.4933646E-07,-0.000002
6.4938646E-07,0.000000
6.4943646E-07,0.000000
6.4948646E-07,0.000000
6.4953646E-07,-0.000001
6.4958646E-07,-0.000003
6.4963646E-07,-0.000005
6.4968646E-07,-0.000009
6.4973646E-07,-0.000013
6.4978646E-07,-0.000017
6.4983646E-07,-0.000022
6.4988646E-07,-0.000026
6.4993646E-07,-0.000031
6.4998646E-07,-0.000036
6.5003646E-07,-0.000041
6.5008646E-07,-0.000046
6.5013646E-07,-0.000051
6.5018646E-07,-0.000055
6.5023646E-07,-0.000059
6.5028646E-07,-0.000062
6.5033646E-07,-0.000065
6.5038646E-07,-0.000068
6.5043646E-07,-0.000070
6.5048646E-07,-0.000071
6.5053646E-07,-0.000072
6.5058646E-07,-0.000073
6.5063646E-07,-0.000073
6.5068646E-07,-0.000072
6.5073646E-07,-0.000070
6.5078646E-07,-0.000069
6.5083646E-07,-0.000066
6.5088646E-07,-0.000063
6.5093646E-07,-0.000059
6.5098646E-07,-0.000055
6.5103646E-07,-0.000051
6.5108646E-07,-0.000046
6.5113646E-07,-0.000041
6.5118646E-07,-0.000035
6.5123646E-07,-0.000029
6.5128646E-07,-0.000023
6.5133646E-07,-0.000017
6.5138646E-07,-0.000011
6.5143646E-07,-0.000004
6.5148646E-07,0.000002
6.5153646E-07,0.000009
6.5158646E-07,0.000015
6.5163646E-07,0.000022
6.5168646E-07,0.000028
6.5173646E-07,0.000035
6.5178646E-07,0.000042
6.5183646E-07,0.000049
6.5188646E-07,0.000056
6.5193646E-07,0.000063
6.5198646E-07,0.000071
6.5203646E-07,0.000078
6.5208646E-07,0.000087
6.5213646E-07,0.000095
6.5218646E-07,0.000104
6.5223646E-07,0.000112
6.5228646E-07,0.000121
6.5233646E-07,0.000130
6.5238646E-07,0.000139
6.5243646E-07,0.000147
6.5248646E-07,0.000155
6.5253646E-07,0.000162
6.5258646E-07,0.000168
6.5263646E-07,0.000173
6.5268646E-07,0.000177
6.5273646E-07,0.000179
6.5278646E-07,0.000180
6.5283646E-07,0.000179
6.5288646E-07,0.000177
6.5293646E-07,0.000173
6.5298646E-07,0.000167
6.5303646E-07,0.000159
6.5308646E-07,0.000150
6.5313646E-07,0.000139
6.5318646E-07,0.000127
6.5323646E-07,0.000114
6.5328646E-07,0.000100
6.5333646E-07,0.000085
6.5338646E-07,0.000070
6.5343646E-07,0.000054
6.5348646E-07,0.000038
6.5353646E-07,0.000021
6.5358646E-07,0.000005
6.5363646E-07,-0.000012
6.5368646E-07,-0.000029
6.5373646E-07,-0.000046
6.5378646E-07,-0.000063
6.5383646E-07,-0.000080
6.5388646E-07,-0.000097
6.5393646E-07,-0.000114
6.5398646E-07,-0.000131
6.5403646E-07,-0.000149
6.5408646E-07,-0.000167
6.5413646E-07,-0.000186
6.5418646E-07,-0.000205
6.5423646E-07,-0.000224
6.5428646E-07,-0.000243
6.5433646E-07,-0.000263
6.5438646E-07,-0.000283
