LECROYWaveRunner‘N,20113,Waveform
Segments,1,SegmentSize,4002
Segment,TrigTime,TimeSinceSegment1
#1,12-Dec-2018 11:32:04,0                 
Time,Ampl
4.5690018E-07,-0.000028
4.5695018E-07,-0.000026
4.5700018E-07,-0.000023
4.5705018E-07,-0.000019
4.5710018E-07,-0.000014
4.5715018E-07,-0.000008
4.5720018E-07,-0.000001
4.5725018E-07,0.000006
4.5730018E-07,0.000014
4.5735018E-07,0.000022
4.5740018E-07,0.000030
4.5745018E-07,0.000038
4.5750018E-07,0.000046
4.5755018E-07,0.000053
4.5760018E-07,0.000059
4.5765018E-07,0.000064
4.5770018E-07,0.000069
4.5775018E-07,0.000072
4.5780018E-07,0.000075
4.5785018E-07,0.000076
4.5790018E-07,0.000076
4.5795018E-07,0.000076
4.5800018E-07,0.000074
4.5805018E-07,0.000073
4.5810018E-07,0.000070
4.5815018E-07,0.000067
4.5820018E-07,0.000065
4.5825018E-07,0.000062
4.5830018E-07,0.000060
4.5835018E-07,0.000057
4.5840018E-07,0.000056
4.5845018E-07,0.000054
4.5850018E-07,0.000053
4.5855018E-07,0.000053
4.5860018E-07,0.000053
4.5865018E-07,0.000053
4.5870018E-07,0.000053
4.5875018E-07,0.000053
4.5880018E-07,0.000054
4.5885018E-07,0.000054
4.5890018E-07,0.000053
4.5895018E-07,0.000053
4.5900018E-07,0.000052
4.5905018E-07,0.000050
4.5910018E-07,0.000048
4.5915018E-07,0.000045
4.5920018E-07,0.000042
4.5925018E-07,0.000038
4.5930018E-07,0.000034
4.5935018E-07,0.000030
4.5940018E-07,0.000026
4.5945018E-07,0.000022
4.5950018E-07,0.000018
4.5955018E-07,0.000015
4.5960018E-07,0.000011
4.5965018E-07,0.000008
4.5970018E-07,0.000005
4.5975018E-07,0.000003
4.5980018E-07,-0.000000
4.5985018E-07,-0.000002
4.5990018E-07,-0.000003
4.5995018E-07,-0.000005
4.6000018E-07,-0.000007
4.6005018E-07,-0.000008
4.6010018E-07,-0.000010
4.6015018E-07,-0.000012
4.6020018E-07,-0.000014
4.6025018E-07,-0.000016
4.6030018E-07,-0.000018
4.6035018E-07,-0.000021
4.6040018E-07,-0.000024
4.6045018E-07,-0.000027
4.6050018E-07,-0.000029
4.6055018E-07,-0.000032
4.6060018E-07,-0.000035
4.6065018E-07,-0.000037
4.6070018E-07,-0.000039
4.6075018E-07,-0.000040
4.6080018E-07,-0.000041
4.6085018E-07,-0.000042
4.6090018E-07,-0.000042
4.6095018E-07,-0.000042
4.6100018E-07,-0.000041
4.6105018E-07,-0.000039
4.6110018E-07,-0.000037
4.6115018E-07,-0.000035
4.6120018E-07,-0.000032
4.6125018E-07,-0.000028
4.6130018E-07,-0.000024
4.6135018E-07,-0.000020
4.6140018E-07,-0.000015
4.6145018E-07,-0.000009
4.6150018E-07,-0.000003
4.6155018E-07,0.000004
4.6160018E-07,0.000011
4.6165018E-07,0.000019
4.6170018E-07,0.000028
4.6175018E-07,0.000037
4.6180018E-07,0.000047
4.6185018E-07,0.000058
4.6190018E-07,0.000070
4.6195018E-07,0.000082
4.6200018E-07,0.000094
4.6205018E-07,0.000107
4.6210018E-07,0.000120
4.6215018E-07,0.000134
4.6220018E-07,0.000147
4.6225018E-07,0.000160
4.6230018E-07,0.000173
4.6235018E-07,0.000185
4.6240018E-07,0.000196
4.6245018E-07,0.000207
4.6250018E-07,0.000217
4.6255018E-07,0.000226
4.6260018E-07,0.000233
4.6265018E-07,0.000239
4.6270018E-07,0.000244
4.6275018E-07,0.000248
4.6280018E-07,0.000249
4.6285018E-07,0.000249
4.6290018E-07,0.000248
4.6295018E-07,0.000244
4.6300018E-07,0.000239
4.6305018E-07,0.000233
4.6310018E-07,0.000224
4.6315018E-07,0.000214
4.6320018E-07,0.000202
4.6325018E-07,0.000189
4.6330018E-07,0.000175
4.6335018E-07,0.000159
4.6340018E-07,0.000142
4.6345018E-07,0.000124
4.6350018E-07,0.000106
4.6355018E-07,0.000088
4.6360018E-07,0.000069
4.6365018E-07,0.000051
4.6370018E-07,0.000034
4.6375018E-07,0.000017
4.6380018E-07,0.000001
4.6385018E-07,-0.000013
4.6390018E-07,-0.000026
4.6395018E-07,-0.000037
4.6400018E-07,-0.000047
4.6405018E-07,-0.000055
4.6410018E-07,-0.000061
4.6415018E-07,-0.000065
4.6420018E-07,-0.000069
4.6425018E-07,-0.000071
4.6430018E-07,-0.000072
4.6435018E-07,-0.000072
4.6440018E-07,-0.000072
4.6445018E-07,-0.000072
4.6450018E-07,-0.000072
4.6455018E-07,-0.000073
4.6460018E-07,-0.000074
4.6465018E-07,-0.000076
4.6470018E-07,-0.000078
4.6475018E-07,-0.000082
4.6480018E-07,-0.000087
4.6485018E-07,-0.000094
4.6490018E-07,-0.000101
4.6495018E-07,-0.000109
4.6500018E-07,-0.000118
4.6505018E-07,-0.000128
4.6510018E-07,-0.000138
4.6515018E-07,-0.000148
4.6520018E-07,-0.000159
4.6525018E-07,-0.000169
4.6530018E-07,-0.000179
4.6535018E-07,-0.000188
4.6540018E-07,-0.000196
4.6545018E-07,-0.000204
4.6550018E-07,-0.000210
4.6555018E-07,-0.000216
4.6560018E-07,-0.000220
4.6565018E-07,-0.000223
4.6570018E-07,-0.000225
4.6575018E-07,-0.000225
4.6580018E-07,-0.000225
4.6585018E-07,-0.000223
4.6590018E-07,-0.000220
4.6595018E-07,-0.000216
4.6600018E-07,-0.000211
4.6605018E-07,-0.000205
4.6610018E-07,-0.000198
4.6615018E-07,-0.000190
4.6620018E-07,-0.000182
4.6625018E-07,-0.000172
4.6630018E-07,-0.000163
4.6635018E-07,-0.000153
4.6640018E-07,-0.000143
4.6645018E-07,-0.000133
4.6650018E-07,-0.000123
4.6655018E-07,-0.000114
4.6660018E-07,-0.000105
4.6665018E-07,-0.000096
4.6670018E-07,-0.000089
4.6675018E-07,-0.000082
4.6680018E-07,-0.000077
4.6685018E-07,-0.000072
4.6690018E-07,-0.000069
4.6695018E-07,-0.000067
4.6700018E-07,-0.000066
4.6705018E-07,-0.000066
4.6710018E-07,-0.000067
4.6715018E-07,-0.000070
4.6720018E-07,-0.000073
4.6725018E-07,-0.000077
4.6730018E-07,-0.000081
4.6735018E-07,-0.000086
4.6740018E-07,-0.000091
4.6745018E-07,-0.000096
4.6750018E-07,-0.000101
4.6755018E-07,-0.000106
4.6760018E-07,-0.000111
4.6765018E-07,-0.000116
4.6770018E-07,-0.000120
4.6775018E-07,-0.000124
4.6780018E-07,-0.000128
4.6785018E-07,-0.000131
4.6790018E-07,-0.000134
4.6795018E-07,-0.000137
4.6800018E-07,-0.000139
4.6805018E-07,-0.000141
4.6810018E-07,-0.000143
4.6815018E-07,-0.000144
4.6820018E-07,-0.000145
4.6825018E-07,-0.000146
4.6830018E-07,-0.000146
4.6835018E-07,-0.000146
4.6840018E-07,-0.000146
4.6845018E-07,-0.000145
4.6850018E-07,-0.000143
4.6855018E-07,-0.000141
4.6860018E-07,-0.000139
4.6865018E-07,-0.000136
4.6870018E-07,-0.000133
4.6875018E-07,-0.000129
4.6880018E-07,-0.000125
4.6885018E-07,-0.000121
4.6890018E-07,-0.000117
4.6895018E-07,-0.000113
4.6900018E-07,-0.000109
4.6905018E-07,-0.000105
4.6910018E-07,-0.000101
4.6915018E-07,-0.000097
4.6920018E-07,-0.000094
4.6925018E-07,-0.000091
4.6930018E-07,-0.000089
4.6935018E-07,-0.000086
4.6940018E-07,-0.000085
4.6945018E-07,-0.000083
4.6950018E-07,-0.000081
4.6955018E-07,-0.000080
4.6960018E-07,-0.000078
4.6965018E-07,-0.000077
4.6970018E-07,-0.000076
4.6975018E-07,-0.000074
4.6980018E-07,-0.000072
4.6985018E-07,-0.000071
4.6990018E-07,-0.000069
4.6995018E-07,-0.000067
4.7000018E-07,-0.000066
4.7005018E-07,-0.000064
4.7010018E-07,-0.000063
4.7015018E-07,-0.000062
4.7020018E-07,-0.000062
4.7025018E-07,-0.000062
4.7030018E-07,-0.000063
4.7035018E-07,-0.000064
4.7040018E-07,-0.000066
4.7045018E-07,-0.000068
4.7050018E-07,-0.000071
4.7055018E-07,-0.000074
4.7060018E-07,-0.000078
4.7065018E-07,-0.000082
4.7070018E-07,-0.000085
4.7075018E-07,-0.000089
4.7080018E-07,-0.000093
4.7085018E-07,-0.000096
4.7090018E-07,-0.000100
4.7095018E-07,-0.000102
4.7100018E-07,-0.000104
4.7105018E-07,-0.000106
4.7110018E-07,-0.000107
4.7115018E-07,-0.000108
4.7120018E-07,-0.000108
4.7125018E-07,-0.000108
4.7130018E-07,-0.000107
4.7135018E-07,-0.000106
4.7140018E-07,-0.000105
4.7145018E-07,-0.000104
4.7150018E-07,-0.000103
4.7155018E-07,-0.000103
4.7160018E-07,-0.000102
4.7165018E-07,-0.000101
4.7170018E-07,-0.000101
4.7175018E-07,-0.000101
4.7180018E-07,-0.000101
4.7185018E-07,-0.000101
4.7190018E-07,-0.000101
4.7195018E-07,-0.000101
4.7200018E-07,-0.000101
4.7205018E-07,-0.000101
4.7210018E-07,-0.000101
4.7215018E-07,-0.000101
4.7220018E-07,-0.000101
4.7225018E-07,-0.000101
4.7230018E-07,-0.000101
4.7235018E-07,-0.000100
4.7240018E-07,-0.000100
4.7245018E-07,-0.000100
4.7250018E-07,-0.000100
4.7255018E-07,-0.000100
4.7260018E-07,-0.000100
4.7265018E-07,-0.000101
4.7270018E-07,-0.000102
4.7275018E-07,-0.000103
4.7280018E-07,-0.000105
4.7285018E-07,-0.000106
4.7290018E-07,-0.000108
4.7295018E-07,-0.000110
4.7300018E-07,-0.000111
4.7305018E-07,-0.000113
4.7310018E-07,-0.000114
4.7315018E-07,-0.000115
4.7320018E-07,-0.000115
4.7325018E-07,-0.000114
4.7330018E-07,-0.000113
4.7335018E-07,-0.000111
4.7340018E-07,-0.000109
4.7345018E-07,-0.000106
4.7350018E-07,-0.000102
4.7355018E-07,-0.000098
4.7360018E-07,-0.000094
4.7365018E-07,-0.000089
4.7370018E-07,-0.000084
4.7375018E-07,-0.000080
4.7380018E-07,-0.000075
4.7385018E-07,-0.000070
4.7390018E-07,-0.000066
4.7395018E-07,-0.000062
4.7400018E-07,-0.000059
4.7405018E-07,-0.000056
4.7410018E-07,-0.000054
4.7415018E-07,-0.000053
4.7420018E-07,-0.000052
4.7425018E-07,-0.000052
4.7430018E-07,-0.000052
4.7435018E-07,-0.000054
4.7440018E-07,-0.000056
4.7445018E-07,-0.000058
4.7450018E-07,-0.000062
4.7455018E-07,-0.000066
4.7460018E-07,-0.000071
4.7465018E-07,-0.000076
4.7470018E-07,-0.000083
4.7475018E-07,-0.000091
4.7480018E-07,-0.000099
4.7485018E-07,-0.000108
4.7490018E-07,-0.000118
4.7495018E-07,-0.000129
4.7500018E-07,-0.000140
4.7505018E-07,-0.000152
4.7510018E-07,-0.000164
4.7515018E-07,-0.000177
4.7520018E-07,-0.000189
4.7525018E-07,-0.000202
4.7530018E-07,-0.000214
4.7535018E-07,-0.000225
4.7540018E-07,-0.000236
4.7545018E-07,-0.000246
4.7550018E-07,-0.000255
4.7555018E-07,-0.000263
4.7560018E-07,-0.000270
4.7565018E-07,-0.000275
4.7570018E-07,-0.000280
4.7575018E-07,-0.000282
4.7580018E-07,-0.000284
4.7585018E-07,-0.000284
4.7590018E-07,-0.000283
4.7595018E-07,-0.000281
4.7600018E-07,-0.000278
4.7605018E-07,-0.000274
4.7610018E-07,-0.000269
4.7615018E-07,-0.000263
4.7620018E-07,-0.000257
4.7625018E-07,-0.000249
4.7630018E-07,-0.000241
4.7635018E-07,-0.000233
4.7640018E-07,-0.000224
4.7645018E-07,-0.000214
4.7650018E-07,-0.000203
4.7655018E-07,-0.000193
4.7660018E-07,-0.000181
4.7665018E-07,-0.000170
4.7670018E-07,-0.000158
4.7675018E-07,-0.000146
4.7680018E-07,-0.000134
4.7685018E-07,-0.000123
4.7690018E-07,-0.000112
4.7695018E-07,-0.000101
4.7700018E-07,-0.000091
4.7705018E-07,-0.000083
4.7710018E-07,-0.000075
4.7715018E-07,-0.000068
4.7720018E-07,-0.000063
4.7725018E-07,-0.000059
4.7730018E-07,-0.000057
4.7735018E-07,-0.000056
4.7740018E-07,-0.000056
4.7745018E-07,-0.000057
4.7750018E-07,-0.000060
4.7755018E-07,-0.000063
4.7760018E-07,-0.000068
4.7765018E-07,-0.000073
4.7770018E-07,-0.000078
4.7775018E-07,-0.000083
4.7780018E-07,-0.000088
4.7785018E-07,-0.000094
4.7790018E-07,-0.000099
4.7795018E-07,-0.000103
4.7800018E-07,-0.000107
4.7805018E-07,-0.000110
4.7810018E-07,-0.000113
4.7815018E-07,-0.000115
4.7820018E-07,-0.000117
4.7825018E-07,-0.000117
4.7830018E-07,-0.000117
4.7835018E-07,-0.000116
4.7840018E-07,-0.000115
4.7845018E-07,-0.000113
4.7850018E-07,-0.000110
4.7855018E-07,-0.000107
4.7860018E-07,-0.000103
4.7865018E-07,-0.000098
4.7870018E-07,-0.000092
4.7875018E-07,-0.000086
4.7880018E-07,-0.000079
4.7885018E-07,-0.000072
4.7890018E-07,-0.000064
4.7895018E-07,-0.000056
4.7900018E-07,-0.000047
4.7905018E-07,-0.000038
4.7910018E-07,-0.000029
4.7915018E-07,-0.000020
4.7920018E-07,-0.000011
4.7925018E-07,-0.000002
4.7930018E-07,0.000006
4.7935018E-07,0.000014
4.7940018E-07,0.000021
4.7945018E-07,0.000027
4.7950018E-07,0.000033
4.7955018E-07,0.000038
4.7960018E-07,0.000043
4.7965018E-07,0.000046
4.7970018E-07,0.000049
4.7975018E-07,0.000052
4.7980018E-07,0.000054
4.7985018E-07,0.000057
4.7990018E-07,0.000059
4.7995018E-07,0.000061
4.8000018E-07,0.000063
4.8005018E-07,0.000065
4.8010018E-07,0.000068
4.8015018E-07,0.000071
4.8020018E-07,0.000074
4.8025018E-07,0.000077
4.8030018E-07,0.000081
4.8035018E-07,0.000085
4.8040018E-07,0.000088
4.8045018E-07,0.000092
4.8050018E-07,0.000095
4.8055018E-07,0.000099
4.8060018E-07,0.000102
4.8065018E-07,0.000104
4.8070018E-07,0.000107
4.8075018E-07,0.000109
4.8080018E-07,0.000110
4.8085018E-07,0.000112
4.8090018E-07,0.000113
4.8095018E-07,0.000115
4.8100018E-07,0.000116
4.8105018E-07,0.000118
4.8110018E-07,0.000120
4.8115018E-07,0.000122
4.8120018E-07,0.000124
4.8125018E-07,0.000127
4.8130018E-07,0.000130
4.8135018E-07,0.000133
4.8140018E-07,0.000136
4.8145018E-07,0.000140
4.8150018E-07,0.000143
4.8155018E-07,0.000146
4.8160018E-07,0.000148
4.8165018E-07,0.000150
4.8170018E-07,0.000150
4.8175018E-07,0.000150
4.8180018E-07,0.000149
4.8185018E-07,0.000147
4.8190018E-07,0.000144
4.8195018E-07,0.000140
4.8200018E-07,0.000135
4.8205018E-07,0.000129
4.8210018E-07,0.000122
4.8215018E-07,0.000115
4.8220018E-07,0.000108
4.8225018E-07,0.000100
4.8230018E-07,0.000093
4.8235018E-07,0.000085
4.8240018E-07,0.000078
4.8245018E-07,0.000071
4.8250018E-07,0.000065
4.8255018E-07,0.000059
4.8260018E-07,0.000054
4.8265018E-07,0.000049
4.8270018E-07,0.000045
4.8275018E-07,0.000041
4.8280018E-07,0.000037
4.8285018E-07,0.000033
4.8290018E-07,0.000029
4.8295018E-07,0.000026
4.8300018E-07,0.000022
4.8305018E-07,0.000017
4.8310018E-07,0.000013
4.8315018E-07,0.000007
4.8320018E-07,0.000002
4.8325018E-07,-0.000004
4.8330018E-07,-0.000011
4.8335018E-07,-0.000018
4.8340018E-07,-0.000025
4.8345018E-07,-0.000032
4.8350018E-07,-0.000040
4.8355018E-07,-0.000049
4.8360018E-07,-0.000057
4.8365018E-07,-0.000066
4.8370018E-07,-0.000074
4.8375018E-07,-0.000083
4.8380018E-07,-0.000092
4.8385018E-07,-0.000101
4.8390018E-07,-0.000110
4.8395018E-07,-0.000119
4.8400018E-07,-0.000129
4.8405018E-07,-0.000138
4.8410018E-07,-0.000147
4.8415018E-07,-0.000155
4.8420018E-07,-0.000164
4.8425018E-07,-0.000171
4.8430018E-07,-0.000179
4.8435018E-07,-0.000185
4.8440018E-07,-0.000191
4.8445018E-07,-0.000196
4.8450018E-07,-0.000200
4.8455018E-07,-0.000203
4.8460018E-07,-0.000204
4.8465018E-07,-0.000204
4.8470018E-07,-0.000204
4.8475018E-07,-0.000201
4.8480018E-07,-0.000198
4.8485018E-07,-0.000194
4.8490018E-07,-0.000188
4.8495018E-07,-0.000182
4.8500018E-07,-0.000175
4.8505018E-07,-0.000168
4.8510018E-07,-0.000160
4.8515018E-07,-0.000152
4.8520018E-07,-0.000145
4.8525018E-07,-0.000137
4.8530018E-07,-0.000130
4.8535018E-07,-0.000123
4.8540018E-07,-0.000117
4.8545018E-07,-0.000112
4.8550018E-07,-0.000108
4.8555018E-07,-0.000104
4.8560018E-07,-0.000101
4.8565018E-07,-0.000100
4.8570018E-07,-0.000099
4.8575018E-07,-0.000100
4.8580018E-07,-0.000101
4.8585018E-07,-0.000104
4.8590018E-07,-0.000107
4.8595018E-07,-0.000111
4.8600018E-07,-0.000117
4.8605018E-07,-0.000123
4.8610018E-07,-0.000130
4.8615018E-07,-0.000137
4.8620018E-07,-0.000145
4.8625018E-07,-0.000153
4.8630018E-07,-0.000161
4.8635018E-07,-0.000169
4.8640018E-07,-0.000176
4.8645018E-07,-0.000183
4.8650018E-07,-0.000189
4.8655018E-07,-0.000194
4.8660018E-07,-0.000198
4.8665018E-07,-0.000201
4.8670018E-07,-0.000201
4.8675018E-07,-0.000200
4.8680018E-07,-0.000198
4.8685018E-07,-0.000193
4.8690018E-07,-0.000187
4.8695018E-07,-0.000180
4.8700018E-07,-0.000171
4.8705018E-07,-0.000161
4.8710018E-07,-0.000150
4.8715018E-07,-0.000139
4.8720018E-07,-0.000127
4.8725018E-07,-0.000115
4.8730018E-07,-0.000103
4.8735018E-07,-0.000092
4.8740018E-07,-0.000081
4.8745018E-07,-0.000072
4.8750018E-07,-0.000063
4.8755018E-07,-0.000055
4.8760018E-07,-0.000048
4.8765018E-07,-0.000043
4.8770018E-07,-0.000038
4.8775018E-07,-0.000034
4.8780018E-07,-0.000031
4.8785018E-07,-0.000028
4.8790018E-07,-0.000025
4.8795018E-07,-0.000023
4.8800018E-07,-0.000021
4.8805018E-07,-0.000018
4.8810018E-07,-0.000016
4.8815018E-07,-0.000013
4.8820018E-07,-0.000010
4.8825018E-07,-0.000007
4.8830018E-07,-0.000003
4.8835018E-07,-0.000000
4.8840018E-07,0.000004
4.8845018E-07,0.000007
4.8850018E-07,0.000011
4.8855018E-07,0.000014
4.8860018E-07,0.000016
4.8865018E-07,0.000018
4.8870018E-07,0.000019
4.8875018E-07,0.000020
4.8880018E-07,0.000019
4.8885018E-07,0.000018
4.8890018E-07,0.000016
4.8895018E-07,0.000013
4.8900018E-07,0.000010
4.8905018E-07,0.000006
4.8910018E-07,0.000001
4.8915018E-07,-0.000005
4.8920018E-07,-0.000011
4.8925018E-07,-0.000018
4.8930018E-07,-0.000026
4.8935018E-07,-0.000034
4.8940018E-07,-0.000043
4.8945018E-07,-0.000052
4.8950018E-07,-0.000061
4.8955018E-07,-0.000071
4.8960018E-07,-0.000082
4.8965018E-07,-0.000093
4.8970018E-07,-0.000104
4.8975018E-07,-0.000116
4.8980018E-07,-0.000128
4.8985018E-07,-0.000139
4.8990018E-07,-0.000150
4.8995018E-07,-0.000161
4.9000018E-07,-0.000172
4.9005018E-07,-0.000182
4.9010018E-07,-0.000190
4.9015018E-07,-0.000198
4.9020018E-07,-0.000204
4.9025018E-07,-0.000209
4.9030018E-07,-0.000213
4.9035018E-07,-0.000215
4.9040018E-07,-0.000215
4.9045018E-07,-0.000214
4.9050018E-07,-0.000211
4.9055018E-07,-0.000207
4.9060018E-07,-0.000202
4.9065018E-07,-0.000195
4.9070018E-07,-0.000188
4.9075018E-07,-0.000179
4.9080018E-07,-0.000170
4.9085018E-07,-0.000161
4.9090018E-07,-0.000151
4.9095018E-07,-0.000141
4.9100018E-07,-0.000131
4.9105018E-07,-0.000120
4.9110018E-07,-0.000110
4.9115018E-07,-0.000100
4.9120018E-07,-0.000090
4.9125018E-07,-0.000080
4.9130018E-07,-0.000071
4.9135018E-07,-0.000061
4.9140018E-07,-0.000051
4.9145018E-07,-0.000042
4.9150018E-07,-0.000032
4.9155018E-07,-0.000023
4.9160018E-07,-0.000014
4.9165018E-07,-0.000005
4.9170018E-07,0.000004
4.9175018E-07,0.000013
4.9180018E-07,0.000021
4.9185018E-07,0.000028
4.9190018E-07,0.000035
4.9195018E-07,0.000041
4.9200018E-07,0.000046
4.9205018E-07,0.000050
4.9210018E-07,0.000053
4.9215018E-07,0.000055
4.9220018E-07,0.000056
4.9225018E-07,0.000056
4.9230018E-07,0.000055
4.9235018E-07,0.000052
4.9240018E-07,0.000049
4.9245018E-07,0.000045
4.9250018E-07,0.000040
4.9255018E-07,0.000035
4.9260018E-07,0.000029
4.9265018E-07,0.000022
4.9270018E-07,0.000014
4.9275018E-07,0.000006
4.9280018E-07,-0.000002
4.9285018E-07,-0.000011
4.9290018E-07,-0.000021
4.9295018E-07,-0.000032
4.9300018E-07,-0.000043
4.9305018E-07,-0.000055
4.9310018E-07,-0.000068
4.9315018E-07,-0.000082
4.9320018E-07,-0.000096
4.9325018E-07,-0.000112
4.9330018E-07,-0.000129
4.9335018E-07,-0.000147
4.9340018E-07,-0.000167
4.9345018E-07,-0.000187
4.9350018E-07,-0.000209
4.9355018E-07,-0.000232
4.9360018E-07,-0.000257
4.9365018E-07,-0.000283
4.9370018E-07,-0.000310
4.9375018E-07,-0.000339
4.9380018E-07,-0.000370
4.9385018E-07,-0.000403
4.9390018E-07,-0.000437
4.9395018E-07,-0.000474
4.9400018E-07,-0.000513
4.9405018E-07,-0.000555
4.9410018E-07,-0.000599
4.9415018E-07,-0.000646
4.9420018E-07,-0.000697
4.9425018E-07,-0.000750
4.9430018E-07,-0.000807
4.9435018E-07,-0.000867
4.9440018E-07,-0.000930
4.9445018E-07,-0.000997
4.9450018E-07,-0.001068
4.9455018E-07,-0.001142
4.9460018E-07,-0.001220
4.9465018E-07,-0.001301
4.9470018E-07,-0.001386
4.9475018E-07,-0.001473
4.9480018E-07,-0.001564
4.9485018E-07,-0.001658
4.9490018E-07,-0.001756
4.9495018E-07,-0.001856
4.9500018E-07,-0.001959
4.9505018E-07,-0.002064
4.9510018E-07,-0.002172
4.9515018E-07,-0.002283
4.9520018E-07,-0.002396
4.9525018E-07,-0.002511
4.9530018E-07,-0.002629
4.9535018E-07,-0.002748
4.9540018E-07,-0.002869
4.9545018E-07,-0.002992
4.9550018E-07,-0.003116
4.9555018E-07,-0.003242
4.9560018E-07,-0.003368
4.9565018E-07,-0.003495
4.9570018E-07,-0.003621
4.9575018E-07,-0.003748
4.9580018E-07,-0.003875
4.9585018E-07,-0.004001
4.9590018E-07,-0.004125
4.9595018E-07,-0.004249
4.9600018E-07,-0.004371
4.9605018E-07,-0.004491
4.9610018E-07,-0.004609
4.9615018E-07,-0.004725
4.9620018E-07,-0.004839
4.9625018E-07,-0.004950
4.9630018E-07,-0.005059
4.9635018E-07,-0.005165
4.9640018E-07,-0.005269
4.9645018E-07,-0.005370
4.9650018E-07,-0.005468
4.9655018E-07,-0.005564
4.9660018E-07,-0.005657
4.9665018E-07,-0.005748
4.9670018E-07,-0.005836
4.9675018E-07,-0.005921
4.9680018E-07,-0.006003
4.9685018E-07,-0.006082
4.9690018E-07,-0.006158
4.9695018E-07,-0.006231
4.9700018E-07,-0.006301
4.9705018E-07,-0.006367
4.9710018E-07,-0.006430
4.9715018E-07,-0.006489
4.9720018E-07,-0.006544
4.9725018E-07,-0.006596
4.9730018E-07,-0.006644
4.9735018E-07,-0.006688
4.9740018E-07,-0.006729
4.9745018E-07,-0.006766
4.9750018E-07,-0.006799
4.9755018E-07,-0.006829
4.9760018E-07,-0.006856
4.9765018E-07,-0.006879
4.9770018E-07,-0.006900
4.9775018E-07,-0.006918
4.9780018E-07,-0.006933
4.9785018E-07,-0.006945
4.9790018E-07,-0.006955
4.9795018E-07,-0.006962
4.9800018E-07,-0.006967
4.9805018E-07,-0.006970
4.9810018E-07,-0.006970
4.9815018E-07,-0.006968
4.9820018E-07,-0.006964
4.9825018E-07,-0.006957
4.9830018E-07,-0.006947
4.9835018E-07,-0.006936
4.9840018E-07,-0.006921
4.9845018E-07,-0.006905
4.9850018E-07,-0.006886
4.9855018E-07,-0.006864
4.9860018E-07,-0.006840
4.9865018E-07,-0.006814
4.9870018E-07,-0.006786
4.9875018E-07,-0.006756
4.9880018E-07,-0.006724
4.9885018E-07,-0.006691
4.9890018E-07,-0.006656
4.9895018E-07,-0.006619
4.9900018E-07,-0.006581
4.9905018E-07,-0.006542
4.9910018E-07,-0.006502
4.9915018E-07,-0.006460
4.9920018E-07,-0.006418
4.9925018E-07,-0.006375
4.9930018E-07,-0.006331
4.9935018E-07,-0.006287
4.9940018E-07,-0.006241
4.9945018E-07,-0.006195
4.9950018E-07,-0.006149
4.9955018E-07,-0.006102
4.9960018E-07,-0.006054
4.9965018E-07,-0.006006
4.9970018E-07,-0.005957
4.9975018E-07,-0.005908
4.9980018E-07,-0.005859
4.9985018E-07,-0.005809
4.9990018E-07,-0.005759
4.9995018E-07,-0.005709
5.0000018E-07,-0.005659
5.0005018E-07,-0.005608
5.0010018E-07,-0.005558
5.0015018E-07,-0.005508
5.0020018E-07,-0.005459
5.0025018E-07,-0.005409
5.0030018E-07,-0.005360
5.0035018E-07,-0.005311
5.0040018E-07,-0.005263
5.0045018E-07,-0.005215
5.0050018E-07,-0.005168
5.0055018E-07,-0.005122
5.0060018E-07,-0.005077
5.0065018E-07,-0.005032
5.0070018E-07,-0.004988
5.0075018E-07,-0.004946
5.0080018E-07,-0.004904
5.0085018E-07,-0.004864
5.0090018E-07,-0.004825
5.0095018E-07,-0.004787
5.0100018E-07,-0.004751
5.0105018E-07,-0.004716
5.0110018E-07,-0.004683
5.0115018E-07,-0.004650
5.0120018E-07,-0.004619
5.0125018E-07,-0.004589
5.0130018E-07,-0.004560
5.0135018E-07,-0.004532
5.0140018E-07,-0.004505
5.0145018E-07,-0.004478
5.0150018E-07,-0.004452
5.0155018E-07,-0.004426
5.0160018E-07,-0.004400
5.0165018E-07,-0.004374
5.0170018E-07,-0.004348
5.0175018E-07,-0.004322
5.0180018E-07,-0.004296
5.0185018E-07,-0.004269
5.0190018E-07,-0.004243
5.0195018E-07,-0.004216
5.0200018E-07,-0.004189
5.0205018E-07,-0.004163
5.0210018E-07,-0.004137
5.0215018E-07,-0.004111
5.0220018E-07,-0.004085
5.0225018E-07,-0.004060
5.0230018E-07,-0.004035
5.0235018E-07,-0.004011
5.0240018E-07,-0.003988
5.0245018E-07,-0.003965
5.0250018E-07,-0.003943
5.0255018E-07,-0.003921
5.0260018E-07,-0.003900
5.0265018E-07,-0.003878
5.0270018E-07,-0.003857
5.0275018E-07,-0.003836
5.0280018E-07,-0.003815
5.0285018E-07,-0.003794
5.0290018E-07,-0.003772
5.0295018E-07,-0.003750
5.0300018E-07,-0.003727
5.0305018E-07,-0.003703
5.0310018E-07,-0.003679
5.0315018E-07,-0.003654
5.0320018E-07,-0.003629
5.0325018E-07,-0.003602
5.0330018E-07,-0.003575
5.0335018E-07,-0.003548
5.0340018E-07,-0.003519
5.0345018E-07,-0.003490
5.0350018E-07,-0.003461
5.0355018E-07,-0.003430
5.0360018E-07,-0.003399
5.0365018E-07,-0.003367
5.0370018E-07,-0.003334
5.0375018E-07,-0.003300
5.0380018E-07,-0.003265
5.0385018E-07,-0.003229
5.0390018E-07,-0.003192
5.0395018E-07,-0.003154
5.0400018E-07,-0.003114
5.0405018E-07,-0.003074
5.0410018E-07,-0.003032
5.0415018E-07,-0.002989
5.0420018E-07,-0.002945
5.0425018E-07,-0.002901
5.0430018E-07,-0.002856
5.0435018E-07,-0.002810
5.0440018E-07,-0.002765
5.0445018E-07,-0.002719
5.0450018E-07,-0.002674
5.0455018E-07,-0.002630
5.0460018E-07,-0.002586
5.0465018E-07,-0.002544
5.0470018E-07,-0.002503
5.0475018E-07,-0.002463
5.0480018E-07,-0.002425
5.0485018E-07,-0.002388
5.0490018E-07,-0.002353
5.0495018E-07,-0.002319
5.0500018E-07,-0.002288
5.0505018E-07,-0.002257
5.0510018E-07,-0.002229
5.0515018E-07,-0.002201
5.0520018E-07,-0.002175
5.0525018E-07,-0.002150
5.0530018E-07,-0.002126
5.0535018E-07,-0.002103
5.0540018E-07,-0.002081
5.0545018E-07,-0.002060
5.0550018E-07,-0.002040
5.0555018E-07,-0.002020
5.0560018E-07,-0.002001
5.0565018E-07,-0.001982
5.0570018E-07,-0.001964
5.0575018E-07,-0.001946
5.0580018E-07,-0.001929
5.0585018E-07,-0.001912
5.0590018E-07,-0.001897
5.0595018E-07,-0.001881
5.0600018E-07,-0.001866
5.0605018E-07,-0.001852
5.0610018E-07,-0.001838
5.0615018E-07,-0.001825
5.0620018E-07,-0.001813
5.0625018E-07,-0.001802
5.0630018E-07,-0.001791
5.0635018E-07,-0.001781
5.0640018E-07,-0.001772
5.0645018E-07,-0.001764
5.0650018E-07,-0.001757
5.0655018E-07,-0.001751
5.0660018E-07,-0.001747
5.0665018E-07,-0.001743
5.0670018E-07,-0.001741
5.0675018E-07,-0.001741
5.0680018E-07,-0.001741
5.0685018E-07,-0.001743
5.0690018E-07,-0.001746
5.0695018E-07,-0.001750
5.0700018E-07,-0.001755
5.0705018E-07,-0.001762
5.0710018E-07,-0.001769
5.0715018E-07,-0.001777
5.0720018E-07,-0.001786
5.0725018E-07,-0.001796
5.0730018E-07,-0.001806
5.0735018E-07,-0.001816
5.0740018E-07,-0.001826
5.0745018E-07,-0.001837
5.0750018E-07,-0.001848
5.0755018E-07,-0.001859
5.0760018E-07,-0.001870
5.0765018E-07,-0.001881
5.0770018E-07,-0.001892
5.0775018E-07,-0.001904
5.0780018E-07,-0.001916
5.0785018E-07,-0.001928
5.0790018E-07,-0.001941
5.0795018E-07,-0.001953
5.0800018E-07,-0.001966
5.0805018E-07,-0.001980
5.0810018E-07,-0.001993
5.0815018E-07,-0.002007
5.0820018E-07,-0.002020
5.0825018E-07,-0.002033
5.0830018E-07,-0.002045
5.0835018E-07,-0.002056
5.0840018E-07,-0.002066
5.0845018E-07,-0.002075
5.0850018E-07,-0.002082
5.0855018E-07,-0.002087
5.0860018E-07,-0.002089
5.0865018E-07,-0.002090
5.0870018E-07,-0.002088
5.0875018E-07,-0.002083
5.0880018E-07,-0.002075
5.0885018E-07,-0.002065
5.0890018E-07,-0.002052
5.0895018E-07,-0.002037
5.0900018E-07,-0.002020
5.0905018E-07,-0.002000
5.0910018E-07,-0.001979
5.0915018E-07,-0.001956
5.0920018E-07,-0.001931
5.0925018E-07,-0.001906
5.0930018E-07,-0.001880
5.0935018E-07,-0.001853
5.0940018E-07,-0.001827
5.0945018E-07,-0.001801
5.0950018E-07,-0.001774
5.0955018E-07,-0.001749
5.0960018E-07,-0.001724
5.0965018E-07,-0.001701
5.0970018E-07,-0.001678
5.0975018E-07,-0.001657
5.0980018E-07,-0.001637
5.0985018E-07,-0.001618
5.0990018E-07,-0.001601
5.0995018E-07,-0.001585
5.1000018E-07,-0.001571
5.1005018E-07,-0.001558
5.1010018E-07,-0.001546
5.1015018E-07,-0.001536
5.1020018E-07,-0.001527
5.1025018E-07,-0.001520
5.1030018E-07,-0.001513
5.1035018E-07,-0.001507
5.1040018E-07,-0.001502
5.1045018E-07,-0.001498
5.1050018E-07,-0.001494
5.1055018E-07,-0.001490
5.1060018E-07,-0.001487
5.1065018E-07,-0.001483
5.1070018E-07,-0.001479
5.1075018E-07,-0.001474
5.1080018E-07,-0.001469
5.1085018E-07,-0.001463
5.1090018E-07,-0.001457
5.1095018E-07,-0.001450
5.1100018E-07,-0.001442
5.1105018E-07,-0.001433
5.1110018E-07,-0.001423
5.1115018E-07,-0.001413
5.1120018E-07,-0.001402
5.1125018E-07,-0.001390
5.1130018E-07,-0.001378
5.1135018E-07,-0.001366
5.1140018E-07,-0.001354
5.1145018E-07,-0.001341
5.1150018E-07,-0.001329
5.1155018E-07,-0.001316
5.1160018E-07,-0.001304
5.1165018E-07,-0.001292
5.1170018E-07,-0.001280
5.1175018E-07,-0.001268
5.1180018E-07,-0.001257
5.1185018E-07,-0.001246
5.1190018E-07,-0.001235
5.1195018E-07,-0.001225
5.1200018E-07,-0.001215
5.1205018E-07,-0.001205
5.1210018E-07,-0.001197
5.1215018E-07,-0.001188
5.1220018E-07,-0.001181
5.1225018E-07,-0.001174
5.1230018E-07,-0.001168
5.1235018E-07,-0.001164
5.1240018E-07,-0.001161
5.1245018E-07,-0.001158
5.1250018E-07,-0.001158
5.1255018E-07,-0.001158
5.1260018E-07,-0.001160
5.1265018E-07,-0.001164
5.1270018E-07,-0.001169
5.1275018E-07,-0.001175
5.1280018E-07,-0.001182
5.1285018E-07,-0.001190
5.1290018E-07,-0.001198
5.1295018E-07,-0.001207
5.1300018E-07,-0.001217
5.1305018E-07,-0.001226
5.1310018E-07,-0.001235
5.1315018E-07,-0.001243
5.1320018E-07,-0.001250
5.1325018E-07,-0.001256
5.1330018E-07,-0.001261
5.1335018E-07,-0.001265
5.1340018E-07,-0.001267
5.1345018E-07,-0.001268
5.1350018E-07,-0.001267
5.1355018E-07,-0.001265
5.1360018E-07,-0.001262
5.1365018E-07,-0.001257
5.1370018E-07,-0.001250
5.1375018E-07,-0.001243
5.1380018E-07,-0.001234
5.1385018E-07,-0.001225
5.1390018E-07,-0.001215
5.1395018E-07,-0.001204
5.1400018E-07,-0.001193
5.1405018E-07,-0.001181
5.1410018E-07,-0.001169
5.1415018E-07,-0.001157
5.1420018E-07,-0.001144
5.1425018E-07,-0.001132
5.1430018E-07,-0.001119
5.1435018E-07,-0.001107
5.1440018E-07,-0.001095
5.1445018E-07,-0.001083
5.1450018E-07,-0.001071
5.1455018E-07,-0.001060
5.1460018E-07,-0.001049
5.1465018E-07,-0.001039
5.1470018E-07,-0.001029
5.1475018E-07,-0.001020
5.1480018E-07,-0.001012
5.1485018E-07,-0.001005
5.1490018E-07,-0.000998
5.1495018E-07,-0.000993
5.1500018E-07,-0.000988
5.1505018E-07,-0.000984
5.1510018E-07,-0.000981
5.1515018E-07,-0.000978
5.1520018E-07,-0.000977
5.1525018E-07,-0.000975
5.1530018E-07,-0.000975
5.1535018E-07,-0.000974
5.1540018E-07,-0.000974
5.1545018E-07,-0.000974
5.1550018E-07,-0.000974
5.1555018E-07,-0.000975
5.1560018E-07,-0.000975
5.1565018E-07,-0.000975
5.1570018E-07,-0.000975
5.1575018E-07,-0.000974
5.1580018E-07,-0.000974
5.1585018E-07,-0.000973
5.1590018E-07,-0.000972
5.1595018E-07,-0.000970
5.1600018E-07,-0.000968
5.1605018E-07,-0.000966
5.1610018E-07,-0.000963
5.1615018E-07,-0.000960
5.1620018E-07,-0.000957
5.1625018E-07,-0.000953
5.1630018E-07,-0.000948
5.1635018E-07,-0.000943
5.1640018E-07,-0.000937
5.1645018E-07,-0.000931
5.1650018E-07,-0.000923
5.1655018E-07,-0.000915
5.1660018E-07,-0.000906
5.1665018E-07,-0.000896
5.1670018E-07,-0.000885
5.1675018E-07,-0.000873
5.1680018E-07,-0.000860
5.1685018E-07,-0.000846
5.1690018E-07,-0.000832
5.1695018E-07,-0.000817
5.1700018E-07,-0.000801
5.1705018E-07,-0.000785
5.1710018E-07,-0.000769
5.1715018E-07,-0.000753
5.1720018E-07,-0.000737
5.1725018E-07,-0.000722
5.1730018E-07,-0.000707
5.1735018E-07,-0.000694
5.1740018E-07,-0.000681
5.1745018E-07,-0.000669
5.1750018E-07,-0.000659
5.1755018E-07,-0.000651
5.1760018E-07,-0.000644
5.1765018E-07,-0.000639
5.1770018E-07,-0.000636
5.1775018E-07,-0.000635
5.1780018E-07,-0.000636
5.1785018E-07,-0.000639
5.1790018E-07,-0.000644
5.1795018E-07,-0.000651
5.1800018E-07,-0.000660
5.1805018E-07,-0.000671
5.1810018E-07,-0.000683
5.1815018E-07,-0.000697
5.1820018E-07,-0.000712
5.1825018E-07,-0.000728
5.1830018E-07,-0.000744
5.1835018E-07,-0.000761
5.1840018E-07,-0.000778
5.1845018E-07,-0.000795
5.1850018E-07,-0.000811
5.1855018E-07,-0.000827
5.1860018E-07,-0.000841
5.1865018E-07,-0.000855
5.1870018E-07,-0.000867
5.1875018E-07,-0.000877
5.1880018E-07,-0.000886
5.1885018E-07,-0.000893
5.1890018E-07,-0.000899
5.1895018E-07,-0.000903
5.1900018E-07,-0.000905
5.1905018E-07,-0.000906
5.1910018E-07,-0.000905
5.1915018E-07,-0.000904
5.1920018E-07,-0.000901
5.1925018E-07,-0.000898
5.1930018E-07,-0.000894
5.1935018E-07,-0.000890
5.1940018E-07,-0.000886
5.1945018E-07,-0.000882
5.1950018E-07,-0.000877
5.1955018E-07,-0.000873
5.1960018E-07,-0.000869
5.1965018E-07,-0.000865
5.1970018E-07,-0.000862
5.1975018E-07,-0.000858
5.1980018E-07,-0.000855
5.1985018E-07,-0.000852
5.1990018E-07,-0.000849
5.1995018E-07,-0.000846
5.2000018E-07,-0.000842
5.2005018E-07,-0.000839
5.2010018E-07,-0.000835
5.2015018E-07,-0.000832
5.2020018E-07,-0.000828
5.2025018E-07,-0.000824
5.2030018E-07,-0.000820
5.2035018E-07,-0.000817
5.2040018E-07,-0.000813
5.2045018E-07,-0.000810
5.2050018E-07,-0.000807
5.2055018E-07,-0.000804
5.2060018E-07,-0.000802
5.2065018E-07,-0.000801
5.2070018E-07,-0.000800
5.2075018E-07,-0.000799
5.2080018E-07,-0.000799
5.2085018E-07,-0.000799
5.2090018E-07,-0.000800
5.2095018E-07,-0.000801
5.2100018E-07,-0.000801
5.2105018E-07,-0.000802
5.2110018E-07,-0.000802
5.2115018E-07,-0.000801
5.2120018E-07,-0.000800
5.2125018E-07,-0.000798
5.2130018E-07,-0.000796
5.2135018E-07,-0.000792
5.2140018E-07,-0.000788
5.2145018E-07,-0.000782
5.2150018E-07,-0.000776
5.2155018E-07,-0.000768
5.2160018E-07,-0.000760
5.2165018E-07,-0.000751
5.2170018E-07,-0.000741
5.2175018E-07,-0.000731
5.2180018E-07,-0.000720
5.2185018E-07,-0.000710
5.2190018E-07,-0.000699
5.2195018E-07,-0.000688
5.2200018E-07,-0.000677
5.2205018E-07,-0.000667
5.2210018E-07,-0.000656
5.2215018E-07,-0.000647
5.2220018E-07,-0.000637
5.2225018E-07,-0.000629
5.2230018E-07,-0.000620
5.2235018E-07,-0.000613
5.2240018E-07,-0.000605
5.2245018E-07,-0.000599
5.2250018E-07,-0.000593
5.2255018E-07,-0.000587
5.2260018E-07,-0.000582
5.2265018E-07,-0.000578
5.2270018E-07,-0.000574
5.2275018E-07,-0.000570
5.2280018E-07,-0.000567
5.2285018E-07,-0.000564
5.2290018E-07,-0.000561
5.2295018E-07,-0.000559
5.2300018E-07,-0.000556
5.2305018E-07,-0.000554
5.2310018E-07,-0.000551
5.2315018E-07,-0.000549
5.2320018E-07,-0.000546
5.2325018E-07,-0.000543
5.2330018E-07,-0.000540
5.2335018E-07,-0.000537
5.2340018E-07,-0.000533
5.2345018E-07,-0.000529
5.2350018E-07,-0.000524
5.2355018E-07,-0.000519
5.2360018E-07,-0.000514
5.2365018E-07,-0.000509
5.2370018E-07,-0.000503
5.2375018E-07,-0.000498
5.2380018E-07,-0.000492
5.2385018E-07,-0.000486
5.2390018E-07,-0.000480
5.2395018E-07,-0.000475
5.2400018E-07,-0.000469
5.2405018E-07,-0.000464
5.2410018E-07,-0.000459
5.2415018E-07,-0.000454
5.2420018E-07,-0.000450
5.2425018E-07,-0.000445
5.2430018E-07,-0.000441
5.2435018E-07,-0.000437
5.2440018E-07,-0.000434
5.2445018E-07,-0.000430
5.2450018E-07,-0.000427
5.2455018E-07,-0.000424
5.2460018E-07,-0.000421
5.2465018E-07,-0.000419
5.2470018E-07,-0.000417
5.2475018E-07,-0.000416
5.2480018E-07,-0.000416
5.2485018E-07,-0.000416
5.2490018E-07,-0.000416
5.2495018E-07,-0.000418
5.2500018E-07,-0.000421
5.2505018E-07,-0.000424
5.2510018E-07,-0.000428
5.2515018E-07,-0.000434
5.2520018E-07,-0.000440
5.2525018E-07,-0.000447
5.2530018E-07,-0.000455
5.2535018E-07,-0.000464
5.2540018E-07,-0.000473
5.2545018E-07,-0.000482
5.2550018E-07,-0.000492
5.2555018E-07,-0.000501
5.2560018E-07,-0.000511
5.2565018E-07,-0.000520
5.2570018E-07,-0.000528
5.2575018E-07,-0.000536
5.2580018E-07,-0.000544
5.2585018E-07,-0.000550
5.2590018E-07,-0.000556
5.2595018E-07,-0.000561
5.2600018E-07,-0.000565
5.2605018E-07,-0.000568
5.2610018E-07,-0.000571
5.2615018E-07,-0.000573
5.2620018E-07,-0.000575
5.2625018E-07,-0.000576
5.2630018E-07,-0.000577
5.2635018E-07,-0.000578
5.2640018E-07,-0.000579
5.2645018E-07,-0.000579
5.2650018E-07,-0.000580
5.2655018E-07,-0.000580
5.2660018E-07,-0.000581
5.2665018E-07,-0.000581
5.2670018E-07,-0.000581
5.2675018E-07,-0.000581
5.2680018E-07,-0.000581
5.2685018E-07,-0.000580
5.2690018E-07,-0.000579
5.2695018E-07,-0.000577
5.2700018E-07,-0.000574
5.2705018E-07,-0.000571
5.2710018E-07,-0.000567
5.2715018E-07,-0.000562
5.2720018E-07,-0.000557
5.2725018E-07,-0.000550
5.2730018E-07,-0.000543
5.2735018E-07,-0.000536
5.2740018E-07,-0.000527
5.2745018E-07,-0.000518
5.2750018E-07,-0.000508
5.2755018E-07,-0.000498
5.2760018E-07,-0.000487
5.2765018E-07,-0.000475
5.2770018E-07,-0.000464
5.2775018E-07,-0.000451
5.2780018E-07,-0.000438
5.2785018E-07,-0.000425
5.2790018E-07,-0.000411
5.2795018E-07,-0.000397
5.2800018E-07,-0.000383
5.2805018E-07,-0.000368
5.2810018E-07,-0.000353
5.2815018E-07,-0.000337
5.2820018E-07,-0.000321
5.2825018E-07,-0.000305
5.2830018E-07,-0.000289
5.2835018E-07,-0.000273
5.2840018E-07,-0.000257
5.2845018E-07,-0.000241
5.2850018E-07,-0.000226
5.2855018E-07,-0.000211
5.2860018E-07,-0.000197
5.2865018E-07,-0.000184
5.2870018E-07,-0.000172
5.2875018E-07,-0.000161
5.2880018E-07,-0.000152
5.2885018E-07,-0.000144
5.2890018E-07,-0.000138
5.2895018E-07,-0.000133
5.2900018E-07,-0.000130
5.2905018E-07,-0.000129
5.2910018E-07,-0.000130
5.2915018E-07,-0.000132
5.2920018E-07,-0.000137
5.2925018E-07,-0.000143
5.2930018E-07,-0.000150
5.2935018E-07,-0.000159
5.2940018E-07,-0.000170
5.2945018E-07,-0.000182
5.2950018E-07,-0.000195
5.2955018E-07,-0.000210
5.2960018E-07,-0.000225
5.2965018E-07,-0.000242
5.2970018E-07,-0.000259
5.2975018E-07,-0.000276
5.2980018E-07,-0.000294
5.2985018E-07,-0.000312
5.2990018E-07,-0.000330
5.2995018E-07,-0.000348
5.3000018E-07,-0.000366
5.3005018E-07,-0.000383
5.3010018E-07,-0.000400
5.3015018E-07,-0.000416
5.3020018E-07,-0.000432
5.3025018E-07,-0.000447
5.3030018E-07,-0.000461
5.3035018E-07,-0.000474
5.3040018E-07,-0.000486
5.3045018E-07,-0.000498
5.3050018E-07,-0.000509
5.3055018E-07,-0.000520
5.3060018E-07,-0.000530
5.3065018E-07,-0.000540
5.3070018E-07,-0.000549
5.3075018E-07,-0.000559
5.3080018E-07,-0.000568
5.3085018E-07,-0.000578
5.3090018E-07,-0.000587
5.3095018E-07,-0.000597
5.3100018E-07,-0.000607
5.3105018E-07,-0.000617
5.3110018E-07,-0.000627
5.3115018E-07,-0.000638
5.3120018E-07,-0.000648
5.3125018E-07,-0.000659
5.3130018E-07,-0.000669
5.3135018E-07,-0.000679
5.3140018E-07,-0.000689
5.3145018E-07,-0.000698
5.3150018E-07,-0.000706
5.3155018E-07,-0.000713
5.3160018E-07,-0.000719
5.3165018E-07,-0.000724
5.3170018E-07,-0.000728
5.3175018E-07,-0.000731
5.3180018E-07,-0.000732
5.3185018E-07,-0.000732
5.3190018E-07,-0.000730
5.3195018E-07,-0.000727
5.3200018E-07,-0.000722
5.3205018E-07,-0.000716
5.3210018E-07,-0.000709
5.3215018E-07,-0.000700
5.3220018E-07,-0.000690
5.3225018E-07,-0.000679
5.3230018E-07,-0.000667
5.3235018E-07,-0.000654
5.3240018E-07,-0.000640
5.3245018E-07,-0.000626
5.3250018E-07,-0.000610
5.3255018E-07,-0.000595
5.3260018E-07,-0.000579
5.3265018E-07,-0.000562
5.3270018E-07,-0.000546
5.3275018E-07,-0.000530
5.3280018E-07,-0.000514
5.3285018E-07,-0.000498
5.3290018E-07,-0.000483
5.3295018E-07,-0.000468
5.3300018E-07,-0.000454
5.3305018E-07,-0.000440
5.3310018E-07,-0.000428
5.3315018E-07,-0.000416
5.3320018E-07,-0.000405
5.3325018E-07,-0.000395
5.3330018E-07,-0.000386
5.3335018E-07,-0.000378
5.3340018E-07,-0.000371
5.3345018E-07,-0.000365
5.3350018E-07,-0.000359
5.3355018E-07,-0.000355
5.3360018E-07,-0.000351
5.3365018E-07,-0.000348
5.3370018E-07,-0.000345
5.3375018E-07,-0.000344
5.3380018E-07,-0.000343
5.3385018E-07,-0.000342
5.3390018E-07,-0.000343
5.3395018E-07,-0.000344
5.3400018E-07,-0.000346
5.3405018E-07,-0.000348
5.3410018E-07,-0.000351
5.3415018E-07,-0.000355
5.3420018E-07,-0.000359
5.3425018E-07,-0.000364
5.3430018E-07,-0.000369
5.3435018E-07,-0.000375
5.3440018E-07,-0.000380
5.3445018E-07,-0.000386
5.3450018E-07,-0.000392
5.3455018E-07,-0.000398
5.3460018E-07,-0.000403
5.3465018E-07,-0.000409
5.3470018E-07,-0.000413
5.3475018E-07,-0.000417
5.3480018E-07,-0.000420
5.3485018E-07,-0.000422
5.3490018E-07,-0.000423
5.3495018E-07,-0.000424
5.3500018E-07,-0.000423
5.3505018E-07,-0.000422
5.3510018E-07,-0.000420
5.3515018E-07,-0.000417
5.3520018E-07,-0.000414
5.3525018E-07,-0.000410
5.3530018E-07,-0.000406
5.3535018E-07,-0.000402
5.3540018E-07,-0.000397
5.3545018E-07,-0.000393
5.3550018E-07,-0.000389
5.3555018E-07,-0.000385
5.3560018E-07,-0.000381
5.3565018E-07,-0.000378
5.3570018E-07,-0.000376
5.3575018E-07,-0.000374
5.3580018E-07,-0.000373
5.3585018E-07,-0.000373
5.3590018E-07,-0.000373
5.3595018E-07,-0.000375
5.3600018E-07,-0.000376
5.3605018E-07,-0.000379
5.3610018E-07,-0.000382
5.3615018E-07,-0.000386
5.3620018E-07,-0.000391
5.3625018E-07,-0.000396
5.3630018E-07,-0.000402
5.3635018E-07,-0.000409
5.3640018E-07,-0.000416
5.3645018E-07,-0.000423
5.3650018E-07,-0.000431
5.3655018E-07,-0.000439
5.3660018E-07,-0.000447
5.3665018E-07,-0.000455
5.3670018E-07,-0.000464
5.3675018E-07,-0.000472
5.3680018E-07,-0.000479
5.3685018E-07,-0.000487
5.3690018E-07,-0.000493
5.3695018E-07,-0.000499
5.3700018E-07,-0.000504
5.3705018E-07,-0.000508
5.3710018E-07,-0.000511
5.3715018E-07,-0.000514
5.3720018E-07,-0.000515
5.3725018E-07,-0.000515
5.3730018E-07,-0.000514
5.3735018E-07,-0.000513
5.3740018E-07,-0.000511
5.3745018E-07,-0.000508
5.3750018E-07,-0.000505
5.3755018E-07,-0.000502
5.3760018E-07,-0.000499
5.3765018E-07,-0.000495
5.3770018E-07,-0.000492
5.3775018E-07,-0.000490
5.3780018E-07,-0.000488
5.3785018E-07,-0.000487
5.3790018E-07,-0.000486
5.3795018E-07,-0.000486
5.3800018E-07,-0.000487
5.3805018E-07,-0.000489
5.3810018E-07,-0.000492
5.3815018E-07,-0.000496
5.3820018E-07,-0.000500
5.3825018E-07,-0.000505
5.3830018E-07,-0.000511
5.3835018E-07,-0.000518
5.3840018E-07,-0.000525
5.3845018E-07,-0.000533
5.3850018E-07,-0.000541
5.3855018E-07,-0.000550
5.3860018E-07,-0.000559
5.3865018E-07,-0.000569
5.3870018E-07,-0.000579
5.3875018E-07,-0.000589
5.3880018E-07,-0.000600
5.3885018E-07,-0.000611
5.3890018E-07,-0.000622
5.3895018E-07,-0.000633
5.3900018E-07,-0.000645
5.3905018E-07,-0.000656
5.3910018E-07,-0.000667
5.3915018E-07,-0.000677
5.3920018E-07,-0.000687
5.3925018E-07,-0.000696
5.3930018E-07,-0.000705
5.3935018E-07,-0.000712
5.3940018E-07,-0.000718
5.3945018E-07,-0.000723
5.3950018E-07,-0.000726
5.3955018E-07,-0.000727
5.3960018E-07,-0.000727
5.3965018E-07,-0.000725
5.3970018E-07,-0.000721
5.3975018E-07,-0.000715
5.3980018E-07,-0.000708
5.3985018E-07,-0.000699
5.3990018E-07,-0.000688
5.3995018E-07,-0.000676
5.4000018E-07,-0.000663
5.4005018E-07,-0.000649
5.4010018E-07,-0.000633
5.4015018E-07,-0.000618
5.4020018E-07,-0.000601
5.4025018E-07,-0.000584
5.4030018E-07,-0.000567
5.4035018E-07,-0.000550
5.4040018E-07,-0.000533
5.4045018E-07,-0.000516
5.4050018E-07,-0.000500
5.4055018E-07,-0.000484
5.4060018E-07,-0.000469
5.4065018E-07,-0.000454
5.4070018E-07,-0.000439
5.4075018E-07,-0.000426
5.4080018E-07,-0.000413
5.4085018E-07,-0.000401
5.4090018E-07,-0.000389
5.4095018E-07,-0.000378
5.4100018E-07,-0.000369
5.4105018E-07,-0.000359
5.4110018E-07,-0.000351
5.4115018E-07,-0.000343
5.4120018E-07,-0.000336
5.4125018E-07,-0.000329
5.4130018E-07,-0.000323
5.4135018E-07,-0.000317
5.4140018E-07,-0.000312
5.4145018E-07,-0.000307
5.4150018E-07,-0.000303
5.4155018E-07,-0.000299
5.4160018E-07,-0.000295
5.4165018E-07,-0.000291
5.4170018E-07,-0.000288
5.4175018E-07,-0.000285
5.4180018E-07,-0.000281
5.4185018E-07,-0.000278
5.4190018E-07,-0.000275
5.4195018E-07,-0.000272
5.4200018E-07,-0.000269
5.4205018E-07,-0.000266
5.4210018E-07,-0.000264
5.4215018E-07,-0.000261
5.4220018E-07,-0.000259
5.4225018E-07,-0.000257
5.4230018E-07,-0.000255
5.4235018E-07,-0.000253
5.4240018E-07,-0.000252
5.4245018E-07,-0.000251
5.4250018E-07,-0.000249
5.4255018E-07,-0.000249
5.4260018E-07,-0.000248
5.4265018E-07,-0.000247
5.4270018E-07,-0.000246
5.4275018E-07,-0.000245
5.4280018E-07,-0.000244
5.4285018E-07,-0.000243
5.4290018E-07,-0.000242
5.4295018E-07,-0.000240
5.4300018E-07,-0.000238
5.4305018E-07,-0.000236
5.4310018E-07,-0.000234
5.4315018E-07,-0.000231
5.4320018E-07,-0.000228
5.4325018E-07,-0.000225
5.4330018E-07,-0.000222
5.4335018E-07,-0.000219
5.4340018E-07,-0.000215
5.4345018E-07,-0.000212
5.4350018E-07,-0.000209
5.4355018E-07,-0.000206
5.4360018E-07,-0.000203
5.4365018E-07,-0.000201
5.4370018E-07,-0.000198
5.4375018E-07,-0.000196
5.4380018E-07,-0.000195
5.4385018E-07,-0.000193
5.4390018E-07,-0.000192
5.4395018E-07,-0.000191
5.4400018E-07,-0.000190
5.4405018E-07,-0.000190
5.4410018E-07,-0.000189
5.4415018E-07,-0.000189
5.4420018E-07,-0.000189
5.4425018E-07,-0.000189
5.4430018E-07,-0.000189
5.4435018E-07,-0.000190
5.4440018E-07,-0.000190
5.4445018E-07,-0.000191
5.4450018E-07,-0.000191
5.4455018E-07,-0.000192
5.4460018E-07,-0.000194
5.4465018E-07,-0.000195
5.4470018E-07,-0.000197
5.4475018E-07,-0.000199
5.4480018E-07,-0.000201
5.4485018E-07,-0.000204
5.4490018E-07,-0.000207
5.4495018E-07,-0.000210
5.4500018E-07,-0.000214
5.4505018E-07,-0.000218
5.4510018E-07,-0.000222
5.4515018E-07,-0.000227
5.4520018E-07,-0.000231
5.4525018E-07,-0.000237
5.4530018E-07,-0.000242
5.4535018E-07,-0.000247
5.4540018E-07,-0.000253
5.4545018E-07,-0.000258
5.4550018E-07,-0.000264
5.4555018E-07,-0.000269
5.4560018E-07,-0.000274
5.4565018E-07,-0.000279
5.4570018E-07,-0.000284
5.4575018E-07,-0.000288
5.4580018E-07,-0.000291
5.4585018E-07,-0.000294
5.4590018E-07,-0.000297
5.4595018E-07,-0.000299
5.4600018E-07,-0.000300
5.4605018E-07,-0.000301
5.4610018E-07,-0.000301
5.4615018E-07,-0.000300
5.4620018E-07,-0.000299
5.4625018E-07,-0.000297
5.4630018E-07,-0.000295
5.4635018E-07,-0.000293
5.4640018E-07,-0.000290
5.4645018E-07,-0.000287
5.4650018E-07,-0.000284
5.4655018E-07,-0.000281
5.4660018E-07,-0.000277
5.4665018E-07,-0.000274
5.4670018E-07,-0.000271
5.4675018E-07,-0.000268
5.4680018E-07,-0.000265
5.4685018E-07,-0.000263
5.4690018E-07,-0.000260
5.4695018E-07,-0.000259
5.4700018E-07,-0.000257
5.4705018E-07,-0.000256
5.4710018E-07,-0.000255
5.4715018E-07,-0.000255
5.4720018E-07,-0.000255
5.4725018E-07,-0.000256
5.4730018E-07,-0.000257
5.4735018E-07,-0.000259
5.4740018E-07,-0.000261
5.4745018E-07,-0.000264
5.4750018E-07,-0.000267
5.4755018E-07,-0.000271
5.4760018E-07,-0.000275
5.4765018E-07,-0.000279
5.4770018E-07,-0.000284
5.4775018E-07,-0.000289
5.4780018E-07,-0.000294
5.4785018E-07,-0.000299
5.4790018E-07,-0.000304
5.4795018E-07,-0.000308
5.4800018E-07,-0.000313
5.4805018E-07,-0.000317
5.4810018E-07,-0.000321
5.4815018E-07,-0.000324
5.4820018E-07,-0.000327
5.4825018E-07,-0.000328
5.4830018E-07,-0.000330
5.4835018E-07,-0.000330
5.4840018E-07,-0.000329
5.4845018E-07,-0.000328
5.4850018E-07,-0.000326
5.4855018E-07,-0.000322
5.4860018E-07,-0.000319
5.4865018E-07,-0.000314
5.4870018E-07,-0.000308
5.4875018E-07,-0.000302
5.4880018E-07,-0.000295
5.4885018E-07,-0.000288
5.4890018E-07,-0.000280
5.4895018E-07,-0.000272
5.4900018E-07,-0.000264
5.4905018E-07,-0.000255
5.4910018E-07,-0.000246
5.4915018E-07,-0.000238
5.4920018E-07,-0.000229
5.4925018E-07,-0.000221
5.4930018E-07,-0.000213
5.4935018E-07,-0.000205
5.4940018E-07,-0.000198
5.4945018E-07,-0.000192
5.4950018E-07,-0.000186
5.4955018E-07,-0.000182
5.4960018E-07,-0.000178
5.4965018E-07,-0.000175
5.4970018E-07,-0.000172
5.4975018E-07,-0.000171
5.4980018E-07,-0.000171
5.4985018E-07,-0.000172
5.4990018E-07,-0.000174
5.4995018E-07,-0.000177
5.5000018E-07,-0.000181
5.5005018E-07,-0.000185
5.5010018E-07,-0.000190
5.5015018E-07,-0.000196
5.5020018E-07,-0.000202
5.5025018E-07,-0.000209
5.5030018E-07,-0.000216
5.5035018E-07,-0.000223
5.5040018E-07,-0.000230
5.5045018E-07,-0.000237
5.5050018E-07,-0.000243
5.5055018E-07,-0.000250
5.5060018E-07,-0.000256
5.5065018E-07,-0.000261
5.5070018E-07,-0.000266
5.5075018E-07,-0.000271
5.5080018E-07,-0.000275
5.5085018E-07,-0.000278
5.5090018E-07,-0.000281
5.5095018E-07,-0.000284
5.5100018E-07,-0.000286
5.5105018E-07,-0.000287
5.5110018E-07,-0.000288
5.5115018E-07,-0.000289
5.5120018E-07,-0.000289
5.5125018E-07,-0.000289
5.5130018E-07,-0.000289
5.5135018E-07,-0.000288
5.5140018E-07,-0.000287
5.5145018E-07,-0.000285
5.5150018E-07,-0.000283
5.5155018E-07,-0.000281
5.5160018E-07,-0.000278
5.5165018E-07,-0.000274
5.5170018E-07,-0.000270
5.5175018E-07,-0.000266
5.5180018E-07,-0.000261
5.5185018E-07,-0.000255
5.5190018E-07,-0.000250
5.5195018E-07,-0.000243
5.5200018E-07,-0.000237
5.5205018E-07,-0.000230
5.5210018E-07,-0.000223
5.5215018E-07,-0.000216
5.5220018E-07,-0.000209
5.5225018E-07,-0.000202
5.5230018E-07,-0.000196
5.5235018E-07,-0.000190
5.5240018E-07,-0.000185
5.5245018E-07,-0.000180
5.5250018E-07,-0.000176
5.5255018E-07,-0.000173
5.5260018E-07,-0.000172
5.5265018E-07,-0.000171
5.5270018E-07,-0.000171
5.5275018E-07,-0.000172
5.5280018E-07,-0.000174
5.5285018E-07,-0.000177
5.5290018E-07,-0.000181
5.5295018E-07,-0.000186
5.5300018E-07,-0.000191
5.5305018E-07,-0.000197
5.5310018E-07,-0.000203
5.5315018E-07,-0.000209
5.5320018E-07,-0.000215
5.5325018E-07,-0.000221
5.5330018E-07,-0.000226
5.5335018E-07,-0.000231
5.5340018E-07,-0.000234
5.5345018E-07,-0.000237
5.5350018E-07,-0.000239
5.5355018E-07,-0.000240
5.5360018E-07,-0.000239
5.5365018E-07,-0.000238
5.5370018E-07,-0.000234
5.5375018E-07,-0.000230
5.5380018E-07,-0.000223
5.5385018E-07,-0.000216
5.5390018E-07,-0.000207
5.5395018E-07,-0.000198
5.5400018E-07,-0.000187
5.5405018E-07,-0.000175
5.5410018E-07,-0.000163
5.5415018E-07,-0.000150
5.5420018E-07,-0.000137
5.5425018E-07,-0.000124
5.5430018E-07,-0.000111
5.5435018E-07,-0.000098
5.5440018E-07,-0.000085
5.5445018E-07,-0.000074
5.5450018E-07,-0.000063
5.5455018E-07,-0.000053
5.5460018E-07,-0.000044
5.5465018E-07,-0.000037
5.5470018E-07,-0.000031
5.5475018E-07,-0.000026
5.5480018E-07,-0.000023
5.5485018E-07,-0.000021
5.5490018E-07,-0.000020
5.5495018E-07,-0.000021
5.5500018E-07,-0.000023
5.5505018E-07,-0.000025
5.5510018E-07,-0.000029
5.5515018E-07,-0.000033
5.5520018E-07,-0.000038
5.5525018E-07,-0.000044
5.5530018E-07,-0.000049
5.5535018E-07,-0.000055
5.5540018E-07,-0.000060
5.5545018E-07,-0.000065
5.5550018E-07,-0.000070
5.5555018E-07,-0.000074
5.5560018E-07,-0.000077
5.5565018E-07,-0.000080
5.5570018E-07,-0.000082
5.5575018E-07,-0.000083
5.5580018E-07,-0.000083
5.5585018E-07,-0.000082
5.5590018E-07,-0.000081
5.5595018E-07,-0.000078
5.5600018E-07,-0.000075
5.5605018E-07,-0.000071
5.5610018E-07,-0.000067
5.5615018E-07,-0.000063
5.5620018E-07,-0.000058
5.5625018E-07,-0.000053
5.5630018E-07,-0.000048
5.5635018E-07,-0.000044
5.5640018E-07,-0.000040
5.5645018E-07,-0.000036
5.5650018E-07,-0.000033
5.5655018E-07,-0.000031
5.5660018E-07,-0.000029
5.5665018E-07,-0.000028
5.5670018E-07,-0.000028
5.5675018E-07,-0.000029
5.5680018E-07,-0.000031
5.5685018E-07,-0.000034
5.5690018E-07,-0.000037
5.5695018E-07,-0.000041
5.5700018E-07,-0.000045
5.5705018E-07,-0.000049
5.5710018E-07,-0.000053
5.5715018E-07,-0.000058
5.5720018E-07,-0.000062
5.5725018E-07,-0.000066
5.5730018E-07,-0.000069
5.5735018E-07,-0.000071
5.5740018E-07,-0.000073
5.5745018E-07,-0.000074
5.5750018E-07,-0.000074
5.5755018E-07,-0.000073
5.5760018E-07,-0.000072
5.5765018E-07,-0.000069
5.5770018E-07,-0.000066
5.5775018E-07,-0.000062
5.5780018E-07,-0.000057
5.5785018E-07,-0.000052
5.5790018E-07,-0.000047
5.5795018E-07,-0.000042
5.5800018E-07,-0.000036
5.5805018E-07,-0.000031
5.5810018E-07,-0.000026
5.5815018E-07,-0.000022
5.5820018E-07,-0.000018
5.5825018E-07,-0.000014
5.5830018E-07,-0.000012
5.5835018E-07,-0.000010
5.5840018E-07,-0.000009
5.5845018E-07,-0.000008
5.5850018E-07,-0.000009
5.5855018E-07,-0.000010
5.5860018E-07,-0.000012
5.5865018E-07,-0.000015
5.5870018E-07,-0.000018
5.5875018E-07,-0.000022
5.5880018E-07,-0.000026
5.5885018E-07,-0.000031
5.5890018E-07,-0.000036
5.5895018E-07,-0.000042
5.5900018E-07,-0.000048
5.5905018E-07,-0.000054
5.5910018E-07,-0.000061
5.5915018E-07,-0.000068
5.5920018E-07,-0.000075
5.5925018E-07,-0.000083
5.5930018E-07,-0.000090
5.5935018E-07,-0.000099
5.5940018E-07,-0.000107
5.5945018E-07,-0.000115
5.5950018E-07,-0.000124
5.5955018E-07,-0.000133
5.5960018E-07,-0.000142
5.5965018E-07,-0.000151
5.5970018E-07,-0.000160
5.5975018E-07,-0.000170
5.5980018E-07,-0.000179
5.5985018E-07,-0.000188
5.5990018E-07,-0.000196
5.5995018E-07,-0.000205
5.6000018E-07,-0.000213
5.6005018E-07,-0.000221
5.6010018E-07,-0.000228
5.6015018E-07,-0.000235
5.6020018E-07,-0.000242
5.6025018E-07,-0.000247
5.6030018E-07,-0.000252
5.6035018E-07,-0.000257
5.6040018E-07,-0.000260
5.6045018E-07,-0.000263
5.6050018E-07,-0.000266
5.6055018E-07,-0.000267
5.6060018E-07,-0.000268
5.6065018E-07,-0.000268
5.6070018E-07,-0.000267
5.6075018E-07,-0.000266
5.6080018E-07,-0.000264
5.6085018E-07,-0.000261
5.6090018E-07,-0.000258
5.6095018E-07,-0.000255
5.6100018E-07,-0.000251
5.6105018E-07,-0.000248
5.6110018E-07,-0.000244
5.6115018E-07,-0.000240
5.6120018E-07,-0.000236
5.6125018E-07,-0.000232
5.6130018E-07,-0.000228
5.6135018E-07,-0.000225
5.6140018E-07,-0.000222
5.6145018E-07,-0.000219
5.6150018E-07,-0.000216
5.6155018E-07,-0.000214
5.6160018E-07,-0.000211
5.6165018E-07,-0.000209
5.6170018E-07,-0.000207
5.6175018E-07,-0.000205
5.6180018E-07,-0.000203
5.6185018E-07,-0.000201
5.6190018E-07,-0.000199
5.6195018E-07,-0.000196
5.6200018E-07,-0.000194
5.6205018E-07,-0.000191
5.6210018E-07,-0.000189
5.6215018E-07,-0.000186
5.6220018E-07,-0.000184
5.6225018E-07,-0.000181
5.6230018E-07,-0.000179
5.6235018E-07,-0.000178
5.6240018E-07,-0.000176
5.6245018E-07,-0.000175
5.6250018E-07,-0.000175
5.6255018E-07,-0.000175
5.6260018E-07,-0.000175
5.6265018E-07,-0.000176
5.6270018E-07,-0.000178
5.6275018E-07,-0.000180
5.6280018E-07,-0.000182
5.6285018E-07,-0.000184
5.6290018E-07,-0.000186
5.6295018E-07,-0.000189
5.6300018E-07,-0.000190
5.6305018E-07,-0.000192
5.6310018E-07,-0.000192
5.6315018E-07,-0.000192
5.6320018E-07,-0.000191
5.6325018E-07,-0.000190
5.6330018E-07,-0.000187
5.6335018E-07,-0.000183
5.6340018E-07,-0.000179
5.6345018E-07,-0.000173
5.6350018E-07,-0.000167
5.6355018E-07,-0.000160
5.6360018E-07,-0.000153
5.6365018E-07,-0.000145
5.6370018E-07,-0.000138
5.6375018E-07,-0.000130
5.6380018E-07,-0.000122
5.6385018E-07,-0.000114
5.6390018E-07,-0.000107
5.6395018E-07,-0.000101
5.6400018E-07,-0.000095
5.6405018E-07,-0.000090
5.6410018E-07,-0.000086
5.6415018E-07,-0.000082
5.6420018E-07,-0.000080
5.6425018E-07,-0.000078
5.6430018E-07,-0.000077
5.6435018E-07,-0.000077
5.6440018E-07,-0.000077
5.6445018E-07,-0.000078
5.6450018E-07,-0.000079
5.6455018E-07,-0.000081
5.6460018E-07,-0.000083
5.6465018E-07,-0.000085
5.6470018E-07,-0.000088
5.6475018E-07,-0.000090
5.6480018E-07,-0.000092
5.6485018E-07,-0.000094
5.6490018E-07,-0.000096
5.6495018E-07,-0.000098
5.6500018E-07,-0.000099
5.6505018E-07,-0.000100
5.6510018E-07,-0.000101
5.6515018E-07,-0.000102
5.6520018E-07,-0.000102
5.6525018E-07,-0.000102
5.6530018E-07,-0.000102
5.6535018E-07,-0.000102
5.6540018E-07,-0.000101
5.6545018E-07,-0.000101
5.6550018E-07,-0.000100
5.6555018E-07,-0.000099
5.6560018E-07,-0.000098
5.6565018E-07,-0.000096
5.6570018E-07,-0.000095
5.6575018E-07,-0.000094
5.6580018E-07,-0.000092
5.6585018E-07,-0.000091
5.6590018E-07,-0.000089
5.6595018E-07,-0.000088
5.6600018E-07,-0.000087
5.6605018E-07,-0.000086
5.6610018E-07,-0.000085
5.6615018E-07,-0.000084
5.6620018E-07,-0.000083
5.6625018E-07,-0.000083
5.6630018E-07,-0.000083
5.6635018E-07,-0.000084
5.6640018E-07,-0.000086
5.6645018E-07,-0.000088
5.6650018E-07,-0.000090
5.6655018E-07,-0.000094
5.6660018E-07,-0.000098
5.6665018E-07,-0.000103
5.6670018E-07,-0.000109
5.6675018E-07,-0.000116
5.6680018E-07,-0.000124
5.6685018E-07,-0.000133
5.6690018E-07,-0.000143
5.6695018E-07,-0.000153
5.6700018E-07,-0.000164
5.6705018E-07,-0.000175
5.6710018E-07,-0.000187
5.6715018E-07,-0.000198
5.6720018E-07,-0.000210
5.6725018E-07,-0.000221
5.6730018E-07,-0.000232
5.6735018E-07,-0.000242
5.6740018E-07,-0.000251
5.6745018E-07,-0.000258
5.6750018E-07,-0.000265
5.6755018E-07,-0.000269
5.6760018E-07,-0.000273
5.6765018E-07,-0.000274
5.6770018E-07,-0.000274
5.6775018E-07,-0.000273
5.6780018E-07,-0.000270
5.6785018E-07,-0.000265
5.6790018E-07,-0.000260
5.6795018E-07,-0.000253
5.6800018E-07,-0.000245
5.6805018E-07,-0.000237
5.6810018E-07,-0.000228
5.6815018E-07,-0.000219
5.6820018E-07,-0.000211
5.6825018E-07,-0.000202
5.6830018E-07,-0.000194
5.6835018E-07,-0.000187
5.6840018E-07,-0.000180
5.6845018E-07,-0.000174
5.6850018E-07,-0.000170
5.6855018E-07,-0.000166
5.6860018E-07,-0.000162
5.6865018E-07,-0.000160
5.6870018E-07,-0.000159
5.6875018E-07,-0.000158
5.6880018E-07,-0.000159
5.6885018E-07,-0.000159
5.6890018E-07,-0.000161
5.6895018E-07,-0.000162
5.6900018E-07,-0.000164
5.6905018E-07,-0.000166
5.6910018E-07,-0.000168
5.6915018E-07,-0.000171
5.6920018E-07,-0.000173
5.6925018E-07,-0.000175
5.6930018E-07,-0.000177
5.6935018E-07,-0.000178
5.6940018E-07,-0.000180
5.6945018E-07,-0.000181
5.6950018E-07,-0.000181
5.6955018E-07,-0.000182
5.6960018E-07,-0.000182
5.6965018E-07,-0.000181
5.6970018E-07,-0.000181
5.6975018E-07,-0.000180
5.6980018E-07,-0.000179
5.6985018E-07,-0.000178
5.6990018E-07,-0.000177
5.6995018E-07,-0.000175
5.7000018E-07,-0.000174
5.7005018E-07,-0.000172
5.7010018E-07,-0.000171
5.7015018E-07,-0.000170
5.7020018E-07,-0.000169
5.7025018E-07,-0.000169
5.7030018E-07,-0.000168
5.7035018E-07,-0.000168
5.7040018E-07,-0.000168
5.7045018E-07,-0.000168
5.7050018E-07,-0.000168
5.7055018E-07,-0.000169
5.7060018E-07,-0.000169
5.7065018E-07,-0.000169
5.7070018E-07,-0.000169
5.7075018E-07,-0.000169
5.7080018E-07,-0.000168
5.7085018E-07,-0.000167
5.7090018E-07,-0.000165
5.7095018E-07,-0.000163
5.7100018E-07,-0.000161
5.7105018E-07,-0.000158
5.7110018E-07,-0.000154
5.7115018E-07,-0.000151
5.7120018E-07,-0.000147
5.7125018E-07,-0.000143
5.7130018E-07,-0.000139
5.7135018E-07,-0.000136
5.7140018E-07,-0.000133
5.7145018E-07,-0.000131
5.7150018E-07,-0.000129
5.7155018E-07,-0.000128
5.7160018E-07,-0.000128
5.7165018E-07,-0.000129
5.7170018E-07,-0.000131
5.7175018E-07,-0.000134
5.7180018E-07,-0.000138
5.7185018E-07,-0.000143
5.7190018E-07,-0.000149
5.7195018E-07,-0.000156
5.7200018E-07,-0.000163
5.7205018E-07,-0.000171
5.7210018E-07,-0.000180
5.7215018E-07,-0.000188
5.7220018E-07,-0.000197
5.7225018E-07,-0.000205
5.7230018E-07,-0.000214
5.7235018E-07,-0.000222
5.7240018E-07,-0.000229
5.7245018E-07,-0.000236
5.7250018E-07,-0.000243
5.7255018E-07,-0.000249
5.7260018E-07,-0.000254
5.7265018E-07,-0.000258
5.7270018E-07,-0.000262
5.7275018E-07,-0.000265
5.7280018E-07,-0.000267
5.7285018E-07,-0.000268
5.7290018E-07,-0.000269
5.7295018E-07,-0.000269
5.7300018E-07,-0.000267
5.7305018E-07,-0.000266
5.7310018E-07,-0.000263
5.7315018E-07,-0.000259
5.7320018E-07,-0.000255
5.7325018E-07,-0.000250
5.7330018E-07,-0.000244
5.7335018E-07,-0.000237
5.7340018E-07,-0.000230
5.7345018E-07,-0.000222
5.7350018E-07,-0.000214
5.7355018E-07,-0.000205
5.7360018E-07,-0.000196
5.7365018E-07,-0.000187
5.7370018E-07,-0.000178
5.7375018E-07,-0.000169
5.7380018E-07,-0.000160
5.7385018E-07,-0.000151
5.7390018E-07,-0.000143
5.7395018E-07,-0.000135
5.7400018E-07,-0.000127
5.7405018E-07,-0.000120
5.7410018E-07,-0.000113
5.7415018E-07,-0.000108
5.7420018E-07,-0.000102
5.7425018E-07,-0.000098
5.7430018E-07,-0.000095
5.7435018E-07,-0.000092
5.7440018E-07,-0.000090
5.7445018E-07,-0.000089
5.7450018E-07,-0.000089
5.7455018E-07,-0.000090
5.7460018E-07,-0.000091
5.7465018E-07,-0.000094
5.7470018E-07,-0.000097
5.7475018E-07,-0.000102
5.7480018E-07,-0.000107
5.7485018E-07,-0.000113
5.7490018E-07,-0.000119
5.7495018E-07,-0.000127
5.7500018E-07,-0.000134
5.7505018E-07,-0.000142
5.7510018E-07,-0.000150
5.7515018E-07,-0.000159
5.7520018E-07,-0.000167
5.7525018E-07,-0.000174
5.7530018E-07,-0.000181
5.7535018E-07,-0.000188
5.7540018E-07,-0.000193
5.7545018E-07,-0.000198
5.7550018E-07,-0.000201
5.7555018E-07,-0.000203
5.7560018E-07,-0.000203
5.7565018E-07,-0.000202
5.7570018E-07,-0.000200
5.7575018E-07,-0.000196
5.7580018E-07,-0.000191
5.7585018E-07,-0.000184
5.7590018E-07,-0.000177
5.7595018E-07,-0.000168
5.7600018E-07,-0.000158
5.7605018E-07,-0.000148
5.7610018E-07,-0.000137
5.7615018E-07,-0.000126
5.7620018E-07,-0.000115
5.7625018E-07,-0.000103
5.7630018E-07,-0.000092
5.7635018E-07,-0.000082
5.7640018E-07,-0.000072
5.7645018E-07,-0.000063
5.7650018E-07,-0.000054
5.7655018E-07,-0.000047
5.7660018E-07,-0.000041
5.7665018E-07,-0.000036
5.7670018E-07,-0.000032
5.7675018E-07,-0.000029
5.7680018E-07,-0.000028
5.7685018E-07,-0.000029
5.7690018E-07,-0.000030
5.7695018E-07,-0.000034
5.7700018E-07,-0.000038
5.7705018E-07,-0.000044
5.7710018E-07,-0.000050
5.7715018E-07,-0.000058
5.7720018E-07,-0.000067
5.7725018E-07,-0.000076
5.7730018E-07,-0.000086
5.7735018E-07,-0.000097
5.7740018E-07,-0.000108
5.7745018E-07,-0.000118
5.7750018E-07,-0.000129
5.7755018E-07,-0.000139
5.7760018E-07,-0.000149
5.7765018E-07,-0.000158
5.7770018E-07,-0.000166
5.7775018E-07,-0.000174
5.7780018E-07,-0.000180
5.7785018E-07,-0.000185
5.7790018E-07,-0.000190
5.7795018E-07,-0.000193
5.7800018E-07,-0.000195
5.7805018E-07,-0.000195
5.7810018E-07,-0.000195
5.7815018E-07,-0.000194
5.7820018E-07,-0.000192
5.7825018E-07,-0.000190
5.7830018E-07,-0.000186
5.7835018E-07,-0.000182
5.7840018E-07,-0.000178
5.7845018E-07,-0.000173
5.7850018E-07,-0.000168
5.7855018E-07,-0.000163
5.7860018E-07,-0.000158
5.7865018E-07,-0.000152
5.7870018E-07,-0.000147
5.7875018E-07,-0.000141
5.7880018E-07,-0.000136
5.7885018E-07,-0.000130
5.7890018E-07,-0.000125
5.7895018E-07,-0.000119
5.7900018E-07,-0.000114
5.7905018E-07,-0.000109
5.7910018E-07,-0.000105
5.7915018E-07,-0.000101
5.7920018E-07,-0.000097
5.7925018E-07,-0.000094
5.7930018E-07,-0.000092
5.7935018E-07,-0.000090
5.7940018E-07,-0.000089
5.7945018E-07,-0.000089
5.7950018E-07,-0.000090
5.7955018E-07,-0.000092
5.7960018E-07,-0.000094
5.7965018E-07,-0.000097
5.7970018E-07,-0.000100
5.7975018E-07,-0.000104
5.7980018E-07,-0.000108
5.7985018E-07,-0.000112
5.7990018E-07,-0.000116
5.7995018E-07,-0.000120
5.8000018E-07,-0.000123
5.8005018E-07,-0.000126
5.8010018E-07,-0.000128
5.8015018E-07,-0.000130
5.8020018E-07,-0.000131
5.8025018E-07,-0.000131
5.8030018E-07,-0.000131
5.8035018E-07,-0.000130
5.8040018E-07,-0.000129
5.8045018E-07,-0.000127
5.8050018E-07,-0.000125
5.8055018E-07,-0.000123
5.8060018E-07,-0.000120
5.8065018E-07,-0.000119
5.8070018E-07,-0.000117
5.8075018E-07,-0.000116
5.8080018E-07,-0.000115
5.8085018E-07,-0.000115
5.8090018E-07,-0.000116
5.8095018E-07,-0.000118
5.8100018E-07,-0.000120
5.8105018E-07,-0.000123
5.8110018E-07,-0.000126
5.8115018E-07,-0.000130
5.8120018E-07,-0.000134
5.8125018E-07,-0.000139
5.8130018E-07,-0.000144
5.8135018E-07,-0.000149
5.8140018E-07,-0.000155
5.8145018E-07,-0.000160
5.8150018E-07,-0.000166
5.8155018E-07,-0.000171
5.8160018E-07,-0.000176
5.8165018E-07,-0.000181
5.8170018E-07,-0.000186
5.8175018E-07,-0.000190
5.8180018E-07,-0.000195
5.8185018E-07,-0.000198
5.8190018E-07,-0.000202
5.8195018E-07,-0.000204
5.8200018E-07,-0.000207
5.8205018E-07,-0.000208
5.8210018E-07,-0.000209
5.8215018E-07,-0.000210
5.8220018E-07,-0.000209
5.8225018E-07,-0.000208
5.8230018E-07,-0.000206
5.8235018E-07,-0.000203
5.8240018E-07,-0.000199
5.8245018E-07,-0.000195
5.8250018E-07,-0.000190
5.8255018E-07,-0.000184
5.8260018E-07,-0.000177
5.8265018E-07,-0.000170
5.8270018E-07,-0.000163
5.8275018E-07,-0.000156
5.8280018E-07,-0.000149
5.8285018E-07,-0.000142
5.8290018E-07,-0.000135
5.8295018E-07,-0.000128
5.8300018E-07,-0.000122
5.8305018E-07,-0.000117
5.8310018E-07,-0.000112
5.8315018E-07,-0.000108
5.8320018E-07,-0.000104
5.8325018E-07,-0.000101
5.8330018E-07,-0.000098
5.8335018E-07,-0.000096
5.8340018E-07,-0.000094
5.8345018E-07,-0.000092
5.8350018E-07,-0.000090
5.8355018E-07,-0.000088
5.8360018E-07,-0.000086
5.8365018E-07,-0.000084
5.8370018E-07,-0.000081
5.8375018E-07,-0.000078
5.8380018E-07,-0.000075
5.8385018E-07,-0.000072
5.8390018E-07,-0.000068
5.8395018E-07,-0.000064
5.8400018E-07,-0.000060
5.8405018E-07,-0.000057
5.8410018E-07,-0.000053
5.8415018E-07,-0.000050
5.8420018E-07,-0.000048
5.8425018E-07,-0.000046
5.8430018E-07,-0.000044
5.8435018E-07,-0.000044
5.8440018E-07,-0.000045
5.8445018E-07,-0.000046
5.8450018E-07,-0.000049
5.8455018E-07,-0.000053
5.8460018E-07,-0.000058
5.8465018E-07,-0.000065
5.8470018E-07,-0.000072
5.8475018E-07,-0.000081
5.8480018E-07,-0.000091
5.8485018E-07,-0.000102
5.8490018E-07,-0.000114
5.8495018E-07,-0.000127
5.8500018E-07,-0.000141
5.8505018E-07,-0.000155
5.8510018E-07,-0.000170
5.8515018E-07,-0.000184
5.8520018E-07,-0.000199
5.8525018E-07,-0.000214
5.8530018E-07,-0.000228
5.8535018E-07,-0.000242
5.8540018E-07,-0.000254
5.8545018E-07,-0.000265
5.8550018E-07,-0.000275
5.8555018E-07,-0.000283
5.8560018E-07,-0.000289
5.8565018E-07,-0.000293
5.8570018E-07,-0.000295
5.8575018E-07,-0.000295
5.8580018E-07,-0.000292
5.8585018E-07,-0.000286
5.8590018E-07,-0.000279
5.8595018E-07,-0.000269
5.8600018E-07,-0.000256
5.8605018E-07,-0.000242
5.8610018E-07,-0.000225
5.8615018E-07,-0.000207
5.8620018E-07,-0.000188
5.8625018E-07,-0.000167
5.8630018E-07,-0.000146
5.8635018E-07,-0.000123
5.8640018E-07,-0.000101
5.8645018E-07,-0.000078
5.8650018E-07,-0.000055
5.8655018E-07,-0.000032
5.8660018E-07,-0.000010
5.8665018E-07,0.000011
5.8670018E-07,0.000032
5.8675018E-07,0.000052
5.8680018E-07,0.000070
5.8685018E-07,0.000088
5.8690018E-07,0.000103
5.8695018E-07,0.000117
5.8700018E-07,0.000130
5.8705018E-07,0.000140
5.8710018E-07,0.000149
5.8715018E-07,0.000155
5.8720018E-07,0.000160
5.8725018E-07,0.000162
5.8730018E-07,0.000161
5.8735018E-07,0.000159
5.8740018E-07,0.000154
5.8745018E-07,0.000146
5.8750018E-07,0.000137
5.8755018E-07,0.000125
5.8760018E-07,0.000112
5.8765018E-07,0.000097
5.8770018E-07,0.000080
5.8775018E-07,0.000062
5.8780018E-07,0.000043
5.8785018E-07,0.000023
5.8790018E-07,0.000004
5.8795018E-07,-0.000016
5.8800018E-07,-0.000036
5.8805018E-07,-0.000055
5.8810018E-07,-0.000074
5.8815018E-07,-0.000091
5.8820018E-07,-0.000108
5.8825018E-07,-0.000123
5.8830018E-07,-0.000138
5.8835018E-07,-0.000150
5.8840018E-07,-0.000162
5.8845018E-07,-0.000172
5.8850018E-07,-0.000182
5.8855018E-07,-0.000190
5.8860018E-07,-0.000198
5.8865018E-07,-0.000205
5.8870018E-07,-0.000211
5.8875018E-07,-0.000217
5.8880018E-07,-0.000222
5.8885018E-07,-0.000228
5.8890018E-07,-0.000233
5.8895018E-07,-0.000238
5.8900018E-07,-0.000244
5.8905018E-07,-0.000249
5.8910018E-07,-0.000255
5.8915018E-07,-0.000261
5.8920018E-07,-0.000267
5.8925018E-07,-0.000273
5.8930018E-07,-0.000280
5.8935018E-07,-0.000287
5.8940018E-07,-0.000294
5.8945018E-07,-0.000301
5.8950018E-07,-0.000308
5.8955018E-07,-0.000315
5.8960018E-07,-0.000322
5.8965018E-07,-0.000329
5.8970018E-07,-0.000335
5.8975018E-07,-0.000342
5.8980018E-07,-0.000348
5.8985018E-07,-0.000354
5.8990018E-07,-0.000359
5.8995018E-07,-0.000363
5.9000018E-07,-0.000367
5.9005018E-07,-0.000370
5.9010018E-07,-0.000371
5.9015018E-07,-0.000372
5.9020018E-07,-0.000371
5.9025018E-07,-0.000369
5.9030018E-07,-0.000366
5.9035018E-07,-0.000362
5.9040018E-07,-0.000356
5.9045018E-07,-0.000349
5.9050018E-07,-0.000340
5.9055018E-07,-0.000331
5.9060018E-07,-0.000321
5.9065018E-07,-0.000309
5.9070018E-07,-0.000297
5.9075018E-07,-0.000285
5.9080018E-07,-0.000272
5.9085018E-07,-0.000259
5.9090018E-07,-0.000246
5.9095018E-07,-0.000232
5.9100018E-07,-0.000219
5.9105018E-07,-0.000206
5.9110018E-07,-0.000193
5.9115018E-07,-0.000180
5.9120018E-07,-0.000167
5.9125018E-07,-0.000154
5.9130018E-07,-0.000142
5.9135018E-07,-0.000129
5.9140018E-07,-0.000116
5.9145018E-07,-0.000104
5.9150018E-07,-0.000091
5.9155018E-07,-0.000078
5.9160018E-07,-0.000066
5.9165018E-07,-0.000053
5.9170018E-07,-0.000040
5.9175018E-07,-0.000028
5.9180018E-07,-0.000016
5.9185018E-07,-0.000004
5.9190018E-07,0.000007
5.9195018E-07,0.000017
5.9200018E-07,0.000026
5.9205018E-07,0.000035
5.9210018E-07,0.000042
5.9215018E-07,0.000047
5.9220018E-07,0.000052
5.9225018E-07,0.000055
5.9230018E-07,0.000056
5.9235018E-07,0.000056
5.9240018E-07,0.000055
5.9245018E-07,0.000052
5.9250018E-07,0.000048
5.9255018E-07,0.000043
5.9260018E-07,0.000037
5.9265018E-07,0.000030
5.9270018E-07,0.000022
5.9275018E-07,0.000014
5.9280018E-07,0.000005
5.9285018E-07,-0.000004
5.9290018E-07,-0.000014
5.9295018E-07,-0.000023
5.9300018E-07,-0.000033
5.9305018E-07,-0.000042
5.9310018E-07,-0.000051
5.9315018E-07,-0.000059
5.9320018E-07,-0.000067
5.9325018E-07,-0.000074
5.9330018E-07,-0.000081
5.9335018E-07,-0.000086
5.9340018E-07,-0.000091
5.9345018E-07,-0.000094
5.9350018E-07,-0.000096
5.9355018E-07,-0.000097
5.9360018E-07,-0.000097
5.9365018E-07,-0.000096
5.9370018E-07,-0.000093
5.9375018E-07,-0.000089
5.9380018E-07,-0.000083
5.9385018E-07,-0.000077
5.9390018E-07,-0.000070
5.9395018E-07,-0.000063
5.9400018E-07,-0.000055
5.9405018E-07,-0.000047
5.9410018E-07,-0.000038
5.9415018E-07,-0.000030
5.9420018E-07,-0.000023
5.9425018E-07,-0.000016
5.9430018E-07,-0.000010
5.9435018E-07,-0.000005
5.9440018E-07,-0.000001
5.9445018E-07,0.000002
5.9450018E-07,0.000004
5.9455018E-07,0.000004
5.9460018E-07,0.000003
5.9465018E-07,-0.000000
5.9470018E-07,-0.000003
5.9475018E-07,-0.000007
5.9480018E-07,-0.000012
5.9485018E-07,-0.000018
5.9490018E-07,-0.000024
5.9495018E-07,-0.000031
5.9500018E-07,-0.000038
5.9505018E-07,-0.000046
5.9510018E-07,-0.000053
5.9515018E-07,-0.000061
5.9520018E-07,-0.000068
5.9525018E-07,-0.000076
5.9530018E-07,-0.000083
5.9535018E-07,-0.000091
5.9540018E-07,-0.000098
5.9545018E-07,-0.000105
5.9550018E-07,-0.000113
5.9555018E-07,-0.000120
5.9560018E-07,-0.000127
5.9565018E-07,-0.000134
5.9570018E-07,-0.000140
5.9575018E-07,-0.000146
5.9580018E-07,-0.000152
5.9585018E-07,-0.000157
5.9590018E-07,-0.000162
5.9595018E-07,-0.000165
5.9600018E-07,-0.000168
5.9605018E-07,-0.000170
5.9610018E-07,-0.000171
5.9615018E-07,-0.000171
5.9620018E-07,-0.000170
5.9625018E-07,-0.000167
5.9630018E-07,-0.000164
5.9635018E-07,-0.000160
5.9640018E-07,-0.000155
5.9645018E-07,-0.000150
5.9650018E-07,-0.000143
5.9655018E-07,-0.000137
5.9660018E-07,-0.000130
5.9665018E-07,-0.000124
5.9670018E-07,-0.000117
5.9675018E-07,-0.000111
5.9680018E-07,-0.000105
5.9685018E-07,-0.000100
5.9690018E-07,-0.000096
5.9695018E-07,-0.000092
5.9700018E-07,-0.000089
5.9705018E-07,-0.000087
5.9710018E-07,-0.000086
5.9715018E-07,-0.000087
5.9720018E-07,-0.000088
5.9725018E-07,-0.000091
5.9730018E-07,-0.000094
5.9735018E-07,-0.000099
5.9740018E-07,-0.000106
5.9745018E-07,-0.000114
5.9750018E-07,-0.000123
5.9755018E-07,-0.000133
5.9760018E-07,-0.000145
5.9765018E-07,-0.000158
5.9770018E-07,-0.000173
5.9775018E-07,-0.000189
5.9780018E-07,-0.000205
5.9785018E-07,-0.000223
5.9790018E-07,-0.000242
5.9795018E-07,-0.000262
5.9800018E-07,-0.000282
5.9805018E-07,-0.000302
5.9810018E-07,-0.000322
5.9815018E-07,-0.000342
5.9820018E-07,-0.000361
5.9825018E-07,-0.000380
5.9830018E-07,-0.000397
5.9835018E-07,-0.000414
5.9840018E-07,-0.000429
5.9845018E-07,-0.000443
5.9850018E-07,-0.000455
5.9855018E-07,-0.000466
5.9860018E-07,-0.000475
5.9865018E-07,-0.000483
5.9870018E-07,-0.000489
5.9875018E-07,-0.000494
5.9880018E-07,-0.000498
5.9885018E-07,-0.000500
5.9890018E-07,-0.000501
5.9895018E-07,-0.000502
5.9900018E-07,-0.000501
5.9905018E-07,-0.000499
5.9910018E-07,-0.000497
5.9915018E-07,-0.000493
5.9920018E-07,-0.000489
5.9925018E-07,-0.000484
5.9930018E-07,-0.000478
5.9935018E-07,-0.000471
5.9940018E-07,-0.000463
5.9945018E-07,-0.000454
5.9950018E-07,-0.000445
5.9955018E-07,-0.000435
5.9960018E-07,-0.000424
5.9965018E-07,-0.000413
5.9970018E-07,-0.000401
5.9975018E-07,-0.000389
5.9980018E-07,-0.000377
5.9985018E-07,-0.000365
5.9990018E-07,-0.000353
5.9995018E-07,-0.000342
6.0000018E-07,-0.000331
6.0005018E-07,-0.000321
6.0010018E-07,-0.000312
6.0015018E-07,-0.000303
6.0020018E-07,-0.000296
6.0025018E-07,-0.000289
6.0030018E-07,-0.000283
6.0035018E-07,-0.000278
6.0040018E-07,-0.000274
6.0045018E-07,-0.000270
6.0050018E-07,-0.000266
6.0055018E-07,-0.000262
6.0060018E-07,-0.000259
6.0065018E-07,-0.000255
6.0070018E-07,-0.000252
6.0075018E-07,-0.000248
6.0080018E-07,-0.000243
6.0085018E-07,-0.000238
6.0090018E-07,-0.000233
6.0095018E-07,-0.000227
6.0100018E-07,-0.000221
6.0105018E-07,-0.000215
6.0110018E-07,-0.000208
6.0115018E-07,-0.000201
6.0120018E-07,-0.000194
6.0125018E-07,-0.000187
6.0130018E-07,-0.000180
6.0135018E-07,-0.000172
6.0140018E-07,-0.000165
6.0145018E-07,-0.000158
6.0150018E-07,-0.000151
6.0155018E-07,-0.000143
6.0160018E-07,-0.000136
6.0165018E-07,-0.000128
6.0170018E-07,-0.000120
6.0175018E-07,-0.000112
6.0180018E-07,-0.000103
6.0185018E-07,-0.000094
6.0190018E-07,-0.000084
6.0195018E-07,-0.000075
6.0200018E-07,-0.000064
6.0205018E-07,-0.000054
6.0210018E-07,-0.000043
6.0215018E-07,-0.000032
6.0220018E-07,-0.000021
6.0225018E-07,-0.000010
6.0230018E-07,0.000001
6.0235018E-07,0.000012
6.0240018E-07,0.000023
6.0245018E-07,0.000033
6.0250018E-07,0.000044
6.0255018E-07,0.000054
6.0260018E-07,0.000064
6.0265018E-07,0.000074
6.0270018E-07,0.000084
6.0275018E-07,0.000093
6.0280018E-07,0.000102
6.0285018E-07,0.000111
6.0290018E-07,0.000120
6.0295018E-07,0.000128
6.0300018E-07,0.000136
6.0305018E-07,0.000144
6.0310018E-07,0.000151
6.0315018E-07,0.000157
6.0320018E-07,0.000162
6.0325018E-07,0.000166
6.0330018E-07,0.000169
6.0335018E-07,0.000171
6.0340018E-07,0.000171
6.0345018E-07,0.000170
6.0350018E-07,0.000168
6.0355018E-07,0.000164
6.0360018E-07,0.000159
6.0365018E-07,0.000153
6.0370018E-07,0.000145
6.0375018E-07,0.000137
6.0380018E-07,0.000128
6.0385018E-07,0.000118
6.0390018E-07,0.000108
6.0395018E-07,0.000098
6.0400018E-07,0.000088
6.0405018E-07,0.000078
6.0410018E-07,0.000069
6.0415018E-07,0.000060
6.0420018E-07,0.000052
6.0425018E-07,0.000044
6.0430018E-07,0.000038
6.0435018E-07,0.000032
6.0440018E-07,0.000026
6.0445018E-07,0.000022
6.0450018E-07,0.000018
6.0455018E-07,0.000014
6.0460018E-07,0.000011
6.0465018E-07,0.000008
6.0470018E-07,0.000005
6.0475018E-07,0.000002
6.0480018E-07,-0.000000
6.0485018E-07,-0.000003
6.0490018E-07,-0.000005
6.0495018E-07,-0.000008
6.0500018E-07,-0.000010
6.0505018E-07,-0.000013
6.0510018E-07,-0.000015
6.0515018E-07,-0.000017
6.0520018E-07,-0.000019
6.0525018E-07,-0.000020
6.0530018E-07,-0.000022
6.0535018E-07,-0.000023
6.0540018E-07,-0.000024
6.0545018E-07,-0.000026
6.0550018E-07,-0.000027
6.0555018E-07,-0.000028
6.0560018E-07,-0.000029
6.0565018E-07,-0.000031
6.0570018E-07,-0.000032
6.0575018E-07,-0.000034
6.0580018E-07,-0.000037
6.0585018E-07,-0.000040
6.0590018E-07,-0.000043
6.0595018E-07,-0.000046
6.0600018E-07,-0.000050
6.0605018E-07,-0.000054
6.0610018E-07,-0.000058
6.0615018E-07,-0.000062
6.0620018E-07,-0.000066
6.0625018E-07,-0.000070
6.0630018E-07,-0.000073
6.0635018E-07,-0.000076
6.0640018E-07,-0.000079
6.0645018E-07,-0.000080
6.0650018E-07,-0.000082
6.0655018E-07,-0.000082
6.0660018E-07,-0.000082
6.0665018E-07,-0.000081
6.0670018E-07,-0.000079
6.0675018E-07,-0.000077
6.0680018E-07,-0.000074
6.0685018E-07,-0.000070
6.0690018E-07,-0.000066
6.0695018E-07,-0.000062
6.0700018E-07,-0.000058
6.0705018E-07,-0.000053
6.0710018E-07,-0.000048
6.0715018E-07,-0.000044
6.0720018E-07,-0.000039
6.0725018E-07,-0.000035
6.0730018E-07,-0.000030
6.0735018E-07,-0.000026
6.0740018E-07,-0.000022
6.0745018E-07,-0.000018
6.0750018E-07,-0.000015
6.0755018E-07,-0.000012
6.0760018E-07,-0.000009
6.0765018E-07,-0.000007
6.0770018E-07,-0.000005
6.0775018E-07,-0.000003
6.0780018E-07,-0.000002
6.0785018E-07,-0.000001
6.0790018E-07,-0.000001
6.0795018E-07,-0.000001
6.0800018E-07,-0.000001
6.0805018E-07,-0.000001
6.0810018E-07,-0.000002
6.0815018E-07,-0.000003
6.0820018E-07,-0.000003
6.0825018E-07,-0.000003
6.0830018E-07,-0.000003
6.0835018E-07,-0.000003
6.0840018E-07,-0.000002
6.0845018E-07,-0.000001
6.0850018E-07,0.000001
6.0855018E-07,0.000004
6.0860018E-07,0.000008
6.0865018E-07,0.000012
6.0870018E-07,0.000016
6.0875018E-07,0.000022
6.0880018E-07,0.000027
6.0885018E-07,0.000033
6.0890018E-07,0.000039
6.0895018E-07,0.000045
6.0900018E-07,0.000050
6.0905018E-07,0.000055
6.0910018E-07,0.000059
6.0915018E-07,0.000062
6.0920018E-07,0.000064
6.0925018E-07,0.000066
6.0930018E-07,0.000066
6.0935018E-07,0.000065
6.0940018E-07,0.000063
6.0945018E-07,0.000060
6.0950018E-07,0.000056
6.0955018E-07,0.000051
6.0960018E-07,0.000046
6.0965018E-07,0.000041
6.0970018E-07,0.000036
6.0975018E-07,0.000030
6.0980018E-07,0.000025
6.0985018E-07,0.000020
6.0990018E-07,0.000015
6.0995018E-07,0.000011
6.1000018E-07,0.000008
6.1005018E-07,0.000004
6.1010018E-07,0.000002
6.1015018E-07,-0.000000
6.1020018E-07,-0.000002
6.1025018E-07,-0.000004
6.1030018E-07,-0.000005
6.1035018E-07,-0.000007
6.1040018E-07,-0.000009
6.1045018E-07,-0.000011
6.1050018E-07,-0.000013
6.1055018E-07,-0.000015
6.1060018E-07,-0.000018
6.1065018E-07,-0.000022
6.1070018E-07,-0.000025
6.1075018E-07,-0.000030
6.1080018E-07,-0.000034
6.1085018E-07,-0.000039
6.1090018E-07,-0.000044
6.1095018E-07,-0.000049
6.1100018E-07,-0.000055
6.1105018E-07,-0.000061
6.1110018E-07,-0.000067
6.1115018E-07,-0.000073
6.1120018E-07,-0.000080
6.1125018E-07,-0.000086
6.1130018E-07,-0.000093
6.1135018E-07,-0.000100
6.1140018E-07,-0.000107
6.1145018E-07,-0.000114
6.1150018E-07,-0.000121
6.1155018E-07,-0.000128
6.1160018E-07,-0.000135
6.1165018E-07,-0.000141
6.1170018E-07,-0.000147
6.1175018E-07,-0.000153
6.1180018E-07,-0.000157
6.1185018E-07,-0.000161
6.1190018E-07,-0.000164
6.1195018E-07,-0.000165
6.1200018E-07,-0.000165
6.1205018E-07,-0.000164
6.1210018E-07,-0.000161
6.1215018E-07,-0.000156
6.1220018E-07,-0.000149
6.1225018E-07,-0.000141
6.1230018E-07,-0.000131
6.1235018E-07,-0.000120
6.1240018E-07,-0.000107
6.1245018E-07,-0.000093
6.1250018E-07,-0.000079
6.1255018E-07,-0.000063
6.1260018E-07,-0.000047
6.1265018E-07,-0.000030
6.1270018E-07,-0.000014
6.1275018E-07,0.000003
6.1280018E-07,0.000019
6.1285018E-07,0.000034
6.1290018E-07,0.000049
6.1295018E-07,0.000064
6.1300018E-07,0.000077
6.1305018E-07,0.000090
6.1310018E-07,0.000101
6.1315018E-07,0.000112
6.1320018E-07,0.000121
6.1325018E-07,0.000130
6.1330018E-07,0.000137
6.1335018E-07,0.000143
6.1340018E-07,0.000148
6.1345018E-07,0.000153
6.1350018E-07,0.000156
6.1355018E-07,0.000158
6.1360018E-07,0.000159
6.1365018E-07,0.000159
6.1370018E-07,0.000158
6.1375018E-07,0.000157
6.1380018E-07,0.000155
6.1385018E-07,0.000152
6.1390018E-07,0.000149
6.1395018E-07,0.000145
6.1400018E-07,0.000141
6.1405018E-07,0.000138
6.1410018E-07,0.000134
6.1415018E-07,0.000130
6.1420018E-07,0.000127
6.1425018E-07,0.000124
6.1430018E-07,0.000121
6.1435018E-07,0.000119
6.1440018E-07,0.000117
6.1445018E-07,0.000116
6.1450018E-07,0.000115
6.1455018E-07,0.000114
6.1460018E-07,0.000114
6.1465018E-07,0.000114
6.1470018E-07,0.000113
6.1475018E-07,0.000113
6.1480018E-07,0.000113
6.1485018E-07,0.000112
6.1490018E-07,0.000111
6.1495018E-07,0.000110
6.1500018E-07,0.000108
6.1505018E-07,0.000106
6.1510018E-07,0.000104
6.1515018E-07,0.000101
6.1520018E-07,0.000098
6.1525018E-07,0.000096
6.1530018E-07,0.000093
6.1535018E-07,0.000090
6.1540018E-07,0.000088
6.1545018E-07,0.000085
6.1550018E-07,0.000083
6.1555018E-07,0.000080
6.1560018E-07,0.000078
6.1565018E-07,0.000076
6.1570018E-07,0.000073
6.1575018E-07,0.000070
6.1580018E-07,0.000067
6.1585018E-07,0.000063
6.1590018E-07,0.000059
6.1595018E-07,0.000053
6.1600018E-07,0.000047
6.1605018E-07,0.000040
6.1610018E-07,0.000032
6.1615018E-07,0.000023
6.1620018E-07,0.000014
6.1625018E-07,0.000004
6.1630018E-07,-0.000007
6.1635018E-07,-0.000018
6.1640018E-07,-0.000029
6.1645018E-07,-0.000040
6.1650018E-07,-0.000051
6.1655018E-07,-0.000061
6.1660018E-07,-0.000071
6.1665018E-07,-0.000079
6.1670018E-07,-0.000087
6.1675018E-07,-0.000093
6.1680018E-07,-0.000099
6.1685018E-07,-0.000103
6.1690018E-07,-0.000106
6.1695018E-07,-0.000109
6.1700018E-07,-0.000111
6.1705018E-07,-0.000112
6.1710018E-07,-0.000113
6.1715018E-07,-0.000113
6.1720018E-07,-0.000114
6.1725018E-07,-0.000115
6.1730018E-07,-0.000115
6.1735018E-07,-0.000116
6.1740018E-07,-0.000118
6.1745018E-07,-0.000120
6.1750018E-07,-0.000122
6.1755018E-07,-0.000124
6.1760018E-07,-0.000127
6.1765018E-07,-0.000129
6.1770018E-07,-0.000132
6.1775018E-07,-0.000135
6.1780018E-07,-0.000137
6.1785018E-07,-0.000140
6.1790018E-07,-0.000142
6.1795018E-07,-0.000144
6.1800018E-07,-0.000145
6.1805018E-07,-0.000146
6.1810018E-07,-0.000148
6.1815018E-07,-0.000149
6.1820018E-07,-0.000150
6.1825018E-07,-0.000151
6.1830018E-07,-0.000152
6.1835018E-07,-0.000153
6.1840018E-07,-0.000155
6.1845018E-07,-0.000156
6.1850018E-07,-0.000159
6.1855018E-07,-0.000161
6.1860018E-07,-0.000163
6.1865018E-07,-0.000166
6.1870018E-07,-0.000168
6.1875018E-07,-0.000170
6.1880018E-07,-0.000172
6.1885018E-07,-0.000174
6.1890018E-07,-0.000175
6.1895018E-07,-0.000175
6.1900018E-07,-0.000174
6.1905018E-07,-0.000172
6.1910018E-07,-0.000169
6.1915018E-07,-0.000166
6.1920018E-07,-0.000162
6.1925018E-07,-0.000156
6.1930018E-07,-0.000151
6.1935018E-07,-0.000145
6.1940018E-07,-0.000138
6.1945018E-07,-0.000132
6.1950018E-07,-0.000125
6.1955018E-07,-0.000119
6.1960018E-07,-0.000114
6.1965018E-07,-0.000109
6.1970018E-07,-0.000105
6.1975018E-07,-0.000102
6.1980018E-07,-0.000101
6.1985018E-07,-0.000100
6.1990018E-07,-0.000101
6.1995018E-07,-0.000103
6.2000018E-07,-0.000106
6.2005018E-07,-0.000110
6.2010018E-07,-0.000115
6.2015018E-07,-0.000121
6.2020018E-07,-0.000129
6.2025018E-07,-0.000136
6.2030018E-07,-0.000145
6.2035018E-07,-0.000154
6.2040018E-07,-0.000163
6.2045018E-07,-0.000173
6.2050018E-07,-0.000183
6.2055018E-07,-0.000193
6.2060018E-07,-0.000203
6.2065018E-07,-0.000213
6.2070018E-07,-0.000223
6.2075018E-07,-0.000233
6.2080018E-07,-0.000242
6.2085018E-07,-0.000251
6.2090018E-07,-0.000259
6.2095018E-07,-0.000267
6.2100018E-07,-0.000275
6.2105018E-07,-0.000282
6.2110018E-07,-0.000288
6.2115018E-07,-0.000294
6.2120018E-07,-0.000299
6.2125018E-07,-0.000303
6.2130018E-07,-0.000307
6.2135018E-07,-0.000310
6.2140018E-07,-0.000313
6.2145018E-07,-0.000315
6.2150018E-07,-0.000316
6.2155018E-07,-0.000317
6.2160018E-07,-0.000317
6.2165018E-07,-0.000317
6.2170018E-07,-0.000316
6.2175018E-07,-0.000314
6.2180018E-07,-0.000311
6.2185018E-07,-0.000308
6.2190018E-07,-0.000304
6.2195018E-07,-0.000299
6.2200018E-07,-0.000293
6.2205018E-07,-0.000286
6.2210018E-07,-0.000277
6.2215018E-07,-0.000267
6.2220018E-07,-0.000256
6.2225018E-07,-0.000244
6.2230018E-07,-0.000231
6.2235018E-07,-0.000216
6.2240018E-07,-0.000201
6.2245018E-07,-0.000184
6.2250018E-07,-0.000167
6.2255018E-07,-0.000149
6.2260018E-07,-0.000131
6.2265018E-07,-0.000113
6.2270018E-07,-0.000095
6.2275018E-07,-0.000077
6.2280018E-07,-0.000060
6.2285018E-07,-0.000043
6.2290018E-07,-0.000027
6.2295018E-07,-0.000012
6.2300018E-07,0.000002
6.2305018E-07,0.000015
6.2310018E-07,0.000028
6.2315018E-07,0.000039
6.2320018E-07,0.000050
6.2325018E-07,0.000060
6.2330018E-07,0.000069
6.2335018E-07,0.000078
6.2340018E-07,0.000086
6.2345018E-07,0.000094
6.2350018E-07,0.000102
6.2355018E-07,0.000109
6.2360018E-07,0.000116
6.2365018E-07,0.000122
6.2370018E-07,0.000128
6.2375018E-07,0.000133
6.2380018E-07,0.000138
6.2385018E-07,0.000142
6.2390018E-07,0.000145
6.2395018E-07,0.000148
6.2400018E-07,0.000150
6.2405018E-07,0.000150
6.2410018E-07,0.000150
6.2415018E-07,0.000150
6.2420018E-07,0.000148
6.2425018E-07,0.000146
6.2430018E-07,0.000143
6.2435018E-07,0.000140
6.2440018E-07,0.000137
6.2445018E-07,0.000134
6.2450018E-07,0.000131
6.2455018E-07,0.000128
6.2460018E-07,0.000126
6.2465018E-07,0.000124
6.2470018E-07,0.000123
6.2475018E-07,0.000122
6.2480018E-07,0.000121
6.2485018E-07,0.000121
6.2490018E-07,0.000122
6.2495018E-07,0.000122
6.2500018E-07,0.000123
6.2505018E-07,0.000124
6.2510018E-07,0.000124
6.2515018E-07,0.000124
6.2520018E-07,0.000123
6.2525018E-07,0.000122
6.2530018E-07,0.000120
6.2535018E-07,0.000117
6.2540018E-07,0.000113
6.2545018E-07,0.000108
6.2550018E-07,0.000102
6.2555018E-07,0.000095
6.2560018E-07,0.000088
6.2565018E-07,0.000080
6.2570018E-07,0.000071
6.2575018E-07,0.000062
6.2580018E-07,0.000053
6.2585018E-07,0.000043
6.2590018E-07,0.000034
6.2595018E-07,0.000024
6.2600018E-07,0.000015
6.2605018E-07,0.000006
6.2610018E-07,-0.000003
6.2615018E-07,-0.000011
6.2620018E-07,-0.000019
6.2625018E-07,-0.000026
6.2630018E-07,-0.000033
6.2635018E-07,-0.000039
6.2640018E-07,-0.000045
6.2645018E-07,-0.000050
6.2650018E-07,-0.000055
6.2655018E-07,-0.000059
6.2660018E-07,-0.000063
6.2665018E-07,-0.000066
6.2670018E-07,-0.000069
6.2675018E-07,-0.000072
6.2680018E-07,-0.000074
6.2685018E-07,-0.000075
6.2690018E-07,-0.000077
6.2695018E-07,-0.000078
6.2700018E-07,-0.000079
6.2705018E-07,-0.000080
6.2710018E-07,-0.000080
6.2715018E-07,-0.000082
6.2720018E-07,-0.000083
6.2725018E-07,-0.000084
6.2730018E-07,-0.000085
6.2735018E-07,-0.000087
6.2740018E-07,-0.000089
6.2745018E-07,-0.000091
6.2750018E-07,-0.000093
6.2755018E-07,-0.000095
6.2760018E-07,-0.000097
6.2765018E-07,-0.000099
6.2770018E-07,-0.000101
6.2775018E-07,-0.000102
6.2780018E-07,-0.000102
6.2785018E-07,-0.000101
6.2790018E-07,-0.000100
6.2795018E-07,-0.000098
6.2800018E-07,-0.000095
6.2805018E-07,-0.000091
6.2810018E-07,-0.000086
6.2815018E-07,-0.000080
6.2820018E-07,-0.000074
6.2825018E-07,-0.000067
6.2830018E-07,-0.000060
6.2835018E-07,-0.000053
6.2840018E-07,-0.000047
6.2845018E-07,-0.000040
6.2850018E-07,-0.000035
6.2855018E-07,-0.000030
6.2860018E-07,-0.000026
6.2865018E-07,-0.000023
6.2870018E-07,-0.000021
6.2875018E-07,-0.000021
6.2880018E-07,-0.000021
6.2885018E-07,-0.000023
6.2890018E-07,-0.000026
6.2895018E-07,-0.000031
6.2900018E-07,-0.000036
6.2905018E-07,-0.000042
6.2910018E-07,-0.000048
6.2915018E-07,-0.000054
6.2920018E-07,-0.000061
6.2925018E-07,-0.000068
6.2930018E-07,-0.000075
6.2935018E-07,-0.000081
6.2940018E-07,-0.000087
6.2945018E-07,-0.000093
6.2950018E-07,-0.000098
6.2955018E-07,-0.000103
6.2960018E-07,-0.000107
6.2965018E-07,-0.000110
6.2970018E-07,-0.000114
6.2975018E-07,-0.000116
6.2980018E-07,-0.000118
6.2985018E-07,-0.000120
6.2990018E-07,-0.000121
6.2995018E-07,-0.000122
6.3000018E-07,-0.000122
6.3005018E-07,-0.000122
6.3010018E-07,-0.000121
6.3015018E-07,-0.000120
6.3020018E-07,-0.000118
6.3025018E-07,-0.000116
6.3030018E-07,-0.000113
6.3035018E-07,-0.000110
6.3040018E-07,-0.000106
6.3045018E-07,-0.000102
6.3050018E-07,-0.000097
6.3055018E-07,-0.000092
6.3060018E-07,-0.000088
6.3065018E-07,-0.000083
6.3070018E-07,-0.000078
6.3075018E-07,-0.000074
6.3080018E-07,-0.000070
6.3085018E-07,-0.000067
6.3090018E-07,-0.000065
6.3095018E-07,-0.000063
6.3100018E-07,-0.000062
6.3105018E-07,-0.000062
6.3110018E-07,-0.000063
6.3115018E-07,-0.000065
6.3120018E-07,-0.000067
6.3125018E-07,-0.000069
6.3130018E-07,-0.000072
6.3135018E-07,-0.000075
6.3140018E-07,-0.000078
6.3145018E-07,-0.000081
6.3150018E-07,-0.000083
6.3155018E-07,-0.000084
6.3160018E-07,-0.000085
6.3165018E-07,-0.000085
6.3170018E-07,-0.000083
6.3175018E-07,-0.000081
6.3180018E-07,-0.000077
6.3185018E-07,-0.000073
6.3190018E-07,-0.000067
6.3195018E-07,-0.000060
6.3200018E-07,-0.000052
6.3205018E-07,-0.000044
6.3210018E-07,-0.000034
6.3215018E-07,-0.000024
6.3220018E-07,-0.000013
6.3225018E-07,-0.000001
6.3230018E-07,0.000011
6.3235018E-07,0.000023
6.3240018E-07,0.000036
6.3245018E-07,0.000049
6.3250018E-07,0.000063
6.3255018E-07,0.000076
6.3260018E-07,0.000089
6.3265018E-07,0.000103
6.3270018E-07,0.000115
6.3275018E-07,0.000128
6.3280018E-07,0.000140
6.3285018E-07,0.000152
6.3290018E-07,0.000162
6.3295018E-07,0.000172
6.3300018E-07,0.000181
6.3305018E-07,0.000189
6.3310018E-07,0.000196
6.3315018E-07,0.000202
6.3320018E-07,0.000208
6.3325018E-07,0.000212
6.3330018E-07,0.000216
6.3335018E-07,0.000219
6.3340018E-07,0.000222
6.3345018E-07,0.000224
6.3350018E-07,0.000227
6.3355018E-07,0.000230
6.3360018E-07,0.000233
6.3365018E-07,0.000237
6.3370018E-07,0.000241
6.3375018E-07,0.000246
6.3380018E-07,0.000252
6.3385018E-07,0.000258
6.3390018E-07,0.000265
6.3395018E-07,0.000272
6.3400018E-07,0.000280
6.3405018E-07,0.000288
6.3410018E-07,0.000296
6.3415018E-07,0.000303
6.3420018E-07,0.000310
6.3425018E-07,0.000316
6.3430018E-07,0.000321
6.3435018E-07,0.000325
6.3440018E-07,0.000327
6.3445018E-07,0.000328
6.3450018E-07,0.000327
6.3455018E-07,0.000324
6.3460018E-07,0.000320
6.3465018E-07,0.000315
6.3470018E-07,0.000308
6.3475018E-07,0.000300
6.3480018E-07,0.000291
6.3485018E-07,0.000281
6.3490018E-07,0.000270
6.3495018E-07,0.000258
6.3500018E-07,0.000246
6.3505018E-07,0.000234
6.3510018E-07,0.000221
6.3515018E-07,0.000208
6.3520018E-07,0.000195
6.3525018E-07,0.000182
6.3530018E-07,0.000169
6.3535018E-07,0.000157
6.3540018E-07,0.000144
6.3545018E-07,0.000131
6.3550018E-07,0.000119
6.3555018E-07,0.000106
6.3560018E-07,0.000094
6.3565018E-07,0.000082
6.3570018E-07,0.000070
6.3575018E-07,0.000058
6.3580018E-07,0.000047
6.3585018E-07,0.000036
6.3590018E-07,0.000026
6.3595018E-07,0.000016
6.3600018E-07,0.000006
6.3605018E-07,-0.000003
6.3610018E-07,-0.000011
6.3615018E-07,-0.000020
6.3620018E-07,-0.000027
6.3625018E-07,-0.000034
6.3630018E-07,-0.000041
6.3635018E-07,-0.000048
6.3640018E-07,-0.000054
6.3645018E-07,-0.000060
6.3650018E-07,-0.000066
6.3655018E-07,-0.000071
6.3660018E-07,-0.000076
6.3665018E-07,-0.000081
6.3670018E-07,-0.000086
6.3675018E-07,-0.000090
6.3680018E-07,-0.000093
6.3685018E-07,-0.000096
6.3690018E-07,-0.000098
6.3695018E-07,-0.000100
6.3700018E-07,-0.000100
6.3705018E-07,-0.000100
6.3710018E-07,-0.000098
6.3715018E-07,-0.000096
6.3720018E-07,-0.000093
6.3725018E-07,-0.000089
6.3730018E-07,-0.000084
6.3735018E-07,-0.000079
6.3740018E-07,-0.000073
6.3745018E-07,-0.000067
6.3750018E-07,-0.000061
6.3755018E-07,-0.000056
6.3760018E-07,-0.000051
6.3765018E-07,-0.000046
6.3770018E-07,-0.000042
6.3775018E-07,-0.000040
6.3780018E-07,-0.000038
6.3785018E-07,-0.000037
6.3790018E-07,-0.000038
6.3795018E-07,-0.000040
6.3800018E-07,-0.000043
6.3805018E-07,-0.000047
6.3810018E-07,-0.000052
6.3815018E-07,-0.000058
6.3820018E-07,-0.000064
6.3825018E-07,-0.000071
6.3830018E-07,-0.000078
6.3835018E-07,-0.000086
6.3840018E-07,-0.000093
6.3845018E-07,-0.000101
6.3850018E-07,-0.000109
6.3855018E-07,-0.000116
6.3860018E-07,-0.000123
6.3865018E-07,-0.000131
6.3870018E-07,-0.000138
6.3875018E-07,-0.000145
6.3880018E-07,-0.000152
6.3885018E-07,-0.000159
6.3890018E-07,-0.000166
6.3895018E-07,-0.000174
6.3900018E-07,-0.000181
6.3905018E-07,-0.000188
6.3910018E-07,-0.000195
6.3915018E-07,-0.000203
6.3920018E-07,-0.000210
6.3925018E-07,-0.000217
6.3930018E-07,-0.000223
6.3935018E-07,-0.000229
6.3940018E-07,-0.000235
6.3945018E-07,-0.000240
6.3950018E-07,-0.000245
6.3955018E-07,-0.000249
6.3960018E-07,-0.000252
6.3965018E-07,-0.000255
6.3970018E-07,-0.000257
6.3975018E-07,-0.000258
6.3980018E-07,-0.000259
6.3985018E-07,-0.000260
6.3990018E-07,-0.000260
6.3995018E-07,-0.000260
6.4000018E-07,-0.000259
6.4005018E-07,-0.000259
6.4010018E-07,-0.000258
6.4015018E-07,-0.000257
6.4020018E-07,-0.000257
6.4025018E-07,-0.000256
6.4030018E-07,-0.000255
6.4035018E-07,-0.000255
6.4040018E-07,-0.000255
6.4045018E-07,-0.000254
6.4050018E-07,-0.000254
6.4055018E-07,-0.000254
6.4060018E-07,-0.000254
6.4065018E-07,-0.000254
6.4070018E-07,-0.000254
6.4075018E-07,-0.000255
6.4080018E-07,-0.000255
6.4085018E-07,-0.000256
6.4090018E-07,-0.000258
6.4095018E-07,-0.000259
6.4100018E-07,-0.000261
6.4105018E-07,-0.000264
6.4110018E-07,-0.000267
6.4115018E-07,-0.000271
6.4120018E-07,-0.000276
6.4125018E-07,-0.000281
6.4130018E-07,-0.000286
6.4135018E-07,-0.000292
6.4140018E-07,-0.000298
6.4145018E-07,-0.000304
6.4150018E-07,-0.000309
6.4155018E-07,-0.000315
6.4160018E-07,-0.000319
6.4165018E-07,-0.000323
6.4170018E-07,-0.000326
6.4175018E-07,-0.000327
6.4180018E-07,-0.000327
6.4185018E-07,-0.000326
6.4190018E-07,-0.000322
6.4195018E-07,-0.000317
6.4200018E-07,-0.000310
6.4205018E-07,-0.000300
6.4210018E-07,-0.000289
6.4215018E-07,-0.000276
6.4220018E-07,-0.000261
6.4225018E-07,-0.000245
6.4230018E-07,-0.000226
6.4235018E-07,-0.000207
6.4240018E-07,-0.000186
6.4245018E-07,-0.000165
6.4250018E-07,-0.000142
6.4255018E-07,-0.000119
6.4260018E-07,-0.000096
6.4265018E-07,-0.000073
6.4270018E-07,-0.000050
6.4275018E-07,-0.000028
6.4280018E-07,-0.000006
6.4285018E-07,0.000014
6.4290018E-07,0.000034
6.4295018E-07,0.000052
6.4300018E-07,0.000068
6.4305018E-07,0.000082
6.4310018E-07,0.000095
6.4315018E-07,0.000105
6.4320018E-07,0.000113
6.4325018E-07,0.000118
6.4330018E-07,0.000121
6.4335018E-07,0.000121
6.4340018E-07,0.000119
6.4345018E-07,0.000115
6.4350018E-07,0.000109
6.4355018E-07,0.000100
6.4360018E-07,0.000090
6.4365018E-07,0.000079
6.4370018E-07,0.000066
6.4375018E-07,0.000052
6.4380018E-07,0.000037
6.4385018E-07,0.000023
6.4390018E-07,0.000008
6.4395018E-07,-0.000006
6.4400018E-07,-0.000020
6.4405018E-07,-0.000033
6.4410018E-07,-0.000045
6.4415018E-07,-0.000056
6.4420018E-07,-0.000065
6.4425018E-07,-0.000073
6.4430018E-07,-0.000080
6.4435018E-07,-0.000085
6.4440018E-07,-0.000089
6.4445018E-07,-0.000091
6.4450018E-07,-0.000092
6.4455018E-07,-0.000091
6.4460018E-07,-0.000090
6.4465018E-07,-0.000087
6.4470018E-07,-0.000083
6.4475018E-07,-0.000078
6.4480018E-07,-0.000072
6.4485018E-07,-0.000066
6.4490018E-07,-0.000058
6.4495018E-07,-0.000050
6.4500018E-07,-0.000042
6.4505018E-07,-0.000033
6.4510018E-07,-0.000024
6.4515018E-07,-0.000015
6.4520018E-07,-0.000005
6.4525018E-07,0.000004
6.4530018E-07,0.000013
6.4535018E-07,0.000022
6.4540018E-07,0.000031
6.4545018E-07,0.000039
6.4550018E-07,0.000047
6.4555018E-07,0.000053
6.4560018E-07,0.000059
6.4565018E-07,0.000064
6.4570018E-07,0.000068
6.4575018E-07,0.000070
6.4580018E-07,0.000072
6.4585018E-07,0.000073
6.4590018E-07,0.000072
6.4595018E-07,0.000071
6.4600018E-07,0.000069
6.4605018E-07,0.000066
6.4610018E-07,0.000063
6.4615018E-07,0.000058
6.4620018E-07,0.000054
6.4625018E-07,0.000048
6.4630018E-07,0.000043
6.4635018E-07,0.000037
6.4640018E-07,0.000031
6.4645018E-07,0.000025
6.4650018E-07,0.000018
6.4655018E-07,0.000012
6.4660018E-07,0.000005
6.4665018E-07,-0.000002
6.4670018E-07,-0.000010
6.4675018E-07,-0.000018
6.4680018E-07,-0.000026
6.4685018E-07,-0.000034
6.4690018E-07,-0.000042
6.4695018E-07,-0.000051
6.4700018E-07,-0.000060
6.4705018E-07,-0.000068
6.4710018E-07,-0.000077
6.4715018E-07,-0.000085
6.4720018E-07,-0.000092
6.4725018E-07,-0.000099
6.4730018E-07,-0.000106
6.4735018E-07,-0.000111
6.4740018E-07,-0.000116
6.4745018E-07,-0.000119
6.4750018E-07,-0.000121
6.4755018E-07,-0.000123
6.4760018E-07,-0.000123
6.4765018E-07,-0.000122
6.4770018E-07,-0.000120
6.4775018E-07,-0.000117
6.4780018E-07,-0.000114
6.4785018E-07,-0.000110
6.4790018E-07,-0.000105
6.4795018E-07,-0.000101
6.4800018E-07,-0.000097
6.4805018E-07,-0.000093
6.4810018E-07,-0.000089
6.4815018E-07,-0.000086
6.4820018E-07,-0.000083
6.4825018E-07,-0.000081
6.4830018E-07,-0.000080
6.4835018E-07,-0.000080
6.4840018E-07,-0.000080
6.4845018E-07,-0.000081
6.4850018E-07,-0.000083
6.4855018E-07,-0.000085
6.4860018E-07,-0.000088
6.4865018E-07,-0.000091
6.4870018E-07,-0.000095
6.4875018E-07,-0.000098
6.4880018E-07,-0.000102
6.4885018E-07,-0.000106
6.4890018E-07,-0.000110
6.4895018E-07,-0.000114
6.4900018E-07,-0.000117
6.4905018E-07,-0.000121
6.4910018E-07,-0.000124
6.4915018E-07,-0.000127
6.4920018E-07,-0.000130
6.4925018E-07,-0.000133
6.4930018E-07,-0.000135
6.4935018E-07,-0.000137
6.4940018E-07,-0.000139
6.4945018E-07,-0.000140
6.4950018E-07,-0.000141
6.4955018E-07,-0.000142
6.4960018E-07,-0.000142
6.4965018E-07,-0.000142
6.4970018E-07,-0.000141
6.4975018E-07,-0.000141
6.4980018E-07,-0.000139
6.4985018E-07,-0.000138
6.4990018E-07,-0.000136
6.4995018E-07,-0.000134
6.5000018E-07,-0.000132
6.5005018E-07,-0.000130
6.5010018E-07,-0.000128
6.5015018E-07,-0.000126
6.5020018E-07,-0.000123
6.5025018E-07,-0.000121
6.5030018E-07,-0.000120
6.5035018E-07,-0.000118
6.5040018E-07,-0.000116
6.5045018E-07,-0.000115
6.5050018E-07,-0.000113
6.5055018E-07,-0.000112
6.5060018E-07,-0.000110
6.5065018E-07,-0.000108
6.5070018E-07,-0.000106
6.5075018E-07,-0.000104
6.5080018E-07,-0.000101
6.5085018E-07,-0.000098
6.5090018E-07,-0.000094
6.5095018E-07,-0.000090
6.5100018E-07,-0.000085
6.5105018E-07,-0.000080
6.5110018E-07,-0.000074
6.5115018E-07,-0.000068
6.5120018E-07,-0.000061
6.5125018E-07,-0.000054
6.5130018E-07,-0.000047
6.5135018E-07,-0.000039
6.5140018E-07,-0.000032
6.5145018E-07,-0.000024
6.5150018E-07,-0.000016
6.5155018E-07,-0.000007
6.5160018E-07,0.000001
6.5165018E-07,0.000010
6.5170018E-07,0.000019
6.5175018E-07,0.000028
6.5180018E-07,0.000038
6.5185018E-07,0.000048
6.5190018E-07,0.000058
6.5195018E-07,0.000069
6.5200018E-07,0.000080
6.5205018E-07,0.000092
6.5210018E-07,0.000104
6.5215018E-07,0.000115
6.5220018E-07,0.000127
6.5225018E-07,0.000139
6.5230018E-07,0.000150
6.5235018E-07,0.000161
6.5240018E-07,0.000171
6.5245018E-07,0.000181
6.5250018E-07,0.000189
6.5255018E-07,0.000196
6.5260018E-07,0.000201
6.5265018E-07,0.000205
6.5270018E-07,0.000207
6.5275018E-07,0.000208
6.5280018E-07,0.000207
6.5285018E-07,0.000204
6.5290018E-07,0.000200
6.5295018E-07,0.000194
6.5300018E-07,0.000188
6.5305018E-07,0.000179
6.5310018E-07,0.000170
6.5315018E-07,0.000160
6.5320018E-07,0.000149
6.5325018E-07,0.000138
6.5330018E-07,0.000126
6.5335018E-07,0.000114
6.5340018E-07,0.000101
6.5345018E-07,0.000088
6.5350018E-07,0.000075
6.5355018E-07,0.000061
6.5360018E-07,0.000047
6.5365018E-07,0.000032
6.5370018E-07,0.000016
6.5375018E-07,-0.000001
6.5380018E-07,-0.000018
6.5385018E-07,-0.000037
6.5390018E-07,-0.000057
6.5395018E-07,-0.000078
6.5400018E-07,-0.000101
6.5405018E-07,-0.000124
6.5410018E-07,-0.000149
6.5415018E-07,-0.000175
6.5420018E-07,-0.000202
6.5425018E-07,-0.000230
6.5430018E-07,-0.000259
6.5435018E-07,-0.000288
