LECROYWaveRunner‘N,20113,Waveform
Segments,1,SegmentSize,4002
Segment,TrigTime,TimeSinceSegment1
#1,12-Dec-2018 11:30:29,0                 
Time,Ampl
4.5694880E-07,0.000019
4.5699880E-07,0.000036
4.5704880E-07,0.000054
4.5709880E-07,0.000070
4.5714880E-07,0.000085
4.5719880E-07,0.000098
4.5724880E-07,0.000110
4.5729880E-07,0.000119
4.5734880E-07,0.000127
4.5739880E-07,0.000133
4.5744880E-07,0.000137
4.5749880E-07,0.000140
4.5754880E-07,0.000141
4.5759880E-07,0.000141
4.5764880E-07,0.000141
4.5769880E-07,0.000140
4.5774880E-07,0.000139
4.5779880E-07,0.000138
4.5784880E-07,0.000138
4.5789880E-07,0.000137
4.5794880E-07,0.000137
4.5799880E-07,0.000138
4.5804880E-07,0.000138
4.5809880E-07,0.000139
4.5814880E-07,0.000140
4.5819880E-07,0.000140
4.5824880E-07,0.000141
4.5829880E-07,0.000140
4.5834880E-07,0.000139
4.5839880E-07,0.000136
4.5844880E-07,0.000133
4.5849880E-07,0.000128
4.5854880E-07,0.000122
4.5859880E-07,0.000114
4.5864880E-07,0.000105
4.5869880E-07,0.000095
4.5874880E-07,0.000085
4.5879880E-07,0.000074
4.5884880E-07,0.000062
4.5889880E-07,0.000051
4.5894880E-07,0.000040
4.5899880E-07,0.000029
4.5904880E-07,0.000020
4.5909880E-07,0.000012
4.5914880E-07,0.000006
4.5919880E-07,0.000001
4.5924880E-07,-0.000002
4.5929880E-07,-0.000004
4.5934880E-07,-0.000004
4.5939880E-07,-0.000003
4.5944880E-07,0.000000
4.5949880E-07,0.000003
4.5954880E-07,0.000007
4.5959880E-07,0.000010
4.5964880E-07,0.000014
4.5969880E-07,0.000017
4.5974880E-07,0.000019
4.5979880E-07,0.000020
4.5984880E-07,0.000020
4.5989880E-07,0.000018
4.5994880E-07,0.000015
4.5999880E-07,0.000010
4.6004880E-07,0.000004
4.6009880E-07,-0.000004
4.6014880E-07,-0.000012
4.6019880E-07,-0.000021
4.6024880E-07,-0.000030
4.6029880E-07,-0.000039
4.6034880E-07,-0.000048
4.6039880E-07,-0.000055
4.6044880E-07,-0.000061
4.6049880E-07,-0.000065
4.6054880E-07,-0.000067
4.6059880E-07,-0.000067
4.6064880E-07,-0.000064
4.6069880E-07,-0.000059
4.6074880E-07,-0.000052
4.6079880E-07,-0.000043
4.6084880E-07,-0.000031
4.6089880E-07,-0.000019
4.6094880E-07,-0.000004
4.6099880E-07,0.000010
4.6104880E-07,0.000026
4.6109880E-07,0.000041
4.6114880E-07,0.000056
4.6119880E-07,0.000071
4.6124880E-07,0.000084
4.6129880E-07,0.000096
4.6134880E-07,0.000107
4.6139880E-07,0.000116
4.6144880E-07,0.000124
4.6149880E-07,0.000130
4.6154880E-07,0.000135
4.6159880E-07,0.000140
4.6164880E-07,0.000143
4.6169880E-07,0.000146
4.6174880E-07,0.000148
4.6179880E-07,0.000150
4.6184880E-07,0.000153
4.6189880E-07,0.000156
4.6194880E-07,0.000159
4.6199880E-07,0.000162
4.6204880E-07,0.000166
4.6209880E-07,0.000170
4.6214880E-07,0.000173
4.6219880E-07,0.000177
4.6224880E-07,0.000180
4.6229880E-07,0.000182
4.6234880E-07,0.000183
4.6239880E-07,0.000183
4.6244880E-07,0.000181
4.6249880E-07,0.000176
4.6254880E-07,0.000170
4.6259880E-07,0.000162
4.6264880E-07,0.000151
4.6269880E-07,0.000138
4.6274880E-07,0.000124
4.6279880E-07,0.000108
4.6284880E-07,0.000090
4.6289880E-07,0.000072
4.6294880E-07,0.000053
4.6299880E-07,0.000035
4.6304880E-07,0.000017
4.6309880E-07,-0.000001
4.6314880E-07,-0.000017
4.6319880E-07,-0.000031
4.6324880E-07,-0.000044
4.6329880E-07,-0.000055
4.6334880E-07,-0.000064
4.6339880E-07,-0.000071
4.6344880E-07,-0.000077
4.6349880E-07,-0.000081
4.6354880E-07,-0.000083
4.6359880E-07,-0.000086
4.6364880E-07,-0.000087
4.6369880E-07,-0.000089
4.6374880E-07,-0.000091
4.6379880E-07,-0.000093
4.6384880E-07,-0.000096
4.6389880E-07,-0.000100
4.6394880E-07,-0.000106
4.6399880E-07,-0.000112
4.6404880E-07,-0.000120
4.6409880E-07,-0.000129
4.6414880E-07,-0.000138
4.6419880E-07,-0.000148
4.6424880E-07,-0.000157
4.6429880E-07,-0.000167
4.6434880E-07,-0.000176
4.6439880E-07,-0.000184
4.6444880E-07,-0.000191
4.6449880E-07,-0.000197
4.6454880E-07,-0.000201
4.6459880E-07,-0.000203
4.6464880E-07,-0.000204
4.6469880E-07,-0.000202
4.6474880E-07,-0.000199
4.6479880E-07,-0.000195
4.6484880E-07,-0.000190
4.6489880E-07,-0.000184
4.6494880E-07,-0.000177
4.6499880E-07,-0.000171
4.6504880E-07,-0.000165
4.6509880E-07,-0.000159
4.6514880E-07,-0.000154
4.6519880E-07,-0.000150
4.6524880E-07,-0.000147
4.6529880E-07,-0.000146
4.6534880E-07,-0.000146
4.6539880E-07,-0.000146
4.6544880E-07,-0.000148
4.6549880E-07,-0.000151
4.6554880E-07,-0.000154
4.6559880E-07,-0.000157
4.6564880E-07,-0.000160
4.6569880E-07,-0.000163
4.6574880E-07,-0.000165
4.6579880E-07,-0.000166
4.6584880E-07,-0.000165
4.6589880E-07,-0.000163
4.6594880E-07,-0.000160
4.6599880E-07,-0.000155
4.6604880E-07,-0.000148
4.6609880E-07,-0.000140
4.6614880E-07,-0.000131
4.6619880E-07,-0.000121
4.6624880E-07,-0.000110
4.6629880E-07,-0.000099
4.6634880E-07,-0.000088
4.6639880E-07,-0.000077
4.6644880E-07,-0.000067
4.6649880E-07,-0.000058
4.6654880E-07,-0.000050
4.6659880E-07,-0.000044
4.6664880E-07,-0.000039
4.6669880E-07,-0.000036
4.6674880E-07,-0.000034
4.6679880E-07,-0.000034
4.6684880E-07,-0.000036
4.6689880E-07,-0.000038
4.6694880E-07,-0.000042
4.6699880E-07,-0.000046
4.6704880E-07,-0.000051
4.6709880E-07,-0.000055
4.6714880E-07,-0.000060
4.6719880E-07,-0.000064
4.6724880E-07,-0.000067
4.6729880E-07,-0.000069
4.6734880E-07,-0.000070
4.6739880E-07,-0.000070
4.6744880E-07,-0.000068
4.6749880E-07,-0.000065
4.6754880E-07,-0.000061
4.6759880E-07,-0.000056
4.6764880E-07,-0.000050
4.6769880E-07,-0.000043
4.6774880E-07,-0.000036
4.6779880E-07,-0.000029
4.6784880E-07,-0.000021
4.6789880E-07,-0.000014
4.6794880E-07,-0.000007
4.6799880E-07,-0.000001
4.6804880E-07,0.000005
4.6809880E-07,0.000010
4.6814880E-07,0.000015
4.6819880E-07,0.000019
4.6824880E-07,0.000022
4.6829880E-07,0.000025
4.6834880E-07,0.000027
4.6839880E-07,0.000029
4.6844880E-07,0.000032
4.6849880E-07,0.000034
4.6854880E-07,0.000037
4.6859880E-07,0.000041
4.6864880E-07,0.000045
4.6869880E-07,0.000049
4.6874880E-07,0.000054
4.6879880E-07,0.000059
4.6884880E-07,0.000065
4.6889880E-07,0.000071
4.6894880E-07,0.000077
4.6899880E-07,0.000082
4.6904880E-07,0.000087
4.6909880E-07,0.000092
4.6914880E-07,0.000095
4.6919880E-07,0.000098
4.6924880E-07,0.000099
4.6929880E-07,0.000099
4.6934880E-07,0.000098
4.6939880E-07,0.000096
4.6944880E-07,0.000092
4.6949880E-07,0.000088
4.6954880E-07,0.000084
4.6959880E-07,0.000079
4.6964880E-07,0.000074
4.6969880E-07,0.000069
4.6974880E-07,0.000065
4.6979880E-07,0.000062
4.6984880E-07,0.000061
4.6989880E-07,0.000060
4.6994880E-07,0.000062
4.6999880E-07,0.000065
4.7004880E-07,0.000070
4.7009880E-07,0.000076
4.7014880E-07,0.000083
4.7019880E-07,0.000092
4.7024880E-07,0.000101
4.7029880E-07,0.000110
4.7034880E-07,0.000120
4.7039880E-07,0.000129
4.7044880E-07,0.000137
4.7049880E-07,0.000144
4.7054880E-07,0.000149
4.7059880E-07,0.000153
4.7064880E-07,0.000156
4.7069880E-07,0.000156
4.7074880E-07,0.000155
4.7079880E-07,0.000153
4.7084880E-07,0.000149
4.7089880E-07,0.000144
4.7094880E-07,0.000139
4.7099880E-07,0.000134
4.7104880E-07,0.000128
4.7109880E-07,0.000124
4.7114880E-07,0.000120
4.7119880E-07,0.000117
4.7124880E-07,0.000116
4.7129880E-07,0.000116
4.7134880E-07,0.000117
4.7139880E-07,0.000120
4.7144880E-07,0.000125
4.7149880E-07,0.000130
4.7154880E-07,0.000136
4.7159880E-07,0.000143
4.7164880E-07,0.000150
4.7169880E-07,0.000156
4.7174880E-07,0.000162
4.7179880E-07,0.000167
4.7184880E-07,0.000170
4.7189880E-07,0.000173
4.7194880E-07,0.000173
4.7199880E-07,0.000173
4.7204880E-07,0.000170
4.7209880E-07,0.000166
4.7214880E-07,0.000161
4.7219880E-07,0.000155
4.7224880E-07,0.000148
4.7229880E-07,0.000141
4.7234880E-07,0.000134
4.7239880E-07,0.000126
4.7244880E-07,0.000120
4.7249880E-07,0.000114
4.7254880E-07,0.000108
4.7259880E-07,0.000104
4.7264880E-07,0.000101
4.7269880E-07,0.000098
4.7274880E-07,0.000096
4.7279880E-07,0.000095
4.7284880E-07,0.000094
4.7289880E-07,0.000092
4.7294880E-07,0.000091
4.7299880E-07,0.000089
4.7304880E-07,0.000085
4.7309880E-07,0.000081
4.7314880E-07,0.000074
4.7319880E-07,0.000067
4.7324880E-07,0.000057
4.7329880E-07,0.000046
4.7334880E-07,0.000033
4.7339880E-07,0.000018
4.7344880E-07,0.000003
4.7349880E-07,-0.000014
4.7354880E-07,-0.000031
4.7359880E-07,-0.000048
4.7364880E-07,-0.000065
4.7369880E-07,-0.000082
4.7374880E-07,-0.000097
4.7379880E-07,-0.000111
4.7384880E-07,-0.000123
4.7389880E-07,-0.000133
4.7394880E-07,-0.000142
4.7399880E-07,-0.000148
4.7404880E-07,-0.000152
4.7409880E-07,-0.000153
4.7414880E-07,-0.000153
4.7419880E-07,-0.000152
4.7424880E-07,-0.000149
4.7429880E-07,-0.000145
4.7434880E-07,-0.000140
4.7439880E-07,-0.000135
4.7444880E-07,-0.000131
4.7449880E-07,-0.000126
4.7454880E-07,-0.000122
4.7459880E-07,-0.000118
4.7464880E-07,-0.000116
4.7469880E-07,-0.000114
4.7474880E-07,-0.000114
4.7479880E-07,-0.000115
4.7484880E-07,-0.000116
4.7489880E-07,-0.000118
4.7494880E-07,-0.000121
4.7499880E-07,-0.000124
4.7504880E-07,-0.000127
4.7509880E-07,-0.000130
4.7514880E-07,-0.000132
4.7519880E-07,-0.000134
4.7524880E-07,-0.000135
4.7529880E-07,-0.000135
4.7534880E-07,-0.000134
4.7539880E-07,-0.000132
4.7544880E-07,-0.000129
4.7549880E-07,-0.000125
4.7554880E-07,-0.000120
4.7559880E-07,-0.000115
4.7564880E-07,-0.000109
4.7569880E-07,-0.000102
4.7574880E-07,-0.000096
4.7579880E-07,-0.000089
4.7584880E-07,-0.000083
4.7589880E-07,-0.000077
4.7594880E-07,-0.000072
4.7599880E-07,-0.000067
4.7604880E-07,-0.000062
4.7609880E-07,-0.000059
4.7614880E-07,-0.000056
4.7619880E-07,-0.000053
4.7624880E-07,-0.000051
4.7629880E-07,-0.000050
4.7634880E-07,-0.000048
4.7639880E-07,-0.000046
4.7644880E-07,-0.000044
4.7649880E-07,-0.000042
4.7654880E-07,-0.000039
4.7659880E-07,-0.000036
4.7664880E-07,-0.000032
4.7669880E-07,-0.000027
4.7674880E-07,-0.000021
4.7679880E-07,-0.000015
4.7684880E-07,-0.000009
4.7689880E-07,-0.000002
4.7694880E-07,0.000004
4.7699880E-07,0.000011
4.7704880E-07,0.000017
4.7709880E-07,0.000022
4.7714880E-07,0.000026
4.7719880E-07,0.000030
4.7724880E-07,0.000031
4.7729880E-07,0.000032
4.7734880E-07,0.000030
4.7739880E-07,0.000027
4.7744880E-07,0.000023
4.7749880E-07,0.000017
4.7754880E-07,0.000009
4.7759880E-07,-0.000001
4.7764880E-07,-0.000011
4.7769880E-07,-0.000022
4.7774880E-07,-0.000034
4.7779880E-07,-0.000047
4.7784880E-07,-0.000059
4.7789880E-07,-0.000072
4.7794880E-07,-0.000084
4.7799880E-07,-0.000096
4.7804880E-07,-0.000108
4.7809880E-07,-0.000119
4.7814880E-07,-0.000129
4.7819880E-07,-0.000138
4.7824880E-07,-0.000147
4.7829880E-07,-0.000156
4.7834880E-07,-0.000164
4.7839880E-07,-0.000172
4.7844880E-07,-0.000180
4.7849880E-07,-0.000188
4.7854880E-07,-0.000196
4.7859880E-07,-0.000204
4.7864880E-07,-0.000212
4.7869880E-07,-0.000220
4.7874880E-07,-0.000228
4.7879880E-07,-0.000235
4.7884880E-07,-0.000242
4.7889880E-07,-0.000249
4.7894880E-07,-0.000254
4.7899880E-07,-0.000258
4.7904880E-07,-0.000260
4.7909880E-07,-0.000261
4.7914880E-07,-0.000259
4.7919880E-07,-0.000254
4.7924880E-07,-0.000247
4.7929880E-07,-0.000237
4.7934880E-07,-0.000225
4.7939880E-07,-0.000210
4.7944880E-07,-0.000192
4.7949880E-07,-0.000171
4.7954880E-07,-0.000149
4.7959880E-07,-0.000125
4.7964880E-07,-0.000099
4.7969880E-07,-0.000072
4.7974880E-07,-0.000045
4.7979880E-07,-0.000017
4.7984880E-07,0.000011
4.7989880E-07,0.000037
4.7994880E-07,0.000063
4.7999880E-07,0.000088
4.8004880E-07,0.000112
4.8009880E-07,0.000134
4.8014880E-07,0.000154
4.8019880E-07,0.000173
4.8024880E-07,0.000191
4.8029880E-07,0.000207
4.8034880E-07,0.000223
4.8039880E-07,0.000237
4.8044880E-07,0.000251
4.8049880E-07,0.000264
4.8054880E-07,0.000277
4.8059880E-07,0.000291
4.8064880E-07,0.000304
4.8069880E-07,0.000317
4.8074880E-07,0.000331
4.8079880E-07,0.000346
4.8084880E-07,0.000361
4.8089880E-07,0.000376
4.8094880E-07,0.000391
4.8099880E-07,0.000406
4.8104880E-07,0.000422
4.8109880E-07,0.000436
4.8114880E-07,0.000451
4.8119880E-07,0.000465
4.8124880E-07,0.000477
4.8129880E-07,0.000489
4.8134880E-07,0.000500
4.8139880E-07,0.000509
4.8144880E-07,0.000518
4.8149880E-07,0.000524
4.8154880E-07,0.000530
4.8159880E-07,0.000533
4.8164880E-07,0.000536
4.8169880E-07,0.000537
4.8174880E-07,0.000537
4.8179880E-07,0.000536
4.8184880E-07,0.000534
4.8189880E-07,0.000531
4.8194880E-07,0.000526
4.8199880E-07,0.000521
4.8204880E-07,0.000514
4.8209880E-07,0.000506
4.8214880E-07,0.000497
4.8219880E-07,0.000486
4.8224880E-07,0.000474
4.8229880E-07,0.000461
4.8234880E-07,0.000446
4.8239880E-07,0.000429
4.8244880E-07,0.000410
4.8249880E-07,0.000390
4.8254880E-07,0.000367
4.8259880E-07,0.000343
4.8264880E-07,0.000317
4.8269880E-07,0.000290
4.8274880E-07,0.000262
4.8279880E-07,0.000232
4.8284880E-07,0.000202
4.8289880E-07,0.000172
4.8294880E-07,0.000141
4.8299880E-07,0.000111
4.8304880E-07,0.000082
4.8309880E-07,0.000054
4.8314880E-07,0.000027
4.8319880E-07,0.000003
4.8324880E-07,-0.000019
4.8329880E-07,-0.000039
4.8334880E-07,-0.000056
4.8339880E-07,-0.000070
4.8344880E-07,-0.000081
4.8349880E-07,-0.000090
4.8354880E-07,-0.000095
4.8359880E-07,-0.000099
4.8364880E-07,-0.000100
4.8369880E-07,-0.000100
4.8374880E-07,-0.000097
4.8379880E-07,-0.000094
4.8384880E-07,-0.000089
4.8389880E-07,-0.000085
4.8394880E-07,-0.000079
4.8399880E-07,-0.000074
4.8404880E-07,-0.000070
4.8409880E-07,-0.000066
4.8414880E-07,-0.000062
4.8419880E-07,-0.000059
4.8424880E-07,-0.000057
4.8429880E-07,-0.000055
4.8434880E-07,-0.000054
4.8439880E-07,-0.000053
4.8444880E-07,-0.000053
4.8449880E-07,-0.000052
4.8454880E-07,-0.000051
4.8459880E-07,-0.000049
4.8464880E-07,-0.000047
4.8469880E-07,-0.000043
4.8474880E-07,-0.000039
4.8479880E-07,-0.000033
4.8484880E-07,-0.000026
4.8489880E-07,-0.000018
4.8494880E-07,-0.000009
4.8499880E-07,0.000001
4.8504880E-07,0.000012
4.8509880E-07,0.000023
4.8514880E-07,0.000035
4.8519880E-07,0.000047
4.8524880E-07,0.000058
4.8529880E-07,0.000069
4.8534880E-07,0.000080
4.8539880E-07,0.000089
4.8544880E-07,0.000097
4.8549880E-07,0.000104
4.8554880E-07,0.000110
4.8559880E-07,0.000114
4.8564880E-07,0.000117
4.8569880E-07,0.000119
4.8574880E-07,0.000120
4.8579880E-07,0.000119
4.8584880E-07,0.000118
4.8589880E-07,0.000115
4.8594880E-07,0.000111
4.8599880E-07,0.000107
4.8604880E-07,0.000102
4.8609880E-07,0.000096
4.8614880E-07,0.000089
4.8619880E-07,0.000082
4.8624880E-07,0.000073
4.8629880E-07,0.000063
4.8634880E-07,0.000052
4.8639880E-07,0.000039
4.8644880E-07,0.000025
4.8649880E-07,0.000009
4.8654880E-07,-0.000009
4.8659880E-07,-0.000028
4.8664880E-07,-0.000050
4.8669880E-07,-0.000072
4.8674880E-07,-0.000096
4.8679880E-07,-0.000122
4.8684880E-07,-0.000148
4.8689880E-07,-0.000174
4.8694880E-07,-0.000201
4.8699880E-07,-0.000227
4.8704880E-07,-0.000253
4.8709880E-07,-0.000276
4.8714880E-07,-0.000298
4.8719880E-07,-0.000318
4.8724880E-07,-0.000335
4.8729880E-07,-0.000349
4.8734880E-07,-0.000359
4.8739880E-07,-0.000366
4.8744880E-07,-0.000370
4.8749880E-07,-0.000370
4.8754880E-07,-0.000366
4.8759880E-07,-0.000360
4.8764880E-07,-0.000350
4.8769880E-07,-0.000338
4.8774880E-07,-0.000324
4.8779880E-07,-0.000307
4.8784880E-07,-0.000289
4.8789880E-07,-0.000270
4.8794880E-07,-0.000251
4.8799880E-07,-0.000230
4.8804880E-07,-0.000210
4.8809880E-07,-0.000189
4.8814880E-07,-0.000169
4.8819880E-07,-0.000149
4.8824880E-07,-0.000129
4.8829880E-07,-0.000109
4.8834880E-07,-0.000090
4.8839880E-07,-0.000070
4.8844880E-07,-0.000051
4.8849880E-07,-0.000031
4.8854880E-07,-0.000012
4.8859880E-07,0.000008
4.8864880E-07,0.000027
4.8869880E-07,0.000047
4.8874880E-07,0.000067
4.8879880E-07,0.000087
4.8884880E-07,0.000107
4.8889880E-07,0.000126
4.8894880E-07,0.000145
4.8899880E-07,0.000162
4.8904880E-07,0.000179
4.8909880E-07,0.000194
4.8914880E-07,0.000208
4.8919880E-07,0.000220
4.8924880E-07,0.000230
4.8929880E-07,0.000237
4.8934880E-07,0.000243
4.8939880E-07,0.000247
4.8944880E-07,0.000249
4.8949880E-07,0.000248
4.8954880E-07,0.000246
4.8959880E-07,0.000242
4.8964880E-07,0.000236
4.8969880E-07,0.000229
4.8974880E-07,0.000221
4.8979880E-07,0.000212
4.8984880E-07,0.000202
4.8989880E-07,0.000192
4.8994880E-07,0.000181
4.8999880E-07,0.000169
4.9004880E-07,0.000158
4.9009880E-07,0.000146
4.9014880E-07,0.000134
4.9019880E-07,0.000122
4.9024880E-07,0.000110
4.9029880E-07,0.000098
4.9034880E-07,0.000086
4.9039880E-07,0.000074
4.9044880E-07,0.000061
4.9049880E-07,0.000049
4.9054880E-07,0.000036
4.9059880E-07,0.000023
4.9064880E-07,0.000010
4.9069880E-07,-0.000003
4.9074880E-07,-0.000016
4.9079880E-07,-0.000030
4.9084880E-07,-0.000043
4.9089880E-07,-0.000056
4.9094880E-07,-0.000068
4.9099880E-07,-0.000081
4.9104880E-07,-0.000093
4.9109880E-07,-0.000104
4.9114880E-07,-0.000115
4.9119880E-07,-0.000124
4.9124880E-07,-0.000134
4.9129880E-07,-0.000142
4.9134880E-07,-0.000149
4.9139880E-07,-0.000156
4.9144880E-07,-0.000163
4.9149880E-07,-0.000168
4.9154880E-07,-0.000174
4.9159880E-07,-0.000179
4.9164880E-07,-0.000184
4.9169880E-07,-0.000190
4.9174880E-07,-0.000196
4.9179880E-07,-0.000202
4.9184880E-07,-0.000210
4.9189880E-07,-0.000219
4.9194880E-07,-0.000230
4.9199880E-07,-0.000242
4.9204880E-07,-0.000256
4.9209880E-07,-0.000272
4.9214880E-07,-0.000290
4.9219880E-07,-0.000310
4.9224880E-07,-0.000332
4.9229880E-07,-0.000356
4.9234880E-07,-0.000382
4.9239880E-07,-0.000409
4.9244880E-07,-0.000437
4.9249880E-07,-0.000467
4.9254880E-07,-0.000497
4.9259880E-07,-0.000528
4.9264880E-07,-0.000560
4.9269880E-07,-0.000591
4.9274880E-07,-0.000623
4.9279880E-07,-0.000654
4.9284880E-07,-0.000685
4.9289880E-07,-0.000716
4.9294880E-07,-0.000746
4.9299880E-07,-0.000776
4.9304880E-07,-0.000805
4.9309880E-07,-0.000835
4.9314880E-07,-0.000864
4.9319880E-07,-0.000894
4.9324880E-07,-0.000924
4.9329880E-07,-0.000954
4.9334880E-07,-0.000984
4.9339880E-07,-0.001016
4.9344880E-07,-0.001047
4.9349880E-07,-0.001080
4.9354880E-07,-0.001113
4.9359880E-07,-0.001146
4.9364880E-07,-0.001180
4.9369880E-07,-0.001213
4.9374880E-07,-0.001247
4.9379880E-07,-0.001280
4.9384880E-07,-0.001313
4.9389880E-07,-0.001345
4.9394880E-07,-0.001376
4.9399880E-07,-0.001407
4.9404880E-07,-0.001436
4.9409880E-07,-0.001463
4.9414880E-07,-0.001490
4.9419880E-07,-0.001516
4.9424880E-07,-0.001541
4.9429880E-07,-0.001565
4.9434880E-07,-0.001588
4.9439880E-07,-0.001612
4.9444880E-07,-0.001636
4.9449880E-07,-0.001660
4.9454880E-07,-0.001685
4.9459880E-07,-0.001711
4.9464880E-07,-0.001739
4.9469880E-07,-0.001769
4.9474880E-07,-0.001800
4.9479880E-07,-0.001834
4.9484880E-07,-0.001869
4.9489880E-07,-0.001906
4.9494880E-07,-0.001945
4.9499880E-07,-0.001986
4.9504880E-07,-0.002027
4.9509880E-07,-0.002070
4.9514880E-07,-0.002113
4.9519880E-07,-0.002156
4.9524880E-07,-0.002198
4.9529880E-07,-0.002240
4.9534880E-07,-0.002280
4.9539880E-07,-0.002319
4.9544880E-07,-0.002356
4.9549880E-07,-0.002391
4.9554880E-07,-0.002424
4.9559880E-07,-0.002454
4.9564880E-07,-0.002482
4.9569880E-07,-0.002508
4.9574880E-07,-0.002531
4.9579880E-07,-0.002552
4.9584880E-07,-0.002571
4.9589880E-07,-0.002588
4.9594880E-07,-0.002604
4.9599880E-07,-0.002619
4.9604880E-07,-0.002633
4.9609880E-07,-0.002646
4.9614880E-07,-0.002658
4.9619880E-07,-0.002671
4.9624880E-07,-0.002683
4.9629880E-07,-0.002696
4.9634880E-07,-0.002709
4.9639880E-07,-0.002722
4.9644880E-07,-0.002736
4.9649880E-07,-0.002751
4.9654880E-07,-0.002767
4.9659880E-07,-0.002784
4.9664880E-07,-0.002802
4.9669880E-07,-0.002822
4.9674880E-07,-0.002843
4.9679880E-07,-0.002865
4.9684880E-07,-0.002888
4.9689880E-07,-0.002914
4.9694880E-07,-0.002941
4.9699880E-07,-0.002971
4.9704880E-07,-0.003002
4.9709880E-07,-0.003035
4.9714880E-07,-0.003071
4.9719880E-07,-0.003108
4.9724880E-07,-0.003148
4.9729880E-07,-0.003191
4.9734880E-07,-0.003235
4.9739880E-07,-0.003281
4.9744880E-07,-0.003330
4.9749880E-07,-0.003380
4.9754880E-07,-0.003431
4.9759880E-07,-0.003485
4.9764880E-07,-0.003539
4.9769880E-07,-0.003595
4.9774880E-07,-0.003651
4.9779880E-07,-0.003708
4.9784880E-07,-0.003766
4.9789880E-07,-0.003823
4.9794880E-07,-0.003881
4.9799880E-07,-0.003938
4.9804880E-07,-0.003995
4.9809880E-07,-0.004051
4.9814880E-07,-0.004107
4.9819880E-07,-0.004161
4.9824880E-07,-0.004215
4.9829880E-07,-0.004267
4.9834880E-07,-0.004318
4.9839880E-07,-0.004367
4.9844880E-07,-0.004416
4.9849880E-07,-0.004463
4.9854880E-07,-0.004508
4.9859880E-07,-0.004552
4.9864880E-07,-0.004595
4.9869880E-07,-0.004637
4.9874880E-07,-0.004677
4.9879880E-07,-0.004716
4.9884880E-07,-0.004753
4.9889880E-07,-0.004790
4.9894880E-07,-0.004825
4.9899880E-07,-0.004859
4.9904880E-07,-0.004891
4.9909880E-07,-0.004923
4.9914880E-07,-0.004953
4.9919880E-07,-0.004982
4.9924880E-07,-0.005009
4.9929880E-07,-0.005035
4.9934880E-07,-0.005060
4.9939880E-07,-0.005083
4.9944880E-07,-0.005105
4.9949880E-07,-0.005125
4.9954880E-07,-0.005143
4.9959880E-07,-0.005159
4.9964880E-07,-0.005174
4.9969880E-07,-0.005187
4.9974880E-07,-0.005198
4.9979880E-07,-0.005207
4.9984880E-07,-0.005215
4.9989880E-07,-0.005221
4.9994880E-07,-0.005225
4.9999880E-07,-0.005227
5.0004880E-07,-0.005227
5.0009880E-07,-0.005226
5.0014880E-07,-0.005224
5.0019880E-07,-0.005220
5.0024880E-07,-0.005214
5.0029880E-07,-0.005207
5.0034880E-07,-0.005199
5.0039880E-07,-0.005190
5.0044880E-07,-0.005179
5.0049880E-07,-0.005167
5.0054880E-07,-0.005154
5.0059880E-07,-0.005140
5.0064880E-07,-0.005125
5.0069880E-07,-0.005109
5.0074880E-07,-0.005092
5.0079880E-07,-0.005074
5.0084880E-07,-0.005055
5.0089880E-07,-0.005036
5.0094880E-07,-0.005017
5.0099880E-07,-0.004997
5.0104880E-07,-0.004976
5.0109880E-07,-0.004956
5.0114880E-07,-0.004936
5.0119880E-07,-0.004915
5.0124880E-07,-0.004895
5.0129880E-07,-0.004875
5.0134880E-07,-0.004855
5.0139880E-07,-0.004836
5.0144880E-07,-0.004817
5.0149880E-07,-0.004797
5.0154880E-07,-0.004778
5.0159880E-07,-0.004759
5.0164880E-07,-0.004739
5.0169880E-07,-0.004720
5.0174880E-07,-0.004700
5.0179880E-07,-0.004679
5.0184880E-07,-0.004657
5.0189880E-07,-0.004635
5.0194880E-07,-0.004611
5.0199880E-07,-0.004587
5.0204880E-07,-0.004561
5.0209880E-07,-0.004534
5.0214880E-07,-0.004506
5.0219880E-07,-0.004477
5.0224880E-07,-0.004446
5.0229880E-07,-0.004415
5.0234880E-07,-0.004383
5.0239880E-07,-0.004350
5.0244880E-07,-0.004316
5.0249880E-07,-0.004282
5.0254880E-07,-0.004248
5.0259880E-07,-0.004214
5.0264880E-07,-0.004180
5.0269880E-07,-0.004146
5.0274880E-07,-0.004113
5.0279880E-07,-0.004080
5.0284880E-07,-0.004047
5.0289880E-07,-0.004014
5.0294880E-07,-0.003982
5.0299880E-07,-0.003951
5.0304880E-07,-0.003919
5.0309880E-07,-0.003888
5.0314880E-07,-0.003856
5.0319880E-07,-0.003824
5.0324880E-07,-0.003792
5.0329880E-07,-0.003760
5.0334880E-07,-0.003727
5.0339880E-07,-0.003694
5.0344880E-07,-0.003660
5.0349880E-07,-0.003626
5.0354880E-07,-0.003591
5.0359880E-07,-0.003556
5.0364880E-07,-0.003520
5.0369880E-07,-0.003484
5.0374880E-07,-0.003448
5.0379880E-07,-0.003413
5.0384880E-07,-0.003377
5.0389880E-07,-0.003342
5.0394880E-07,-0.003307
5.0399880E-07,-0.003273
5.0404880E-07,-0.003239
5.0409880E-07,-0.003207
5.0414880E-07,-0.003175
5.0419880E-07,-0.003144
5.0424880E-07,-0.003114
5.0429880E-07,-0.003084
5.0434880E-07,-0.003056
5.0439880E-07,-0.003028
5.0444880E-07,-0.003000
5.0449880E-07,-0.002973
5.0454880E-07,-0.002946
5.0459880E-07,-0.002919
5.0464880E-07,-0.002893
5.0469880E-07,-0.002866
5.0474880E-07,-0.002840
5.0479880E-07,-0.002814
5.0484880E-07,-0.002787
5.0489880E-07,-0.002761
5.0494880E-07,-0.002734
5.0499880E-07,-0.002708
5.0504880E-07,-0.002682
5.0509880E-07,-0.002656
5.0514880E-07,-0.002630
5.0519880E-07,-0.002605
5.0524880E-07,-0.002581
5.0529880E-07,-0.002558
5.0534880E-07,-0.002536
5.0539880E-07,-0.002515
5.0544880E-07,-0.002495
5.0549880E-07,-0.002477
5.0554880E-07,-0.002460
5.0559880E-07,-0.002445
5.0564880E-07,-0.002432
5.0569880E-07,-0.002420
5.0574880E-07,-0.002410
5.0579880E-07,-0.002402
5.0584880E-07,-0.002395
5.0589880E-07,-0.002390
5.0594880E-07,-0.002386
5.0599880E-07,-0.002383
5.0604880E-07,-0.002381
5.0609880E-07,-0.002380
5.0614880E-07,-0.002379
5.0619880E-07,-0.002378
5.0624880E-07,-0.002376
5.0629880E-07,-0.002375
5.0634880E-07,-0.002372
5.0639880E-07,-0.002368
5.0644880E-07,-0.002363
5.0649880E-07,-0.002356
5.0654880E-07,-0.002347
5.0659880E-07,-0.002336
5.0664880E-07,-0.002324
5.0669880E-07,-0.002308
5.0674880E-07,-0.002291
5.0679880E-07,-0.002271
5.0684880E-07,-0.002250
5.0689880E-07,-0.002226
5.0694880E-07,-0.002200
5.0699880E-07,-0.002172
5.0704880E-07,-0.002142
5.0709880E-07,-0.002111
5.0714880E-07,-0.002079
5.0719880E-07,-0.002045
5.0724880E-07,-0.002010
5.0729880E-07,-0.001974
5.0734880E-07,-0.001938
5.0739880E-07,-0.001901
5.0744880E-07,-0.001864
5.0749880E-07,-0.001826
5.0754880E-07,-0.001788
5.0759880E-07,-0.001751
5.0764880E-07,-0.001713
5.0769880E-07,-0.001677
5.0774880E-07,-0.001640
5.0779880E-07,-0.001605
5.0784880E-07,-0.001570
5.0789880E-07,-0.001537
5.0794880E-07,-0.001506
5.0799880E-07,-0.001476
5.0804880E-07,-0.001448
5.0809880E-07,-0.001423
5.0814880E-07,-0.001400
5.0819880E-07,-0.001380
5.0824880E-07,-0.001362
5.0829880E-07,-0.001348
5.0834880E-07,-0.001337
5.0839880E-07,-0.001329
5.0844880E-07,-0.001325
5.0849880E-07,-0.001323
5.0854880E-07,-0.001325
5.0859880E-07,-0.001329
5.0864880E-07,-0.001336
5.0869880E-07,-0.001345
5.0874880E-07,-0.001356
5.0879880E-07,-0.001369
5.0884880E-07,-0.001383
5.0889880E-07,-0.001397
5.0894880E-07,-0.001412
5.0899880E-07,-0.001428
5.0904880E-07,-0.001442
5.0909880E-07,-0.001457
5.0914880E-07,-0.001471
5.0919880E-07,-0.001484
5.0924880E-07,-0.001495
5.0929880E-07,-0.001506
5.0934880E-07,-0.001516
5.0939880E-07,-0.001525
5.0944880E-07,-0.001532
5.0949880E-07,-0.001539
5.0954880E-07,-0.001545
5.0959880E-07,-0.001551
5.0964880E-07,-0.001556
5.0969880E-07,-0.001561
5.0974880E-07,-0.001566
5.0979880E-07,-0.001571
5.0984880E-07,-0.001576
5.0989880E-07,-0.001581
5.0994880E-07,-0.001586
5.0999880E-07,-0.001591
5.1004880E-07,-0.001597
5.1009880E-07,-0.001603
5.1014880E-07,-0.001608
5.1019880E-07,-0.001614
5.1024880E-07,-0.001620
5.1029880E-07,-0.001625
5.1034880E-07,-0.001630
5.1039880E-07,-0.001635
5.1044880E-07,-0.001640
5.1049880E-07,-0.001644
5.1054880E-07,-0.001647
5.1059880E-07,-0.001650
5.1064880E-07,-0.001652
5.1069880E-07,-0.001653
5.1074880E-07,-0.001654
5.1079880E-07,-0.001654
5.1084880E-07,-0.001653
5.1089880E-07,-0.001652
5.1094880E-07,-0.001650
5.1099880E-07,-0.001647
5.1104880E-07,-0.001644
5.1109880E-07,-0.001640
5.1114880E-07,-0.001635
5.1119880E-07,-0.001630
5.1124880E-07,-0.001624
5.1129880E-07,-0.001617
5.1134880E-07,-0.001609
5.1139880E-07,-0.001600
5.1144880E-07,-0.001590
5.1149880E-07,-0.001580
5.1154880E-07,-0.001568
5.1159880E-07,-0.001555
5.1164880E-07,-0.001542
5.1169880E-07,-0.001527
5.1174880E-07,-0.001511
5.1179880E-07,-0.001494
5.1184880E-07,-0.001476
5.1189880E-07,-0.001457
5.1194880E-07,-0.001438
5.1199880E-07,-0.001418
5.1204880E-07,-0.001397
5.1209880E-07,-0.001376
5.1214880E-07,-0.001355
5.1219880E-07,-0.001335
5.1224880E-07,-0.001314
5.1229880E-07,-0.001294
5.1234880E-07,-0.001275
5.1239880E-07,-0.001257
5.1244880E-07,-0.001239
5.1249880E-07,-0.001224
5.1254880E-07,-0.001210
5.1259880E-07,-0.001197
5.1264880E-07,-0.001187
5.1269880E-07,-0.001178
5.1274880E-07,-0.001171
5.1279880E-07,-0.001165
5.1284880E-07,-0.001161
5.1289880E-07,-0.001159
5.1294880E-07,-0.001158
5.1299880E-07,-0.001158
5.1304880E-07,-0.001159
5.1309880E-07,-0.001160
5.1314880E-07,-0.001161
5.1319880E-07,-0.001162
5.1324880E-07,-0.001163
5.1329880E-07,-0.001162
5.1334880E-07,-0.001161
5.1339880E-07,-0.001159
5.1344880E-07,-0.001155
5.1349880E-07,-0.001150
5.1354880E-07,-0.001144
5.1359880E-07,-0.001136
5.1364880E-07,-0.001127
5.1369880E-07,-0.001116
5.1374880E-07,-0.001105
5.1379880E-07,-0.001092
5.1384880E-07,-0.001079
5.1389880E-07,-0.001066
5.1394880E-07,-0.001052
5.1399880E-07,-0.001039
5.1404880E-07,-0.001025
5.1409880E-07,-0.001013
5.1414880E-07,-0.001001
5.1419880E-07,-0.000990
5.1424880E-07,-0.000980
5.1429880E-07,-0.000971
5.1434880E-07,-0.000963
5.1439880E-07,-0.000956
5.1444880E-07,-0.000950
5.1449880E-07,-0.000945
5.1454880E-07,-0.000941
5.1459880E-07,-0.000938
5.1464880E-07,-0.000935
5.1469880E-07,-0.000933
5.1474880E-07,-0.000932
5.1479880E-07,-0.000930
5.1484880E-07,-0.000930
5.1489880E-07,-0.000929
5.1494880E-07,-0.000929
5.1499880E-07,-0.000929
5.1504880E-07,-0.000929
5.1509880E-07,-0.000930
5.1514880E-07,-0.000931
5.1519880E-07,-0.000932
5.1524880E-07,-0.000933
5.1529880E-07,-0.000935
5.1534880E-07,-0.000937
5.1539880E-07,-0.000939
5.1544880E-07,-0.000941
5.1549880E-07,-0.000944
5.1554880E-07,-0.000946
5.1559880E-07,-0.000949
5.1564880E-07,-0.000951
5.1569880E-07,-0.000954
5.1574880E-07,-0.000956
5.1579880E-07,-0.000957
5.1584880E-07,-0.000959
5.1589880E-07,-0.000960
5.1594880E-07,-0.000960
5.1599880E-07,-0.000960
5.1604880E-07,-0.000960
5.1609880E-07,-0.000959
5.1614880E-07,-0.000957
5.1619880E-07,-0.000956
5.1624880E-07,-0.000953
5.1629880E-07,-0.000951
5.1634880E-07,-0.000949
5.1639880E-07,-0.000946
5.1644880E-07,-0.000944
5.1649880E-07,-0.000941
5.1654880E-07,-0.000939
5.1659880E-07,-0.000936
5.1664880E-07,-0.000934
5.1669880E-07,-0.000932
5.1674880E-07,-0.000929
5.1679880E-07,-0.000927
5.1684880E-07,-0.000924
5.1689880E-07,-0.000921
5.1694880E-07,-0.000917
5.1699880E-07,-0.000913
5.1704880E-07,-0.000908
5.1709880E-07,-0.000902
5.1714880E-07,-0.000896
5.1719880E-07,-0.000889
5.1724880E-07,-0.000881
5.1729880E-07,-0.000872
5.1734880E-07,-0.000862
5.1739880E-07,-0.000851
5.1744880E-07,-0.000840
5.1749880E-07,-0.000829
5.1754880E-07,-0.000817
5.1759880E-07,-0.000805
5.1764880E-07,-0.000793
5.1769880E-07,-0.000781
5.1774880E-07,-0.000769
5.1779880E-07,-0.000758
5.1784880E-07,-0.000748
5.1789880E-07,-0.000739
5.1794880E-07,-0.000731
5.1799880E-07,-0.000723
5.1804880E-07,-0.000717
5.1809880E-07,-0.000712
5.1814880E-07,-0.000707
5.1819880E-07,-0.000704
5.1824880E-07,-0.000702
5.1829880E-07,-0.000700
5.1834880E-07,-0.000699
5.1839880E-07,-0.000698
5.1844880E-07,-0.000698
5.1849880E-07,-0.000697
5.1854880E-07,-0.000697
5.1859880E-07,-0.000696
5.1864880E-07,-0.000695
5.1869880E-07,-0.000693
5.1874880E-07,-0.000690
5.1879880E-07,-0.000687
5.1884880E-07,-0.000682
5.1889880E-07,-0.000677
5.1894880E-07,-0.000671
5.1899880E-07,-0.000664
5.1904880E-07,-0.000656
5.1909880E-07,-0.000647
5.1914880E-07,-0.000638
5.1919880E-07,-0.000627
5.1924880E-07,-0.000617
5.1929880E-07,-0.000606
5.1934880E-07,-0.000596
5.1939880E-07,-0.000585
5.1944880E-07,-0.000575
5.1949880E-07,-0.000565
5.1954880E-07,-0.000555
5.1959880E-07,-0.000547
5.1964880E-07,-0.000539
5.1969880E-07,-0.000532
5.1974880E-07,-0.000526
5.1979880E-07,-0.000521
5.1984880E-07,-0.000517
5.1989880E-07,-0.000513
5.1994880E-07,-0.000511
5.1999880E-07,-0.000509
5.2004880E-07,-0.000509
5.2009880E-07,-0.000508
5.2014880E-07,-0.000508
5.2019880E-07,-0.000509
5.2024880E-07,-0.000510
5.2029880E-07,-0.000511
5.2034880E-07,-0.000513
5.2039880E-07,-0.000515
5.2044880E-07,-0.000516
5.2049880E-07,-0.000518
5.2054880E-07,-0.000521
5.2059880E-07,-0.000523
5.2064880E-07,-0.000525
5.2069880E-07,-0.000528
5.2074880E-07,-0.000531
5.2079880E-07,-0.000534
5.2084880E-07,-0.000538
5.2089880E-07,-0.000541
5.2094880E-07,-0.000545
5.2099880E-07,-0.000549
5.2104880E-07,-0.000554
5.2109880E-07,-0.000558
5.2114880E-07,-0.000563
5.2119880E-07,-0.000567
5.2124880E-07,-0.000572
5.2129880E-07,-0.000576
5.2134880E-07,-0.000581
5.2139880E-07,-0.000585
5.2144880E-07,-0.000589
5.2149880E-07,-0.000592
5.2154880E-07,-0.000596
5.2159880E-07,-0.000599
5.2164880E-07,-0.000602
5.2169880E-07,-0.000605
5.2174880E-07,-0.000608
5.2179880E-07,-0.000611
5.2184880E-07,-0.000614
5.2189880E-07,-0.000618
5.2194880E-07,-0.000622
5.2199880E-07,-0.000626
5.2204880E-07,-0.000630
5.2209880E-07,-0.000635
5.2214880E-07,-0.000640
5.2219880E-07,-0.000645
5.2224880E-07,-0.000650
5.2229880E-07,-0.000656
5.2234880E-07,-0.000661
5.2239880E-07,-0.000666
5.2244880E-07,-0.000671
5.2249880E-07,-0.000676
5.2254880E-07,-0.000680
5.2259880E-07,-0.000683
5.2264880E-07,-0.000686
5.2269880E-07,-0.000688
5.2274880E-07,-0.000690
5.2279880E-07,-0.000691
5.2284880E-07,-0.000691
5.2289880E-07,-0.000691
5.2294880E-07,-0.000691
5.2299880E-07,-0.000690
5.2304880E-07,-0.000689
5.2309880E-07,-0.000688
5.2314880E-07,-0.000687
5.2319880E-07,-0.000687
5.2324880E-07,-0.000686
5.2329880E-07,-0.000686
5.2334880E-07,-0.000686
5.2339880E-07,-0.000686
5.2344880E-07,-0.000686
5.2349880E-07,-0.000686
5.2354880E-07,-0.000686
5.2359880E-07,-0.000686
5.2364880E-07,-0.000685
5.2369880E-07,-0.000684
5.2374880E-07,-0.000682
5.2379880E-07,-0.000679
5.2384880E-07,-0.000675
5.2389880E-07,-0.000669
5.2394880E-07,-0.000663
5.2399880E-07,-0.000655
5.2404880E-07,-0.000646
5.2409880E-07,-0.000636
5.2414880E-07,-0.000625
5.2419880E-07,-0.000613
5.2424880E-07,-0.000600
5.2429880E-07,-0.000586
5.2434880E-07,-0.000572
5.2439880E-07,-0.000558
5.2444880E-07,-0.000544
5.2449880E-07,-0.000531
5.2454880E-07,-0.000518
5.2459880E-07,-0.000505
5.2464880E-07,-0.000494
5.2469880E-07,-0.000484
5.2474880E-07,-0.000475
5.2479880E-07,-0.000468
5.2484880E-07,-0.000462
5.2489880E-07,-0.000457
5.2494880E-07,-0.000454
5.2499880E-07,-0.000452
5.2504880E-07,-0.000452
5.2509880E-07,-0.000452
5.2514880E-07,-0.000454
5.2519880E-07,-0.000457
5.2524880E-07,-0.000460
5.2529880E-07,-0.000465
5.2534880E-07,-0.000469
5.2539880E-07,-0.000474
5.2544880E-07,-0.000480
5.2549880E-07,-0.000485
5.2554880E-07,-0.000490
5.2559880E-07,-0.000495
5.2564880E-07,-0.000500
5.2569880E-07,-0.000505
5.2574880E-07,-0.000509
5.2579880E-07,-0.000514
5.2584880E-07,-0.000517
5.2589880E-07,-0.000521
5.2594880E-07,-0.000524
5.2599880E-07,-0.000527
5.2604880E-07,-0.000530
5.2609880E-07,-0.000532
5.2614880E-07,-0.000535
5.2619880E-07,-0.000537
5.2624880E-07,-0.000540
5.2629880E-07,-0.000542
5.2634880E-07,-0.000544
5.2639880E-07,-0.000546
5.2644880E-07,-0.000548
5.2649880E-07,-0.000549
5.2654880E-07,-0.000550
5.2659880E-07,-0.000551
5.2664880E-07,-0.000552
5.2669880E-07,-0.000552
5.2674880E-07,-0.000552
5.2679880E-07,-0.000551
5.2684880E-07,-0.000549
5.2689880E-07,-0.000546
5.2694880E-07,-0.000543
5.2699880E-07,-0.000539
5.2704880E-07,-0.000534
5.2709880E-07,-0.000529
5.2714880E-07,-0.000523
5.2719880E-07,-0.000517
5.2724880E-07,-0.000510
5.2729880E-07,-0.000503
5.2734880E-07,-0.000497
5.2739880E-07,-0.000490
5.2744880E-07,-0.000483
5.2749880E-07,-0.000477
5.2754880E-07,-0.000472
5.2759880E-07,-0.000467
5.2764880E-07,-0.000463
5.2769880E-07,-0.000459
5.2774880E-07,-0.000456
5.2779880E-07,-0.000453
5.2784880E-07,-0.000451
5.2789880E-07,-0.000449
5.2794880E-07,-0.000447
5.2799880E-07,-0.000444
5.2804880E-07,-0.000442
5.2809880E-07,-0.000439
5.2814880E-07,-0.000436
5.2819880E-07,-0.000432
5.2824880E-07,-0.000427
5.2829880E-07,-0.000421
5.2834880E-07,-0.000415
5.2839880E-07,-0.000408
5.2844880E-07,-0.000400
5.2849880E-07,-0.000391
5.2854880E-07,-0.000381
5.2859880E-07,-0.000372
5.2864880E-07,-0.000362
5.2869880E-07,-0.000351
5.2874880E-07,-0.000341
5.2879880E-07,-0.000331
5.2884880E-07,-0.000321
5.2889880E-07,-0.000312
5.2894880E-07,-0.000303
5.2899880E-07,-0.000294
5.2904880E-07,-0.000285
5.2909880E-07,-0.000277
5.2914880E-07,-0.000269
5.2919880E-07,-0.000261
5.2924880E-07,-0.000253
5.2929880E-07,-0.000245
5.2934880E-07,-0.000236
5.2939880E-07,-0.000227
5.2944880E-07,-0.000218
5.2949880E-07,-0.000208
5.2954880E-07,-0.000197
5.2959880E-07,-0.000187
5.2964880E-07,-0.000175
5.2969880E-07,-0.000164
5.2974880E-07,-0.000153
5.2979880E-07,-0.000142
5.2984880E-07,-0.000131
5.2989880E-07,-0.000121
5.2994880E-07,-0.000112
5.2999880E-07,-0.000104
5.3004880E-07,-0.000098
5.3009880E-07,-0.000093
5.3014880E-07,-0.000090
5.3019880E-07,-0.000089
5.3024880E-07,-0.000089
5.3029880E-07,-0.000091
5.3034880E-07,-0.000095
5.3039880E-07,-0.000100
5.3044880E-07,-0.000106
5.3049880E-07,-0.000114
5.3054880E-07,-0.000122
5.3059880E-07,-0.000130
5.3064880E-07,-0.000139
5.3069880E-07,-0.000148
5.3074880E-07,-0.000156
5.3079880E-07,-0.000164
5.3084880E-07,-0.000171
5.3089880E-07,-0.000178
5.3094880E-07,-0.000183
5.3099880E-07,-0.000188
5.3104880E-07,-0.000192
5.3109880E-07,-0.000195
5.3114880E-07,-0.000197
5.3119880E-07,-0.000199
5.3124880E-07,-0.000200
5.3129880E-07,-0.000201
5.3134880E-07,-0.000202
5.3139880E-07,-0.000203
5.3144880E-07,-0.000205
5.3149880E-07,-0.000206
5.3154880E-07,-0.000209
5.3159880E-07,-0.000211
5.3164880E-07,-0.000214
5.3169880E-07,-0.000218
5.3174880E-07,-0.000222
5.3179880E-07,-0.000226
5.3184880E-07,-0.000231
5.3189880E-07,-0.000237
5.3194880E-07,-0.000242
5.3199880E-07,-0.000247
5.3204880E-07,-0.000253
5.3209880E-07,-0.000258
5.3214880E-07,-0.000264
5.3219880E-07,-0.000269
5.3224880E-07,-0.000274
5.3229880E-07,-0.000279
5.3234880E-07,-0.000283
5.3239880E-07,-0.000288
5.3244880E-07,-0.000292
5.3249880E-07,-0.000297
5.3254880E-07,-0.000301
5.3259880E-07,-0.000306
5.3264880E-07,-0.000311
5.3269880E-07,-0.000316
5.3274880E-07,-0.000322
5.3279880E-07,-0.000328
5.3284880E-07,-0.000335
5.3289880E-07,-0.000342
5.3294880E-07,-0.000350
5.3299880E-07,-0.000359
5.3304880E-07,-0.000368
5.3309880E-07,-0.000377
5.3314880E-07,-0.000387
5.3319880E-07,-0.000397
5.3324880E-07,-0.000408
5.3329880E-07,-0.000418
5.3334880E-07,-0.000429
5.3339880E-07,-0.000440
5.3344880E-07,-0.000450
5.3349880E-07,-0.000461
5.3354880E-07,-0.000471
5.3359880E-07,-0.000481
5.3364880E-07,-0.000491
5.3369880E-07,-0.000500
5.3374880E-07,-0.000509
5.3379880E-07,-0.000517
5.3384880E-07,-0.000525
5.3389880E-07,-0.000532
5.3394880E-07,-0.000538
5.3399880E-07,-0.000544
5.3404880E-07,-0.000549
5.3409880E-07,-0.000554
5.3414880E-07,-0.000557
5.3419880E-07,-0.000560
5.3424880E-07,-0.000562
5.3429880E-07,-0.000563
5.3434880E-07,-0.000563
5.3439880E-07,-0.000561
5.3444880E-07,-0.000559
5.3449880E-07,-0.000555
5.3454880E-07,-0.000551
5.3459880E-07,-0.000545
5.3464880E-07,-0.000537
5.3469880E-07,-0.000529
5.3474880E-07,-0.000519
5.3479880E-07,-0.000509
5.3484880E-07,-0.000497
5.3489880E-07,-0.000485
5.3494880E-07,-0.000472
5.3499880E-07,-0.000458
5.3504880E-07,-0.000444
5.3509880E-07,-0.000430
5.3514880E-07,-0.000417
5.3519880E-07,-0.000403
5.3524880E-07,-0.000391
5.3529880E-07,-0.000379
5.3534880E-07,-0.000368
5.3539880E-07,-0.000358
5.3544880E-07,-0.000349
5.3549880E-07,-0.000342
5.3554880E-07,-0.000336
5.3559880E-07,-0.000332
5.3564880E-07,-0.000329
5.3569880E-07,-0.000327
5.3574880E-07,-0.000326
5.3579880E-07,-0.000327
5.3584880E-07,-0.000328
5.3589880E-07,-0.000329
5.3594880E-07,-0.000331
5.3599880E-07,-0.000333
5.3604880E-07,-0.000335
5.3609880E-07,-0.000337
5.3614880E-07,-0.000339
5.3619880E-07,-0.000339
5.3624880E-07,-0.000340
5.3629880E-07,-0.000339
5.3634880E-07,-0.000338
5.3639880E-07,-0.000337
5.3644880E-07,-0.000334
5.3649880E-07,-0.000331
5.3654880E-07,-0.000328
5.3659880E-07,-0.000325
5.3664880E-07,-0.000321
5.3669880E-07,-0.000317
5.3674880E-07,-0.000313
5.3679880E-07,-0.000310
5.3684880E-07,-0.000306
5.3689880E-07,-0.000303
5.3694880E-07,-0.000300
5.3699880E-07,-0.000298
5.3704880E-07,-0.000295
5.3709880E-07,-0.000292
5.3714880E-07,-0.000290
5.3719880E-07,-0.000287
5.3724880E-07,-0.000283
5.3729880E-07,-0.000279
5.3734880E-07,-0.000275
5.3739880E-07,-0.000270
5.3744880E-07,-0.000263
5.3749880E-07,-0.000257
5.3754880E-07,-0.000249
5.3759880E-07,-0.000240
5.3764880E-07,-0.000231
5.3769880E-07,-0.000222
5.3774880E-07,-0.000212
5.3779880E-07,-0.000202
5.3784880E-07,-0.000192
5.3789880E-07,-0.000183
5.3794880E-07,-0.000174
5.3799880E-07,-0.000167
5.3804880E-07,-0.000160
5.3809880E-07,-0.000155
5.3814880E-07,-0.000152
5.3819880E-07,-0.000150
5.3824880E-07,-0.000149
5.3829880E-07,-0.000151
5.3834880E-07,-0.000153
5.3839880E-07,-0.000158
5.3844880E-07,-0.000163
5.3849880E-07,-0.000170
5.3854880E-07,-0.000178
5.3859880E-07,-0.000186
5.3864880E-07,-0.000194
5.3869880E-07,-0.000203
5.3874880E-07,-0.000211
5.3879880E-07,-0.000219
5.3884880E-07,-0.000226
5.3889880E-07,-0.000233
5.3894880E-07,-0.000238
5.3899880E-07,-0.000243
5.3904880E-07,-0.000247
5.3909880E-07,-0.000250
5.3914880E-07,-0.000252
5.3919880E-07,-0.000253
5.3924880E-07,-0.000255
5.3929880E-07,-0.000255
5.3934880E-07,-0.000256
5.3939880E-07,-0.000257
5.3944880E-07,-0.000259
5.3949880E-07,-0.000260
5.3954880E-07,-0.000263
5.3959880E-07,-0.000266
5.3964880E-07,-0.000271
5.3969880E-07,-0.000276
5.3974880E-07,-0.000282
5.3979880E-07,-0.000288
5.3984880E-07,-0.000296
5.3989880E-07,-0.000304
5.3994880E-07,-0.000312
5.3999880E-07,-0.000321
5.4004880E-07,-0.000330
5.4009880E-07,-0.000339
5.4014880E-07,-0.000347
5.4019880E-07,-0.000355
5.4024880E-07,-0.000362
5.4029880E-07,-0.000368
5.4034880E-07,-0.000374
5.4039880E-07,-0.000378
5.4044880E-07,-0.000382
5.4049880E-07,-0.000384
5.4054880E-07,-0.000386
5.4059880E-07,-0.000386
5.4064880E-07,-0.000386
5.4069880E-07,-0.000386
5.4074880E-07,-0.000384
5.4079880E-07,-0.000383
5.4084880E-07,-0.000381
5.4089880E-07,-0.000379
5.4094880E-07,-0.000377
5.4099880E-07,-0.000376
5.4104880E-07,-0.000374
5.4109880E-07,-0.000373
5.4114880E-07,-0.000372
5.4119880E-07,-0.000371
5.4124880E-07,-0.000371
5.4129880E-07,-0.000370
5.4134880E-07,-0.000370
5.4139880E-07,-0.000370
5.4144880E-07,-0.000370
5.4149880E-07,-0.000370
5.4154880E-07,-0.000369
5.4159880E-07,-0.000368
5.4164880E-07,-0.000367
5.4169880E-07,-0.000366
5.4174880E-07,-0.000364
5.4179880E-07,-0.000362
5.4184880E-07,-0.000360
5.4189880E-07,-0.000358
5.4194880E-07,-0.000355
5.4199880E-07,-0.000353
5.4204880E-07,-0.000350
5.4209880E-07,-0.000348
5.4214880E-07,-0.000346
5.4219880E-07,-0.000344
5.4224880E-07,-0.000342
5.4229880E-07,-0.000341
5.4234880E-07,-0.000340
5.4239880E-07,-0.000339
5.4244880E-07,-0.000339
5.4249880E-07,-0.000338
5.4254880E-07,-0.000338
5.4259880E-07,-0.000338
5.4264880E-07,-0.000337
5.4269880E-07,-0.000336
5.4274880E-07,-0.000335
5.4279880E-07,-0.000333
5.4284880E-07,-0.000330
5.4289880E-07,-0.000327
5.4294880E-07,-0.000323
5.4299880E-07,-0.000318
5.4304880E-07,-0.000313
5.4309880E-07,-0.000307
5.4314880E-07,-0.000301
5.4319880E-07,-0.000294
5.4324880E-07,-0.000287
5.4329880E-07,-0.000279
5.4334880E-07,-0.000272
5.4339880E-07,-0.000265
5.4344880E-07,-0.000258
5.4349880E-07,-0.000252
5.4354880E-07,-0.000246
5.4359880E-07,-0.000241
5.4364880E-07,-0.000237
5.4369880E-07,-0.000233
5.4374880E-07,-0.000230
5.4379880E-07,-0.000228
5.4384880E-07,-0.000225
5.4389880E-07,-0.000224
5.4394880E-07,-0.000222
5.4399880E-07,-0.000221
5.4404880E-07,-0.000219
5.4409880E-07,-0.000218
5.4414880E-07,-0.000216
5.4419880E-07,-0.000213
5.4424880E-07,-0.000210
5.4429880E-07,-0.000206
5.4434880E-07,-0.000202
5.4439880E-07,-0.000197
5.4444880E-07,-0.000192
5.4449880E-07,-0.000186
5.4454880E-07,-0.000180
5.4459880E-07,-0.000173
5.4464880E-07,-0.000166
5.4469880E-07,-0.000159
5.4474880E-07,-0.000152
5.4479880E-07,-0.000146
5.4484880E-07,-0.000139
5.4489880E-07,-0.000133
5.4494880E-07,-0.000128
5.4499880E-07,-0.000123
5.4504880E-07,-0.000118
5.4509880E-07,-0.000114
5.4514880E-07,-0.000111
5.4519880E-07,-0.000108
5.4524880E-07,-0.000105
5.4529880E-07,-0.000103
5.4534880E-07,-0.000101
5.4539880E-07,-0.000100
5.4544880E-07,-0.000098
5.4549880E-07,-0.000097
5.4554880E-07,-0.000095
5.4559880E-07,-0.000094
5.4564880E-07,-0.000093
5.4569880E-07,-0.000092
5.4574880E-07,-0.000091
5.4579880E-07,-0.000090
5.4584880E-07,-0.000089
5.4589880E-07,-0.000088
5.4594880E-07,-0.000088
5.4599880E-07,-0.000089
5.4604880E-07,-0.000090
5.4609880E-07,-0.000092
5.4614880E-07,-0.000094
5.4619880E-07,-0.000098
5.4624880E-07,-0.000102
5.4629880E-07,-0.000107
5.4634880E-07,-0.000113
5.4639880E-07,-0.000119
5.4644880E-07,-0.000126
5.4649880E-07,-0.000134
5.4654880E-07,-0.000141
5.4659880E-07,-0.000149
5.4664880E-07,-0.000157
5.4669880E-07,-0.000165
5.4674880E-07,-0.000173
5.4679880E-07,-0.000179
5.4684880E-07,-0.000185
5.4689880E-07,-0.000191
5.4694880E-07,-0.000195
5.4699880E-07,-0.000199
5.4704880E-07,-0.000201
5.4709880E-07,-0.000203
5.4714880E-07,-0.000203
5.4719880E-07,-0.000203
5.4724880E-07,-0.000202
5.4729880E-07,-0.000200
5.4734880E-07,-0.000198
5.4739880E-07,-0.000196
5.4744880E-07,-0.000193
5.4749880E-07,-0.000191
5.4754880E-07,-0.000188
5.4759880E-07,-0.000186
5.4764880E-07,-0.000184
5.4769880E-07,-0.000183
5.4774880E-07,-0.000183
5.4779880E-07,-0.000183
5.4784880E-07,-0.000183
5.4789880E-07,-0.000184
5.4794880E-07,-0.000186
5.4799880E-07,-0.000187
5.4804880E-07,-0.000189
5.4809880E-07,-0.000191
5.4814880E-07,-0.000193
5.4819880E-07,-0.000195
5.4824880E-07,-0.000197
5.4829880E-07,-0.000198
5.4834880E-07,-0.000198
5.4839880E-07,-0.000198
5.4844880E-07,-0.000197
5.4849880E-07,-0.000196
5.4854880E-07,-0.000195
5.4859880E-07,-0.000193
5.4864880E-07,-0.000190
5.4869880E-07,-0.000188
5.4874880E-07,-0.000186
5.4879880E-07,-0.000183
5.4884880E-07,-0.000181
5.4889880E-07,-0.000180
5.4894880E-07,-0.000179
5.4899880E-07,-0.000179
5.4904880E-07,-0.000180
5.4909880E-07,-0.000181
5.4914880E-07,-0.000183
5.4919880E-07,-0.000187
5.4924880E-07,-0.000190
5.4929880E-07,-0.000195
5.4934880E-07,-0.000200
5.4939880E-07,-0.000205
5.4944880E-07,-0.000210
5.4949880E-07,-0.000215
5.4954880E-07,-0.000220
5.4959880E-07,-0.000225
5.4964880E-07,-0.000229
5.4969880E-07,-0.000233
5.4974880E-07,-0.000236
5.4979880E-07,-0.000239
5.4984880E-07,-0.000241
5.4989880E-07,-0.000243
5.4994880E-07,-0.000245
5.4999880E-07,-0.000246
5.5004880E-07,-0.000248
5.5009880E-07,-0.000250
5.5014880E-07,-0.000253
5.5019880E-07,-0.000256
5.5024880E-07,-0.000261
5.5029880E-07,-0.000267
5.5034880E-07,-0.000274
5.5039880E-07,-0.000283
5.5044880E-07,-0.000293
5.5049880E-07,-0.000305
5.5054880E-07,-0.000318
5.5059880E-07,-0.000333
5.5064880E-07,-0.000348
5.5069880E-07,-0.000364
5.5074880E-07,-0.000381
5.5079880E-07,-0.000398
5.5084880E-07,-0.000415
5.5089880E-07,-0.000432
5.5094880E-07,-0.000448
5.5099880E-07,-0.000463
5.5104880E-07,-0.000477
5.5109880E-07,-0.000489
5.5114880E-07,-0.000501
5.5119880E-07,-0.000510
5.5124880E-07,-0.000519
5.5129880E-07,-0.000526
5.5134880E-07,-0.000531
5.5139880E-07,-0.000535
5.5144880E-07,-0.000538
5.5149880E-07,-0.000540
5.5154880E-07,-0.000541
5.5159880E-07,-0.000542
5.5164880E-07,-0.000541
5.5169880E-07,-0.000540
5.5174880E-07,-0.000539
5.5179880E-07,-0.000537
5.5184880E-07,-0.000534
5.5189880E-07,-0.000531
5.5194880E-07,-0.000527
5.5199880E-07,-0.000522
5.5204880E-07,-0.000517
5.5209880E-07,-0.000509
5.5214880E-07,-0.000501
5.5219880E-07,-0.000491
5.5224880E-07,-0.000480
5.5229880E-07,-0.000467
5.5234880E-07,-0.000452
5.5239880E-07,-0.000435
5.5244880E-07,-0.000417
5.5249880E-07,-0.000397
5.5254880E-07,-0.000376
5.5259880E-07,-0.000354
5.5264880E-07,-0.000331
5.5269880E-07,-0.000307
5.5274880E-07,-0.000283
5.5279880E-07,-0.000259
5.5284880E-07,-0.000236
5.5289880E-07,-0.000213
5.5294880E-07,-0.000192
5.5299880E-07,-0.000171
5.5304880E-07,-0.000153
5.5309880E-07,-0.000136
5.5314880E-07,-0.000120
5.5319880E-07,-0.000107
5.5324880E-07,-0.000096
5.5329880E-07,-0.000087
5.5334880E-07,-0.000079
5.5339880E-07,-0.000074
5.5344880E-07,-0.000069
5.5349880E-07,-0.000067
5.5354880E-07,-0.000065
5.5359880E-07,-0.000064
5.5364880E-07,-0.000064
5.5369880E-07,-0.000065
5.5374880E-07,-0.000066
5.5379880E-07,-0.000067
5.5384880E-07,-0.000068
5.5389880E-07,-0.000069
5.5394880E-07,-0.000071
5.5399880E-07,-0.000072
5.5404880E-07,-0.000074
5.5409880E-07,-0.000076
5.5414880E-07,-0.000078
5.5419880E-07,-0.000080
5.5424880E-07,-0.000084
5.5429880E-07,-0.000088
5.5434880E-07,-0.000092
5.5439880E-07,-0.000098
5.5444880E-07,-0.000104
5.5449880E-07,-0.000111
5.5454880E-07,-0.000119
5.5459880E-07,-0.000128
5.5464880E-07,-0.000137
5.5469880E-07,-0.000147
5.5474880E-07,-0.000156
5.5479880E-07,-0.000166
5.5484880E-07,-0.000175
5.5489880E-07,-0.000184
5.5494880E-07,-0.000192
5.5499880E-07,-0.000199
5.5504880E-07,-0.000205
5.5509880E-07,-0.000210
5.5514880E-07,-0.000213
5.5519880E-07,-0.000215
5.5524880E-07,-0.000215
5.5529880E-07,-0.000214
5.5534880E-07,-0.000212
5.5539880E-07,-0.000208
5.5544880E-07,-0.000204
5.5549880E-07,-0.000199
5.5554880E-07,-0.000193
5.5559880E-07,-0.000187
5.5564880E-07,-0.000181
5.5569880E-07,-0.000175
5.5574880E-07,-0.000170
5.5579880E-07,-0.000165
5.5584880E-07,-0.000161
5.5589880E-07,-0.000157
5.5594880E-07,-0.000154
5.5599880E-07,-0.000152
5.5604880E-07,-0.000150
5.5609880E-07,-0.000149
5.5614880E-07,-0.000148
5.5619880E-07,-0.000147
5.5624880E-07,-0.000146
5.5629880E-07,-0.000145
5.5634880E-07,-0.000143
5.5639880E-07,-0.000141
5.5644880E-07,-0.000139
5.5649880E-07,-0.000136
5.5654880E-07,-0.000133
5.5659880E-07,-0.000129
5.5664880E-07,-0.000125
5.5669880E-07,-0.000120
5.5674880E-07,-0.000116
5.5679880E-07,-0.000112
5.5684880E-07,-0.000109
5.5689880E-07,-0.000106
5.5694880E-07,-0.000104
5.5699880E-07,-0.000104
5.5704880E-07,-0.000105
5.5709880E-07,-0.000107
5.5714880E-07,-0.000112
5.5719880E-07,-0.000117
5.5724880E-07,-0.000125
5.5729880E-07,-0.000134
5.5734880E-07,-0.000144
5.5739880E-07,-0.000156
5.5744880E-07,-0.000168
5.5749880E-07,-0.000181
5.5754880E-07,-0.000194
5.5759880E-07,-0.000207
5.5764880E-07,-0.000219
5.5769880E-07,-0.000231
5.5774880E-07,-0.000242
5.5779880E-07,-0.000252
5.5784880E-07,-0.000261
5.5789880E-07,-0.000268
5.5794880E-07,-0.000273
5.5799880E-07,-0.000277
5.5804880E-07,-0.000280
5.5809880E-07,-0.000281
5.5814880E-07,-0.000281
5.5819880E-07,-0.000279
5.5824880E-07,-0.000277
5.5829880E-07,-0.000275
5.5834880E-07,-0.000272
5.5839880E-07,-0.000268
5.5844880E-07,-0.000265
5.5849880E-07,-0.000262
5.5854880E-07,-0.000259
5.5859880E-07,-0.000256
5.5864880E-07,-0.000254
5.5869880E-07,-0.000252
5.5874880E-07,-0.000250
5.5879880E-07,-0.000249
5.5884880E-07,-0.000248
5.5889880E-07,-0.000247
5.5894880E-07,-0.000246
5.5899880E-07,-0.000245
5.5904880E-07,-0.000244
5.5909880E-07,-0.000243
5.5914880E-07,-0.000241
5.5919880E-07,-0.000239
5.5924880E-07,-0.000237
5.5929880E-07,-0.000235
5.5934880E-07,-0.000232
5.5939880E-07,-0.000230
5.5944880E-07,-0.000228
5.5949880E-07,-0.000226
5.5954880E-07,-0.000224
5.5959880E-07,-0.000223
5.5964880E-07,-0.000222
5.5969880E-07,-0.000222
5.5974880E-07,-0.000223
5.5979880E-07,-0.000225
5.5984880E-07,-0.000228
5.5989880E-07,-0.000231
5.5994880E-07,-0.000235
5.5999880E-07,-0.000240
5.6004880E-07,-0.000245
5.6009880E-07,-0.000250
5.6014880E-07,-0.000255
5.6019880E-07,-0.000260
5.6024880E-07,-0.000264
5.6029880E-07,-0.000268
5.6034880E-07,-0.000271
5.6039880E-07,-0.000273
5.6044880E-07,-0.000274
5.6049880E-07,-0.000273
5.6054880E-07,-0.000271
5.6059880E-07,-0.000268
5.6064880E-07,-0.000263
5.6069880E-07,-0.000257
5.6074880E-07,-0.000250
5.6079880E-07,-0.000242
5.6084880E-07,-0.000233
5.6089880E-07,-0.000223
5.6094880E-07,-0.000213
5.6099880E-07,-0.000203
5.6104880E-07,-0.000192
5.6109880E-07,-0.000181
5.6114880E-07,-0.000171
5.6119880E-07,-0.000161
5.6124880E-07,-0.000151
5.6129880E-07,-0.000142
5.6134880E-07,-0.000133
5.6139880E-07,-0.000125
5.6144880E-07,-0.000118
5.6149880E-07,-0.000111
5.6154880E-07,-0.000105
5.6159880E-07,-0.000099
5.6164880E-07,-0.000094
5.6169880E-07,-0.000089
5.6174880E-07,-0.000084
5.6179880E-07,-0.000080
5.6184880E-07,-0.000076
5.6189880E-07,-0.000072
5.6194880E-07,-0.000068
5.6199880E-07,-0.000065
5.6204880E-07,-0.000062
5.6209880E-07,-0.000060
5.6214880E-07,-0.000058
5.6219880E-07,-0.000057
5.6224880E-07,-0.000057
5.6229880E-07,-0.000058
5.6234880E-07,-0.000060
5.6239880E-07,-0.000064
5.6244880E-07,-0.000068
5.6249880E-07,-0.000074
5.6254880E-07,-0.000081
5.6259880E-07,-0.000089
5.6264880E-07,-0.000098
5.6269880E-07,-0.000108
5.6274880E-07,-0.000119
5.6279880E-07,-0.000131
5.6284880E-07,-0.000143
5.6289880E-07,-0.000156
5.6294880E-07,-0.000168
5.6299880E-07,-0.000180
5.6304880E-07,-0.000191
5.6309880E-07,-0.000202
5.6314880E-07,-0.000211
5.6319880E-07,-0.000219
5.6324880E-07,-0.000226
5.6329880E-07,-0.000231
5.6334880E-07,-0.000235
5.6339880E-07,-0.000237
5.6344880E-07,-0.000237
5.6349880E-07,-0.000237
5.6354880E-07,-0.000235
5.6359880E-07,-0.000232
5.6364880E-07,-0.000228
5.6369880E-07,-0.000224
5.6374880E-07,-0.000219
5.6379880E-07,-0.000215
5.6384880E-07,-0.000210
5.6389880E-07,-0.000205
5.6394880E-07,-0.000201
5.6399880E-07,-0.000197
5.6404880E-07,-0.000193
5.6409880E-07,-0.000190
5.6414880E-07,-0.000187
5.6419880E-07,-0.000184
5.6424880E-07,-0.000181
5.6429880E-07,-0.000178
5.6434880E-07,-0.000175
5.6439880E-07,-0.000172
5.6444880E-07,-0.000168
5.6449880E-07,-0.000164
5.6454880E-07,-0.000160
5.6459880E-07,-0.000154
5.6464880E-07,-0.000148
5.6469880E-07,-0.000142
5.6474880E-07,-0.000136
5.6479880E-07,-0.000129
5.6484880E-07,-0.000123
5.6489880E-07,-0.000117
5.6494880E-07,-0.000111
5.6499880E-07,-0.000106
5.6504880E-07,-0.000103
5.6509880E-07,-0.000101
5.6514880E-07,-0.000100
5.6519880E-07,-0.000100
5.6524880E-07,-0.000102
5.6529880E-07,-0.000106
5.6534880E-07,-0.000111
5.6539880E-07,-0.000117
5.6544880E-07,-0.000124
5.6549880E-07,-0.000131
5.6554880E-07,-0.000139
5.6559880E-07,-0.000147
5.6564880E-07,-0.000155
5.6569880E-07,-0.000161
5.6574880E-07,-0.000167
5.6579880E-07,-0.000172
5.6584880E-07,-0.000175
5.6589880E-07,-0.000176
5.6594880E-07,-0.000176
5.6599880E-07,-0.000174
5.6604880E-07,-0.000170
5.6609880E-07,-0.000166
5.6614880E-07,-0.000160
5.6619880E-07,-0.000153
5.6624880E-07,-0.000146
5.6629880E-07,-0.000139
5.6634880E-07,-0.000133
5.6639880E-07,-0.000127
5.6644880E-07,-0.000122
5.6649880E-07,-0.000119
5.6654880E-07,-0.000117
5.6659880E-07,-0.000116
5.6664880E-07,-0.000118
5.6669880E-07,-0.000121
5.6674880E-07,-0.000126
5.6679880E-07,-0.000132
5.6684880E-07,-0.000140
5.6689880E-07,-0.000148
5.6694880E-07,-0.000157
5.6699880E-07,-0.000167
5.6704880E-07,-0.000176
5.6709880E-07,-0.000184
5.6714880E-07,-0.000192
5.6719880E-07,-0.000198
5.6724880E-07,-0.000203
5.6729880E-07,-0.000207
5.6734880E-07,-0.000209
5.6739880E-07,-0.000209
5.6744880E-07,-0.000207
5.6749880E-07,-0.000204
5.6754880E-07,-0.000199
5.6759880E-07,-0.000194
5.6764880E-07,-0.000187
5.6769880E-07,-0.000180
5.6774880E-07,-0.000172
5.6779880E-07,-0.000164
5.6784880E-07,-0.000157
5.6789880E-07,-0.000150
5.6794880E-07,-0.000144
5.6799880E-07,-0.000139
5.6804880E-07,-0.000135
5.6809880E-07,-0.000132
5.6814880E-07,-0.000130
5.6819880E-07,-0.000129
5.6824880E-07,-0.000129
5.6829880E-07,-0.000130
5.6834880E-07,-0.000132
5.6839880E-07,-0.000134
5.6844880E-07,-0.000137
5.6849880E-07,-0.000140
5.6854880E-07,-0.000143
5.6859880E-07,-0.000146
5.6864880E-07,-0.000150
5.6869880E-07,-0.000153
5.6874880E-07,-0.000156
5.6879880E-07,-0.000160
5.6884880E-07,-0.000164
5.6889880E-07,-0.000168
5.6894880E-07,-0.000173
5.6899880E-07,-0.000178
5.6904880E-07,-0.000184
5.6909880E-07,-0.000191
5.6914880E-07,-0.000199
5.6919880E-07,-0.000209
5.6924880E-07,-0.000220
5.6929880E-07,-0.000232
5.6934880E-07,-0.000245
5.6939880E-07,-0.000259
5.6944880E-07,-0.000275
5.6949880E-07,-0.000291
5.6954880E-07,-0.000307
5.6959880E-07,-0.000324
5.6964880E-07,-0.000340
5.6969880E-07,-0.000357
5.6974880E-07,-0.000372
5.6979880E-07,-0.000386
5.6984880E-07,-0.000399
5.6989880E-07,-0.000411
5.6994880E-07,-0.000421
5.6999880E-07,-0.000429
5.7004880E-07,-0.000435
5.7009880E-07,-0.000439
5.7014880E-07,-0.000442
5.7019880E-07,-0.000443
5.7024880E-07,-0.000443
5.7029880E-07,-0.000442
5.7034880E-07,-0.000440
5.7039880E-07,-0.000438
5.7044880E-07,-0.000435
5.7049880E-07,-0.000432
5.7054880E-07,-0.000430
5.7059880E-07,-0.000428
5.7064880E-07,-0.000427
5.7069880E-07,-0.000427
5.7074880E-07,-0.000427
5.7079880E-07,-0.000428
5.7084880E-07,-0.000429
5.7089880E-07,-0.000431
5.7094880E-07,-0.000433
5.7099880E-07,-0.000434
5.7104880E-07,-0.000436
5.7109880E-07,-0.000436
5.7114880E-07,-0.000436
5.7119880E-07,-0.000435
5.7124880E-07,-0.000432
5.7129880E-07,-0.000428
5.7134880E-07,-0.000423
5.7139880E-07,-0.000416
5.7144880E-07,-0.000407
5.7149880E-07,-0.000398
5.7154880E-07,-0.000387
5.7159880E-07,-0.000375
5.7164880E-07,-0.000362
5.7169880E-07,-0.000349
5.7174880E-07,-0.000336
5.7179880E-07,-0.000324
5.7184880E-07,-0.000311
5.7189880E-07,-0.000300
5.7194880E-07,-0.000289
5.7199880E-07,-0.000280
5.7204880E-07,-0.000271
5.7209880E-07,-0.000264
5.7214880E-07,-0.000258
5.7219880E-07,-0.000252
5.7224880E-07,-0.000248
5.7229880E-07,-0.000243
5.7234880E-07,-0.000240
5.7239880E-07,-0.000236
5.7244880E-07,-0.000232
5.7249880E-07,-0.000228
5.7254880E-07,-0.000224
5.7259880E-07,-0.000218
5.7264880E-07,-0.000212
5.7269880E-07,-0.000206
5.7274880E-07,-0.000199
5.7279880E-07,-0.000191
5.7284880E-07,-0.000183
5.7289880E-07,-0.000176
5.7294880E-07,-0.000169
5.7299880E-07,-0.000162
5.7304880E-07,-0.000157
5.7309880E-07,-0.000153
5.7314880E-07,-0.000150
5.7319880E-07,-0.000150
5.7324880E-07,-0.000152
5.7329880E-07,-0.000156
5.7334880E-07,-0.000162
5.7339880E-07,-0.000170
5.7344880E-07,-0.000180
5.7349880E-07,-0.000192
5.7354880E-07,-0.000206
5.7359880E-07,-0.000220
5.7364880E-07,-0.000235
5.7369880E-07,-0.000250
5.7374880E-07,-0.000265
5.7379880E-07,-0.000279
5.7384880E-07,-0.000291
5.7389880E-07,-0.000301
5.7394880E-07,-0.000309
5.7399880E-07,-0.000315
5.7404880E-07,-0.000318
5.7409880E-07,-0.000319
5.7414880E-07,-0.000317
5.7419880E-07,-0.000312
5.7424880E-07,-0.000305
5.7429880E-07,-0.000296
5.7434880E-07,-0.000286
5.7439880E-07,-0.000274
5.7444880E-07,-0.000261
5.7449880E-07,-0.000248
5.7454880E-07,-0.000236
5.7459880E-07,-0.000223
5.7464880E-07,-0.000211
5.7469880E-07,-0.000200
5.7474880E-07,-0.000191
5.7479880E-07,-0.000182
5.7484880E-07,-0.000176
5.7489880E-07,-0.000170
5.7494880E-07,-0.000166
5.7499880E-07,-0.000162
5.7504880E-07,-0.000160
5.7509880E-07,-0.000159
5.7514880E-07,-0.000158
5.7519880E-07,-0.000158
5.7524880E-07,-0.000158
5.7529880E-07,-0.000158
5.7534880E-07,-0.000158
5.7539880E-07,-0.000158
5.7544880E-07,-0.000158
5.7549880E-07,-0.000158
5.7554880E-07,-0.000158
5.7559880E-07,-0.000158
5.7564880E-07,-0.000158
5.7569880E-07,-0.000159
5.7574880E-07,-0.000160
5.7579880E-07,-0.000162
5.7584880E-07,-0.000165
5.7589880E-07,-0.000169
5.7594880E-07,-0.000173
5.7599880E-07,-0.000179
5.7604880E-07,-0.000185
5.7609880E-07,-0.000192
5.7614880E-07,-0.000199
5.7619880E-07,-0.000206
5.7624880E-07,-0.000214
5.7629880E-07,-0.000221
5.7634880E-07,-0.000227
5.7639880E-07,-0.000233
5.7644880E-07,-0.000238
5.7649880E-07,-0.000242
5.7654880E-07,-0.000244
5.7659880E-07,-0.000244
5.7664880E-07,-0.000243
5.7669880E-07,-0.000241
5.7674880E-07,-0.000237
5.7679880E-07,-0.000231
5.7684880E-07,-0.000225
5.7689880E-07,-0.000218
5.7694880E-07,-0.000210
5.7699880E-07,-0.000202
5.7704880E-07,-0.000195
5.7709880E-07,-0.000187
5.7714880E-07,-0.000181
5.7719880E-07,-0.000176
5.7724880E-07,-0.000172
5.7729880E-07,-0.000170
5.7734880E-07,-0.000169
5.7739880E-07,-0.000170
5.7744880E-07,-0.000173
5.7749880E-07,-0.000176
5.7754880E-07,-0.000181
5.7759880E-07,-0.000187
5.7764880E-07,-0.000193
5.7769880E-07,-0.000200
5.7774880E-07,-0.000206
5.7779880E-07,-0.000212
5.7784880E-07,-0.000217
5.7789880E-07,-0.000221
5.7794880E-07,-0.000224
5.7799880E-07,-0.000225
5.7804880E-07,-0.000224
5.7809880E-07,-0.000222
5.7814880E-07,-0.000219
5.7819880E-07,-0.000214
5.7824880E-07,-0.000207
5.7829880E-07,-0.000201
5.7834880E-07,-0.000193
5.7839880E-07,-0.000186
5.7844880E-07,-0.000179
5.7849880E-07,-0.000172
5.7854880E-07,-0.000167
5.7859880E-07,-0.000163
5.7864880E-07,-0.000162
5.7869880E-07,-0.000162
5.7874880E-07,-0.000164
5.7879880E-07,-0.000168
5.7884880E-07,-0.000174
5.7889880E-07,-0.000183
5.7894880E-07,-0.000193
5.7899880E-07,-0.000205
5.7904880E-07,-0.000217
5.7909880E-07,-0.000231
5.7914880E-07,-0.000245
5.7919880E-07,-0.000259
5.7924880E-07,-0.000273
5.7929880E-07,-0.000286
5.7934880E-07,-0.000299
5.7939880E-07,-0.000310
5.7944880E-07,-0.000320
5.7949880E-07,-0.000330
5.7954880E-07,-0.000338
5.7959880E-07,-0.000345
5.7964880E-07,-0.000352
5.7969880E-07,-0.000358
5.7974880E-07,-0.000364
5.7979880E-07,-0.000370
5.7984880E-07,-0.000377
5.7989880E-07,-0.000384
5.7994880E-07,-0.000392
5.7999880E-07,-0.000401
5.8004880E-07,-0.000411
5.8009880E-07,-0.000422
5.8014880E-07,-0.000435
5.8019880E-07,-0.000447
5.8024880E-07,-0.000460
5.8029880E-07,-0.000473
5.8034880E-07,-0.000486
5.8039880E-07,-0.000497
5.8044880E-07,-0.000507
5.8049880E-07,-0.000515
5.8054880E-07,-0.000521
5.8059880E-07,-0.000524
5.8064880E-07,-0.000524
5.8069880E-07,-0.000521
5.8074880E-07,-0.000514
5.8079880E-07,-0.000504
5.8084880E-07,-0.000491
5.8089880E-07,-0.000475
5.8094880E-07,-0.000456
5.8099880E-07,-0.000435
5.8104880E-07,-0.000413
5.8109880E-07,-0.000390
5.8114880E-07,-0.000366
5.8119880E-07,-0.000343
5.8124880E-07,-0.000320
5.8129880E-07,-0.000299
5.8134880E-07,-0.000279
5.8139880E-07,-0.000262
5.8144880E-07,-0.000246
5.8149880E-07,-0.000233
5.8154880E-07,-0.000222
5.8159880E-07,-0.000213
5.8164880E-07,-0.000206
5.8169880E-07,-0.000200
5.8174880E-07,-0.000195
5.8179880E-07,-0.000192
5.8184880E-07,-0.000188
5.8189880E-07,-0.000184
5.8194880E-07,-0.000180
5.8199880E-07,-0.000175
5.8204880E-07,-0.000168
5.8209880E-07,-0.000161
5.8214880E-07,-0.000151
5.8219880E-07,-0.000141
5.8224880E-07,-0.000128
5.8229880E-07,-0.000115
5.8234880E-07,-0.000100
5.8239880E-07,-0.000085
5.8244880E-07,-0.000070
5.8249880E-07,-0.000054
5.8254880E-07,-0.000039
5.8259880E-07,-0.000025
5.8264880E-07,-0.000012
5.8269880E-07,0.000000
5.8274880E-07,0.000010
5.8279880E-07,0.000019
5.8284880E-07,0.000025
5.8289880E-07,0.000031
5.8294880E-07,0.000034
5.8299880E-07,0.000036
5.8304880E-07,0.000037
5.8309880E-07,0.000037
5.8314880E-07,0.000036
5.8319880E-07,0.000035
5.8324880E-07,0.000034
5.8329880E-07,0.000032
5.8334880E-07,0.000031
5.8339880E-07,0.000030
5.8344880E-07,0.000030
5.8349880E-07,0.000030
5.8354880E-07,0.000030
5.8359880E-07,0.000030
5.8364880E-07,0.000031
5.8369880E-07,0.000030
5.8374880E-07,0.000029
5.8379880E-07,0.000027
5.8384880E-07,0.000024
5.8389880E-07,0.000019
5.8394880E-07,0.000013
5.8399880E-07,0.000004
5.8404880E-07,-0.000006
5.8409880E-07,-0.000019
5.8414880E-07,-0.000034
5.8419880E-07,-0.000050
5.8424880E-07,-0.000068
5.8429880E-07,-0.000087
5.8434880E-07,-0.000107
5.8439880E-07,-0.000128
5.8444880E-07,-0.000148
5.8449880E-07,-0.000167
5.8454880E-07,-0.000186
5.8459880E-07,-0.000203
5.8464880E-07,-0.000218
5.8469880E-07,-0.000231
5.8474880E-07,-0.000241
5.8479880E-07,-0.000249
5.8484880E-07,-0.000253
5.8489880E-07,-0.000255
5.8494880E-07,-0.000255
5.8499880E-07,-0.000252
5.8504880E-07,-0.000246
5.8509880E-07,-0.000239
5.8514880E-07,-0.000231
5.8519880E-07,-0.000222
5.8524880E-07,-0.000212
5.8529880E-07,-0.000202
5.8534880E-07,-0.000193
5.8539880E-07,-0.000184
5.8544880E-07,-0.000176
5.8549880E-07,-0.000170
5.8554880E-07,-0.000164
5.8559880E-07,-0.000160
5.8564880E-07,-0.000157
5.8569880E-07,-0.000156
5.8574880E-07,-0.000155
5.8579880E-07,-0.000155
5.8584880E-07,-0.000156
5.8589880E-07,-0.000157
5.8594880E-07,-0.000158
5.8599880E-07,-0.000159
5.8604880E-07,-0.000159
5.8609880E-07,-0.000159
5.8614880E-07,-0.000158
5.8619880E-07,-0.000156
5.8624880E-07,-0.000154
5.8629880E-07,-0.000151
5.8634880E-07,-0.000148
5.8639880E-07,-0.000145
5.8644880E-07,-0.000142
5.8649880E-07,-0.000139
5.8654880E-07,-0.000137
5.8659880E-07,-0.000136
5.8664880E-07,-0.000135
5.8669880E-07,-0.000136
5.8674880E-07,-0.000138
5.8679880E-07,-0.000142
5.8684880E-07,-0.000146
5.8689880E-07,-0.000152
5.8694880E-07,-0.000158
5.8699880E-07,-0.000165
5.8704880E-07,-0.000172
5.8709880E-07,-0.000179
5.8714880E-07,-0.000185
5.8719880E-07,-0.000190
5.8724880E-07,-0.000194
5.8729880E-07,-0.000196
5.8734880E-07,-0.000196
5.8739880E-07,-0.000194
5.8744880E-07,-0.000189
5.8749880E-07,-0.000183
5.8754880E-07,-0.000174
5.8759880E-07,-0.000163
5.8764880E-07,-0.000151
5.8769880E-07,-0.000137
5.8774880E-07,-0.000123
5.8779880E-07,-0.000109
5.8784880E-07,-0.000095
5.8789880E-07,-0.000081
5.8794880E-07,-0.000069
5.8799880E-07,-0.000058
5.8804880E-07,-0.000049
5.8809880E-07,-0.000043
5.8814880E-07,-0.000038
5.8819880E-07,-0.000036
5.8824880E-07,-0.000036
5.8829880E-07,-0.000038
5.8834880E-07,-0.000041
5.8839880E-07,-0.000045
5.8844880E-07,-0.000050
5.8849880E-07,-0.000056
5.8854880E-07,-0.000061
5.8859880E-07,-0.000066
5.8864880E-07,-0.000069
5.8869880E-07,-0.000071
5.8874880E-07,-0.000071
5.8879880E-07,-0.000070
5.8884880E-07,-0.000067
5.8889880E-07,-0.000062
5.8894880E-07,-0.000055
5.8899880E-07,-0.000048
5.8904880E-07,-0.000039
5.8909880E-07,-0.000030
5.8914880E-07,-0.000022
5.8919880E-07,-0.000014
5.8924880E-07,-0.000007
5.8929880E-07,-0.000002
5.8934880E-07,0.000001
5.8939880E-07,0.000002
5.8944880E-07,-0.000001
5.8949880E-07,-0.000006
5.8954880E-07,-0.000013
5.8959880E-07,-0.000024
5.8964880E-07,-0.000036
5.8969880E-07,-0.000051
5.8974880E-07,-0.000068
5.8979880E-07,-0.000086
5.8984880E-07,-0.000104
5.8989880E-07,-0.000122
5.8994880E-07,-0.000140
5.8999880E-07,-0.000157
5.9004880E-07,-0.000172
5.9009880E-07,-0.000186
5.9014880E-07,-0.000198
5.9019880E-07,-0.000207
5.9024880E-07,-0.000214
5.9029880E-07,-0.000218
5.9034880E-07,-0.000221
5.9039880E-07,-0.000221
5.9044880E-07,-0.000220
5.9049880E-07,-0.000217
5.9054880E-07,-0.000213
5.9059880E-07,-0.000208
5.9064880E-07,-0.000203
5.9069880E-07,-0.000197
5.9074880E-07,-0.000192
5.9079880E-07,-0.000187
5.9084880E-07,-0.000183
5.9089880E-07,-0.000179
5.9094880E-07,-0.000176
5.9099880E-07,-0.000173
5.9104880E-07,-0.000171
5.9109880E-07,-0.000168
5.9114880E-07,-0.000165
5.9119880E-07,-0.000162
5.9124880E-07,-0.000158
5.9129880E-07,-0.000153
5.9134880E-07,-0.000147
5.9139880E-07,-0.000140
5.9144880E-07,-0.000131
5.9149880E-07,-0.000120
5.9154880E-07,-0.000109
5.9159880E-07,-0.000095
5.9164880E-07,-0.000081
5.9169880E-07,-0.000067
5.9174880E-07,-0.000051
5.9179880E-07,-0.000036
5.9184880E-07,-0.000021
5.9189880E-07,-0.000007
5.9194880E-07,0.000006
5.9199880E-07,0.000018
5.9204880E-07,0.000027
5.9209880E-07,0.000035
5.9214880E-07,0.000041
5.9219880E-07,0.000045
5.9224880E-07,0.000046
5.9229880E-07,0.000046
5.9234880E-07,0.000043
5.9239880E-07,0.000040
5.9244880E-07,0.000035
5.9249880E-07,0.000029
5.9254880E-07,0.000023
5.9259880E-07,0.000017
5.9264880E-07,0.000012
5.9269880E-07,0.000008
5.9274880E-07,0.000004
5.9279880E-07,0.000002
5.9284880E-07,0.000002
5.9289880E-07,0.000003
5.9294880E-07,0.000006
5.9299880E-07,0.000010
5.9304880E-07,0.000016
5.9309880E-07,0.000023
5.9314880E-07,0.000030
5.9319880E-07,0.000038
5.9324880E-07,0.000046
5.9329880E-07,0.000053
5.9334880E-07,0.000060
5.9339880E-07,0.000066
5.9344880E-07,0.000071
5.9349880E-07,0.000074
5.9354880E-07,0.000076
5.9359880E-07,0.000077
5.9364880E-07,0.000076
5.9369880E-07,0.000074
5.9374880E-07,0.000072
5.9379880E-07,0.000068
5.9384880E-07,0.000065
5.9389880E-07,0.000062
5.9394880E-07,0.000060
5.9399880E-07,0.000059
5.9404880E-07,0.000059
5.9409880E-07,0.000061
5.9414880E-07,0.000065
5.9419880E-07,0.000071
5.9424880E-07,0.000079
5.9429880E-07,0.000089
5.9434880E-07,0.000100
5.9439880E-07,0.000113
5.9444880E-07,0.000127
5.9449880E-07,0.000142
5.9454880E-07,0.000157
5.9459880E-07,0.000172
5.9464880E-07,0.000186
5.9469880E-07,0.000199
5.9474880E-07,0.000210
5.9479880E-07,0.000220
5.9484880E-07,0.000228
5.9489880E-07,0.000234
5.9494880E-07,0.000238
5.9499880E-07,0.000240
5.9504880E-07,0.000241
5.9509880E-07,0.000240
5.9514880E-07,0.000238
5.9519880E-07,0.000236
5.9524880E-07,0.000233
5.9529880E-07,0.000230
5.9534880E-07,0.000228
5.9539880E-07,0.000227
5.9544880E-07,0.000226
5.9549880E-07,0.000227
5.9554880E-07,0.000228
5.9559880E-07,0.000231
5.9564880E-07,0.000234
5.9569880E-07,0.000237
5.9574880E-07,0.000241
5.9579880E-07,0.000244
5.9584880E-07,0.000246
5.9589880E-07,0.000246
5.9594880E-07,0.000245
5.9599880E-07,0.000241
5.9604880E-07,0.000235
5.9609880E-07,0.000225
5.9614880E-07,0.000213
5.9619880E-07,0.000197
5.9624880E-07,0.000178
5.9629880E-07,0.000156
5.9634880E-07,0.000131
5.9639880E-07,0.000105
5.9644880E-07,0.000076
5.9649880E-07,0.000047
5.9654880E-07,0.000018
5.9659880E-07,-0.000011
5.9664880E-07,-0.000040
5.9669880E-07,-0.000066
5.9674880E-07,-0.000090
5.9679880E-07,-0.000112
5.9684880E-07,-0.000131
5.9689880E-07,-0.000147
5.9694880E-07,-0.000159
5.9699880E-07,-0.000169
5.9704880E-07,-0.000175
5.9709880E-07,-0.000179
5.9714880E-07,-0.000181
5.9719880E-07,-0.000181
5.9724880E-07,-0.000180
5.9729880E-07,-0.000178
5.9734880E-07,-0.000176
5.9739880E-07,-0.000174
5.9744880E-07,-0.000173
5.9749880E-07,-0.000172
5.9754880E-07,-0.000173
5.9759880E-07,-0.000175
5.9764880E-07,-0.000178
5.9769880E-07,-0.000182
5.9774880E-07,-0.000187
5.9779880E-07,-0.000193
5.9784880E-07,-0.000198
5.9789880E-07,-0.000204
5.9794880E-07,-0.000210
5.9799880E-07,-0.000214
5.9804880E-07,-0.000217
5.9809880E-07,-0.000219
5.9814880E-07,-0.000219
5.9819880E-07,-0.000218
5.9824880E-07,-0.000215
5.9829880E-07,-0.000210
5.9834880E-07,-0.000203
5.9839880E-07,-0.000196
5.9844880E-07,-0.000187
5.9849880E-07,-0.000178
5.9854880E-07,-0.000169
5.9859880E-07,-0.000160
5.9864880E-07,-0.000152
5.9869880E-07,-0.000145
5.9874880E-07,-0.000139
5.9879880E-07,-0.000134
5.9884880E-07,-0.000131
5.9889880E-07,-0.000130
5.9894880E-07,-0.000130
5.9899880E-07,-0.000132
5.9904880E-07,-0.000135
5.9909880E-07,-0.000138
5.9914880E-07,-0.000143
5.9919880E-07,-0.000147
5.9924880E-07,-0.000151
5.9929880E-07,-0.000154
5.9934880E-07,-0.000155
5.9939880E-07,-0.000156
5.9944880E-07,-0.000155
5.9949880E-07,-0.000151
5.9954880E-07,-0.000146
5.9959880E-07,-0.000139
5.9964880E-07,-0.000131
5.9969880E-07,-0.000121
5.9974880E-07,-0.000109
5.9979880E-07,-0.000097
5.9984880E-07,-0.000085
5.9989880E-07,-0.000073
5.9994880E-07,-0.000062
5.9999880E-07,-0.000052
6.0004880E-07,-0.000044
6.0009880E-07,-0.000038
6.0014880E-07,-0.000034
6.0019880E-07,-0.000033
6.0024880E-07,-0.000034
6.0029880E-07,-0.000038
6.0034880E-07,-0.000045
6.0039880E-07,-0.000053
6.0044880E-07,-0.000063
6.0049880E-07,-0.000075
6.0054880E-07,-0.000087
6.0059880E-07,-0.000100
6.0064880E-07,-0.000113
6.0069880E-07,-0.000124
6.0074880E-07,-0.000134
6.0079880E-07,-0.000142
6.0084880E-07,-0.000148
6.0089880E-07,-0.000152
6.0094880E-07,-0.000153
6.0099880E-07,-0.000152
6.0104880E-07,-0.000148
6.0109880E-07,-0.000141
6.0114880E-07,-0.000133
6.0119880E-07,-0.000123
6.0124880E-07,-0.000112
6.0129880E-07,-0.000100
6.0134880E-07,-0.000088
6.0139880E-07,-0.000076
6.0144880E-07,-0.000066
6.0149880E-07,-0.000056
6.0154880E-07,-0.000048
6.0159880E-07,-0.000041
6.0164880E-07,-0.000037
6.0169880E-07,-0.000034
6.0174880E-07,-0.000033
6.0179880E-07,-0.000034
6.0184880E-07,-0.000036
6.0189880E-07,-0.000038
6.0194880E-07,-0.000041
6.0199880E-07,-0.000045
6.0204880E-07,-0.000048
6.0209880E-07,-0.000050
6.0214880E-07,-0.000051
6.0219880E-07,-0.000051
6.0224880E-07,-0.000050
6.0229880E-07,-0.000047
6.0234880E-07,-0.000042
6.0239880E-07,-0.000036
6.0244880E-07,-0.000028
6.0249880E-07,-0.000020
6.0254880E-07,-0.000011
6.0259880E-07,-0.000001
6.0264880E-07,0.000008
6.0269880E-07,0.000016
6.0274880E-07,0.000024
6.0279880E-07,0.000031
6.0284880E-07,0.000036
6.0289880E-07,0.000039
6.0294880E-07,0.000041
6.0299880E-07,0.000041
6.0304880E-07,0.000039
6.0309880E-07,0.000036
6.0314880E-07,0.000031
6.0319880E-07,0.000026
6.0324880E-07,0.000020
6.0329880E-07,0.000015
6.0334880E-07,0.000009
6.0339880E-07,0.000005
6.0344880E-07,0.000001
6.0349880E-07,-0.000001
6.0354880E-07,-0.000002
6.0359880E-07,-0.000001
6.0364880E-07,0.000001
6.0369880E-07,0.000005
6.0374880E-07,0.000010
6.0379880E-07,0.000015
6.0384880E-07,0.000022
6.0389880E-07,0.000028
6.0394880E-07,0.000035
6.0399880E-07,0.000041
6.0404880E-07,0.000045
6.0409880E-07,0.000049
6.0414880E-07,0.000051
6.0419880E-07,0.000052
6.0424880E-07,0.000050
6.0429880E-07,0.000048
6.0434880E-07,0.000043
6.0439880E-07,0.000037
6.0444880E-07,0.000030
6.0449880E-07,0.000023
6.0454880E-07,0.000015
6.0459880E-07,0.000008
6.0464880E-07,0.000001
6.0469880E-07,-0.000005
6.0474880E-07,-0.000010
6.0479880E-07,-0.000013
6.0484880E-07,-0.000014
6.0489880E-07,-0.000013
6.0494880E-07,-0.000010
6.0499880E-07,-0.000006
6.0504880E-07,0.000001
6.0509880E-07,0.000008
6.0514880E-07,0.000016
6.0519880E-07,0.000025
6.0524880E-07,0.000034
6.0529880E-07,0.000043
6.0534880E-07,0.000051
6.0539880E-07,0.000058
6.0544880E-07,0.000064
6.0549880E-07,0.000068
6.0554880E-07,0.000070
6.0559880E-07,0.000071
6.0564880E-07,0.000071
6.0569880E-07,0.000069
6.0574880E-07,0.000065
6.0579880E-07,0.000062
6.0584880E-07,0.000057
6.0589880E-07,0.000053
6.0594880E-07,0.000050
6.0599880E-07,0.000047
6.0604880E-07,0.000045
6.0609880E-07,0.000045
6.0614880E-07,0.000047
6.0619880E-07,0.000050
6.0624880E-07,0.000055
6.0629880E-07,0.000062
6.0634880E-07,0.000070
6.0639880E-07,0.000080
6.0644880E-07,0.000090
6.0649880E-07,0.000100
6.0654880E-07,0.000110
6.0659880E-07,0.000119
6.0664880E-07,0.000127
6.0669880E-07,0.000133
6.0674880E-07,0.000138
6.0679880E-07,0.000139
6.0684880E-07,0.000138
6.0689880E-07,0.000135
6.0694880E-07,0.000128
6.0699880E-07,0.000119
6.0704880E-07,0.000107
6.0709880E-07,0.000093
6.0714880E-07,0.000077
6.0719880E-07,0.000060
6.0724880E-07,0.000041
6.0729880E-07,0.000022
6.0734880E-07,0.000003
6.0739880E-07,-0.000016
6.0744880E-07,-0.000034
6.0749880E-07,-0.000050
6.0754880E-07,-0.000066
6.0759880E-07,-0.000080
6.0764880E-07,-0.000092
6.0769880E-07,-0.000103
6.0774880E-07,-0.000113
6.0779880E-07,-0.000121
6.0784880E-07,-0.000128
6.0789880E-07,-0.000135
6.0794880E-07,-0.000141
6.0799880E-07,-0.000147
6.0804880E-07,-0.000154
6.0809880E-07,-0.000161
6.0814880E-07,-0.000169
6.0819880E-07,-0.000177
6.0824880E-07,-0.000187
6.0829880E-07,-0.000197
6.0834880E-07,-0.000208
6.0839880E-07,-0.000220
6.0844880E-07,-0.000232
6.0849880E-07,-0.000243
6.0854880E-07,-0.000254
6.0859880E-07,-0.000264
6.0864880E-07,-0.000272
6.0869880E-07,-0.000279
6.0874880E-07,-0.000283
6.0879880E-07,-0.000284
6.0884880E-07,-0.000283
6.0889880E-07,-0.000278
6.0894880E-07,-0.000270
6.0899880E-07,-0.000260
6.0904880E-07,-0.000246
6.0909880E-07,-0.000230
6.0914880E-07,-0.000212
6.0919880E-07,-0.000193
6.0924880E-07,-0.000172
6.0929880E-07,-0.000151
6.0934880E-07,-0.000130
6.0939880E-07,-0.000110
6.0944880E-07,-0.000091
6.0949880E-07,-0.000073
6.0954880E-07,-0.000058
6.0959880E-07,-0.000046
6.0964880E-07,-0.000036
6.0969880E-07,-0.000028
6.0974880E-07,-0.000024
6.0979880E-07,-0.000022
6.0984880E-07,-0.000022
6.0989880E-07,-0.000025
6.0994880E-07,-0.000029
6.0999880E-07,-0.000034
6.1004880E-07,-0.000040
6.1009880E-07,-0.000046
6.1014880E-07,-0.000052
6.1019880E-07,-0.000057
6.1024880E-07,-0.000062
6.1029880E-07,-0.000066
6.1034880E-07,-0.000069
6.1039880E-07,-0.000071
6.1044880E-07,-0.000072
6.1049880E-07,-0.000073
6.1054880E-07,-0.000073
6.1059880E-07,-0.000073
6.1064880E-07,-0.000074
6.1069880E-07,-0.000075
6.1074880E-07,-0.000077
6.1079880E-07,-0.000080
6.1084880E-07,-0.000085
6.1089880E-07,-0.000091
6.1094880E-07,-0.000098
6.1099880E-07,-0.000108
6.1104880E-07,-0.000118
6.1109880E-07,-0.000129
6.1114880E-07,-0.000141
6.1119880E-07,-0.000154
6.1124880E-07,-0.000165
6.1129880E-07,-0.000176
6.1134880E-07,-0.000186
6.1139880E-07,-0.000193
6.1144880E-07,-0.000198
6.1149880E-07,-0.000201
6.1154880E-07,-0.000200
6.1159880E-07,-0.000196
6.1164880E-07,-0.000189
6.1169880E-07,-0.000179
6.1174880E-07,-0.000167
6.1179880E-07,-0.000151
6.1184880E-07,-0.000134
6.1189880E-07,-0.000115
6.1194880E-07,-0.000095
6.1199880E-07,-0.000075
6.1204880E-07,-0.000055
6.1209880E-07,-0.000037
6.1214880E-07,-0.000019
6.1219880E-07,-0.000004
6.1224880E-07,0.000009
6.1229880E-07,0.000020
6.1234880E-07,0.000028
6.1239880E-07,0.000033
6.1244880E-07,0.000036
6.1249880E-07,0.000037
6.1254880E-07,0.000036
6.1259880E-07,0.000034
6.1264880E-07,0.000031
6.1269880E-07,0.000027
6.1274880E-07,0.000024
6.1279880E-07,0.000020
6.1284880E-07,0.000018
6.1289880E-07,0.000017
6.1294880E-07,0.000018
6.1299880E-07,0.000020
6.1304880E-07,0.000023
6.1309880E-07,0.000029
6.1314880E-07,0.000035
6.1319880E-07,0.000043
6.1324880E-07,0.000051
6.1329880E-07,0.000059
6.1334880E-07,0.000068
6.1339880E-07,0.000076
6.1344880E-07,0.000083
6.1349880E-07,0.000088
6.1354880E-07,0.000092
6.1359880E-07,0.000094
6.1364880E-07,0.000094
6.1369880E-07,0.000092
6.1374880E-07,0.000087
6.1379880E-07,0.000081
6.1384880E-07,0.000073
6.1389880E-07,0.000064
6.1394880E-07,0.000053
6.1399880E-07,0.000042
6.1404880E-07,0.000030
6.1409880E-07,0.000018
6.1414880E-07,0.000006
6.1419880E-07,-0.000005
6.1424880E-07,-0.000015
6.1429880E-07,-0.000024
6.1434880E-07,-0.000032
6.1439880E-07,-0.000038
6.1444880E-07,-0.000043
6.1449880E-07,-0.000047
6.1454880E-07,-0.000050
6.1459880E-07,-0.000052
6.1464880E-07,-0.000053
6.1469880E-07,-0.000054
6.1474880E-07,-0.000055
6.1479880E-07,-0.000055
6.1484880E-07,-0.000056
6.1489880E-07,-0.000057
6.1494880E-07,-0.000058
6.1499880E-07,-0.000060
6.1504880E-07,-0.000062
6.1509880E-07,-0.000064
6.1514880E-07,-0.000066
6.1519880E-07,-0.000068
6.1524880E-07,-0.000070
6.1529880E-07,-0.000071
6.1534880E-07,-0.000071
6.1539880E-07,-0.000069
6.1544880E-07,-0.000067
6.1549880E-07,-0.000062
6.1554880E-07,-0.000056
6.1559880E-07,-0.000048
6.1564880E-07,-0.000038
6.1569880E-07,-0.000027
6.1574880E-07,-0.000013
6.1579880E-07,0.000001
6.1584880E-07,0.000017
6.1589880E-07,0.000034
6.1594880E-07,0.000050
6.1599880E-07,0.000067
6.1604880E-07,0.000083
6.1609880E-07,0.000098
6.1614880E-07,0.000112
6.1619880E-07,0.000124
6.1624880E-07,0.000134
6.1629880E-07,0.000142
6.1634880E-07,0.000148
6.1639880E-07,0.000151
6.1644880E-07,0.000152
6.1649880E-07,0.000150
6.1654880E-07,0.000147
6.1659880E-07,0.000141
6.1664880E-07,0.000135
6.1669880E-07,0.000127
6.1674880E-07,0.000119
6.1679880E-07,0.000111
6.1684880E-07,0.000102
6.1689880E-07,0.000095
6.1694880E-07,0.000088
6.1699880E-07,0.000082
6.1704880E-07,0.000077
6.1709880E-07,0.000073
6.1714880E-07,0.000071
6.1719880E-07,0.000070
6.1724880E-07,0.000070
6.1729880E-07,0.000071
6.1734880E-07,0.000072
6.1739880E-07,0.000074
6.1744880E-07,0.000076
6.1749880E-07,0.000078
6.1754880E-07,0.000080
6.1759880E-07,0.000081
6.1764880E-07,0.000081
6.1769880E-07,0.000081
6.1774880E-07,0.000079
6.1779880E-07,0.000078
6.1784880E-07,0.000075
6.1789880E-07,0.000072
6.1794880E-07,0.000070
6.1799880E-07,0.000067
6.1804880E-07,0.000065
6.1809880E-07,0.000064
6.1814880E-07,0.000063
6.1819880E-07,0.000064
6.1824880E-07,0.000066
6.1829880E-07,0.000070
6.1834880E-07,0.000075
6.1839880E-07,0.000082
6.1844880E-07,0.000089
6.1849880E-07,0.000098
6.1854880E-07,0.000107
6.1859880E-07,0.000116
6.1864880E-07,0.000125
6.1869880E-07,0.000133
6.1874880E-07,0.000139
6.1879880E-07,0.000144
6.1884880E-07,0.000147
6.1889880E-07,0.000148
6.1894880E-07,0.000145
6.1899880E-07,0.000140
6.1904880E-07,0.000133
6.1909880E-07,0.000123
6.1914880E-07,0.000110
6.1919880E-07,0.000095
6.1924880E-07,0.000079
6.1929880E-07,0.000062
6.1934880E-07,0.000044
6.1939880E-07,0.000026
6.1944880E-07,0.000009
6.1949880E-07,-0.000007
6.1954880E-07,-0.000022
6.1959880E-07,-0.000035
6.1964880E-07,-0.000046
6.1969880E-07,-0.000055
6.1974880E-07,-0.000062
6.1979880E-07,-0.000066
6.1984880E-07,-0.000069
6.1989880E-07,-0.000069
6.1994880E-07,-0.000069
6.1999880E-07,-0.000068
6.2004880E-07,-0.000066
6.2009880E-07,-0.000064
6.2014880E-07,-0.000063
6.2019880E-07,-0.000062
6.2024880E-07,-0.000063
6.2029880E-07,-0.000065
6.2034880E-07,-0.000068
6.2039880E-07,-0.000073
6.2044880E-07,-0.000079
6.2049880E-07,-0.000086
6.2054880E-07,-0.000095
6.2059880E-07,-0.000104
6.2064880E-07,-0.000113
6.2069880E-07,-0.000121
6.2074880E-07,-0.000130
6.2079880E-07,-0.000137
6.2084880E-07,-0.000143
6.2089880E-07,-0.000148
6.2094880E-07,-0.000150
6.2099880E-07,-0.000151
6.2104880E-07,-0.000150
6.2109880E-07,-0.000147
6.2114880E-07,-0.000143
6.2119880E-07,-0.000137
6.2124880E-07,-0.000130
6.2129880E-07,-0.000123
6.2134880E-07,-0.000115
6.2139880E-07,-0.000108
6.2144880E-07,-0.000101
6.2149880E-07,-0.000095
6.2154880E-07,-0.000090
6.2159880E-07,-0.000087
6.2164880E-07,-0.000086
6.2169880E-07,-0.000086
6.2174880E-07,-0.000087
6.2179880E-07,-0.000090
6.2184880E-07,-0.000095
6.2189880E-07,-0.000100
6.2194880E-07,-0.000106
6.2199880E-07,-0.000112
6.2204880E-07,-0.000118
6.2209880E-07,-0.000124
6.2214880E-07,-0.000128
6.2219880E-07,-0.000131
6.2224880E-07,-0.000133
6.2229880E-07,-0.000133
6.2234880E-07,-0.000131
6.2239880E-07,-0.000128
6.2244880E-07,-0.000122
6.2249880E-07,-0.000116
6.2254880E-07,-0.000108
6.2259880E-07,-0.000099
6.2264880E-07,-0.000089
6.2269880E-07,-0.000079
6.2274880E-07,-0.000069
6.2279880E-07,-0.000060
6.2284880E-07,-0.000052
6.2289880E-07,-0.000045
6.2294880E-07,-0.000039
6.2299880E-07,-0.000035
6.2304880E-07,-0.000032
6.2309880E-07,-0.000032
6.2314880E-07,-0.000033
6.2319880E-07,-0.000036
6.2324880E-07,-0.000040
6.2329880E-07,-0.000045
6.2334880E-07,-0.000051
6.2339880E-07,-0.000057
6.2344880E-07,-0.000064
6.2349880E-07,-0.000070
6.2354880E-07,-0.000076
6.2359880E-07,-0.000080
6.2364880E-07,-0.000084
6.2369880E-07,-0.000087
6.2374880E-07,-0.000088
6.2379880E-07,-0.000087
6.2384880E-07,-0.000086
6.2389880E-07,-0.000083
6.2394880E-07,-0.000079
6.2399880E-07,-0.000075
6.2404880E-07,-0.000069
6.2409880E-07,-0.000064
6.2414880E-07,-0.000059
6.2419880E-07,-0.000054
6.2424880E-07,-0.000050
6.2429880E-07,-0.000047
6.2434880E-07,-0.000045
6.2439880E-07,-0.000044
6.2444880E-07,-0.000044
6.2449880E-07,-0.000045
6.2454880E-07,-0.000047
6.2459880E-07,-0.000050
6.2464880E-07,-0.000053
6.2469880E-07,-0.000056
6.2474880E-07,-0.000059
6.2479880E-07,-0.000062
6.2484880E-07,-0.000064
6.2489880E-07,-0.000065
6.2494880E-07,-0.000065
6.2499880E-07,-0.000063
6.2504880E-07,-0.000059
6.2509880E-07,-0.000055
6.2514880E-07,-0.000049
6.2519880E-07,-0.000041
6.2524880E-07,-0.000033
6.2529880E-07,-0.000024
6.2534880E-07,-0.000016
6.2539880E-07,-0.000007
6.2544880E-07,0.000001
6.2549880E-07,0.000008
6.2554880E-07,0.000014
6.2559880E-07,0.000018
6.2564880E-07,0.000020
6.2569880E-07,0.000020
6.2574880E-07,0.000017
6.2579880E-07,0.000013
6.2584880E-07,0.000006
6.2589880E-07,-0.000002
6.2594880E-07,-0.000012
6.2599880E-07,-0.000023
6.2604880E-07,-0.000035
6.2609880E-07,-0.000046
6.2614880E-07,-0.000057
6.2619880E-07,-0.000068
6.2624880E-07,-0.000077
6.2629880E-07,-0.000084
6.2634880E-07,-0.000090
6.2639880E-07,-0.000093
6.2644880E-07,-0.000094
6.2649880E-07,-0.000093
6.2654880E-07,-0.000090
6.2659880E-07,-0.000084
6.2664880E-07,-0.000077
6.2669880E-07,-0.000069
6.2674880E-07,-0.000060
6.2679880E-07,-0.000050
6.2684880E-07,-0.000040
6.2689880E-07,-0.000030
6.2694880E-07,-0.000020
6.2699880E-07,-0.000012
6.2704880E-07,-0.000004
6.2709880E-07,0.000003
6.2714880E-07,0.000008
6.2719880E-07,0.000013
6.2724880E-07,0.000017
6.2729880E-07,0.000020
6.2734880E-07,0.000023
6.2739880E-07,0.000025
6.2744880E-07,0.000028
6.2749880E-07,0.000032
6.2754880E-07,0.000037
6.2759880E-07,0.000042
6.2764880E-07,0.000050
6.2769880E-07,0.000058
6.2774880E-07,0.000068
6.2779880E-07,0.000080
6.2784880E-07,0.000093
6.2789880E-07,0.000107
6.2794880E-07,0.000123
6.2799880E-07,0.000138
6.2804880E-07,0.000154
6.2809880E-07,0.000170
6.2814880E-07,0.000184
6.2819880E-07,0.000198
6.2824880E-07,0.000210
6.2829880E-07,0.000221
6.2834880E-07,0.000229
6.2839880E-07,0.000235
6.2844880E-07,0.000239
6.2849880E-07,0.000241
6.2854880E-07,0.000240
6.2859880E-07,0.000238
6.2864880E-07,0.000233
6.2869880E-07,0.000227
6.2874880E-07,0.000219
6.2879880E-07,0.000211
6.2884880E-07,0.000201
6.2889880E-07,0.000191
6.2894880E-07,0.000181
6.2899880E-07,0.000171
6.2904880E-07,0.000161
6.2909880E-07,0.000151
6.2914880E-07,0.000142
6.2919880E-07,0.000133
6.2924880E-07,0.000123
6.2929880E-07,0.000114
6.2934880E-07,0.000105
6.2939880E-07,0.000095
6.2944880E-07,0.000085
6.2949880E-07,0.000074
6.2954880E-07,0.000062
6.2959880E-07,0.000050
6.2964880E-07,0.000036
6.2969880E-07,0.000022
6.2974880E-07,0.000006
6.2979880E-07,-0.000011
6.2984880E-07,-0.000028
6.2989880E-07,-0.000045
6.2994880E-07,-0.000063
6.2999880E-07,-0.000081
6.3004880E-07,-0.000099
6.3009880E-07,-0.000116
6.3014880E-07,-0.000132
6.3019880E-07,-0.000147
6.3024880E-07,-0.000161
6.3029880E-07,-0.000173
6.3034880E-07,-0.000183
6.3039880E-07,-0.000192
6.3044880E-07,-0.000198
6.3049880E-07,-0.000203
6.3054880E-07,-0.000207
6.3059880E-07,-0.000208
6.3064880E-07,-0.000209
6.3069880E-07,-0.000209
6.3074880E-07,-0.000208
6.3079880E-07,-0.000207
6.3084880E-07,-0.000205
6.3089880E-07,-0.000204
6.3094880E-07,-0.000203
6.3099880E-07,-0.000203
6.3104880E-07,-0.000203
6.3109880E-07,-0.000204
6.3114880E-07,-0.000206
6.3119880E-07,-0.000208
6.3124880E-07,-0.000211
6.3129880E-07,-0.000214
6.3134880E-07,-0.000218
6.3139880E-07,-0.000221
6.3144880E-07,-0.000224
6.3149880E-07,-0.000226
6.3154880E-07,-0.000226
6.3159880E-07,-0.000226
6.3164880E-07,-0.000224
6.3169880E-07,-0.000220
6.3174880E-07,-0.000215
6.3179880E-07,-0.000208
6.3184880E-07,-0.000198
6.3189880E-07,-0.000187
6.3194880E-07,-0.000175
6.3199880E-07,-0.000161
6.3204880E-07,-0.000146
6.3209880E-07,-0.000130
6.3214880E-07,-0.000114
6.3219880E-07,-0.000098
6.3224880E-07,-0.000083
6.3229880E-07,-0.000068
6.3234880E-07,-0.000054
6.3239880E-07,-0.000042
6.3244880E-07,-0.000031
6.3249880E-07,-0.000021
6.3254880E-07,-0.000014
6.3259880E-07,-0.000008
6.3264880E-07,-0.000004
6.3269880E-07,-0.000001
6.3274880E-07,0.000000
6.3279880E-07,0.000000
6.3284880E-07,0.000000
6.3289880E-07,-0.000001
6.3294880E-07,-0.000002
6.3299880E-07,-0.000003
6.3304880E-07,-0.000004
6.3309880E-07,-0.000003
6.3314880E-07,-0.000002
6.3319880E-07,0.000000
6.3324880E-07,0.000002
6.3329880E-07,0.000006
6.3334880E-07,0.000011
6.3339880E-07,0.000016
6.3344880E-07,0.000022
6.3349880E-07,0.000028
6.3354880E-07,0.000034
6.3359880E-07,0.000040
6.3364880E-07,0.000045
6.3369880E-07,0.000050
6.3374880E-07,0.000054
6.3379880E-07,0.000057
6.3384880E-07,0.000059
6.3389880E-07,0.000060
6.3394880E-07,0.000061
6.3399880E-07,0.000060
6.3404880E-07,0.000059
6.3409880E-07,0.000057
6.3414880E-07,0.000055
6.3419880E-07,0.000054
6.3424880E-07,0.000053
6.3429880E-07,0.000053
6.3434880E-07,0.000053
6.3439880E-07,0.000055
6.3444880E-07,0.000058
6.3449880E-07,0.000063
6.3454880E-07,0.000069
6.3459880E-07,0.000076
6.3464880E-07,0.000084
6.3469880E-07,0.000093
6.3474880E-07,0.000103
6.3479880E-07,0.000113
6.3484880E-07,0.000123
6.3489880E-07,0.000133
6.3494880E-07,0.000143
6.3499880E-07,0.000151
6.3504880E-07,0.000159
6.3509880E-07,0.000165
6.3514880E-07,0.000169
6.3519880E-07,0.000172
6.3524880E-07,0.000174
6.3529880E-07,0.000174
6.3534880E-07,0.000172
6.3539880E-07,0.000170
6.3544880E-07,0.000166
6.3549880E-07,0.000162
6.3554880E-07,0.000157
6.3559880E-07,0.000152
6.3564880E-07,0.000147
6.3569880E-07,0.000143
6.3574880E-07,0.000138
6.3579880E-07,0.000134
6.3584880E-07,0.000131
6.3589880E-07,0.000129
6.3594880E-07,0.000126
6.3599880E-07,0.000124
6.3604880E-07,0.000123
6.3609880E-07,0.000121
6.3614880E-07,0.000119
6.3619880E-07,0.000116
6.3624880E-07,0.000113
6.3629880E-07,0.000109
6.3634880E-07,0.000104
6.3639880E-07,0.000097
6.3644880E-07,0.000089
6.3649880E-07,0.000080
6.3654880E-07,0.000070
6.3659880E-07,0.000058
6.3664880E-07,0.000046
6.3669880E-07,0.000033
6.3674880E-07,0.000020
6.3679880E-07,0.000006
6.3684880E-07,-0.000007
6.3689880E-07,-0.000020
6.3694880E-07,-0.000032
6.3699880E-07,-0.000043
6.3704880E-07,-0.000053
6.3709880E-07,-0.000062
6.3714880E-07,-0.000069
6.3719880E-07,-0.000074
6.3724880E-07,-0.000078
6.3729880E-07,-0.000081
6.3734880E-07,-0.000083
6.3739880E-07,-0.000084
6.3744880E-07,-0.000084
6.3749880E-07,-0.000084
6.3754880E-07,-0.000083
6.3759880E-07,-0.000083
6.3764880E-07,-0.000083
6.3769880E-07,-0.000084
6.3774880E-07,-0.000086
6.3779880E-07,-0.000088
6.3784880E-07,-0.000092
6.3789880E-07,-0.000097
6.3794880E-07,-0.000103
6.3799880E-07,-0.000110
6.3804880E-07,-0.000118
6.3809880E-07,-0.000127
6.3814880E-07,-0.000137
6.3819880E-07,-0.000147
6.3824880E-07,-0.000158
6.3829880E-07,-0.000169
6.3834880E-07,-0.000180
6.3839880E-07,-0.000191
6.3844880E-07,-0.000202
6.3849880E-07,-0.000213
6.3854880E-07,-0.000223
6.3859880E-07,-0.000233
6.3864880E-07,-0.000242
6.3869880E-07,-0.000251
6.3874880E-07,-0.000259
6.3879880E-07,-0.000266
6.3884880E-07,-0.000273
6.3889880E-07,-0.000279
6.3894880E-07,-0.000284
6.3899880E-07,-0.000289
6.3904880E-07,-0.000293
6.3909880E-07,-0.000295
6.3914880E-07,-0.000297
6.3919880E-07,-0.000298
6.3924880E-07,-0.000297
6.3929880E-07,-0.000295
6.3934880E-07,-0.000292
6.3939880E-07,-0.000287
6.3944880E-07,-0.000280
6.3949880E-07,-0.000271
6.3954880E-07,-0.000261
6.3959880E-07,-0.000249
6.3964880E-07,-0.000235
6.3969880E-07,-0.000219
6.3974880E-07,-0.000202
6.3979880E-07,-0.000183
6.3984880E-07,-0.000164
6.3989880E-07,-0.000143
6.3994880E-07,-0.000122
6.3999880E-07,-0.000101
6.4004880E-07,-0.000080
6.4009880E-07,-0.000060
6.4014880E-07,-0.000040
6.4019880E-07,-0.000022
6.4024880E-07,-0.000006
6.4029880E-07,0.000009
6.4034880E-07,0.000021
6.4039880E-07,0.000031
6.4044880E-07,0.000038
6.4049880E-07,0.000043
6.4054880E-07,0.000046
6.4059880E-07,0.000046
6.4064880E-07,0.000044
6.4069880E-07,0.000041
6.4074880E-07,0.000035
6.4079880E-07,0.000029
6.4084880E-07,0.000022
6.4089880E-07,0.000014
6.4094880E-07,0.000007
6.4099880E-07,-0.000001
6.4104880E-07,-0.000007
6.4109880E-07,-0.000013
6.4114880E-07,-0.000017
6.4119880E-07,-0.000021
6.4124880E-07,-0.000022
6.4129880E-07,-0.000023
6.4134880E-07,-0.000021
6.4139880E-07,-0.000019
6.4144880E-07,-0.000015
6.4149880E-07,-0.000010
6.4154880E-07,-0.000005
6.4159880E-07,0.000001
6.4164880E-07,0.000008
6.4169880E-07,0.000014
6.4174880E-07,0.000020
6.4179880E-07,0.000026
6.4184880E-07,0.000030
6.4189880E-07,0.000035
6.4194880E-07,0.000038
6.4199880E-07,0.000041
6.4204880E-07,0.000043
6.4209880E-07,0.000045
6.4214880E-07,0.000046
6.4219880E-07,0.000046
6.4224880E-07,0.000047
6.4229880E-07,0.000048
6.4234880E-07,0.000050
6.4239880E-07,0.000051
6.4244880E-07,0.000054
6.4249880E-07,0.000057
6.4254880E-07,0.000061
6.4259880E-07,0.000065
6.4264880E-07,0.000070
6.4269880E-07,0.000075
6.4274880E-07,0.000081
6.4279880E-07,0.000087
6.4284880E-07,0.000092
6.4289880E-07,0.000097
6.4294880E-07,0.000100
6.4299880E-07,0.000103
6.4304880E-07,0.000104
6.4309880E-07,0.000104
6.4314880E-07,0.000102
6.4319880E-07,0.000098
6.4324880E-07,0.000093
6.4329880E-07,0.000085
6.4334880E-07,0.000076
6.4339880E-07,0.000066
6.4344880E-07,0.000055
6.4349880E-07,0.000043
6.4354880E-07,0.000031
6.4359880E-07,0.000018
6.4364880E-07,0.000005
6.4369880E-07,-0.000006
6.4374880E-07,-0.000018
6.4379880E-07,-0.000028
6.4384880E-07,-0.000036
6.4389880E-07,-0.000044
6.4394880E-07,-0.000049
6.4399880E-07,-0.000054
6.4404880E-07,-0.000056
6.4409880E-07,-0.000057
6.4414880E-07,-0.000057
6.4419880E-07,-0.000056
6.4424880E-07,-0.000054
6.4429880E-07,-0.000051
6.4434880E-07,-0.000047
6.4439880E-07,-0.000043
6.4444880E-07,-0.000038
6.4449880E-07,-0.000033
6.4454880E-07,-0.000029
6.4459880E-07,-0.000024
6.4464880E-07,-0.000019
6.4469880E-07,-0.000015
6.4474880E-07,-0.000010
6.4479880E-07,-0.000006
6.4484880E-07,-0.000001
6.4489880E-07,0.000003
6.4494880E-07,0.000008
6.4499880E-07,0.000013
6.4504880E-07,0.000019
6.4509880E-07,0.000024
6.4514880E-07,0.000030
6.4519880E-07,0.000036
6.4524880E-07,0.000043
6.4529880E-07,0.000050
6.4534880E-07,0.000056
6.4539880E-07,0.000063
6.4544880E-07,0.000069
6.4549880E-07,0.000074
6.4554880E-07,0.000079
6.4559880E-07,0.000083
6.4564880E-07,0.000087
6.4569880E-07,0.000089
6.4574880E-07,0.000090
6.4579880E-07,0.000090
6.4584880E-07,0.000088
6.4589880E-07,0.000086
6.4594880E-07,0.000082
6.4599880E-07,0.000077
6.4604880E-07,0.000071
6.4609880E-07,0.000064
6.4614880E-07,0.000057
6.4619880E-07,0.000049
6.4624880E-07,0.000041
6.4629880E-07,0.000033
6.4634880E-07,0.000025
6.4639880E-07,0.000018
6.4644880E-07,0.000011
6.4649880E-07,0.000005
6.4654880E-07,0.000000
6.4659880E-07,-0.000004
6.4664880E-07,-0.000007
6.4669880E-07,-0.000009
6.4674880E-07,-0.000010
6.4679880E-07,-0.000010
6.4684880E-07,-0.000009
6.4689880E-07,-0.000007
6.4694880E-07,-0.000004
6.4699880E-07,-0.000001
6.4704880E-07,0.000003
6.4709880E-07,0.000007
6.4714880E-07,0.000012
6.4719880E-07,0.000016
6.4724880E-07,0.000021
6.4729880E-07,0.000025
6.4734880E-07,0.000029
6.4739880E-07,0.000033
6.4744880E-07,0.000036
6.4749880E-07,0.000039
6.4754880E-07,0.000042
6.4759880E-07,0.000044
6.4764880E-07,0.000046
6.4769880E-07,0.000047
6.4774880E-07,0.000049
6.4779880E-07,0.000050
6.4784880E-07,0.000051
6.4789880E-07,0.000052
6.4794880E-07,0.000053
6.4799880E-07,0.000054
6.4804880E-07,0.000055
6.4809880E-07,0.000056
6.4814880E-07,0.000057
6.4819880E-07,0.000058
6.4824880E-07,0.000059
6.4829880E-07,0.000061
6.4834880E-07,0.000062
6.4839880E-07,0.000063
6.4844880E-07,0.000064
6.4849880E-07,0.000064
6.4854880E-07,0.000064
6.4859880E-07,0.000064
6.4864880E-07,0.000064
6.4869880E-07,0.000063
6.4874880E-07,0.000062
6.4879880E-07,0.000061
6.4884880E-07,0.000059
6.4889880E-07,0.000057
6.4894880E-07,0.000055
6.4899880E-07,0.000053
6.4904880E-07,0.000051
6.4909880E-07,0.000049
6.4914880E-07,0.000048
6.4919880E-07,0.000047
6.4924880E-07,0.000046
6.4929880E-07,0.000046
6.4934880E-07,0.000047
6.4939880E-07,0.000048
6.4944880E-07,0.000049
6.4949880E-07,0.000051
6.4954880E-07,0.000053
6.4959880E-07,0.000055
6.4964880E-07,0.000057
6.4969880E-07,0.000059
6.4974880E-07,0.000061
6.4979880E-07,0.000062
6.4984880E-07,0.000062
6.4989880E-07,0.000061
6.4994880E-07,0.000060
6.4999880E-07,0.000057
6.5004880E-07,0.000054
6.5009880E-07,0.000049
6.5014880E-07,0.000042
6.5019880E-07,0.000035
6.5024880E-07,0.000026
6.5029880E-07,0.000016
6.5034880E-07,0.000006
6.5039880E-07,-0.000006
6.5044880E-07,-0.000018
6.5049880E-07,-0.000030
6.5054880E-07,-0.000043
6.5059880E-07,-0.000056
6.5064880E-07,-0.000068
6.5069880E-07,-0.000081
6.5074880E-07,-0.000093
6.5079880E-07,-0.000104
6.5084880E-07,-0.000115
6.5089880E-07,-0.000125
6.5094880E-07,-0.000134
6.5099880E-07,-0.000142
6.5104880E-07,-0.000150
6.5109880E-07,-0.000156
6.5114880E-07,-0.000162
6.5119880E-07,-0.000167
6.5124880E-07,-0.000172
6.5129880E-07,-0.000175
6.5134880E-07,-0.000178
6.5139880E-07,-0.000180
6.5144880E-07,-0.000182
6.5149880E-07,-0.000183
6.5154880E-07,-0.000182
6.5159880E-07,-0.000181
6.5164880E-07,-0.000179
6.5169880E-07,-0.000176
6.5174880E-07,-0.000172
6.5179880E-07,-0.000166
6.5184880E-07,-0.000159
6.5189880E-07,-0.000151
6.5194880E-07,-0.000141
6.5199880E-07,-0.000130
6.5204880E-07,-0.000117
6.5209880E-07,-0.000104
6.5214880E-07,-0.000088
6.5219880E-07,-0.000072
6.5224880E-07,-0.000055
6.5229880E-07,-0.000037
6.5234880E-07,-0.000018
6.5239880E-07,0.000001
6.5244880E-07,0.000020
6.5249880E-07,0.000038
6.5254880E-07,0.000056
6.5259880E-07,0.000073
6.5264880E-07,0.000089
6.5269880E-07,0.000104
6.5274880E-07,0.000117
6.5279880E-07,0.000129
6.5284880E-07,0.000139
6.5289880E-07,0.000147
6.5294880E-07,0.000154
6.5299880E-07,0.000159
6.5304880E-07,0.000162
6.5309880E-07,0.000165
6.5314880E-07,0.000165
6.5319880E-07,0.000165
6.5324880E-07,0.000164
6.5329880E-07,0.000162
6.5334880E-07,0.000159
6.5339880E-07,0.000156
6.5344880E-07,0.000152
6.5349880E-07,0.000149
6.5354880E-07,0.000144
6.5359880E-07,0.000140
6.5364880E-07,0.000135
6.5369880E-07,0.000130
6.5374880E-07,0.000125
6.5379880E-07,0.000119
6.5384880E-07,0.000113
6.5389880E-07,0.000106
6.5394880E-07,0.000099
6.5399880E-07,0.000090
6.5404880E-07,0.000081
6.5409880E-07,0.000071
6.5414880E-07,0.000061
6.5419880E-07,0.000049
6.5424880E-07,0.000037
6.5429880E-07,0.000025
6.5434880E-07,0.000012
6.5439880E-07,-0.000002
