LECROYWaveRunner‘N,20113,Waveform
Segments,1,SegmentSize,4002
Segment,TrigTime,TimeSinceSegment1
#1,12-Dec-2018 11:42:58,0                 
Time,Ampl
4.5690526E-07,0.000013
4.5695526E-07,0.000032
4.5700526E-07,0.000054
4.5705526E-07,0.000078
4.5710526E-07,0.000105
4.5715526E-07,0.000132
4.5720526E-07,0.000161
4.5725526E-07,0.000188
4.5730526E-07,0.000215
4.5735526E-07,0.000239
4.5740526E-07,0.000260
4.5745526E-07,0.000277
4.5750526E-07,0.000290
4.5755526E-07,0.000297
4.5760526E-07,0.000299
4.5765526E-07,0.000296
4.5770526E-07,0.000288
4.5775526E-07,0.000274
4.5780526E-07,0.000256
4.5785526E-07,0.000235
4.5790526E-07,0.000210
4.5795526E-07,0.000183
4.5800526E-07,0.000156
4.5805526E-07,0.000128
4.5810526E-07,0.000101
4.5815526E-07,0.000075
4.5820526E-07,0.000052
4.5825526E-07,0.000032
4.5830526E-07,0.000015
4.5835526E-07,0.000001
4.5840526E-07,-0.000009
4.5845526E-07,-0.000016
4.5850526E-07,-0.000021
4.5855526E-07,-0.000022
4.5860526E-07,-0.000023
4.5865526E-07,-0.000022
4.5870526E-07,-0.000020
4.5875526E-07,-0.000019
4.5880526E-07,-0.000019
4.5885526E-07,-0.000020
4.5890526E-07,-0.000023
4.5895526E-07,-0.000027
4.5900526E-07,-0.000034
4.5905526E-07,-0.000043
4.5910526E-07,-0.000054
4.5915526E-07,-0.000067
4.5920526E-07,-0.000081
4.5925526E-07,-0.000096
4.5930526E-07,-0.000111
4.5935526E-07,-0.000126
4.5940526E-07,-0.000139
4.5945526E-07,-0.000152
4.5950526E-07,-0.000162
4.5955526E-07,-0.000171
4.5960526E-07,-0.000177
4.5965526E-07,-0.000181
4.5970526E-07,-0.000182
4.5975526E-07,-0.000181
4.5980526E-07,-0.000179
4.5985526E-07,-0.000175
4.5990526E-07,-0.000170
4.5995526E-07,-0.000164
4.6000526E-07,-0.000158
4.6005526E-07,-0.000153
4.6010526E-07,-0.000149
4.6015526E-07,-0.000145
4.6020526E-07,-0.000144
4.6025526E-07,-0.000144
4.6030526E-07,-0.000146
4.6035526E-07,-0.000149
4.6040526E-07,-0.000153
4.6045526E-07,-0.000159
4.6050526E-07,-0.000164
4.6055526E-07,-0.000170
4.6060526E-07,-0.000175
4.6065526E-07,-0.000179
4.6070526E-07,-0.000180
4.6075526E-07,-0.000180
4.6080526E-07,-0.000177
4.6085526E-07,-0.000172
4.6090526E-07,-0.000163
4.6095526E-07,-0.000151
4.6100526E-07,-0.000137
4.6105526E-07,-0.000120
4.6110526E-07,-0.000101
4.6115526E-07,-0.000081
4.6120526E-07,-0.000060
4.6125526E-07,-0.000039
4.6130526E-07,-0.000018
4.6135526E-07,0.000001
4.6140526E-07,0.000019
4.6145526E-07,0.000034
4.6150526E-07,0.000046
4.6155526E-07,0.000055
4.6160526E-07,0.000060
4.6165526E-07,0.000062
4.6170526E-07,0.000061
4.6175526E-07,0.000057
4.6180526E-07,0.000051
4.6185526E-07,0.000043
4.6190526E-07,0.000033
4.6195526E-07,0.000023
4.6200526E-07,0.000013
4.6205526E-07,0.000004
4.6210526E-07,-0.000004
4.6215526E-07,-0.000010
4.6220526E-07,-0.000014
4.6225526E-07,-0.000016
4.6230526E-07,-0.000015
4.6235526E-07,-0.000012
4.6240526E-07,-0.000006
4.6245526E-07,0.000001
4.6250526E-07,0.000010
4.6255526E-07,0.000020
4.6260526E-07,0.000030
4.6265526E-07,0.000039
4.6270526E-07,0.000048
4.6275526E-07,0.000055
4.6280526E-07,0.000060
4.6285526E-07,0.000063
4.6290526E-07,0.000063
4.6295526E-07,0.000061
4.6300526E-07,0.000056
4.6305526E-07,0.000049
4.6310526E-07,0.000040
4.6315526E-07,0.000030
4.6320526E-07,0.000019
4.6325526E-07,0.000008
4.6330526E-07,-0.000002
4.6335526E-07,-0.000011
4.6340526E-07,-0.000017
4.6345526E-07,-0.000022
4.6350526E-07,-0.000023
4.6355526E-07,-0.000020
4.6360526E-07,-0.000014
4.6365526E-07,-0.000005
4.6370526E-07,0.000008
4.6375526E-07,0.000023
4.6380526E-07,0.000041
4.6385526E-07,0.000061
4.6390526E-07,0.000082
4.6395526E-07,0.000102
4.6400526E-07,0.000122
4.6405526E-07,0.000140
4.6410526E-07,0.000156
4.6415526E-07,0.000169
4.6420526E-07,0.000178
4.6425526E-07,0.000184
4.6430526E-07,0.000184
4.6435526E-07,0.000181
4.6440526E-07,0.000173
4.6445526E-07,0.000161
4.6450526E-07,0.000146
4.6455526E-07,0.000128
4.6460526E-07,0.000107
4.6465526E-07,0.000085
4.6470526E-07,0.000063
4.6475526E-07,0.000041
4.6480526E-07,0.000020
4.6485526E-07,-0.000000
4.6490526E-07,-0.000017
4.6495526E-07,-0.000032
4.6500526E-07,-0.000045
4.6505526E-07,-0.000054
4.6510526E-07,-0.000060
4.6515526E-07,-0.000064
4.6520526E-07,-0.000065
4.6525526E-07,-0.000065
4.6530526E-07,-0.000063
4.6535526E-07,-0.000060
4.6540526E-07,-0.000057
4.6545526E-07,-0.000054
4.6550526E-07,-0.000052
4.6555526E-07,-0.000051
4.6560526E-07,-0.000051
4.6565526E-07,-0.000052
4.6570526E-07,-0.000055
4.6575526E-07,-0.000059
4.6580526E-07,-0.000064
4.6585526E-07,-0.000069
4.6590526E-07,-0.000075
4.6595526E-07,-0.000080
4.6600526E-07,-0.000085
4.6605526E-07,-0.000088
4.6610526E-07,-0.000089
4.6615526E-07,-0.000089
4.6620526E-07,-0.000086
4.6625526E-07,-0.000080
4.6630526E-07,-0.000072
4.6635526E-07,-0.000062
4.6640526E-07,-0.000050
4.6645526E-07,-0.000037
4.6650526E-07,-0.000023
4.6655526E-07,-0.000009
4.6660526E-07,0.000005
4.6665526E-07,0.000017
4.6670526E-07,0.000027
4.6675526E-07,0.000035
4.6680526E-07,0.000040
4.6685526E-07,0.000041
4.6690526E-07,0.000039
4.6695526E-07,0.000034
4.6700526E-07,0.000025
4.6705526E-07,0.000013
4.6710526E-07,-0.000001
4.6715526E-07,-0.000017
4.6720526E-07,-0.000034
4.6725526E-07,-0.000052
4.6730526E-07,-0.000068
4.6735526E-07,-0.000084
4.6740526E-07,-0.000097
4.6745526E-07,-0.000108
4.6750526E-07,-0.000115
4.6755526E-07,-0.000119
4.6760526E-07,-0.000119
4.6765526E-07,-0.000115
4.6770526E-07,-0.000108
4.6775526E-07,-0.000098
4.6780526E-07,-0.000085
4.6785526E-07,-0.000071
4.6790526E-07,-0.000056
4.6795526E-07,-0.000040
4.6800526E-07,-0.000026
4.6805526E-07,-0.000013
4.6810526E-07,-0.000002
4.6815526E-07,0.000006
4.6820526E-07,0.000010
4.6825526E-07,0.000011
4.6830526E-07,0.000008
4.6835526E-07,0.000001
4.6840526E-07,-0.000009
4.6845526E-07,-0.000023
4.6850526E-07,-0.000038
4.6855526E-07,-0.000056
4.6860526E-07,-0.000074
4.6865526E-07,-0.000092
4.6870526E-07,-0.000110
4.6875526E-07,-0.000126
4.6880526E-07,-0.000141
4.6885526E-07,-0.000153
4.6890526E-07,-0.000162
4.6895526E-07,-0.000168
4.6900526E-07,-0.000170
4.6905526E-07,-0.000170
4.6910526E-07,-0.000168
4.6915526E-07,-0.000163
4.6920526E-07,-0.000156
4.6925526E-07,-0.000148
4.6930526E-07,-0.000140
4.6935526E-07,-0.000132
4.6940526E-07,-0.000124
4.6945526E-07,-0.000118
4.6950526E-07,-0.000114
4.6955526E-07,-0.000112
4.6960526E-07,-0.000112
4.6965526E-07,-0.000114
4.6970526E-07,-0.000118
4.6975526E-07,-0.000124
4.6980526E-07,-0.000131
4.6985526E-07,-0.000138
4.6990526E-07,-0.000146
4.6995526E-07,-0.000153
4.7000526E-07,-0.000159
4.7005526E-07,-0.000164
4.7010526E-07,-0.000166
4.7015526E-07,-0.000165
4.7020526E-07,-0.000162
4.7025526E-07,-0.000156
4.7030526E-07,-0.000147
4.7035526E-07,-0.000135
4.7040526E-07,-0.000120
4.7045526E-07,-0.000104
4.7050526E-07,-0.000087
4.7055526E-07,-0.000069
4.7060526E-07,-0.000050
4.7065526E-07,-0.000033
4.7070526E-07,-0.000017
4.7075526E-07,-0.000003
4.7080526E-07,0.000008
4.7085526E-07,0.000016
4.7090526E-07,0.000022
4.7095526E-07,0.000024
4.7100526E-07,0.000023
4.7105526E-07,0.000019
4.7110526E-07,0.000012
4.7115526E-07,0.000004
4.7120526E-07,-0.000005
4.7125526E-07,-0.000015
4.7130526E-07,-0.000025
4.7135526E-07,-0.000034
4.7140526E-07,-0.000041
4.7145526E-07,-0.000046
4.7150526E-07,-0.000048
4.7155526E-07,-0.000047
4.7160526E-07,-0.000044
4.7165526E-07,-0.000037
4.7170526E-07,-0.000027
4.7175526E-07,-0.000015
4.7180526E-07,-0.000001
4.7185526E-07,0.000014
4.7190526E-07,0.000030
4.7195526E-07,0.000046
4.7200526E-07,0.000061
4.7205526E-07,0.000075
4.7210526E-07,0.000086
4.7215526E-07,0.000094
4.7220526E-07,0.000098
4.7225526E-07,0.000100
4.7230526E-07,0.000097
4.7235526E-07,0.000091
4.7240526E-07,0.000081
4.7245526E-07,0.000069
4.7250526E-07,0.000054
4.7255526E-07,0.000038
4.7260526E-07,0.000020
4.7265526E-07,0.000003
4.7270526E-07,-0.000013
4.7275526E-07,-0.000028
4.7280526E-07,-0.000041
4.7285526E-07,-0.000051
4.7290526E-07,-0.000057
4.7295526E-07,-0.000060
4.7300526E-07,-0.000060
4.7305526E-07,-0.000055
4.7310526E-07,-0.000048
4.7315526E-07,-0.000038
4.7320526E-07,-0.000025
4.7325526E-07,-0.000011
4.7330526E-07,0.000005
4.7335526E-07,0.000020
4.7340526E-07,0.000035
4.7345526E-07,0.000048
4.7350526E-07,0.000060
4.7355526E-07,0.000070
4.7360526E-07,0.000077
4.7365526E-07,0.000081
4.7370526E-07,0.000083
4.7375526E-07,0.000082
4.7380526E-07,0.000079
4.7385526E-07,0.000075
4.7390526E-07,0.000069
4.7395526E-07,0.000063
4.7400526E-07,0.000058
4.7405526E-07,0.000053
4.7410526E-07,0.000050
4.7415526E-07,0.000048
4.7420526E-07,0.000049
4.7425526E-07,0.000053
4.7430526E-07,0.000058
4.7435526E-07,0.000067
4.7440526E-07,0.000077
4.7445526E-07,0.000089
4.7450526E-07,0.000102
4.7455526E-07,0.000115
4.7460526E-07,0.000129
4.7465526E-07,0.000140
4.7470526E-07,0.000151
4.7475526E-07,0.000158
4.7480526E-07,0.000163
4.7485526E-07,0.000164
4.7490526E-07,0.000161
4.7495526E-07,0.000155
4.7500526E-07,0.000145
4.7505526E-07,0.000131
4.7510526E-07,0.000114
4.7515526E-07,0.000096
4.7520526E-07,0.000075
4.7525526E-07,0.000053
4.7530526E-07,0.000032
4.7535526E-07,0.000011
4.7540526E-07,-0.000008
4.7545526E-07,-0.000025
4.7550526E-07,-0.000039
4.7555526E-07,-0.000050
4.7560526E-07,-0.000058
4.7565526E-07,-0.000062
4.7570526E-07,-0.000064
4.7575526E-07,-0.000062
4.7580526E-07,-0.000058
4.7585526E-07,-0.000052
4.7590526E-07,-0.000045
4.7595526E-07,-0.000038
4.7600526E-07,-0.000030
4.7605526E-07,-0.000024
4.7610526E-07,-0.000020
4.7615526E-07,-0.000017
4.7620526E-07,-0.000017
4.7625526E-07,-0.000020
4.7630526E-07,-0.000024
4.7635526E-07,-0.000032
4.7640526E-07,-0.000041
4.7645526E-07,-0.000051
4.7650526E-07,-0.000063
4.7655526E-07,-0.000074
4.7660526E-07,-0.000085
4.7665526E-07,-0.000094
4.7670526E-07,-0.000102
4.7675526E-07,-0.000106
4.7680526E-07,-0.000107
4.7685526E-07,-0.000104
4.7690526E-07,-0.000097
4.7695526E-07,-0.000087
4.7700526E-07,-0.000072
4.7705526E-07,-0.000054
4.7710526E-07,-0.000033
4.7715526E-07,-0.000010
4.7720526E-07,0.000015
4.7725526E-07,0.000041
4.7730526E-07,0.000067
4.7735526E-07,0.000092
4.7740526E-07,0.000115
4.7745526E-07,0.000136
4.7750526E-07,0.000155
4.7755526E-07,0.000171
4.7760526E-07,0.000183
4.7765526E-07,0.000192
4.7770526E-07,0.000198
4.7775526E-07,0.000202
4.7780526E-07,0.000203
4.7785526E-07,0.000202
4.7790526E-07,0.000201
4.7795526E-07,0.000198
4.7800526E-07,0.000196
4.7805526E-07,0.000195
4.7810526E-07,0.000196
4.7815526E-07,0.000198
4.7820526E-07,0.000202
4.7825526E-07,0.000209
4.7830526E-07,0.000218
4.7835526E-07,0.000229
4.7840526E-07,0.000242
4.7845526E-07,0.000256
4.7850526E-07,0.000271
4.7855526E-07,0.000286
4.7860526E-07,0.000300
4.7865526E-07,0.000314
4.7870526E-07,0.000325
4.7875526E-07,0.000334
4.7880526E-07,0.000340
4.7885526E-07,0.000343
4.7890526E-07,0.000342
4.7895526E-07,0.000337
4.7900526E-07,0.000330
4.7905526E-07,0.000319
4.7910526E-07,0.000305
4.7915526E-07,0.000290
4.7920526E-07,0.000273
4.7925526E-07,0.000255
4.7930526E-07,0.000237
4.7935526E-07,0.000219
4.7940526E-07,0.000203
4.7945526E-07,0.000189
4.7950526E-07,0.000177
4.7955526E-07,0.000168
4.7960526E-07,0.000162
4.7965526E-07,0.000158
4.7970526E-07,0.000157
4.7975526E-07,0.000158
4.7980526E-07,0.000160
4.7985526E-07,0.000164
4.7990526E-07,0.000169
4.7995526E-07,0.000173
4.8000526E-07,0.000176
4.8005526E-07,0.000178
4.8010526E-07,0.000178
4.8015526E-07,0.000176
4.8020526E-07,0.000171
4.8025526E-07,0.000163
4.8030526E-07,0.000152
4.8035526E-07,0.000138
4.8040526E-07,0.000123
4.8045526E-07,0.000105
4.8050526E-07,0.000086
4.8055526E-07,0.000067
4.8060526E-07,0.000047
4.8065526E-07,0.000029
4.8070526E-07,0.000012
4.8075526E-07,-0.000002
4.8080526E-07,-0.000014
4.8085526E-07,-0.000022
4.8090526E-07,-0.000027
4.8095526E-07,-0.000029
4.8100526E-07,-0.000027
4.8105526E-07,-0.000022
4.8110526E-07,-0.000014
4.8115526E-07,-0.000004
4.8120526E-07,0.000007
4.8125526E-07,0.000018
4.8130526E-07,0.000030
4.8135526E-07,0.000041
4.8140526E-07,0.000050
4.8145526E-07,0.000056
4.8150526E-07,0.000060
4.8155526E-07,0.000061
4.8160526E-07,0.000059
4.8165526E-07,0.000054
4.8170526E-07,0.000045
4.8175526E-07,0.000034
4.8180526E-07,0.000021
4.8185526E-07,0.000007
4.8190526E-07,-0.000008
4.8195526E-07,-0.000023
4.8200526E-07,-0.000037
4.8205526E-07,-0.000049
4.8210526E-07,-0.000059
4.8215526E-07,-0.000066
4.8220526E-07,-0.000070
4.8225526E-07,-0.000070
4.8230526E-07,-0.000067
4.8235526E-07,-0.000060
4.8240526E-07,-0.000051
4.8245526E-07,-0.000039
4.8250526E-07,-0.000025
4.8255526E-07,-0.000010
4.8260526E-07,0.000005
4.8265526E-07,0.000020
4.8270526E-07,0.000034
4.8275526E-07,0.000045
4.8280526E-07,0.000054
4.8285526E-07,0.000060
4.8290526E-07,0.000062
4.8295526E-07,0.000062
4.8300526E-07,0.000057
4.8305526E-07,0.000050
4.8310526E-07,0.000041
4.8315526E-07,0.000029
4.8320526E-07,0.000016
4.8325526E-07,0.000002
4.8330526E-07,-0.000011
4.8335526E-07,-0.000024
4.8340526E-07,-0.000034
4.8345526E-07,-0.000043
4.8350526E-07,-0.000048
4.8355526E-07,-0.000051
4.8360526E-07,-0.000050
4.8365526E-07,-0.000046
4.8370526E-07,-0.000039
4.8375526E-07,-0.000029
4.8380526E-07,-0.000018
4.8385526E-07,-0.000005
4.8390526E-07,0.000008
4.8395526E-07,0.000021
4.8400526E-07,0.000034
4.8405526E-07,0.000045
4.8410526E-07,0.000053
4.8415526E-07,0.000059
4.8420526E-07,0.000062
4.8425526E-07,0.000061
4.8430526E-07,0.000058
4.8435526E-07,0.000051
4.8440526E-07,0.000042
4.8445526E-07,0.000031
4.8450526E-07,0.000018
4.8455526E-07,0.000004
4.8460526E-07,-0.000011
4.8465526E-07,-0.000024
4.8470526E-07,-0.000037
4.8475526E-07,-0.000048
4.8480526E-07,-0.000056
4.8485526E-07,-0.000063
4.8490526E-07,-0.000066
4.8495526E-07,-0.000066
4.8500526E-07,-0.000064
4.8505526E-07,-0.000060
4.8510526E-07,-0.000054
4.8515526E-07,-0.000046
4.8520526E-07,-0.000038
4.8525526E-07,-0.000029
4.8530526E-07,-0.000020
4.8535526E-07,-0.000013
4.8540526E-07,-0.000007
4.8545526E-07,-0.000003
4.8550526E-07,-0.000001
4.8555526E-07,-0.000001
4.8560526E-07,-0.000004
4.8565526E-07,-0.000008
4.8570526E-07,-0.000014
4.8575526E-07,-0.000021
4.8580526E-07,-0.000029
4.8585526E-07,-0.000036
4.8590526E-07,-0.000043
4.8595526E-07,-0.000048
4.8600526E-07,-0.000052
4.8605526E-07,-0.000053
4.8610526E-07,-0.000051
4.8615526E-07,-0.000046
4.8620526E-07,-0.000038
4.8625526E-07,-0.000026
4.8630526E-07,-0.000012
4.8635526E-07,0.000005
4.8640526E-07,0.000023
4.8645526E-07,0.000044
4.8650526E-07,0.000065
4.8655526E-07,0.000085
4.8660526E-07,0.000105
4.8665526E-07,0.000124
4.8670526E-07,0.000140
4.8675526E-07,0.000153
4.8680526E-07,0.000163
4.8685526E-07,0.000170
4.8690526E-07,0.000173
4.8695526E-07,0.000172
4.8700526E-07,0.000168
4.8705526E-07,0.000161
4.8710526E-07,0.000152
4.8715526E-07,0.000140
4.8720526E-07,0.000128
4.8725526E-07,0.000115
4.8730526E-07,0.000102
4.8735526E-07,0.000090
4.8740526E-07,0.000080
4.8745526E-07,0.000071
4.8750526E-07,0.000065
4.8755526E-07,0.000062
4.8760526E-07,0.000061
4.8765526E-07,0.000062
4.8770526E-07,0.000066
4.8775526E-07,0.000072
4.8780526E-07,0.000080
4.8785526E-07,0.000088
4.8790526E-07,0.000096
4.8795526E-07,0.000104
4.8800526E-07,0.000111
4.8805526E-07,0.000116
4.8810526E-07,0.000119
4.8815526E-07,0.000120
4.8820526E-07,0.000118
4.8825526E-07,0.000113
4.8830526E-07,0.000106
4.8835526E-07,0.000096
4.8840526E-07,0.000083
4.8845526E-07,0.000070
4.8850526E-07,0.000055
4.8855526E-07,0.000039
4.8860526E-07,0.000024
4.8865526E-07,0.000010
4.8870526E-07,-0.000003
4.8875526E-07,-0.000013
4.8880526E-07,-0.000021
4.8885526E-07,-0.000026
4.8890526E-07,-0.000028
4.8895526E-07,-0.000026
4.8900526E-07,-0.000021
4.8905526E-07,-0.000013
4.8910526E-07,-0.000003
4.8915526E-07,0.000008
4.8920526E-07,0.000021
4.8925526E-07,0.000035
4.8930526E-07,0.000048
4.8935526E-07,0.000060
4.8940526E-07,0.000071
4.8945526E-07,0.000079
4.8950526E-07,0.000085
4.8955526E-07,0.000088
4.8960526E-07,0.000087
4.8965526E-07,0.000084
4.8970526E-07,0.000078
4.8975526E-07,0.000069
4.8980526E-07,0.000058
4.8985526E-07,0.000046
4.8990526E-07,0.000034
4.8995526E-07,0.000022
4.9000526E-07,0.000010
4.9005526E-07,0.000001
4.9010526E-07,-0.000006
4.9015526E-07,-0.000010
4.9020526E-07,-0.000011
4.9025526E-07,-0.000009
4.9030526E-07,-0.000002
4.9035526E-07,0.000007
4.9040526E-07,0.000020
4.9045526E-07,0.000035
4.9050526E-07,0.000052
4.9055526E-07,0.000070
4.9060526E-07,0.000089
4.9065526E-07,0.000106
4.9070526E-07,0.000123
4.9075526E-07,0.000136
4.9080526E-07,0.000147
4.9085526E-07,0.000155
4.9090526E-07,0.000158
4.9095526E-07,0.000157
4.9100526E-07,0.000152
4.9105526E-07,0.000143
4.9110526E-07,0.000130
4.9115526E-07,0.000114
4.9120526E-07,0.000095
4.9125526E-07,0.000073
4.9130526E-07,0.000050
4.9135526E-07,0.000027
4.9140526E-07,0.000003
4.9145526E-07,-0.000021
4.9150526E-07,-0.000044
4.9155526E-07,-0.000066
4.9160526E-07,-0.000087
4.9165526E-07,-0.000107
4.9170526E-07,-0.000126
4.9175526E-07,-0.000145
4.9180526E-07,-0.000164
4.9185526E-07,-0.000185
4.9190526E-07,-0.000206
4.9195526E-07,-0.000231
4.9200526E-07,-0.000258
4.9205526E-07,-0.000289
4.9210526E-07,-0.000324
4.9215526E-07,-0.000364
4.9220526E-07,-0.000409
4.9225526E-07,-0.000459
4.9230526E-07,-0.000514
4.9235526E-07,-0.000574
4.9240526E-07,-0.000638
4.9245526E-07,-0.000706
4.9250526E-07,-0.000776
4.9255526E-07,-0.000849
4.9260526E-07,-0.000922
4.9265526E-07,-0.000997
4.9270526E-07,-0.001071
4.9275526E-07,-0.001144
4.9280526E-07,-0.001216
4.9285526E-07,-0.001287
4.9290526E-07,-0.001356
4.9295526E-07,-0.001423
4.9300526E-07,-0.001489
4.9305526E-07,-0.001555
4.9310526E-07,-0.001621
4.9315526E-07,-0.001688
4.9320526E-07,-0.001756
4.9325526E-07,-0.001828
4.9330526E-07,-0.001903
4.9335526E-07,-0.001983
4.9340526E-07,-0.002069
4.9345526E-07,-0.002160
4.9350526E-07,-0.002259
4.9355526E-07,-0.002364
4.9360526E-07,-0.002477
4.9365526E-07,-0.002596
4.9370526E-07,-0.002722
4.9375526E-07,-0.002854
4.9380526E-07,-0.002991
4.9385526E-07,-0.003132
4.9390526E-07,-0.003276
4.9395526E-07,-0.003423
4.9400526E-07,-0.003571
4.9405526E-07,-0.003720
4.9410526E-07,-0.003868
4.9415526E-07,-0.004015
4.9420526E-07,-0.004160
4.9425526E-07,-0.004303
4.9430526E-07,-0.004444
4.9435526E-07,-0.004583
4.9440526E-07,-0.004721
4.9445526E-07,-0.004857
4.9450526E-07,-0.004992
4.9455526E-07,-0.005126
4.9460526E-07,-0.005261
4.9465526E-07,-0.005397
4.9470526E-07,-0.005535
4.9475526E-07,-0.005675
4.9480526E-07,-0.005817
4.9485526E-07,-0.005962
4.9490526E-07,-0.006110
4.9495526E-07,-0.006261
4.9500526E-07,-0.006413
4.9505526E-07,-0.006567
4.9510526E-07,-0.006722
4.9515526E-07,-0.006877
4.9520526E-07,-0.007031
4.9525526E-07,-0.007183
4.9530526E-07,-0.007332
4.9535526E-07,-0.007477
4.9540526E-07,-0.007616
4.9545526E-07,-0.007750
4.9550526E-07,-0.007877
4.9555526E-07,-0.007998
4.9560526E-07,-0.008110
4.9565526E-07,-0.008215
4.9570526E-07,-0.008313
4.9575526E-07,-0.008404
4.9580526E-07,-0.008487
4.9585526E-07,-0.008565
4.9590526E-07,-0.008637
4.9595526E-07,-0.008704
4.9600526E-07,-0.008767
4.9605526E-07,-0.008826
4.9610526E-07,-0.008883
4.9615526E-07,-0.008937
4.9620526E-07,-0.008990
4.9625526E-07,-0.009041
4.9630526E-07,-0.009091
4.9635526E-07,-0.009139
4.9640526E-07,-0.009186
4.9645526E-07,-0.009230
4.9650526E-07,-0.009271
4.9655526E-07,-0.009310
4.9660526E-07,-0.009344
4.9665526E-07,-0.009374
4.9670526E-07,-0.009399
4.9675526E-07,-0.009418
4.9680526E-07,-0.009430
4.9685526E-07,-0.009436
4.9690526E-07,-0.009436
4.9695526E-07,-0.009428
4.9700526E-07,-0.009414
4.9705526E-07,-0.009394
4.9710526E-07,-0.009368
4.9715526E-07,-0.009337
4.9720526E-07,-0.009302
4.9725526E-07,-0.009263
4.9730526E-07,-0.009221
4.9735526E-07,-0.009179
4.9740526E-07,-0.009135
4.9745526E-07,-0.009091
4.9750526E-07,-0.009048
4.9755526E-07,-0.009006
4.9760526E-07,-0.008965
4.9765526E-07,-0.008926
4.9770526E-07,-0.008889
4.9775526E-07,-0.008853
4.9780526E-07,-0.008817
4.9785526E-07,-0.008782
4.9790526E-07,-0.008747
4.9795526E-07,-0.008711
4.9800526E-07,-0.008673
4.9805526E-07,-0.008633
4.9810526E-07,-0.008590
4.9815526E-07,-0.008544
4.9820526E-07,-0.008494
4.9825526E-07,-0.008440
4.9830526E-07,-0.008382
4.9835526E-07,-0.008320
4.9840526E-07,-0.008254
4.9845526E-07,-0.008186
4.9850526E-07,-0.008115
4.9855526E-07,-0.008043
4.9860526E-07,-0.007970
4.9865526E-07,-0.007897
4.9870526E-07,-0.007825
4.9875526E-07,-0.007755
4.9880526E-07,-0.007688
4.9885526E-07,-0.007623
4.9890526E-07,-0.007561
4.9895526E-07,-0.007504
4.9900526E-07,-0.007449
4.9905526E-07,-0.007398
4.9910526E-07,-0.007349
4.9915526E-07,-0.007303
4.9920526E-07,-0.007259
4.9925526E-07,-0.007215
4.9930526E-07,-0.007171
4.9935526E-07,-0.007127
4.9940526E-07,-0.007082
4.9945526E-07,-0.007034
4.9950526E-07,-0.006984
4.9955526E-07,-0.006931
4.9960526E-07,-0.006876
4.9965526E-07,-0.006818
4.9970526E-07,-0.006757
4.9975526E-07,-0.006694
4.9980526E-07,-0.006630
4.9985526E-07,-0.006565
4.9990526E-07,-0.006501
4.9995526E-07,-0.006437
5.0000526E-07,-0.006375
5.0005526E-07,-0.006316
5.0010526E-07,-0.006260
5.0015526E-07,-0.006208
5.0020526E-07,-0.006160
5.0025526E-07,-0.006115
5.0030526E-07,-0.006075
5.0035526E-07,-0.006039
5.0040526E-07,-0.006005
5.0045526E-07,-0.005974
5.0050526E-07,-0.005945
5.0055526E-07,-0.005916
5.0060526E-07,-0.005887
5.0065526E-07,-0.005857
5.0070526E-07,-0.005825
5.0075526E-07,-0.005790
5.0080526E-07,-0.005751
5.0085526E-07,-0.005708
5.0090526E-07,-0.005661
5.0095526E-07,-0.005609
5.0100526E-07,-0.005554
5.0105526E-07,-0.005494
5.0110526E-07,-0.005430
5.0115526E-07,-0.005364
5.0120526E-07,-0.005296
5.0125526E-07,-0.005226
5.0130526E-07,-0.005156
5.0135526E-07,-0.005086
5.0140526E-07,-0.005017
5.0145526E-07,-0.004950
5.0150526E-07,-0.004884
5.0155526E-07,-0.004822
5.0160526E-07,-0.004761
5.0165526E-07,-0.004703
5.0170526E-07,-0.004648
5.0175526E-07,-0.004594
5.0180526E-07,-0.004542
5.0185526E-07,-0.004490
5.0190526E-07,-0.004439
5.0195526E-07,-0.004387
5.0200526E-07,-0.004335
5.0205526E-07,-0.004280
5.0210526E-07,-0.004224
5.0215526E-07,-0.004166
5.0220526E-07,-0.004105
5.0225526E-07,-0.004043
5.0230526E-07,-0.003978
5.0235526E-07,-0.003913
5.0240526E-07,-0.003846
5.0245526E-07,-0.003779
5.0250526E-07,-0.003713
5.0255526E-07,-0.003649
5.0260526E-07,-0.003586
5.0265526E-07,-0.003527
5.0270526E-07,-0.003471
5.0275526E-07,-0.003420
5.0280526E-07,-0.003373
5.0285526E-07,-0.003330
5.0290526E-07,-0.003293
5.0295526E-07,-0.003260
5.0300526E-07,-0.003231
5.0305526E-07,-0.003206
5.0310526E-07,-0.003183
5.0315526E-07,-0.003163
5.0320526E-07,-0.003144
5.0325526E-07,-0.003125
5.0330526E-07,-0.003106
5.0335526E-07,-0.003086
5.0340526E-07,-0.003064
5.0345526E-07,-0.003039
5.0350526E-07,-0.003012
5.0355526E-07,-0.002982
5.0360526E-07,-0.002949
5.0365526E-07,-0.002914
5.0370526E-07,-0.002876
5.0375526E-07,-0.002838
5.0380526E-07,-0.002798
5.0385526E-07,-0.002759
5.0390526E-07,-0.002721
5.0395526E-07,-0.002684
5.0400526E-07,-0.002650
5.0405526E-07,-0.002620
5.0410526E-07,-0.002594
5.0415526E-07,-0.002572
5.0420526E-07,-0.002555
5.0425526E-07,-0.002543
5.0430526E-07,-0.002536
5.0435526E-07,-0.002533
5.0440526E-07,-0.002534
5.0445526E-07,-0.002538
5.0450526E-07,-0.002545
5.0455526E-07,-0.002553
5.0460526E-07,-0.002562
5.0465526E-07,-0.002570
5.0470526E-07,-0.002577
5.0475526E-07,-0.002582
5.0480526E-07,-0.002584
5.0485526E-07,-0.002583
5.0490526E-07,-0.002578
5.0495526E-07,-0.002570
5.0500526E-07,-0.002558
5.0505526E-07,-0.002543
5.0510526E-07,-0.002526
5.0515526E-07,-0.002506
5.0520526E-07,-0.002485
5.0525526E-07,-0.002463
5.0530526E-07,-0.002442
5.0535526E-07,-0.002422
5.0540526E-07,-0.002404
5.0545526E-07,-0.002389
5.0550526E-07,-0.002377
5.0555526E-07,-0.002370
5.0560526E-07,-0.002366
5.0565526E-07,-0.002366
5.0570526E-07,-0.002370
5.0575526E-07,-0.002377
5.0580526E-07,-0.002387
5.0585526E-07,-0.002400
5.0590526E-07,-0.002413
5.0595526E-07,-0.002428
5.0600526E-07,-0.002441
5.0605526E-07,-0.002454
5.0610526E-07,-0.002464
5.0615526E-07,-0.002471
5.0620526E-07,-0.002474
5.0625526E-07,-0.002474
5.0630526E-07,-0.002469
5.0635526E-07,-0.002460
5.0640526E-07,-0.002447
5.0645526E-07,-0.002431
5.0650526E-07,-0.002411
5.0655526E-07,-0.002390
5.0660526E-07,-0.002366
5.0665526E-07,-0.002342
5.0670526E-07,-0.002317
5.0675526E-07,-0.002294
5.0680526E-07,-0.002272
5.0685526E-07,-0.002252
5.0690526E-07,-0.002235
5.0695526E-07,-0.002221
5.0700526E-07,-0.002210
5.0705526E-07,-0.002202
5.0710526E-07,-0.002196
5.0715526E-07,-0.002192
5.0720526E-07,-0.002190
5.0725526E-07,-0.002190
5.0730526E-07,-0.002189
5.0735526E-07,-0.002188
5.0740526E-07,-0.002185
5.0745526E-07,-0.002181
5.0750526E-07,-0.002174
5.0755526E-07,-0.002165
5.0760526E-07,-0.002152
5.0765526E-07,-0.002137
5.0770526E-07,-0.002118
5.0775526E-07,-0.002097
5.0780526E-07,-0.002074
5.0785526E-07,-0.002049
5.0790526E-07,-0.002024
5.0795526E-07,-0.001998
5.0800526E-07,-0.001972
5.0805526E-07,-0.001948
5.0810526E-07,-0.001926
5.0815526E-07,-0.001906
5.0820526E-07,-0.001889
5.0825526E-07,-0.001875
5.0830526E-07,-0.001863
5.0835526E-07,-0.001855
5.0840526E-07,-0.001849
5.0845526E-07,-0.001845
5.0850526E-07,-0.001843
5.0855526E-07,-0.001841
5.0860526E-07,-0.001840
5.0865526E-07,-0.001838
5.0870526E-07,-0.001836
5.0875526E-07,-0.001831
5.0880526E-07,-0.001825
5.0885526E-07,-0.001815
5.0890526E-07,-0.001804
5.0895526E-07,-0.001790
5.0900526E-07,-0.001773
5.0905526E-07,-0.001754
5.0910526E-07,-0.001734
5.0915526E-07,-0.001713
5.0920526E-07,-0.001691
5.0925526E-07,-0.001670
5.0930526E-07,-0.001649
5.0935526E-07,-0.001631
5.0940526E-07,-0.001614
5.0945526E-07,-0.001600
5.0950526E-07,-0.001588
5.0955526E-07,-0.001579
5.0960526E-07,-0.001573
5.0965526E-07,-0.001569
5.0970526E-07,-0.001567
5.0975526E-07,-0.001566
5.0980526E-07,-0.001566
5.0985526E-07,-0.001565
5.0990526E-07,-0.001564
5.0995526E-07,-0.001561
5.1000526E-07,-0.001556
5.1005526E-07,-0.001547
5.1010526E-07,-0.001536
5.1015526E-07,-0.001521
5.1020526E-07,-0.001502
5.1025526E-07,-0.001479
5.1030526E-07,-0.001453
5.1035526E-07,-0.001425
5.1040526E-07,-0.001394
5.1045526E-07,-0.001362
5.1050526E-07,-0.001330
5.1055526E-07,-0.001297
5.1060526E-07,-0.001266
5.1065526E-07,-0.001238
5.1070526E-07,-0.001212
5.1075526E-07,-0.001190
5.1080526E-07,-0.001172
5.1085526E-07,-0.001158
5.1090526E-07,-0.001149
5.1095526E-07,-0.001144
5.1100526E-07,-0.001144
5.1105526E-07,-0.001148
5.1110526E-07,-0.001155
5.1115526E-07,-0.001165
5.1120526E-07,-0.001177
5.1125526E-07,-0.001190
5.1130526E-07,-0.001203
5.1135526E-07,-0.001216
5.1140526E-07,-0.001228
5.1145526E-07,-0.001238
5.1150526E-07,-0.001246
5.1155526E-07,-0.001252
5.1160526E-07,-0.001256
5.1165526E-07,-0.001257
5.1170526E-07,-0.001256
5.1175526E-07,-0.001253
5.1180526E-07,-0.001249
5.1185526E-07,-0.001244
5.1190526E-07,-0.001239
5.1195526E-07,-0.001235
5.1200526E-07,-0.001231
5.1205526E-07,-0.001228
5.1210526E-07,-0.001228
5.1215526E-07,-0.001229
5.1220526E-07,-0.001233
5.1225526E-07,-0.001239
5.1230526E-07,-0.001247
5.1235526E-07,-0.001257
5.1240526E-07,-0.001268
5.1245526E-07,-0.001280
5.1250526E-07,-0.001291
5.1255526E-07,-0.001302
5.1260526E-07,-0.001312
5.1265526E-07,-0.001320
5.1270526E-07,-0.001324
5.1275526E-07,-0.001326
5.1280526E-07,-0.001323
5.1285526E-07,-0.001316
5.1290526E-07,-0.001306
5.1295526E-07,-0.001291
5.1300526E-07,-0.001272
5.1305526E-07,-0.001250
5.1310526E-07,-0.001224
5.1315526E-07,-0.001197
5.1320526E-07,-0.001168
5.1325526E-07,-0.001138
5.1330526E-07,-0.001109
5.1335526E-07,-0.001080
5.1340526E-07,-0.001054
5.1345526E-07,-0.001030
5.1350526E-07,-0.001009
5.1355526E-07,-0.000992
5.1360526E-07,-0.000978
5.1365526E-07,-0.000968
5.1370526E-07,-0.000961
5.1375526E-07,-0.000958
5.1380526E-07,-0.000957
5.1385526E-07,-0.000959
5.1390526E-07,-0.000962
5.1395526E-07,-0.000966
5.1400526E-07,-0.000970
5.1405526E-07,-0.000974
5.1410526E-07,-0.000976
5.1415526E-07,-0.000977
5.1420526E-07,-0.000975
5.1425526E-07,-0.000972
5.1430526E-07,-0.000965
5.1435526E-07,-0.000957
5.1440526E-07,-0.000946
5.1445526E-07,-0.000934
5.1450526E-07,-0.000920
5.1455526E-07,-0.000906
5.1460526E-07,-0.000892
5.1465526E-07,-0.000879
5.1470526E-07,-0.000867
5.1475526E-07,-0.000857
5.1480526E-07,-0.000850
5.1485526E-07,-0.000846
5.1490526E-07,-0.000845
5.1495526E-07,-0.000847
5.1500526E-07,-0.000852
5.1505526E-07,-0.000859
5.1510526E-07,-0.000869
5.1515526E-07,-0.000880
5.1520526E-07,-0.000891
5.1525526E-07,-0.000902
5.1530526E-07,-0.000912
5.1535526E-07,-0.000921
5.1540526E-07,-0.000927
5.1545526E-07,-0.000929
5.1550526E-07,-0.000928
5.1555526E-07,-0.000922
5.1560526E-07,-0.000913
5.1565526E-07,-0.000899
5.1570526E-07,-0.000881
5.1575526E-07,-0.000860
5.1580526E-07,-0.000836
5.1585526E-07,-0.000811
5.1590526E-07,-0.000784
5.1595526E-07,-0.000757
5.1600526E-07,-0.000731
5.1605526E-07,-0.000707
5.1610526E-07,-0.000685
5.1615526E-07,-0.000667
5.1620526E-07,-0.000652
5.1625526E-07,-0.000641
5.1630526E-07,-0.000635
5.1635526E-07,-0.000633
5.1640526E-07,-0.000634
5.1645526E-07,-0.000639
5.1650526E-07,-0.000647
5.1655526E-07,-0.000658
5.1660526E-07,-0.000669
5.1665526E-07,-0.000682
5.1670526E-07,-0.000695
5.1675526E-07,-0.000707
5.1680526E-07,-0.000718
5.1685526E-07,-0.000727
5.1690526E-07,-0.000734
5.1695526E-07,-0.000739
5.1700526E-07,-0.000743
5.1705526E-07,-0.000744
5.1710526E-07,-0.000745
5.1715526E-07,-0.000745
5.1720526E-07,-0.000744
5.1725526E-07,-0.000744
5.1730526E-07,-0.000745
5.1735526E-07,-0.000748
5.1740526E-07,-0.000753
5.1745526E-07,-0.000762
5.1750526E-07,-0.000773
5.1755526E-07,-0.000787
5.1760526E-07,-0.000804
5.1765526E-07,-0.000824
5.1770526E-07,-0.000847
5.1775526E-07,-0.000872
5.1780526E-07,-0.000898
5.1785526E-07,-0.000925
5.1790526E-07,-0.000951
5.1795526E-07,-0.000977
5.1800526E-07,-0.001001
5.1805526E-07,-0.001023
5.1810526E-07,-0.001041
5.1815526E-07,-0.001057
5.1820526E-07,-0.001069
5.1825526E-07,-0.001077
5.1830526E-07,-0.001082
5.1835526E-07,-0.001084
5.1840526E-07,-0.001083
5.1845526E-07,-0.001080
5.1850526E-07,-0.001076
5.1855526E-07,-0.001071
5.1860526E-07,-0.001066
5.1865526E-07,-0.001061
5.1870526E-07,-0.001058
5.1875526E-07,-0.001056
5.1880526E-07,-0.001056
5.1885526E-07,-0.001059
5.1890526E-07,-0.001064
5.1895526E-07,-0.001071
5.1900526E-07,-0.001079
5.1905526E-07,-0.001089
5.1910526E-07,-0.001099
5.1915526E-07,-0.001109
5.1920526E-07,-0.001118
5.1925526E-07,-0.001126
5.1930526E-07,-0.001131
5.1935526E-07,-0.001133
5.1940526E-07,-0.001131
5.1945526E-07,-0.001125
5.1950526E-07,-0.001114
5.1955526E-07,-0.001098
5.1960526E-07,-0.001078
5.1965526E-07,-0.001054
5.1970526E-07,-0.001025
5.1975526E-07,-0.000993
5.1980526E-07,-0.000959
5.1985526E-07,-0.000922
5.1990526E-07,-0.000885
5.1995526E-07,-0.000847
5.2000526E-07,-0.000810
5.2005526E-07,-0.000775
5.2010526E-07,-0.000741
5.2015526E-07,-0.000711
5.2020526E-07,-0.000684
5.2025526E-07,-0.000661
5.2030526E-07,-0.000642
5.2035526E-07,-0.000626
5.2040526E-07,-0.000614
5.2045526E-07,-0.000605
5.2050526E-07,-0.000599
5.2055526E-07,-0.000595
5.2060526E-07,-0.000592
5.2065526E-07,-0.000591
5.2070526E-07,-0.000589
5.2075526E-07,-0.000588
5.2080526E-07,-0.000585
5.2085526E-07,-0.000582
5.2090526E-07,-0.000576
5.2095526E-07,-0.000569
5.2100526E-07,-0.000560
5.2105526E-07,-0.000548
5.2110526E-07,-0.000536
5.2115526E-07,-0.000522
5.2120526E-07,-0.000507
5.2125526E-07,-0.000491
5.2130526E-07,-0.000476
5.2135526E-07,-0.000460
5.2140526E-07,-0.000446
5.2145526E-07,-0.000433
5.2150526E-07,-0.000421
5.2155526E-07,-0.000411
5.2160526E-07,-0.000402
5.2165526E-07,-0.000395
5.2170526E-07,-0.000390
5.2175526E-07,-0.000387
5.2180526E-07,-0.000384
5.2185526E-07,-0.000382
5.2190526E-07,-0.000380
5.2195526E-07,-0.000377
5.2200526E-07,-0.000374
5.2205526E-07,-0.000370
5.2210526E-07,-0.000364
5.2215526E-07,-0.000356
5.2220526E-07,-0.000347
5.2225526E-07,-0.000336
5.2230526E-07,-0.000324
5.2235526E-07,-0.000310
5.2240526E-07,-0.000295
5.2245526E-07,-0.000279
5.2250526E-07,-0.000264
5.2255526E-07,-0.000250
5.2260526E-07,-0.000237
5.2265526E-07,-0.000226
5.2270526E-07,-0.000217
5.2275526E-07,-0.000212
5.2280526E-07,-0.000210
5.2285526E-07,-0.000211
5.2290526E-07,-0.000217
5.2295526E-07,-0.000225
5.2300526E-07,-0.000238
5.2305526E-07,-0.000252
5.2310526E-07,-0.000270
5.2315526E-07,-0.000288
5.2320526E-07,-0.000308
5.2325526E-07,-0.000328
5.2330526E-07,-0.000347
5.2335526E-07,-0.000365
5.2340526E-07,-0.000380
5.2345526E-07,-0.000393
5.2350526E-07,-0.000403
5.2355526E-07,-0.000409
5.2360526E-07,-0.000412
5.2365526E-07,-0.000412
5.2370526E-07,-0.000409
5.2375526E-07,-0.000403
5.2380526E-07,-0.000395
5.2385526E-07,-0.000385
5.2390526E-07,-0.000375
5.2395526E-07,-0.000365
5.2400526E-07,-0.000356
5.2405526E-07,-0.000348
5.2410526E-07,-0.000342
5.2415526E-07,-0.000338
5.2420526E-07,-0.000337
5.2425526E-07,-0.000338
5.2430526E-07,-0.000342
5.2435526E-07,-0.000349
5.2440526E-07,-0.000357
5.2445526E-07,-0.000367
5.2450526E-07,-0.000378
5.2455526E-07,-0.000388
5.2460526E-07,-0.000398
5.2465526E-07,-0.000406
5.2470526E-07,-0.000413
5.2475526E-07,-0.000416
5.2480526E-07,-0.000417
5.2485526E-07,-0.000414
5.2490526E-07,-0.000408
5.2495526E-07,-0.000399
5.2500526E-07,-0.000387
5.2505526E-07,-0.000372
5.2510526E-07,-0.000356
5.2515526E-07,-0.000338
5.2520526E-07,-0.000320
5.2525526E-07,-0.000303
5.2530526E-07,-0.000287
5.2535526E-07,-0.000273
5.2540526E-07,-0.000262
5.2545526E-07,-0.000254
5.2550526E-07,-0.000250
5.2555526E-07,-0.000249
5.2560526E-07,-0.000253
5.2565526E-07,-0.000260
5.2570526E-07,-0.000270
5.2575526E-07,-0.000283
5.2580526E-07,-0.000298
5.2585526E-07,-0.000315
5.2590526E-07,-0.000332
5.2595526E-07,-0.000349
5.2600526E-07,-0.000365
5.2605526E-07,-0.000379
5.2610526E-07,-0.000391
5.2615526E-07,-0.000400
5.2620526E-07,-0.000407
5.2625526E-07,-0.000411
5.2630526E-07,-0.000411
5.2635526E-07,-0.000410
5.2640526E-07,-0.000405
5.2645526E-07,-0.000400
5.2650526E-07,-0.000393
5.2655526E-07,-0.000385
5.2660526E-07,-0.000378
5.2665526E-07,-0.000371
5.2670526E-07,-0.000366
5.2675526E-07,-0.000362
5.2680526E-07,-0.000361
5.2685526E-07,-0.000361
5.2690526E-07,-0.000364
5.2695526E-07,-0.000369
5.2700526E-07,-0.000375
5.2705526E-07,-0.000383
5.2710526E-07,-0.000392
5.2715526E-07,-0.000400
5.2720526E-07,-0.000409
5.2725526E-07,-0.000416
5.2730526E-07,-0.000421
5.2735526E-07,-0.000424
5.2740526E-07,-0.000424
5.2745526E-07,-0.000421
5.2750526E-07,-0.000415
5.2755526E-07,-0.000406
5.2760526E-07,-0.000394
5.2765526E-07,-0.000379
5.2770526E-07,-0.000362
5.2775526E-07,-0.000344
5.2780526E-07,-0.000325
5.2785526E-07,-0.000306
5.2790526E-07,-0.000288
5.2795526E-07,-0.000272
5.2800526E-07,-0.000257
5.2805526E-07,-0.000246
5.2810526E-07,-0.000239
5.2815526E-07,-0.000235
5.2820526E-07,-0.000235
5.2825526E-07,-0.000240
5.2830526E-07,-0.000249
5.2835526E-07,-0.000261
5.2840526E-07,-0.000277
5.2845526E-07,-0.000296
5.2850526E-07,-0.000317
5.2855526E-07,-0.000339
5.2860526E-07,-0.000363
5.2865526E-07,-0.000387
5.2870526E-07,-0.000410
5.2875526E-07,-0.000432
5.2880526E-07,-0.000453
5.2885526E-07,-0.000471
5.2890526E-07,-0.000488
5.2895526E-07,-0.000503
5.2900526E-07,-0.000515
5.2905526E-07,-0.000526
5.2910526E-07,-0.000535
5.2915526E-07,-0.000542
5.2920526E-07,-0.000549
5.2925526E-07,-0.000555
5.2930526E-07,-0.000561
5.2935526E-07,-0.000568
5.2940526E-07,-0.000576
5.2945526E-07,-0.000585
5.2950526E-07,-0.000595
5.2955526E-07,-0.000607
5.2960526E-07,-0.000620
5.2965526E-07,-0.000635
5.2970526E-07,-0.000651
5.2975526E-07,-0.000668
5.2980526E-07,-0.000684
5.2985526E-07,-0.000701
5.2990526E-07,-0.000717
5.2995526E-07,-0.000731
5.3000526E-07,-0.000743
5.3005526E-07,-0.000753
5.3010526E-07,-0.000759
5.3015526E-07,-0.000763
5.3020526E-07,-0.000762
5.3025526E-07,-0.000759
5.3030526E-07,-0.000751
5.3035526E-07,-0.000740
5.3040526E-07,-0.000727
5.3045526E-07,-0.000710
5.3050526E-07,-0.000692
5.3055526E-07,-0.000672
5.3060526E-07,-0.000651
5.3065526E-07,-0.000630
5.3070526E-07,-0.000610
5.3075526E-07,-0.000591
5.3080526E-07,-0.000573
5.3085526E-07,-0.000558
5.3090526E-07,-0.000544
5.3095526E-07,-0.000532
5.3100526E-07,-0.000523
5.3105526E-07,-0.000515
5.3110526E-07,-0.000509
5.3115526E-07,-0.000505
5.3120526E-07,-0.000500
5.3125526E-07,-0.000496
5.3130526E-07,-0.000491
5.3135526E-07,-0.000485
5.3140526E-07,-0.000478
5.3145526E-07,-0.000468
5.3150526E-07,-0.000456
5.3155526E-07,-0.000441
5.3160526E-07,-0.000424
5.3165526E-07,-0.000405
5.3170526E-07,-0.000383
5.3175526E-07,-0.000360
5.3180526E-07,-0.000336
5.3185526E-07,-0.000312
5.3190526E-07,-0.000287
5.3195526E-07,-0.000264
5.3200526E-07,-0.000242
5.3205526E-07,-0.000223
5.3210526E-07,-0.000206
5.3215526E-07,-0.000192
5.3220526E-07,-0.000182
5.3225526E-07,-0.000175
5.3230526E-07,-0.000171
5.3235526E-07,-0.000170
5.3240526E-07,-0.000172
5.3245526E-07,-0.000175
5.3250526E-07,-0.000180
5.3255526E-07,-0.000185
5.3260526E-07,-0.000189
5.3265526E-07,-0.000193
5.3270526E-07,-0.000195
5.3275526E-07,-0.000194
5.3280526E-07,-0.000191
5.3285526E-07,-0.000185
5.3290526E-07,-0.000176
5.3295526E-07,-0.000165
5.3300526E-07,-0.000150
5.3305526E-07,-0.000134
5.3310526E-07,-0.000116
5.3315526E-07,-0.000097
5.3320526E-07,-0.000079
5.3325526E-07,-0.000062
5.3330526E-07,-0.000046
5.3335526E-07,-0.000033
5.3340526E-07,-0.000023
5.3345526E-07,-0.000017
5.3350526E-07,-0.000015
5.3355526E-07,-0.000017
5.3360526E-07,-0.000023
5.3365526E-07,-0.000033
5.3370526E-07,-0.000046
5.3375526E-07,-0.000062
5.3380526E-07,-0.000080
5.3385526E-07,-0.000100
5.3390526E-07,-0.000119
5.3395526E-07,-0.000138
5.3400526E-07,-0.000156
5.3405526E-07,-0.000171
5.3410526E-07,-0.000184
5.3415526E-07,-0.000194
5.3420526E-07,-0.000200
5.3425526E-07,-0.000203
5.3430526E-07,-0.000202
5.3435526E-07,-0.000198
5.3440526E-07,-0.000192
5.3445526E-07,-0.000184
5.3450526E-07,-0.000175
5.3455526E-07,-0.000165
5.3460526E-07,-0.000155
5.3465526E-07,-0.000146
5.3470526E-07,-0.000139
5.3475526E-07,-0.000134
5.3480526E-07,-0.000132
5.3485526E-07,-0.000133
5.3490526E-07,-0.000137
5.3495526E-07,-0.000144
5.3500526E-07,-0.000154
5.3505526E-07,-0.000167
5.3510526E-07,-0.000182
5.3515526E-07,-0.000198
5.3520526E-07,-0.000215
5.3525526E-07,-0.000232
5.3530526E-07,-0.000250
5.3535526E-07,-0.000266
5.3540526E-07,-0.000281
5.3545526E-07,-0.000294
5.3550526E-07,-0.000305
5.3555526E-07,-0.000315
5.3560526E-07,-0.000322
5.3565526E-07,-0.000328
5.3570526E-07,-0.000332
5.3575526E-07,-0.000335
5.3580526E-07,-0.000338
5.3585526E-07,-0.000341
5.3590526E-07,-0.000345
5.3595526E-07,-0.000350
5.3600526E-07,-0.000356
5.3605526E-07,-0.000365
5.3610526E-07,-0.000376
5.3615526E-07,-0.000390
5.3620526E-07,-0.000406
5.3625526E-07,-0.000425
5.3630526E-07,-0.000446
5.3635526E-07,-0.000469
5.3640526E-07,-0.000492
5.3645526E-07,-0.000517
5.3650526E-07,-0.000541
5.3655526E-07,-0.000565
5.3660526E-07,-0.000587
5.3665526E-07,-0.000607
5.3670526E-07,-0.000624
5.3675526E-07,-0.000637
5.3680526E-07,-0.000648
5.3685526E-07,-0.000654
5.3690526E-07,-0.000656
5.3695526E-07,-0.000655
5.3700526E-07,-0.000650
5.3705526E-07,-0.000642
5.3710526E-07,-0.000630
5.3715526E-07,-0.000617
5.3720526E-07,-0.000602
5.3725526E-07,-0.000587
5.3730526E-07,-0.000571
5.3735526E-07,-0.000556
5.3740526E-07,-0.000542
5.3745526E-07,-0.000529
5.3750526E-07,-0.000518
5.3755526E-07,-0.000509
5.3760526E-07,-0.000503
5.3765526E-07,-0.000499
5.3770526E-07,-0.000497
5.3775526E-07,-0.000497
5.3780526E-07,-0.000498
5.3785526E-07,-0.000500
5.3790526E-07,-0.000502
5.3795526E-07,-0.000504
5.3800526E-07,-0.000505
5.3805526E-07,-0.000505
5.3810526E-07,-0.000503
5.3815526E-07,-0.000499
5.3820526E-07,-0.000493
5.3825526E-07,-0.000484
5.3830526E-07,-0.000473
5.3835526E-07,-0.000460
5.3840526E-07,-0.000445
5.3845526E-07,-0.000429
5.3850526E-07,-0.000412
5.3855526E-07,-0.000394
5.3860526E-07,-0.000377
5.3865526E-07,-0.000361
5.3870526E-07,-0.000347
5.3875526E-07,-0.000335
5.3880526E-07,-0.000326
5.3885526E-07,-0.000319
5.3890526E-07,-0.000316
5.3895526E-07,-0.000316
5.3900526E-07,-0.000318
5.3905526E-07,-0.000324
5.3910526E-07,-0.000332
5.3915526E-07,-0.000341
5.3920526E-07,-0.000352
5.3925526E-07,-0.000364
5.3930526E-07,-0.000375
5.3935526E-07,-0.000385
5.3940526E-07,-0.000394
5.3945526E-07,-0.000402
5.3950526E-07,-0.000406
5.3955526E-07,-0.000409
5.3960526E-07,-0.000408
5.3965526E-07,-0.000405
5.3970526E-07,-0.000400
5.3975526E-07,-0.000393
5.3980526E-07,-0.000384
5.3985526E-07,-0.000374
5.3990526E-07,-0.000364
5.3995526E-07,-0.000354
5.4000526E-07,-0.000345
5.4005526E-07,-0.000337
5.4010526E-07,-0.000332
5.4015526E-07,-0.000328
5.4020526E-07,-0.000327
5.4025526E-07,-0.000329
5.4030526E-07,-0.000333
5.4035526E-07,-0.000339
5.4040526E-07,-0.000346
5.4045526E-07,-0.000355
5.4050526E-07,-0.000365
5.4055526E-07,-0.000374
5.4060526E-07,-0.000383
5.4065526E-07,-0.000390
5.4070526E-07,-0.000394
5.4075526E-07,-0.000397
5.4080526E-07,-0.000396
5.4085526E-07,-0.000392
5.4090526E-07,-0.000386
5.4095526E-07,-0.000376
5.4100526E-07,-0.000364
5.4105526E-07,-0.000349
5.4110526E-07,-0.000334
5.4115526E-07,-0.000317
5.4120526E-07,-0.000301
5.4125526E-07,-0.000286
5.4130526E-07,-0.000273
5.4135526E-07,-0.000262
5.4140526E-07,-0.000254
5.4145526E-07,-0.000250
5.4150526E-07,-0.000250
5.4155526E-07,-0.000255
5.4160526E-07,-0.000263
5.4165526E-07,-0.000275
5.4170526E-07,-0.000290
5.4175526E-07,-0.000308
5.4180526E-07,-0.000327
5.4185526E-07,-0.000348
5.4190526E-07,-0.000369
5.4195526E-07,-0.000390
5.4200526E-07,-0.000409
5.4205526E-07,-0.000426
5.4210526E-07,-0.000440
5.4215526E-07,-0.000451
5.4220526E-07,-0.000459
5.4225526E-07,-0.000464
5.4230526E-07,-0.000466
5.4235526E-07,-0.000464
5.4240526E-07,-0.000461
5.4245526E-07,-0.000455
5.4250526E-07,-0.000448
5.4255526E-07,-0.000441
5.4260526E-07,-0.000433
5.4265526E-07,-0.000427
5.4270526E-07,-0.000421
5.4275526E-07,-0.000417
5.4280526E-07,-0.000415
5.4285526E-07,-0.000415
5.4290526E-07,-0.000417
5.4295526E-07,-0.000421
5.4300526E-07,-0.000426
5.4305526E-07,-0.000432
5.4310526E-07,-0.000438
5.4315526E-07,-0.000444
5.4320526E-07,-0.000449
5.4325526E-07,-0.000453
5.4330526E-07,-0.000455
5.4335526E-07,-0.000454
5.4340526E-07,-0.000451
5.4345526E-07,-0.000444
5.4350526E-07,-0.000434
5.4355526E-07,-0.000422
5.4360526E-07,-0.000406
5.4365526E-07,-0.000389
5.4370526E-07,-0.000369
5.4375526E-07,-0.000349
5.4380526E-07,-0.000328
5.4385526E-07,-0.000308
5.4390526E-07,-0.000288
5.4395526E-07,-0.000271
5.4400526E-07,-0.000255
5.4405526E-07,-0.000243
5.4410526E-07,-0.000233
5.4415526E-07,-0.000227
5.4420526E-07,-0.000225
5.4425526E-07,-0.000225
5.4430526E-07,-0.000228
5.4435526E-07,-0.000234
5.4440526E-07,-0.000242
5.4445526E-07,-0.000251
5.4450526E-07,-0.000261
5.4455526E-07,-0.000271
5.4460526E-07,-0.000280
5.4465526E-07,-0.000288
5.4470526E-07,-0.000294
5.4475526E-07,-0.000297
5.4480526E-07,-0.000298
5.4485526E-07,-0.000295
5.4490526E-07,-0.000290
5.4495526E-07,-0.000282
5.4500526E-07,-0.000271
5.4505526E-07,-0.000258
5.4510526E-07,-0.000243
5.4515526E-07,-0.000227
5.4520526E-07,-0.000211
5.4525526E-07,-0.000195
5.4530526E-07,-0.000179
5.4535526E-07,-0.000165
5.4540526E-07,-0.000152
5.4545526E-07,-0.000143
5.4550526E-07,-0.000135
5.4555526E-07,-0.000131
5.4560526E-07,-0.000130
5.4565526E-07,-0.000131
5.4570526E-07,-0.000136
5.4575526E-07,-0.000142
5.4580526E-07,-0.000151
5.4585526E-07,-0.000161
5.4590526E-07,-0.000171
5.4595526E-07,-0.000182
5.4600526E-07,-0.000192
5.4605526E-07,-0.000201
5.4610526E-07,-0.000208
5.4615526E-07,-0.000213
5.4620526E-07,-0.000216
5.4625526E-07,-0.000215
5.4630526E-07,-0.000213
5.4635526E-07,-0.000207
5.4640526E-07,-0.000199
5.4645526E-07,-0.000189
5.4650526E-07,-0.000177
5.4655526E-07,-0.000164
5.4660526E-07,-0.000150
5.4665526E-07,-0.000137
5.4670526E-07,-0.000124
5.4675526E-07,-0.000112
5.4680526E-07,-0.000102
5.4685526E-07,-0.000094
5.4690526E-07,-0.000088
5.4695526E-07,-0.000084
5.4700526E-07,-0.000084
5.4705526E-07,-0.000085
5.4710526E-07,-0.000089
5.4715526E-07,-0.000095
5.4720526E-07,-0.000101
5.4725526E-07,-0.000109
5.4730526E-07,-0.000117
5.4735526E-07,-0.000125
5.4740526E-07,-0.000132
5.4745526E-07,-0.000138
5.4750526E-07,-0.000142
5.4755526E-07,-0.000145
5.4760526E-07,-0.000146
5.4765526E-07,-0.000145
5.4770526E-07,-0.000143
5.4775526E-07,-0.000139
5.4780526E-07,-0.000134
5.4785526E-07,-0.000130
5.4790526E-07,-0.000125
5.4795526E-07,-0.000121
5.4800526E-07,-0.000118
5.4805526E-07,-0.000117
5.4810526E-07,-0.000118
5.4815526E-07,-0.000122
5.4820526E-07,-0.000128
5.4825526E-07,-0.000136
5.4830526E-07,-0.000147
5.4835526E-07,-0.000160
5.4840526E-07,-0.000174
5.4845526E-07,-0.000190
5.4850526E-07,-0.000206
5.4855526E-07,-0.000221
5.4860526E-07,-0.000236
5.4865526E-07,-0.000248
5.4870526E-07,-0.000259
5.4875526E-07,-0.000266
5.4880526E-07,-0.000270
5.4885526E-07,-0.000271
5.4890526E-07,-0.000268
5.4895526E-07,-0.000262
5.4900526E-07,-0.000252
5.4905526E-07,-0.000240
5.4910526E-07,-0.000225
5.4915526E-07,-0.000209
5.4920526E-07,-0.000193
5.4925526E-07,-0.000176
5.4930526E-07,-0.000161
5.4935526E-07,-0.000147
5.4940526E-07,-0.000135
5.4945526E-07,-0.000126
5.4950526E-07,-0.000121
5.4955526E-07,-0.000119
5.4960526E-07,-0.000120
5.4965526E-07,-0.000125
5.4970526E-07,-0.000132
5.4975526E-07,-0.000141
5.4980526E-07,-0.000152
5.4985526E-07,-0.000165
5.4990526E-07,-0.000177
5.4995526E-07,-0.000188
5.5000526E-07,-0.000199
5.5005526E-07,-0.000207
5.5010526E-07,-0.000212
5.5015526E-07,-0.000215
5.5020526E-07,-0.000215
5.5025526E-07,-0.000211
5.5030526E-07,-0.000204
5.5035526E-07,-0.000195
5.5040526E-07,-0.000183
5.5045526E-07,-0.000170
5.5050526E-07,-0.000155
5.5055526E-07,-0.000140
5.5060526E-07,-0.000126
5.5065526E-07,-0.000113
5.5070526E-07,-0.000102
5.5075526E-07,-0.000093
5.5080526E-07,-0.000087
5.5085526E-07,-0.000084
5.5090526E-07,-0.000084
5.5095526E-07,-0.000087
5.5100526E-07,-0.000093
5.5105526E-07,-0.000102
5.5110526E-07,-0.000113
5.5115526E-07,-0.000125
5.5120526E-07,-0.000138
5.5125526E-07,-0.000151
5.5130526E-07,-0.000164
5.5135526E-07,-0.000176
5.5140526E-07,-0.000186
5.5145526E-07,-0.000194
5.5150526E-07,-0.000200
5.5155526E-07,-0.000204
5.5160526E-07,-0.000205
5.5165526E-07,-0.000203
5.5170526E-07,-0.000200
5.5175526E-07,-0.000195
5.5180526E-07,-0.000188
5.5185526E-07,-0.000180
5.5190526E-07,-0.000172
5.5195526E-07,-0.000164
5.5200526E-07,-0.000156
5.5205526E-07,-0.000149
5.5210526E-07,-0.000143
5.5215526E-07,-0.000138
5.5220526E-07,-0.000135
5.5225526E-07,-0.000133
5.5230526E-07,-0.000132
5.5235526E-07,-0.000132
5.5240526E-07,-0.000133
5.5245526E-07,-0.000134
5.5250526E-07,-0.000134
5.5255526E-07,-0.000134
5.5260526E-07,-0.000133
5.5265526E-07,-0.000131
5.5270526E-07,-0.000126
5.5275526E-07,-0.000120
5.5280526E-07,-0.000112
5.5285526E-07,-0.000101
5.5290526E-07,-0.000089
5.5295526E-07,-0.000075
5.5300526E-07,-0.000059
5.5305526E-07,-0.000042
5.5310526E-07,-0.000025
5.5315526E-07,-0.000008
5.5320526E-07,0.000009
5.5325526E-07,0.000025
5.5330526E-07,0.000039
5.5335526E-07,0.000051
5.5340526E-07,0.000060
5.5345526E-07,0.000067
5.5350526E-07,0.000071
5.5355526E-07,0.000071
5.5360526E-07,0.000068
5.5365526E-07,0.000062
5.5370526E-07,0.000054
5.5375526E-07,0.000043
5.5380526E-07,0.000029
5.5385526E-07,0.000014
5.5390526E-07,-0.000002
5.5395526E-07,-0.000018
5.5400526E-07,-0.000035
5.5405526E-07,-0.000051
5.5410526E-07,-0.000066
5.5415526E-07,-0.000080
5.5420526E-07,-0.000093
5.5425526E-07,-0.000104
5.5430526E-07,-0.000113
5.5435526E-07,-0.000120
5.5440526E-07,-0.000126
5.5445526E-07,-0.000130
5.5450526E-07,-0.000133
5.5455526E-07,-0.000135
5.5460526E-07,-0.000137
5.5465526E-07,-0.000138
5.5470526E-07,-0.000140
5.5475526E-07,-0.000142
5.5480526E-07,-0.000144
5.5485526E-07,-0.000148
5.5490526E-07,-0.000153
5.5495526E-07,-0.000158
5.5500526E-07,-0.000165
5.5505526E-07,-0.000173
5.5510526E-07,-0.000181
5.5515526E-07,-0.000189
5.5520526E-07,-0.000197
5.5525526E-07,-0.000204
5.5530526E-07,-0.000211
5.5535526E-07,-0.000216
5.5540526E-07,-0.000219
5.5545526E-07,-0.000221
5.5550526E-07,-0.000220
5.5555526E-07,-0.000217
5.5560526E-07,-0.000212
5.5565526E-07,-0.000205
5.5570526E-07,-0.000196
5.5575526E-07,-0.000186
5.5580526E-07,-0.000174
5.5585526E-07,-0.000162
5.5590526E-07,-0.000150
5.5595526E-07,-0.000139
5.5600526E-07,-0.000128
5.5605526E-07,-0.000119
5.5610526E-07,-0.000112
5.5615526E-07,-0.000107
5.5620526E-07,-0.000104
5.5625526E-07,-0.000104
5.5630526E-07,-0.000106
5.5635526E-07,-0.000111
5.5640526E-07,-0.000117
5.5645526E-07,-0.000124
5.5650526E-07,-0.000133
5.5655526E-07,-0.000142
5.5660526E-07,-0.000150
5.5665526E-07,-0.000158
5.5670526E-07,-0.000165
5.5675526E-07,-0.000169
5.5680526E-07,-0.000172
5.5685526E-07,-0.000173
5.5690526E-07,-0.000171
5.5695526E-07,-0.000167
5.5700526E-07,-0.000161
5.5705526E-07,-0.000153
5.5710526E-07,-0.000143
5.5715526E-07,-0.000133
5.5720526E-07,-0.000123
5.5725526E-07,-0.000113
5.5730526E-07,-0.000104
5.5735526E-07,-0.000096
5.5740526E-07,-0.000091
5.5745526E-07,-0.000087
5.5750526E-07,-0.000086
5.5755526E-07,-0.000087
5.5760526E-07,-0.000091
5.5765526E-07,-0.000097
5.5770526E-07,-0.000105
5.5775526E-07,-0.000115
5.5780526E-07,-0.000125
5.5785526E-07,-0.000136
5.5790526E-07,-0.000147
5.5795526E-07,-0.000157
5.5800526E-07,-0.000166
5.5805526E-07,-0.000173
5.5810526E-07,-0.000178
5.5815526E-07,-0.000181
5.5820526E-07,-0.000182
5.5825526E-07,-0.000181
5.5830526E-07,-0.000179
5.5835526E-07,-0.000175
5.5840526E-07,-0.000170
5.5845526E-07,-0.000165
5.5850526E-07,-0.000160
5.5855526E-07,-0.000156
5.5860526E-07,-0.000154
5.5865526E-07,-0.000153
5.5870526E-07,-0.000155
5.5875526E-07,-0.000160
5.5880526E-07,-0.000167
5.5885526E-07,-0.000176
5.5890526E-07,-0.000188
5.5895526E-07,-0.000203
5.5900526E-07,-0.000219
5.5905526E-07,-0.000236
5.5910526E-07,-0.000254
5.5915526E-07,-0.000271
5.5920526E-07,-0.000288
5.5925526E-07,-0.000304
5.5930526E-07,-0.000318
5.5935526E-07,-0.000329
5.5940526E-07,-0.000338
5.5945526E-07,-0.000344
5.5950526E-07,-0.000347
5.5955526E-07,-0.000347
5.5960526E-07,-0.000345
5.5965526E-07,-0.000341
5.5970526E-07,-0.000335
5.5975526E-07,-0.000328
5.5980526E-07,-0.000321
5.5985526E-07,-0.000313
5.5990526E-07,-0.000307
5.5995526E-07,-0.000301
5.6000526E-07,-0.000297
5.6005526E-07,-0.000295
5.6010526E-07,-0.000295
5.6015526E-07,-0.000297
5.6020526E-07,-0.000301
5.6025526E-07,-0.000306
5.6030526E-07,-0.000313
5.6035526E-07,-0.000321
5.6040526E-07,-0.000329
5.6045526E-07,-0.000337
5.6050526E-07,-0.000344
5.6055526E-07,-0.000350
5.6060526E-07,-0.000354
5.6065526E-07,-0.000356
5.6070526E-07,-0.000356
5.6075526E-07,-0.000353
5.6080526E-07,-0.000348
5.6085526E-07,-0.000340
5.6090526E-07,-0.000329
5.6095526E-07,-0.000317
5.6100526E-07,-0.000303
5.6105526E-07,-0.000288
5.6110526E-07,-0.000272
5.6115526E-07,-0.000256
5.6120526E-07,-0.000240
5.6125526E-07,-0.000226
5.6130526E-07,-0.000213
5.6135526E-07,-0.000202
5.6140526E-07,-0.000192
5.6145526E-07,-0.000185
5.6150526E-07,-0.000180
5.6155526E-07,-0.000177
5.6160526E-07,-0.000175
5.6165526E-07,-0.000175
5.6170526E-07,-0.000177
5.6175526E-07,-0.000178
5.6180526E-07,-0.000180
5.6185526E-07,-0.000182
5.6190526E-07,-0.000182
5.6195526E-07,-0.000181
5.6200526E-07,-0.000179
5.6205526E-07,-0.000174
5.6210526E-07,-0.000168
5.6215526E-07,-0.000158
5.6220526E-07,-0.000147
5.6225526E-07,-0.000134
5.6230526E-07,-0.000118
5.6235526E-07,-0.000101
5.6240526E-07,-0.000084
5.6245526E-07,-0.000065
5.6250526E-07,-0.000047
5.6255526E-07,-0.000029
5.6260526E-07,-0.000013
5.6265526E-07,0.000001
5.6270526E-07,0.000014
5.6275526E-07,0.000023
5.6280526E-07,0.000030
5.6285526E-07,0.000033
5.6290526E-07,0.000033
5.6295526E-07,0.000030
5.6300526E-07,0.000024
5.6305526E-07,0.000015
5.6310526E-07,0.000004
5.6315526E-07,-0.000010
5.6320526E-07,-0.000024
5.6325526E-07,-0.000039
5.6330526E-07,-0.000054
5.6335526E-07,-0.000069
5.6340526E-07,-0.000083
5.6345526E-07,-0.000096
5.6350526E-07,-0.000107
5.6355526E-07,-0.000116
5.6360526E-07,-0.000123
5.6365526E-07,-0.000128
5.6370526E-07,-0.000132
5.6375526E-07,-0.000133
5.6380526E-07,-0.000133
5.6385526E-07,-0.000132
5.6390526E-07,-0.000131
5.6395526E-07,-0.000130
5.6400526E-07,-0.000130
5.6405526E-07,-0.000130
5.6410526E-07,-0.000132
5.6415526E-07,-0.000136
5.6420526E-07,-0.000141
5.6425526E-07,-0.000148
5.6430526E-07,-0.000158
5.6435526E-07,-0.000169
5.6440526E-07,-0.000181
5.6445526E-07,-0.000194
5.6450526E-07,-0.000208
5.6455526E-07,-0.000222
5.6460526E-07,-0.000236
5.6465526E-07,-0.000248
5.6470526E-07,-0.000259
5.6475526E-07,-0.000268
5.6480526E-07,-0.000275
5.6485526E-07,-0.000279
5.6490526E-07,-0.000280
5.6495526E-07,-0.000279
5.6500526E-07,-0.000276
5.6505526E-07,-0.000271
5.6510526E-07,-0.000264
5.6515526E-07,-0.000256
5.6520526E-07,-0.000247
5.6525526E-07,-0.000239
5.6530526E-07,-0.000231
5.6535526E-07,-0.000225
5.6540526E-07,-0.000219
5.6545526E-07,-0.000216
5.6550526E-07,-0.000215
5.6555526E-07,-0.000215
5.6560526E-07,-0.000218
5.6565526E-07,-0.000222
5.6570526E-07,-0.000228
5.6575526E-07,-0.000234
5.6580526E-07,-0.000241
5.6585526E-07,-0.000247
5.6590526E-07,-0.000253
5.6595526E-07,-0.000257
5.6600526E-07,-0.000259
5.6605526E-07,-0.000259
5.6610526E-07,-0.000256
5.6615526E-07,-0.000250
5.6620526E-07,-0.000242
5.6625526E-07,-0.000232
5.6630526E-07,-0.000219
5.6635526E-07,-0.000205
5.6640526E-07,-0.000190
5.6645526E-07,-0.000175
5.6650526E-07,-0.000161
5.6655526E-07,-0.000148
5.6660526E-07,-0.000137
5.6665526E-07,-0.000129
5.6670526E-07,-0.000124
5.6675526E-07,-0.000123
5.6680526E-07,-0.000125
5.6685526E-07,-0.000132
5.6690526E-07,-0.000142
5.6695526E-07,-0.000156
5.6700526E-07,-0.000173
5.6705526E-07,-0.000193
5.6710526E-07,-0.000214
5.6715526E-07,-0.000236
5.6720526E-07,-0.000259
5.6725526E-07,-0.000281
5.6730526E-07,-0.000301
5.6735526E-07,-0.000320
5.6740526E-07,-0.000335
5.6745526E-07,-0.000348
5.6750526E-07,-0.000358
5.6755526E-07,-0.000364
5.6760526E-07,-0.000367
5.6765526E-07,-0.000366
5.6770526E-07,-0.000362
5.6775526E-07,-0.000356
5.6780526E-07,-0.000348
5.6785526E-07,-0.000338
5.6790526E-07,-0.000327
5.6795526E-07,-0.000316
5.6800526E-07,-0.000304
5.6805526E-07,-0.000293
5.6810526E-07,-0.000283
5.6815526E-07,-0.000274
5.6820526E-07,-0.000266
5.6825526E-07,-0.000259
5.6830526E-07,-0.000253
5.6835526E-07,-0.000248
5.6840526E-07,-0.000245
5.6845526E-07,-0.000241
5.6850526E-07,-0.000239
5.6855526E-07,-0.000236
5.6860526E-07,-0.000233
5.6865526E-07,-0.000229
5.6870526E-07,-0.000226
5.6875526E-07,-0.000221
5.6880526E-07,-0.000216
5.6885526E-07,-0.000210
5.6890526E-07,-0.000203
5.6895526E-07,-0.000196
5.6900526E-07,-0.000189
5.6905526E-07,-0.000183
5.6910526E-07,-0.000176
5.6915526E-07,-0.000171
5.6920526E-07,-0.000166
5.6925526E-07,-0.000163
5.6930526E-07,-0.000161
5.6935526E-07,-0.000161
5.6940526E-07,-0.000162
5.6945526E-07,-0.000165
5.6950526E-07,-0.000170
5.6955526E-07,-0.000176
5.6960526E-07,-0.000183
5.6965526E-07,-0.000191
5.6970526E-07,-0.000200
5.6975526E-07,-0.000208
5.6980526E-07,-0.000215
5.6985526E-07,-0.000222
5.6990526E-07,-0.000227
5.6995526E-07,-0.000231
5.7000526E-07,-0.000232
5.7005526E-07,-0.000230
5.7010526E-07,-0.000226
5.7015526E-07,-0.000219
5.7020526E-07,-0.000210
5.7025526E-07,-0.000197
5.7030526E-07,-0.000183
5.7035526E-07,-0.000166
5.7040526E-07,-0.000147
5.7045526E-07,-0.000127
5.7050526E-07,-0.000106
5.7055526E-07,-0.000085
5.7060526E-07,-0.000065
5.7065526E-07,-0.000044
5.7070526E-07,-0.000025
5.7075526E-07,-0.000008
5.7080526E-07,0.000008
5.7085526E-07,0.000022
5.7090526E-07,0.000033
5.7095526E-07,0.000043
5.7100526E-07,0.000050
5.7105526E-07,0.000056
5.7110526E-07,0.000060
5.7115526E-07,0.000062
5.7120526E-07,0.000064
5.7125526E-07,0.000065
5.7130526E-07,0.000065
5.7135526E-07,0.000066
5.7140526E-07,0.000067
5.7145526E-07,0.000068
5.7150526E-07,0.000070
5.7155526E-07,0.000073
5.7160526E-07,0.000076
5.7165526E-07,0.000080
5.7170526E-07,0.000084
5.7175526E-07,0.000089
5.7180526E-07,0.000092
5.7185526E-07,0.000095
5.7190526E-07,0.000097
5.7195526E-07,0.000097
5.7200526E-07,0.000094
5.7205526E-07,0.000090
5.7210526E-07,0.000083
5.7215526E-07,0.000073
5.7220526E-07,0.000060
5.7225526E-07,0.000045
5.7230526E-07,0.000028
5.7235526E-07,0.000009
5.7240526E-07,-0.000012
5.7245526E-07,-0.000033
5.7250526E-07,-0.000055
5.7255526E-07,-0.000076
5.7260526E-07,-0.000095
5.7265526E-07,-0.000113
5.7270526E-07,-0.000129
5.7275526E-07,-0.000141
5.7280526E-07,-0.000150
5.7285526E-07,-0.000155
5.7290526E-07,-0.000157
5.7295526E-07,-0.000155
5.7300526E-07,-0.000149
5.7305526E-07,-0.000141
5.7310526E-07,-0.000130
5.7315526E-07,-0.000118
5.7320526E-07,-0.000103
5.7325526E-07,-0.000089
5.7330526E-07,-0.000074
5.7335526E-07,-0.000060
5.7340526E-07,-0.000048
5.7345526E-07,-0.000037
5.7350526E-07,-0.000028
5.7355526E-07,-0.000022
5.7360526E-07,-0.000018
5.7365526E-07,-0.000016
5.7370526E-07,-0.000016
5.7375526E-07,-0.000018
5.7380526E-07,-0.000021
5.7385526E-07,-0.000025
5.7390526E-07,-0.000030
5.7395526E-07,-0.000034
5.7400526E-07,-0.000037
5.7405526E-07,-0.000040
5.7410526E-07,-0.000041
5.7415526E-07,-0.000040
5.7420526E-07,-0.000038
5.7425526E-07,-0.000035
5.7430526E-07,-0.000030
5.7435526E-07,-0.000024
5.7440526E-07,-0.000018
5.7445526E-07,-0.000012
5.7450526E-07,-0.000006
5.7455526E-07,-0.000001
5.7460526E-07,0.000002
5.7465526E-07,0.000003
5.7470526E-07,0.000002
5.7475526E-07,-0.000002
5.7480526E-07,-0.000009
5.7485526E-07,-0.000018
5.7490526E-07,-0.000030
5.7495526E-07,-0.000043
5.7500526E-07,-0.000058
5.7505526E-07,-0.000075
5.7510526E-07,-0.000091
5.7515526E-07,-0.000106
5.7520526E-07,-0.000121
5.7525526E-07,-0.000133
5.7530526E-07,-0.000143
5.7535526E-07,-0.000149
5.7540526E-07,-0.000152
5.7545526E-07,-0.000151
5.7550526E-07,-0.000146
5.7555526E-07,-0.000137
5.7560526E-07,-0.000123
5.7565526E-07,-0.000107
5.7570526E-07,-0.000087
5.7575526E-07,-0.000066
5.7580526E-07,-0.000042
5.7585526E-07,-0.000018
5.7590526E-07,0.000007
5.7595526E-07,0.000031
5.7600526E-07,0.000054
5.7605526E-07,0.000075
5.7610526E-07,0.000094
5.7615526E-07,0.000111
5.7620526E-07,0.000124
5.7625526E-07,0.000135
5.7630526E-07,0.000143
5.7635526E-07,0.000148
5.7640526E-07,0.000151
5.7645526E-07,0.000152
5.7650526E-07,0.000151
5.7655526E-07,0.000149
5.7660526E-07,0.000146
5.7665526E-07,0.000142
5.7670526E-07,0.000138
5.7675526E-07,0.000135
5.7680526E-07,0.000132
5.7685526E-07,0.000129
5.7690526E-07,0.000127
5.7695526E-07,0.000125
5.7700526E-07,0.000123
5.7705526E-07,0.000122
5.7710526E-07,0.000120
5.7715526E-07,0.000119
5.7720526E-07,0.000116
5.7725526E-07,0.000113
5.7730526E-07,0.000108
5.7735526E-07,0.000102
5.7740526E-07,0.000096
5.7745526E-07,0.000087
5.7750526E-07,0.000078
5.7755526E-07,0.000067
5.7760526E-07,0.000055
5.7765526E-07,0.000043
5.7770526E-07,0.000031
5.7775526E-07,0.000018
5.7780526E-07,0.000006
5.7785526E-07,-0.000005
5.7790526E-07,-0.000015
5.7795526E-07,-0.000024
5.7800526E-07,-0.000031
5.7805526E-07,-0.000036
5.7810526E-07,-0.000040
5.7815526E-07,-0.000041
5.7820526E-07,-0.000040
5.7825526E-07,-0.000038
5.7830526E-07,-0.000034
5.7835526E-07,-0.000029
5.7840526E-07,-0.000024
5.7845526E-07,-0.000017
5.7850526E-07,-0.000011
5.7855526E-07,-0.000005
5.7860526E-07,-0.000000
5.7865526E-07,0.000004
5.7870526E-07,0.000007
5.7875526E-07,0.000009
5.7880526E-07,0.000009
5.7885526E-07,0.000007
5.7890526E-07,0.000004
5.7895526E-07,-0.000001
5.7900526E-07,-0.000007
5.7905526E-07,-0.000013
5.7910526E-07,-0.000020
5.7915526E-07,-0.000026
5.7920526E-07,-0.000032
5.7925526E-07,-0.000038
5.7930526E-07,-0.000041
5.7935526E-07,-0.000043
5.7940526E-07,-0.000043
5.7945526E-07,-0.000041
5.7950526E-07,-0.000036
5.7955526E-07,-0.000029
5.7960526E-07,-0.000020
5.7965526E-07,-0.000008
5.7970526E-07,0.000005
5.7975526E-07,0.000019
5.7980526E-07,0.000035
5.7985526E-07,0.000051
5.7990526E-07,0.000067
5.7995526E-07,0.000082
5.8000526E-07,0.000096
5.8005526E-07,0.000109
5.8010526E-07,0.000119
5.8015526E-07,0.000128
5.8020526E-07,0.000133
5.8025526E-07,0.000137
5.8030526E-07,0.000137
5.8035526E-07,0.000136
5.8040526E-07,0.000132
5.8045526E-07,0.000127
5.8050526E-07,0.000120
5.8055526E-07,0.000112
5.8060526E-07,0.000105
5.8065526E-07,0.000097
5.8070526E-07,0.000090
5.8075526E-07,0.000084
5.8080526E-07,0.000080
5.8085526E-07,0.000077
5.8090526E-07,0.000076
5.8095526E-07,0.000076
5.8100526E-07,0.000079
5.8105526E-07,0.000082
5.8110526E-07,0.000087
5.8115526E-07,0.000092
5.8120526E-07,0.000098
5.8125526E-07,0.000103
5.8130526E-07,0.000108
5.8135526E-07,0.000111
5.8140526E-07,0.000113
5.8145526E-07,0.000114
5.8150526E-07,0.000112
5.8155526E-07,0.000108
5.8160526E-07,0.000102
5.8165526E-07,0.000095
5.8170526E-07,0.000086
5.8175526E-07,0.000076
5.8180526E-07,0.000065
5.8185526E-07,0.000054
5.8190526E-07,0.000043
5.8195526E-07,0.000033
5.8200526E-07,0.000024
5.8205526E-07,0.000017
5.8210526E-07,0.000012
5.8215526E-07,0.000008
5.8220526E-07,0.000007
5.8225526E-07,0.000008
5.8230526E-07,0.000011
5.8235526E-07,0.000015
5.8240526E-07,0.000020
5.8245526E-07,0.000026
5.8250526E-07,0.000032
5.8255526E-07,0.000037
5.8260526E-07,0.000042
5.8265526E-07,0.000045
5.8270526E-07,0.000047
5.8275526E-07,0.000047
5.8280526E-07,0.000044
5.8285526E-07,0.000040
5.8290526E-07,0.000034
5.8295526E-07,0.000026
5.8300526E-07,0.000017
5.8305526E-07,0.000007
5.8310526E-07,-0.000004
5.8315526E-07,-0.000014
5.8320526E-07,-0.000023
5.8325526E-07,-0.000032
5.8330526E-07,-0.000038
5.8335526E-07,-0.000043
5.8340526E-07,-0.000045
5.8345526E-07,-0.000045
5.8350526E-07,-0.000042
5.8355526E-07,-0.000037
5.8360526E-07,-0.000030
5.8365526E-07,-0.000022
5.8370526E-07,-0.000012
5.8375526E-07,-0.000001
5.8380526E-07,0.000009
5.8385526E-07,0.000019
5.8390526E-07,0.000029
5.8395526E-07,0.000036
5.8400526E-07,0.000042
5.8405526E-07,0.000046
5.8410526E-07,0.000048
5.8415526E-07,0.000048
5.8420526E-07,0.000045
5.8425526E-07,0.000041
5.8430526E-07,0.000035
5.8435526E-07,0.000028
5.8440526E-07,0.000020
5.8445526E-07,0.000012
5.8450526E-07,0.000005
5.8455526E-07,-0.000002
5.8460526E-07,-0.000008
5.8465526E-07,-0.000012
5.8470526E-07,-0.000014
5.8475526E-07,-0.000015
5.8480526E-07,-0.000014
5.8485526E-07,-0.000010
5.8490526E-07,-0.000006
5.8495526E-07,-0.000000
5.8500526E-07,0.000007
5.8505526E-07,0.000014
5.8510526E-07,0.000021
5.8515526E-07,0.000028
5.8520526E-07,0.000033
5.8525526E-07,0.000037
5.8530526E-07,0.000039
5.8535526E-07,0.000040
5.8540526E-07,0.000038
5.8545526E-07,0.000033
5.8550526E-07,0.000027
5.8555526E-07,0.000018
5.8560526E-07,0.000008
5.8565526E-07,-0.000004
5.8570526E-07,-0.000017
5.8575526E-07,-0.000031
5.8580526E-07,-0.000045
5.8585526E-07,-0.000058
5.8590526E-07,-0.000071
5.8595526E-07,-0.000083
5.8600526E-07,-0.000094
5.8605526E-07,-0.000103
5.8610526E-07,-0.000110
5.8615526E-07,-0.000115
5.8620526E-07,-0.000118
5.8625526E-07,-0.000119
5.8630526E-07,-0.000119
5.8635526E-07,-0.000117
5.8640526E-07,-0.000115
5.8645526E-07,-0.000111
5.8650526E-07,-0.000107
5.8655526E-07,-0.000103
5.8660526E-07,-0.000099
5.8665526E-07,-0.000096
5.8670526E-07,-0.000094
5.8675526E-07,-0.000093
5.8680526E-07,-0.000093
5.8685526E-07,-0.000095
5.8690526E-07,-0.000098
5.8695526E-07,-0.000102
5.8700526E-07,-0.000108
5.8705526E-07,-0.000115
5.8710526E-07,-0.000123
5.8715526E-07,-0.000131
5.8720526E-07,-0.000140
5.8725526E-07,-0.000148
5.8730526E-07,-0.000157
5.8735526E-07,-0.000164
5.8740526E-07,-0.000171
5.8745526E-07,-0.000176
5.8750526E-07,-0.000181
5.8755526E-07,-0.000184
5.8760526E-07,-0.000185
5.8765526E-07,-0.000186
5.8770526E-07,-0.000185
5.8775526E-07,-0.000184
5.8780526E-07,-0.000182
5.8785526E-07,-0.000180
5.8790526E-07,-0.000177
5.8795526E-07,-0.000175
5.8800526E-07,-0.000174
5.8805526E-07,-0.000174
5.8810526E-07,-0.000174
5.8815526E-07,-0.000176
5.8820526E-07,-0.000179
5.8825526E-07,-0.000183
5.8830526E-07,-0.000189
5.8835526E-07,-0.000195
5.8840526E-07,-0.000202
5.8845526E-07,-0.000209
5.8850526E-07,-0.000216
5.8855526E-07,-0.000222
5.8860526E-07,-0.000227
5.8865526E-07,-0.000230
5.8870526E-07,-0.000232
5.8875526E-07,-0.000231
5.8880526E-07,-0.000228
5.8885526E-07,-0.000222
5.8890526E-07,-0.000214
5.8895526E-07,-0.000204
5.8900526E-07,-0.000191
5.8905526E-07,-0.000176
5.8910526E-07,-0.000160
5.8915526E-07,-0.000143
5.8920526E-07,-0.000126
5.8925526E-07,-0.000109
5.8930526E-07,-0.000093
5.8935526E-07,-0.000078
5.8940526E-07,-0.000066
5.8945526E-07,-0.000055
5.8950526E-07,-0.000048
5.8955526E-07,-0.000043
5.8960526E-07,-0.000042
5.8965526E-07,-0.000043
5.8970526E-07,-0.000047
5.8975526E-07,-0.000053
5.8980526E-07,-0.000061
5.8985526E-07,-0.000071
5.8990526E-07,-0.000082
5.8995526E-07,-0.000093
5.9000526E-07,-0.000105
5.9005526E-07,-0.000115
5.9010526E-07,-0.000125
5.9015526E-07,-0.000134
5.9020526E-07,-0.000141
5.9025526E-07,-0.000147
5.9030526E-07,-0.000152
5.9035526E-07,-0.000155
5.9040526E-07,-0.000156
5.9045526E-07,-0.000157
5.9050526E-07,-0.000158
5.9055526E-07,-0.000158
5.9060526E-07,-0.000158
5.9065526E-07,-0.000159
5.9070526E-07,-0.000161
5.9075526E-07,-0.000163
5.9080526E-07,-0.000167
5.9085526E-07,-0.000172
5.9090526E-07,-0.000178
5.9095526E-07,-0.000184
5.9100526E-07,-0.000191
5.9105526E-07,-0.000198
5.9110526E-07,-0.000206
5.9115526E-07,-0.000212
5.9120526E-07,-0.000217
5.9125526E-07,-0.000222
5.9130526E-07,-0.000224
5.9135526E-07,-0.000224
5.9140526E-07,-0.000223
5.9145526E-07,-0.000219
5.9150526E-07,-0.000213
5.9155526E-07,-0.000205
5.9160526E-07,-0.000196
5.9165526E-07,-0.000186
5.9170526E-07,-0.000174
5.9175526E-07,-0.000162
5.9180526E-07,-0.000151
5.9185526E-07,-0.000140
5.9190526E-07,-0.000130
5.9195526E-07,-0.000121
5.9200526E-07,-0.000114
5.9205526E-07,-0.000108
5.9210526E-07,-0.000105
5.9215526E-07,-0.000103
5.9220526E-07,-0.000102
5.9225526E-07,-0.000104
5.9230526E-07,-0.000106
5.9235526E-07,-0.000108
5.9240526E-07,-0.000111
5.9245526E-07,-0.000114
5.9250526E-07,-0.000117
5.9255526E-07,-0.000118
5.9260526E-07,-0.000118
5.9265526E-07,-0.000117
5.9270526E-07,-0.000114
5.9275526E-07,-0.000110
5.9280526E-07,-0.000105
5.9285526E-07,-0.000098
5.9290526E-07,-0.000090
5.9295526E-07,-0.000082
5.9300526E-07,-0.000074
5.9305526E-07,-0.000066
5.9310526E-07,-0.000059
5.9315526E-07,-0.000053
5.9320526E-07,-0.000049
5.9325526E-07,-0.000047
5.9330526E-07,-0.000047
5.9335526E-07,-0.000049
5.9340526E-07,-0.000053
5.9345526E-07,-0.000059
5.9350526E-07,-0.000067
5.9355526E-07,-0.000077
5.9360526E-07,-0.000088
5.9365526E-07,-0.000099
5.9370526E-07,-0.000111
5.9375526E-07,-0.000123
5.9380526E-07,-0.000134
5.9385526E-07,-0.000144
5.9390526E-07,-0.000152
5.9395526E-07,-0.000158
5.9400526E-07,-0.000162
5.9405526E-07,-0.000164
5.9410526E-07,-0.000163
5.9415526E-07,-0.000160
5.9420526E-07,-0.000154
5.9425526E-07,-0.000147
5.9430526E-07,-0.000137
5.9435526E-07,-0.000126
5.9440526E-07,-0.000114
5.9445526E-07,-0.000101
5.9450526E-07,-0.000088
5.9455526E-07,-0.000074
5.9460526E-07,-0.000062
5.9465526E-07,-0.000049
5.9470526E-07,-0.000038
5.9475526E-07,-0.000029
5.9480526E-07,-0.000020
5.9485526E-07,-0.000014
5.9490526E-07,-0.000008
5.9495526E-07,-0.000005
5.9500526E-07,-0.000003
5.9505526E-07,-0.000002
5.9510526E-07,-0.000002
5.9515526E-07,-0.000003
5.9520526E-07,-0.000005
5.9525526E-07,-0.000008
5.9530526E-07,-0.000010
5.9535526E-07,-0.000012
5.9540526E-07,-0.000015
5.9545526E-07,-0.000016
5.9550526E-07,-0.000018
5.9555526E-07,-0.000018
5.9560526E-07,-0.000018
5.9565526E-07,-0.000018
5.9570526E-07,-0.000017
5.9575526E-07,-0.000016
5.9580526E-07,-0.000014
5.9585526E-07,-0.000013
5.9590526E-07,-0.000012
5.9595526E-07,-0.000011
5.9600526E-07,-0.000011
5.9605526E-07,-0.000012
5.9610526E-07,-0.000014
5.9615526E-07,-0.000017
5.9620526E-07,-0.000021
5.9625526E-07,-0.000026
5.9630526E-07,-0.000032
5.9635526E-07,-0.000039
5.9640526E-07,-0.000047
5.9645526E-07,-0.000055
5.9650526E-07,-0.000062
5.9655526E-07,-0.000070
5.9660526E-07,-0.000077
5.9665526E-07,-0.000083
5.9670526E-07,-0.000088
5.9675526E-07,-0.000092
5.9680526E-07,-0.000094
5.9685526E-07,-0.000094
5.9690526E-07,-0.000093
5.9695526E-07,-0.000091
5.9700526E-07,-0.000087
5.9705526E-07,-0.000082
5.9710526E-07,-0.000076
5.9715526E-07,-0.000070
5.9720526E-07,-0.000064
5.9725526E-07,-0.000058
5.9730526E-07,-0.000053
5.9735526E-07,-0.000048
5.9740526E-07,-0.000045
5.9745526E-07,-0.000044
5.9750526E-07,-0.000044
5.9755526E-07,-0.000046
5.9760526E-07,-0.000049
5.9765526E-07,-0.000054
5.9770526E-07,-0.000059
5.9775526E-07,-0.000065
5.9780526E-07,-0.000071
5.9785526E-07,-0.000076
5.9790526E-07,-0.000081
5.9795526E-07,-0.000084
5.9800526E-07,-0.000086
5.9805526E-07,-0.000086
5.9810526E-07,-0.000083
5.9815526E-07,-0.000078
5.9820526E-07,-0.000071
5.9825526E-07,-0.000061
5.9830526E-07,-0.000050
5.9835526E-07,-0.000037
5.9840526E-07,-0.000024
5.9845526E-07,-0.000010
5.9850526E-07,0.000004
5.9855526E-07,0.000017
5.9860526E-07,0.000028
5.9865526E-07,0.000037
5.9870526E-07,0.000044
5.9875526E-07,0.000048
5.9880526E-07,0.000048
5.9885526E-07,0.000046
5.9890526E-07,0.000040
5.9895526E-07,0.000031
5.9900526E-07,0.000019
5.9905526E-07,0.000005
5.9910526E-07,-0.000010
5.9915526E-07,-0.000027
5.9920526E-07,-0.000043
5.9925526E-07,-0.000060
5.9930526E-07,-0.000076
5.9935526E-07,-0.000090
5.9940526E-07,-0.000102
5.9945526E-07,-0.000112
5.9950526E-07,-0.000119
5.9955526E-07,-0.000124
5.9960526E-07,-0.000125
5.9965526E-07,-0.000125
5.9970526E-07,-0.000121
5.9975526E-07,-0.000116
5.9980526E-07,-0.000110
5.9985526E-07,-0.000102
5.9990526E-07,-0.000093
5.9995526E-07,-0.000084
6.0000526E-07,-0.000076
6.0005526E-07,-0.000068
6.0010526E-07,-0.000060
6.0015526E-07,-0.000054
6.0020526E-07,-0.000049
6.0025526E-07,-0.000045
6.0030526E-07,-0.000042
6.0035526E-07,-0.000040
6.0040526E-07,-0.000039
6.0045526E-07,-0.000038
6.0050526E-07,-0.000037
6.0055526E-07,-0.000035
6.0060526E-07,-0.000034
6.0065526E-07,-0.000031
6.0070526E-07,-0.000028
6.0075526E-07,-0.000023
6.0080526E-07,-0.000018
6.0085526E-07,-0.000011
6.0090526E-07,-0.000004
6.0095526E-07,0.000005
6.0100526E-07,0.000014
6.0105526E-07,0.000023
6.0110526E-07,0.000032
6.0115526E-07,0.000042
6.0120526E-07,0.000051
6.0125526E-07,0.000059
6.0130526E-07,0.000066
6.0135526E-07,0.000073
6.0140526E-07,0.000078
6.0145526E-07,0.000082
6.0150526E-07,0.000086
6.0155526E-07,0.000088
6.0160526E-07,0.000090
6.0165526E-07,0.000092
6.0170526E-07,0.000093
6.0175526E-07,0.000095
6.0180526E-07,0.000097
6.0185526E-07,0.000100
6.0190526E-07,0.000103
6.0195526E-07,0.000107
6.0200526E-07,0.000113
6.0205526E-07,0.000119
6.0210526E-07,0.000127
6.0215526E-07,0.000136
6.0220526E-07,0.000146
6.0225526E-07,0.000156
6.0230526E-07,0.000167
6.0235526E-07,0.000178
6.0240526E-07,0.000188
6.0245526E-07,0.000199
6.0250526E-07,0.000209
6.0255526E-07,0.000217
6.0260526E-07,0.000225
6.0265526E-07,0.000231
6.0270526E-07,0.000235
6.0275526E-07,0.000238
6.0280526E-07,0.000239
6.0285526E-07,0.000239
6.0290526E-07,0.000237
6.0295526E-07,0.000233
6.0300526E-07,0.000229
6.0305526E-07,0.000223
6.0310526E-07,0.000216
6.0315526E-07,0.000209
6.0320526E-07,0.000202
6.0325526E-07,0.000195
6.0330526E-07,0.000188
6.0335526E-07,0.000181
6.0340526E-07,0.000175
6.0345526E-07,0.000169
6.0350526E-07,0.000164
6.0355526E-07,0.000160
6.0360526E-07,0.000156
6.0365526E-07,0.000152
6.0370526E-07,0.000149
6.0375526E-07,0.000146
6.0380526E-07,0.000143
6.0385526E-07,0.000139
6.0390526E-07,0.000134
6.0395526E-07,0.000129
6.0400526E-07,0.000122
6.0405526E-07,0.000115
6.0410526E-07,0.000105
6.0415526E-07,0.000095
6.0420526E-07,0.000082
6.0425526E-07,0.000069
6.0430526E-07,0.000054
6.0435526E-07,0.000039
6.0440526E-07,0.000022
6.0445526E-07,0.000006
6.0450526E-07,-0.000011
6.0455526E-07,-0.000027
6.0460526E-07,-0.000042
6.0465526E-07,-0.000056
6.0470526E-07,-0.000068
6.0475526E-07,-0.000079
6.0480526E-07,-0.000087
6.0485526E-07,-0.000093
6.0490526E-07,-0.000097
6.0495526E-07,-0.000099
6.0500526E-07,-0.000099
6.0505526E-07,-0.000097
6.0510526E-07,-0.000093
6.0515526E-07,-0.000088
6.0520526E-07,-0.000083
6.0525526E-07,-0.000078
6.0530526E-07,-0.000072
6.0535526E-07,-0.000068
6.0540526E-07,-0.000064
6.0545526E-07,-0.000062
6.0550526E-07,-0.000062
6.0555526E-07,-0.000064
6.0560526E-07,-0.000067
6.0565526E-07,-0.000072
6.0570526E-07,-0.000079
6.0575526E-07,-0.000087
6.0580526E-07,-0.000096
6.0585526E-07,-0.000106
6.0590526E-07,-0.000115
6.0595526E-07,-0.000125
6.0600526E-07,-0.000134
6.0605526E-07,-0.000142
6.0610526E-07,-0.000149
6.0615526E-07,-0.000154
6.0620526E-07,-0.000158
6.0625526E-07,-0.000160
6.0630526E-07,-0.000160
6.0635526E-07,-0.000159
6.0640526E-07,-0.000157
6.0645526E-07,-0.000153
6.0650526E-07,-0.000150
6.0655526E-07,-0.000146
6.0660526E-07,-0.000143
6.0665526E-07,-0.000140
6.0670526E-07,-0.000138
6.0675526E-07,-0.000138
6.0680526E-07,-0.000139
6.0685526E-07,-0.000141
6.0690526E-07,-0.000144
6.0695526E-07,-0.000149
6.0700526E-07,-0.000154
6.0705526E-07,-0.000160
6.0710526E-07,-0.000166
6.0715526E-07,-0.000171
6.0720526E-07,-0.000176
6.0725526E-07,-0.000180
6.0730526E-07,-0.000182
6.0735526E-07,-0.000182
6.0740526E-07,-0.000181
6.0745526E-07,-0.000177
6.0750526E-07,-0.000171
6.0755526E-07,-0.000164
6.0760526E-07,-0.000155
6.0765526E-07,-0.000144
6.0770526E-07,-0.000133
6.0775526E-07,-0.000122
6.0780526E-07,-0.000111
6.0785526E-07,-0.000101
6.0790526E-07,-0.000093
6.0795526E-07,-0.000086
6.0800526E-07,-0.000082
6.0805526E-07,-0.000080
6.0810526E-07,-0.000080
6.0815526E-07,-0.000084
6.0820526E-07,-0.000090
6.0825526E-07,-0.000098
6.0830526E-07,-0.000109
6.0835526E-07,-0.000121
6.0840526E-07,-0.000135
6.0845526E-07,-0.000149
6.0850526E-07,-0.000164
6.0855526E-07,-0.000178
6.0860526E-07,-0.000191
6.0865526E-07,-0.000204
6.0870526E-07,-0.000214
6.0875526E-07,-0.000223
6.0880526E-07,-0.000230
6.0885526E-07,-0.000235
6.0890526E-07,-0.000237
6.0895526E-07,-0.000238
6.0900526E-07,-0.000237
6.0905526E-07,-0.000234
6.0910526E-07,-0.000230
6.0915526E-07,-0.000224
6.0920526E-07,-0.000218
6.0925526E-07,-0.000211
6.0930526E-07,-0.000203
6.0935526E-07,-0.000195
6.0940526E-07,-0.000187
6.0945526E-07,-0.000178
6.0950526E-07,-0.000170
6.0955526E-07,-0.000161
6.0960526E-07,-0.000152
6.0965526E-07,-0.000142
6.0970526E-07,-0.000132
6.0975526E-07,-0.000121
6.0980526E-07,-0.000110
6.0985526E-07,-0.000097
6.0990526E-07,-0.000084
6.0995526E-07,-0.000070
6.1000526E-07,-0.000056
6.1005526E-07,-0.000041
6.1010526E-07,-0.000026
6.1015526E-07,-0.000010
6.1020526E-07,0.000005
6.1025526E-07,0.000020
6.1030526E-07,0.000033
6.1035526E-07,0.000046
6.1040526E-07,0.000057
6.1045526E-07,0.000066
6.1050526E-07,0.000073
6.1055526E-07,0.000078
6.1060526E-07,0.000080
6.1065526E-07,0.000080
6.1070526E-07,0.000078
6.1075526E-07,0.000072
6.1080526E-07,0.000065
6.1085526E-07,0.000055
6.1090526E-07,0.000044
6.1095526E-07,0.000031
6.1100526E-07,0.000017
6.1105526E-07,0.000002
6.1110526E-07,-0.000014
6.1115526E-07,-0.000029
6.1120526E-07,-0.000045
6.1125526E-07,-0.000059
6.1130526E-07,-0.000072
6.1135526E-07,-0.000085
6.1140526E-07,-0.000095
6.1145526E-07,-0.000104
6.1150526E-07,-0.000111
6.1155526E-07,-0.000116
6.1160526E-07,-0.000120
6.1165526E-07,-0.000122
6.1170526E-07,-0.000122
6.1175526E-07,-0.000120
6.1180526E-07,-0.000118
6.1185526E-07,-0.000114
6.1190526E-07,-0.000110
6.1195526E-07,-0.000105
6.1200526E-07,-0.000100
6.1205526E-07,-0.000095
6.1210526E-07,-0.000091
6.1215526E-07,-0.000086
6.1220526E-07,-0.000083
6.1225526E-07,-0.000080
6.1230526E-07,-0.000077
6.1235526E-07,-0.000075
6.1240526E-07,-0.000074
6.1245526E-07,-0.000073
6.1250526E-07,-0.000073
6.1255526E-07,-0.000072
6.1260526E-07,-0.000072
6.1265526E-07,-0.000071
6.1270526E-07,-0.000069
6.1275526E-07,-0.000068
6.1280526E-07,-0.000065
6.1285526E-07,-0.000062
6.1290526E-07,-0.000058
6.1295526E-07,-0.000053
6.1300526E-07,-0.000048
6.1305526E-07,-0.000043
6.1310526E-07,-0.000037
6.1315526E-07,-0.000031
6.1320526E-07,-0.000026
6.1325526E-07,-0.000022
6.1330526E-07,-0.000018
6.1335526E-07,-0.000015
6.1340526E-07,-0.000014
6.1345526E-07,-0.000014
6.1350526E-07,-0.000016
6.1355526E-07,-0.000019
6.1360526E-07,-0.000024
6.1365526E-07,-0.000030
6.1370526E-07,-0.000037
6.1375526E-07,-0.000045
6.1380526E-07,-0.000054
6.1385526E-07,-0.000063
6.1390526E-07,-0.000071
6.1395526E-07,-0.000080
6.1400526E-07,-0.000087
6.1405526E-07,-0.000094
6.1410526E-07,-0.000099
6.1415526E-07,-0.000103
6.1420526E-07,-0.000106
6.1425526E-07,-0.000107
6.1430526E-07,-0.000108
6.1435526E-07,-0.000107
6.1440526E-07,-0.000106
6.1445526E-07,-0.000104
6.1450526E-07,-0.000103
6.1455526E-07,-0.000102
6.1460526E-07,-0.000101
6.1465526E-07,-0.000102
6.1470526E-07,-0.000104
6.1475526E-07,-0.000107
6.1480526E-07,-0.000112
6.1485526E-07,-0.000118
6.1490526E-07,-0.000125
6.1495526E-07,-0.000134
6.1500526E-07,-0.000143
6.1505526E-07,-0.000152
6.1510526E-07,-0.000161
6.1515526E-07,-0.000170
6.1520526E-07,-0.000177
6.1525526E-07,-0.000182
6.1530526E-07,-0.000185
6.1535526E-07,-0.000186
6.1540526E-07,-0.000184
6.1545526E-07,-0.000179
6.1550526E-07,-0.000172
6.1555526E-07,-0.000161
6.1560526E-07,-0.000148
6.1565526E-07,-0.000132
6.1570526E-07,-0.000115
6.1575526E-07,-0.000096
6.1580526E-07,-0.000076
6.1585526E-07,-0.000055
6.1590526E-07,-0.000035
6.1595526E-07,-0.000016
6.1600526E-07,0.000003
6.1605526E-07,0.000020
6.1610526E-07,0.000035
6.1615526E-07,0.000048
6.1620526E-07,0.000060
6.1625526E-07,0.000069
6.1630526E-07,0.000077
6.1635526E-07,0.000084
6.1640526E-07,0.000089
6.1645526E-07,0.000094
6.1650526E-07,0.000098
6.1655526E-07,0.000102
6.1660526E-07,0.000106
6.1665526E-07,0.000110
6.1670526E-07,0.000115
6.1675526E-07,0.000120
6.1680526E-07,0.000126
6.1685526E-07,0.000132
6.1690526E-07,0.000139
6.1695526E-07,0.000146
6.1700526E-07,0.000153
6.1705526E-07,0.000159
6.1710526E-07,0.000165
6.1715526E-07,0.000170
6.1720526E-07,0.000173
6.1725526E-07,0.000176
6.1730526E-07,0.000176
6.1735526E-07,0.000175
6.1740526E-07,0.000172
6.1745526E-07,0.000168
6.1750526E-07,0.000162
6.1755526E-07,0.000156
6.1760526E-07,0.000148
6.1765526E-07,0.000140
6.1770526E-07,0.000131
6.1775526E-07,0.000123
6.1780526E-07,0.000115
6.1785526E-07,0.000108
6.1790526E-07,0.000101
6.1795526E-07,0.000095
6.1800526E-07,0.000090
6.1805526E-07,0.000086
6.1810526E-07,0.000083
6.1815526E-07,0.000081
6.1820526E-07,0.000078
6.1825526E-07,0.000076
6.1830526E-07,0.000074
6.1835526E-07,0.000071
6.1840526E-07,0.000067
6.1845526E-07,0.000062
6.1850526E-07,0.000055
6.1855526E-07,0.000047
6.1860526E-07,0.000037
6.1865526E-07,0.000025
6.1870526E-07,0.000011
6.1875526E-07,-0.000005
6.1880526E-07,-0.000022
6.1885526E-07,-0.000041
6.1890526E-07,-0.000061
6.1895526E-07,-0.000083
6.1900526E-07,-0.000104
6.1905526E-07,-0.000126
6.1910526E-07,-0.000148
6.1915526E-07,-0.000169
6.1920526E-07,-0.000190
6.1925526E-07,-0.000209
6.1930526E-07,-0.000226
6.1935526E-07,-0.000242
6.1940526E-07,-0.000256
6.1945526E-07,-0.000268
6.1950526E-07,-0.000278
6.1955526E-07,-0.000286
6.1960526E-07,-0.000291
6.1965526E-07,-0.000295
6.1970526E-07,-0.000296
6.1975526E-07,-0.000296
6.1980526E-07,-0.000295
6.1985526E-07,-0.000293
6.1990526E-07,-0.000289
6.1995526E-07,-0.000285
6.2000526E-07,-0.000280
6.2005526E-07,-0.000275
6.2010526E-07,-0.000270
6.2015526E-07,-0.000265
6.2020526E-07,-0.000260
6.2025526E-07,-0.000255
6.2030526E-07,-0.000250
6.2035526E-07,-0.000245
6.2040526E-07,-0.000240
6.2045526E-07,-0.000235
6.2050526E-07,-0.000229
6.2055526E-07,-0.000223
6.2060526E-07,-0.000216
6.2065526E-07,-0.000208
6.2070526E-07,-0.000200
6.2075526E-07,-0.000190
6.2080526E-07,-0.000179
6.2085526E-07,-0.000166
6.2090526E-07,-0.000152
6.2095526E-07,-0.000137
6.2100526E-07,-0.000121
6.2105526E-07,-0.000104
6.2110526E-07,-0.000086
6.2115526E-07,-0.000068
6.2120526E-07,-0.000049
6.2125526E-07,-0.000031
6.2130526E-07,-0.000013
6.2135526E-07,0.000005
6.2140526E-07,0.000021
6.2145526E-07,0.000036
6.2150526E-07,0.000050
6.2155526E-07,0.000062
6.2160526E-07,0.000073
6.2165526E-07,0.000082
6.2170526E-07,0.000090
6.2175526E-07,0.000097
6.2180526E-07,0.000104
6.2185526E-07,0.000109
6.2190526E-07,0.000114
6.2195526E-07,0.000119
6.2200526E-07,0.000124
6.2205526E-07,0.000129
6.2210526E-07,0.000135
6.2215526E-07,0.000142
6.2220526E-07,0.000149
6.2225526E-07,0.000157
6.2230526E-07,0.000166
6.2235526E-07,0.000175
6.2240526E-07,0.000184
6.2245526E-07,0.000193
6.2250526E-07,0.000201
6.2255526E-07,0.000209
6.2260526E-07,0.000215
6.2265526E-07,0.000220
6.2270526E-07,0.000223
6.2275526E-07,0.000224
6.2280526E-07,0.000223
6.2285526E-07,0.000220
6.2290526E-07,0.000215
6.2295526E-07,0.000209
6.2300526E-07,0.000200
6.2305526E-07,0.000191
6.2310526E-07,0.000181
6.2315526E-07,0.000170
6.2320526E-07,0.000160
6.2325526E-07,0.000150
6.2330526E-07,0.000142
6.2335526E-07,0.000135
6.2340526E-07,0.000130
6.2345526E-07,0.000127
6.2350526E-07,0.000126
6.2355526E-07,0.000128
6.2360526E-07,0.000132
6.2365526E-07,0.000138
6.2370526E-07,0.000146
6.2375526E-07,0.000156
6.2380526E-07,0.000167
6.2385526E-07,0.000179
6.2390526E-07,0.000192
6.2395526E-07,0.000204
6.2400526E-07,0.000216
6.2405526E-07,0.000228
6.2410526E-07,0.000238
6.2415526E-07,0.000248
6.2420526E-07,0.000256
6.2425526E-07,0.000263
6.2430526E-07,0.000269
6.2435526E-07,0.000274
6.2440526E-07,0.000278
6.2445526E-07,0.000281
6.2450526E-07,0.000283
6.2455526E-07,0.000284
6.2460526E-07,0.000286
6.2465526E-07,0.000287
6.2470526E-07,0.000288
6.2475526E-07,0.000288
6.2480526E-07,0.000288
6.2485526E-07,0.000288
6.2490526E-07,0.000288
6.2495526E-07,0.000286
6.2500526E-07,0.000284
6.2505526E-07,0.000280
6.2510526E-07,0.000275
6.2515526E-07,0.000269
6.2520526E-07,0.000260
6.2525526E-07,0.000250
6.2530526E-07,0.000238
6.2535526E-07,0.000225
6.2540526E-07,0.000210
6.2545526E-07,0.000194
6.2550526E-07,0.000177
6.2555526E-07,0.000160
6.2560526E-07,0.000143
6.2565526E-07,0.000126
6.2570526E-07,0.000110
6.2575526E-07,0.000096
6.2580526E-07,0.000083
6.2585526E-07,0.000073
6.2590526E-07,0.000065
6.2595526E-07,0.000060
6.2600526E-07,0.000057
6.2605526E-07,0.000057
6.2610526E-07,0.000060
6.2615526E-07,0.000065
6.2620526E-07,0.000072
6.2625526E-07,0.000081
6.2630526E-07,0.000091
6.2635526E-07,0.000101
6.2640526E-07,0.000112
6.2645526E-07,0.000123
6.2650526E-07,0.000133
6.2655526E-07,0.000142
6.2660526E-07,0.000149
6.2665526E-07,0.000155
6.2670526E-07,0.000159
6.2675526E-07,0.000161
6.2680526E-07,0.000162
6.2685526E-07,0.000160
6.2690526E-07,0.000157
6.2695526E-07,0.000152
6.2700526E-07,0.000146
6.2705526E-07,0.000139
6.2710526E-07,0.000132
6.2715526E-07,0.000123
6.2720526E-07,0.000115
6.2725526E-07,0.000106
6.2730526E-07,0.000097
6.2735526E-07,0.000089
6.2740526E-07,0.000081
6.2745526E-07,0.000073
6.2750526E-07,0.000065
6.2755526E-07,0.000058
6.2760526E-07,0.000050
6.2765526E-07,0.000043
6.2770526E-07,0.000035
6.2775526E-07,0.000027
6.2780526E-07,0.000019
6.2785526E-07,0.000010
6.2790526E-07,-0.000000
6.2795526E-07,-0.000011
6.2800526E-07,-0.000023
6.2805526E-07,-0.000036
6.2810526E-07,-0.000050
6.2815526E-07,-0.000065
6.2820526E-07,-0.000081
6.2825526E-07,-0.000097
6.2830526E-07,-0.000113
6.2835526E-07,-0.000129
6.2840526E-07,-0.000145
6.2845526E-07,-0.000160
6.2850526E-07,-0.000174
6.2855526E-07,-0.000187
6.2860526E-07,-0.000199
6.2865526E-07,-0.000208
6.2870526E-07,-0.000216
6.2875526E-07,-0.000221
6.2880526E-07,-0.000223
6.2885526E-07,-0.000224
6.2890526E-07,-0.000221
6.2895526E-07,-0.000217
6.2900526E-07,-0.000210
6.2905526E-07,-0.000201
6.2910526E-07,-0.000190
6.2915526E-07,-0.000179
6.2920526E-07,-0.000165
6.2925526E-07,-0.000152
6.2930526E-07,-0.000138
6.2935526E-07,-0.000124
6.2940526E-07,-0.000110
6.2945526E-07,-0.000097
6.2950526E-07,-0.000084
6.2955526E-07,-0.000073
6.2960526E-07,-0.000062
6.2965526E-07,-0.000053
6.2970526E-07,-0.000045
6.2975526E-07,-0.000038
6.2980526E-07,-0.000031
6.2985526E-07,-0.000025
6.2990526E-07,-0.000020
6.2995526E-07,-0.000015
6.3000526E-07,-0.000010
6.3005526E-07,-0.000004
6.3010526E-07,0.000001
6.3015526E-07,0.000008
6.3020526E-07,0.000014
6.3025526E-07,0.000021
6.3030526E-07,0.000029
6.3035526E-07,0.000037
6.3040526E-07,0.000045
6.3045526E-07,0.000053
6.3050526E-07,0.000061
6.3055526E-07,0.000068
6.3060526E-07,0.000075
6.3065526E-07,0.000080
6.3070526E-07,0.000084
6.3075526E-07,0.000087
6.3080526E-07,0.000088
6.3085526E-07,0.000087
6.3090526E-07,0.000085
6.3095526E-07,0.000081
6.3100526E-07,0.000076
6.3105526E-07,0.000070
6.3110526E-07,0.000064
6.3115526E-07,0.000056
6.3120526E-07,0.000049
6.3125526E-07,0.000041
6.3130526E-07,0.000035
6.3135526E-07,0.000028
6.3140526E-07,0.000023
6.3145526E-07,0.000018
6.3150526E-07,0.000015
6.3155526E-07,0.000012
6.3160526E-07,0.000011
6.3165526E-07,0.000010
6.3170526E-07,0.000009
6.3175526E-07,0.000009
6.3180526E-07,0.000009
6.3185526E-07,0.000009
6.3190526E-07,0.000008
6.3195526E-07,0.000006
6.3200526E-07,0.000003
6.3205526E-07,-0.000001
6.3210526E-07,-0.000006
6.3215526E-07,-0.000012
6.3220526E-07,-0.000019
6.3225526E-07,-0.000027
6.3230526E-07,-0.000035
6.3235526E-07,-0.000043
6.3240526E-07,-0.000051
6.3245526E-07,-0.000058
6.3250526E-07,-0.000064
6.3255526E-07,-0.000068
6.3260526E-07,-0.000071
6.3265526E-07,-0.000071
6.3270526E-07,-0.000069
6.3275526E-07,-0.000064
6.3280526E-07,-0.000057
6.3285526E-07,-0.000048
6.3290526E-07,-0.000036
6.3295526E-07,-0.000023
6.3300526E-07,-0.000008
6.3305526E-07,0.000008
6.3310526E-07,0.000025
6.3315526E-07,0.000041
6.3320526E-07,0.000057
6.3325526E-07,0.000073
6.3330526E-07,0.000087
6.3335526E-07,0.000100
6.3340526E-07,0.000110
6.3345526E-07,0.000120
6.3350526E-07,0.000127
6.3355526E-07,0.000132
6.3360526E-07,0.000136
6.3365526E-07,0.000139
6.3370526E-07,0.000140
6.3375526E-07,0.000140
6.3380526E-07,0.000140
6.3385526E-07,0.000139
6.3390526E-07,0.000139
6.3395526E-07,0.000138
6.3400526E-07,0.000138
6.3405526E-07,0.000138
6.3410526E-07,0.000139
6.3415526E-07,0.000140
6.3420526E-07,0.000141
6.3425526E-07,0.000142
6.3430526E-07,0.000143
6.3435526E-07,0.000144
6.3440526E-07,0.000144
6.3445526E-07,0.000142
6.3450526E-07,0.000140
6.3455526E-07,0.000136
6.3460526E-07,0.000131
6.3465526E-07,0.000124
6.3470526E-07,0.000115
6.3475526E-07,0.000105
6.3480526E-07,0.000094
6.3485526E-07,0.000082
6.3490526E-07,0.000069
6.3495526E-07,0.000056
6.3500526E-07,0.000043
6.3505526E-07,0.000031
6.3510526E-07,0.000019
6.3515526E-07,0.000009
6.3520526E-07,-0.000000
6.3525526E-07,-0.000007
6.3530526E-07,-0.000012
6.3535526E-07,-0.000015
6.3540526E-07,-0.000015
6.3545526E-07,-0.000014
6.3550526E-07,-0.000010
6.3555526E-07,-0.000004
6.3560526E-07,0.000003
6.3565526E-07,0.000012
6.3570526E-07,0.000023
6.3575526E-07,0.000034
6.3580526E-07,0.000045
6.3585526E-07,0.000057
6.3590526E-07,0.000069
6.3595526E-07,0.000080
6.3600526E-07,0.000091
6.3605526E-07,0.000101
6.3610526E-07,0.000111
6.3615526E-07,0.000119
6.3620526E-07,0.000127
6.3625526E-07,0.000134
6.3630526E-07,0.000140
6.3635526E-07,0.000146
6.3640526E-07,0.000151
6.3645526E-07,0.000156
6.3650526E-07,0.000161
6.3655526E-07,0.000165
6.3660526E-07,0.000170
6.3665526E-07,0.000176
6.3670526E-07,0.000181
6.3675526E-07,0.000187
6.3680526E-07,0.000194
6.3685526E-07,0.000201
6.3690526E-07,0.000209
6.3695526E-07,0.000217
6.3700526E-07,0.000225
6.3705526E-07,0.000232
6.3710526E-07,0.000240
6.3715526E-07,0.000247
6.3720526E-07,0.000253
6.3725526E-07,0.000259
6.3730526E-07,0.000262
6.3735526E-07,0.000265
6.3740526E-07,0.000265
6.3745526E-07,0.000263
6.3750526E-07,0.000259
6.3755526E-07,0.000254
6.3760526E-07,0.000245
6.3765526E-07,0.000235
6.3770526E-07,0.000223
6.3775526E-07,0.000209
6.3780526E-07,0.000193
6.3785526E-07,0.000177
6.3790526E-07,0.000159
6.3795526E-07,0.000141
6.3800526E-07,0.000123
6.3805526E-07,0.000106
6.3810526E-07,0.000089
6.3815526E-07,0.000073
6.3820526E-07,0.000059
6.3825526E-07,0.000046
6.3830526E-07,0.000034
6.3835526E-07,0.000024
6.3840526E-07,0.000016
6.3845526E-07,0.000009
6.3850526E-07,0.000004
6.3855526E-07,-0.000000
6.3860526E-07,-0.000004
6.3865526E-07,-0.000007
6.3870526E-07,-0.000009
6.3875526E-07,-0.000012
6.3880526E-07,-0.000014
6.3885526E-07,-0.000017
6.3890526E-07,-0.000020
6.3895526E-07,-0.000024
6.3900526E-07,-0.000028
6.3905526E-07,-0.000033
6.3910526E-07,-0.000038
6.3915526E-07,-0.000042
6.3920526E-07,-0.000047
6.3925526E-07,-0.000051
6.3930526E-07,-0.000055
6.3935526E-07,-0.000058
6.3940526E-07,-0.000059
6.3945526E-07,-0.000060
6.3950526E-07,-0.000059
6.3955526E-07,-0.000057
6.3960526E-07,-0.000053
6.3965526E-07,-0.000049
6.3970526E-07,-0.000043
6.3975526E-07,-0.000037
6.3980526E-07,-0.000030
6.3985526E-07,-0.000024
6.3990526E-07,-0.000017
6.3995526E-07,-0.000010
6.4000526E-07,-0.000004
6.4005526E-07,0.000001
6.4010526E-07,0.000005
6.4015526E-07,0.000009
6.4020526E-07,0.000011
6.4025526E-07,0.000013
6.4030526E-07,0.000014
6.4035526E-07,0.000015
6.4040526E-07,0.000015
6.4045526E-07,0.000016
6.4050526E-07,0.000017
6.4055526E-07,0.000019
6.4060526E-07,0.000022
6.4065526E-07,0.000025
6.4070526E-07,0.000030
6.4075526E-07,0.000036
6.4080526E-07,0.000043
6.4085526E-07,0.000051
6.4090526E-07,0.000060
6.4095526E-07,0.000069
6.4100526E-07,0.000078
6.4105526E-07,0.000087
6.4110526E-07,0.000096
6.4115526E-07,0.000103
6.4120526E-07,0.000109
6.4125526E-07,0.000114
6.4130526E-07,0.000116
6.4135526E-07,0.000117
6.4140526E-07,0.000116
6.4145526E-07,0.000113
6.4150526E-07,0.000108
6.4155526E-07,0.000102
6.4160526E-07,0.000095
6.4165526E-07,0.000088
6.4170526E-07,0.000080
6.4175526E-07,0.000072
6.4180526E-07,0.000065
6.4185526E-07,0.000059
6.4190526E-07,0.000054
6.4195526E-07,0.000051
6.4200526E-07,0.000049
6.4205526E-07,0.000050
6.4210526E-07,0.000052
6.4215526E-07,0.000056
6.4220526E-07,0.000062
6.4225526E-07,0.000069
6.4230526E-07,0.000076
6.4235526E-07,0.000085
6.4240526E-07,0.000093
6.4245526E-07,0.000101
6.4250526E-07,0.000109
6.4255526E-07,0.000115
6.4260526E-07,0.000121
6.4265526E-07,0.000125
6.4270526E-07,0.000127
6.4275526E-07,0.000127
6.4280526E-07,0.000127
6.4285526E-07,0.000124
6.4290526E-07,0.000120
6.4295526E-07,0.000116
6.4300526E-07,0.000110
6.4305526E-07,0.000104
6.4310526E-07,0.000098
6.4315526E-07,0.000092
6.4320526E-07,0.000086
6.4325526E-07,0.000081
6.4330526E-07,0.000076
6.4335526E-07,0.000073
6.4340526E-07,0.000070
6.4345526E-07,0.000069
6.4350526E-07,0.000068
6.4355526E-07,0.000068
6.4360526E-07,0.000069
6.4365526E-07,0.000070
6.4370526E-07,0.000071
6.4375526E-07,0.000072
6.4380526E-07,0.000074
6.4385526E-07,0.000074
6.4390526E-07,0.000074
6.4395526E-07,0.000073
6.4400526E-07,0.000072
6.4405526E-07,0.000069
6.4410526E-07,0.000065
6.4415526E-07,0.000061
6.4420526E-07,0.000055
6.4425526E-07,0.000049
6.4430526E-07,0.000042
6.4435526E-07,0.000035
6.4440526E-07,0.000027
6.4445526E-07,0.000019
6.4450526E-07,0.000012
6.4455526E-07,0.000004
6.4460526E-07,-0.000003
6.4465526E-07,-0.000009
6.4470526E-07,-0.000015
6.4475526E-07,-0.000020
6.4480526E-07,-0.000024
6.4485526E-07,-0.000027
6.4490526E-07,-0.000030
6.4495526E-07,-0.000033
6.4500526E-07,-0.000035
6.4505526E-07,-0.000036
6.4510526E-07,-0.000038
6.4515526E-07,-0.000039
6.4520526E-07,-0.000041
6.4525526E-07,-0.000043
6.4530526E-07,-0.000046
6.4535526E-07,-0.000049
6.4540526E-07,-0.000054
6.4545526E-07,-0.000059
6.4550526E-07,-0.000065
6.4555526E-07,-0.000072
6.4560526E-07,-0.000080
6.4565526E-07,-0.000088
6.4570526E-07,-0.000097
6.4575526E-07,-0.000107
6.4580526E-07,-0.000117
6.4585526E-07,-0.000126
6.4590526E-07,-0.000136
6.4595526E-07,-0.000144
6.4600526E-07,-0.000152
6.4605526E-07,-0.000159
6.4610526E-07,-0.000165
6.4615526E-07,-0.000170
6.4620526E-07,-0.000173
6.4625526E-07,-0.000175
6.4630526E-07,-0.000175
6.4635526E-07,-0.000174
6.4640526E-07,-0.000172
6.4645526E-07,-0.000169
6.4650526E-07,-0.000166
6.4655526E-07,-0.000161
6.4660526E-07,-0.000156
6.4665526E-07,-0.000152
6.4670526E-07,-0.000147
6.4675526E-07,-0.000142
6.4680526E-07,-0.000138
6.4685526E-07,-0.000134
6.4690526E-07,-0.000130
6.4695526E-07,-0.000127
6.4700526E-07,-0.000124
6.4705526E-07,-0.000121
6.4710526E-07,-0.000117
6.4715526E-07,-0.000114
6.4720526E-07,-0.000110
6.4725526E-07,-0.000105
6.4730526E-07,-0.000100
6.4735526E-07,-0.000093
6.4740526E-07,-0.000085
6.4745526E-07,-0.000075
6.4750526E-07,-0.000064
6.4755526E-07,-0.000052
6.4760526E-07,-0.000039
6.4765526E-07,-0.000025
6.4770526E-07,-0.000010
6.4775526E-07,0.000005
6.4780526E-07,0.000021
6.4785526E-07,0.000036
6.4790526E-07,0.000050
6.4795526E-07,0.000064
6.4800526E-07,0.000077
6.4805526E-07,0.000088
6.4810526E-07,0.000098
6.4815526E-07,0.000106
6.4820526E-07,0.000113
6.4825526E-07,0.000118
6.4830526E-07,0.000122
6.4835526E-07,0.000125
6.4840526E-07,0.000127
6.4845526E-07,0.000128
6.4850526E-07,0.000130
6.4855526E-07,0.000131
6.4860526E-07,0.000133
6.4865526E-07,0.000135
6.4870526E-07,0.000137
6.4875526E-07,0.000141
6.4880526E-07,0.000144
6.4885526E-07,0.000149
6.4890526E-07,0.000154
6.4895526E-07,0.000159
6.4900526E-07,0.000164
6.4905526E-07,0.000168
6.4910526E-07,0.000171
6.4915526E-07,0.000174
6.4920526E-07,0.000175
6.4925526E-07,0.000174
6.4930526E-07,0.000170
6.4935526E-07,0.000165
6.4940526E-07,0.000158
6.4945526E-07,0.000148
6.4950526E-07,0.000137
6.4955526E-07,0.000123
6.4960526E-07,0.000108
6.4965526E-07,0.000092
6.4970526E-07,0.000075
6.4975526E-07,0.000057
6.4980526E-07,0.000039
6.4985526E-07,0.000022
6.4990526E-07,0.000005
6.4995526E-07,-0.000010
6.5000526E-07,-0.000025
6.5005526E-07,-0.000038
6.5010526E-07,-0.000050
6.5015526E-07,-0.000061
6.5020526E-07,-0.000070
6.5025526E-07,-0.000078
6.5030526E-07,-0.000086
6.5035526E-07,-0.000092
6.5040526E-07,-0.000099
6.5045526E-07,-0.000105
6.5050526E-07,-0.000111
6.5055526E-07,-0.000117
6.5060526E-07,-0.000123
6.5065526E-07,-0.000130
6.5070526E-07,-0.000137
6.5075526E-07,-0.000145
6.5080526E-07,-0.000152
6.5085526E-07,-0.000159
6.5090526E-07,-0.000165
6.5095526E-07,-0.000171
6.5100526E-07,-0.000176
6.5105526E-07,-0.000180
6.5110526E-07,-0.000181
6.5115526E-07,-0.000181
6.5120526E-07,-0.000179
6.5125526E-07,-0.000174
6.5130526E-07,-0.000167
6.5135526E-07,-0.000158
6.5140526E-07,-0.000146
6.5145526E-07,-0.000132
6.5150526E-07,-0.000116
6.5155526E-07,-0.000098
6.5160526E-07,-0.000078
6.5165526E-07,-0.000057
6.5170526E-07,-0.000036
6.5175526E-07,-0.000014
6.5180526E-07,0.000009
6.5185526E-07,0.000031
6.5190526E-07,0.000053
6.5195526E-07,0.000075
6.5200526E-07,0.000095
6.5205526E-07,0.000115
6.5210526E-07,0.000134
6.5215526E-07,0.000151
6.5220526E-07,0.000168
6.5225526E-07,0.000183
6.5230526E-07,0.000197
6.5235526E-07,0.000210
6.5240526E-07,0.000222
6.5245526E-07,0.000233
6.5250526E-07,0.000243
6.5255526E-07,0.000253
6.5260526E-07,0.000261
6.5265526E-07,0.000269
6.5270526E-07,0.000276
6.5275526E-07,0.000283
6.5280526E-07,0.000289
6.5285526E-07,0.000293
6.5290526E-07,0.000297
6.5295526E-07,0.000300
6.5300526E-07,0.000302
6.5305526E-07,0.000303
6.5310526E-07,0.000303
6.5315526E-07,0.000301
6.5320526E-07,0.000298
6.5325526E-07,0.000293
6.5330526E-07,0.000287
6.5335526E-07,0.000279
6.5340526E-07,0.000269
6.5345526E-07,0.000258
6.5350526E-07,0.000245
6.5355526E-07,0.000230
6.5360526E-07,0.000213
6.5365526E-07,0.000195
6.5370526E-07,0.000174
6.5375526E-07,0.000153
6.5380526E-07,0.000129
6.5385526E-07,0.000104
6.5390526E-07,0.000078
6.5395526E-07,0.000050
6.5400526E-07,0.000022
6.5405526E-07,-0.000008
6.5410526E-07,-0.000039
6.5415526E-07,-0.000071
6.5420526E-07,-0.000103
6.5425526E-07,-0.000136
6.5430526E-07,-0.000169
6.5435526E-07,-0.000203
