LECROYWaveRunner‘N,20113,Waveform
Segments,1,SegmentSize,4002
Segment,TrigTime,TimeSinceSegment1
#1,12-Dec-2018 11:32:35,0                 
Time,Ampl
4.5691498E-07,0.000065
4.5696498E-07,0.000064
4.5701498E-07,0.000063
4.5706498E-07,0.000064
4.5711498E-07,0.000065
4.5716498E-07,0.000068
4.5721498E-07,0.000071
4.5726498E-07,0.000076
4.5731498E-07,0.000081
4.5736498E-07,0.000087
4.5741498E-07,0.000094
4.5746498E-07,0.000101
4.5751498E-07,0.000108
4.5756498E-07,0.000114
4.5761498E-07,0.000120
4.5766498E-07,0.000126
4.5771498E-07,0.000130
4.5776498E-07,0.000133
4.5781498E-07,0.000135
4.5786498E-07,0.000136
4.5791498E-07,0.000135
4.5796498E-07,0.000133
4.5801498E-07,0.000129
4.5806498E-07,0.000124
4.5811498E-07,0.000118
4.5816498E-07,0.000111
4.5821498E-07,0.000103
4.5826498E-07,0.000095
4.5831498E-07,0.000086
4.5836498E-07,0.000077
4.5841498E-07,0.000068
4.5846498E-07,0.000060
4.5851498E-07,0.000052
4.5856498E-07,0.000044
4.5861498E-07,0.000037
4.5866498E-07,0.000032
4.5871498E-07,0.000027
4.5876498E-07,0.000023
4.5881498E-07,0.000021
4.5886498E-07,0.000019
4.5891498E-07,0.000019
4.5896498E-07,0.000020
4.5901498E-07,0.000022
4.5906498E-07,0.000025
4.5911498E-07,0.000029
4.5916498E-07,0.000034
4.5921498E-07,0.000040
4.5926498E-07,0.000046
4.5931498E-07,0.000053
4.5936498E-07,0.000060
4.5941498E-07,0.000068
4.5946498E-07,0.000076
4.5951498E-07,0.000084
4.5956498E-07,0.000092
4.5961498E-07,0.000101
4.5966498E-07,0.000109
4.5971498E-07,0.000117
4.5976498E-07,0.000126
4.5981498E-07,0.000134
4.5986498E-07,0.000143
4.5991498E-07,0.000152
4.5996498E-07,0.000160
4.6001498E-07,0.000169
4.6006498E-07,0.000178
4.6011498E-07,0.000187
4.6016498E-07,0.000196
4.6021498E-07,0.000204
4.6026498E-07,0.000213
4.6031498E-07,0.000221
4.6036498E-07,0.000229
4.6041498E-07,0.000237
4.6046498E-07,0.000243
4.6051498E-07,0.000249
4.6056498E-07,0.000254
4.6061498E-07,0.000258
4.6066498E-07,0.000260
4.6071498E-07,0.000262
4.6076498E-07,0.000261
4.6081498E-07,0.000260
4.6086498E-07,0.000257
4.6091498E-07,0.000253
4.6096498E-07,0.000248
4.6101498E-07,0.000242
4.6106498E-07,0.000235
4.6111498E-07,0.000227
4.6116498E-07,0.000218
4.6121498E-07,0.000209
4.6126498E-07,0.000200
4.6131498E-07,0.000190
4.6136498E-07,0.000180
4.6141498E-07,0.000170
4.6146498E-07,0.000160
4.6151498E-07,0.000150
4.6156498E-07,0.000140
4.6161498E-07,0.000130
4.6166498E-07,0.000119
4.6171498E-07,0.000108
4.6176498E-07,0.000096
4.6181498E-07,0.000084
4.6186498E-07,0.000070
4.6191498E-07,0.000056
4.6196498E-07,0.000041
4.6201498E-07,0.000025
4.6206498E-07,0.000009
4.6211498E-07,-0.000008
4.6216498E-07,-0.000026
4.6221498E-07,-0.000043
4.6226498E-07,-0.000061
4.6231498E-07,-0.000078
4.6236498E-07,-0.000094
4.6241498E-07,-0.000109
4.6246498E-07,-0.000123
4.6251498E-07,-0.000135
4.6256498E-07,-0.000145
4.6261498E-07,-0.000153
4.6266498E-07,-0.000160
4.6271498E-07,-0.000164
4.6276498E-07,-0.000166
4.6281498E-07,-0.000166
4.6286498E-07,-0.000164
4.6291498E-07,-0.000161
4.6296498E-07,-0.000157
4.6301498E-07,-0.000152
4.6306498E-07,-0.000147
4.6311498E-07,-0.000141
4.6316498E-07,-0.000136
4.6321498E-07,-0.000132
4.6326498E-07,-0.000128
4.6331498E-07,-0.000125
4.6336498E-07,-0.000123
4.6341498E-07,-0.000123
4.6346498E-07,-0.000124
4.6351498E-07,-0.000126
4.6356498E-07,-0.000129
4.6361498E-07,-0.000132
4.6366498E-07,-0.000137
4.6371498E-07,-0.000142
4.6376498E-07,-0.000146
4.6381498E-07,-0.000151
4.6386498E-07,-0.000156
4.6391498E-07,-0.000160
4.6396498E-07,-0.000164
4.6401498E-07,-0.000167
4.6406498E-07,-0.000170
4.6411498E-07,-0.000171
4.6416498E-07,-0.000172
4.6421498E-07,-0.000172
4.6426498E-07,-0.000172
4.6431498E-07,-0.000171
4.6436498E-07,-0.000170
4.6441498E-07,-0.000168
4.6446498E-07,-0.000166
4.6451498E-07,-0.000164
4.6456498E-07,-0.000162
4.6461498E-07,-0.000159
4.6466498E-07,-0.000156
4.6471498E-07,-0.000154
4.6476498E-07,-0.000151
4.6481498E-07,-0.000148
4.6486498E-07,-0.000144
4.6491498E-07,-0.000141
4.6496498E-07,-0.000137
4.6501498E-07,-0.000133
4.6506498E-07,-0.000129
4.6511498E-07,-0.000124
4.6516498E-07,-0.000120
4.6521498E-07,-0.000115
4.6526498E-07,-0.000111
4.6531498E-07,-0.000107
4.6536498E-07,-0.000103
4.6541498E-07,-0.000101
4.6546498E-07,-0.000098
4.6551498E-07,-0.000097
4.6556498E-07,-0.000097
4.6561498E-07,-0.000098
4.6566498E-07,-0.000100
4.6571498E-07,-0.000103
4.6576498E-07,-0.000107
4.6581498E-07,-0.000112
4.6586498E-07,-0.000117
4.6591498E-07,-0.000123
4.6596498E-07,-0.000129
4.6601498E-07,-0.000135
4.6606498E-07,-0.000140
4.6611498E-07,-0.000146
4.6616498E-07,-0.000150
4.6621498E-07,-0.000153
4.6626498E-07,-0.000155
4.6631498E-07,-0.000156
4.6636498E-07,-0.000156
4.6641498E-07,-0.000154
4.6646498E-07,-0.000151
4.6651498E-07,-0.000146
4.6656498E-07,-0.000141
4.6661498E-07,-0.000134
4.6666498E-07,-0.000127
4.6671498E-07,-0.000119
4.6676498E-07,-0.000111
4.6681498E-07,-0.000103
4.6686498E-07,-0.000096
4.6691498E-07,-0.000089
4.6696498E-07,-0.000082
4.6701498E-07,-0.000077
4.6706498E-07,-0.000073
4.6711498E-07,-0.000070
4.6716498E-07,-0.000068
4.6721498E-07,-0.000067
4.6726498E-07,-0.000068
4.6731498E-07,-0.000069
4.6736498E-07,-0.000072
4.6741498E-07,-0.000076
4.6746498E-07,-0.000081
4.6751498E-07,-0.000086
4.6756498E-07,-0.000091
4.6761498E-07,-0.000097
4.6766498E-07,-0.000103
4.6771498E-07,-0.000108
4.6776498E-07,-0.000114
4.6781498E-07,-0.000119
4.6786498E-07,-0.000123
4.6791498E-07,-0.000126
4.6796498E-07,-0.000129
4.6801498E-07,-0.000131
4.6806498E-07,-0.000131
4.6811498E-07,-0.000131
4.6816498E-07,-0.000130
4.6821498E-07,-0.000129
4.6826498E-07,-0.000126
4.6831498E-07,-0.000123
4.6836498E-07,-0.000119
4.6841498E-07,-0.000115
4.6846498E-07,-0.000110
4.6851498E-07,-0.000105
4.6856498E-07,-0.000100
4.6861498E-07,-0.000095
4.6866498E-07,-0.000089
4.6871498E-07,-0.000084
4.6876498E-07,-0.000078
4.6881498E-07,-0.000072
4.6886498E-07,-0.000067
4.6891498E-07,-0.000061
4.6896498E-07,-0.000055
4.6901498E-07,-0.000049
4.6906498E-07,-0.000042
4.6911498E-07,-0.000035
4.6916498E-07,-0.000028
4.6921498E-07,-0.000020
4.6926498E-07,-0.000011
4.6931498E-07,-0.000003
4.6936498E-07,0.000007
4.6941498E-07,0.000016
4.6946498E-07,0.000026
4.6951498E-07,0.000035
4.6956498E-07,0.000045
4.6961498E-07,0.000054
4.6966498E-07,0.000063
4.6971498E-07,0.000071
4.6976498E-07,0.000078
4.6981498E-07,0.000084
4.6986498E-07,0.000089
4.6991498E-07,0.000092
4.6996498E-07,0.000094
4.7001498E-07,0.000095
4.7006498E-07,0.000094
4.7011498E-07,0.000092
4.7016498E-07,0.000089
4.7021498E-07,0.000084
4.7026498E-07,0.000080
4.7031498E-07,0.000074
4.7036498E-07,0.000068
4.7041498E-07,0.000062
4.7046498E-07,0.000056
4.7051498E-07,0.000050
4.7056498E-07,0.000045
4.7061498E-07,0.000040
4.7066498E-07,0.000036
4.7071498E-07,0.000032
4.7076498E-07,0.000029
4.7081498E-07,0.000026
4.7086498E-07,0.000024
4.7091498E-07,0.000022
4.7096498E-07,0.000021
4.7101498E-07,0.000019
4.7106498E-07,0.000017
4.7111498E-07,0.000015
4.7116498E-07,0.000013
4.7121498E-07,0.000010
4.7126498E-07,0.000008
4.7131498E-07,0.000005
4.7136498E-07,0.000003
4.7141498E-07,-0.000000
4.7146498E-07,-0.000001
4.7151498E-07,-0.000002
4.7156498E-07,-0.000003
4.7161498E-07,-0.000002
4.7166498E-07,0.000001
4.7171498E-07,0.000005
4.7176498E-07,0.000010
4.7181498E-07,0.000017
4.7186498E-07,0.000025
4.7191498E-07,0.000035
4.7196498E-07,0.000047
4.7201498E-07,0.000059
4.7206498E-07,0.000072
4.7211498E-07,0.000085
4.7216498E-07,0.000098
4.7221498E-07,0.000110
4.7226498E-07,0.000122
4.7231498E-07,0.000132
4.7236498E-07,0.000140
4.7241498E-07,0.000147
4.7246498E-07,0.000152
4.7251498E-07,0.000154
4.7256498E-07,0.000154
4.7261498E-07,0.000153
4.7266498E-07,0.000149
4.7271498E-07,0.000143
4.7276498E-07,0.000136
4.7281498E-07,0.000128
4.7286498E-07,0.000120
4.7291498E-07,0.000111
4.7296498E-07,0.000102
4.7301498E-07,0.000093
4.7306498E-07,0.000085
4.7311498E-07,0.000078
4.7316498E-07,0.000073
4.7321498E-07,0.000068
4.7326498E-07,0.000064
4.7331498E-07,0.000062
4.7336498E-07,0.000061
4.7341498E-07,0.000061
4.7346498E-07,0.000061
4.7351498E-07,0.000062
4.7356498E-07,0.000063
4.7361498E-07,0.000063
4.7366498E-07,0.000064
4.7371498E-07,0.000064
4.7376498E-07,0.000063
4.7381498E-07,0.000061
4.7386498E-07,0.000058
4.7391498E-07,0.000055
4.7396498E-07,0.000050
4.7401498E-07,0.000045
4.7406498E-07,0.000039
4.7411498E-07,0.000033
4.7416498E-07,0.000026
4.7421498E-07,0.000019
4.7426498E-07,0.000012
4.7431498E-07,0.000006
4.7436498E-07,-0.000000
4.7441498E-07,-0.000006
4.7446498E-07,-0.000010
4.7451498E-07,-0.000015
4.7456498E-07,-0.000018
4.7461498E-07,-0.000021
4.7466498E-07,-0.000023
4.7471498E-07,-0.000025
4.7476498E-07,-0.000027
4.7481498E-07,-0.000028
4.7486498E-07,-0.000030
4.7491498E-07,-0.000032
4.7496498E-07,-0.000035
4.7501498E-07,-0.000038
4.7506498E-07,-0.000042
4.7511498E-07,-0.000047
4.7516498E-07,-0.000053
4.7521498E-07,-0.000060
4.7526498E-07,-0.000068
4.7531498E-07,-0.000076
4.7536498E-07,-0.000086
4.7541498E-07,-0.000097
4.7546498E-07,-0.000108
4.7551498E-07,-0.000120
4.7556498E-07,-0.000131
4.7561498E-07,-0.000143
4.7566498E-07,-0.000155
4.7571498E-07,-0.000167
4.7576498E-07,-0.000178
4.7581498E-07,-0.000188
4.7586498E-07,-0.000198
4.7591498E-07,-0.000207
4.7596498E-07,-0.000215
4.7601498E-07,-0.000222
4.7606498E-07,-0.000228
4.7611498E-07,-0.000234
4.7616498E-07,-0.000239
4.7621498E-07,-0.000243
4.7626498E-07,-0.000247
4.7631498E-07,-0.000250
4.7636498E-07,-0.000253
4.7641498E-07,-0.000256
4.7646498E-07,-0.000259
4.7651498E-07,-0.000262
4.7656498E-07,-0.000264
4.7661498E-07,-0.000267
4.7666498E-07,-0.000270
4.7671498E-07,-0.000272
4.7676498E-07,-0.000275
4.7681498E-07,-0.000276
4.7686498E-07,-0.000277
4.7691498E-07,-0.000278
4.7696498E-07,-0.000277
4.7701498E-07,-0.000275
4.7706498E-07,-0.000272
4.7711498E-07,-0.000268
4.7716498E-07,-0.000262
4.7721498E-07,-0.000254
4.7726498E-07,-0.000245
4.7731498E-07,-0.000235
4.7736498E-07,-0.000223
4.7741498E-07,-0.000211
4.7746498E-07,-0.000198
4.7751498E-07,-0.000184
4.7756498E-07,-0.000171
4.7761498E-07,-0.000157
4.7766498E-07,-0.000145
4.7771498E-07,-0.000134
4.7776498E-07,-0.000124
4.7781498E-07,-0.000115
4.7786498E-07,-0.000109
4.7791498E-07,-0.000104
4.7796498E-07,-0.000101
4.7801498E-07,-0.000101
4.7806498E-07,-0.000102
4.7811498E-07,-0.000105
4.7816498E-07,-0.000109
4.7821498E-07,-0.000113
4.7826498E-07,-0.000119
4.7831498E-07,-0.000124
4.7836498E-07,-0.000130
4.7841498E-07,-0.000135
4.7846498E-07,-0.000138
4.7851498E-07,-0.000141
4.7856498E-07,-0.000142
4.7861498E-07,-0.000141
4.7866498E-07,-0.000139
4.7871498E-07,-0.000135
4.7876498E-07,-0.000130
4.7881498E-07,-0.000123
4.7886498E-07,-0.000115
4.7891498E-07,-0.000106
4.7896498E-07,-0.000097
4.7901498E-07,-0.000088
4.7906498E-07,-0.000079
4.7911498E-07,-0.000071
4.7916498E-07,-0.000063
4.7921498E-07,-0.000056
4.7926498E-07,-0.000051
4.7931498E-07,-0.000046
4.7936498E-07,-0.000043
4.7941498E-07,-0.000041
4.7946498E-07,-0.000039
4.7951498E-07,-0.000038
4.7956498E-07,-0.000038
4.7961498E-07,-0.000038
4.7966498E-07,-0.000037
4.7971498E-07,-0.000036
4.7976498E-07,-0.000034
4.7981498E-07,-0.000032
4.7986498E-07,-0.000028
4.7991498E-07,-0.000023
4.7996498E-07,-0.000017
4.8001498E-07,-0.000010
4.8006498E-07,-0.000002
4.8011498E-07,0.000006
4.8016498E-07,0.000016
4.8021498E-07,0.000025
4.8026498E-07,0.000034
4.8031498E-07,0.000044
4.8036498E-07,0.000052
4.8041498E-07,0.000060
4.8046498E-07,0.000067
4.8051498E-07,0.000073
4.8056498E-07,0.000078
4.8061498E-07,0.000082
4.8066498E-07,0.000085
4.8071498E-07,0.000088
4.8076498E-07,0.000090
4.8081498E-07,0.000092
4.8086498E-07,0.000094
4.8091498E-07,0.000096
4.8096498E-07,0.000098
4.8101498E-07,0.000101
4.8106498E-07,0.000105
4.8111498E-07,0.000109
4.8116498E-07,0.000114
4.8121498E-07,0.000120
4.8126498E-07,0.000126
4.8131498E-07,0.000132
4.8136498E-07,0.000137
4.8141498E-07,0.000143
4.8146498E-07,0.000147
4.8151498E-07,0.000150
4.8156498E-07,0.000152
4.8161498E-07,0.000152
4.8166498E-07,0.000150
4.8171498E-07,0.000146
4.8176498E-07,0.000140
4.8181498E-07,0.000132
4.8186498E-07,0.000122
4.8191498E-07,0.000110
4.8196498E-07,0.000097
4.8201498E-07,0.000083
4.8206498E-07,0.000068
4.8211498E-07,0.000053
4.8216498E-07,0.000039
4.8221498E-07,0.000024
4.8226498E-07,0.000011
4.8231498E-07,-0.000001
4.8236498E-07,-0.000012
4.8241498E-07,-0.000021
4.8246498E-07,-0.000028
4.8251498E-07,-0.000034
4.8256498E-07,-0.000038
4.8261498E-07,-0.000041
4.8266498E-07,-0.000043
4.8271498E-07,-0.000043
4.8276498E-07,-0.000043
4.8281498E-07,-0.000043
4.8286498E-07,-0.000043
4.8291498E-07,-0.000043
4.8296498E-07,-0.000044
4.8301498E-07,-0.000046
4.8306498E-07,-0.000049
4.8311498E-07,-0.000053
4.8316498E-07,-0.000058
4.8321498E-07,-0.000065
4.8326498E-07,-0.000073
4.8331498E-07,-0.000082
4.8336498E-07,-0.000092
4.8341498E-07,-0.000102
4.8346498E-07,-0.000113
4.8351498E-07,-0.000124
4.8356498E-07,-0.000135
4.8361498E-07,-0.000146
4.8366498E-07,-0.000156
4.8371498E-07,-0.000165
4.8376498E-07,-0.000174
4.8381498E-07,-0.000181
4.8386498E-07,-0.000187
4.8391498E-07,-0.000192
4.8396498E-07,-0.000196
4.8401498E-07,-0.000198
4.8406498E-07,-0.000200
4.8411498E-07,-0.000201
4.8416498E-07,-0.000202
4.8421498E-07,-0.000202
4.8426498E-07,-0.000202
4.8431498E-07,-0.000202
4.8436498E-07,-0.000203
4.8441498E-07,-0.000204
4.8446498E-07,-0.000206
4.8451498E-07,-0.000209
4.8456498E-07,-0.000214
4.8461498E-07,-0.000219
4.8466498E-07,-0.000226
4.8471498E-07,-0.000233
4.8476498E-07,-0.000242
4.8481498E-07,-0.000251
4.8486498E-07,-0.000261
4.8491498E-07,-0.000271
4.8496498E-07,-0.000281
4.8501498E-07,-0.000290
4.8506498E-07,-0.000299
4.8511498E-07,-0.000306
4.8516498E-07,-0.000312
4.8521498E-07,-0.000317
4.8526498E-07,-0.000319
4.8531498E-07,-0.000319
4.8536498E-07,-0.000318
4.8541498E-07,-0.000314
4.8546498E-07,-0.000308
4.8551498E-07,-0.000301
4.8556498E-07,-0.000292
4.8561498E-07,-0.000281
4.8566498E-07,-0.000270
4.8571498E-07,-0.000258
4.8576498E-07,-0.000246
4.8581498E-07,-0.000234
4.8586498E-07,-0.000222
4.8591498E-07,-0.000212
4.8596498E-07,-0.000202
4.8601498E-07,-0.000193
4.8606498E-07,-0.000186
4.8611498E-07,-0.000180
4.8616498E-07,-0.000175
4.8621498E-07,-0.000171
4.8626498E-07,-0.000168
4.8631498E-07,-0.000166
4.8636498E-07,-0.000165
4.8641498E-07,-0.000163
4.8646498E-07,-0.000162
4.8651498E-07,-0.000160
4.8656498E-07,-0.000157
4.8661498E-07,-0.000155
4.8666498E-07,-0.000151
4.8671498E-07,-0.000147
4.8676498E-07,-0.000142
4.8681498E-07,-0.000136
4.8686498E-07,-0.000130
4.8691498E-07,-0.000124
4.8696498E-07,-0.000118
4.8701498E-07,-0.000112
4.8706498E-07,-0.000106
4.8711498E-07,-0.000101
4.8716498E-07,-0.000096
4.8721498E-07,-0.000092
4.8726498E-07,-0.000089
4.8731498E-07,-0.000086
4.8736498E-07,-0.000083
4.8741498E-07,-0.000081
4.8746498E-07,-0.000079
4.8751498E-07,-0.000077
4.8756498E-07,-0.000074
4.8761498E-07,-0.000070
4.8766498E-07,-0.000065
4.8771498E-07,-0.000059
4.8776498E-07,-0.000052
4.8781498E-07,-0.000043
4.8786498E-07,-0.000032
4.8791498E-07,-0.000021
4.8796498E-07,-0.000008
4.8801498E-07,0.000005
4.8806498E-07,0.000019
4.8811498E-07,0.000033
4.8816498E-07,0.000047
4.8821498E-07,0.000060
4.8826498E-07,0.000071
4.8831498E-07,0.000080
4.8836498E-07,0.000088
4.8841498E-07,0.000093
4.8846498E-07,0.000095
4.8851498E-07,0.000094
4.8856498E-07,0.000090
4.8861498E-07,0.000084
4.8866498E-07,0.000075
4.8871498E-07,0.000064
4.8876498E-07,0.000051
4.8881498E-07,0.000037
4.8886498E-07,0.000022
4.8891498E-07,0.000006
4.8896498E-07,-0.000009
4.8901498E-07,-0.000024
4.8906498E-07,-0.000038
4.8911498E-07,-0.000050
4.8916498E-07,-0.000062
4.8921498E-07,-0.000071
4.8926498E-07,-0.000079
4.8931498E-07,-0.000085
4.8936498E-07,-0.000090
4.8941498E-07,-0.000093
4.8946498E-07,-0.000095
4.8951498E-07,-0.000096
4.8956498E-07,-0.000097
4.8961498E-07,-0.000098
4.8966498E-07,-0.000098
4.8971498E-07,-0.000099
4.8976498E-07,-0.000100
4.8981498E-07,-0.000101
4.8986498E-07,-0.000103
4.8991498E-07,-0.000104
4.8996498E-07,-0.000106
4.9001498E-07,-0.000108
4.9006498E-07,-0.000109
4.9011498E-07,-0.000110
4.9016498E-07,-0.000110
4.9021498E-07,-0.000108
4.9026498E-07,-0.000105
4.9031498E-07,-0.000101
4.9036498E-07,-0.000094
4.9041498E-07,-0.000086
4.9046498E-07,-0.000076
4.9051498E-07,-0.000065
4.9056498E-07,-0.000051
4.9061498E-07,-0.000037
4.9066498E-07,-0.000021
4.9071498E-07,-0.000005
4.9076498E-07,0.000011
4.9081498E-07,0.000027
4.9086498E-07,0.000042
4.9091498E-07,0.000057
4.9096498E-07,0.000070
4.9101498E-07,0.000081
4.9106498E-07,0.000090
4.9111498E-07,0.000097
4.9116498E-07,0.000102
4.9121498E-07,0.000104
4.9126498E-07,0.000104
4.9131498E-07,0.000102
4.9136498E-07,0.000098
4.9141498E-07,0.000091
4.9146498E-07,0.000084
4.9151498E-07,0.000074
4.9156498E-07,0.000064
4.9161498E-07,0.000054
4.9166498E-07,0.000043
4.9171498E-07,0.000031
4.9176498E-07,0.000021
4.9181498E-07,0.000010
4.9186498E-07,-0.000000
4.9191498E-07,-0.000009
4.9196498E-07,-0.000017
4.9201498E-07,-0.000025
4.9206498E-07,-0.000032
4.9211498E-07,-0.000039
4.9216498E-07,-0.000045
4.9221498E-07,-0.000051
4.9226498E-07,-0.000057
4.9231498E-07,-0.000063
4.9236498E-07,-0.000069
4.9241498E-07,-0.000076
4.9246498E-07,-0.000084
4.9251498E-07,-0.000093
4.9256498E-07,-0.000102
4.9261498E-07,-0.000113
4.9266498E-07,-0.000124
4.9271498E-07,-0.000136
4.9276498E-07,-0.000149
4.9281498E-07,-0.000162
4.9286498E-07,-0.000175
4.9291498E-07,-0.000188
4.9296498E-07,-0.000201
4.9301498E-07,-0.000213
4.9306498E-07,-0.000224
4.9311498E-07,-0.000234
4.9316498E-07,-0.000243
4.9321498E-07,-0.000250
4.9326498E-07,-0.000255
4.9331498E-07,-0.000259
4.9336498E-07,-0.000261
4.9341498E-07,-0.000262
4.9346498E-07,-0.000261
4.9351498E-07,-0.000260
4.9356498E-07,-0.000258
4.9361498E-07,-0.000256
4.9366498E-07,-0.000254
4.9371498E-07,-0.000252
4.9376498E-07,-0.000252
4.9381498E-07,-0.000253
4.9386498E-07,-0.000256
4.9391498E-07,-0.000261
4.9396498E-07,-0.000269
4.9401498E-07,-0.000279
4.9406498E-07,-0.000291
4.9411498E-07,-0.000306
4.9416498E-07,-0.000323
4.9421498E-07,-0.000342
4.9426498E-07,-0.000364
4.9431498E-07,-0.000387
4.9436498E-07,-0.000411
4.9441498E-07,-0.000437
4.9446498E-07,-0.000463
4.9451498E-07,-0.000490
4.9456498E-07,-0.000518
4.9461498E-07,-0.000546
4.9466498E-07,-0.000574
4.9471498E-07,-0.000603
4.9476498E-07,-0.000632
4.9481498E-07,-0.000663
4.9486498E-07,-0.000694
4.9491498E-07,-0.000726
4.9496498E-07,-0.000760
4.9501498E-07,-0.000796
4.9506498E-07,-0.000834
4.9511498E-07,-0.000875
4.9516498E-07,-0.000917
4.9521498E-07,-0.000963
4.9526498E-07,-0.001011
4.9531498E-07,-0.001060
4.9536498E-07,-0.001112
4.9541498E-07,-0.001166
4.9546498E-07,-0.001220
4.9551498E-07,-0.001275
4.9556498E-07,-0.001330
4.9561498E-07,-0.001384
4.9566498E-07,-0.001437
4.9571498E-07,-0.001487
4.9576498E-07,-0.001536
4.9581498E-07,-0.001582
4.9586498E-07,-0.001624
4.9591498E-07,-0.001664
4.9596498E-07,-0.001700
4.9601498E-07,-0.001734
4.9606498E-07,-0.001765
4.9611498E-07,-0.001793
4.9616498E-07,-0.001820
4.9621498E-07,-0.001845
4.9626498E-07,-0.001869
4.9631498E-07,-0.001894
4.9636498E-07,-0.001918
4.9641498E-07,-0.001944
4.9646498E-07,-0.001970
4.9651498E-07,-0.001998
4.9656498E-07,-0.002027
4.9661498E-07,-0.002058
4.9666498E-07,-0.002090
4.9671498E-07,-0.002123
4.9676498E-07,-0.002157
4.9681498E-07,-0.002190
4.9686498E-07,-0.002223
4.9691498E-07,-0.002255
4.9696498E-07,-0.002284
4.9701498E-07,-0.002312
4.9706498E-07,-0.002336
4.9711498E-07,-0.002356
4.9716498E-07,-0.002373
4.9721498E-07,-0.002386
4.9726498E-07,-0.002394
4.9731498E-07,-0.002399
4.9736498E-07,-0.002400
4.9741498E-07,-0.002397
4.9746498E-07,-0.002391
4.9751498E-07,-0.002383
4.9756498E-07,-0.002372
4.9761498E-07,-0.002361
4.9766498E-07,-0.002348
4.9771498E-07,-0.002335
4.9776498E-07,-0.002323
4.9781498E-07,-0.002311
4.9786498E-07,-0.002300
4.9791498E-07,-0.002290
4.9796498E-07,-0.002281
4.9801498E-07,-0.002273
4.9806498E-07,-0.002266
4.9811498E-07,-0.002260
4.9816498E-07,-0.002254
4.9821498E-07,-0.002248
4.9826498E-07,-0.002242
4.9831498E-07,-0.002234
4.9836498E-07,-0.002225
4.9841498E-07,-0.002215
4.9846498E-07,-0.002202
4.9851498E-07,-0.002188
4.9856498E-07,-0.002171
4.9861498E-07,-0.002153
4.9866498E-07,-0.002132
4.9871498E-07,-0.002109
4.9876498E-07,-0.002086
4.9881498E-07,-0.002061
4.9886498E-07,-0.002036
4.9891498E-07,-0.002010
4.9896498E-07,-0.001986
4.9901498E-07,-0.001962
4.9906498E-07,-0.001939
4.9911498E-07,-0.001919
4.9916498E-07,-0.001900
4.9921498E-07,-0.001884
4.9926498E-07,-0.001871
4.9931498E-07,-0.001860
4.9936498E-07,-0.001851
4.9941498E-07,-0.001844
4.9946498E-07,-0.001840
4.9951498E-07,-0.001837
4.9956498E-07,-0.001835
4.9961498E-07,-0.001834
4.9966498E-07,-0.001833
4.9971498E-07,-0.001831
4.9976498E-07,-0.001828
4.9981498E-07,-0.001825
4.9986498E-07,-0.001819
4.9991498E-07,-0.001811
4.9996498E-07,-0.001801
5.0001498E-07,-0.001789
5.0006498E-07,-0.001774
5.0011498E-07,-0.001758
5.0016498E-07,-0.001739
5.0021498E-07,-0.001718
5.0026498E-07,-0.001696
5.0031498E-07,-0.001673
5.0036498E-07,-0.001649
5.0041498E-07,-0.001626
5.0046498E-07,-0.001603
5.0051498E-07,-0.001581
5.0056498E-07,-0.001561
5.0061498E-07,-0.001542
5.0066498E-07,-0.001525
5.0071498E-07,-0.001510
5.0076498E-07,-0.001497
5.0081498E-07,-0.001487
5.0086498E-07,-0.001478
5.0091498E-07,-0.001471
5.0096498E-07,-0.001465
5.0101498E-07,-0.001460
5.0106498E-07,-0.001456
5.0111498E-07,-0.001452
5.0116498E-07,-0.001447
5.0121498E-07,-0.001442
5.0126498E-07,-0.001436
5.0131498E-07,-0.001428
5.0136498E-07,-0.001420
5.0141498E-07,-0.001409
5.0146498E-07,-0.001397
5.0151498E-07,-0.001384
5.0156498E-07,-0.001370
5.0161498E-07,-0.001355
5.0166498E-07,-0.001339
5.0171498E-07,-0.001324
5.0176498E-07,-0.001308
5.0181498E-07,-0.001294
5.0186498E-07,-0.001280
5.0191498E-07,-0.001268
5.0196498E-07,-0.001257
5.0201498E-07,-0.001248
5.0206498E-07,-0.001241
5.0211498E-07,-0.001235
5.0216498E-07,-0.001230
5.0221498E-07,-0.001227
5.0226498E-07,-0.001223
5.0231498E-07,-0.001220
5.0236498E-07,-0.001217
5.0241498E-07,-0.001213
5.0246498E-07,-0.001208
5.0251498E-07,-0.001200
5.0256498E-07,-0.001191
5.0261498E-07,-0.001180
5.0266498E-07,-0.001166
5.0271498E-07,-0.001150
5.0276498E-07,-0.001131
5.0281498E-07,-0.001111
5.0286498E-07,-0.001089
5.0291498E-07,-0.001066
5.0296498E-07,-0.001042
5.0301498E-07,-0.001018
5.0306498E-07,-0.000994
5.0311498E-07,-0.000972
5.0316498E-07,-0.000951
5.0321498E-07,-0.000932
5.0326498E-07,-0.000916
5.0331498E-07,-0.000902
5.0336498E-07,-0.000890
5.0341498E-07,-0.000881
5.0346498E-07,-0.000875
5.0351498E-07,-0.000871
5.0356498E-07,-0.000868
5.0361498E-07,-0.000867
5.0366498E-07,-0.000866
5.0371498E-07,-0.000866
5.0376498E-07,-0.000865
5.0381498E-07,-0.000863
5.0386498E-07,-0.000859
5.0391498E-07,-0.000854
5.0396498E-07,-0.000847
5.0401498E-07,-0.000838
5.0406498E-07,-0.000827
5.0411498E-07,-0.000813
5.0416498E-07,-0.000799
5.0421498E-07,-0.000782
5.0426498E-07,-0.000765
5.0431498E-07,-0.000748
5.0436498E-07,-0.000730
5.0441498E-07,-0.000713
5.0446498E-07,-0.000698
5.0451498E-07,-0.000683
5.0456498E-07,-0.000671
5.0461498E-07,-0.000660
5.0466498E-07,-0.000651
5.0471498E-07,-0.000644
5.0476498E-07,-0.000640
5.0481498E-07,-0.000636
5.0486498E-07,-0.000634
5.0491498E-07,-0.000633
5.0496498E-07,-0.000632
5.0501498E-07,-0.000632
5.0506498E-07,-0.000630
5.0511498E-07,-0.000628
5.0516498E-07,-0.000625
5.0521498E-07,-0.000620
5.0526498E-07,-0.000614
5.0531498E-07,-0.000606
5.0536498E-07,-0.000596
5.0541498E-07,-0.000586
5.0546498E-07,-0.000574
5.0551498E-07,-0.000562
5.0556498E-07,-0.000550
5.0561498E-07,-0.000539
5.0566498E-07,-0.000528
5.0571498E-07,-0.000519
5.0576498E-07,-0.000511
5.0581498E-07,-0.000506
5.0586498E-07,-0.000503
5.0591498E-07,-0.000503
5.0596498E-07,-0.000506
5.0601498E-07,-0.000511
5.0606498E-07,-0.000518
5.0611498E-07,-0.000528
5.0616498E-07,-0.000539
5.0621498E-07,-0.000551
5.0626498E-07,-0.000565
5.0631498E-07,-0.000578
5.0636498E-07,-0.000590
5.0641498E-07,-0.000602
5.0646498E-07,-0.000613
5.0651498E-07,-0.000621
5.0656498E-07,-0.000628
5.0661498E-07,-0.000632
5.0666498E-07,-0.000635
5.0671498E-07,-0.000635
5.0676498E-07,-0.000633
5.0681498E-07,-0.000630
5.0686498E-07,-0.000625
5.0691498E-07,-0.000619
5.0696498E-07,-0.000614
5.0701498E-07,-0.000608
5.0706498E-07,-0.000603
5.0711498E-07,-0.000600
5.0716498E-07,-0.000599
5.0721498E-07,-0.000599
5.0726498E-07,-0.000602
5.0731498E-07,-0.000608
5.0736498E-07,-0.000617
5.0741498E-07,-0.000628
5.0746498E-07,-0.000643
5.0751498E-07,-0.000659
5.0756498E-07,-0.000678
5.0761498E-07,-0.000699
5.0766498E-07,-0.000721
5.0771498E-07,-0.000743
5.0776498E-07,-0.000766
5.0781498E-07,-0.000789
5.0786498E-07,-0.000811
5.0791498E-07,-0.000832
5.0796498E-07,-0.000851
5.0801498E-07,-0.000869
5.0806498E-07,-0.000884
5.0811498E-07,-0.000897
5.0816498E-07,-0.000908
5.0821498E-07,-0.000916
5.0826498E-07,-0.000922
5.0831498E-07,-0.000925
5.0836498E-07,-0.000927
5.0841498E-07,-0.000927
5.0846498E-07,-0.000926
5.0851498E-07,-0.000924
5.0856498E-07,-0.000921
5.0861498E-07,-0.000917
5.0866498E-07,-0.000913
5.0871498E-07,-0.000908
5.0876498E-07,-0.000903
5.0881498E-07,-0.000898
5.0886498E-07,-0.000893
5.0891498E-07,-0.000887
5.0896498E-07,-0.000880
5.0901498E-07,-0.000873
5.0906498E-07,-0.000864
5.0911498E-07,-0.000854
5.0916498E-07,-0.000842
5.0921498E-07,-0.000829
5.0926498E-07,-0.000813
5.0931498E-07,-0.000795
5.0936498E-07,-0.000776
5.0941498E-07,-0.000754
5.0946498E-07,-0.000730
5.0951498E-07,-0.000705
5.0956498E-07,-0.000680
5.0961498E-07,-0.000653
5.0966498E-07,-0.000627
5.0971498E-07,-0.000601
5.0976498E-07,-0.000576
5.0981498E-07,-0.000553
5.0986498E-07,-0.000533
5.0991498E-07,-0.000515
5.0996498E-07,-0.000500
5.1001498E-07,-0.000488
5.1006498E-07,-0.000480
5.1011498E-07,-0.000474
5.1016498E-07,-0.000472
5.1021498E-07,-0.000473
5.1026498E-07,-0.000476
5.1031498E-07,-0.000481
5.1036498E-07,-0.000487
5.1041498E-07,-0.000494
5.1046498E-07,-0.000500
5.1051498E-07,-0.000505
5.1056498E-07,-0.000510
5.1061498E-07,-0.000512
5.1066498E-07,-0.000512
5.1071498E-07,-0.000510
5.1076498E-07,-0.000506
5.1081498E-07,-0.000499
5.1086498E-07,-0.000490
5.1091498E-07,-0.000480
5.1096498E-07,-0.000468
5.1101498E-07,-0.000455
5.1106498E-07,-0.000442
5.1111498E-07,-0.000430
5.1116498E-07,-0.000419
5.1121498E-07,-0.000409
5.1126498E-07,-0.000401
5.1131498E-07,-0.000396
5.1136498E-07,-0.000393
5.1141498E-07,-0.000393
5.1146498E-07,-0.000395
5.1151498E-07,-0.000399
5.1156498E-07,-0.000406
5.1161498E-07,-0.000414
5.1166498E-07,-0.000422
5.1171498E-07,-0.000432
5.1176498E-07,-0.000441
5.1181498E-07,-0.000449
5.1186498E-07,-0.000457
5.1191498E-07,-0.000463
5.1196498E-07,-0.000467
5.1201498E-07,-0.000469
5.1206498E-07,-0.000470
5.1211498E-07,-0.000469
5.1216498E-07,-0.000467
5.1221498E-07,-0.000464
5.1226498E-07,-0.000460
5.1231498E-07,-0.000456
5.1236498E-07,-0.000453
5.1241498E-07,-0.000450
5.1246498E-07,-0.000450
5.1251498E-07,-0.000451
5.1256498E-07,-0.000454
5.1261498E-07,-0.000459
5.1266498E-07,-0.000466
5.1271498E-07,-0.000476
5.1276498E-07,-0.000487
5.1281498E-07,-0.000500
5.1286498E-07,-0.000514
5.1291498E-07,-0.000528
5.1296498E-07,-0.000542
5.1301498E-07,-0.000556
5.1306498E-07,-0.000567
5.1311498E-07,-0.000577
5.1316498E-07,-0.000585
5.1321498E-07,-0.000589
5.1326498E-07,-0.000591
5.1331498E-07,-0.000590
5.1336498E-07,-0.000585
5.1341498E-07,-0.000578
5.1346498E-07,-0.000568
5.1351498E-07,-0.000556
5.1356498E-07,-0.000543
5.1361498E-07,-0.000529
5.1366498E-07,-0.000514
5.1371498E-07,-0.000500
5.1376498E-07,-0.000486
5.1381498E-07,-0.000473
5.1386498E-07,-0.000463
5.1391498E-07,-0.000454
5.1396498E-07,-0.000447
5.1401498E-07,-0.000442
5.1406498E-07,-0.000440
5.1411498E-07,-0.000439
5.1416498E-07,-0.000439
5.1421498E-07,-0.000441
5.1426498E-07,-0.000443
5.1431498E-07,-0.000446
5.1436498E-07,-0.000448
5.1441498E-07,-0.000448
5.1446498E-07,-0.000448
5.1451498E-07,-0.000445
5.1456498E-07,-0.000441
5.1461498E-07,-0.000434
5.1466498E-07,-0.000425
5.1471498E-07,-0.000413
5.1476498E-07,-0.000399
5.1481498E-07,-0.000383
5.1486498E-07,-0.000365
5.1491498E-07,-0.000346
5.1496498E-07,-0.000327
5.1501498E-07,-0.000308
5.1506498E-07,-0.000288
5.1511498E-07,-0.000270
5.1516498E-07,-0.000254
5.1521498E-07,-0.000239
5.1526498E-07,-0.000227
5.1531498E-07,-0.000216
5.1536498E-07,-0.000209
5.1541498E-07,-0.000204
5.1546498E-07,-0.000202
5.1551498E-07,-0.000201
5.1556498E-07,-0.000203
5.1561498E-07,-0.000206
5.1566498E-07,-0.000211
5.1571498E-07,-0.000216
5.1576498E-07,-0.000221
5.1581498E-07,-0.000226
5.1586498E-07,-0.000230
5.1591498E-07,-0.000233
5.1596498E-07,-0.000235
5.1601498E-07,-0.000235
5.1606498E-07,-0.000233
5.1611498E-07,-0.000229
5.1616498E-07,-0.000224
5.1621498E-07,-0.000217
5.1626498E-07,-0.000209
5.1631498E-07,-0.000201
5.1636498E-07,-0.000192
5.1641498E-07,-0.000183
5.1646498E-07,-0.000175
5.1651498E-07,-0.000168
5.1656498E-07,-0.000163
5.1661498E-07,-0.000159
5.1666498E-07,-0.000158
5.1671498E-07,-0.000159
5.1676498E-07,-0.000162
5.1681498E-07,-0.000168
5.1686498E-07,-0.000175
5.1691498E-07,-0.000185
5.1696498E-07,-0.000196
5.1701498E-07,-0.000208
5.1706498E-07,-0.000220
5.1711498E-07,-0.000232
5.1716498E-07,-0.000244
5.1721498E-07,-0.000254
5.1726498E-07,-0.000263
5.1731498E-07,-0.000270
5.1736498E-07,-0.000275
5.1741498E-07,-0.000277
5.1746498E-07,-0.000277
5.1751498E-07,-0.000276
5.1756498E-07,-0.000272
5.1761498E-07,-0.000267
5.1766498E-07,-0.000261
5.1771498E-07,-0.000254
5.1776498E-07,-0.000248
5.1781498E-07,-0.000242
5.1786498E-07,-0.000237
5.1791498E-07,-0.000234
5.1796498E-07,-0.000233
5.1801498E-07,-0.000233
5.1806498E-07,-0.000237
5.1811498E-07,-0.000242
5.1816498E-07,-0.000249
5.1821498E-07,-0.000258
5.1826498E-07,-0.000268
5.1831498E-07,-0.000278
5.1836498E-07,-0.000289
5.1841498E-07,-0.000299
5.1846498E-07,-0.000308
5.1851498E-07,-0.000314
5.1856498E-07,-0.000319
5.1861498E-07,-0.000320
5.1866498E-07,-0.000319
5.1871498E-07,-0.000314
5.1876498E-07,-0.000306
5.1881498E-07,-0.000296
5.1886498E-07,-0.000283
5.1891498E-07,-0.000268
5.1896498E-07,-0.000253
5.1901498E-07,-0.000236
5.1906498E-07,-0.000220
5.1911498E-07,-0.000206
5.1916498E-07,-0.000193
5.1921498E-07,-0.000183
5.1926498E-07,-0.000176
5.1931498E-07,-0.000172
5.1936498E-07,-0.000172
5.1941498E-07,-0.000176
5.1946498E-07,-0.000183
5.1951498E-07,-0.000194
5.1956498E-07,-0.000207
5.1961498E-07,-0.000223
5.1966498E-07,-0.000240
5.1971498E-07,-0.000257
5.1976498E-07,-0.000274
5.1981498E-07,-0.000290
5.1986498E-07,-0.000304
5.1991498E-07,-0.000316
5.1996498E-07,-0.000325
5.2001498E-07,-0.000330
5.2006498E-07,-0.000332
5.2011498E-07,-0.000330
5.2016498E-07,-0.000325
5.2021498E-07,-0.000316
5.2026498E-07,-0.000305
5.2031498E-07,-0.000292
5.2036498E-07,-0.000278
5.2041498E-07,-0.000263
5.2046498E-07,-0.000249
5.2051498E-07,-0.000235
5.2056498E-07,-0.000222
5.2061498E-07,-0.000211
5.2066498E-07,-0.000202
5.2071498E-07,-0.000195
5.2076498E-07,-0.000190
5.2081498E-07,-0.000188
5.2086498E-07,-0.000187
5.2091498E-07,-0.000188
5.2096498E-07,-0.000190
5.2101498E-07,-0.000192
5.2106498E-07,-0.000194
5.2111498E-07,-0.000195
5.2116498E-07,-0.000194
5.2121498E-07,-0.000191
5.2126498E-07,-0.000186
5.2131498E-07,-0.000178
5.2136498E-07,-0.000168
5.2141498E-07,-0.000155
5.2146498E-07,-0.000139
5.2151498E-07,-0.000120
5.2156498E-07,-0.000100
5.2161498E-07,-0.000079
5.2166498E-07,-0.000057
5.2171498E-07,-0.000035
5.2176498E-07,-0.000013
5.2181498E-07,0.000006
5.2186498E-07,0.000024
5.2191498E-07,0.000039
5.2196498E-07,0.000052
5.2201498E-07,0.000060
5.2206498E-07,0.000066
5.2211498E-07,0.000067
5.2216498E-07,0.000065
5.2221498E-07,0.000060
5.2226498E-07,0.000052
5.2231498E-07,0.000041
5.2236498E-07,0.000029
5.2241498E-07,0.000015
5.2246498E-07,0.000001
5.2251498E-07,-0.000013
5.2256498E-07,-0.000027
5.2261498E-07,-0.000040
5.2266498E-07,-0.000052
5.2271498E-07,-0.000062
5.2276498E-07,-0.000069
5.2281498E-07,-0.000075
5.2286498E-07,-0.000079
5.2291498E-07,-0.000081
5.2296498E-07,-0.000081
5.2301498E-07,-0.000080
5.2306498E-07,-0.000079
5.2311498E-07,-0.000077
5.2316498E-07,-0.000075
5.2321498E-07,-0.000073
5.2326498E-07,-0.000072
5.2331498E-07,-0.000073
5.2336498E-07,-0.000075
5.2341498E-07,-0.000079
5.2346498E-07,-0.000084
5.2351498E-07,-0.000092
5.2356498E-07,-0.000101
5.2361498E-07,-0.000111
5.2366498E-07,-0.000122
5.2371498E-07,-0.000135
5.2376498E-07,-0.000147
5.2381498E-07,-0.000159
5.2386498E-07,-0.000170
5.2391498E-07,-0.000181
5.2396498E-07,-0.000189
5.2401498E-07,-0.000196
5.2406498E-07,-0.000201
5.2411498E-07,-0.000204
5.2416498E-07,-0.000204
5.2421498E-07,-0.000202
5.2426498E-07,-0.000199
5.2431498E-07,-0.000194
5.2436498E-07,-0.000187
5.2441498E-07,-0.000180
5.2446498E-07,-0.000172
5.2451498E-07,-0.000165
5.2456498E-07,-0.000158
5.2461498E-07,-0.000153
5.2466498E-07,-0.000148
5.2471498E-07,-0.000146
5.2476498E-07,-0.000145
5.2481498E-07,-0.000147
5.2486498E-07,-0.000150
5.2491498E-07,-0.000155
5.2496498E-07,-0.000161
5.2501498E-07,-0.000168
5.2506498E-07,-0.000176
5.2511498E-07,-0.000184
5.2516498E-07,-0.000190
5.2521498E-07,-0.000196
5.2526498E-07,-0.000200
5.2531498E-07,-0.000203
5.2536498E-07,-0.000202
5.2541498E-07,-0.000199
5.2546498E-07,-0.000194
5.2551498E-07,-0.000186
5.2556498E-07,-0.000175
5.2561498E-07,-0.000163
5.2566498E-07,-0.000149
5.2571498E-07,-0.000134
5.2576498E-07,-0.000118
5.2581498E-07,-0.000103
5.2586498E-07,-0.000089
5.2591498E-07,-0.000075
5.2596498E-07,-0.000064
5.2601498E-07,-0.000055
5.2606498E-07,-0.000049
5.2611498E-07,-0.000045
5.2616498E-07,-0.000043
5.2621498E-07,-0.000044
5.2626498E-07,-0.000046
5.2631498E-07,-0.000050
5.2636498E-07,-0.000055
5.2641498E-07,-0.000060
5.2646498E-07,-0.000065
5.2651498E-07,-0.000069
5.2656498E-07,-0.000071
5.2661498E-07,-0.000071
5.2666498E-07,-0.000069
5.2671498E-07,-0.000064
5.2676498E-07,-0.000057
5.2681498E-07,-0.000047
5.2686498E-07,-0.000036
5.2691498E-07,-0.000023
5.2696498E-07,-0.000009
5.2701498E-07,0.000005
5.2706498E-07,0.000018
5.2711498E-07,0.000029
5.2716498E-07,0.000038
5.2721498E-07,0.000044
5.2726498E-07,0.000046
5.2731498E-07,0.000043
5.2736498E-07,0.000037
5.2741498E-07,0.000025
5.2746498E-07,0.000009
5.2751498E-07,-0.000010
5.2756498E-07,-0.000034
5.2761498E-07,-0.000060
5.2766498E-07,-0.000088
5.2771498E-07,-0.000118
5.2776498E-07,-0.000147
5.2781498E-07,-0.000176
5.2786498E-07,-0.000202
5.2791498E-07,-0.000226
5.2796498E-07,-0.000247
5.2801498E-07,-0.000264
5.2806498E-07,-0.000276
5.2811498E-07,-0.000284
5.2816498E-07,-0.000287
5.2821498E-07,-0.000287
5.2826498E-07,-0.000283
5.2831498E-07,-0.000276
5.2836498E-07,-0.000267
5.2841498E-07,-0.000256
5.2846498E-07,-0.000245
5.2851498E-07,-0.000234
5.2856498E-07,-0.000224
5.2861498E-07,-0.000216
5.2866498E-07,-0.000209
5.2871498E-07,-0.000206
5.2876498E-07,-0.000205
5.2881498E-07,-0.000207
5.2886498E-07,-0.000211
5.2891498E-07,-0.000218
5.2896498E-07,-0.000226
5.2901498E-07,-0.000236
5.2906498E-07,-0.000246
5.2911498E-07,-0.000255
5.2916498E-07,-0.000264
5.2921498E-07,-0.000272
5.2926498E-07,-0.000277
5.2931498E-07,-0.000280
5.2936498E-07,-0.000279
5.2941498E-07,-0.000276
5.2946498E-07,-0.000270
5.2951498E-07,-0.000261
5.2956498E-07,-0.000249
5.2961498E-07,-0.000235
5.2966498E-07,-0.000220
5.2971498E-07,-0.000204
5.2976498E-07,-0.000187
5.2981498E-07,-0.000171
5.2986498E-07,-0.000156
5.2991498E-07,-0.000142
5.2996498E-07,-0.000131
5.3001498E-07,-0.000122
5.3006498E-07,-0.000117
5.3011498E-07,-0.000114
5.3016498E-07,-0.000115
5.3021498E-07,-0.000118
5.3026498E-07,-0.000124
5.3031498E-07,-0.000133
5.3036498E-07,-0.000144
5.3041498E-07,-0.000155
5.3046498E-07,-0.000168
5.3051498E-07,-0.000181
5.3056498E-07,-0.000194
5.3061498E-07,-0.000206
5.3066498E-07,-0.000216
5.3071498E-07,-0.000226
5.3076498E-07,-0.000233
5.3081498E-07,-0.000239
5.3086498E-07,-0.000242
5.3091498E-07,-0.000244
5.3096498E-07,-0.000245
5.3101498E-07,-0.000244
5.3106498E-07,-0.000242
5.3111498E-07,-0.000240
5.3116498E-07,-0.000239
5.3121498E-07,-0.000237
5.3126498E-07,-0.000237
5.3131498E-07,-0.000238
5.3136498E-07,-0.000241
5.3141498E-07,-0.000245
5.3146498E-07,-0.000252
5.3151498E-07,-0.000260
5.3156498E-07,-0.000270
5.3161498E-07,-0.000282
5.3166498E-07,-0.000295
5.3171498E-07,-0.000309
5.3176498E-07,-0.000324
5.3181498E-07,-0.000338
5.3186498E-07,-0.000352
5.3191498E-07,-0.000364
5.3196498E-07,-0.000375
5.3201498E-07,-0.000383
5.3206498E-07,-0.000389
5.3211498E-07,-0.000393
5.3216498E-07,-0.000394
5.3221498E-07,-0.000392
5.3226498E-07,-0.000387
5.3231498E-07,-0.000380
5.3236498E-07,-0.000372
5.3241498E-07,-0.000362
5.3246498E-07,-0.000351
5.3251498E-07,-0.000340
5.3256498E-07,-0.000329
5.3261498E-07,-0.000319
5.3266498E-07,-0.000311
5.3271498E-07,-0.000304
5.3276498E-07,-0.000299
5.3281498E-07,-0.000297
5.3286498E-07,-0.000297
5.3291498E-07,-0.000300
5.3296498E-07,-0.000304
5.3301498E-07,-0.000309
5.3306498E-07,-0.000316
5.3311498E-07,-0.000322
5.3316498E-07,-0.000329
5.3321498E-07,-0.000334
5.3326498E-07,-0.000337
5.3331498E-07,-0.000338
5.3336498E-07,-0.000336
5.3341498E-07,-0.000331
5.3346498E-07,-0.000322
5.3351498E-07,-0.000309
5.3356498E-07,-0.000293
5.3361498E-07,-0.000274
5.3366498E-07,-0.000251
5.3371498E-07,-0.000227
5.3376498E-07,-0.000201
5.3381498E-07,-0.000174
5.3386498E-07,-0.000147
5.3391498E-07,-0.000122
5.3396498E-07,-0.000097
5.3401498E-07,-0.000076
5.3406498E-07,-0.000057
5.3411498E-07,-0.000041
5.3416498E-07,-0.000029
5.3421498E-07,-0.000021
5.3426498E-07,-0.000016
5.3431498E-07,-0.000015
5.3436498E-07,-0.000016
5.3441498E-07,-0.000020
5.3446498E-07,-0.000026
5.3451498E-07,-0.000032
5.3456498E-07,-0.000039
5.3461498E-07,-0.000046
5.3466498E-07,-0.000052
5.3471498E-07,-0.000056
5.3476498E-07,-0.000059
5.3481498E-07,-0.000059
5.3486498E-07,-0.000058
5.3491498E-07,-0.000055
5.3496498E-07,-0.000050
5.3501498E-07,-0.000045
5.3506498E-07,-0.000039
5.3511498E-07,-0.000033
5.3516498E-07,-0.000027
5.3521498E-07,-0.000024
5.3526498E-07,-0.000022
5.3531498E-07,-0.000023
5.3536498E-07,-0.000027
5.3541498E-07,-0.000034
5.3546498E-07,-0.000045
5.3551498E-07,-0.000058
5.3556498E-07,-0.000075
5.3561498E-07,-0.000093
5.3566498E-07,-0.000114
5.3571498E-07,-0.000135
5.3576498E-07,-0.000157
5.3581498E-07,-0.000178
5.3586498E-07,-0.000198
5.3591498E-07,-0.000216
5.3596498E-07,-0.000232
5.3601498E-07,-0.000244
5.3606498E-07,-0.000252
5.3611498E-07,-0.000257
5.3616498E-07,-0.000258
5.3621498E-07,-0.000256
5.3626498E-07,-0.000251
5.3631498E-07,-0.000243
5.3636498E-07,-0.000232
5.3641498E-07,-0.000221
5.3646498E-07,-0.000209
5.3651498E-07,-0.000197
5.3656498E-07,-0.000185
5.3661498E-07,-0.000175
5.3666498E-07,-0.000167
5.3671498E-07,-0.000162
5.3676498E-07,-0.000158
5.3681498E-07,-0.000158
5.3686498E-07,-0.000159
5.3691498E-07,-0.000163
5.3696498E-07,-0.000169
5.3701498E-07,-0.000176
5.3706498E-07,-0.000184
5.3711498E-07,-0.000192
5.3716498E-07,-0.000199
5.3721498E-07,-0.000206
5.3726498E-07,-0.000211
5.3731498E-07,-0.000214
5.3736498E-07,-0.000215
5.3741498E-07,-0.000214
5.3746498E-07,-0.000210
5.3751498E-07,-0.000205
5.3756498E-07,-0.000198
5.3761498E-07,-0.000189
5.3766498E-07,-0.000180
5.3771498E-07,-0.000170
5.3776498E-07,-0.000161
5.3781498E-07,-0.000153
5.3786498E-07,-0.000147
5.3791498E-07,-0.000143
5.3796498E-07,-0.000141
5.3801498E-07,-0.000142
5.3806498E-07,-0.000147
5.3811498E-07,-0.000155
5.3816498E-07,-0.000165
5.3821498E-07,-0.000179
5.3826498E-07,-0.000195
5.3831498E-07,-0.000213
5.3836498E-07,-0.000232
5.3841498E-07,-0.000253
5.3846498E-07,-0.000273
5.3851498E-07,-0.000292
5.3856498E-07,-0.000310
5.3861498E-07,-0.000327
5.3866498E-07,-0.000340
5.3871498E-07,-0.000351
5.3876498E-07,-0.000359
5.3881498E-07,-0.000364
5.3886498E-07,-0.000365
5.3891498E-07,-0.000363
5.3896498E-07,-0.000359
5.3901498E-07,-0.000351
5.3906498E-07,-0.000343
5.3911498E-07,-0.000332
5.3916498E-07,-0.000322
5.3921498E-07,-0.000311
5.3926498E-07,-0.000301
5.3931498E-07,-0.000292
5.3936498E-07,-0.000285
5.3941498E-07,-0.000280
5.3946498E-07,-0.000278
5.3951498E-07,-0.000279
5.3956498E-07,-0.000282
5.3961498E-07,-0.000288
5.3966498E-07,-0.000296
5.3971498E-07,-0.000306
5.3976498E-07,-0.000318
5.3981498E-07,-0.000330
5.3986498E-07,-0.000343
5.3991498E-07,-0.000355
5.3996498E-07,-0.000366
5.4001498E-07,-0.000375
5.4006498E-07,-0.000382
5.4011498E-07,-0.000387
5.4016498E-07,-0.000388
5.4021498E-07,-0.000387
5.4026498E-07,-0.000382
5.4031498E-07,-0.000375
5.4036498E-07,-0.000365
5.4041498E-07,-0.000353
5.4046498E-07,-0.000339
5.4051498E-07,-0.000324
5.4056498E-07,-0.000309
5.4061498E-07,-0.000294
5.4066498E-07,-0.000281
5.4071498E-07,-0.000268
5.4076498E-07,-0.000258
5.4081498E-07,-0.000251
5.4086498E-07,-0.000245
5.4091498E-07,-0.000243
5.4096498E-07,-0.000244
5.4101498E-07,-0.000247
5.4106498E-07,-0.000252
5.4111498E-07,-0.000258
5.4116498E-07,-0.000266
5.4121498E-07,-0.000274
5.4126498E-07,-0.000282
5.4131498E-07,-0.000289
5.4136498E-07,-0.000294
5.4141498E-07,-0.000298
5.4146498E-07,-0.000299
5.4151498E-07,-0.000298
5.4156498E-07,-0.000294
5.4161498E-07,-0.000288
5.4166498E-07,-0.000279
5.4171498E-07,-0.000269
5.4176498E-07,-0.000257
5.4181498E-07,-0.000245
5.4186498E-07,-0.000232
5.4191498E-07,-0.000220
5.4196498E-07,-0.000209
5.4201498E-07,-0.000200
5.4206498E-07,-0.000193
5.4211498E-07,-0.000189
5.4216498E-07,-0.000187
5.4221498E-07,-0.000189
5.4226498E-07,-0.000193
5.4231498E-07,-0.000200
5.4236498E-07,-0.000209
5.4241498E-07,-0.000219
5.4246498E-07,-0.000230
5.4251498E-07,-0.000241
5.4256498E-07,-0.000252
5.4261498E-07,-0.000260
5.4266498E-07,-0.000267
5.4271498E-07,-0.000271
5.4276498E-07,-0.000272
5.4281498E-07,-0.000270
5.4286498E-07,-0.000265
5.4291498E-07,-0.000256
5.4296498E-07,-0.000245
5.4301498E-07,-0.000231
5.4306498E-07,-0.000216
5.4311498E-07,-0.000199
5.4316498E-07,-0.000183
5.4321498E-07,-0.000167
5.4326498E-07,-0.000153
5.4331498E-07,-0.000141
5.4336498E-07,-0.000132
5.4341498E-07,-0.000125
5.4346498E-07,-0.000122
5.4351498E-07,-0.000123
5.4356498E-07,-0.000127
5.4361498E-07,-0.000133
5.4366498E-07,-0.000142
5.4371498E-07,-0.000153
5.4376498E-07,-0.000165
5.4381498E-07,-0.000177
5.4386498E-07,-0.000189
5.4391498E-07,-0.000199
5.4396498E-07,-0.000207
5.4401498E-07,-0.000212
5.4406498E-07,-0.000214
5.4411498E-07,-0.000212
5.4416498E-07,-0.000206
5.4421498E-07,-0.000197
5.4426498E-07,-0.000184
5.4431498E-07,-0.000168
5.4436498E-07,-0.000150
5.4441498E-07,-0.000130
5.4446498E-07,-0.000110
5.4451498E-07,-0.000089
5.4456498E-07,-0.000069
5.4461498E-07,-0.000051
5.4466498E-07,-0.000034
5.4471498E-07,-0.000020
5.4476498E-07,-0.000010
5.4481498E-07,-0.000002
5.4486498E-07,0.000002
5.4491498E-07,0.000003
5.4496498E-07,0.000001
5.4501498E-07,-0.000003
5.4506498E-07,-0.000009
5.4511498E-07,-0.000017
5.4516498E-07,-0.000026
5.4521498E-07,-0.000034
5.4526498E-07,-0.000042
5.4531498E-07,-0.000049
5.4536498E-07,-0.000055
5.4541498E-07,-0.000058
5.4546498E-07,-0.000060
5.4551498E-07,-0.000060
5.4556498E-07,-0.000058
5.4561498E-07,-0.000055
5.4566498E-07,-0.000050
5.4571498E-07,-0.000045
5.4576498E-07,-0.000040
5.4581498E-07,-0.000035
5.4586498E-07,-0.000032
5.4591498E-07,-0.000029
5.4596498E-07,-0.000029
5.4601498E-07,-0.000032
5.4606498E-07,-0.000037
5.4611498E-07,-0.000045
5.4616498E-07,-0.000055
5.4621498E-07,-0.000069
5.4626498E-07,-0.000084
5.4631498E-07,-0.000101
5.4636498E-07,-0.000120
5.4641498E-07,-0.000139
5.4646498E-07,-0.000158
5.4651498E-07,-0.000175
5.4656498E-07,-0.000192
5.4661498E-07,-0.000205
5.4666498E-07,-0.000216
5.4671498E-07,-0.000223
5.4676498E-07,-0.000225
5.4681498E-07,-0.000224
5.4686498E-07,-0.000218
5.4691498E-07,-0.000208
5.4696498E-07,-0.000194
5.4701498E-07,-0.000176
5.4706498E-07,-0.000155
5.4711498E-07,-0.000131
5.4716498E-07,-0.000106
5.4721498E-07,-0.000079
5.4726498E-07,-0.000052
5.4731498E-07,-0.000025
5.4736498E-07,-0.000000
5.4741498E-07,0.000023
5.4746498E-07,0.000044
5.4751498E-07,0.000061
5.4756498E-07,0.000076
5.4761498E-07,0.000086
5.4766498E-07,0.000094
5.4771498E-07,0.000098
5.4776498E-07,0.000099
5.4781498E-07,0.000097
5.4786498E-07,0.000093
5.4791498E-07,0.000088
5.4796498E-07,0.000081
5.4801498E-07,0.000075
5.4806498E-07,0.000068
5.4811498E-07,0.000063
5.4816498E-07,0.000058
5.4821498E-07,0.000055
5.4826498E-07,0.000055
5.4831498E-07,0.000056
5.4836498E-07,0.000059
5.4841498E-07,0.000063
5.4846498E-07,0.000069
5.4851498E-07,0.000076
5.4856498E-07,0.000084
5.4861498E-07,0.000091
5.4866498E-07,0.000097
5.4871498E-07,0.000103
5.4876498E-07,0.000106
5.4881498E-07,0.000107
5.4886498E-07,0.000106
5.4891498E-07,0.000102
5.4896498E-07,0.000095
5.4901498E-07,0.000085
5.4906498E-07,0.000073
5.4911498E-07,0.000059
5.4916498E-07,0.000043
5.4921498E-07,0.000025
5.4926498E-07,0.000008
5.4931498E-07,-0.000010
5.4936498E-07,-0.000027
5.4941498E-07,-0.000043
5.4946498E-07,-0.000057
5.4951498E-07,-0.000069
5.4956498E-07,-0.000079
5.4961498E-07,-0.000087
5.4966498E-07,-0.000092
5.4971498E-07,-0.000095
5.4976498E-07,-0.000097
5.4981498E-07,-0.000098
5.4986498E-07,-0.000098
5.4991498E-07,-0.000098
5.4996498E-07,-0.000099
5.5001498E-07,-0.000102
5.5006498E-07,-0.000106
5.5011498E-07,-0.000112
5.5016498E-07,-0.000120
5.5021498E-07,-0.000131
5.5026498E-07,-0.000144
5.5031498E-07,-0.000160
5.5036498E-07,-0.000177
5.5041498E-07,-0.000195
5.5046498E-07,-0.000213
5.5051498E-07,-0.000231
5.5056498E-07,-0.000248
5.5061498E-07,-0.000262
5.5066498E-07,-0.000273
5.5071498E-07,-0.000281
5.5076498E-07,-0.000284
5.5081498E-07,-0.000283
5.5086498E-07,-0.000277
5.5091498E-07,-0.000266
5.5096498E-07,-0.000251
5.5101498E-07,-0.000231
5.5106498E-07,-0.000208
5.5111498E-07,-0.000182
5.5116498E-07,-0.000154
5.5121498E-07,-0.000125
5.5126498E-07,-0.000096
5.5131498E-07,-0.000068
5.5136498E-07,-0.000042
5.5141498E-07,-0.000019
5.5146498E-07,0.000001
5.5151498E-07,0.000017
5.5156498E-07,0.000029
5.5161498E-07,0.000038
5.5166498E-07,0.000042
5.5171498E-07,0.000043
5.5176498E-07,0.000041
5.5181498E-07,0.000036
5.5186498E-07,0.000030
5.5191498E-07,0.000022
5.5196498E-07,0.000014
5.5201498E-07,0.000007
5.5206498E-07,0.000001
5.5211498E-07,-0.000004
5.5216498E-07,-0.000007
5.5221498E-07,-0.000008
5.5226498E-07,-0.000007
5.5231498E-07,-0.000004
5.5236498E-07,-0.000000
5.5241498E-07,0.000006
5.5246498E-07,0.000012
5.5251498E-07,0.000018
5.5256498E-07,0.000024
5.5261498E-07,0.000028
5.5266498E-07,0.000031
5.5271498E-07,0.000032
5.5276498E-07,0.000030
5.5281498E-07,0.000026
5.5286498E-07,0.000020
5.5291498E-07,0.000011
5.5296498E-07,-0.000001
5.5301498E-07,-0.000014
5.5306498E-07,-0.000028
5.5311498E-07,-0.000042
5.5316498E-07,-0.000057
5.5321498E-07,-0.000070
5.5326498E-07,-0.000082
5.5331498E-07,-0.000092
5.5336498E-07,-0.000099
5.5341498E-07,-0.000103
5.5346498E-07,-0.000104
5.5351498E-07,-0.000101
5.5356498E-07,-0.000094
5.5361498E-07,-0.000084
5.5366498E-07,-0.000071
5.5371498E-07,-0.000055
5.5376498E-07,-0.000038
5.5381498E-07,-0.000019
5.5386498E-07,0.000001
5.5391498E-07,0.000020
5.5396498E-07,0.000039
5.5401498E-07,0.000057
5.5406498E-07,0.000072
5.5411498E-07,0.000086
5.5416498E-07,0.000096
5.5421498E-07,0.000103
5.5426498E-07,0.000108
5.5431498E-07,0.000109
5.5436498E-07,0.000108
5.5441498E-07,0.000104
5.5446498E-07,0.000098
5.5451498E-07,0.000091
5.5456498E-07,0.000083
5.5461498E-07,0.000075
5.5466498E-07,0.000067
5.5471498E-07,0.000060
5.5476498E-07,0.000054
5.5481498E-07,0.000050
5.5486498E-07,0.000048
5.5491498E-07,0.000048
5.5496498E-07,0.000050
5.5501498E-07,0.000054
5.5506498E-07,0.000060
5.5511498E-07,0.000067
5.5516498E-07,0.000076
5.5521498E-07,0.000084
5.5526498E-07,0.000093
5.5531498E-07,0.000101
5.5536498E-07,0.000108
5.5541498E-07,0.000113
5.5546498E-07,0.000116
5.5551498E-07,0.000116
5.5556498E-07,0.000114
5.5561498E-07,0.000109
5.5566498E-07,0.000100
5.5571498E-07,0.000090
5.5576498E-07,0.000076
5.5581498E-07,0.000061
5.5586498E-07,0.000045
5.5591498E-07,0.000028
5.5596498E-07,0.000010
5.5601498E-07,-0.000006
5.5606498E-07,-0.000022
5.5611498E-07,-0.000035
5.5616498E-07,-0.000046
5.5621498E-07,-0.000054
5.5626498E-07,-0.000059
5.5631498E-07,-0.000060
5.5636498E-07,-0.000059
5.5641498E-07,-0.000054
5.5646498E-07,-0.000046
5.5651498E-07,-0.000035
5.5656498E-07,-0.000023
5.5661498E-07,-0.000010
5.5666498E-07,0.000003
5.5671498E-07,0.000017
5.5676498E-07,0.000029
5.5681498E-07,0.000040
5.5686498E-07,0.000048
5.5691498E-07,0.000054
5.5696498E-07,0.000058
5.5701498E-07,0.000059
5.5706498E-07,0.000057
5.5711498E-07,0.000053
5.5716498E-07,0.000047
5.5721498E-07,0.000039
5.5726498E-07,0.000031
5.5731498E-07,0.000023
5.5736498E-07,0.000015
5.5741498E-07,0.000009
5.5746498E-07,0.000004
5.5751498E-07,0.000002
5.5756498E-07,0.000002
5.5761498E-07,0.000005
5.5766498E-07,0.000011
5.5771498E-07,0.000019
5.5776498E-07,0.000030
5.5781498E-07,0.000042
5.5786498E-07,0.000055
5.5791498E-07,0.000068
5.5796498E-07,0.000081
5.5801498E-07,0.000092
5.5806498E-07,0.000102
5.5811498E-07,0.000108
5.5816498E-07,0.000111
5.5821498E-07,0.000110
5.5826498E-07,0.000106
5.5831498E-07,0.000097
5.5836498E-07,0.000086
5.5841498E-07,0.000071
5.5846498E-07,0.000053
5.5851498E-07,0.000034
5.5856498E-07,0.000014
5.5861498E-07,-0.000006
5.5866498E-07,-0.000026
5.5871498E-07,-0.000043
5.5876498E-07,-0.000059
5.5881498E-07,-0.000071
5.5886498E-07,-0.000079
5.5891498E-07,-0.000084
5.5896498E-07,-0.000085
5.5901498E-07,-0.000082
5.5906498E-07,-0.000076
5.5911498E-07,-0.000068
5.5916498E-07,-0.000057
5.5921498E-07,-0.000045
5.5926498E-07,-0.000032
5.5931498E-07,-0.000020
5.5936498E-07,-0.000010
5.5941498E-07,-0.000001
5.5946498E-07,0.000004
5.5951498E-07,0.000007
5.5956498E-07,0.000006
5.5961498E-07,0.000002
5.5966498E-07,-0.000005
5.5971498E-07,-0.000016
5.5976498E-07,-0.000029
5.5981498E-07,-0.000044
5.5986498E-07,-0.000060
5.5991498E-07,-0.000077
5.5996498E-07,-0.000093
5.6001498E-07,-0.000108
5.6006498E-07,-0.000120
5.6011498E-07,-0.000131
5.6016498E-07,-0.000138
5.6021498E-07,-0.000142
5.6026498E-07,-0.000143
5.6031498E-07,-0.000140
5.6036498E-07,-0.000135
5.6041498E-07,-0.000126
5.6046498E-07,-0.000116
5.6051498E-07,-0.000104
5.6056498E-07,-0.000092
5.6061498E-07,-0.000079
5.6066498E-07,-0.000067
5.6071498E-07,-0.000057
5.6076498E-07,-0.000048
5.6081498E-07,-0.000041
5.6086498E-07,-0.000037
5.6091498E-07,-0.000035
5.6096498E-07,-0.000036
5.6101498E-07,-0.000040
5.6106498E-07,-0.000045
5.6111498E-07,-0.000052
5.6116498E-07,-0.000060
5.6121498E-07,-0.000069
5.6126498E-07,-0.000077
5.6131498E-07,-0.000085
5.6136498E-07,-0.000091
5.6141498E-07,-0.000095
5.6146498E-07,-0.000098
5.6151498E-07,-0.000097
5.6156498E-07,-0.000095
5.6161498E-07,-0.000089
5.6166498E-07,-0.000082
5.6171498E-07,-0.000072
5.6176498E-07,-0.000061
5.6181498E-07,-0.000048
5.6186498E-07,-0.000035
5.6191498E-07,-0.000022
5.6196498E-07,-0.000010
5.6201498E-07,0.000001
5.6206498E-07,0.000010
5.6211498E-07,0.000016
5.6216498E-07,0.000020
5.6221498E-07,0.000021
5.6226498E-07,0.000018
5.6231498E-07,0.000012
5.6236498E-07,0.000004
5.6241498E-07,-0.000008
5.6246498E-07,-0.000022
5.6251498E-07,-0.000038
5.6256498E-07,-0.000055
5.6261498E-07,-0.000073
5.6266498E-07,-0.000090
5.6271498E-07,-0.000107
5.6276498E-07,-0.000122
5.6281498E-07,-0.000136
5.6286498E-07,-0.000146
5.6291498E-07,-0.000154
5.6296498E-07,-0.000159
5.6301498E-07,-0.000160
5.6306498E-07,-0.000158
5.6311498E-07,-0.000152
5.6316498E-07,-0.000144
5.6321498E-07,-0.000133
5.6326498E-07,-0.000120
5.6331498E-07,-0.000106
5.6336498E-07,-0.000091
5.6341498E-07,-0.000077
5.6346498E-07,-0.000062
5.6351498E-07,-0.000049
5.6356498E-07,-0.000038
5.6361498E-07,-0.000029
5.6366498E-07,-0.000023
5.6371498E-07,-0.000019
5.6376498E-07,-0.000018
5.6381498E-07,-0.000020
5.6386498E-07,-0.000025
5.6391498E-07,-0.000031
5.6396498E-07,-0.000040
5.6401498E-07,-0.000049
5.6406498E-07,-0.000060
5.6411498E-07,-0.000071
5.6416498E-07,-0.000081
5.6421498E-07,-0.000090
5.6426498E-07,-0.000098
5.6431498E-07,-0.000105
5.6436498E-07,-0.000110
5.6441498E-07,-0.000112
5.6446498E-07,-0.000113
5.6451498E-07,-0.000113
5.6456498E-07,-0.000111
5.6461498E-07,-0.000108
5.6466498E-07,-0.000105
5.6471498E-07,-0.000101
5.6476498E-07,-0.000099
5.6481498E-07,-0.000097
5.6486498E-07,-0.000096
5.6491498E-07,-0.000098
5.6496498E-07,-0.000101
5.6501498E-07,-0.000105
5.6506498E-07,-0.000112
5.6511498E-07,-0.000120
5.6516498E-07,-0.000130
5.6521498E-07,-0.000139
5.6526498E-07,-0.000149
5.6531498E-07,-0.000158
5.6536498E-07,-0.000166
5.6541498E-07,-0.000172
5.6546498E-07,-0.000176
5.6551498E-07,-0.000176
5.6556498E-07,-0.000173
5.6561498E-07,-0.000166
5.6566498E-07,-0.000156
5.6571498E-07,-0.000142
5.6576498E-07,-0.000126
5.6581498E-07,-0.000106
5.6586498E-07,-0.000085
5.6591498E-07,-0.000062
5.6596498E-07,-0.000039
5.6601498E-07,-0.000016
5.6606498E-07,0.000005
5.6611498E-07,0.000025
5.6616498E-07,0.000041
5.6621498E-07,0.000055
5.6626498E-07,0.000064
5.6631498E-07,0.000070
5.6636498E-07,0.000073
5.6641498E-07,0.000071
5.6646498E-07,0.000067
5.6651498E-07,0.000060
5.6656498E-07,0.000052
5.6661498E-07,0.000042
5.6666498E-07,0.000032
5.6671498E-07,0.000023
5.6676498E-07,0.000016
5.6681498E-07,0.000010
5.6686498E-07,0.000007
5.6691498E-07,0.000007
5.6696498E-07,0.000010
5.6701498E-07,0.000017
5.6706498E-07,0.000026
5.6711498E-07,0.000037
5.6716498E-07,0.000051
5.6721498E-07,0.000066
5.6726498E-07,0.000081
5.6731498E-07,0.000095
5.6736498E-07,0.000109
5.6741498E-07,0.000120
5.6746498E-07,0.000129
5.6751498E-07,0.000134
5.6756498E-07,0.000136
5.6761498E-07,0.000134
5.6766498E-07,0.000127
5.6771498E-07,0.000117
5.6776498E-07,0.000103
5.6781498E-07,0.000086
5.6786498E-07,0.000066
5.6791498E-07,0.000045
5.6796498E-07,0.000022
5.6801498E-07,-0.000001
5.6806498E-07,-0.000023
5.6811498E-07,-0.000045
5.6816498E-07,-0.000065
5.6821498E-07,-0.000083
5.6826498E-07,-0.000098
5.6831498E-07,-0.000111
5.6836498E-07,-0.000122
5.6841498E-07,-0.000130
5.6846498E-07,-0.000136
5.6851498E-07,-0.000140
5.6856498E-07,-0.000143
5.6861498E-07,-0.000146
5.6866498E-07,-0.000148
5.6871498E-07,-0.000151
5.6876498E-07,-0.000154
5.6881498E-07,-0.000159
5.6886498E-07,-0.000165
5.6891498E-07,-0.000173
5.6896498E-07,-0.000182
5.6901498E-07,-0.000193
5.6906498E-07,-0.000206
5.6911498E-07,-0.000219
5.6916498E-07,-0.000233
5.6921498E-07,-0.000247
5.6926498E-07,-0.000261
5.6931498E-07,-0.000274
5.6936498E-07,-0.000285
5.6941498E-07,-0.000294
5.6946498E-07,-0.000301
5.6951498E-07,-0.000306
5.6956498E-07,-0.000307
5.6961498E-07,-0.000305
5.6966498E-07,-0.000301
5.6971498E-07,-0.000293
5.6976498E-07,-0.000284
5.6981498E-07,-0.000272
5.6986498E-07,-0.000258
5.6991498E-07,-0.000244
5.6996498E-07,-0.000228
5.7001498E-07,-0.000213
5.7006498E-07,-0.000198
5.7011498E-07,-0.000185
5.7016498E-07,-0.000172
5.7021498E-07,-0.000161
5.7026498E-07,-0.000153
5.7031498E-07,-0.000146
5.7036498E-07,-0.000141
5.7041498E-07,-0.000138
5.7046498E-07,-0.000137
5.7051498E-07,-0.000137
5.7056498E-07,-0.000139
5.7061498E-07,-0.000140
5.7066498E-07,-0.000141
5.7071498E-07,-0.000142
5.7076498E-07,-0.000142
5.7081498E-07,-0.000140
5.7086498E-07,-0.000136
5.7091498E-07,-0.000130
5.7096498E-07,-0.000122
5.7101498E-07,-0.000110
5.7106498E-07,-0.000097
5.7111498E-07,-0.000080
5.7116498E-07,-0.000062
5.7121498E-07,-0.000042
5.7126498E-07,-0.000021
5.7131498E-07,0.000001
5.7136498E-07,0.000024
5.7141498E-07,0.000045
5.7146498E-07,0.000066
5.7151498E-07,0.000085
5.7156498E-07,0.000102
5.7161498E-07,0.000116
5.7166498E-07,0.000128
5.7171498E-07,0.000136
5.7176498E-07,0.000141
5.7181498E-07,0.000144
5.7186498E-07,0.000143
5.7191498E-07,0.000140
5.7196498E-07,0.000135
5.7201498E-07,0.000129
5.7206498E-07,0.000121
5.7211498E-07,0.000113
5.7216498E-07,0.000106
5.7221498E-07,0.000099
5.7226498E-07,0.000094
5.7231498E-07,0.000091
5.7236498E-07,0.000089
5.7241498E-07,0.000090
5.7246498E-07,0.000092
5.7251498E-07,0.000097
5.7256498E-07,0.000103
5.7261498E-07,0.000111
5.7266498E-07,0.000119
5.7271498E-07,0.000128
5.7276498E-07,0.000136
5.7281498E-07,0.000144
5.7286498E-07,0.000150
5.7291498E-07,0.000154
5.7296498E-07,0.000156
5.7301498E-07,0.000155
5.7306498E-07,0.000152
5.7311498E-07,0.000146
5.7316498E-07,0.000139
5.7321498E-07,0.000129
5.7326498E-07,0.000118
5.7331498E-07,0.000105
5.7336498E-07,0.000093
5.7341498E-07,0.000081
5.7346498E-07,0.000071
5.7351498E-07,0.000062
5.7356498E-07,0.000055
5.7361498E-07,0.000051
5.7366498E-07,0.000050
5.7371498E-07,0.000052
5.7376498E-07,0.000056
5.7381498E-07,0.000063
5.7386498E-07,0.000073
5.7391498E-07,0.000084
5.7396498E-07,0.000096
5.7401498E-07,0.000108
5.7406498E-07,0.000120
5.7411498E-07,0.000131
5.7416498E-07,0.000139
5.7421498E-07,0.000145
5.7426498E-07,0.000148
5.7431498E-07,0.000148
5.7436498E-07,0.000145
5.7441498E-07,0.000138
5.7446498E-07,0.000127
5.7451498E-07,0.000114
5.7456498E-07,0.000099
5.7461498E-07,0.000082
5.7466498E-07,0.000064
5.7471498E-07,0.000047
5.7476498E-07,0.000029
5.7481498E-07,0.000014
5.7486498E-07,-0.000000
5.7491498E-07,-0.000011
5.7496498E-07,-0.000019
5.7501498E-07,-0.000024
5.7506498E-07,-0.000025
5.7511498E-07,-0.000023
5.7516498E-07,-0.000018
5.7521498E-07,-0.000011
5.7526498E-07,-0.000001
5.7531498E-07,0.000010
5.7536498E-07,0.000023
5.7541498E-07,0.000035
5.7546498E-07,0.000048
5.7551498E-07,0.000059
5.7556498E-07,0.000069
5.7561498E-07,0.000078
5.7566498E-07,0.000085
5.7571498E-07,0.000090
5.7576498E-07,0.000094
5.7581498E-07,0.000096
5.7586498E-07,0.000097
5.7591498E-07,0.000097
5.7596498E-07,0.000097
5.7601498E-07,0.000097
5.7606498E-07,0.000097
5.7611498E-07,0.000099
5.7616498E-07,0.000102
5.7621498E-07,0.000107
5.7626498E-07,0.000113
5.7631498E-07,0.000121
5.7636498E-07,0.000130
5.7641498E-07,0.000141
5.7646498E-07,0.000153
5.7651498E-07,0.000165
5.7656498E-07,0.000177
5.7661498E-07,0.000189
5.7666498E-07,0.000199
5.7671498E-07,0.000207
5.7676498E-07,0.000213
5.7681498E-07,0.000215
5.7686498E-07,0.000215
5.7691498E-07,0.000211
5.7696498E-07,0.000204
5.7701498E-07,0.000193
5.7706498E-07,0.000180
5.7711498E-07,0.000163
5.7716498E-07,0.000144
5.7721498E-07,0.000123
5.7726498E-07,0.000100
5.7731498E-07,0.000078
5.7736498E-07,0.000055
5.7741498E-07,0.000033
5.7746498E-07,0.000012
5.7751498E-07,-0.000008
5.7756498E-07,-0.000024
5.7761498E-07,-0.000039
5.7766498E-07,-0.000051
5.7771498E-07,-0.000060
5.7776498E-07,-0.000067
5.7781498E-07,-0.000071
5.7786498E-07,-0.000073
5.7791498E-07,-0.000073
5.7796498E-07,-0.000073
5.7801498E-07,-0.000071
5.7806498E-07,-0.000069
5.7811498E-07,-0.000067
5.7816498E-07,-0.000066
5.7821498E-07,-0.000067
5.7826498E-07,-0.000068
5.7831498E-07,-0.000071
5.7836498E-07,-0.000077
5.7841498E-07,-0.000084
5.7846498E-07,-0.000092
5.7851498E-07,-0.000102
5.7856498E-07,-0.000114
5.7861498E-07,-0.000126
5.7866498E-07,-0.000139
5.7871498E-07,-0.000152
5.7876498E-07,-0.000165
5.7881498E-07,-0.000176
5.7886498E-07,-0.000186
5.7891498E-07,-0.000194
5.7896498E-07,-0.000200
5.7901498E-07,-0.000203
5.7906498E-07,-0.000204
5.7911498E-07,-0.000202
5.7916498E-07,-0.000198
5.7921498E-07,-0.000191
5.7926498E-07,-0.000182
5.7931498E-07,-0.000171
5.7936498E-07,-0.000159
5.7941498E-07,-0.000146
5.7946498E-07,-0.000133
5.7951498E-07,-0.000121
5.7956498E-07,-0.000109
5.7961498E-07,-0.000098
5.7966498E-07,-0.000089
5.7971498E-07,-0.000082
5.7976498E-07,-0.000077
5.7981498E-07,-0.000074
5.7986498E-07,-0.000074
5.7991498E-07,-0.000075
5.7996498E-07,-0.000077
5.8001498E-07,-0.000081
5.8006498E-07,-0.000086
5.8011498E-07,-0.000091
5.8016498E-07,-0.000095
5.8021498E-07,-0.000099
5.8026498E-07,-0.000102
5.8031498E-07,-0.000103
5.8036498E-07,-0.000102
5.8041498E-07,-0.000099
5.8046498E-07,-0.000094
5.8051498E-07,-0.000088
5.8056498E-07,-0.000079
5.8061498E-07,-0.000069
5.8066498E-07,-0.000059
5.8071498E-07,-0.000048
5.8076498E-07,-0.000037
5.8081498E-07,-0.000028
5.8086498E-07,-0.000020
5.8091498E-07,-0.000014
5.8096498E-07,-0.000011
5.8101498E-07,-0.000011
5.8106498E-07,-0.000014
5.8111498E-07,-0.000020
5.8116498E-07,-0.000029
5.8121498E-07,-0.000041
5.8126498E-07,-0.000056
5.8131498E-07,-0.000073
5.8136498E-07,-0.000091
5.8141498E-07,-0.000110
5.8146498E-07,-0.000129
5.8151498E-07,-0.000147
5.8156498E-07,-0.000163
5.8161498E-07,-0.000178
5.8166498E-07,-0.000190
5.8171498E-07,-0.000199
5.8176498E-07,-0.000205
5.8181498E-07,-0.000208
5.8186498E-07,-0.000208
5.8191498E-07,-0.000206
5.8196498E-07,-0.000201
5.8201498E-07,-0.000194
5.8206498E-07,-0.000186
5.8211498E-07,-0.000178
5.8216498E-07,-0.000169
5.8221498E-07,-0.000161
5.8226498E-07,-0.000155
5.8231498E-07,-0.000149
5.8236498E-07,-0.000145
5.8241498E-07,-0.000143
5.8246498E-07,-0.000143
5.8251498E-07,-0.000144
5.8256498E-07,-0.000146
5.8261498E-07,-0.000149
5.8266498E-07,-0.000152
5.8271498E-07,-0.000155
5.8276498E-07,-0.000156
5.8281498E-07,-0.000156
5.8286498E-07,-0.000154
5.8291498E-07,-0.000149
5.8296498E-07,-0.000142
5.8301498E-07,-0.000131
5.8306498E-07,-0.000118
5.8311498E-07,-0.000102
5.8316498E-07,-0.000083
5.8321498E-07,-0.000062
5.8326498E-07,-0.000040
5.8331498E-07,-0.000018
5.8336498E-07,0.000005
5.8341498E-07,0.000027
5.8346498E-07,0.000048
5.8351498E-07,0.000066
5.8356498E-07,0.000082
5.8361498E-07,0.000095
5.8366498E-07,0.000105
5.8371498E-07,0.000111
5.8376498E-07,0.000114
5.8381498E-07,0.000114
5.8386498E-07,0.000110
5.8391498E-07,0.000104
5.8396498E-07,0.000097
5.8401498E-07,0.000087
5.8406498E-07,0.000078
5.8411498E-07,0.000067
5.8416498E-07,0.000058
5.8421498E-07,0.000049
5.8426498E-07,0.000042
5.8431498E-07,0.000036
5.8436498E-07,0.000032
5.8441498E-07,0.000031
5.8446498E-07,0.000030
5.8451498E-07,0.000032
5.8456498E-07,0.000035
5.8461498E-07,0.000039
5.8466498E-07,0.000043
5.8471498E-07,0.000048
5.8476498E-07,0.000051
5.8481498E-07,0.000054
5.8486498E-07,0.000056
5.8491498E-07,0.000056
5.8496498E-07,0.000054
5.8501498E-07,0.000049
5.8506498E-07,0.000043
5.8511498E-07,0.000034
5.8516498E-07,0.000023
5.8521498E-07,0.000010
5.8526498E-07,-0.000005
5.8531498E-07,-0.000021
5.8536498E-07,-0.000037
5.8541498E-07,-0.000054
5.8546498E-07,-0.000071
5.8551498E-07,-0.000087
5.8556498E-07,-0.000102
5.8561498E-07,-0.000116
5.8566498E-07,-0.000128
5.8571498E-07,-0.000138
5.8576498E-07,-0.000146
5.8581498E-07,-0.000152
5.8586498E-07,-0.000155
5.8591498E-07,-0.000157
5.8596498E-07,-0.000156
5.8601498E-07,-0.000154
5.8606498E-07,-0.000151
5.8611498E-07,-0.000146
5.8616498E-07,-0.000141
5.8621498E-07,-0.000135
5.8626498E-07,-0.000130
5.8631498E-07,-0.000124
5.8636498E-07,-0.000118
5.8641498E-07,-0.000114
5.8646498E-07,-0.000109
5.8651498E-07,-0.000106
5.8656498E-07,-0.000103
5.8661498E-07,-0.000101
5.8666498E-07,-0.000099
5.8671498E-07,-0.000098
5.8676498E-07,-0.000096
5.8681498E-07,-0.000095
5.8686498E-07,-0.000093
5.8691498E-07,-0.000090
5.8696498E-07,-0.000086
5.8701498E-07,-0.000081
5.8706498E-07,-0.000075
5.8711498E-07,-0.000068
5.8716498E-07,-0.000059
5.8721498E-07,-0.000049
5.8726498E-07,-0.000038
5.8731498E-07,-0.000027
5.8736498E-07,-0.000015
5.8741498E-07,-0.000003
5.8746498E-07,0.000008
5.8751498E-07,0.000018
5.8756498E-07,0.000027
5.8761498E-07,0.000034
5.8766498E-07,0.000039
5.8771498E-07,0.000041
5.8776498E-07,0.000041
5.8781498E-07,0.000038
5.8786498E-07,0.000032
5.8791498E-07,0.000023
5.8796498E-07,0.000012
5.8801498E-07,-0.000001
5.8806498E-07,-0.000015
5.8811498E-07,-0.000030
5.8816498E-07,-0.000046
5.8821498E-07,-0.000062
5.8826498E-07,-0.000076
5.8831498E-07,-0.000090
5.8836498E-07,-0.000101
5.8841498E-07,-0.000111
5.8846498E-07,-0.000118
5.8851498E-07,-0.000122
5.8856498E-07,-0.000125
5.8861498E-07,-0.000125
5.8866498E-07,-0.000123
5.8871498E-07,-0.000119
5.8876498E-07,-0.000115
5.8881498E-07,-0.000110
5.8886498E-07,-0.000106
5.8891498E-07,-0.000102
5.8896498E-07,-0.000100
5.8901498E-07,-0.000100
5.8906498E-07,-0.000102
5.8911498E-07,-0.000107
5.8916498E-07,-0.000115
5.8921498E-07,-0.000125
5.8926498E-07,-0.000138
5.8931498E-07,-0.000153
5.8936498E-07,-0.000169
5.8941498E-07,-0.000187
5.8946498E-07,-0.000205
5.8951498E-07,-0.000223
5.8956498E-07,-0.000240
5.8961498E-07,-0.000255
5.8966498E-07,-0.000268
5.8971498E-07,-0.000278
5.8976498E-07,-0.000286
5.8981498E-07,-0.000290
5.8986498E-07,-0.000290
5.8991498E-07,-0.000288
5.8996498E-07,-0.000282
5.9001498E-07,-0.000274
5.9006498E-07,-0.000264
5.9011498E-07,-0.000252
5.9016498E-07,-0.000240
5.9021498E-07,-0.000227
5.9026498E-07,-0.000214
5.9031498E-07,-0.000203
5.9036498E-07,-0.000193
5.9041498E-07,-0.000184
5.9046498E-07,-0.000177
5.9051498E-07,-0.000172
5.9056498E-07,-0.000169
5.9061498E-07,-0.000168
5.9066498E-07,-0.000168
5.9071498E-07,-0.000168
5.9076498E-07,-0.000169
5.9081498E-07,-0.000170
5.9086498E-07,-0.000170
5.9091498E-07,-0.000169
5.9096498E-07,-0.000166
5.9101498E-07,-0.000162
5.9106498E-07,-0.000155
5.9111498E-07,-0.000146
5.9116498E-07,-0.000134
5.9121498E-07,-0.000121
5.9126498E-07,-0.000106
5.9131498E-07,-0.000089
5.9136498E-07,-0.000072
5.9141498E-07,-0.000054
5.9146498E-07,-0.000037
5.9151498E-07,-0.000020
5.9156498E-07,-0.000004
5.9161498E-07,0.000009
5.9166498E-07,0.000021
5.9171498E-07,0.000031
5.9176498E-07,0.000037
5.9181498E-07,0.000042
5.9186498E-07,0.000044
5.9191498E-07,0.000044
5.9196498E-07,0.000042
5.9201498E-07,0.000039
5.9206498E-07,0.000035
5.9211498E-07,0.000030
5.9216498E-07,0.000026
5.9221498E-07,0.000022
5.9226498E-07,0.000019
5.9231498E-07,0.000018
5.9236498E-07,0.000019
5.9241498E-07,0.000021
5.9246498E-07,0.000025
5.9251498E-07,0.000032
5.9256498E-07,0.000040
5.9261498E-07,0.000049
5.9266498E-07,0.000060
5.9271498E-07,0.000072
5.9276498E-07,0.000085
5.9281498E-07,0.000098
5.9286498E-07,0.000110
5.9291498E-07,0.000122
5.9296498E-07,0.000133
5.9301498E-07,0.000142
5.9306498E-07,0.000150
5.9311498E-07,0.000156
5.9316498E-07,0.000161
5.9321498E-07,0.000164
5.9326498E-07,0.000165
5.9331498E-07,0.000165
5.9336498E-07,0.000164
5.9341498E-07,0.000162
5.9346498E-07,0.000159
5.9351498E-07,0.000157
5.9356498E-07,0.000154
5.9361498E-07,0.000152
5.9366498E-07,0.000150
5.9371498E-07,0.000149
5.9376498E-07,0.000150
5.9381498E-07,0.000151
5.9386498E-07,0.000154
5.9391498E-07,0.000157
5.9396498E-07,0.000161
5.9401498E-07,0.000166
5.9406498E-07,0.000171
5.9411498E-07,0.000177
5.9416498E-07,0.000181
5.9421498E-07,0.000185
5.9426498E-07,0.000188
5.9431498E-07,0.000190
5.9436498E-07,0.000189
5.9441498E-07,0.000187
5.9446498E-07,0.000182
5.9451498E-07,0.000175
5.9456498E-07,0.000166
5.9461498E-07,0.000155
5.9466498E-07,0.000142
5.9471498E-07,0.000128
5.9476498E-07,0.000112
5.9481498E-07,0.000096
5.9486498E-07,0.000080
5.9491498E-07,0.000064
5.9496498E-07,0.000049
5.9501498E-07,0.000036
5.9506498E-07,0.000025
5.9511498E-07,0.000016
5.9516498E-07,0.000011
5.9521498E-07,0.000008
5.9526498E-07,0.000008
5.9531498E-07,0.000012
5.9536498E-07,0.000019
5.9541498E-07,0.000028
5.9546498E-07,0.000040
5.9551498E-07,0.000053
5.9556498E-07,0.000068
5.9561498E-07,0.000084
5.9566498E-07,0.000100
5.9571498E-07,0.000115
5.9576498E-07,0.000129
5.9581498E-07,0.000142
5.9586498E-07,0.000153
5.9591498E-07,0.000162
5.9596498E-07,0.000168
5.9601498E-07,0.000173
5.9606498E-07,0.000175
5.9611498E-07,0.000175
5.9616498E-07,0.000173
5.9621498E-07,0.000170
5.9626498E-07,0.000167
5.9631498E-07,0.000163
5.9636498E-07,0.000159
5.9641498E-07,0.000156
5.9646498E-07,0.000153
5.9651498E-07,0.000152
5.9656498E-07,0.000152
5.9661498E-07,0.000153
5.9666498E-07,0.000155
5.9671498E-07,0.000158
5.9676498E-07,0.000162
5.9681498E-07,0.000166
5.9686498E-07,0.000170
5.9691498E-07,0.000172
5.9696498E-07,0.000174
5.9701498E-07,0.000173
5.9706498E-07,0.000171
5.9711498E-07,0.000166
5.9716498E-07,0.000158
5.9721498E-07,0.000147
5.9726498E-07,0.000134
5.9731498E-07,0.000118
5.9736498E-07,0.000100
5.9741498E-07,0.000081
5.9746498E-07,0.000061
5.9751498E-07,0.000041
5.9756498E-07,0.000022
5.9761498E-07,0.000004
5.9766498E-07,-0.000013
5.9771498E-07,-0.000027
5.9776498E-07,-0.000037
5.9781498E-07,-0.000045
5.9786498E-07,-0.000049
5.9791498E-07,-0.000049
5.9796498E-07,-0.000046
5.9801498E-07,-0.000040
5.9806498E-07,-0.000031
5.9811498E-07,-0.000021
5.9816498E-07,-0.000008
5.9821498E-07,0.000005
5.9826498E-07,0.000018
5.9831498E-07,0.000030
5.9836498E-07,0.000041
5.9841498E-07,0.000051
5.9846498E-07,0.000058
5.9851498E-07,0.000062
5.9856498E-07,0.000064
5.9861498E-07,0.000063
5.9866498E-07,0.000059
5.9871498E-07,0.000054
5.9876498E-07,0.000046
5.9881498E-07,0.000037
5.9886498E-07,0.000027
5.9891498E-07,0.000017
5.9896498E-07,0.000007
5.9901498E-07,-0.000002
5.9906498E-07,-0.000010
5.9911498E-07,-0.000016
5.9916498E-07,-0.000021
5.9921498E-07,-0.000024
5.9926498E-07,-0.000025
5.9931498E-07,-0.000024
5.9936498E-07,-0.000022
5.9941498E-07,-0.000018
5.9946498E-07,-0.000014
5.9951498E-07,-0.000010
5.9956498E-07,-0.000006
5.9961498E-07,-0.000002
5.9966498E-07,-0.000000
5.9971498E-07,0.000001
5.9976498E-07,0.000001
5.9981498E-07,-0.000002
5.9986498E-07,-0.000006
5.9991498E-07,-0.000012
5.9996498E-07,-0.000020
6.0001498E-07,-0.000030
6.0006498E-07,-0.000040
6.0011498E-07,-0.000052
6.0016498E-07,-0.000064
6.0021498E-07,-0.000076
6.0026498E-07,-0.000087
6.0031498E-07,-0.000097
6.0036498E-07,-0.000106
6.0041498E-07,-0.000113
6.0046498E-07,-0.000118
6.0051498E-07,-0.000121
6.0056498E-07,-0.000121
6.0061498E-07,-0.000119
6.0066498E-07,-0.000115
6.0071498E-07,-0.000108
6.0076498E-07,-0.000099
6.0081498E-07,-0.000089
6.0086498E-07,-0.000077
6.0091498E-07,-0.000064
6.0096498E-07,-0.000050
6.0101498E-07,-0.000036
6.0106498E-07,-0.000022
6.0111498E-07,-0.000008
6.0116498E-07,0.000005
6.0121498E-07,0.000018
6.0126498E-07,0.000030
6.0131498E-07,0.000041
6.0136498E-07,0.000050
6.0141498E-07,0.000059
6.0146498E-07,0.000066
6.0151498E-07,0.000073
6.0156498E-07,0.000078
6.0161498E-07,0.000083
6.0166498E-07,0.000087
6.0171498E-07,0.000090
6.0176498E-07,0.000093
6.0181498E-07,0.000096
6.0186498E-07,0.000099
6.0191498E-07,0.000101
6.0196498E-07,0.000103
6.0201498E-07,0.000105
6.0206498E-07,0.000107
6.0211498E-07,0.000108
6.0216498E-07,0.000109
6.0221498E-07,0.000109
6.0226498E-07,0.000108
6.0231498E-07,0.000106
6.0236498E-07,0.000103
6.0241498E-07,0.000099
6.0246498E-07,0.000093
6.0251498E-07,0.000086
6.0256498E-07,0.000077
6.0261498E-07,0.000067
6.0266498E-07,0.000055
6.0271498E-07,0.000043
6.0276498E-07,0.000029
6.0281498E-07,0.000015
6.0286498E-07,0.000001
6.0291498E-07,-0.000012
6.0296498E-07,-0.000025
6.0301498E-07,-0.000037
6.0306498E-07,-0.000047
6.0311498E-07,-0.000056
6.0316498E-07,-0.000062
6.0321498E-07,-0.000067
6.0326498E-07,-0.000068
6.0331498E-07,-0.000068
6.0336498E-07,-0.000065
6.0341498E-07,-0.000060
6.0346498E-07,-0.000053
6.0351498E-07,-0.000045
6.0356498E-07,-0.000036
6.0361498E-07,-0.000026
6.0366498E-07,-0.000016
6.0371498E-07,-0.000007
6.0376498E-07,0.000001
6.0381498E-07,0.000008
6.0386498E-07,0.000013
6.0391498E-07,0.000017
6.0396498E-07,0.000019
6.0401498E-07,0.000018
6.0406498E-07,0.000016
6.0411498E-07,0.000013
6.0416498E-07,0.000008
6.0421498E-07,0.000003
6.0426498E-07,-0.000003
6.0431498E-07,-0.000008
6.0436498E-07,-0.000012
6.0441498E-07,-0.000014
6.0446498E-07,-0.000015
6.0451498E-07,-0.000014
6.0456498E-07,-0.000010
6.0461498E-07,-0.000004
6.0466498E-07,0.000004
6.0471498E-07,0.000015
6.0476498E-07,0.000028
6.0481498E-07,0.000043
6.0486498E-07,0.000059
6.0491498E-07,0.000075
6.0496498E-07,0.000091
6.0501498E-07,0.000107
6.0506498E-07,0.000121
6.0511498E-07,0.000133
6.0516498E-07,0.000144
6.0521498E-07,0.000151
6.0526498E-07,0.000156
6.0531498E-07,0.000157
6.0536498E-07,0.000156
6.0541498E-07,0.000151
6.0546498E-07,0.000145
6.0551498E-07,0.000136
6.0556498E-07,0.000125
6.0561498E-07,0.000112
6.0566498E-07,0.000100
6.0571498E-07,0.000086
6.0576498E-07,0.000074
6.0581498E-07,0.000061
6.0586498E-07,0.000050
6.0591498E-07,0.000040
6.0596498E-07,0.000031
6.0601498E-07,0.000024
6.0606498E-07,0.000018
6.0611498E-07,0.000014
6.0616498E-07,0.000010
6.0621498E-07,0.000007
6.0626498E-07,0.000004
6.0631498E-07,0.000002
6.0636498E-07,-0.000001
6.0641498E-07,-0.000004
6.0646498E-07,-0.000008
6.0651498E-07,-0.000013
6.0656498E-07,-0.000018
6.0661498E-07,-0.000025
6.0666498E-07,-0.000031
6.0671498E-07,-0.000039
6.0676498E-07,-0.000046
6.0681498E-07,-0.000054
6.0686498E-07,-0.000060
6.0691498E-07,-0.000067
6.0696498E-07,-0.000072
6.0701498E-07,-0.000076
6.0706498E-07,-0.000078
6.0711498E-07,-0.000079
6.0716498E-07,-0.000078
6.0721498E-07,-0.000076
6.0726498E-07,-0.000072
6.0731498E-07,-0.000068
6.0736498E-07,-0.000062
6.0741498E-07,-0.000056
6.0746498E-07,-0.000050
6.0751498E-07,-0.000044
6.0756498E-07,-0.000039
6.0761498E-07,-0.000035
6.0766498E-07,-0.000033
6.0771498E-07,-0.000032
6.0776498E-07,-0.000033
6.0781498E-07,-0.000035
6.0786498E-07,-0.000039
6.0791498E-07,-0.000045
6.0796498E-07,-0.000053
6.0801498E-07,-0.000061
6.0806498E-07,-0.000070
6.0811498E-07,-0.000080
6.0816498E-07,-0.000089
6.0821498E-07,-0.000098
6.0826498E-07,-0.000106
6.0831498E-07,-0.000113
6.0836498E-07,-0.000118
6.0841498E-07,-0.000122
6.0846498E-07,-0.000124
6.0851498E-07,-0.000123
6.0856498E-07,-0.000121
6.0861498E-07,-0.000117
6.0866498E-07,-0.000112
6.0871498E-07,-0.000104
6.0876498E-07,-0.000096
6.0881498E-07,-0.000087
6.0886498E-07,-0.000078
6.0891498E-07,-0.000069
6.0896498E-07,-0.000061
6.0901498E-07,-0.000053
6.0906498E-07,-0.000046
6.0911498E-07,-0.000041
6.0916498E-07,-0.000037
6.0921498E-07,-0.000035
6.0926498E-07,-0.000035
6.0931498E-07,-0.000037
6.0936498E-07,-0.000040
6.0941498E-07,-0.000045
6.0946498E-07,-0.000052
6.0951498E-07,-0.000060
6.0956498E-07,-0.000068
6.0961498E-07,-0.000077
6.0966498E-07,-0.000087
6.0971498E-07,-0.000096
6.0976498E-07,-0.000104
6.0981498E-07,-0.000112
6.0986498E-07,-0.000119
6.0991498E-07,-0.000124
6.0996498E-07,-0.000128
6.1001498E-07,-0.000130
6.1006498E-07,-0.000131
6.1011498E-07,-0.000130
6.1016498E-07,-0.000127
6.1021498E-07,-0.000123
6.1026498E-07,-0.000118
6.1031498E-07,-0.000112
6.1036498E-07,-0.000106
6.1041498E-07,-0.000099
6.1046498E-07,-0.000092
6.1051498E-07,-0.000085
6.1056498E-07,-0.000078
6.1061498E-07,-0.000073
6.1066498E-07,-0.000068
6.1071498E-07,-0.000063
6.1076498E-07,-0.000060
6.1081498E-07,-0.000058
6.1086498E-07,-0.000056
6.1091498E-07,-0.000054
6.1096498E-07,-0.000053
6.1101498E-07,-0.000052
6.1106498E-07,-0.000051
6.1111498E-07,-0.000049
6.1116498E-07,-0.000046
6.1121498E-07,-0.000042
6.1126498E-07,-0.000037
6.1131498E-07,-0.000031
6.1136498E-07,-0.000024
6.1141498E-07,-0.000016
6.1146498E-07,-0.000007
6.1151498E-07,0.000003
6.1156498E-07,0.000012
6.1161498E-07,0.000022
6.1166498E-07,0.000030
6.1171498E-07,0.000038
6.1176498E-07,0.000044
6.1181498E-07,0.000047
6.1186498E-07,0.000048
6.1191498E-07,0.000046
6.1196498E-07,0.000041
6.1201498E-07,0.000033
6.1206498E-07,0.000022
6.1211498E-07,0.000008
6.1216498E-07,-0.000008
6.1221498E-07,-0.000026
6.1226498E-07,-0.000046
6.1231498E-07,-0.000067
6.1236498E-07,-0.000088
6.1241498E-07,-0.000108
6.1246498E-07,-0.000127
6.1251498E-07,-0.000144
6.1256498E-07,-0.000158
6.1261498E-07,-0.000169
6.1266498E-07,-0.000177
6.1271498E-07,-0.000181
6.1276498E-07,-0.000182
6.1281498E-07,-0.000179
6.1286498E-07,-0.000173
6.1291498E-07,-0.000164
6.1296498E-07,-0.000153
6.1301498E-07,-0.000140
6.1306498E-07,-0.000126
6.1311498E-07,-0.000111
6.1316498E-07,-0.000097
6.1321498E-07,-0.000083
6.1326498E-07,-0.000070
6.1331498E-07,-0.000060
6.1336498E-07,-0.000051
6.1341498E-07,-0.000044
6.1346498E-07,-0.000039
6.1351498E-07,-0.000036
6.1356498E-07,-0.000035
6.1361498E-07,-0.000036
6.1366498E-07,-0.000037
6.1371498E-07,-0.000040
6.1376498E-07,-0.000043
6.1381498E-07,-0.000045
6.1386498E-07,-0.000047
6.1391498E-07,-0.000049
6.1396498E-07,-0.000049
6.1401498E-07,-0.000048
6.1406498E-07,-0.000046
6.1411498E-07,-0.000043
6.1416498E-07,-0.000038
6.1421498E-07,-0.000033
6.1426498E-07,-0.000027
6.1431498E-07,-0.000020
6.1436498E-07,-0.000013
6.1441498E-07,-0.000006
6.1446498E-07,-0.000000
6.1451498E-07,0.000006
6.1456498E-07,0.000012
6.1461498E-07,0.000017
6.1466498E-07,0.000021
6.1471498E-07,0.000024
6.1476498E-07,0.000027
6.1481498E-07,0.000030
6.1486498E-07,0.000033
6.1491498E-07,0.000036
6.1496498E-07,0.000040
6.1501498E-07,0.000044
6.1506498E-07,0.000050
6.1511498E-07,0.000056
6.1516498E-07,0.000064
6.1521498E-07,0.000073
6.1526498E-07,0.000083
6.1531498E-07,0.000094
6.1536498E-07,0.000105
6.1541498E-07,0.000117
6.1546498E-07,0.000130
6.1551498E-07,0.000142
6.1556498E-07,0.000153
6.1561498E-07,0.000164
6.1566498E-07,0.000173
6.1571498E-07,0.000181
6.1576498E-07,0.000187
6.1581498E-07,0.000191
6.1586498E-07,0.000193
6.1591498E-07,0.000193
6.1596498E-07,0.000190
6.1601498E-07,0.000186
6.1606498E-07,0.000179
6.1611498E-07,0.000172
6.1616498E-07,0.000163
6.1621498E-07,0.000153
6.1626498E-07,0.000143
6.1631498E-07,0.000132
6.1636498E-07,0.000122
6.1641498E-07,0.000113
6.1646498E-07,0.000104
6.1651498E-07,0.000096
6.1656498E-07,0.000090
6.1661498E-07,0.000085
6.1666498E-07,0.000081
6.1671498E-07,0.000079
6.1676498E-07,0.000079
6.1681498E-07,0.000079
6.1686498E-07,0.000081
6.1691498E-07,0.000084
6.1696498E-07,0.000087
6.1701498E-07,0.000091
6.1706498E-07,0.000094
6.1711498E-07,0.000097
6.1716498E-07,0.000100
6.1721498E-07,0.000102
6.1726498E-07,0.000103
6.1731498E-07,0.000102
6.1736498E-07,0.000100
6.1741498E-07,0.000097
6.1746498E-07,0.000092
6.1751498E-07,0.000085
6.1756498E-07,0.000076
6.1761498E-07,0.000067
6.1766498E-07,0.000056
6.1771498E-07,0.000044
6.1776498E-07,0.000032
6.1781498E-07,0.000019
6.1786498E-07,0.000007
6.1791498E-07,-0.000005
6.1796498E-07,-0.000016
6.1801498E-07,-0.000026
6.1806498E-07,-0.000035
6.1811498E-07,-0.000041
6.1816498E-07,-0.000046
6.1821498E-07,-0.000049
6.1826498E-07,-0.000050
6.1831498E-07,-0.000049
6.1836498E-07,-0.000046
6.1841498E-07,-0.000041
6.1846498E-07,-0.000035
6.1851498E-07,-0.000028
6.1856498E-07,-0.000021
6.1861498E-07,-0.000013
6.1866498E-07,-0.000005
6.1871498E-07,0.000003
6.1876498E-07,0.000010
6.1881498E-07,0.000016
6.1886498E-07,0.000021
6.1891498E-07,0.000025
6.1896498E-07,0.000028
6.1901498E-07,0.000029
6.1906498E-07,0.000029
6.1911498E-07,0.000028
6.1916498E-07,0.000026
6.1921498E-07,0.000024
6.1926498E-07,0.000021
6.1931498E-07,0.000018
6.1936498E-07,0.000015
6.1941498E-07,0.000012
6.1946498E-07,0.000010
6.1951498E-07,0.000008
6.1956498E-07,0.000007
6.1961498E-07,0.000006
6.1966498E-07,0.000006
6.1971498E-07,0.000006
6.1976498E-07,0.000007
6.1981498E-07,0.000007
6.1986498E-07,0.000008
6.1991498E-07,0.000008
6.1996498E-07,0.000007
6.2001498E-07,0.000007
6.2006498E-07,0.000005
6.2011498E-07,0.000003
6.2016498E-07,0.000001
6.2021498E-07,-0.000002
6.2026498E-07,-0.000005
6.2031498E-07,-0.000007
6.2036498E-07,-0.000010
6.2041498E-07,-0.000011
6.2046498E-07,-0.000012
6.2051498E-07,-0.000012
6.2056498E-07,-0.000010
6.2061498E-07,-0.000006
6.2066498E-07,-0.000001
6.2071498E-07,0.000007
6.2076498E-07,0.000016
6.2081498E-07,0.000027
6.2086498E-07,0.000040
6.2091498E-07,0.000054
6.2096498E-07,0.000068
6.2101498E-07,0.000084
6.2106498E-07,0.000100
6.2111498E-07,0.000115
6.2116498E-07,0.000130
6.2121498E-07,0.000144
6.2126498E-07,0.000156
6.2131498E-07,0.000167
6.2136498E-07,0.000176
6.2141498E-07,0.000184
6.2146498E-07,0.000190
6.2151498E-07,0.000194
6.2156498E-07,0.000196
6.2161498E-07,0.000198
6.2166498E-07,0.000198
6.2171498E-07,0.000198
6.2176498E-07,0.000197
6.2181498E-07,0.000196
6.2186498E-07,0.000195
6.2191498E-07,0.000195
6.2196498E-07,0.000195
6.2201498E-07,0.000196
6.2206498E-07,0.000197
6.2211498E-07,0.000199
6.2216498E-07,0.000201
6.2221498E-07,0.000203
6.2226498E-07,0.000205
6.2231498E-07,0.000207
6.2236498E-07,0.000208
6.2241498E-07,0.000208
6.2246498E-07,0.000207
6.2251498E-07,0.000205
6.2256498E-07,0.000201
6.2261498E-07,0.000195
6.2266498E-07,0.000188
6.2271498E-07,0.000179
6.2276498E-07,0.000169
6.2281498E-07,0.000157
6.2286498E-07,0.000145
6.2291498E-07,0.000132
6.2296498E-07,0.000118
6.2301498E-07,0.000104
6.2306498E-07,0.000090
6.2311498E-07,0.000077
6.2316498E-07,0.000065
6.2321498E-07,0.000054
6.2326498E-07,0.000043
6.2331498E-07,0.000035
6.2336498E-07,0.000027
6.2341498E-07,0.000021
6.2346498E-07,0.000016
6.2351498E-07,0.000012
6.2356498E-07,0.000009
6.2361498E-07,0.000007
6.2366498E-07,0.000005
6.2371498E-07,0.000004
6.2376498E-07,0.000003
6.2381498E-07,0.000001
6.2386498E-07,-0.000001
6.2391498E-07,-0.000003
6.2396498E-07,-0.000007
6.2401498E-07,-0.000011
6.2406498E-07,-0.000016
6.2411498E-07,-0.000021
6.2416498E-07,-0.000028
6.2421498E-07,-0.000035
6.2426498E-07,-0.000043
6.2431498E-07,-0.000051
6.2436498E-07,-0.000059
6.2441498E-07,-0.000067
6.2446498E-07,-0.000075
6.2451498E-07,-0.000083
6.2456498E-07,-0.000090
6.2461498E-07,-0.000096
6.2466498E-07,-0.000101
6.2471498E-07,-0.000105
6.2476498E-07,-0.000107
6.2481498E-07,-0.000108
6.2486498E-07,-0.000107
6.2491498E-07,-0.000105
6.2496498E-07,-0.000102
6.2501498E-07,-0.000097
6.2506498E-07,-0.000090
6.2511498E-07,-0.000083
6.2516498E-07,-0.000074
6.2521498E-07,-0.000065
6.2526498E-07,-0.000054
6.2531498E-07,-0.000044
6.2536498E-07,-0.000032
6.2541498E-07,-0.000021
6.2546498E-07,-0.000010
6.2551498E-07,0.000002
6.2556498E-07,0.000013
6.2561498E-07,0.000023
6.2566498E-07,0.000033
6.2571498E-07,0.000043
6.2576498E-07,0.000053
6.2581498E-07,0.000061
6.2586498E-07,0.000070
6.2591498E-07,0.000078
6.2596498E-07,0.000086
6.2601498E-07,0.000094
6.2606498E-07,0.000101
6.2611498E-07,0.000108
6.2616498E-07,0.000115
6.2621498E-07,0.000122
6.2626498E-07,0.000129
6.2631498E-07,0.000135
6.2636498E-07,0.000141
6.2641498E-07,0.000146
6.2646498E-07,0.000150
6.2651498E-07,0.000154
6.2656498E-07,0.000156
6.2661498E-07,0.000157
6.2666498E-07,0.000157
6.2671498E-07,0.000155
6.2676498E-07,0.000151
6.2681498E-07,0.000146
6.2686498E-07,0.000140
6.2691498E-07,0.000132
6.2696498E-07,0.000122
6.2701498E-07,0.000112
6.2706498E-07,0.000101
6.2711498E-07,0.000089
6.2716498E-07,0.000077
6.2721498E-07,0.000066
6.2726498E-07,0.000055
6.2731498E-07,0.000045
6.2736498E-07,0.000037
6.2741498E-07,0.000030
6.2746498E-07,0.000024
6.2751498E-07,0.000021
6.2756498E-07,0.000019
6.2761498E-07,0.000019
6.2766498E-07,0.000020
6.2771498E-07,0.000023
6.2776498E-07,0.000027
6.2781498E-07,0.000032
6.2786498E-07,0.000037
6.2791498E-07,0.000042
6.2796498E-07,0.000046
6.2801498E-07,0.000050
6.2806498E-07,0.000053
6.2811498E-07,0.000054
6.2816498E-07,0.000054
6.2821498E-07,0.000052
6.2826498E-07,0.000049
6.2831498E-07,0.000044
6.2836498E-07,0.000039
6.2841498E-07,0.000032
6.2846498E-07,0.000025
6.2851498E-07,0.000018
6.2856498E-07,0.000010
6.2861498E-07,0.000003
6.2866498E-07,-0.000003
6.2871498E-07,-0.000007
6.2876498E-07,-0.000011
6.2881498E-07,-0.000013
6.2886498E-07,-0.000013
6.2891498E-07,-0.000012
6.2896498E-07,-0.000009
6.2901498E-07,-0.000005
6.2906498E-07,0.000001
6.2911498E-07,0.000008
6.2916498E-07,0.000015
6.2921498E-07,0.000023
6.2926498E-07,0.000032
6.2931498E-07,0.000040
6.2936498E-07,0.000049
6.2941498E-07,0.000057
6.2946498E-07,0.000064
6.2951498E-07,0.000072
6.2956498E-07,0.000078
6.2961498E-07,0.000085
6.2966498E-07,0.000091
6.2971498E-07,0.000097
6.2976498E-07,0.000103
6.2981498E-07,0.000109
6.2986498E-07,0.000116
6.2991498E-07,0.000122
6.2996498E-07,0.000129
6.3001498E-07,0.000136
6.3006498E-07,0.000144
6.3011498E-07,0.000151
6.3016498E-07,0.000158
6.3021498E-07,0.000165
6.3026498E-07,0.000171
6.3031498E-07,0.000177
6.3036498E-07,0.000181
6.3041498E-07,0.000183
6.3046498E-07,0.000184
6.3051498E-07,0.000183
6.3056498E-07,0.000180
6.3061498E-07,0.000175
6.3066498E-07,0.000167
6.3071498E-07,0.000158
6.3076498E-07,0.000147
6.3081498E-07,0.000135
6.3086498E-07,0.000121
6.3091498E-07,0.000106
6.3096498E-07,0.000091
6.3101498E-07,0.000076
6.3106498E-07,0.000062
6.3111498E-07,0.000048
6.3116498E-07,0.000035
6.3121498E-07,0.000023
6.3126498E-07,0.000014
6.3131498E-07,0.000005
6.3136498E-07,-0.000001
6.3141498E-07,-0.000006
6.3146498E-07,-0.000009
6.3151498E-07,-0.000011
6.3156498E-07,-0.000012
6.3161498E-07,-0.000012
6.3166498E-07,-0.000011
6.3171498E-07,-0.000011
6.3176498E-07,-0.000011
6.3181498E-07,-0.000012
6.3186498E-07,-0.000013
6.3191498E-07,-0.000016
6.3196498E-07,-0.000021
6.3201498E-07,-0.000027
6.3206498E-07,-0.000036
6.3211498E-07,-0.000046
6.3216498E-07,-0.000057
6.3221498E-07,-0.000071
6.3226498E-07,-0.000085
6.3231498E-07,-0.000101
6.3236498E-07,-0.000117
6.3241498E-07,-0.000134
6.3246498E-07,-0.000151
6.3251498E-07,-0.000167
6.3256498E-07,-0.000183
6.3261498E-07,-0.000197
6.3266498E-07,-0.000209
6.3271498E-07,-0.000220
6.3276498E-07,-0.000228
6.3281498E-07,-0.000234
6.3286498E-07,-0.000237
6.3291498E-07,-0.000237
6.3296498E-07,-0.000234
6.3301498E-07,-0.000229
6.3306498E-07,-0.000221
6.3311498E-07,-0.000211
6.3316498E-07,-0.000198
6.3321498E-07,-0.000184
6.3326498E-07,-0.000168
6.3331498E-07,-0.000151
6.3336498E-07,-0.000133
6.3341498E-07,-0.000115
6.3346498E-07,-0.000097
6.3351498E-07,-0.000080
6.3356498E-07,-0.000063
6.3361498E-07,-0.000048
6.3366498E-07,-0.000034
6.3371498E-07,-0.000021
6.3376498E-07,-0.000011
6.3381498E-07,-0.000002
6.3386498E-07,0.000006
6.3391498E-07,0.000012
6.3396498E-07,0.000016
6.3401498E-07,0.000020
6.3406498E-07,0.000022
6.3411498E-07,0.000024
6.3416498E-07,0.000025
6.3421498E-07,0.000027
6.3426498E-07,0.000028
6.3431498E-07,0.000030
6.3436498E-07,0.000032
6.3441498E-07,0.000034
6.3446498E-07,0.000037
6.3451498E-07,0.000041
6.3456498E-07,0.000045
6.3461498E-07,0.000049
6.3466498E-07,0.000053
6.3471498E-07,0.000056
6.3476498E-07,0.000060
6.3481498E-07,0.000062
6.3486498E-07,0.000063
6.3491498E-07,0.000064
6.3496498E-07,0.000063
6.3501498E-07,0.000061
6.3506498E-07,0.000057
6.3511498E-07,0.000052
6.3516498E-07,0.000046
6.3521498E-07,0.000039
6.3526498E-07,0.000031
6.3531498E-07,0.000022
6.3536498E-07,0.000013
6.3541498E-07,0.000004
6.3546498E-07,-0.000005
6.3551498E-07,-0.000014
6.3556498E-07,-0.000022
6.3561498E-07,-0.000030
6.3566498E-07,-0.000037
6.3571498E-07,-0.000043
6.3576498E-07,-0.000049
6.3581498E-07,-0.000054
6.3586498E-07,-0.000059
6.3591498E-07,-0.000064
6.3596498E-07,-0.000068
6.3601498E-07,-0.000073
6.3606498E-07,-0.000077
6.3611498E-07,-0.000082
6.3616498E-07,-0.000088
6.3621498E-07,-0.000093
6.3626498E-07,-0.000099
6.3631498E-07,-0.000105
6.3636498E-07,-0.000111
6.3641498E-07,-0.000117
6.3646498E-07,-0.000122
6.3651498E-07,-0.000126
6.3656498E-07,-0.000128
6.3661498E-07,-0.000130
6.3666498E-07,-0.000129
6.3671498E-07,-0.000126
6.3676498E-07,-0.000121
6.3681498E-07,-0.000114
6.3686498E-07,-0.000104
6.3691498E-07,-0.000091
6.3696498E-07,-0.000077
6.3701498E-07,-0.000060
6.3706498E-07,-0.000042
6.3711498E-07,-0.000023
6.3716498E-07,-0.000002
6.3721498E-07,0.000019
6.3726498E-07,0.000041
6.3731498E-07,0.000062
6.3736498E-07,0.000082
6.3741498E-07,0.000102
6.3746498E-07,0.000121
6.3751498E-07,0.000138
6.3756498E-07,0.000154
6.3761498E-07,0.000168
6.3766498E-07,0.000181
6.3771498E-07,0.000192
6.3776498E-07,0.000202
6.3781498E-07,0.000211
6.3786498E-07,0.000218
6.3791498E-07,0.000225
6.3796498E-07,0.000231
6.3801498E-07,0.000237
6.3806498E-07,0.000241
6.3811498E-07,0.000246
6.3816498E-07,0.000249
6.3821498E-07,0.000253
6.3826498E-07,0.000256
6.3831498E-07,0.000258
6.3836498E-07,0.000259
6.3841498E-07,0.000259
6.3846498E-07,0.000258
6.3851498E-07,0.000256
6.3856498E-07,0.000252
6.3861498E-07,0.000247
6.3866498E-07,0.000240
6.3871498E-07,0.000231
6.3876498E-07,0.000221
6.3881498E-07,0.000209
6.3886498E-07,0.000196
6.3891498E-07,0.000181
6.3896498E-07,0.000165
6.3901498E-07,0.000149
6.3906498E-07,0.000131
6.3911498E-07,0.000113
6.3916498E-07,0.000095
6.3921498E-07,0.000077
6.3926498E-07,0.000060
6.3931498E-07,0.000043
6.3936498E-07,0.000028
6.3941498E-07,0.000013
6.3946498E-07,-0.000001
6.3951498E-07,-0.000012
6.3956498E-07,-0.000023
6.3961498E-07,-0.000032
6.3966498E-07,-0.000039
6.3971498E-07,-0.000045
6.3976498E-07,-0.000049
6.3981498E-07,-0.000051
6.3986498E-07,-0.000052
6.3991498E-07,-0.000052
6.3996498E-07,-0.000051
6.4001498E-07,-0.000049
6.4006498E-07,-0.000046
6.4011498E-07,-0.000043
6.4016498E-07,-0.000039
6.4021498E-07,-0.000034
6.4026498E-07,-0.000030
6.4031498E-07,-0.000025
6.4036498E-07,-0.000021
6.4041498E-07,-0.000017
6.4046498E-07,-0.000013
6.4051498E-07,-0.000009
6.4056498E-07,-0.000006
6.4061498E-07,-0.000003
6.4066498E-07,-0.000000
6.4071498E-07,0.000003
6.4076498E-07,0.000006
6.4081498E-07,0.000008
6.4086498E-07,0.000012
6.4091498E-07,0.000015
6.4096498E-07,0.000019
6.4101498E-07,0.000024
6.4106498E-07,0.000029
6.4111498E-07,0.000035
6.4116498E-07,0.000041
6.4121498E-07,0.000049
6.4126498E-07,0.000056
6.4131498E-07,0.000064
6.4136498E-07,0.000072
6.4141498E-07,0.000080
6.4146498E-07,0.000088
6.4151498E-07,0.000095
6.4156498E-07,0.000101
6.4161498E-07,0.000107
6.4166498E-07,0.000112
6.4171498E-07,0.000115
6.4176498E-07,0.000118
6.4181498E-07,0.000119
6.4186498E-07,0.000119
6.4191498E-07,0.000119
6.4196498E-07,0.000117
6.4201498E-07,0.000115
6.4206498E-07,0.000113
6.4211498E-07,0.000110
6.4216498E-07,0.000108
6.4221498E-07,0.000106
6.4226498E-07,0.000105
6.4231498E-07,0.000104
6.4236498E-07,0.000105
6.4241498E-07,0.000107
6.4246498E-07,0.000110
6.4251498E-07,0.000115
6.4256498E-07,0.000120
6.4261498E-07,0.000126
6.4266498E-07,0.000133
6.4271498E-07,0.000140
6.4276498E-07,0.000148
6.4281498E-07,0.000155
6.4286498E-07,0.000162
6.4291498E-07,0.000168
6.4296498E-07,0.000174
6.4301498E-07,0.000179
6.4306498E-07,0.000182
6.4311498E-07,0.000185
6.4316498E-07,0.000186
6.4321498E-07,0.000187
6.4326498E-07,0.000187
6.4331498E-07,0.000186
6.4336498E-07,0.000185
6.4341498E-07,0.000184
6.4346498E-07,0.000183
6.4351498E-07,0.000182
6.4356498E-07,0.000181
6.4361498E-07,0.000181
6.4366498E-07,0.000181
6.4371498E-07,0.000182
6.4376498E-07,0.000183
6.4381498E-07,0.000185
6.4386498E-07,0.000186
6.4391498E-07,0.000188
6.4396498E-07,0.000189
6.4401498E-07,0.000189
6.4406498E-07,0.000188
6.4411498E-07,0.000185
6.4416498E-07,0.000182
6.4421498E-07,0.000176
6.4426498E-07,0.000169
6.4431498E-07,0.000159
6.4436498E-07,0.000148
6.4441498E-07,0.000136
6.4446498E-07,0.000121
6.4451498E-07,0.000106
6.4456498E-07,0.000089
6.4461498E-07,0.000072
6.4466498E-07,0.000055
6.4471498E-07,0.000038
6.4476498E-07,0.000021
6.4481498E-07,0.000005
6.4486498E-07,-0.000010
6.4491498E-07,-0.000024
6.4496498E-07,-0.000036
6.4501498E-07,-0.000047
6.4506498E-07,-0.000056
6.4511498E-07,-0.000064
6.4516498E-07,-0.000070
6.4521498E-07,-0.000076
6.4526498E-07,-0.000080
6.4531498E-07,-0.000084
6.4536498E-07,-0.000088
6.4541498E-07,-0.000091
6.4546498E-07,-0.000094
6.4551498E-07,-0.000098
6.4556498E-07,-0.000101
6.4561498E-07,-0.000105
6.4566498E-07,-0.000109
6.4571498E-07,-0.000113
6.4576498E-07,-0.000118
6.4581498E-07,-0.000122
6.4586498E-07,-0.000126
6.4591498E-07,-0.000130
6.4596498E-07,-0.000133
6.4601498E-07,-0.000135
6.4606498E-07,-0.000136
6.4611498E-07,-0.000135
6.4616498E-07,-0.000134
6.4621498E-07,-0.000130
6.4626498E-07,-0.000125
6.4631498E-07,-0.000119
6.4636498E-07,-0.000111
6.4641498E-07,-0.000101
6.4646498E-07,-0.000090
6.4651498E-07,-0.000078
6.4656498E-07,-0.000064
6.4661498E-07,-0.000050
6.4666498E-07,-0.000035
6.4671498E-07,-0.000020
6.4676498E-07,-0.000004
6.4681498E-07,0.000012
6.4686498E-07,0.000028
6.4691498E-07,0.000043
6.4696498E-07,0.000059
6.4701498E-07,0.000074
6.4706498E-07,0.000089
6.4711498E-07,0.000104
6.4716498E-07,0.000118
6.4721498E-07,0.000132
6.4726498E-07,0.000147
6.4731498E-07,0.000161
6.4736498E-07,0.000175
6.4741498E-07,0.000189
6.4746498E-07,0.000204
6.4751498E-07,0.000219
6.4756498E-07,0.000234
6.4761498E-07,0.000249
6.4766498E-07,0.000265
6.4771498E-07,0.000280
6.4776498E-07,0.000296
6.4781498E-07,0.000312
6.4786498E-07,0.000328
6.4791498E-07,0.000343
6.4796498E-07,0.000358
6.4801498E-07,0.000372
6.4806498E-07,0.000385
6.4811498E-07,0.000397
6.4816498E-07,0.000408
6.4821498E-07,0.000417
6.4826498E-07,0.000424
6.4831498E-07,0.000429
6.4836498E-07,0.000433
6.4841498E-07,0.000434
6.4846498E-07,0.000434
6.4851498E-07,0.000431
6.4856498E-07,0.000426
6.4861498E-07,0.000419
6.4866498E-07,0.000410
6.4871498E-07,0.000399
6.4876498E-07,0.000386
6.4881498E-07,0.000372
6.4886498E-07,0.000357
6.4891498E-07,0.000341
6.4896498E-07,0.000324
6.4901498E-07,0.000306
6.4906498E-07,0.000288
6.4911498E-07,0.000270
6.4916498E-07,0.000252
6.4921498E-07,0.000234
6.4926498E-07,0.000216
6.4931498E-07,0.000199
6.4936498E-07,0.000182
6.4941498E-07,0.000165
6.4946498E-07,0.000149
6.4951498E-07,0.000133
6.4956498E-07,0.000118
6.4961498E-07,0.000103
6.4966498E-07,0.000089
6.4971498E-07,0.000075
6.4976498E-07,0.000062
6.4981498E-07,0.000050
6.4986498E-07,0.000038
6.4991498E-07,0.000027
6.4996498E-07,0.000017
6.5001498E-07,0.000008
6.5006498E-07,-0.000000
6.5011498E-07,-0.000007
6.5016498E-07,-0.000012
6.5021498E-07,-0.000016
6.5026498E-07,-0.000018
6.5031498E-07,-0.000019
6.5036498E-07,-0.000019
6.5041498E-07,-0.000017
6.5046498E-07,-0.000014
6.5051498E-07,-0.000010
6.5056498E-07,-0.000006
6.5061498E-07,-0.000000
6.5066498E-07,0.000005
6.5071498E-07,0.000010
6.5076498E-07,0.000015
6.5081498E-07,0.000019
6.5086498E-07,0.000022
6.5091498E-07,0.000024
6.5096498E-07,0.000024
6.5101498E-07,0.000023
6.5106498E-07,0.000020
6.5111498E-07,0.000015
6.5116498E-07,0.000009
6.5121498E-07,0.000002
6.5126498E-07,-0.000006
6.5131498E-07,-0.000016
6.5136498E-07,-0.000026
6.5141498E-07,-0.000036
6.5146498E-07,-0.000047
6.5151498E-07,-0.000057
6.5156498E-07,-0.000067
6.5161498E-07,-0.000076
6.5166498E-07,-0.000085
6.5171498E-07,-0.000093
6.5176498E-07,-0.000099
6.5181498E-07,-0.000106
6.5186498E-07,-0.000111
6.5191498E-07,-0.000117
6.5196498E-07,-0.000122
6.5201498E-07,-0.000127
6.5206498E-07,-0.000132
6.5211498E-07,-0.000138
6.5216498E-07,-0.000144
6.5221498E-07,-0.000151
6.5226498E-07,-0.000159
6.5231498E-07,-0.000168
6.5236498E-07,-0.000178
6.5241498E-07,-0.000189
6.5246498E-07,-0.000200
6.5251498E-07,-0.000211
6.5256498E-07,-0.000222
6.5261498E-07,-0.000233
6.5266498E-07,-0.000243
6.5271498E-07,-0.000252
6.5276498E-07,-0.000260
6.5281498E-07,-0.000265
6.5286498E-07,-0.000268
6.5291498E-07,-0.000269
6.5296498E-07,-0.000267
6.5301498E-07,-0.000262
6.5306498E-07,-0.000254
6.5311498E-07,-0.000244
6.5316498E-07,-0.000232
6.5321498E-07,-0.000217
6.5326498E-07,-0.000200
6.5331498E-07,-0.000181
6.5336498E-07,-0.000162
6.5341498E-07,-0.000141
6.5346498E-07,-0.000120
6.5351498E-07,-0.000100
6.5356498E-07,-0.000080
6.5361498E-07,-0.000060
6.5366498E-07,-0.000042
6.5371498E-07,-0.000026
6.5376498E-07,-0.000011
6.5381498E-07,0.000001
6.5386498E-07,0.000012
6.5391498E-07,0.000020
6.5396498E-07,0.000027
6.5401498E-07,0.000031
6.5406498E-07,0.000033
6.5411498E-07,0.000034
6.5416498E-07,0.000033
6.5421498E-07,0.000031
6.5426498E-07,0.000027
6.5431498E-07,0.000023
6.5436498E-07,0.000018
