LECROYWaveRunner‘N,20113,Waveform
Segments,1,SegmentSize,4002
Segment,TrigTime,TimeSinceSegment1
#1,12-Dec-2018 11:37:14,0                 
Time,Ampl
4.5692834E-07,0.000000
4.5697834E-07,-0.000006
4.5702834E-07,-0.000012
4.5707834E-07,-0.000017
4.5712834E-07,-0.000020
4.5717834E-07,-0.000023
4.5722834E-07,-0.000025
4.5727834E-07,-0.000026
4.5732834E-07,-0.000027
4.5737834E-07,-0.000026
4.5742834E-07,-0.000025
4.5747834E-07,-0.000024
4.5752834E-07,-0.000021
4.5757834E-07,-0.000019
4.5762834E-07,-0.000015
4.5767834E-07,-0.000012
4.5772834E-07,-0.000008
4.5777834E-07,-0.000003
4.5782834E-07,0.000001
4.5787834E-07,0.000006
4.5792834E-07,0.000012
4.5797834E-07,0.000017
4.5802834E-07,0.000023
4.5807834E-07,0.000029
4.5812834E-07,0.000035
4.5817834E-07,0.000042
4.5822834E-07,0.000048
4.5827834E-07,0.000055
4.5832834E-07,0.000061
4.5837834E-07,0.000067
4.5842834E-07,0.000074
4.5847834E-07,0.000079
4.5852834E-07,0.000085
4.5857834E-07,0.000090
4.5862834E-07,0.000094
4.5867834E-07,0.000098
4.5872834E-07,0.000101
4.5877834E-07,0.000102
4.5882834E-07,0.000103
4.5887834E-07,0.000104
4.5892834E-07,0.000103
4.5897834E-07,0.000101
4.5902834E-07,0.000099
4.5907834E-07,0.000095
4.5912834E-07,0.000092
4.5917834E-07,0.000088
4.5922834E-07,0.000083
4.5927834E-07,0.000079
4.5932834E-07,0.000075
4.5937834E-07,0.000071
4.5942834E-07,0.000067
4.5947834E-07,0.000064
4.5952834E-07,0.000062
4.5957834E-07,0.000060
4.5962834E-07,0.000059
4.5967834E-07,0.000059
4.5972834E-07,0.000059
4.5977834E-07,0.000060
4.5982834E-07,0.000061
4.5987834E-07,0.000063
4.5992834E-07,0.000065
4.5997834E-07,0.000067
4.6002834E-07,0.000068
4.6007834E-07,0.000070
4.6012834E-07,0.000071
4.6017834E-07,0.000073
4.6022834E-07,0.000073
4.6027834E-07,0.000074
4.6032834E-07,0.000074
4.6037834E-07,0.000073
4.6042834E-07,0.000072
4.6047834E-07,0.000072
4.6052834E-07,0.000070
4.6057834E-07,0.000069
4.6062834E-07,0.000068
4.6067834E-07,0.000067
4.6072834E-07,0.000067
4.6077834E-07,0.000066
4.6082834E-07,0.000066
4.6087834E-07,0.000066
4.6092834E-07,0.000067
4.6097834E-07,0.000067
4.6102834E-07,0.000068
4.6107834E-07,0.000069
4.6112834E-07,0.000070
4.6117834E-07,0.000071
4.6122834E-07,0.000072
4.6127834E-07,0.000072
4.6132834E-07,0.000072
4.6137834E-07,0.000072
4.6142834E-07,0.000072
4.6147834E-07,0.000071
4.6152834E-07,0.000070
4.6157834E-07,0.000069
4.6162834E-07,0.000067
4.6167834E-07,0.000064
4.6172834E-07,0.000062
4.6177834E-07,0.000059
4.6182834E-07,0.000057
4.6187834E-07,0.000054
4.6192834E-07,0.000051
4.6197834E-07,0.000048
4.6202834E-07,0.000044
4.6207834E-07,0.000041
4.6212834E-07,0.000038
4.6217834E-07,0.000034
4.6222834E-07,0.000030
4.6227834E-07,0.000026
4.6232834E-07,0.000022
4.6237834E-07,0.000017
4.6242834E-07,0.000011
4.6247834E-07,0.000005
4.6252834E-07,-0.000002
4.6257834E-07,-0.000009
4.6262834E-07,-0.000017
4.6267834E-07,-0.000026
4.6272834E-07,-0.000035
4.6277834E-07,-0.000045
4.6282834E-07,-0.000054
4.6287834E-07,-0.000064
4.6292834E-07,-0.000074
4.6297834E-07,-0.000084
4.6302834E-07,-0.000093
4.6307834E-07,-0.000102
4.6312834E-07,-0.000110
4.6317834E-07,-0.000118
4.6322834E-07,-0.000125
4.6327834E-07,-0.000130
4.6332834E-07,-0.000135
4.6337834E-07,-0.000139
4.6342834E-07,-0.000143
4.6347834E-07,-0.000145
4.6352834E-07,-0.000147
4.6357834E-07,-0.000148
4.6362834E-07,-0.000148
4.6367834E-07,-0.000149
4.6372834E-07,-0.000149
4.6377834E-07,-0.000149
4.6382834E-07,-0.000149
4.6387834E-07,-0.000149
4.6392834E-07,-0.000150
4.6397834E-07,-0.000151
4.6402834E-07,-0.000152
4.6407834E-07,-0.000153
4.6412834E-07,-0.000155
4.6417834E-07,-0.000157
4.6422834E-07,-0.000159
4.6427834E-07,-0.000161
4.6432834E-07,-0.000163
4.6437834E-07,-0.000165
4.6442834E-07,-0.000167
4.6447834E-07,-0.000168
4.6452834E-07,-0.000169
4.6457834E-07,-0.000169
4.6462834E-07,-0.000169
4.6467834E-07,-0.000167
4.6472834E-07,-0.000165
4.6477834E-07,-0.000162
4.6482834E-07,-0.000158
4.6487834E-07,-0.000153
4.6492834E-07,-0.000147
4.6497834E-07,-0.000141
4.6502834E-07,-0.000133
4.6507834E-07,-0.000125
4.6512834E-07,-0.000117
4.6517834E-07,-0.000108
4.6522834E-07,-0.000098
4.6527834E-07,-0.000088
4.6532834E-07,-0.000079
4.6537834E-07,-0.000069
4.6542834E-07,-0.000059
4.6547834E-07,-0.000049
4.6552834E-07,-0.000040
4.6557834E-07,-0.000031
4.6562834E-07,-0.000023
4.6567834E-07,-0.000014
4.6572834E-07,-0.000007
4.6577834E-07,0.000001
4.6582834E-07,0.000008
4.6587834E-07,0.000015
4.6592834E-07,0.000021
4.6597834E-07,0.000028
4.6602834E-07,0.000034
4.6607834E-07,0.000041
4.6612834E-07,0.000047
4.6617834E-07,0.000054
4.6622834E-07,0.000061
4.6627834E-07,0.000067
4.6632834E-07,0.000074
4.6637834E-07,0.000082
4.6642834E-07,0.000089
4.6647834E-07,0.000096
4.6652834E-07,0.000103
4.6657834E-07,0.000110
4.6662834E-07,0.000117
4.6667834E-07,0.000123
4.6672834E-07,0.000129
4.6677834E-07,0.000135
4.6682834E-07,0.000140
4.6687834E-07,0.000144
4.6692834E-07,0.000148
4.6697834E-07,0.000151
4.6702834E-07,0.000154
4.6707834E-07,0.000156
4.6712834E-07,0.000157
4.6717834E-07,0.000159
4.6722834E-07,0.000160
4.6727834E-07,0.000161
4.6732834E-07,0.000162
4.6737834E-07,0.000164
4.6742834E-07,0.000166
4.6747834E-07,0.000168
4.6752834E-07,0.000170
4.6757834E-07,0.000173
4.6762834E-07,0.000177
4.6767834E-07,0.000181
4.6772834E-07,0.000185
4.6777834E-07,0.000190
4.6782834E-07,0.000195
4.6787834E-07,0.000199
4.6792834E-07,0.000204
4.6797834E-07,0.000208
4.6802834E-07,0.000212
4.6807834E-07,0.000215
4.6812834E-07,0.000217
4.6817834E-07,0.000218
4.6822834E-07,0.000219
4.6827834E-07,0.000218
4.6832834E-07,0.000216
4.6837834E-07,0.000214
4.6842834E-07,0.000210
4.6847834E-07,0.000206
4.6852834E-07,0.000201
4.6857834E-07,0.000195
4.6862834E-07,0.000189
4.6867834E-07,0.000183
4.6872834E-07,0.000177
4.6877834E-07,0.000170
4.6882834E-07,0.000164
4.6887834E-07,0.000159
4.6892834E-07,0.000154
4.6897834E-07,0.000149
4.6902834E-07,0.000145
4.6907834E-07,0.000141
4.6912834E-07,0.000138
4.6917834E-07,0.000136
4.6922834E-07,0.000135
4.6927834E-07,0.000134
4.6932834E-07,0.000134
4.6937834E-07,0.000135
4.6942834E-07,0.000137
4.6947834E-07,0.000139
4.6952834E-07,0.000142
4.6957834E-07,0.000145
4.6962834E-07,0.000150
4.6967834E-07,0.000155
4.6972834E-07,0.000161
4.6977834E-07,0.000168
4.6982834E-07,0.000175
4.6987834E-07,0.000184
4.6992834E-07,0.000192
4.6997834E-07,0.000202
4.7002834E-07,0.000212
4.7007834E-07,0.000222
4.7012834E-07,0.000232
4.7017834E-07,0.000243
4.7022834E-07,0.000253
4.7027834E-07,0.000263
4.7032834E-07,0.000273
4.7037834E-07,0.000282
4.7042834E-07,0.000290
4.7047834E-07,0.000297
4.7052834E-07,0.000303
4.7057834E-07,0.000307
4.7062834E-07,0.000311
4.7067834E-07,0.000312
4.7072834E-07,0.000313
4.7077834E-07,0.000312
4.7082834E-07,0.000309
4.7087834E-07,0.000306
4.7092834E-07,0.000301
4.7097834E-07,0.000295
4.7102834E-07,0.000288
4.7107834E-07,0.000280
4.7112834E-07,0.000271
4.7117834E-07,0.000262
4.7122834E-07,0.000253
4.7127834E-07,0.000243
4.7132834E-07,0.000233
4.7137834E-07,0.000223
4.7142834E-07,0.000213
4.7147834E-07,0.000203
4.7152834E-07,0.000194
4.7157834E-07,0.000184
4.7162834E-07,0.000176
4.7167834E-07,0.000167
4.7172834E-07,0.000159
4.7177834E-07,0.000151
4.7182834E-07,0.000144
4.7187834E-07,0.000137
4.7192834E-07,0.000130
4.7197834E-07,0.000124
4.7202834E-07,0.000118
4.7207834E-07,0.000113
4.7212834E-07,0.000108
4.7217834E-07,0.000103
4.7222834E-07,0.000098
4.7227834E-07,0.000093
4.7232834E-07,0.000089
4.7237834E-07,0.000084
4.7242834E-07,0.000080
4.7247834E-07,0.000076
4.7252834E-07,0.000072
4.7257834E-07,0.000068
4.7262834E-07,0.000064
4.7267834E-07,0.000060
4.7272834E-07,0.000056
4.7277834E-07,0.000052
4.7282834E-07,0.000048
4.7287834E-07,0.000044
4.7292834E-07,0.000041
4.7297834E-07,0.000037
4.7302834E-07,0.000033
4.7307834E-07,0.000030
4.7312834E-07,0.000026
4.7317834E-07,0.000023
4.7322834E-07,0.000020
4.7327834E-07,0.000017
4.7332834E-07,0.000014
4.7337834E-07,0.000011
4.7342834E-07,0.000008
4.7347834E-07,0.000005
4.7352834E-07,0.000002
4.7357834E-07,0.000000
4.7362834E-07,-0.000003
4.7367834E-07,-0.000005
4.7372834E-07,-0.000007
4.7377834E-07,-0.000009
4.7382834E-07,-0.000011
4.7387834E-07,-0.000012
4.7392834E-07,-0.000013
4.7397834E-07,-0.000013
4.7402834E-07,-0.000013
4.7407834E-07,-0.000013
4.7412834E-07,-0.000012
4.7417834E-07,-0.000011
4.7422834E-07,-0.000009
4.7427834E-07,-0.000007
4.7432834E-07,-0.000005
4.7437834E-07,-0.000002
4.7442834E-07,0.000001
4.7447834E-07,0.000004
4.7452834E-07,0.000007
4.7457834E-07,0.000010
4.7462834E-07,0.000012
4.7467834E-07,0.000015
4.7472834E-07,0.000017
4.7477834E-07,0.000020
4.7482834E-07,0.000021
4.7487834E-07,0.000023
4.7492834E-07,0.000023
4.7497834E-07,0.000024
4.7502834E-07,0.000024
4.7507834E-07,0.000024
4.7512834E-07,0.000024
4.7517834E-07,0.000024
4.7522834E-07,0.000023
4.7527834E-07,0.000023
4.7532834E-07,0.000023
4.7537834E-07,0.000023
4.7542834E-07,0.000024
4.7547834E-07,0.000025
4.7552834E-07,0.000027
4.7557834E-07,0.000029
4.7562834E-07,0.000031
4.7567834E-07,0.000034
4.7572834E-07,0.000038
4.7577834E-07,0.000042
4.7582834E-07,0.000047
4.7587834E-07,0.000052
4.7592834E-07,0.000057
4.7597834E-07,0.000062
4.7602834E-07,0.000068
4.7607834E-07,0.000073
4.7612834E-07,0.000078
4.7617834E-07,0.000084
4.7622834E-07,0.000089
4.7627834E-07,0.000094
4.7632834E-07,0.000098
4.7637834E-07,0.000102
4.7642834E-07,0.000106
4.7647834E-07,0.000109
4.7652834E-07,0.000112
4.7657834E-07,0.000115
4.7662834E-07,0.000118
4.7667834E-07,0.000120
4.7672834E-07,0.000122
4.7677834E-07,0.000123
4.7682834E-07,0.000124
4.7687834E-07,0.000125
4.7692834E-07,0.000126
4.7697834E-07,0.000127
4.7702834E-07,0.000128
4.7707834E-07,0.000128
4.7712834E-07,0.000129
4.7717834E-07,0.000130
4.7722834E-07,0.000130
4.7727834E-07,0.000131
4.7732834E-07,0.000132
4.7737834E-07,0.000133
4.7742834E-07,0.000135
4.7747834E-07,0.000136
4.7752834E-07,0.000138
4.7757834E-07,0.000141
4.7762834E-07,0.000144
4.7767834E-07,0.000147
4.7772834E-07,0.000150
4.7777834E-07,0.000154
4.7782834E-07,0.000158
4.7787834E-07,0.000162
4.7792834E-07,0.000166
4.7797834E-07,0.000170
4.7802834E-07,0.000173
4.7807834E-07,0.000177
4.7812834E-07,0.000179
4.7817834E-07,0.000181
4.7822834E-07,0.000183
4.7827834E-07,0.000183
4.7832834E-07,0.000182
4.7837834E-07,0.000181
4.7842834E-07,0.000178
4.7847834E-07,0.000174
4.7852834E-07,0.000169
4.7857834E-07,0.000163
4.7862834E-07,0.000155
4.7867834E-07,0.000147
4.7872834E-07,0.000138
4.7877834E-07,0.000129
4.7882834E-07,0.000119
4.7887834E-07,0.000108
4.7892834E-07,0.000098
4.7897834E-07,0.000087
4.7902834E-07,0.000077
4.7907834E-07,0.000068
4.7912834E-07,0.000059
4.7917834E-07,0.000051
4.7922834E-07,0.000043
4.7927834E-07,0.000037
4.7932834E-07,0.000032
4.7937834E-07,0.000028
4.7942834E-07,0.000025
4.7947834E-07,0.000024
4.7952834E-07,0.000024
4.7957834E-07,0.000025
4.7962834E-07,0.000027
4.7967834E-07,0.000030
4.7972834E-07,0.000035
4.7977834E-07,0.000040
4.7982834E-07,0.000046
4.7987834E-07,0.000052
4.7992834E-07,0.000060
4.7997834E-07,0.000067
4.8002834E-07,0.000075
4.8007834E-07,0.000083
4.8012834E-07,0.000091
4.8017834E-07,0.000099
4.8022834E-07,0.000107
4.8027834E-07,0.000114
4.8032834E-07,0.000121
4.8037834E-07,0.000128
4.8042834E-07,0.000135
4.8047834E-07,0.000140
4.8052834E-07,0.000145
4.8057834E-07,0.000150
4.8062834E-07,0.000154
4.8067834E-07,0.000158
4.8072834E-07,0.000160
4.8077834E-07,0.000163
4.8082834E-07,0.000164
4.8087834E-07,0.000165
4.8092834E-07,0.000166
4.8097834E-07,0.000166
4.8102834E-07,0.000165
4.8107834E-07,0.000164
4.8112834E-07,0.000162
4.8117834E-07,0.000160
4.8122834E-07,0.000157
4.8127834E-07,0.000154
4.8132834E-07,0.000150
4.8137834E-07,0.000145
4.8142834E-07,0.000140
4.8147834E-07,0.000135
4.8152834E-07,0.000129
4.8157834E-07,0.000122
4.8162834E-07,0.000115
4.8167834E-07,0.000108
4.8172834E-07,0.000101
4.8177834E-07,0.000094
4.8182834E-07,0.000086
4.8187834E-07,0.000078
4.8192834E-07,0.000071
4.8197834E-07,0.000063
4.8202834E-07,0.000056
4.8207834E-07,0.000049
4.8212834E-07,0.000042
4.8217834E-07,0.000035
4.8222834E-07,0.000029
4.8227834E-07,0.000022
4.8232834E-07,0.000016
4.8237834E-07,0.000011
4.8242834E-07,0.000005
4.8247834E-07,-0.000001
4.8252834E-07,-0.000006
4.8257834E-07,-0.000012
4.8262834E-07,-0.000019
4.8267834E-07,-0.000025
4.8272834E-07,-0.000033
4.8277834E-07,-0.000041
4.8282834E-07,-0.000049
4.8287834E-07,-0.000058
4.8292834E-07,-0.000068
4.8297834E-07,-0.000079
4.8302834E-07,-0.000090
4.8307834E-07,-0.000102
4.8312834E-07,-0.000115
4.8317834E-07,-0.000128
4.8322834E-07,-0.000141
4.8327834E-07,-0.000155
4.8332834E-07,-0.000168
4.8337834E-07,-0.000182
4.8342834E-07,-0.000195
4.8347834E-07,-0.000207
4.8352834E-07,-0.000219
4.8357834E-07,-0.000230
4.8362834E-07,-0.000240
4.8367834E-07,-0.000249
4.8372834E-07,-0.000256
4.8377834E-07,-0.000262
4.8382834E-07,-0.000267
4.8387834E-07,-0.000271
4.8392834E-07,-0.000273
4.8397834E-07,-0.000273
4.8402834E-07,-0.000272
4.8407834E-07,-0.000270
4.8412834E-07,-0.000267
4.8417834E-07,-0.000262
4.8422834E-07,-0.000256
4.8427834E-07,-0.000249
4.8432834E-07,-0.000241
4.8437834E-07,-0.000232
4.8442834E-07,-0.000223
4.8447834E-07,-0.000213
4.8452834E-07,-0.000202
4.8457834E-07,-0.000191
4.8462834E-07,-0.000180
4.8467834E-07,-0.000169
4.8472834E-07,-0.000158
4.8477834E-07,-0.000147
4.8482834E-07,-0.000137
4.8487834E-07,-0.000127
4.8492834E-07,-0.000118
4.8497834E-07,-0.000109
4.8502834E-07,-0.000101
4.8507834E-07,-0.000094
4.8512834E-07,-0.000087
4.8517834E-07,-0.000082
4.8522834E-07,-0.000077
4.8527834E-07,-0.000073
4.8532834E-07,-0.000070
4.8537834E-07,-0.000067
4.8542834E-07,-0.000065
4.8547834E-07,-0.000064
4.8552834E-07,-0.000063
4.8557834E-07,-0.000062
4.8562834E-07,-0.000061
4.8567834E-07,-0.000061
4.8572834E-07,-0.000060
4.8577834E-07,-0.000060
4.8582834E-07,-0.000059
4.8587834E-07,-0.000058
4.8592834E-07,-0.000056
4.8597834E-07,-0.000055
4.8602834E-07,-0.000053
4.8607834E-07,-0.000050
4.8612834E-07,-0.000048
4.8617834E-07,-0.000045
4.8622834E-07,-0.000042
4.8627834E-07,-0.000039
4.8632834E-07,-0.000036
4.8637834E-07,-0.000032
4.8642834E-07,-0.000029
4.8647834E-07,-0.000026
4.8652834E-07,-0.000022
4.8657834E-07,-0.000018
4.8662834E-07,-0.000015
4.8667834E-07,-0.000011
4.8672834E-07,-0.000007
4.8677834E-07,-0.000003
4.8682834E-07,0.000002
4.8687834E-07,0.000007
4.8692834E-07,0.000013
4.8697834E-07,0.000019
4.8702834E-07,0.000026
4.8707834E-07,0.000034
4.8712834E-07,0.000042
4.8717834E-07,0.000052
4.8722834E-07,0.000062
4.8727834E-07,0.000073
4.8732834E-07,0.000086
4.8737834E-07,0.000099
4.8742834E-07,0.000112
4.8747834E-07,0.000127
4.8752834E-07,0.000142
4.8757834E-07,0.000157
4.8762834E-07,0.000172
4.8767834E-07,0.000188
4.8772834E-07,0.000204
4.8777834E-07,0.000219
4.8782834E-07,0.000234
4.8787834E-07,0.000249
4.8792834E-07,0.000263
4.8797834E-07,0.000276
4.8802834E-07,0.000288
4.8807834E-07,0.000299
4.8812834E-07,0.000309
4.8817834E-07,0.000318
4.8822834E-07,0.000325
4.8827834E-07,0.000331
4.8832834E-07,0.000335
4.8837834E-07,0.000338
4.8842834E-07,0.000340
4.8847834E-07,0.000340
4.8852834E-07,0.000339
4.8857834E-07,0.000337
4.8862834E-07,0.000333
4.8867834E-07,0.000329
4.8872834E-07,0.000323
4.8877834E-07,0.000317
4.8882834E-07,0.000310
4.8887834E-07,0.000302
4.8892834E-07,0.000295
4.8897834E-07,0.000287
4.8902834E-07,0.000279
4.8907834E-07,0.000271
4.8912834E-07,0.000264
4.8917834E-07,0.000257
4.8922834E-07,0.000250
4.8927834E-07,0.000244
4.8932834E-07,0.000238
4.8937834E-07,0.000233
4.8942834E-07,0.000228
4.8947834E-07,0.000223
4.8952834E-07,0.000218
4.8957834E-07,0.000213
4.8962834E-07,0.000208
4.8967834E-07,0.000203
4.8972834E-07,0.000197
4.8977834E-07,0.000191
4.8982834E-07,0.000184
4.8987834E-07,0.000177
4.8992834E-07,0.000169
4.8997834E-07,0.000159
4.9002834E-07,0.000149
4.9007834E-07,0.000139
4.9012834E-07,0.000127
4.9017834E-07,0.000115
4.9022834E-07,0.000103
4.9027834E-07,0.000090
4.9032834E-07,0.000076
4.9037834E-07,0.000063
4.9042834E-07,0.000049
4.9047834E-07,0.000036
4.9052834E-07,0.000023
4.9057834E-07,0.000011
4.9062834E-07,-0.000001
4.9067834E-07,-0.000013
4.9072834E-07,-0.000023
4.9077834E-07,-0.000033
4.9082834E-07,-0.000042
4.9087834E-07,-0.000050
4.9092834E-07,-0.000057
4.9097834E-07,-0.000063
4.9102834E-07,-0.000068
4.9107834E-07,-0.000072
4.9112834E-07,-0.000076
4.9117834E-07,-0.000078
4.9122834E-07,-0.000081
4.9127834E-07,-0.000082
4.9132834E-07,-0.000083
4.9137834E-07,-0.000084
4.9142834E-07,-0.000085
4.9147834E-07,-0.000086
4.9152834E-07,-0.000087
4.9157834E-07,-0.000088
4.9162834E-07,-0.000089
4.9167834E-07,-0.000091
4.9172834E-07,-0.000094
4.9177834E-07,-0.000097
4.9182834E-07,-0.000101
4.9187834E-07,-0.000106
4.9192834E-07,-0.000112
4.9197834E-07,-0.000119
4.9202834E-07,-0.000127
4.9207834E-07,-0.000136
4.9212834E-07,-0.000147
4.9217834E-07,-0.000158
4.9222834E-07,-0.000170
4.9227834E-07,-0.000184
4.9232834E-07,-0.000198
4.9237834E-07,-0.000214
4.9242834E-07,-0.000230
4.9247834E-07,-0.000248
4.9252834E-07,-0.000266
4.9257834E-07,-0.000285
4.9262834E-07,-0.000306
4.9267834E-07,-0.000327
4.9272834E-07,-0.000350
4.9277834E-07,-0.000373
4.9282834E-07,-0.000398
4.9287834E-07,-0.000424
4.9292834E-07,-0.000452
4.9297834E-07,-0.000482
4.9302834E-07,-0.000513
4.9307834E-07,-0.000546
4.9312834E-07,-0.000581
4.9317834E-07,-0.000619
4.9322834E-07,-0.000659
4.9327834E-07,-0.000702
4.9332834E-07,-0.000747
4.9337834E-07,-0.000795
4.9342834E-07,-0.000847
4.9347834E-07,-0.000901
4.9352834E-07,-0.000959
4.9357834E-07,-0.001020
4.9362834E-07,-0.001085
4.9367834E-07,-0.001153
4.9372834E-07,-0.001225
4.9377834E-07,-0.001301
4.9382834E-07,-0.001380
4.9387834E-07,-0.001463
4.9392834E-07,-0.001550
4.9397834E-07,-0.001641
4.9402834E-07,-0.001735
4.9407834E-07,-0.001833
4.9412834E-07,-0.001935
4.9417834E-07,-0.002041
4.9422834E-07,-0.002150
4.9427834E-07,-0.002262
4.9432834E-07,-0.002379
4.9437834E-07,-0.002498
4.9442834E-07,-0.002621
4.9447834E-07,-0.002747
4.9452834E-07,-0.002877
4.9457834E-07,-0.003010
4.9462834E-07,-0.003145
4.9467834E-07,-0.003284
4.9472834E-07,-0.003425
4.9477834E-07,-0.003569
4.9482834E-07,-0.003716
4.9487834E-07,-0.003865
4.9492834E-07,-0.004017
4.9497834E-07,-0.004171
4.9502834E-07,-0.004327
4.9507834E-07,-0.004486
4.9512834E-07,-0.004646
4.9517834E-07,-0.004808
4.9522834E-07,-0.004972
4.9527834E-07,-0.005138
4.9532834E-07,-0.005305
4.9537834E-07,-0.005473
4.9542834E-07,-0.005642
4.9547834E-07,-0.005812
4.9552834E-07,-0.005982
4.9557834E-07,-0.006153
4.9562834E-07,-0.006324
4.9567834E-07,-0.006494
4.9572834E-07,-0.006663
4.9577834E-07,-0.006832
4.9582834E-07,-0.006999
4.9587834E-07,-0.007164
4.9592834E-07,-0.007327
4.9597834E-07,-0.007488
4.9602834E-07,-0.007646
4.9607834E-07,-0.007800
4.9612834E-07,-0.007952
4.9617834E-07,-0.008099
4.9622834E-07,-0.008243
4.9627834E-07,-0.008382
4.9632834E-07,-0.008517
4.9637834E-07,-0.008647
4.9642834E-07,-0.008772
4.9647834E-07,-0.008892
4.9652834E-07,-0.009006
4.9657834E-07,-0.009115
4.9662834E-07,-0.009219
4.9667834E-07,-0.009317
4.9672834E-07,-0.009409
4.9677834E-07,-0.009496
4.9682834E-07,-0.009576
4.9687834E-07,-0.009651
4.9692834E-07,-0.009719
4.9697834E-07,-0.009782
4.9702834E-07,-0.009839
4.9707834E-07,-0.009889
4.9712834E-07,-0.009934
4.9717834E-07,-0.009973
4.9722834E-07,-0.010006
4.9727834E-07,-0.010034
4.9732834E-07,-0.010056
4.9737834E-07,-0.010072
4.9742834E-07,-0.010084
4.9747834E-07,-0.010091
4.9752834E-07,-0.010092
4.9757834E-07,-0.010090
4.9762834E-07,-0.010082
4.9767834E-07,-0.010071
4.9772834E-07,-0.010055
4.9777834E-07,-0.010036
4.9782834E-07,-0.010013
4.9787834E-07,-0.009987
4.9792834E-07,-0.009957
4.9797834E-07,-0.009924
4.9802834E-07,-0.009889
4.9807834E-07,-0.009850
4.9812834E-07,-0.009808
4.9817834E-07,-0.009764
4.9822834E-07,-0.009717
4.9827834E-07,-0.009668
4.9832834E-07,-0.009617
4.9837834E-07,-0.009563
4.9842834E-07,-0.009507
4.9847834E-07,-0.009450
4.9852834E-07,-0.009391
4.9857834E-07,-0.009330
4.9862834E-07,-0.009268
4.9867834E-07,-0.009204
4.9872834E-07,-0.009140
4.9877834E-07,-0.009075
4.9882834E-07,-0.009009
4.9887834E-07,-0.008942
4.9892834E-07,-0.008876
4.9897834E-07,-0.008809
4.9902834E-07,-0.008742
4.9907834E-07,-0.008675
4.9912834E-07,-0.008608
4.9917834E-07,-0.008542
4.9922834E-07,-0.008476
4.9927834E-07,-0.008411
4.9932834E-07,-0.008346
4.9937834E-07,-0.008282
4.9942834E-07,-0.008219
4.9947834E-07,-0.008156
4.9952834E-07,-0.008094
4.9957834E-07,-0.008033
4.9962834E-07,-0.007973
4.9967834E-07,-0.007913
4.9972834E-07,-0.007855
4.9977834E-07,-0.007797
4.9982834E-07,-0.007740
4.9987834E-07,-0.007684
4.9992834E-07,-0.007629
4.9997834E-07,-0.007575
5.0002834E-07,-0.007521
5.0007834E-07,-0.007469
5.0012834E-07,-0.007417
5.0017834E-07,-0.007365
5.0022834E-07,-0.007315
5.0027834E-07,-0.007265
5.0032834E-07,-0.007216
5.0037834E-07,-0.007168
5.0042834E-07,-0.007120
5.0047834E-07,-0.007074
5.0052834E-07,-0.007028
5.0057834E-07,-0.006982
5.0062834E-07,-0.006938
5.0067834E-07,-0.006894
5.0072834E-07,-0.006851
5.0077834E-07,-0.006808
5.0082834E-07,-0.006766
5.0087834E-07,-0.006725
5.0092834E-07,-0.006685
5.0097834E-07,-0.006645
5.0102834E-07,-0.006606
5.0107834E-07,-0.006567
5.0112834E-07,-0.006528
5.0117834E-07,-0.006490
5.0122834E-07,-0.006451
5.0127834E-07,-0.006412
5.0132834E-07,-0.006373
5.0137834E-07,-0.006333
5.0142834E-07,-0.006293
5.0147834E-07,-0.006252
5.0152834E-07,-0.006209
5.0157834E-07,-0.006166
5.0162834E-07,-0.006121
5.0167834E-07,-0.006075
5.0172834E-07,-0.006027
5.0177834E-07,-0.005978
5.0182834E-07,-0.005927
5.0187834E-07,-0.005874
5.0192834E-07,-0.005820
5.0197834E-07,-0.005765
5.0202834E-07,-0.005708
5.0207834E-07,-0.005649
5.0212834E-07,-0.005590
5.0217834E-07,-0.005529
5.0222834E-07,-0.005467
5.0227834E-07,-0.005405
5.0232834E-07,-0.005342
5.0237834E-07,-0.005278
5.0242834E-07,-0.005214
5.0247834E-07,-0.005150
5.0252834E-07,-0.005085
5.0257834E-07,-0.005021
5.0262834E-07,-0.004957
5.0267834E-07,-0.004893
5.0272834E-07,-0.004829
5.0277834E-07,-0.004766
5.0282834E-07,-0.004703
5.0287834E-07,-0.004641
5.0292834E-07,-0.004579
5.0297834E-07,-0.004518
5.0302834E-07,-0.004458
5.0307834E-07,-0.004398
5.0312834E-07,-0.004339
5.0317834E-07,-0.004281
5.0322834E-07,-0.004223
5.0327834E-07,-0.004166
5.0332834E-07,-0.004109
5.0337834E-07,-0.004053
5.0342834E-07,-0.003997
5.0347834E-07,-0.003942
5.0352834E-07,-0.003887
5.0357834E-07,-0.003833
5.0362834E-07,-0.003779
5.0367834E-07,-0.003725
5.0372834E-07,-0.003672
5.0377834E-07,-0.003619
5.0382834E-07,-0.003567
5.0387834E-07,-0.003516
5.0392834E-07,-0.003465
5.0397834E-07,-0.003415
5.0402834E-07,-0.003365
5.0407834E-07,-0.003317
5.0412834E-07,-0.003270
5.0417834E-07,-0.003224
5.0422834E-07,-0.003180
5.0427834E-07,-0.003137
5.0432834E-07,-0.003095
5.0437834E-07,-0.003056
5.0442834E-07,-0.003018
5.0447834E-07,-0.002982
5.0452834E-07,-0.002948
5.0457834E-07,-0.002915
5.0462834E-07,-0.002885
5.0467834E-07,-0.002856
5.0472834E-07,-0.002828
5.0477834E-07,-0.002802
5.0482834E-07,-0.002777
5.0487834E-07,-0.002752
5.0492834E-07,-0.002729
5.0497834E-07,-0.002707
5.0502834E-07,-0.002685
5.0507834E-07,-0.002663
5.0512834E-07,-0.002642
5.0517834E-07,-0.002621
5.0522834E-07,-0.002601
5.0527834E-07,-0.002581
5.0532834E-07,-0.002561
5.0537834E-07,-0.002543
5.0542834E-07,-0.002525
5.0547834E-07,-0.002508
5.0552834E-07,-0.002492
5.0557834E-07,-0.002478
5.0562834E-07,-0.002465
5.0567834E-07,-0.002455
5.0572834E-07,-0.002447
5.0577834E-07,-0.002442
5.0582834E-07,-0.002438
5.0587834E-07,-0.002438
5.0592834E-07,-0.002440
5.0597834E-07,-0.002445
5.0602834E-07,-0.002452
5.0607834E-07,-0.002462
5.0612834E-07,-0.002474
5.0617834E-07,-0.002488
5.0622834E-07,-0.002503
5.0627834E-07,-0.002520
5.0632834E-07,-0.002538
5.0637834E-07,-0.002556
5.0642834E-07,-0.002575
5.0647834E-07,-0.002594
5.0652834E-07,-0.002613
5.0657834E-07,-0.002631
5.0662834E-07,-0.002649
5.0667834E-07,-0.002667
5.0672834E-07,-0.002683
5.0677834E-07,-0.002699
5.0682834E-07,-0.002715
5.0687834E-07,-0.002729
5.0692834E-07,-0.002743
5.0697834E-07,-0.002757
5.0702834E-07,-0.002769
5.0707834E-07,-0.002782
5.0712834E-07,-0.002794
5.0717834E-07,-0.002805
5.0722834E-07,-0.002816
5.0727834E-07,-0.002827
5.0732834E-07,-0.002837
5.0737834E-07,-0.002846
5.0742834E-07,-0.002855
5.0747834E-07,-0.002862
5.0752834E-07,-0.002869
5.0757834E-07,-0.002874
5.0762834E-07,-0.002877
5.0767834E-07,-0.002879
5.0772834E-07,-0.002879
5.0777834E-07,-0.002877
5.0782834E-07,-0.002873
5.0787834E-07,-0.002867
5.0792834E-07,-0.002858
5.0797834E-07,-0.002847
5.0802834E-07,-0.002833
5.0807834E-07,-0.002818
5.0812834E-07,-0.002799
5.0817834E-07,-0.002779
5.0822834E-07,-0.002757
5.0827834E-07,-0.002733
5.0832834E-07,-0.002708
5.0837834E-07,-0.002681
5.0842834E-07,-0.002652
5.0847834E-07,-0.002623
5.0852834E-07,-0.002593
5.0857834E-07,-0.002563
5.0862834E-07,-0.002532
5.0867834E-07,-0.002501
5.0872834E-07,-0.002470
5.0877834E-07,-0.002439
5.0882834E-07,-0.002408
5.0887834E-07,-0.002378
5.0892834E-07,-0.002348
5.0897834E-07,-0.002319
5.0902834E-07,-0.002291
5.0907834E-07,-0.002263
5.0912834E-07,-0.002236
5.0917834E-07,-0.002210
5.0922834E-07,-0.002184
5.0927834E-07,-0.002159
5.0932834E-07,-0.002135
5.0937834E-07,-0.002111
5.0942834E-07,-0.002088
5.0947834E-07,-0.002065
5.0952834E-07,-0.002043
5.0957834E-07,-0.002021
5.0962834E-07,-0.002000
5.0967834E-07,-0.001980
5.0972834E-07,-0.001960
5.0977834E-07,-0.001940
5.0982834E-07,-0.001922
5.0987834E-07,-0.001903
5.0992834E-07,-0.001886
5.0997834E-07,-0.001869
5.1002834E-07,-0.001853
5.1007834E-07,-0.001837
5.1012834E-07,-0.001823
5.1017834E-07,-0.001809
5.1022834E-07,-0.001795
5.1027834E-07,-0.001782
5.1032834E-07,-0.001770
5.1037834E-07,-0.001758
5.1042834E-07,-0.001746
5.1047834E-07,-0.001735
5.1052834E-07,-0.001724
5.1057834E-07,-0.001712
5.1062834E-07,-0.001701
5.1067834E-07,-0.001690
5.1072834E-07,-0.001678
5.1077834E-07,-0.001666
5.1082834E-07,-0.001653
5.1087834E-07,-0.001641
5.1092834E-07,-0.001628
5.1097834E-07,-0.001616
5.1102834E-07,-0.001603
5.1107834E-07,-0.001590
5.1112834E-07,-0.001577
5.1117834E-07,-0.001565
5.1122834E-07,-0.001553
5.1127834E-07,-0.001542
5.1132834E-07,-0.001531
5.1137834E-07,-0.001522
5.1142834E-07,-0.001513
5.1147834E-07,-0.001504
5.1152834E-07,-0.001497
5.1157834E-07,-0.001491
5.1162834E-07,-0.001486
5.1167834E-07,-0.001481
5.1172834E-07,-0.001478
5.1177834E-07,-0.001475
5.1182834E-07,-0.001473
5.1187834E-07,-0.001472
5.1192834E-07,-0.001471
5.1197834E-07,-0.001471
5.1202834E-07,-0.001472
5.1207834E-07,-0.001474
5.1212834E-07,-0.001476
5.1217834E-07,-0.001479
5.1222834E-07,-0.001483
5.1227834E-07,-0.001488
5.1232834E-07,-0.001494
5.1237834E-07,-0.001501
5.1242834E-07,-0.001508
5.1247834E-07,-0.001517
5.1252834E-07,-0.001526
5.1257834E-07,-0.001537
5.1262834E-07,-0.001548
5.1267834E-07,-0.001559
5.1272834E-07,-0.001571
5.1277834E-07,-0.001583
5.1282834E-07,-0.001595
5.1287834E-07,-0.001607
5.1292834E-07,-0.001618
5.1297834E-07,-0.001629
5.1302834E-07,-0.001638
5.1307834E-07,-0.001647
5.1312834E-07,-0.001653
5.1317834E-07,-0.001659
5.1322834E-07,-0.001662
5.1327834E-07,-0.001664
5.1332834E-07,-0.001665
5.1337834E-07,-0.001663
5.1342834E-07,-0.001660
5.1347834E-07,-0.001655
5.1352834E-07,-0.001649
5.1357834E-07,-0.001641
5.1362834E-07,-0.001632
5.1367834E-07,-0.001623
5.1372834E-07,-0.001612
5.1377834E-07,-0.001601
5.1382834E-07,-0.001589
5.1387834E-07,-0.001577
5.1392834E-07,-0.001564
5.1397834E-07,-0.001551
5.1402834E-07,-0.001538
5.1407834E-07,-0.001524
5.1412834E-07,-0.001510
5.1417834E-07,-0.001496
5.1422834E-07,-0.001481
5.1427834E-07,-0.001466
5.1432834E-07,-0.001450
5.1437834E-07,-0.001434
5.1442834E-07,-0.001417
5.1447834E-07,-0.001399
5.1452834E-07,-0.001381
5.1457834E-07,-0.001362
5.1462834E-07,-0.001342
5.1467834E-07,-0.001322
5.1472834E-07,-0.001302
5.1477834E-07,-0.001281
5.1482834E-07,-0.001261
5.1487834E-07,-0.001240
5.1492834E-07,-0.001220
5.1497834E-07,-0.001200
5.1502834E-07,-0.001180
5.1507834E-07,-0.001160
5.1512834E-07,-0.001142
5.1517834E-07,-0.001124
5.1522834E-07,-0.001106
5.1527834E-07,-0.001090
5.1532834E-07,-0.001074
5.1537834E-07,-0.001058
5.1542834E-07,-0.001043
5.1547834E-07,-0.001029
5.1552834E-07,-0.001015
5.1557834E-07,-0.001001
5.1562834E-07,-0.000987
5.1567834E-07,-0.000974
5.1572834E-07,-0.000961
5.1577834E-07,-0.000948
5.1582834E-07,-0.000934
5.1587834E-07,-0.000921
5.1592834E-07,-0.000908
5.1597834E-07,-0.000895
5.1602834E-07,-0.000883
5.1607834E-07,-0.000871
5.1612834E-07,-0.000859
5.1617834E-07,-0.000848
5.1622834E-07,-0.000837
5.1627834E-07,-0.000827
5.1632834E-07,-0.000819
5.1637834E-07,-0.000811
5.1642834E-07,-0.000805
5.1647834E-07,-0.000800
5.1652834E-07,-0.000797
5.1657834E-07,-0.000795
5.1662834E-07,-0.000795
5.1667834E-07,-0.000795
5.1672834E-07,-0.000798
5.1677834E-07,-0.000802
5.1682834E-07,-0.000807
5.1687834E-07,-0.000813
5.1692834E-07,-0.000820
5.1697834E-07,-0.000828
5.1702834E-07,-0.000836
5.1707834E-07,-0.000845
5.1712834E-07,-0.000855
5.1717834E-07,-0.000864
5.1722834E-07,-0.000874
5.1727834E-07,-0.000883
5.1732834E-07,-0.000892
5.1737834E-07,-0.000901
5.1742834E-07,-0.000910
5.1747834E-07,-0.000918
5.1752834E-07,-0.000926
5.1757834E-07,-0.000933
5.1762834E-07,-0.000941
5.1767834E-07,-0.000948
5.1772834E-07,-0.000954
5.1777834E-07,-0.000961
5.1782834E-07,-0.000967
5.1787834E-07,-0.000974
5.1792834E-07,-0.000980
5.1797834E-07,-0.000987
5.1802834E-07,-0.000994
5.1807834E-07,-0.001000
5.1812834E-07,-0.001007
5.1817834E-07,-0.001014
5.1822834E-07,-0.001021
5.1827834E-07,-0.001028
5.1832834E-07,-0.001034
5.1837834E-07,-0.001040
5.1842834E-07,-0.001046
5.1847834E-07,-0.001051
5.1852834E-07,-0.001055
5.1857834E-07,-0.001059
5.1862834E-07,-0.001061
5.1867834E-07,-0.001063
5.1872834E-07,-0.001064
5.1877834E-07,-0.001064
5.1882834E-07,-0.001063
5.1887834E-07,-0.001061
5.1892834E-07,-0.001058
5.1897834E-07,-0.001055
5.1902834E-07,-0.001052
5.1907834E-07,-0.001048
5.1912834E-07,-0.001044
5.1917834E-07,-0.001041
5.1922834E-07,-0.001038
5.1927834E-07,-0.001036
5.1932834E-07,-0.001035
5.1937834E-07,-0.001034
5.1942834E-07,-0.001035
5.1947834E-07,-0.001036
5.1952834E-07,-0.001039
5.1957834E-07,-0.001043
5.1962834E-07,-0.001048
5.1967834E-07,-0.001053
5.1972834E-07,-0.001060
5.1977834E-07,-0.001066
5.1982834E-07,-0.001073
5.1987834E-07,-0.001080
5.1992834E-07,-0.001087
5.1997834E-07,-0.001093
5.2002834E-07,-0.001098
5.2007834E-07,-0.001103
5.2012834E-07,-0.001106
5.2017834E-07,-0.001108
5.2022834E-07,-0.001109
5.2027834E-07,-0.001108
5.2032834E-07,-0.001106
5.2037834E-07,-0.001102
5.2042834E-07,-0.001097
5.2047834E-07,-0.001090
5.2052834E-07,-0.001082
5.2057834E-07,-0.001072
5.2062834E-07,-0.001061
5.2067834E-07,-0.001049
5.2072834E-07,-0.001036
5.2077834E-07,-0.001022
5.2082834E-07,-0.001007
5.2087834E-07,-0.000991
5.2092834E-07,-0.000974
5.2097834E-07,-0.000957
5.2102834E-07,-0.000939
5.2107834E-07,-0.000921
5.2112834E-07,-0.000902
5.2117834E-07,-0.000883
5.2122834E-07,-0.000864
5.2127834E-07,-0.000844
5.2132834E-07,-0.000825
5.2137834E-07,-0.000806
5.2142834E-07,-0.000787
5.2147834E-07,-0.000769
5.2152834E-07,-0.000752
5.2157834E-07,-0.000736
5.2162834E-07,-0.000721
5.2167834E-07,-0.000708
5.2172834E-07,-0.000697
5.2177834E-07,-0.000687
5.2182834E-07,-0.000679
5.2187834E-07,-0.000674
5.2192834E-07,-0.000671
5.2197834E-07,-0.000669
5.2202834E-07,-0.000670
5.2207834E-07,-0.000674
5.2212834E-07,-0.000678
5.2217834E-07,-0.000685
5.2222834E-07,-0.000693
5.2227834E-07,-0.000702
5.2232834E-07,-0.000712
5.2237834E-07,-0.000722
5.2242834E-07,-0.000732
5.2247834E-07,-0.000742
5.2252834E-07,-0.000751
5.2257834E-07,-0.000760
5.2262834E-07,-0.000767
5.2267834E-07,-0.000773
5.2272834E-07,-0.000778
5.2277834E-07,-0.000781
5.2282834E-07,-0.000782
5.2287834E-07,-0.000782
5.2292834E-07,-0.000780
5.2297834E-07,-0.000777
5.2302834E-07,-0.000772
5.2307834E-07,-0.000766
5.2312834E-07,-0.000759
5.2317834E-07,-0.000752
5.2322834E-07,-0.000743
5.2327834E-07,-0.000735
5.2332834E-07,-0.000726
5.2337834E-07,-0.000717
5.2342834E-07,-0.000708
5.2347834E-07,-0.000700
5.2352834E-07,-0.000692
5.2357834E-07,-0.000685
5.2362834E-07,-0.000678
5.2367834E-07,-0.000672
5.2372834E-07,-0.000667
5.2377834E-07,-0.000662
5.2382834E-07,-0.000658
5.2387834E-07,-0.000654
5.2392834E-07,-0.000651
5.2397834E-07,-0.000648
5.2402834E-07,-0.000646
5.2407834E-07,-0.000644
5.2412834E-07,-0.000642
5.2417834E-07,-0.000640
5.2422834E-07,-0.000638
5.2427834E-07,-0.000637
5.2432834E-07,-0.000635
5.2437834E-07,-0.000634
5.2442834E-07,-0.000632
5.2447834E-07,-0.000631
5.2452834E-07,-0.000629
5.2457834E-07,-0.000627
5.2462834E-07,-0.000625
5.2467834E-07,-0.000623
5.2472834E-07,-0.000620
5.2477834E-07,-0.000617
5.2482834E-07,-0.000614
5.2487834E-07,-0.000611
5.2492834E-07,-0.000607
5.2497834E-07,-0.000602
5.2502834E-07,-0.000598
5.2507834E-07,-0.000592
5.2512834E-07,-0.000586
5.2517834E-07,-0.000580
5.2522834E-07,-0.000572
5.2527834E-07,-0.000565
5.2532834E-07,-0.000556
5.2537834E-07,-0.000547
5.2542834E-07,-0.000538
5.2547834E-07,-0.000528
5.2552834E-07,-0.000517
5.2557834E-07,-0.000507
5.2562834E-07,-0.000496
5.2567834E-07,-0.000485
5.2572834E-07,-0.000475
5.2577834E-07,-0.000464
5.2582834E-07,-0.000454
5.2587834E-07,-0.000444
5.2592834E-07,-0.000435
5.2597834E-07,-0.000426
5.2602834E-07,-0.000418
5.2607834E-07,-0.000410
5.2612834E-07,-0.000403
5.2617834E-07,-0.000396
5.2622834E-07,-0.000389
5.2627834E-07,-0.000383
5.2632834E-07,-0.000376
5.2637834E-07,-0.000369
5.2642834E-07,-0.000363
5.2647834E-07,-0.000355
5.2652834E-07,-0.000347
5.2657834E-07,-0.000338
5.2662834E-07,-0.000329
5.2667834E-07,-0.000318
5.2672834E-07,-0.000307
5.2677834E-07,-0.000295
5.2682834E-07,-0.000282
5.2687834E-07,-0.000268
5.2692834E-07,-0.000254
5.2697834E-07,-0.000239
5.2702834E-07,-0.000225
5.2707834E-07,-0.000210
5.2712834E-07,-0.000196
5.2717834E-07,-0.000183
5.2722834E-07,-0.000170
5.2727834E-07,-0.000159
5.2732834E-07,-0.000149
5.2737834E-07,-0.000141
5.2742834E-07,-0.000135
5.2747834E-07,-0.000131
5.2752834E-07,-0.000128
5.2757834E-07,-0.000128
5.2762834E-07,-0.000129
5.2767834E-07,-0.000132
5.2772834E-07,-0.000137
5.2777834E-07,-0.000143
5.2782834E-07,-0.000150
5.2787834E-07,-0.000159
5.2792834E-07,-0.000168
5.2797834E-07,-0.000178
5.2802834E-07,-0.000189
5.2807834E-07,-0.000200
5.2812834E-07,-0.000211
5.2817834E-07,-0.000223
5.2822834E-07,-0.000234
5.2827834E-07,-0.000245
5.2832834E-07,-0.000257
5.2837834E-07,-0.000269
5.2842834E-07,-0.000281
5.2847834E-07,-0.000293
5.2852834E-07,-0.000306
5.2857834E-07,-0.000319
5.2862834E-07,-0.000333
5.2867834E-07,-0.000347
5.2872834E-07,-0.000362
5.2877834E-07,-0.000378
5.2882834E-07,-0.000394
5.2887834E-07,-0.000410
5.2892834E-07,-0.000427
5.2897834E-07,-0.000444
5.2902834E-07,-0.000461
5.2907834E-07,-0.000478
5.2912834E-07,-0.000495
5.2917834E-07,-0.000511
5.2922834E-07,-0.000527
5.2927834E-07,-0.000542
5.2932834E-07,-0.000557
5.2937834E-07,-0.000571
5.2942834E-07,-0.000584
5.2947834E-07,-0.000597
5.2952834E-07,-0.000609
5.2957834E-07,-0.000621
5.2962834E-07,-0.000633
5.2967834E-07,-0.000645
5.2972834E-07,-0.000658
5.2977834E-07,-0.000671
5.2982834E-07,-0.000685
5.2987834E-07,-0.000700
5.2992834E-07,-0.000717
5.2997834E-07,-0.000734
5.3002834E-07,-0.000753
5.3007834E-07,-0.000773
5.3012834E-07,-0.000794
5.3017834E-07,-0.000816
5.3022834E-07,-0.000839
5.3027834E-07,-0.000863
5.3032834E-07,-0.000888
5.3037834E-07,-0.000912
5.3042834E-07,-0.000937
5.3047834E-07,-0.000961
5.3052834E-07,-0.000984
5.3057834E-07,-0.001006
5.3062834E-07,-0.001027
5.3067834E-07,-0.001047
5.3072834E-07,-0.001065
5.3077834E-07,-0.001082
5.3082834E-07,-0.001096
5.3087834E-07,-0.001109
5.3092834E-07,-0.001120
5.3097834E-07,-0.001130
5.3102834E-07,-0.001137
5.3107834E-07,-0.001143
5.3112834E-07,-0.001148
5.3117834E-07,-0.001151
5.3122834E-07,-0.001153
5.3127834E-07,-0.001154
5.3132834E-07,-0.001153
5.3137834E-07,-0.001152
5.3142834E-07,-0.001149
5.3147834E-07,-0.001145
5.3152834E-07,-0.001141
5.3157834E-07,-0.001135
5.3162834E-07,-0.001128
5.3167834E-07,-0.001120
5.3172834E-07,-0.001111
5.3177834E-07,-0.001101
5.3182834E-07,-0.001089
5.3187834E-07,-0.001076
5.3192834E-07,-0.001062
5.3197834E-07,-0.001046
5.3202834E-07,-0.001030
5.3207834E-07,-0.001011
5.3212834E-07,-0.000992
5.3217834E-07,-0.000972
5.3222834E-07,-0.000950
5.3227834E-07,-0.000928
5.3232834E-07,-0.000905
5.3237834E-07,-0.000881
5.3242834E-07,-0.000856
5.3247834E-07,-0.000832
5.3252834E-07,-0.000807
5.3257834E-07,-0.000782
5.3262834E-07,-0.000757
5.3267834E-07,-0.000733
5.3272834E-07,-0.000709
5.3277834E-07,-0.000685
5.3282834E-07,-0.000662
5.3287834E-07,-0.000639
5.3292834E-07,-0.000617
5.3297834E-07,-0.000596
5.3302834E-07,-0.000575
5.3307834E-07,-0.000555
5.3312834E-07,-0.000536
5.3317834E-07,-0.000517
5.3322834E-07,-0.000499
5.3327834E-07,-0.000481
5.3332834E-07,-0.000465
5.3337834E-07,-0.000448
5.3342834E-07,-0.000432
5.3347834E-07,-0.000417
5.3352834E-07,-0.000403
5.3357834E-07,-0.000389
5.3362834E-07,-0.000375
5.3367834E-07,-0.000363
5.3372834E-07,-0.000351
5.3377834E-07,-0.000340
5.3382834E-07,-0.000330
5.3387834E-07,-0.000321
5.3392834E-07,-0.000313
5.3397834E-07,-0.000306
5.3402834E-07,-0.000299
5.3407834E-07,-0.000294
5.3412834E-07,-0.000289
5.3417834E-07,-0.000285
5.3422834E-07,-0.000281
5.3427834E-07,-0.000278
5.3432834E-07,-0.000274
5.3437834E-07,-0.000271
5.3442834E-07,-0.000267
5.3447834E-07,-0.000263
5.3452834E-07,-0.000257
5.3457834E-07,-0.000251
5.3462834E-07,-0.000244
5.3467834E-07,-0.000235
5.3472834E-07,-0.000225
5.3477834E-07,-0.000214
5.3482834E-07,-0.000202
5.3487834E-07,-0.000188
5.3492834E-07,-0.000174
5.3497834E-07,-0.000159
5.3502834E-07,-0.000143
5.3507834E-07,-0.000127
5.3512834E-07,-0.000111
5.3517834E-07,-0.000096
5.3522834E-07,-0.000081
5.3527834E-07,-0.000068
5.3532834E-07,-0.000057
5.3537834E-07,-0.000047
5.3542834E-07,-0.000039
5.3547834E-07,-0.000033
5.3552834E-07,-0.000030
5.3557834E-07,-0.000030
5.3562834E-07,-0.000032
5.3567834E-07,-0.000036
5.3572834E-07,-0.000042
5.3577834E-07,-0.000051
5.3582834E-07,-0.000062
5.3587834E-07,-0.000074
5.3592834E-07,-0.000088
5.3597834E-07,-0.000102
5.3602834E-07,-0.000118
5.3607834E-07,-0.000134
5.3612834E-07,-0.000151
5.3617834E-07,-0.000167
5.3622834E-07,-0.000184
5.3627834E-07,-0.000200
5.3632834E-07,-0.000217
5.3637834E-07,-0.000233
5.3642834E-07,-0.000249
5.3647834E-07,-0.000264
5.3652834E-07,-0.000279
5.3657834E-07,-0.000294
5.3662834E-07,-0.000308
5.3667834E-07,-0.000322
5.3672834E-07,-0.000336
5.3677834E-07,-0.000350
5.3682834E-07,-0.000363
5.3687834E-07,-0.000376
5.3692834E-07,-0.000388
5.3697834E-07,-0.000400
5.3702834E-07,-0.000411
5.3707834E-07,-0.000421
5.3712834E-07,-0.000430
5.3717834E-07,-0.000438
5.3722834E-07,-0.000445
5.3727834E-07,-0.000450
5.3732834E-07,-0.000455
5.3737834E-07,-0.000458
5.3742834E-07,-0.000460
5.3747834E-07,-0.000460
5.3752834E-07,-0.000460
5.3757834E-07,-0.000459
5.3762834E-07,-0.000457
5.3767834E-07,-0.000455
5.3772834E-07,-0.000452
5.3777834E-07,-0.000449
5.3782834E-07,-0.000447
5.3787834E-07,-0.000444
5.3792834E-07,-0.000442
5.3797834E-07,-0.000441
5.3802834E-07,-0.000440
5.3807834E-07,-0.000440
5.3812834E-07,-0.000441
5.3817834E-07,-0.000443
5.3822834E-07,-0.000445
5.3827834E-07,-0.000448
5.3832834E-07,-0.000451
5.3837834E-07,-0.000455
5.3842834E-07,-0.000458
5.3847834E-07,-0.000463
5.3852834E-07,-0.000467
5.3857834E-07,-0.000470
5.3862834E-07,-0.000474
5.3867834E-07,-0.000478
5.3872834E-07,-0.000481
5.3877834E-07,-0.000484
5.3882834E-07,-0.000487
5.3887834E-07,-0.000489
5.3892834E-07,-0.000492
5.3897834E-07,-0.000495
5.3902834E-07,-0.000497
5.3907834E-07,-0.000500
5.3912834E-07,-0.000504
5.3917834E-07,-0.000507
5.3922834E-07,-0.000512
5.3927834E-07,-0.000516
5.3932834E-07,-0.000521
5.3937834E-07,-0.000527
5.3942834E-07,-0.000533
5.3947834E-07,-0.000539
5.3952834E-07,-0.000546
5.3957834E-07,-0.000552
5.3962834E-07,-0.000559
5.3967834E-07,-0.000565
5.3972834E-07,-0.000571
5.3977834E-07,-0.000576
5.3982834E-07,-0.000580
5.3987834E-07,-0.000583
5.3992834E-07,-0.000586
5.3997834E-07,-0.000587
5.4002834E-07,-0.000587
5.4007834E-07,-0.000586
5.4012834E-07,-0.000585
5.4017834E-07,-0.000582
5.4022834E-07,-0.000579
5.4027834E-07,-0.000575
5.4032834E-07,-0.000571
5.4037834E-07,-0.000567
5.4042834E-07,-0.000563
5.4047834E-07,-0.000559
5.4052834E-07,-0.000556
5.4057834E-07,-0.000554
5.4062834E-07,-0.000552
5.4067834E-07,-0.000552
5.4072834E-07,-0.000553
5.4077834E-07,-0.000554
5.4082834E-07,-0.000557
5.4087834E-07,-0.000561
5.4092834E-07,-0.000565
5.4097834E-07,-0.000571
5.4102834E-07,-0.000577
5.4107834E-07,-0.000583
5.4112834E-07,-0.000589
5.4117834E-07,-0.000594
5.4122834E-07,-0.000599
5.4127834E-07,-0.000603
5.4132834E-07,-0.000607
5.4137834E-07,-0.000608
5.4142834E-07,-0.000609
5.4147834E-07,-0.000607
5.4152834E-07,-0.000605
5.4157834E-07,-0.000600
5.4162834E-07,-0.000594
5.4167834E-07,-0.000586
5.4172834E-07,-0.000577
5.4177834E-07,-0.000567
5.4182834E-07,-0.000556
5.4187834E-07,-0.000544
5.4192834E-07,-0.000531
5.4197834E-07,-0.000519
5.4202834E-07,-0.000506
5.4207834E-07,-0.000494
5.4212834E-07,-0.000482
5.4217834E-07,-0.000470
5.4222834E-07,-0.000460
5.4227834E-07,-0.000450
5.4232834E-07,-0.000440
5.4237834E-07,-0.000432
5.4242834E-07,-0.000424
5.4247834E-07,-0.000417
5.4252834E-07,-0.000410
5.4257834E-07,-0.000403
5.4262834E-07,-0.000396
5.4267834E-07,-0.000389
5.4272834E-07,-0.000382
5.4277834E-07,-0.000375
5.4282834E-07,-0.000367
5.4287834E-07,-0.000358
5.4292834E-07,-0.000349
5.4297834E-07,-0.000339
5.4302834E-07,-0.000328
5.4307834E-07,-0.000318
5.4312834E-07,-0.000306
5.4317834E-07,-0.000295
5.4322834E-07,-0.000284
5.4327834E-07,-0.000273
5.4332834E-07,-0.000262
5.4337834E-07,-0.000251
5.4342834E-07,-0.000242
5.4347834E-07,-0.000233
5.4352834E-07,-0.000225
5.4357834E-07,-0.000218
5.4362834E-07,-0.000212
5.4367834E-07,-0.000206
5.4372834E-07,-0.000202
5.4377834E-07,-0.000198
5.4382834E-07,-0.000195
5.4387834E-07,-0.000193
5.4392834E-07,-0.000191
5.4397834E-07,-0.000189
5.4402834E-07,-0.000187
5.4407834E-07,-0.000185
5.4412834E-07,-0.000183
5.4417834E-07,-0.000181
5.4422834E-07,-0.000178
5.4427834E-07,-0.000176
5.4432834E-07,-0.000173
5.4437834E-07,-0.000170
5.4442834E-07,-0.000168
5.4447834E-07,-0.000165
5.4452834E-07,-0.000163
5.4457834E-07,-0.000161
5.4462834E-07,-0.000159
5.4467834E-07,-0.000158
5.4472834E-07,-0.000158
5.4477834E-07,-0.000158
5.4482834E-07,-0.000159
5.4487834E-07,-0.000161
5.4492834E-07,-0.000164
5.4497834E-07,-0.000168
5.4502834E-07,-0.000172
5.4507834E-07,-0.000177
5.4512834E-07,-0.000182
5.4517834E-07,-0.000189
5.4522834E-07,-0.000195
5.4527834E-07,-0.000202
5.4532834E-07,-0.000210
5.4537834E-07,-0.000217
5.4542834E-07,-0.000225
5.4547834E-07,-0.000233
5.4552834E-07,-0.000242
5.4557834E-07,-0.000251
5.4562834E-07,-0.000261
5.4567834E-07,-0.000271
5.4572834E-07,-0.000281
5.4577834E-07,-0.000293
5.4582834E-07,-0.000305
5.4587834E-07,-0.000317
5.4592834E-07,-0.000331
5.4597834E-07,-0.000345
5.4602834E-07,-0.000360
5.4607834E-07,-0.000376
5.4612834E-07,-0.000391
5.4617834E-07,-0.000408
5.4622834E-07,-0.000424
5.4627834E-07,-0.000440
5.4632834E-07,-0.000455
5.4637834E-07,-0.000470
5.4642834E-07,-0.000483
5.4647834E-07,-0.000495
5.4652834E-07,-0.000506
5.4657834E-07,-0.000514
5.4662834E-07,-0.000521
5.4667834E-07,-0.000526
5.4672834E-07,-0.000528
5.4677834E-07,-0.000528
5.4682834E-07,-0.000526
5.4687834E-07,-0.000522
5.4692834E-07,-0.000516
5.4697834E-07,-0.000509
5.4702834E-07,-0.000500
5.4707834E-07,-0.000491
5.4712834E-07,-0.000481
5.4717834E-07,-0.000470
5.4722834E-07,-0.000460
5.4727834E-07,-0.000450
5.4732834E-07,-0.000440
5.4737834E-07,-0.000432
5.4742834E-07,-0.000424
5.4747834E-07,-0.000417
5.4752834E-07,-0.000412
5.4757834E-07,-0.000407
5.4762834E-07,-0.000404
5.4767834E-07,-0.000401
5.4772834E-07,-0.000399
5.4777834E-07,-0.000397
5.4782834E-07,-0.000395
5.4787834E-07,-0.000393
5.4792834E-07,-0.000391
5.4797834E-07,-0.000388
5.4802834E-07,-0.000384
5.4807834E-07,-0.000379
5.4812834E-07,-0.000373
5.4817834E-07,-0.000365
5.4822834E-07,-0.000357
5.4827834E-07,-0.000347
5.4832834E-07,-0.000336
5.4837834E-07,-0.000324
5.4842834E-07,-0.000312
5.4847834E-07,-0.000299
5.4852834E-07,-0.000286
5.4857834E-07,-0.000274
5.4862834E-07,-0.000262
5.4867834E-07,-0.000252
5.4872834E-07,-0.000242
5.4877834E-07,-0.000234
5.4882834E-07,-0.000228
5.4887834E-07,-0.000223
5.4892834E-07,-0.000220
5.4897834E-07,-0.000219
5.4902834E-07,-0.000220
5.4907834E-07,-0.000223
5.4912834E-07,-0.000227
5.4917834E-07,-0.000232
5.4922834E-07,-0.000239
5.4927834E-07,-0.000246
5.4932834E-07,-0.000255
5.4937834E-07,-0.000263
5.4942834E-07,-0.000272
5.4947834E-07,-0.000281
5.4952834E-07,-0.000290
5.4957834E-07,-0.000298
5.4962834E-07,-0.000306
5.4967834E-07,-0.000314
5.4972834E-07,-0.000322
5.4977834E-07,-0.000329
5.4982834E-07,-0.000336
5.4987834E-07,-0.000343
5.4992834E-07,-0.000350
5.4997834E-07,-0.000357
5.5002834E-07,-0.000363
5.5007834E-07,-0.000370
5.5012834E-07,-0.000377
5.5017834E-07,-0.000384
5.5022834E-07,-0.000390
5.5027834E-07,-0.000396
5.5032834E-07,-0.000401
5.5037834E-07,-0.000406
5.5042834E-07,-0.000409
5.5047834E-07,-0.000411
5.5052834E-07,-0.000411
5.5057834E-07,-0.000409
5.5062834E-07,-0.000405
5.5067834E-07,-0.000398
5.5072834E-07,-0.000389
5.5077834E-07,-0.000377
5.5082834E-07,-0.000363
5.5087834E-07,-0.000346
5.5092834E-07,-0.000326
5.5097834E-07,-0.000304
5.5102834E-07,-0.000280
5.5107834E-07,-0.000255
5.5112834E-07,-0.000228
5.5117834E-07,-0.000200
5.5122834E-07,-0.000172
5.5127834E-07,-0.000144
5.5132834E-07,-0.000117
5.5137834E-07,-0.000090
5.5142834E-07,-0.000065
5.5147834E-07,-0.000041
5.5152834E-07,-0.000020
5.5157834E-07,0.000000
5.5162834E-07,0.000018
5.5167834E-07,0.000033
5.5172834E-07,0.000046
5.5177834E-07,0.000057
5.5182834E-07,0.000066
5.5187834E-07,0.000073
5.5192834E-07,0.000078
5.5197834E-07,0.000082
5.5202834E-07,0.000084
5.5207834E-07,0.000086
5.5212834E-07,0.000086
5.5217834E-07,0.000085
5.5222834E-07,0.000084
5.5227834E-07,0.000082
5.5232834E-07,0.000079
5.5237834E-07,0.000076
5.5242834E-07,0.000072
5.5247834E-07,0.000067
5.5252834E-07,0.000061
5.5257834E-07,0.000054
5.5262834E-07,0.000046
5.5267834E-07,0.000038
5.5272834E-07,0.000028
5.5277834E-07,0.000018
5.5282834E-07,0.000006
5.5287834E-07,-0.000006
5.5292834E-07,-0.000018
5.5297834E-07,-0.000031
5.5302834E-07,-0.000044
5.5307834E-07,-0.000056
5.5312834E-07,-0.000069
5.5317834E-07,-0.000080
5.5322834E-07,-0.000090
5.5327834E-07,-0.000099
5.5332834E-07,-0.000107
5.5337834E-07,-0.000113
5.5342834E-07,-0.000117
5.5347834E-07,-0.000119
5.5352834E-07,-0.000120
5.5357834E-07,-0.000119
5.5362834E-07,-0.000116
5.5367834E-07,-0.000113
5.5372834E-07,-0.000108
5.5377834E-07,-0.000102
5.5382834E-07,-0.000096
5.5387834E-07,-0.000090
5.5392834E-07,-0.000083
5.5397834E-07,-0.000077
5.5402834E-07,-0.000072
5.5407834E-07,-0.000067
5.5412834E-07,-0.000063
5.5417834E-07,-0.000059
5.5422834E-07,-0.000057
5.5427834E-07,-0.000055
5.5432834E-07,-0.000055
5.5437834E-07,-0.000054
5.5442834E-07,-0.000055
5.5447834E-07,-0.000055
5.5452834E-07,-0.000056
5.5457834E-07,-0.000056
5.5462834E-07,-0.000056
5.5467834E-07,-0.000056
5.5472834E-07,-0.000055
5.5477834E-07,-0.000053
5.5482834E-07,-0.000050
5.5487834E-07,-0.000046
5.5492834E-07,-0.000042
5.5497834E-07,-0.000037
5.5502834E-07,-0.000031
5.5507834E-07,-0.000024
5.5512834E-07,-0.000017
5.5517834E-07,-0.000010
5.5522834E-07,-0.000002
5.5527834E-07,0.000006
5.5532834E-07,0.000014
5.5537834E-07,0.000021
5.5542834E-07,0.000028
5.5547834E-07,0.000036
5.5552834E-07,0.000042
5.5557834E-07,0.000049
5.5562834E-07,0.000055
5.5567834E-07,0.000061
5.5572834E-07,0.000068
5.5577834E-07,0.000074
5.5582834E-07,0.000080
5.5587834E-07,0.000087
5.5592834E-07,0.000093
5.5597834E-07,0.000100
5.5602834E-07,0.000107
5.5607834E-07,0.000115
5.5612834E-07,0.000122
5.5617834E-07,0.000130
5.5622834E-07,0.000137
5.5627834E-07,0.000143
5.5632834E-07,0.000149
5.5637834E-07,0.000154
5.5642834E-07,0.000157
5.5647834E-07,0.000159
5.5652834E-07,0.000159
5.5657834E-07,0.000157
5.5662834E-07,0.000152
5.5667834E-07,0.000146
5.5672834E-07,0.000137
5.5677834E-07,0.000125
5.5682834E-07,0.000112
5.5687834E-07,0.000096
5.5692834E-07,0.000078
5.5697834E-07,0.000059
5.5702834E-07,0.000039
5.5707834E-07,0.000018
5.5712834E-07,-0.000003
5.5717834E-07,-0.000024
5.5722834E-07,-0.000044
5.5727834E-07,-0.000062
5.5732834E-07,-0.000079
5.5737834E-07,-0.000095
5.5742834E-07,-0.000107
5.5747834E-07,-0.000118
5.5752834E-07,-0.000125
5.5757834E-07,-0.000130
5.5762834E-07,-0.000133
5.5767834E-07,-0.000133
5.5772834E-07,-0.000130
5.5777834E-07,-0.000126
5.5782834E-07,-0.000120
5.5787834E-07,-0.000113
5.5792834E-07,-0.000105
5.5797834E-07,-0.000097
5.5802834E-07,-0.000089
5.5807834E-07,-0.000082
5.5812834E-07,-0.000075
5.5817834E-07,-0.000070
5.5822834E-07,-0.000066
5.5827834E-07,-0.000063
5.5832834E-07,-0.000062
5.5837834E-07,-0.000062
5.5842834E-07,-0.000064
5.5847834E-07,-0.000067
5.5852834E-07,-0.000072
5.5857834E-07,-0.000077
5.5862834E-07,-0.000083
5.5867834E-07,-0.000089
5.5872834E-07,-0.000095
5.5877834E-07,-0.000102
5.5882834E-07,-0.000108
5.5887834E-07,-0.000114
5.5892834E-07,-0.000119
5.5897834E-07,-0.000124
5.5902834E-07,-0.000128
5.5907834E-07,-0.000131
5.5912834E-07,-0.000134
5.5917834E-07,-0.000137
5.5922834E-07,-0.000139
5.5927834E-07,-0.000140
5.5932834E-07,-0.000142
5.5937834E-07,-0.000144
5.5942834E-07,-0.000145
5.5947834E-07,-0.000147
5.5952834E-07,-0.000149
5.5957834E-07,-0.000151
5.5962834E-07,-0.000154
5.5967834E-07,-0.000156
5.5972834E-07,-0.000159
5.5977834E-07,-0.000161
5.5982834E-07,-0.000163
5.5987834E-07,-0.000165
5.5992834E-07,-0.000167
5.5997834E-07,-0.000168
5.6002834E-07,-0.000169
5.6007834E-07,-0.000169
5.6012834E-07,-0.000169
5.6017834E-07,-0.000168
5.6022834E-07,-0.000167
5.6027834E-07,-0.000166
5.6032834E-07,-0.000165
5.6037834E-07,-0.000163
5.6042834E-07,-0.000163
5.6047834E-07,-0.000162
5.6052834E-07,-0.000163
5.6057834E-07,-0.000164
5.6062834E-07,-0.000166
5.6067834E-07,-0.000169
5.6072834E-07,-0.000174
5.6077834E-07,-0.000180
5.6082834E-07,-0.000187
5.6087834E-07,-0.000195
5.6092834E-07,-0.000204
5.6097834E-07,-0.000213
5.6102834E-07,-0.000223
5.6107834E-07,-0.000233
5.6112834E-07,-0.000243
5.6117834E-07,-0.000253
5.6122834E-07,-0.000261
5.6127834E-07,-0.000269
5.6132834E-07,-0.000275
5.6137834E-07,-0.000280
5.6142834E-07,-0.000283
5.6147834E-07,-0.000285
5.6152834E-07,-0.000284
5.6157834E-07,-0.000282
5.6162834E-07,-0.000278
5.6167834E-07,-0.000273
5.6172834E-07,-0.000267
5.6177834E-07,-0.000259
5.6182834E-07,-0.000251
5.6187834E-07,-0.000242
5.6192834E-07,-0.000233
5.6197834E-07,-0.000224
5.6202834E-07,-0.000216
5.6207834E-07,-0.000208
5.6212834E-07,-0.000201
5.6217834E-07,-0.000196
5.6222834E-07,-0.000191
5.6227834E-07,-0.000188
5.6232834E-07,-0.000186
5.6237834E-07,-0.000186
5.6242834E-07,-0.000186
5.6247834E-07,-0.000188
5.6252834E-07,-0.000190
5.6257834E-07,-0.000193
5.6262834E-07,-0.000196
5.6267834E-07,-0.000199
5.6272834E-07,-0.000202
5.6277834E-07,-0.000204
5.6282834E-07,-0.000206
5.6287834E-07,-0.000207
5.6292834E-07,-0.000208
5.6297834E-07,-0.000207
5.6302834E-07,-0.000205
5.6307834E-07,-0.000203
5.6312834E-07,-0.000199
5.6317834E-07,-0.000195
5.6322834E-07,-0.000190
5.6327834E-07,-0.000185
5.6332834E-07,-0.000179
5.6337834E-07,-0.000173
5.6342834E-07,-0.000168
5.6347834E-07,-0.000162
5.6352834E-07,-0.000157
5.6357834E-07,-0.000152
5.6362834E-07,-0.000147
5.6367834E-07,-0.000143
5.6372834E-07,-0.000139
5.6377834E-07,-0.000136
5.6382834E-07,-0.000132
5.6387834E-07,-0.000129
5.6392834E-07,-0.000126
5.6397834E-07,-0.000122
5.6402834E-07,-0.000119
5.6407834E-07,-0.000115
5.6412834E-07,-0.000111
5.6417834E-07,-0.000106
5.6422834E-07,-0.000101
5.6427834E-07,-0.000096
5.6432834E-07,-0.000091
5.6437834E-07,-0.000086
5.6442834E-07,-0.000081
5.6447834E-07,-0.000076
5.6452834E-07,-0.000072
5.6457834E-07,-0.000070
5.6462834E-07,-0.000068
5.6467834E-07,-0.000068
5.6472834E-07,-0.000069
5.6477834E-07,-0.000073
5.6482834E-07,-0.000078
5.6487834E-07,-0.000085
5.6492834E-07,-0.000094
5.6497834E-07,-0.000105
5.6502834E-07,-0.000117
5.6507834E-07,-0.000131
5.6512834E-07,-0.000146
5.6517834E-07,-0.000161
5.6522834E-07,-0.000177
5.6527834E-07,-0.000193
5.6532834E-07,-0.000208
5.6537834E-07,-0.000223
5.6542834E-07,-0.000237
5.6547834E-07,-0.000249
5.6552834E-07,-0.000259
5.6557834E-07,-0.000268
5.6562834E-07,-0.000275
5.6567834E-07,-0.000280
5.6572834E-07,-0.000283
5.6577834E-07,-0.000284
5.6582834E-07,-0.000284
5.6587834E-07,-0.000282
5.6592834E-07,-0.000280
5.6597834E-07,-0.000276
5.6602834E-07,-0.000272
5.6607834E-07,-0.000268
5.6612834E-07,-0.000264
5.6617834E-07,-0.000260
5.6622834E-07,-0.000256
5.6627834E-07,-0.000253
5.6632834E-07,-0.000250
5.6637834E-07,-0.000248
5.6642834E-07,-0.000247
5.6647834E-07,-0.000246
5.6652834E-07,-0.000245
5.6657834E-07,-0.000245
5.6662834E-07,-0.000245
5.6667834E-07,-0.000245
5.6672834E-07,-0.000244
5.6677834E-07,-0.000244
5.6682834E-07,-0.000243
5.6687834E-07,-0.000242
5.6692834E-07,-0.000241
5.6697834E-07,-0.000240
5.6702834E-07,-0.000239
5.6707834E-07,-0.000238
5.6712834E-07,-0.000237
5.6717834E-07,-0.000237
5.6722834E-07,-0.000237
5.6727834E-07,-0.000239
5.6732834E-07,-0.000241
5.6737834E-07,-0.000245
5.6742834E-07,-0.000250
5.6747834E-07,-0.000257
5.6752834E-07,-0.000265
5.6757834E-07,-0.000275
5.6762834E-07,-0.000285
5.6767834E-07,-0.000297
5.6772834E-07,-0.000310
5.6777834E-07,-0.000324
5.6782834E-07,-0.000337
5.6787834E-07,-0.000351
5.6792834E-07,-0.000364
5.6797834E-07,-0.000376
5.6802834E-07,-0.000387
5.6807834E-07,-0.000397
5.6812834E-07,-0.000405
5.6817834E-07,-0.000412
5.6822834E-07,-0.000416
5.6827834E-07,-0.000419
5.6832834E-07,-0.000420
5.6837834E-07,-0.000419
5.6842834E-07,-0.000416
5.6847834E-07,-0.000412
5.6852834E-07,-0.000407
5.6857834E-07,-0.000402
5.6862834E-07,-0.000396
5.6867834E-07,-0.000389
5.6872834E-07,-0.000383
5.6877834E-07,-0.000377
5.6882834E-07,-0.000371
5.6887834E-07,-0.000366
5.6892834E-07,-0.000362
5.6897834E-07,-0.000359
5.6902834E-07,-0.000356
5.6907834E-07,-0.000353
5.6912834E-07,-0.000351
5.6917834E-07,-0.000349
5.6922834E-07,-0.000347
5.6927834E-07,-0.000345
5.6932834E-07,-0.000343
5.6937834E-07,-0.000340
5.6942834E-07,-0.000336
5.6947834E-07,-0.000332
5.6952834E-07,-0.000326
5.6957834E-07,-0.000320
5.6962834E-07,-0.000313
5.6967834E-07,-0.000305
5.6972834E-07,-0.000297
5.6977834E-07,-0.000288
5.6982834E-07,-0.000280
5.6987834E-07,-0.000271
5.6992834E-07,-0.000263
5.6997834E-07,-0.000256
5.7002834E-07,-0.000249
5.7007834E-07,-0.000244
5.7012834E-07,-0.000241
5.7017834E-07,-0.000239
5.7022834E-07,-0.000238
5.7027834E-07,-0.000240
5.7032834E-07,-0.000243
5.7037834E-07,-0.000247
5.7042834E-07,-0.000253
5.7047834E-07,-0.000260
5.7052834E-07,-0.000267
5.7057834E-07,-0.000276
5.7062834E-07,-0.000284
5.7067834E-07,-0.000293
5.7072834E-07,-0.000301
5.7077834E-07,-0.000308
5.7082834E-07,-0.000315
5.7087834E-07,-0.000321
5.7092834E-07,-0.000325
5.7097834E-07,-0.000328
5.7102834E-07,-0.000331
5.7107834E-07,-0.000332
5.7112834E-07,-0.000331
5.7117834E-07,-0.000330
5.7122834E-07,-0.000329
5.7127834E-07,-0.000326
5.7132834E-07,-0.000323
5.7137834E-07,-0.000320
5.7142834E-07,-0.000317
5.7147834E-07,-0.000313
5.7152834E-07,-0.000310
5.7157834E-07,-0.000307
5.7162834E-07,-0.000304
5.7167834E-07,-0.000300
5.7172834E-07,-0.000297
5.7177834E-07,-0.000293
5.7182834E-07,-0.000289
5.7187834E-07,-0.000284
5.7192834E-07,-0.000278
5.7197834E-07,-0.000272
5.7202834E-07,-0.000263
5.7207834E-07,-0.000254
5.7212834E-07,-0.000242
5.7217834E-07,-0.000230
5.7222834E-07,-0.000216
5.7227834E-07,-0.000200
5.7232834E-07,-0.000183
5.7237834E-07,-0.000166
5.7242834E-07,-0.000147
5.7247834E-07,-0.000129
5.7252834E-07,-0.000110
5.7257834E-07,-0.000092
5.7262834E-07,-0.000074
5.7267834E-07,-0.000058
5.7272834E-07,-0.000044
5.7277834E-07,-0.000031
5.7282834E-07,-0.000020
5.7287834E-07,-0.000011
5.7292834E-07,-0.000005
5.7297834E-07,0.000000
5.7302834E-07,0.000002
5.7307834E-07,0.000002
5.7312834E-07,0.000001
5.7317834E-07,-0.000002
5.7322834E-07,-0.000005
5.7327834E-07,-0.000009
5.7332834E-07,-0.000014
5.7337834E-07,-0.000018
5.7342834E-07,-0.000022
5.7347834E-07,-0.000025
5.7352834E-07,-0.000028
5.7357834E-07,-0.000029
5.7362834E-07,-0.000030
5.7367834E-07,-0.000029
5.7372834E-07,-0.000027
5.7377834E-07,-0.000025
5.7382834E-07,-0.000022
5.7387834E-07,-0.000019
5.7392834E-07,-0.000015
5.7397834E-07,-0.000012
5.7402834E-07,-0.000010
5.7407834E-07,-0.000008
5.7412834E-07,-0.000008
5.7417834E-07,-0.000009
5.7422834E-07,-0.000011
5.7427834E-07,-0.000015
5.7432834E-07,-0.000020
5.7437834E-07,-0.000026
5.7442834E-07,-0.000034
5.7447834E-07,-0.000044
5.7452834E-07,-0.000053
5.7457834E-07,-0.000064
5.7462834E-07,-0.000075
5.7467834E-07,-0.000085
5.7472834E-07,-0.000096
5.7477834E-07,-0.000106
5.7482834E-07,-0.000114
5.7487834E-07,-0.000122
5.7492834E-07,-0.000129
5.7497834E-07,-0.000134
5.7502834E-07,-0.000139
5.7507834E-07,-0.000142
5.7512834E-07,-0.000144
5.7517834E-07,-0.000145
5.7522834E-07,-0.000146
5.7527834E-07,-0.000147
5.7532834E-07,-0.000147
5.7537834E-07,-0.000148
5.7542834E-07,-0.000148
5.7547834E-07,-0.000150
5.7552834E-07,-0.000152
5.7557834E-07,-0.000155
5.7562834E-07,-0.000158
5.7567834E-07,-0.000162
5.7572834E-07,-0.000167
5.7577834E-07,-0.000172
5.7582834E-07,-0.000177
5.7587834E-07,-0.000182
5.7592834E-07,-0.000186
5.7597834E-07,-0.000190
5.7602834E-07,-0.000193
5.7607834E-07,-0.000194
5.7612834E-07,-0.000195
5.7617834E-07,-0.000194
5.7622834E-07,-0.000191
5.7627834E-07,-0.000187
5.7632834E-07,-0.000182
5.7637834E-07,-0.000176
5.7642834E-07,-0.000169
5.7647834E-07,-0.000161
5.7652834E-07,-0.000153
5.7657834E-07,-0.000145
5.7662834E-07,-0.000138
5.7667834E-07,-0.000131
5.7672834E-07,-0.000125
5.7677834E-07,-0.000121
5.7682834E-07,-0.000118
5.7687834E-07,-0.000116
5.7692834E-07,-0.000117
5.7697834E-07,-0.000118
5.7702834E-07,-0.000122
5.7707834E-07,-0.000126
5.7712834E-07,-0.000131
5.7717834E-07,-0.000137
5.7722834E-07,-0.000143
5.7727834E-07,-0.000149
5.7732834E-07,-0.000155
5.7737834E-07,-0.000160
5.7742834E-07,-0.000164
5.7747834E-07,-0.000167
5.7752834E-07,-0.000168
5.7757834E-07,-0.000168
5.7762834E-07,-0.000167
5.7767834E-07,-0.000164
5.7772834E-07,-0.000160
5.7777834E-07,-0.000155
5.7782834E-07,-0.000149
5.7787834E-07,-0.000142
5.7792834E-07,-0.000135
5.7797834E-07,-0.000128
5.7802834E-07,-0.000121
5.7807834E-07,-0.000114
5.7812834E-07,-0.000108
5.7817834E-07,-0.000103
5.7822834E-07,-0.000098
5.7827834E-07,-0.000095
5.7832834E-07,-0.000092
5.7837834E-07,-0.000090
5.7842834E-07,-0.000089
5.7847834E-07,-0.000088
5.7852834E-07,-0.000087
5.7857834E-07,-0.000086
5.7862834E-07,-0.000085
5.7867834E-07,-0.000084
5.7872834E-07,-0.000081
5.7877834E-07,-0.000078
5.7882834E-07,-0.000075
5.7887834E-07,-0.000070
5.7892834E-07,-0.000064
5.7897834E-07,-0.000058
5.7902834E-07,-0.000051
5.7907834E-07,-0.000043
5.7912834E-07,-0.000035
5.7917834E-07,-0.000027
5.7922834E-07,-0.000020
5.7927834E-07,-0.000013
5.7932834E-07,-0.000007
5.7937834E-07,-0.000001
5.7942834E-07,0.000003
5.7947834E-07,0.000005
5.7952834E-07,0.000007
5.7957834E-07,0.000007
5.7962834E-07,0.000005
5.7967834E-07,0.000003
5.7972834E-07,-0.000001
5.7977834E-07,-0.000005
5.7982834E-07,-0.000009
5.7987834E-07,-0.000014
5.7992834E-07,-0.000019
5.7997834E-07,-0.000023
5.8002834E-07,-0.000026
5.8007834E-07,-0.000029
5.8012834E-07,-0.000030
5.8017834E-07,-0.000030
5.8022834E-07,-0.000029
5.8027834E-07,-0.000026
5.8032834E-07,-0.000022
5.8037834E-07,-0.000017
5.8042834E-07,-0.000010
5.8047834E-07,-0.000003
5.8052834E-07,0.000005
5.8057834E-07,0.000013
5.8062834E-07,0.000021
5.8067834E-07,0.000028
5.8072834E-07,0.000035
5.8077834E-07,0.000041
5.8082834E-07,0.000046
5.8087834E-07,0.000049
5.8092834E-07,0.000051
5.8097834E-07,0.000052
5.8102834E-07,0.000051
5.8107834E-07,0.000049
5.8112834E-07,0.000046
5.8117834E-07,0.000042
5.8122834E-07,0.000037
5.8127834E-07,0.000032
5.8132834E-07,0.000028
5.8137834E-07,0.000023
5.8142834E-07,0.000020
5.8147834E-07,0.000017
5.8152834E-07,0.000015
5.8157834E-07,0.000015
5.8162834E-07,0.000016
5.8167834E-07,0.000019
5.8172834E-07,0.000023
5.8177834E-07,0.000029
5.8182834E-07,0.000035
5.8187834E-07,0.000043
5.8192834E-07,0.000052
5.8197834E-07,0.000061
5.8202834E-07,0.000070
5.8207834E-07,0.000079
5.8212834E-07,0.000087
5.8217834E-07,0.000095
5.8222834E-07,0.000102
5.8227834E-07,0.000108
5.8232834E-07,0.000112
5.8237834E-07,0.000115
5.8242834E-07,0.000117
5.8247834E-07,0.000117
5.8252834E-07,0.000117
5.8257834E-07,0.000115
5.8262834E-07,0.000112
5.8267834E-07,0.000109
5.8272834E-07,0.000105
5.8277834E-07,0.000100
5.8282834E-07,0.000096
5.8287834E-07,0.000091
5.8292834E-07,0.000086
5.8297834E-07,0.000081
5.8302834E-07,0.000076
5.8307834E-07,0.000071
5.8312834E-07,0.000065
5.8317834E-07,0.000059
5.8322834E-07,0.000053
5.8327834E-07,0.000045
5.8332834E-07,0.000037
5.8337834E-07,0.000028
5.8342834E-07,0.000017
5.8347834E-07,0.000005
5.8352834E-07,-0.000009
5.8357834E-07,-0.000024
5.8362834E-07,-0.000040
5.8367834E-07,-0.000058
5.8372834E-07,-0.000076
5.8377834E-07,-0.000095
5.8382834E-07,-0.000115
5.8387834E-07,-0.000135
5.8392834E-07,-0.000154
5.8397834E-07,-0.000173
5.8402834E-07,-0.000191
5.8407834E-07,-0.000208
5.8412834E-07,-0.000224
5.8417834E-07,-0.000238
5.8422834E-07,-0.000251
5.8427834E-07,-0.000262
5.8432834E-07,-0.000271
5.8437834E-07,-0.000279
5.8442834E-07,-0.000286
5.8447834E-07,-0.000292
5.8452834E-07,-0.000297
5.8457834E-07,-0.000301
5.8462834E-07,-0.000305
5.8467834E-07,-0.000309
5.8472834E-07,-0.000314
5.8477834E-07,-0.000319
5.8482834E-07,-0.000324
5.8487834E-07,-0.000330
5.8492834E-07,-0.000336
5.8497834E-07,-0.000343
5.8502834E-07,-0.000351
5.8507834E-07,-0.000358
5.8512834E-07,-0.000366
5.8517834E-07,-0.000373
5.8522834E-07,-0.000379
5.8527834E-07,-0.000385
5.8532834E-07,-0.000389
5.8537834E-07,-0.000392
5.8542834E-07,-0.000392
5.8547834E-07,-0.000391
5.8552834E-07,-0.000389
5.8557834E-07,-0.000384
5.8562834E-07,-0.000377
5.8567834E-07,-0.000369
5.8572834E-07,-0.000359
5.8577834E-07,-0.000349
5.8582834E-07,-0.000337
5.8587834E-07,-0.000325
5.8592834E-07,-0.000314
5.8597834E-07,-0.000302
5.8602834E-07,-0.000292
5.8607834E-07,-0.000282
5.8612834E-07,-0.000274
5.8617834E-07,-0.000267
5.8622834E-07,-0.000262
5.8627834E-07,-0.000258
5.8632834E-07,-0.000256
5.8637834E-07,-0.000255
5.8642834E-07,-0.000255
5.8647834E-07,-0.000257
5.8652834E-07,-0.000258
5.8657834E-07,-0.000260
5.8662834E-07,-0.000262
5.8667834E-07,-0.000264
5.8672834E-07,-0.000265
5.8677834E-07,-0.000265
5.8682834E-07,-0.000263
5.8687834E-07,-0.000260
5.8692834E-07,-0.000256
5.8697834E-07,-0.000251
5.8702834E-07,-0.000244
5.8707834E-07,-0.000236
5.8712834E-07,-0.000227
5.8717834E-07,-0.000217
5.8722834E-07,-0.000207
5.8727834E-07,-0.000196
5.8732834E-07,-0.000186
5.8737834E-07,-0.000176
5.8742834E-07,-0.000167
5.8747834E-07,-0.000158
5.8752834E-07,-0.000151
5.8757834E-07,-0.000144
5.8762834E-07,-0.000138
5.8767834E-07,-0.000134
5.8772834E-07,-0.000130
5.8777834E-07,-0.000127
5.8782834E-07,-0.000125
5.8787834E-07,-0.000122
5.8792834E-07,-0.000120
5.8797834E-07,-0.000118
5.8802834E-07,-0.000116
5.8807834E-07,-0.000112
5.8812834E-07,-0.000109
5.8817834E-07,-0.000104
5.8822834E-07,-0.000099
5.8827834E-07,-0.000093
5.8832834E-07,-0.000086
5.8837834E-07,-0.000079
5.8842834E-07,-0.000072
5.8847834E-07,-0.000065
5.8852834E-07,-0.000059
5.8857834E-07,-0.000054
5.8862834E-07,-0.000049
5.8867834E-07,-0.000047
5.8872834E-07,-0.000046
5.8877834E-07,-0.000047
5.8882834E-07,-0.000050
5.8887834E-07,-0.000055
5.8892834E-07,-0.000063
5.8897834E-07,-0.000073
5.8902834E-07,-0.000084
5.8907834E-07,-0.000097
5.8912834E-07,-0.000111
5.8917834E-07,-0.000126
5.8922834E-07,-0.000142
5.8927834E-07,-0.000157
5.8932834E-07,-0.000171
5.8937834E-07,-0.000184
5.8942834E-07,-0.000196
5.8947834E-07,-0.000206
5.8952834E-07,-0.000213
5.8957834E-07,-0.000218
5.8962834E-07,-0.000221
5.8967834E-07,-0.000222
5.8972834E-07,-0.000220
5.8977834E-07,-0.000216
5.8982834E-07,-0.000210
5.8987834E-07,-0.000204
5.8992834E-07,-0.000196
5.8997834E-07,-0.000187
5.9002834E-07,-0.000179
5.9007834E-07,-0.000171
5.9012834E-07,-0.000163
5.9017834E-07,-0.000157
5.9022834E-07,-0.000151
5.9027834E-07,-0.000147
5.9032834E-07,-0.000145
5.9037834E-07,-0.000143
5.9042834E-07,-0.000143
5.9047834E-07,-0.000144
5.9052834E-07,-0.000145
5.9057834E-07,-0.000146
5.9062834E-07,-0.000148
5.9067834E-07,-0.000148
5.9072834E-07,-0.000148
5.9077834E-07,-0.000147
5.9082834E-07,-0.000143
5.9087834E-07,-0.000138
5.9092834E-07,-0.000132
5.9097834E-07,-0.000123
5.9102834E-07,-0.000112
5.9107834E-07,-0.000100
5.9112834E-07,-0.000086
5.9117834E-07,-0.000071
5.9122834E-07,-0.000056
5.9127834E-07,-0.000040
5.9132834E-07,-0.000024
5.9137834E-07,-0.000008
5.9142834E-07,0.000006
5.9147834E-07,0.000020
5.9152834E-07,0.000032
5.9157834E-07,0.000042
5.9162834E-07,0.000051
5.9167834E-07,0.000059
5.9172834E-07,0.000065
5.9177834E-07,0.000069
5.9182834E-07,0.000073
5.9187834E-07,0.000075
5.9192834E-07,0.000078
5.9197834E-07,0.000080
5.9202834E-07,0.000083
5.9207834E-07,0.000087
5.9212834E-07,0.000091
5.9217834E-07,0.000097
5.9222834E-07,0.000105
5.9227834E-07,0.000114
5.9232834E-07,0.000124
5.9237834E-07,0.000136
5.9242834E-07,0.000149
5.9247834E-07,0.000163
5.9252834E-07,0.000177
5.9257834E-07,0.000192
5.9262834E-07,0.000206
5.9267834E-07,0.000220
5.9272834E-07,0.000233
5.9277834E-07,0.000244
5.9282834E-07,0.000254
5.9287834E-07,0.000262
5.9292834E-07,0.000268
5.9297834E-07,0.000272
5.9302834E-07,0.000273
5.9307834E-07,0.000273
5.9312834E-07,0.000272
5.9317834E-07,0.000268
5.9322834E-07,0.000264
5.9327834E-07,0.000258
5.9332834E-07,0.000252
5.9337834E-07,0.000246
5.9342834E-07,0.000239
5.9347834E-07,0.000232
5.9352834E-07,0.000225
5.9357834E-07,0.000219
5.9362834E-07,0.000213
5.9367834E-07,0.000207
5.9372834E-07,0.000201
5.9377834E-07,0.000194
5.9382834E-07,0.000188
5.9387834E-07,0.000180
5.9392834E-07,0.000172
5.9397834E-07,0.000162
5.9402834E-07,0.000151
5.9407834E-07,0.000139
5.9412834E-07,0.000124
5.9417834E-07,0.000107
5.9422834E-07,0.000089
5.9427834E-07,0.000069
5.9432834E-07,0.000047
5.9437834E-07,0.000024
5.9442834E-07,-0.000001
5.9447834E-07,-0.000026
5.9452834E-07,-0.000052
5.9457834E-07,-0.000077
5.9462834E-07,-0.000102
5.9467834E-07,-0.000126
5.9472834E-07,-0.000149
5.9477834E-07,-0.000170
5.9482834E-07,-0.000189
5.9487834E-07,-0.000206
5.9492834E-07,-0.000221
5.9497834E-07,-0.000233
5.9502834E-07,-0.000243
5.9507834E-07,-0.000251
5.9512834E-07,-0.000257
5.9517834E-07,-0.000262
5.9522834E-07,-0.000265
5.9527834E-07,-0.000267
5.9532834E-07,-0.000268
5.9537834E-07,-0.000270
5.9542834E-07,-0.000271
5.9547834E-07,-0.000272
5.9552834E-07,-0.000275
5.9557834E-07,-0.000278
5.9562834E-07,-0.000281
5.9567834E-07,-0.000286
5.9572834E-07,-0.000291
5.9577834E-07,-0.000297
5.9582834E-07,-0.000303
5.9587834E-07,-0.000309
5.9592834E-07,-0.000315
5.9597834E-07,-0.000321
5.9602834E-07,-0.000325
5.9607834E-07,-0.000329
5.9612834E-07,-0.000331
5.9617834E-07,-0.000332
5.9622834E-07,-0.000331
5.9627834E-07,-0.000329
5.9632834E-07,-0.000325
5.9637834E-07,-0.000320
5.9642834E-07,-0.000313
5.9647834E-07,-0.000306
5.9652834E-07,-0.000298
5.9657834E-07,-0.000289
5.9662834E-07,-0.000281
5.9667834E-07,-0.000273
5.9672834E-07,-0.000267
5.9677834E-07,-0.000262
5.9682834E-07,-0.000258
5.9687834E-07,-0.000256
5.9692834E-07,-0.000257
5.9697834E-07,-0.000259
5.9702834E-07,-0.000263
5.9707834E-07,-0.000270
5.9712834E-07,-0.000278
5.9717834E-07,-0.000287
5.9722834E-07,-0.000297
5.9727834E-07,-0.000307
5.9732834E-07,-0.000318
5.9737834E-07,-0.000328
5.9742834E-07,-0.000337
5.9747834E-07,-0.000345
5.9752834E-07,-0.000351
5.9757834E-07,-0.000356
5.9762834E-07,-0.000358
5.9767834E-07,-0.000358
5.9772834E-07,-0.000357
5.9777834E-07,-0.000353
5.9782834E-07,-0.000348
5.9787834E-07,-0.000341
5.9792834E-07,-0.000333
5.9797834E-07,-0.000324
5.9802834E-07,-0.000316
5.9807834E-07,-0.000307
5.9812834E-07,-0.000299
5.9817834E-07,-0.000292
5.9822834E-07,-0.000287
5.9827834E-07,-0.000283
5.9832834E-07,-0.000280
5.9837834E-07,-0.000280
5.9842834E-07,-0.000281
5.9847834E-07,-0.000283
5.9852834E-07,-0.000287
5.9857834E-07,-0.000292
5.9862834E-07,-0.000297
5.9867834E-07,-0.000303
5.9872834E-07,-0.000309
5.9877834E-07,-0.000315
5.9882834E-07,-0.000320
5.9887834E-07,-0.000324
5.9892834E-07,-0.000327
5.9897834E-07,-0.000329
5.9902834E-07,-0.000330
5.9907834E-07,-0.000330
5.9912834E-07,-0.000329
5.9917834E-07,-0.000327
5.9922834E-07,-0.000325
5.9927834E-07,-0.000323
5.9932834E-07,-0.000320
5.9937834E-07,-0.000318
5.9942834E-07,-0.000317
5.9947834E-07,-0.000317
5.9952834E-07,-0.000317
5.9957834E-07,-0.000319
5.9962834E-07,-0.000321
5.9967834E-07,-0.000325
5.9972834E-07,-0.000330
5.9977834E-07,-0.000334
5.9982834E-07,-0.000339
5.9987834E-07,-0.000344
5.9992834E-07,-0.000348
5.9997834E-07,-0.000351
6.0002834E-07,-0.000352
6.0007834E-07,-0.000352
6.0012834E-07,-0.000349
6.0017834E-07,-0.000343
6.0022834E-07,-0.000335
6.0027834E-07,-0.000324
6.0032834E-07,-0.000311
6.0037834E-07,-0.000295
6.0042834E-07,-0.000276
6.0047834E-07,-0.000256
6.0052834E-07,-0.000234
6.0057834E-07,-0.000211
6.0062834E-07,-0.000188
6.0067834E-07,-0.000164
6.0072834E-07,-0.000141
6.0077834E-07,-0.000119
6.0082834E-07,-0.000098
6.0087834E-07,-0.000078
6.0092834E-07,-0.000059
6.0097834E-07,-0.000043
6.0102834E-07,-0.000027
6.0107834E-07,-0.000013
6.0112834E-07,0.000000
6.0117834E-07,0.000012
6.0122834E-07,0.000023
6.0127834E-07,0.000035
6.0132834E-07,0.000047
6.0137834E-07,0.000059
6.0142834E-07,0.000073
6.0147834E-07,0.000088
6.0152834E-07,0.000104
6.0157834E-07,0.000122
6.0162834E-07,0.000141
6.0167834E-07,0.000161
6.0172834E-07,0.000183
6.0177834E-07,0.000205
6.0182834E-07,0.000228
6.0187834E-07,0.000251
6.0192834E-07,0.000273
6.0197834E-07,0.000294
6.0202834E-07,0.000313
6.0207834E-07,0.000330
6.0212834E-07,0.000345
6.0217834E-07,0.000357
6.0222834E-07,0.000366
6.0227834E-07,0.000373
6.0232834E-07,0.000376
6.0237834E-07,0.000376
6.0242834E-07,0.000373
6.0247834E-07,0.000368
6.0252834E-07,0.000360
6.0257834E-07,0.000351
6.0262834E-07,0.000341
6.0267834E-07,0.000330
6.0272834E-07,0.000319
6.0277834E-07,0.000308
6.0282834E-07,0.000297
6.0287834E-07,0.000287
6.0292834E-07,0.000278
6.0297834E-07,0.000271
6.0302834E-07,0.000265
6.0307834E-07,0.000260
6.0312834E-07,0.000257
6.0317834E-07,0.000255
6.0322834E-07,0.000254
6.0327834E-07,0.000254
6.0332834E-07,0.000254
6.0337834E-07,0.000254
6.0342834E-07,0.000255
6.0347834E-07,0.000255
6.0352834E-07,0.000255
6.0357834E-07,0.000255
6.0362834E-07,0.000254
6.0367834E-07,0.000253
6.0372834E-07,0.000251
6.0377834E-07,0.000249
6.0382834E-07,0.000247
6.0387834E-07,0.000244
6.0392834E-07,0.000242
6.0397834E-07,0.000241
6.0402834E-07,0.000240
6.0407834E-07,0.000240
6.0412834E-07,0.000240
6.0417834E-07,0.000242
6.0422834E-07,0.000245
6.0427834E-07,0.000248
6.0432834E-07,0.000252
6.0437834E-07,0.000257
6.0442834E-07,0.000262
6.0447834E-07,0.000266
6.0452834E-07,0.000270
6.0457834E-07,0.000272
6.0462834E-07,0.000273
6.0467834E-07,0.000272
6.0472834E-07,0.000268
6.0477834E-07,0.000262
6.0482834E-07,0.000253
6.0487834E-07,0.000240
6.0492834E-07,0.000224
6.0497834E-07,0.000206
6.0502834E-07,0.000184
6.0507834E-07,0.000159
6.0512834E-07,0.000133
6.0517834E-07,0.000104
6.0522834E-07,0.000075
6.0527834E-07,0.000044
6.0532834E-07,0.000014
6.0537834E-07,-0.000015
6.0542834E-07,-0.000044
6.0547834E-07,-0.000070
6.0552834E-07,-0.000094
6.0557834E-07,-0.000115
6.0562834E-07,-0.000132
6.0567834E-07,-0.000147
6.0572834E-07,-0.000158
6.0577834E-07,-0.000165
6.0582834E-07,-0.000169
6.0587834E-07,-0.000170
6.0592834E-07,-0.000168
6.0597834E-07,-0.000164
6.0602834E-07,-0.000157
6.0607834E-07,-0.000149
6.0612834E-07,-0.000140
6.0617834E-07,-0.000130
6.0622834E-07,-0.000120
6.0627834E-07,-0.000110
6.0632834E-07,-0.000100
6.0637834E-07,-0.000090
6.0642834E-07,-0.000081
6.0647834E-07,-0.000072
6.0652834E-07,-0.000065
6.0657834E-07,-0.000057
6.0662834E-07,-0.000050
6.0667834E-07,-0.000043
6.0672834E-07,-0.000035
6.0677834E-07,-0.000028
6.0682834E-07,-0.000020
6.0687834E-07,-0.000012
6.0692834E-07,-0.000004
6.0697834E-07,0.000005
6.0702834E-07,0.000014
6.0707834E-07,0.000024
6.0712834E-07,0.000033
6.0717834E-07,0.000042
6.0722834E-07,0.000051
6.0727834E-07,0.000058
6.0732834E-07,0.000064
6.0737834E-07,0.000069
6.0742834E-07,0.000072
6.0747834E-07,0.000073
6.0752834E-07,0.000072
6.0757834E-07,0.000069
6.0762834E-07,0.000064
6.0767834E-07,0.000057
6.0772834E-07,0.000048
6.0777834E-07,0.000038
6.0782834E-07,0.000027
6.0787834E-07,0.000015
6.0792834E-07,0.000004
6.0797834E-07,-0.000008
6.0802834E-07,-0.000019
6.0807834E-07,-0.000028
6.0812834E-07,-0.000036
6.0817834E-07,-0.000042
6.0822834E-07,-0.000046
6.0827834E-07,-0.000048
6.0832834E-07,-0.000048
6.0837834E-07,-0.000045
6.0842834E-07,-0.000041
6.0847834E-07,-0.000035
6.0852834E-07,-0.000027
6.0857834E-07,-0.000018
6.0862834E-07,-0.000008
6.0867834E-07,0.000001
6.0872834E-07,0.000011
6.0877834E-07,0.000021
6.0882834E-07,0.000030
6.0887834E-07,0.000038
6.0892834E-07,0.000045
6.0897834E-07,0.000051
6.0902834E-07,0.000057
6.0907834E-07,0.000061
6.0912834E-07,0.000065
6.0917834E-07,0.000069
6.0922834E-07,0.000072
6.0927834E-07,0.000075
6.0932834E-07,0.000079
6.0937834E-07,0.000084
6.0942834E-07,0.000089
6.0947834E-07,0.000096
6.0952834E-07,0.000104
6.0957834E-07,0.000113
6.0962834E-07,0.000123
6.0967834E-07,0.000134
6.0972834E-07,0.000145
6.0977834E-07,0.000157
6.0982834E-07,0.000169
6.0987834E-07,0.000181
6.0992834E-07,0.000192
6.0997834E-07,0.000202
6.1002834E-07,0.000211
6.1007834E-07,0.000217
6.1012834E-07,0.000222
6.1017834E-07,0.000224
6.1022834E-07,0.000223
6.1027834E-07,0.000220
6.1032834E-07,0.000215
6.1037834E-07,0.000207
6.1042834E-07,0.000198
6.1047834E-07,0.000186
6.1052834E-07,0.000174
6.1057834E-07,0.000161
6.1062834E-07,0.000147
6.1067834E-07,0.000134
6.1072834E-07,0.000121
6.1077834E-07,0.000110
6.1082834E-07,0.000100
6.1087834E-07,0.000091
6.1092834E-07,0.000085
6.1097834E-07,0.000081
6.1102834E-07,0.000079
6.1107834E-07,0.000078
6.1112834E-07,0.000080
6.1117834E-07,0.000084
6.1122834E-07,0.000088
6.1127834E-07,0.000094
6.1132834E-07,0.000100
6.1137834E-07,0.000106
6.1142834E-07,0.000112
6.1147834E-07,0.000118
6.1152834E-07,0.000122
6.1157834E-07,0.000126
6.1162834E-07,0.000128
6.1167834E-07,0.000129
6.1172834E-07,0.000129
6.1177834E-07,0.000127
6.1182834E-07,0.000125
6.1187834E-07,0.000123
6.1192834E-07,0.000120
6.1197834E-07,0.000117
6.1202834E-07,0.000115
6.1207834E-07,0.000114
6.1212834E-07,0.000114
6.1217834E-07,0.000115
6.1222834E-07,0.000119
6.1227834E-07,0.000124
6.1232834E-07,0.000131
6.1237834E-07,0.000140
6.1242834E-07,0.000151
6.1247834E-07,0.000163
6.1252834E-07,0.000176
6.1257834E-07,0.000190
6.1262834E-07,0.000204
6.1267834E-07,0.000217
6.1272834E-07,0.000231
6.1277834E-07,0.000243
6.1282834E-07,0.000253
6.1287834E-07,0.000262
6.1292834E-07,0.000269
6.1297834E-07,0.000273
6.1302834E-07,0.000276
6.1307834E-07,0.000276
6.1312834E-07,0.000274
6.1317834E-07,0.000270
6.1322834E-07,0.000265
6.1327834E-07,0.000259
6.1332834E-07,0.000251
6.1337834E-07,0.000244
6.1342834E-07,0.000236
6.1347834E-07,0.000229
6.1352834E-07,0.000223
6.1357834E-07,0.000217
6.1362834E-07,0.000213
6.1367834E-07,0.000209
6.1372834E-07,0.000207
6.1377834E-07,0.000206
6.1382834E-07,0.000205
6.1387834E-07,0.000205
6.1392834E-07,0.000206
6.1397834E-07,0.000206
6.1402834E-07,0.000206
6.1407834E-07,0.000205
6.1412834E-07,0.000203
6.1417834E-07,0.000201
6.1422834E-07,0.000196
6.1427834E-07,0.000191
6.1432834E-07,0.000183
6.1437834E-07,0.000175
6.1442834E-07,0.000165
6.1447834E-07,0.000154
6.1452834E-07,0.000142
6.1457834E-07,0.000130
6.1462834E-07,0.000117
6.1467834E-07,0.000105
6.1472834E-07,0.000093
6.1477834E-07,0.000082
6.1482834E-07,0.000073
6.1487834E-07,0.000064
6.1492834E-07,0.000057
6.1497834E-07,0.000051
6.1502834E-07,0.000047
6.1507834E-07,0.000043
6.1512834E-07,0.000041
6.1517834E-07,0.000040
6.1522834E-07,0.000039
6.1527834E-07,0.000038
6.1532834E-07,0.000036
6.1537834E-07,0.000035
6.1542834E-07,0.000032
6.1547834E-07,0.000028
6.1552834E-07,0.000022
6.1557834E-07,0.000016
6.1562834E-07,0.000007
6.1567834E-07,-0.000002
6.1572834E-07,-0.000013
6.1577834E-07,-0.000024
6.1582834E-07,-0.000036
6.1587834E-07,-0.000049
6.1592834E-07,-0.000061
6.1597834E-07,-0.000072
6.1602834E-07,-0.000082
6.1607834E-07,-0.000091
6.1612834E-07,-0.000098
6.1617834E-07,-0.000103
6.1622834E-07,-0.000106
6.1627834E-07,-0.000107
6.1632834E-07,-0.000105
6.1637834E-07,-0.000102
6.1642834E-07,-0.000096
6.1647834E-07,-0.000089
6.1652834E-07,-0.000081
6.1657834E-07,-0.000073
6.1662834E-07,-0.000064
6.1667834E-07,-0.000055
6.1672834E-07,-0.000047
6.1677834E-07,-0.000040
6.1682834E-07,-0.000034
6.1687834E-07,-0.000030
6.1692834E-07,-0.000027
6.1697834E-07,-0.000026
6.1702834E-07,-0.000026
6.1707834E-07,-0.000027
6.1712834E-07,-0.000030
6.1717834E-07,-0.000033
6.1722834E-07,-0.000036
6.1727834E-07,-0.000038
6.1732834E-07,-0.000040
6.1737834E-07,-0.000040
6.1742834E-07,-0.000039
6.1747834E-07,-0.000036
6.1752834E-07,-0.000031
6.1757834E-07,-0.000023
6.1762834E-07,-0.000013
6.1767834E-07,0.000000
6.1772834E-07,0.000014
6.1777834E-07,0.000031
6.1782834E-07,0.000048
6.1787834E-07,0.000067
6.1792834E-07,0.000086
6.1797834E-07,0.000104
6.1802834E-07,0.000122
6.1807834E-07,0.000138
6.1812834E-07,0.000152
6.1817834E-07,0.000164
6.1822834E-07,0.000174
6.1827834E-07,0.000181
6.1832834E-07,0.000185
6.1837834E-07,0.000186
6.1842834E-07,0.000185
6.1847834E-07,0.000181
6.1852834E-07,0.000176
6.1857834E-07,0.000169
6.1862834E-07,0.000161
6.1867834E-07,0.000152
6.1872834E-07,0.000144
6.1877834E-07,0.000136
6.1882834E-07,0.000129
6.1887834E-07,0.000123
6.1892834E-07,0.000119
6.1897834E-07,0.000117
6.1902834E-07,0.000116
6.1907834E-07,0.000116
6.1912834E-07,0.000119
6.1917834E-07,0.000122
6.1922834E-07,0.000127
6.1927834E-07,0.000132
6.1932834E-07,0.000137
6.1937834E-07,0.000141
6.1942834E-07,0.000145
6.1947834E-07,0.000148
6.1952834E-07,0.000150
6.1957834E-07,0.000150
6.1962834E-07,0.000149
6.1967834E-07,0.000145
6.1972834E-07,0.000140
6.1977834E-07,0.000134
6.1982834E-07,0.000126
6.1987834E-07,0.000117
6.1992834E-07,0.000107
6.1997834E-07,0.000097
6.2002834E-07,0.000087
6.2007834E-07,0.000078
6.2012834E-07,0.000069
6.2017834E-07,0.000062
6.2022834E-07,0.000055
6.2027834E-07,0.000050
6.2032834E-07,0.000047
6.2037834E-07,0.000044
6.2042834E-07,0.000043
6.2047834E-07,0.000042
6.2052834E-07,0.000042
6.2057834E-07,0.000042
6.2062834E-07,0.000042
6.2067834E-07,0.000041
6.2072834E-07,0.000039
6.2077834E-07,0.000036
6.2082834E-07,0.000031
6.2087834E-07,0.000025
6.2092834E-07,0.000017
6.2097834E-07,0.000007
6.2102834E-07,-0.000005
6.2107834E-07,-0.000018
6.2112834E-07,-0.000031
6.2117834E-07,-0.000046
6.2122834E-07,-0.000060
6.2127834E-07,-0.000074
6.2132834E-07,-0.000086
6.2137834E-07,-0.000097
6.2142834E-07,-0.000106
6.2147834E-07,-0.000113
6.2152834E-07,-0.000116
6.2157834E-07,-0.000117
6.2162834E-07,-0.000114
6.2167834E-07,-0.000108
6.2172834E-07,-0.000099
6.2177834E-07,-0.000087
6.2182834E-07,-0.000072
6.2187834E-07,-0.000056
6.2192834E-07,-0.000038
6.2197834E-07,-0.000019
6.2202834E-07,0.000000
6.2207834E-07,0.000020
6.2212834E-07,0.000038
6.2217834E-07,0.000055
6.2222834E-07,0.000071
6.2227834E-07,0.000085
6.2232834E-07,0.000096
6.2237834E-07,0.000106
6.2242834E-07,0.000114
6.2247834E-07,0.000120
6.2252834E-07,0.000124
6.2257834E-07,0.000127
6.2262834E-07,0.000129
6.2267834E-07,0.000130
6.2272834E-07,0.000131
6.2277834E-07,0.000131
6.2282834E-07,0.000133
6.2287834E-07,0.000134
6.2292834E-07,0.000137
6.2297834E-07,0.000140
6.2302834E-07,0.000143
6.2307834E-07,0.000147
6.2312834E-07,0.000152
6.2317834E-07,0.000156
6.2322834E-07,0.000161
6.2327834E-07,0.000164
6.2332834E-07,0.000167
6.2337834E-07,0.000168
6.2342834E-07,0.000167
6.2347834E-07,0.000165
6.2352834E-07,0.000160
6.2357834E-07,0.000154
6.2362834E-07,0.000146
6.2367834E-07,0.000135
6.2372834E-07,0.000123
6.2377834E-07,0.000110
6.2382834E-07,0.000095
6.2387834E-07,0.000081
6.2392834E-07,0.000066
6.2397834E-07,0.000051
6.2402834E-07,0.000038
6.2407834E-07,0.000026
6.2412834E-07,0.000016
6.2417834E-07,0.000008
6.2422834E-07,0.000002
6.2427834E-07,-0.000002
6.2432834E-07,-0.000003
6.2437834E-07,-0.000002
6.2442834E-07,0.000001
6.2447834E-07,0.000005
6.2452834E-07,0.000011
6.2457834E-07,0.000017
6.2462834E-07,0.000024
6.2467834E-07,0.000030
6.2472834E-07,0.000036
6.2477834E-07,0.000041
6.2482834E-07,0.000045
6.2487834E-07,0.000047
6.2492834E-07,0.000048
6.2497834E-07,0.000047
6.2502834E-07,0.000044
6.2507834E-07,0.000040
6.2512834E-07,0.000035
6.2517834E-07,0.000029
6.2522834E-07,0.000023
6.2527834E-07,0.000016
6.2532834E-07,0.000010
6.2537834E-07,0.000005
6.2542834E-07,0.000001
6.2547834E-07,-0.000002
6.2552834E-07,-0.000002
6.2557834E-07,-0.000001
6.2562834E-07,0.000002
6.2567834E-07,0.000007
6.2572834E-07,0.000013
6.2577834E-07,0.000022
6.2582834E-07,0.000031
6.2587834E-07,0.000041
6.2592834E-07,0.000051
6.2597834E-07,0.000062
6.2602834E-07,0.000071
6.2607834E-07,0.000080
6.2612834E-07,0.000087
6.2617834E-07,0.000093
6.2622834E-07,0.000096
6.2627834E-07,0.000097
6.2632834E-07,0.000096
6.2637834E-07,0.000093
6.2642834E-07,0.000088
6.2647834E-07,0.000081
6.2652834E-07,0.000073
6.2657834E-07,0.000063
6.2662834E-07,0.000053
6.2667834E-07,0.000042
6.2672834E-07,0.000032
6.2677834E-07,0.000022
6.2682834E-07,0.000013
6.2687834E-07,0.000005
6.2692834E-07,-0.000002
6.2697834E-07,-0.000007
6.2702834E-07,-0.000011
6.2707834E-07,-0.000014
6.2712834E-07,-0.000015
6.2717834E-07,-0.000016
6.2722834E-07,-0.000015
6.2727834E-07,-0.000015
6.2732834E-07,-0.000014
6.2737834E-07,-0.000014
6.2742834E-07,-0.000015
6.2747834E-07,-0.000016
6.2752834E-07,-0.000019
6.2757834E-07,-0.000022
6.2762834E-07,-0.000028
6.2767834E-07,-0.000034
6.2772834E-07,-0.000041
6.2777834E-07,-0.000050
6.2782834E-07,-0.000059
6.2787834E-07,-0.000068
6.2792834E-07,-0.000077
6.2797834E-07,-0.000086
6.2802834E-07,-0.000093
6.2807834E-07,-0.000099
6.2812834E-07,-0.000103
6.2817834E-07,-0.000105
6.2822834E-07,-0.000105
6.2827834E-07,-0.000102
6.2832834E-07,-0.000096
6.2837834E-07,-0.000088
6.2842834E-07,-0.000078
6.2847834E-07,-0.000066
6.2852834E-07,-0.000052
6.2857834E-07,-0.000037
6.2862834E-07,-0.000021
6.2867834E-07,-0.000005
6.2872834E-07,0.000011
6.2877834E-07,0.000026
6.2882834E-07,0.000041
6.2887834E-07,0.000055
6.2892834E-07,0.000067
6.2897834E-07,0.000078
6.2902834E-07,0.000087
6.2907834E-07,0.000096
6.2912834E-07,0.000103
6.2917834E-07,0.000109
6.2922834E-07,0.000115
6.2927834E-07,0.000121
6.2932834E-07,0.000128
6.2937834E-07,0.000135
6.2942834E-07,0.000143
6.2947834E-07,0.000153
6.2952834E-07,0.000164
6.2957834E-07,0.000178
6.2962834E-07,0.000193
6.2967834E-07,0.000209
6.2972834E-07,0.000228
6.2977834E-07,0.000247
6.2982834E-07,0.000267
6.2987834E-07,0.000287
6.2992834E-07,0.000307
6.2997834E-07,0.000326
6.3002834E-07,0.000344
6.3007834E-07,0.000360
6.3012834E-07,0.000373
6.3017834E-07,0.000384
6.3022834E-07,0.000391
6.3027834E-07,0.000396
6.3032834E-07,0.000397
6.3037834E-07,0.000394
6.3042834E-07,0.000389
6.3047834E-07,0.000381
6.3052834E-07,0.000371
6.3057834E-07,0.000359
6.3062834E-07,0.000345
6.3067834E-07,0.000331
6.3072834E-07,0.000317
6.3077834E-07,0.000303
6.3082834E-07,0.000289
6.3087834E-07,0.000277
6.3092834E-07,0.000266
6.3097834E-07,0.000256
6.3102834E-07,0.000248
6.3107834E-07,0.000241
6.3112834E-07,0.000236
6.3117834E-07,0.000231
6.3122834E-07,0.000227
6.3127834E-07,0.000223
6.3132834E-07,0.000218
6.3137834E-07,0.000213
6.3142834E-07,0.000207
6.3147834E-07,0.000200
6.3152834E-07,0.000191
6.3157834E-07,0.000180
6.3162834E-07,0.000167
6.3167834E-07,0.000152
6.3172834E-07,0.000136
6.3177834E-07,0.000119
6.3182834E-07,0.000101
6.3187834E-07,0.000083
6.3192834E-07,0.000065
6.3197834E-07,0.000048
6.3202834E-07,0.000032
6.3207834E-07,0.000019
6.3212834E-07,0.000007
6.3217834E-07,-0.000002
6.3222834E-07,-0.000008
6.3227834E-07,-0.000011
6.3232834E-07,-0.000011
6.3237834E-07,-0.000008
6.3242834E-07,-0.000003
6.3247834E-07,0.000005
6.3252834E-07,0.000015
6.3257834E-07,0.000026
6.3262834E-07,0.000039
6.3267834E-07,0.000051
6.3272834E-07,0.000064
6.3277834E-07,0.000076
6.3282834E-07,0.000087
6.3287834E-07,0.000096
6.3292834E-07,0.000105
6.3297834E-07,0.000111
6.3302834E-07,0.000116
6.3307834E-07,0.000119
6.3312834E-07,0.000121
6.3317834E-07,0.000122
6.3322834E-07,0.000122
6.3327834E-07,0.000121
6.3332834E-07,0.000121
6.3337834E-07,0.000121
6.3342834E-07,0.000121
6.3347834E-07,0.000123
6.3352834E-07,0.000125
6.3357834E-07,0.000129
6.3362834E-07,0.000133
6.3367834E-07,0.000139
6.3372834E-07,0.000145
6.3377834E-07,0.000152
6.3382834E-07,0.000158
6.3387834E-07,0.000165
6.3392834E-07,0.000170
6.3397834E-07,0.000174
6.3402834E-07,0.000177
6.3407834E-07,0.000177
6.3412834E-07,0.000175
6.3417834E-07,0.000170
6.3422834E-07,0.000162
6.3427834E-07,0.000152
6.3432834E-07,0.000139
6.3437834E-07,0.000124
6.3442834E-07,0.000106
6.3447834E-07,0.000088
6.3452834E-07,0.000068
6.3457834E-07,0.000047
6.3462834E-07,0.000027
6.3467834E-07,0.000008
6.3472834E-07,-0.000009
6.3477834E-07,-0.000025
6.3482834E-07,-0.000038
6.3487834E-07,-0.000047
6.3492834E-07,-0.000053
6.3497834E-07,-0.000056
6.3502834E-07,-0.000055
6.3507834E-07,-0.000051
6.3512834E-07,-0.000043
6.3517834E-07,-0.000031
6.3522834E-07,-0.000018
6.3527834E-07,-0.000002
6.3532834E-07,0.000016
6.3537834E-07,0.000035
6.3542834E-07,0.000054
6.3547834E-07,0.000074
6.3552834E-07,0.000092
6.3557834E-07,0.000110
6.3562834E-07,0.000126
6.3567834E-07,0.000141
6.3572834E-07,0.000154
6.3577834E-07,0.000165
6.3582834E-07,0.000174
6.3587834E-07,0.000181
6.3592834E-07,0.000186
6.3597834E-07,0.000190
6.3602834E-07,0.000192
6.3607834E-07,0.000194
6.3612834E-07,0.000195
6.3617834E-07,0.000196
6.3622834E-07,0.000197
6.3627834E-07,0.000197
6.3632834E-07,0.000198
6.3637834E-07,0.000199
6.3642834E-07,0.000200
6.3647834E-07,0.000201
6.3652834E-07,0.000202
6.3657834E-07,0.000203
6.3662834E-07,0.000202
6.3667834E-07,0.000201
6.3672834E-07,0.000199
6.3677834E-07,0.000195
6.3682834E-07,0.000189
6.3687834E-07,0.000182
6.3692834E-07,0.000172
6.3697834E-07,0.000161
6.3702834E-07,0.000148
6.3707834E-07,0.000133
6.3712834E-07,0.000117
6.3717834E-07,0.000099
6.3722834E-07,0.000082
6.3727834E-07,0.000064
6.3732834E-07,0.000047
6.3737834E-07,0.000032
6.3742834E-07,0.000017
6.3747834E-07,0.000005
6.3752834E-07,-0.000005
6.3757834E-07,-0.000013
6.3762834E-07,-0.000017
6.3767834E-07,-0.000019
6.3772834E-07,-0.000018
6.3777834E-07,-0.000015
6.3782834E-07,-0.000009
6.3787834E-07,-0.000002
6.3792834E-07,0.000007
6.3797834E-07,0.000016
6.3802834E-07,0.000026
6.3807834E-07,0.000035
6.3812834E-07,0.000043
6.3817834E-07,0.000049
6.3822834E-07,0.000054
6.3827834E-07,0.000057
6.3832834E-07,0.000057
6.3837834E-07,0.000055
6.3842834E-07,0.000051
6.3847834E-07,0.000045
6.3852834E-07,0.000037
6.3857834E-07,0.000028
6.3862834E-07,0.000018
6.3867834E-07,0.000007
6.3872834E-07,-0.000003
6.3877834E-07,-0.000012
6.3882834E-07,-0.000021
6.3887834E-07,-0.000027
6.3892834E-07,-0.000032
6.3897834E-07,-0.000035
6.3902834E-07,-0.000036
6.3907834E-07,-0.000034
6.3912834E-07,-0.000030
6.3917834E-07,-0.000025
6.3922834E-07,-0.000018
6.3927834E-07,-0.000009
6.3932834E-07,0.000000
6.3937834E-07,0.000009
6.3942834E-07,0.000019
6.3947834E-07,0.000028
6.3952834E-07,0.000036
6.3957834E-07,0.000044
6.3962834E-07,0.000050
6.3967834E-07,0.000055
6.3972834E-07,0.000059
6.3977834E-07,0.000062
6.3982834E-07,0.000064
6.3987834E-07,0.000066
6.3992834E-07,0.000067
6.3997834E-07,0.000068
6.4002834E-07,0.000070
6.4007834E-07,0.000072
6.4012834E-07,0.000075
6.4017834E-07,0.000079
6.4022834E-07,0.000084
6.4027834E-07,0.000090
6.4032834E-07,0.000097
6.4037834E-07,0.000104
6.4042834E-07,0.000112
6.4047834E-07,0.000120
6.4052834E-07,0.000128
6.4057834E-07,0.000134
6.4062834E-07,0.000140
6.4067834E-07,0.000143
6.4072834E-07,0.000145
6.4077834E-07,0.000144
6.4082834E-07,0.000140
6.4087834E-07,0.000135
6.4092834E-07,0.000126
6.4097834E-07,0.000115
6.4102834E-07,0.000102
6.4107834E-07,0.000088
6.4112834E-07,0.000073
6.4117834E-07,0.000057
6.4122834E-07,0.000041
6.4127834E-07,0.000026
6.4132834E-07,0.000013
6.4137834E-07,0.000001
6.4142834E-07,-0.000007
6.4147834E-07,-0.000013
6.4152834E-07,-0.000016
6.4157834E-07,-0.000015
6.4162834E-07,-0.000011
6.4167834E-07,-0.000004
6.4172834E-07,0.000006
6.4177834E-07,0.000019
6.4182834E-07,0.000034
6.4187834E-07,0.000050
6.4192834E-07,0.000066
6.4197834E-07,0.000083
6.4202834E-07,0.000098
6.4207834E-07,0.000113
6.4212834E-07,0.000125
6.4217834E-07,0.000135
6.4222834E-07,0.000143
6.4227834E-07,0.000147
6.4232834E-07,0.000148
6.4237834E-07,0.000145
6.4242834E-07,0.000140
6.4247834E-07,0.000132
6.4252834E-07,0.000122
6.4257834E-07,0.000110
6.4262834E-07,0.000097
6.4267834E-07,0.000083
6.4272834E-07,0.000069
6.4277834E-07,0.000055
6.4282834E-07,0.000043
6.4287834E-07,0.000031
6.4292834E-07,0.000022
6.4297834E-07,0.000015
6.4302834E-07,0.000010
6.4307834E-07,0.000007
6.4312834E-07,0.000006
6.4317834E-07,0.000008
6.4322834E-07,0.000011
6.4327834E-07,0.000015
6.4332834E-07,0.000020
6.4337834E-07,0.000026
6.4342834E-07,0.000032
6.4347834E-07,0.000038
6.4352834E-07,0.000043
6.4357834E-07,0.000048
6.4362834E-07,0.000050
6.4367834E-07,0.000052
6.4372834E-07,0.000052
6.4377834E-07,0.000051
6.4382834E-07,0.000048
6.4387834E-07,0.000045
6.4392834E-07,0.000040
6.4397834E-07,0.000036
6.4402834E-07,0.000031
6.4407834E-07,0.000026
6.4412834E-07,0.000022
6.4417834E-07,0.000018
6.4422834E-07,0.000016
6.4427834E-07,0.000015
6.4432834E-07,0.000016
6.4437834E-07,0.000018
6.4442834E-07,0.000022
6.4447834E-07,0.000027
6.4452834E-07,0.000034
6.4457834E-07,0.000041
6.4462834E-07,0.000048
6.4467834E-07,0.000056
6.4472834E-07,0.000064
6.4477834E-07,0.000072
6.4482834E-07,0.000079
6.4487834E-07,0.000084
6.4492834E-07,0.000089
6.4497834E-07,0.000092
6.4502834E-07,0.000095
6.4507834E-07,0.000096
6.4512834E-07,0.000096
6.4517834E-07,0.000095
6.4522834E-07,0.000094
6.4527834E-07,0.000093
6.4532834E-07,0.000092
6.4537834E-07,0.000092
6.4542834E-07,0.000092
6.4547834E-07,0.000094
6.4552834E-07,0.000098
6.4557834E-07,0.000103
6.4562834E-07,0.000109
6.4567834E-07,0.000118
6.4572834E-07,0.000127
6.4577834E-07,0.000138
6.4582834E-07,0.000150
6.4587834E-07,0.000162
6.4592834E-07,0.000173
6.4597834E-07,0.000184
6.4602834E-07,0.000194
6.4607834E-07,0.000202
6.4612834E-07,0.000208
6.4617834E-07,0.000211
6.4622834E-07,0.000211
6.4627834E-07,0.000208
6.4632834E-07,0.000202
6.4637834E-07,0.000193
6.4642834E-07,0.000181
6.4647834E-07,0.000166
6.4652834E-07,0.000149
6.4657834E-07,0.000131
6.4662834E-07,0.000111
6.4667834E-07,0.000091
6.4672834E-07,0.000071
6.4677834E-07,0.000051
6.4682834E-07,0.000033
6.4687834E-07,0.000016
6.4692834E-07,0.000000
6.4697834E-07,-0.000013
6.4702834E-07,-0.000024
6.4707834E-07,-0.000033
6.4712834E-07,-0.000041
6.4717834E-07,-0.000046
6.4722834E-07,-0.000051
6.4727834E-07,-0.000054
6.4732834E-07,-0.000056
6.4737834E-07,-0.000058
6.4742834E-07,-0.000061
6.4747834E-07,-0.000063
6.4752834E-07,-0.000067
6.4757834E-07,-0.000071
6.4762834E-07,-0.000075
6.4767834E-07,-0.000081
6.4772834E-07,-0.000087
6.4777834E-07,-0.000094
6.4782834E-07,-0.000101
6.4787834E-07,-0.000107
6.4792834E-07,-0.000113
6.4797834E-07,-0.000118
6.4802834E-07,-0.000121
6.4807834E-07,-0.000122
6.4812834E-07,-0.000121
6.4817834E-07,-0.000118
6.4822834E-07,-0.000112
6.4827834E-07,-0.000104
6.4832834E-07,-0.000093
6.4837834E-07,-0.000080
6.4842834E-07,-0.000066
6.4847834E-07,-0.000049
6.4852834E-07,-0.000032
6.4857834E-07,-0.000015
6.4862834E-07,0.000003
6.4867834E-07,0.000019
6.4872834E-07,0.000035
6.4877834E-07,0.000048
6.4882834E-07,0.000060
6.4887834E-07,0.000069
6.4892834E-07,0.000076
6.4897834E-07,0.000080
6.4902834E-07,0.000082
6.4907834E-07,0.000081
6.4912834E-07,0.000079
6.4917834E-07,0.000075
6.4922834E-07,0.000070
6.4927834E-07,0.000065
6.4932834E-07,0.000060
6.4937834E-07,0.000056
6.4942834E-07,0.000053
6.4947834E-07,0.000051
6.4952834E-07,0.000052
6.4957834E-07,0.000054
6.4962834E-07,0.000059
6.4967834E-07,0.000066
6.4972834E-07,0.000076
6.4977834E-07,0.000087
6.4982834E-07,0.000100
6.4987834E-07,0.000114
6.4992834E-07,0.000129
6.4997834E-07,0.000144
6.5002834E-07,0.000158
6.5007834E-07,0.000171
6.5012834E-07,0.000182
6.5017834E-07,0.000192
6.5022834E-07,0.000200
6.5027834E-07,0.000204
6.5032834E-07,0.000207
6.5037834E-07,0.000207
6.5042834E-07,0.000204
6.5047834E-07,0.000199
6.5052834E-07,0.000192
6.5057834E-07,0.000184
6.5062834E-07,0.000175
6.5067834E-07,0.000166
6.5072834E-07,0.000157
6.5077834E-07,0.000148
6.5082834E-07,0.000140
6.5087834E-07,0.000134
6.5092834E-07,0.000130
6.5097834E-07,0.000127
6.5102834E-07,0.000126
6.5107834E-07,0.000127
6.5112834E-07,0.000130
6.5117834E-07,0.000134
6.5122834E-07,0.000139
6.5127834E-07,0.000146
6.5132834E-07,0.000152
6.5137834E-07,0.000159
6.5142834E-07,0.000165
6.5147834E-07,0.000170
6.5152834E-07,0.000174
6.5157834E-07,0.000177
6.5162834E-07,0.000178
6.5167834E-07,0.000177
6.5172834E-07,0.000175
6.5177834E-07,0.000171
6.5182834E-07,0.000166
6.5187834E-07,0.000160
6.5192834E-07,0.000154
6.5197834E-07,0.000147
6.5202834E-07,0.000141
6.5207834E-07,0.000135
6.5212834E-07,0.000131
6.5217834E-07,0.000127
6.5222834E-07,0.000126
6.5227834E-07,0.000126
6.5232834E-07,0.000128
6.5237834E-07,0.000131
6.5242834E-07,0.000136
6.5247834E-07,0.000142
6.5252834E-07,0.000149
6.5257834E-07,0.000157
6.5262834E-07,0.000165
6.5267834E-07,0.000172
6.5272834E-07,0.000178
6.5277834E-07,0.000182
6.5282834E-07,0.000184
6.5287834E-07,0.000185
6.5292834E-07,0.000182
6.5297834E-07,0.000177
6.5302834E-07,0.000170
6.5307834E-07,0.000159
6.5312834E-07,0.000147
6.5317834E-07,0.000134
6.5322834E-07,0.000119
6.5327834E-07,0.000103
6.5332834E-07,0.000089
6.5337834E-07,0.000075
6.5342834E-07,0.000063
6.5347834E-07,0.000055
6.5352834E-07,0.000050
6.5357834E-07,0.000050
6.5362834E-07,0.000056
6.5367834E-07,0.000068
6.5372834E-07,0.000086
6.5377834E-07,0.000112
6.5382834E-07,0.000145
6.5387834E-07,0.000185
6.5392834E-07,0.000233
6.5397834E-07,0.000289
6.5402834E-07,0.000351
6.5407834E-07,0.000421
6.5412834E-07,0.000496
6.5417834E-07,0.000577
6.5422834E-07,0.000662
6.5427834E-07,0.000752
6.5432834E-07,0.000844
6.5437834E-07,0.000939
