LECROYWaveRunner‘N,20113,Waveform
Segments,1,SegmentSize,4002
Segment,TrigTime,TimeSinceSegment1
#1,12-Dec-2018 11:32:35,0                 
Time,Ampl
4.5693567E-07,-0.000050
4.5698567E-07,-0.000053
4.5703567E-07,-0.000056
4.5708567E-07,-0.000059
4.5713567E-07,-0.000063
4.5718567E-07,-0.000066
4.5723567E-07,-0.000068
4.5728567E-07,-0.000070
4.5733567E-07,-0.000070
4.5738567E-07,-0.000070
4.5743567E-07,-0.000068
4.5748567E-07,-0.000064
4.5753567E-07,-0.000059
4.5758567E-07,-0.000052
4.5763567E-07,-0.000045
4.5768567E-07,-0.000036
4.5773567E-07,-0.000027
4.5778567E-07,-0.000018
4.5783567E-07,-0.000008
4.5788567E-07,0.000001
4.5793567E-07,0.000010
4.5798567E-07,0.000018
4.5803567E-07,0.000025
4.5808567E-07,0.000030
4.5813567E-07,0.000034
4.5818567E-07,0.000036
4.5823567E-07,0.000037
4.5828567E-07,0.000036
4.5833567E-07,0.000034
4.5838567E-07,0.000032
4.5843567E-07,0.000028
4.5848567E-07,0.000023
4.5853567E-07,0.000018
4.5858567E-07,0.000014
4.5863567E-07,0.000009
4.5868567E-07,0.000005
4.5873567E-07,0.000002
4.5878567E-07,-0.000001
4.5883567E-07,-0.000003
4.5888567E-07,-0.000003
4.5893567E-07,-0.000003
4.5898567E-07,-0.000002
4.5903567E-07,0.000000
4.5908567E-07,0.000003
4.5913567E-07,0.000006
4.5918567E-07,0.000010
4.5923567E-07,0.000014
4.5928567E-07,0.000019
4.5933567E-07,0.000023
4.5938567E-07,0.000028
4.5943567E-07,0.000032
4.5948567E-07,0.000037
4.5953567E-07,0.000041
4.5958567E-07,0.000045
4.5963567E-07,0.000049
4.5968567E-07,0.000054
4.5973567E-07,0.000058
4.5978567E-07,0.000063
4.5983567E-07,0.000068
4.5988567E-07,0.000073
4.5993567E-07,0.000079
4.5998567E-07,0.000086
4.6003567E-07,0.000093
4.6008567E-07,0.000100
4.6013567E-07,0.000108
4.6018567E-07,0.000115
4.6023567E-07,0.000123
4.6028567E-07,0.000131
4.6033567E-07,0.000138
4.6038567E-07,0.000145
4.6043567E-07,0.000151
4.6048567E-07,0.000156
4.6053567E-07,0.000160
4.6058567E-07,0.000163
4.6063567E-07,0.000164
4.6068567E-07,0.000164
4.6073567E-07,0.000163
4.6078567E-07,0.000161
4.6083567E-07,0.000157
4.6088567E-07,0.000153
4.6093567E-07,0.000147
4.6098567E-07,0.000141
4.6103567E-07,0.000135
4.6108567E-07,0.000128
4.6113567E-07,0.000122
4.6118567E-07,0.000116
4.6123567E-07,0.000110
4.6128567E-07,0.000106
4.6133567E-07,0.000102
4.6138567E-07,0.000099
4.6143567E-07,0.000098
4.6148567E-07,0.000097
4.6153567E-07,0.000098
4.6158567E-07,0.000100
4.6163567E-07,0.000103
4.6168567E-07,0.000107
4.6173567E-07,0.000111
4.6178567E-07,0.000115
4.6183567E-07,0.000120
4.6188567E-07,0.000125
4.6193567E-07,0.000129
4.6198567E-07,0.000132
4.6203567E-07,0.000135
4.6208567E-07,0.000137
4.6213567E-07,0.000138
4.6218567E-07,0.000138
4.6223567E-07,0.000136
4.6228567E-07,0.000134
4.6233567E-07,0.000130
4.6238567E-07,0.000126
4.6243567E-07,0.000121
4.6248567E-07,0.000115
4.6253567E-07,0.000108
4.6258567E-07,0.000101
4.6263567E-07,0.000094
4.6268567E-07,0.000087
4.6273567E-07,0.000081
4.6278567E-07,0.000074
4.6283567E-07,0.000068
4.6288567E-07,0.000061
4.6293567E-07,0.000056
4.6298567E-07,0.000050
4.6303567E-07,0.000045
4.6308567E-07,0.000040
4.6313567E-07,0.000035
4.6318567E-07,0.000029
4.6323567E-07,0.000024
4.6328567E-07,0.000018
4.6333567E-07,0.000011
4.6338567E-07,0.000004
4.6343567E-07,-0.000003
4.6348567E-07,-0.000011
4.6353567E-07,-0.000020
4.6358567E-07,-0.000029
4.6363567E-07,-0.000038
4.6368567E-07,-0.000047
4.6373567E-07,-0.000056
4.6378567E-07,-0.000064
4.6383567E-07,-0.000072
4.6388567E-07,-0.000080
4.6393567E-07,-0.000086
4.6398567E-07,-0.000091
4.6403567E-07,-0.000095
4.6408567E-07,-0.000098
4.6413567E-07,-0.000099
4.6418567E-07,-0.000099
4.6423567E-07,-0.000098
4.6428567E-07,-0.000096
4.6433567E-07,-0.000093
4.6438567E-07,-0.000089
4.6443567E-07,-0.000085
4.6448567E-07,-0.000081
4.6453567E-07,-0.000078
4.6458567E-07,-0.000074
4.6463567E-07,-0.000072
4.6468567E-07,-0.000070
4.6473567E-07,-0.000070
4.6478567E-07,-0.000070
4.6483567E-07,-0.000072
4.6488567E-07,-0.000075
4.6493567E-07,-0.000079
4.6498567E-07,-0.000084
4.6503567E-07,-0.000090
4.6508567E-07,-0.000096
4.6513567E-07,-0.000103
4.6518567E-07,-0.000109
4.6523567E-07,-0.000116
4.6528567E-07,-0.000122
4.6533567E-07,-0.000128
4.6538567E-07,-0.000133
4.6543567E-07,-0.000137
4.6548567E-07,-0.000141
4.6553567E-07,-0.000143
4.6558567E-07,-0.000145
4.6563567E-07,-0.000147
4.6568567E-07,-0.000148
4.6573567E-07,-0.000148
4.6578567E-07,-0.000148
4.6583567E-07,-0.000148
4.6588567E-07,-0.000149
4.6593567E-07,-0.000149
4.6598567E-07,-0.000150
4.6603567E-07,-0.000151
4.6608567E-07,-0.000152
4.6613567E-07,-0.000153
4.6618567E-07,-0.000155
4.6623567E-07,-0.000157
4.6628567E-07,-0.000158
4.6633567E-07,-0.000159
4.6638567E-07,-0.000160
4.6643567E-07,-0.000160
4.6648567E-07,-0.000159
4.6653567E-07,-0.000157
4.6658567E-07,-0.000154
4.6663567E-07,-0.000149
4.6668567E-07,-0.000144
4.6673567E-07,-0.000137
4.6678567E-07,-0.000128
4.6683567E-07,-0.000119
4.6688567E-07,-0.000109
4.6693567E-07,-0.000098
4.6698567E-07,-0.000087
4.6703567E-07,-0.000075
4.6708567E-07,-0.000064
4.6713567E-07,-0.000053
4.6718567E-07,-0.000043
4.6723567E-07,-0.000033
4.6728567E-07,-0.000025
4.6733567E-07,-0.000017
4.6738567E-07,-0.000011
4.6743567E-07,-0.000005
4.6748567E-07,-0.000001
4.6753567E-07,0.000001
4.6758567E-07,0.000003
4.6763567E-07,0.000004
4.6768567E-07,0.000005
4.6773567E-07,0.000004
4.6778567E-07,0.000003
4.6783567E-07,0.000002
4.6788567E-07,0.000001
4.6793567E-07,-0.000001
4.6798567E-07,-0.000002
4.6803567E-07,-0.000004
4.6808567E-07,-0.000005
4.6813567E-07,-0.000006
4.6818567E-07,-0.000008
4.6823567E-07,-0.000009
4.6828567E-07,-0.000010
4.6833567E-07,-0.000012
4.6838567E-07,-0.000014
4.6843567E-07,-0.000016
4.6848567E-07,-0.000018
4.6853567E-07,-0.000021
4.6858567E-07,-0.000024
4.6863567E-07,-0.000027
4.6868567E-07,-0.000031
4.6873567E-07,-0.000035
4.6878567E-07,-0.000039
4.6883567E-07,-0.000044
4.6888567E-07,-0.000048
4.6893567E-07,-0.000052
4.6898567E-07,-0.000056
4.6903567E-07,-0.000060
4.6908567E-07,-0.000063
4.6913567E-07,-0.000065
4.6918567E-07,-0.000066
4.6923567E-07,-0.000067
4.6928567E-07,-0.000067
4.6933567E-07,-0.000066
4.6938567E-07,-0.000064
4.6943567E-07,-0.000061
4.6948567E-07,-0.000057
4.6953567E-07,-0.000052
4.6958567E-07,-0.000047
4.6963567E-07,-0.000042
4.6968567E-07,-0.000036
4.6973567E-07,-0.000029
4.6978567E-07,-0.000023
4.6983567E-07,-0.000018
4.6988567E-07,-0.000013
4.6993567E-07,-0.000008
4.6998567E-07,-0.000005
4.7003567E-07,-0.000002
4.7008567E-07,-0.000001
4.7013567E-07,-0.000001
4.7018567E-07,-0.000003
4.7023567E-07,-0.000006
4.7028567E-07,-0.000010
4.7033567E-07,-0.000016
4.7038567E-07,-0.000023
4.7043567E-07,-0.000031
4.7048567E-07,-0.000040
4.7053567E-07,-0.000049
4.7058567E-07,-0.000059
4.7063567E-07,-0.000069
4.7068567E-07,-0.000079
4.7073567E-07,-0.000089
4.7078567E-07,-0.000098
4.7083567E-07,-0.000107
4.7088567E-07,-0.000115
4.7093567E-07,-0.000122
4.7098567E-07,-0.000128
4.7103567E-07,-0.000133
4.7108567E-07,-0.000137
4.7113567E-07,-0.000141
4.7118567E-07,-0.000143
4.7123567E-07,-0.000144
4.7128567E-07,-0.000145
4.7133567E-07,-0.000146
4.7138567E-07,-0.000146
4.7143567E-07,-0.000146
4.7148567E-07,-0.000145
4.7153567E-07,-0.000144
4.7158567E-07,-0.000143
4.7163567E-07,-0.000142
4.7168567E-07,-0.000141
4.7173567E-07,-0.000140
4.7178567E-07,-0.000138
4.7183567E-07,-0.000136
4.7188567E-07,-0.000134
4.7193567E-07,-0.000131
4.7198567E-07,-0.000128
4.7203567E-07,-0.000124
4.7208567E-07,-0.000119
4.7213567E-07,-0.000114
4.7218567E-07,-0.000108
4.7223567E-07,-0.000102
4.7228567E-07,-0.000096
4.7233567E-07,-0.000089
4.7238567E-07,-0.000082
4.7243567E-07,-0.000074
4.7248567E-07,-0.000068
4.7253567E-07,-0.000061
4.7258567E-07,-0.000055
4.7263567E-07,-0.000050
4.7268567E-07,-0.000045
4.7273567E-07,-0.000042
4.7278567E-07,-0.000039
4.7283567E-07,-0.000038
4.7288567E-07,-0.000037
4.7293567E-07,-0.000037
4.7298567E-07,-0.000039
4.7303567E-07,-0.000040
4.7308567E-07,-0.000043
4.7313567E-07,-0.000046
4.7318567E-07,-0.000049
4.7323567E-07,-0.000053
4.7328567E-07,-0.000056
4.7333567E-07,-0.000060
4.7338567E-07,-0.000063
4.7343567E-07,-0.000067
4.7348567E-07,-0.000070
4.7353567E-07,-0.000073
4.7358567E-07,-0.000077
4.7363567E-07,-0.000080
4.7368567E-07,-0.000084
4.7373567E-07,-0.000089
4.7378567E-07,-0.000093
4.7383567E-07,-0.000099
4.7388567E-07,-0.000105
4.7393567E-07,-0.000113
4.7398567E-07,-0.000121
4.7403567E-07,-0.000130
4.7408567E-07,-0.000139
4.7413567E-07,-0.000150
4.7418567E-07,-0.000160
4.7423567E-07,-0.000172
4.7428567E-07,-0.000183
4.7433567E-07,-0.000194
4.7438567E-07,-0.000204
4.7443567E-07,-0.000214
4.7448567E-07,-0.000223
4.7453567E-07,-0.000230
4.7458567E-07,-0.000236
4.7463567E-07,-0.000240
4.7468567E-07,-0.000242
4.7473567E-07,-0.000243
4.7478567E-07,-0.000241
4.7483567E-07,-0.000238
4.7488567E-07,-0.000233
4.7493567E-07,-0.000226
4.7498567E-07,-0.000217
4.7503567E-07,-0.000208
4.7508567E-07,-0.000197
4.7513567E-07,-0.000185
4.7518567E-07,-0.000173
4.7523567E-07,-0.000160
4.7528567E-07,-0.000147
4.7533567E-07,-0.000134
4.7538567E-07,-0.000121
4.7543567E-07,-0.000108
4.7548567E-07,-0.000096
4.7553567E-07,-0.000084
4.7558567E-07,-0.000073
4.7563567E-07,-0.000063
4.7568567E-07,-0.000053
4.7573567E-07,-0.000044
4.7578567E-07,-0.000035
4.7583567E-07,-0.000027
4.7588567E-07,-0.000020
4.7593567E-07,-0.000014
4.7598567E-07,-0.000008
4.7603567E-07,-0.000004
4.7608567E-07,0.000000
4.7613567E-07,0.000003
4.7618567E-07,0.000005
4.7623567E-07,0.000006
4.7628567E-07,0.000007
4.7633567E-07,0.000006
4.7638567E-07,0.000004
4.7643567E-07,0.000002
4.7648567E-07,-0.000002
4.7653567E-07,-0.000006
4.7658567E-07,-0.000010
4.7663567E-07,-0.000015
4.7668567E-07,-0.000021
4.7673567E-07,-0.000026
4.7678567E-07,-0.000031
4.7683567E-07,-0.000036
4.7688567E-07,-0.000040
4.7693567E-07,-0.000044
4.7698567E-07,-0.000047
4.7703567E-07,-0.000049
4.7708567E-07,-0.000050
4.7713567E-07,-0.000049
4.7718567E-07,-0.000048
4.7723567E-07,-0.000045
4.7728567E-07,-0.000042
4.7733567E-07,-0.000037
4.7738567E-07,-0.000032
4.7743567E-07,-0.000026
4.7748567E-07,-0.000019
4.7753567E-07,-0.000013
4.7758567E-07,-0.000006
4.7763567E-07,0.000000
4.7768567E-07,0.000006
4.7773567E-07,0.000010
4.7778567E-07,0.000014
4.7783567E-07,0.000017
4.7788567E-07,0.000018
4.7793567E-07,0.000018
4.7798567E-07,0.000016
4.7803567E-07,0.000013
4.7808567E-07,0.000008
4.7813567E-07,0.000002
4.7818567E-07,-0.000006
4.7823567E-07,-0.000014
4.7828567E-07,-0.000023
4.7833567E-07,-0.000033
4.7838567E-07,-0.000044
4.7843567E-07,-0.000054
4.7848567E-07,-0.000064
4.7853567E-07,-0.000073
4.7858567E-07,-0.000081
4.7863567E-07,-0.000089
4.7868567E-07,-0.000095
4.7873567E-07,-0.000099
4.7878567E-07,-0.000102
4.7883567E-07,-0.000103
4.7888567E-07,-0.000103
4.7893567E-07,-0.000101
4.7898567E-07,-0.000097
4.7903567E-07,-0.000092
4.7908567E-07,-0.000086
4.7913567E-07,-0.000079
4.7918567E-07,-0.000071
4.7923567E-07,-0.000063
4.7928567E-07,-0.000054
4.7933567E-07,-0.000046
4.7938567E-07,-0.000037
4.7943567E-07,-0.000029
4.7948567E-07,-0.000022
4.7953567E-07,-0.000015
4.7958567E-07,-0.000009
4.7963567E-07,-0.000004
4.7968567E-07,0.000000
4.7973567E-07,0.000004
4.7978567E-07,0.000006
4.7983567E-07,0.000008
4.7988567E-07,0.000010
4.7993567E-07,0.000011
4.7998567E-07,0.000011
4.8003567E-07,0.000011
4.8008567E-07,0.000011
4.8013567E-07,0.000010
4.8018567E-07,0.000009
4.8023567E-07,0.000008
4.8028567E-07,0.000006
4.8033567E-07,0.000004
4.8038567E-07,0.000001
4.8043567E-07,-0.000002
4.8048567E-07,-0.000005
4.8053567E-07,-0.000010
4.8058567E-07,-0.000015
4.8063567E-07,-0.000020
4.8068567E-07,-0.000026
4.8073567E-07,-0.000033
4.8078567E-07,-0.000040
4.8083567E-07,-0.000048
4.8088567E-07,-0.000056
4.8093567E-07,-0.000064
4.8098567E-07,-0.000072
4.8103567E-07,-0.000080
4.8108567E-07,-0.000087
4.8113567E-07,-0.000095
4.8118567E-07,-0.000101
4.8123567E-07,-0.000107
4.8128567E-07,-0.000113
4.8133567E-07,-0.000118
4.8138567E-07,-0.000122
4.8143567E-07,-0.000125
4.8148567E-07,-0.000128
4.8153567E-07,-0.000130
4.8158567E-07,-0.000132
4.8163567E-07,-0.000133
4.8168567E-07,-0.000135
4.8173567E-07,-0.000136
4.8178567E-07,-0.000137
4.8183567E-07,-0.000139
4.8188567E-07,-0.000141
4.8193567E-07,-0.000143
4.8198567E-07,-0.000145
4.8203567E-07,-0.000147
4.8208567E-07,-0.000150
4.8213567E-07,-0.000152
4.8218567E-07,-0.000155
4.8223567E-07,-0.000157
4.8228567E-07,-0.000159
4.8233567E-07,-0.000160
4.8238567E-07,-0.000160
4.8243567E-07,-0.000160
4.8248567E-07,-0.000158
4.8253567E-07,-0.000156
4.8258567E-07,-0.000152
4.8263567E-07,-0.000147
4.8268567E-07,-0.000141
4.8273567E-07,-0.000133
4.8278567E-07,-0.000125
4.8283567E-07,-0.000116
4.8288567E-07,-0.000106
4.8293567E-07,-0.000096
4.8298567E-07,-0.000085
4.8303567E-07,-0.000074
4.8308567E-07,-0.000063
4.8313567E-07,-0.000053
4.8318567E-07,-0.000043
4.8323567E-07,-0.000034
4.8328567E-07,-0.000026
4.8333567E-07,-0.000018
4.8338567E-07,-0.000011
4.8343567E-07,-0.000006
4.8348567E-07,-0.000001
4.8353567E-07,0.000003
4.8358567E-07,0.000006
4.8363567E-07,0.000009
4.8368567E-07,0.000010
4.8373567E-07,0.000011
4.8378567E-07,0.000012
4.8383567E-07,0.000012
4.8388567E-07,0.000012
4.8393567E-07,0.000012
4.8398567E-07,0.000012
4.8403567E-07,0.000012
4.8408567E-07,0.000012
4.8413567E-07,0.000012
4.8418567E-07,0.000012
4.8423567E-07,0.000012
4.8428567E-07,0.000012
4.8433567E-07,0.000013
4.8438567E-07,0.000013
4.8443567E-07,0.000014
4.8448567E-07,0.000015
4.8453567E-07,0.000015
4.8458567E-07,0.000016
4.8463567E-07,0.000017
4.8468567E-07,0.000018
4.8473567E-07,0.000018
4.8478567E-07,0.000019
4.8483567E-07,0.000019
4.8488567E-07,0.000020
4.8493567E-07,0.000020
4.8498567E-07,0.000021
4.8503567E-07,0.000021
4.8508567E-07,0.000021
4.8513567E-07,0.000021
4.8518567E-07,0.000020
4.8523567E-07,0.000020
4.8528567E-07,0.000019
4.8533567E-07,0.000017
4.8538567E-07,0.000015
4.8543567E-07,0.000013
4.8548567E-07,0.000010
4.8553567E-07,0.000007
4.8558567E-07,0.000003
4.8563567E-07,-0.000002
4.8568567E-07,-0.000008
4.8573567E-07,-0.000014
4.8578567E-07,-0.000022
4.8583567E-07,-0.000030
4.8588567E-07,-0.000039
4.8593567E-07,-0.000048
4.8598567E-07,-0.000059
4.8603567E-07,-0.000069
4.8608567E-07,-0.000081
4.8613567E-07,-0.000092
4.8618567E-07,-0.000104
4.8623567E-07,-0.000116
4.8628567E-07,-0.000127
4.8633567E-07,-0.000138
4.8638567E-07,-0.000149
4.8643567E-07,-0.000158
4.8648567E-07,-0.000167
4.8653567E-07,-0.000174
4.8658567E-07,-0.000180
4.8663567E-07,-0.000185
4.8668567E-07,-0.000188
4.8673567E-07,-0.000190
4.8678567E-07,-0.000190
4.8683567E-07,-0.000188
4.8688567E-07,-0.000185
4.8693567E-07,-0.000181
4.8698567E-07,-0.000175
4.8703567E-07,-0.000167
4.8708567E-07,-0.000158
4.8713567E-07,-0.000149
4.8718567E-07,-0.000138
4.8723567E-07,-0.000127
4.8728567E-07,-0.000115
4.8733567E-07,-0.000102
4.8738567E-07,-0.000089
4.8743567E-07,-0.000076
4.8748567E-07,-0.000063
4.8753567E-07,-0.000050
4.8758567E-07,-0.000036
4.8763567E-07,-0.000023
4.8768567E-07,-0.000010
4.8773567E-07,0.000003
4.8778567E-07,0.000016
4.8783567E-07,0.000028
4.8788567E-07,0.000041
4.8793567E-07,0.000052
4.8798567E-07,0.000064
4.8803567E-07,0.000074
4.8808567E-07,0.000084
4.8813567E-07,0.000093
4.8818567E-07,0.000101
4.8823567E-07,0.000107
4.8828567E-07,0.000113
4.8833567E-07,0.000116
4.8838567E-07,0.000118
4.8843567E-07,0.000119
4.8848567E-07,0.000117
4.8853567E-07,0.000114
4.8858567E-07,0.000109
4.8863567E-07,0.000102
4.8868567E-07,0.000094
4.8873567E-07,0.000085
4.8878567E-07,0.000074
4.8883567E-07,0.000063
4.8888567E-07,0.000051
4.8893567E-07,0.000039
4.8898567E-07,0.000027
4.8903567E-07,0.000015
4.8908567E-07,0.000004
4.8913567E-07,-0.000006
4.8918567E-07,-0.000015
4.8923567E-07,-0.000022
4.8928567E-07,-0.000028
4.8933567E-07,-0.000033
4.8938567E-07,-0.000036
4.8943567E-07,-0.000037
4.8948567E-07,-0.000037
4.8953567E-07,-0.000037
4.8958567E-07,-0.000035
4.8963567E-07,-0.000033
4.8968567E-07,-0.000030
4.8973567E-07,-0.000028
4.8978567E-07,-0.000025
4.8983567E-07,-0.000024
4.8988567E-07,-0.000024
4.8993567E-07,-0.000024
4.8998567E-07,-0.000026
4.9003567E-07,-0.000030
4.9008567E-07,-0.000035
4.9013567E-07,-0.000042
4.9018567E-07,-0.000051
4.9023567E-07,-0.000061
4.9028567E-07,-0.000073
4.9033567E-07,-0.000087
4.9038567E-07,-0.000102
4.9043567E-07,-0.000117
4.9048567E-07,-0.000134
4.9053567E-07,-0.000151
4.9058567E-07,-0.000169
4.9063567E-07,-0.000187
4.9068567E-07,-0.000206
4.9073567E-07,-0.000224
4.9078567E-07,-0.000241
4.9083567E-07,-0.000259
4.9088567E-07,-0.000275
4.9093567E-07,-0.000291
4.9098567E-07,-0.000306
4.9103567E-07,-0.000321
4.9108567E-07,-0.000334
4.9113567E-07,-0.000346
4.9118567E-07,-0.000357
4.9123567E-07,-0.000368
4.9128567E-07,-0.000377
4.9133567E-07,-0.000385
4.9138567E-07,-0.000392
4.9143567E-07,-0.000399
4.9148567E-07,-0.000404
4.9153567E-07,-0.000409
4.9158567E-07,-0.000414
4.9163567E-07,-0.000418
4.9168567E-07,-0.000423
4.9173567E-07,-0.000427
4.9178567E-07,-0.000432
4.9183567E-07,-0.000438
4.9188567E-07,-0.000445
4.9193567E-07,-0.000454
4.9198567E-07,-0.000464
4.9203567E-07,-0.000477
4.9208567E-07,-0.000492
4.9213567E-07,-0.000511
4.9218567E-07,-0.000532
4.9223567E-07,-0.000557
4.9228567E-07,-0.000586
4.9233567E-07,-0.000618
4.9238567E-07,-0.000655
4.9243567E-07,-0.000696
4.9248567E-07,-0.000741
4.9253567E-07,-0.000791
4.9258567E-07,-0.000845
4.9263567E-07,-0.000903
4.9268567E-07,-0.000965
4.9273567E-07,-0.001030
4.9278567E-07,-0.001100
4.9283567E-07,-0.001173
4.9288567E-07,-0.001249
4.9293567E-07,-0.001328
4.9298567E-07,-0.001410
4.9303567E-07,-0.001494
4.9308567E-07,-0.001580
4.9313567E-07,-0.001668
4.9318567E-07,-0.001758
4.9323567E-07,-0.001849
4.9328567E-07,-0.001941
4.9333567E-07,-0.002035
4.9338567E-07,-0.002129
4.9343567E-07,-0.002223
4.9348567E-07,-0.002318
4.9353567E-07,-0.002414
4.9358567E-07,-0.002510
4.9363567E-07,-0.002607
4.9368567E-07,-0.002703
4.9373567E-07,-0.002800
4.9378567E-07,-0.002898
4.9383567E-07,-0.002995
4.9388567E-07,-0.003093
4.9393567E-07,-0.003192
4.9398567E-07,-0.003290
4.9403567E-07,-0.003390
4.9408567E-07,-0.003489
4.9413567E-07,-0.003590
4.9418567E-07,-0.003690
4.9423567E-07,-0.003791
4.9428567E-07,-0.003893
4.9433567E-07,-0.003994
4.9438567E-07,-0.004096
4.9443567E-07,-0.004198
4.9448567E-07,-0.004300
4.9453567E-07,-0.004402
4.9458567E-07,-0.004504
4.9463567E-07,-0.004605
4.9468567E-07,-0.004705
4.9473567E-07,-0.004804
4.9478567E-07,-0.004902
4.9483567E-07,-0.004999
4.9488567E-07,-0.005094
4.9493567E-07,-0.005187
4.9498567E-07,-0.005277
4.9503567E-07,-0.005365
4.9508567E-07,-0.005450
4.9513567E-07,-0.005532
4.9518567E-07,-0.005610
4.9523567E-07,-0.005685
4.9528567E-07,-0.005756
4.9533567E-07,-0.005823
4.9538567E-07,-0.005885
4.9543567E-07,-0.005943
4.9548567E-07,-0.005996
4.9553567E-07,-0.006045
4.9558567E-07,-0.006088
4.9563567E-07,-0.006126
4.9568567E-07,-0.006159
4.9573567E-07,-0.006187
4.9578567E-07,-0.006210
4.9583567E-07,-0.006228
4.9588567E-07,-0.006241
4.9593567E-07,-0.006249
4.9598567E-07,-0.006252
4.9603567E-07,-0.006252
4.9608567E-07,-0.006247
4.9613567E-07,-0.006238
4.9618567E-07,-0.006226
4.9623567E-07,-0.006210
4.9628567E-07,-0.006192
4.9633567E-07,-0.006172
4.9638567E-07,-0.006149
4.9643567E-07,-0.006125
4.9648567E-07,-0.006100
4.9653567E-07,-0.006074
4.9658567E-07,-0.006047
4.9663567E-07,-0.006020
4.9668567E-07,-0.005993
4.9673567E-07,-0.005965
4.9678567E-07,-0.005938
4.9683567E-07,-0.005912
4.9688567E-07,-0.005886
4.9693567E-07,-0.005860
4.9698567E-07,-0.005834
4.9703567E-07,-0.005809
4.9708567E-07,-0.005784
4.9713567E-07,-0.005760
4.9718567E-07,-0.005735
4.9723567E-07,-0.005710
4.9728567E-07,-0.005685
4.9733567E-07,-0.005659
4.9738567E-07,-0.005633
4.9743567E-07,-0.005606
4.9748567E-07,-0.005579
4.9753567E-07,-0.005551
4.9758567E-07,-0.005522
4.9763567E-07,-0.005492
4.9768567E-07,-0.005461
4.9773567E-07,-0.005429
4.9778567E-07,-0.005397
4.9783567E-07,-0.005364
4.9788567E-07,-0.005330
4.9793567E-07,-0.005296
4.9798567E-07,-0.005260
4.9803567E-07,-0.005225
4.9808567E-07,-0.005188
4.9813567E-07,-0.005151
4.9818567E-07,-0.005114
4.9823567E-07,-0.005076
4.9828567E-07,-0.005038
4.9833567E-07,-0.005000
4.9838567E-07,-0.004961
4.9843567E-07,-0.004923
4.9848567E-07,-0.004884
4.9853567E-07,-0.004845
4.9858567E-07,-0.004806
4.9863567E-07,-0.004768
4.9868567E-07,-0.004730
4.9873567E-07,-0.004692
4.9878567E-07,-0.004655
4.9883567E-07,-0.004619
4.9888567E-07,-0.004583
4.9893567E-07,-0.004549
4.9898567E-07,-0.004516
4.9903567E-07,-0.004484
4.9908567E-07,-0.004453
4.9913567E-07,-0.004423
4.9918567E-07,-0.004395
4.9923567E-07,-0.004367
4.9928567E-07,-0.004341
4.9933567E-07,-0.004316
4.9938567E-07,-0.004293
4.9943567E-07,-0.004270
4.9948567E-07,-0.004248
4.9953567E-07,-0.004227
4.9958567E-07,-0.004207
4.9963567E-07,-0.004187
4.9968567E-07,-0.004168
4.9973567E-07,-0.004150
4.9978567E-07,-0.004133
4.9983567E-07,-0.004117
4.9988567E-07,-0.004101
4.9993567E-07,-0.004086
4.9998567E-07,-0.004072
5.0003567E-07,-0.004059
5.0008567E-07,-0.004047
5.0013567E-07,-0.004036
5.0018567E-07,-0.004027
5.0023567E-07,-0.004018
5.0028567E-07,-0.004011
5.0033567E-07,-0.004004
5.0038567E-07,-0.003999
5.0043567E-07,-0.003994
5.0048567E-07,-0.003989
5.0053567E-07,-0.003985
5.0058567E-07,-0.003980
5.0063567E-07,-0.003975
5.0068567E-07,-0.003969
5.0073567E-07,-0.003962
5.0078567E-07,-0.003954
5.0083567E-07,-0.003944
5.0088567E-07,-0.003932
5.0093567E-07,-0.003917
5.0098567E-07,-0.003900
5.0103567E-07,-0.003880
5.0108567E-07,-0.003857
5.0113567E-07,-0.003831
5.0118567E-07,-0.003802
5.0123567E-07,-0.003770
5.0128567E-07,-0.003735
5.0133567E-07,-0.003697
5.0138567E-07,-0.003657
5.0143567E-07,-0.003614
5.0148567E-07,-0.003568
5.0153567E-07,-0.003521
5.0158567E-07,-0.003472
5.0163567E-07,-0.003421
5.0168567E-07,-0.003369
5.0173567E-07,-0.003317
5.0178567E-07,-0.003263
5.0183567E-07,-0.003209
5.0188567E-07,-0.003155
5.0193567E-07,-0.003101
5.0198567E-07,-0.003047
5.0203567E-07,-0.002994
5.0208567E-07,-0.002942
5.0213567E-07,-0.002891
5.0218567E-07,-0.002840
5.0223567E-07,-0.002791
5.0228567E-07,-0.002744
5.0233567E-07,-0.002698
5.0238567E-07,-0.002653
5.0243567E-07,-0.002610
5.0248567E-07,-0.002569
5.0253567E-07,-0.002530
5.0258567E-07,-0.002493
5.0263567E-07,-0.002457
5.0268567E-07,-0.002423
5.0273567E-07,-0.002391
5.0278567E-07,-0.002360
5.0283567E-07,-0.002331
5.0288567E-07,-0.002304
5.0293567E-07,-0.002277
5.0298567E-07,-0.002252
5.0303567E-07,-0.002229
5.0308567E-07,-0.002206
5.0313567E-07,-0.002184
5.0318567E-07,-0.002163
5.0323567E-07,-0.002143
5.0328567E-07,-0.002123
5.0333567E-07,-0.002104
5.0338567E-07,-0.002086
5.0343567E-07,-0.002068
5.0348567E-07,-0.002050
5.0353567E-07,-0.002033
5.0358567E-07,-0.002016
5.0363567E-07,-0.001999
5.0368567E-07,-0.001983
5.0373567E-07,-0.001966
5.0378567E-07,-0.001950
5.0383567E-07,-0.001934
5.0388567E-07,-0.001919
5.0393567E-07,-0.001903
5.0398567E-07,-0.001888
5.0403567E-07,-0.001872
5.0408567E-07,-0.001857
5.0413567E-07,-0.001842
5.0418567E-07,-0.001826
5.0423567E-07,-0.001811
5.0428567E-07,-0.001797
5.0433567E-07,-0.001782
5.0438567E-07,-0.001768
5.0443567E-07,-0.001754
5.0448567E-07,-0.001741
5.0453567E-07,-0.001728
5.0458567E-07,-0.001715
5.0463567E-07,-0.001703
5.0468567E-07,-0.001692
5.0473567E-07,-0.001681
5.0478567E-07,-0.001671
5.0483567E-07,-0.001662
5.0488567E-07,-0.001653
5.0493567E-07,-0.001645
5.0498567E-07,-0.001637
5.0503567E-07,-0.001630
5.0508567E-07,-0.001623
5.0513567E-07,-0.001616
5.0518567E-07,-0.001610
5.0523567E-07,-0.001604
5.0528567E-07,-0.001598
5.0533567E-07,-0.001592
5.0538567E-07,-0.001586
5.0543567E-07,-0.001580
5.0548567E-07,-0.001574
5.0553567E-07,-0.001568
5.0558567E-07,-0.001562
5.0563567E-07,-0.001557
5.0568567E-07,-0.001552
5.0573567E-07,-0.001547
5.0578567E-07,-0.001543
5.0583567E-07,-0.001539
5.0588567E-07,-0.001536
5.0593567E-07,-0.001533
5.0598567E-07,-0.001531
5.0603567E-07,-0.001531
5.0608567E-07,-0.001531
5.0613567E-07,-0.001532
5.0618567E-07,-0.001534
5.0623567E-07,-0.001536
5.0628567E-07,-0.001540
5.0633567E-07,-0.001545
5.0638567E-07,-0.001550
5.0643567E-07,-0.001556
5.0648567E-07,-0.001563
5.0653567E-07,-0.001570
5.0658567E-07,-0.001577
5.0663567E-07,-0.001585
5.0668567E-07,-0.001593
5.0673567E-07,-0.001601
5.0678567E-07,-0.001609
5.0683567E-07,-0.001616
5.0688567E-07,-0.001624
5.0693567E-07,-0.001632
5.0698567E-07,-0.001639
5.0703567E-07,-0.001645
5.0708567E-07,-0.001652
5.0713567E-07,-0.001657
5.0718567E-07,-0.001662
5.0723567E-07,-0.001667
5.0728567E-07,-0.001671
5.0733567E-07,-0.001674
5.0738567E-07,-0.001676
5.0743567E-07,-0.001678
5.0748567E-07,-0.001678
5.0753567E-07,-0.001677
5.0758567E-07,-0.001676
5.0763567E-07,-0.001673
5.0768567E-07,-0.001669
5.0773567E-07,-0.001663
5.0778567E-07,-0.001657
5.0783567E-07,-0.001649
5.0788567E-07,-0.001639
5.0793567E-07,-0.001628
5.0798567E-07,-0.001616
5.0803567E-07,-0.001603
5.0808567E-07,-0.001588
5.0813567E-07,-0.001571
5.0818567E-07,-0.001554
5.0823567E-07,-0.001535
5.0828567E-07,-0.001515
5.0833567E-07,-0.001495
5.0838567E-07,-0.001473
5.0843567E-07,-0.001450
5.0848567E-07,-0.001427
5.0853567E-07,-0.001404
5.0858567E-07,-0.001380
5.0863567E-07,-0.001355
5.0868567E-07,-0.001331
5.0873567E-07,-0.001307
5.0878567E-07,-0.001283
5.0883567E-07,-0.001260
5.0888567E-07,-0.001238
5.0893567E-07,-0.001216
5.0898567E-07,-0.001195
5.0903567E-07,-0.001176
5.0908567E-07,-0.001157
5.0913567E-07,-0.001140
5.0918567E-07,-0.001125
5.0923567E-07,-0.001111
5.0928567E-07,-0.001099
5.0933567E-07,-0.001088
5.0938567E-07,-0.001079
5.0943567E-07,-0.001072
5.0948567E-07,-0.001065
5.0953567E-07,-0.001061
5.0958567E-07,-0.001057
5.0963567E-07,-0.001055
5.0968567E-07,-0.001053
5.0973567E-07,-0.001053
5.0978567E-07,-0.001053
5.0983567E-07,-0.001053
5.0988567E-07,-0.001054
5.0993567E-07,-0.001056
5.0998567E-07,-0.001057
5.1003567E-07,-0.001059
5.1008567E-07,-0.001060
5.1013567E-07,-0.001061
5.1018567E-07,-0.001063
5.1023567E-07,-0.001064
5.1028567E-07,-0.001065
5.1033567E-07,-0.001066
5.1038567E-07,-0.001067
5.1043567E-07,-0.001067
5.1048567E-07,-0.001068
5.1053567E-07,-0.001068
5.1058567E-07,-0.001068
5.1063567E-07,-0.001068
5.1068567E-07,-0.001068
5.1073567E-07,-0.001068
5.1078567E-07,-0.001068
5.1083567E-07,-0.001068
5.1088567E-07,-0.001067
5.1093567E-07,-0.001067
5.1098567E-07,-0.001066
5.1103567E-07,-0.001066
5.1108567E-07,-0.001065
5.1113567E-07,-0.001064
5.1118567E-07,-0.001062
5.1123567E-07,-0.001061
5.1128567E-07,-0.001059
5.1133567E-07,-0.001057
5.1138567E-07,-0.001055
5.1143567E-07,-0.001052
5.1148567E-07,-0.001050
5.1153567E-07,-0.001047
5.1158567E-07,-0.001044
5.1163567E-07,-0.001041
5.1168567E-07,-0.001037
5.1173567E-07,-0.001034
5.1178567E-07,-0.001030
5.1183567E-07,-0.001027
5.1188567E-07,-0.001023
5.1193567E-07,-0.001020
5.1198567E-07,-0.001016
5.1203567E-07,-0.001013
5.1208567E-07,-0.001010
5.1213567E-07,-0.001008
5.1218567E-07,-0.001005
5.1223567E-07,-0.001003
5.1228567E-07,-0.001002
5.1233567E-07,-0.001001
5.1238567E-07,-0.001001
5.1243567E-07,-0.001001
5.1248567E-07,-0.001001
5.1253567E-07,-0.001003
5.1258567E-07,-0.001004
5.1263567E-07,-0.001006
5.1268567E-07,-0.001009
5.1273567E-07,-0.001012
5.1278567E-07,-0.001015
5.1283567E-07,-0.001018
5.1288567E-07,-0.001020
5.1293567E-07,-0.001023
5.1298567E-07,-0.001025
5.1303567E-07,-0.001027
5.1308567E-07,-0.001028
5.1313567E-07,-0.001028
5.1318567E-07,-0.001027
5.1323567E-07,-0.001025
5.1328567E-07,-0.001022
5.1333567E-07,-0.001017
5.1338567E-07,-0.001011
5.1343567E-07,-0.001003
5.1348567E-07,-0.000994
5.1353567E-07,-0.000982
5.1358567E-07,-0.000969
5.1363567E-07,-0.000954
5.1368567E-07,-0.000938
5.1373567E-07,-0.000919
5.1378567E-07,-0.000899
5.1383567E-07,-0.000877
5.1388567E-07,-0.000854
5.1393567E-07,-0.000830
5.1398567E-07,-0.000804
5.1403567E-07,-0.000778
5.1408567E-07,-0.000751
5.1413567E-07,-0.000723
5.1418567E-07,-0.000696
5.1423567E-07,-0.000668
5.1428567E-07,-0.000641
5.1433567E-07,-0.000614
5.1438567E-07,-0.000588
5.1443567E-07,-0.000563
5.1448567E-07,-0.000540
5.1453567E-07,-0.000518
5.1458567E-07,-0.000498
5.1463567E-07,-0.000479
5.1468567E-07,-0.000463
5.1473567E-07,-0.000448
5.1478567E-07,-0.000436
5.1483567E-07,-0.000425
5.1488567E-07,-0.000417
5.1493567E-07,-0.000410
5.1498567E-07,-0.000405
5.1503567E-07,-0.000401
5.1508567E-07,-0.000400
5.1513567E-07,-0.000399
5.1518567E-07,-0.000400
5.1523567E-07,-0.000401
5.1528567E-07,-0.000403
5.1533567E-07,-0.000407
5.1538567E-07,-0.000410
5.1543567E-07,-0.000414
5.1548567E-07,-0.000418
5.1553567E-07,-0.000423
5.1558567E-07,-0.000427
5.1563567E-07,-0.000432
5.1568567E-07,-0.000437
5.1573567E-07,-0.000441
5.1578567E-07,-0.000446
5.1583567E-07,-0.000451
5.1588567E-07,-0.000456
5.1593567E-07,-0.000461
5.1598567E-07,-0.000465
5.1603567E-07,-0.000471
5.1608567E-07,-0.000476
5.1613567E-07,-0.000481
5.1618567E-07,-0.000487
5.1623567E-07,-0.000493
5.1628567E-07,-0.000499
5.1633567E-07,-0.000505
5.1638567E-07,-0.000512
5.1643567E-07,-0.000519
5.1648567E-07,-0.000526
5.1653567E-07,-0.000534
5.1658567E-07,-0.000542
5.1663567E-07,-0.000551
5.1668567E-07,-0.000560
5.1673567E-07,-0.000570
5.1678567E-07,-0.000580
5.1683567E-07,-0.000591
5.1688567E-07,-0.000603
5.1693567E-07,-0.000616
5.1698567E-07,-0.000629
5.1703567E-07,-0.000644
5.1708567E-07,-0.000659
5.1713567E-07,-0.000676
5.1718567E-07,-0.000693
5.1723567E-07,-0.000711
5.1728567E-07,-0.000730
5.1733567E-07,-0.000749
5.1738567E-07,-0.000769
5.1743567E-07,-0.000789
5.1748567E-07,-0.000808
5.1753567E-07,-0.000828
5.1758567E-07,-0.000846
5.1763567E-07,-0.000863
5.1768567E-07,-0.000879
5.1773567E-07,-0.000894
5.1778567E-07,-0.000907
5.1783567E-07,-0.000918
5.1788567E-07,-0.000926
5.1793567E-07,-0.000933
5.1798567E-07,-0.000937
5.1803567E-07,-0.000939
5.1808567E-07,-0.000939
5.1813567E-07,-0.000937
5.1818567E-07,-0.000934
5.1823567E-07,-0.000928
5.1828567E-07,-0.000922
5.1833567E-07,-0.000914
5.1838567E-07,-0.000906
5.1843567E-07,-0.000897
5.1848567E-07,-0.000889
5.1853567E-07,-0.000880
5.1858567E-07,-0.000872
5.1863567E-07,-0.000865
5.1868567E-07,-0.000858
5.1873567E-07,-0.000852
5.1878567E-07,-0.000848
5.1883567E-07,-0.000844
5.1888567E-07,-0.000841
5.1893567E-07,-0.000839
5.1898567E-07,-0.000838
5.1903567E-07,-0.000838
5.1908567E-07,-0.000838
5.1913567E-07,-0.000839
5.1918567E-07,-0.000840
5.1923567E-07,-0.000842
5.1928567E-07,-0.000844
5.1933567E-07,-0.000846
5.1938567E-07,-0.000849
5.1943567E-07,-0.000852
5.1948567E-07,-0.000855
5.1953567E-07,-0.000858
5.1958567E-07,-0.000862
5.1963567E-07,-0.000866
5.1968567E-07,-0.000870
5.1973567E-07,-0.000875
5.1978567E-07,-0.000880
5.1983567E-07,-0.000886
5.1988567E-07,-0.000893
5.1993567E-07,-0.000899
5.1998567E-07,-0.000906
5.2003567E-07,-0.000914
5.2008567E-07,-0.000921
5.2013567E-07,-0.000929
5.2018567E-07,-0.000936
5.2023567E-07,-0.000942
5.2028567E-07,-0.000948
5.2033567E-07,-0.000953
5.2038567E-07,-0.000957
5.2043567E-07,-0.000959
5.2048567E-07,-0.000960
5.2053567E-07,-0.000959
5.2058567E-07,-0.000956
5.2063567E-07,-0.000951
5.2068567E-07,-0.000944
5.2073567E-07,-0.000936
5.2078567E-07,-0.000925
5.2083567E-07,-0.000912
5.2088567E-07,-0.000898
5.2093567E-07,-0.000882
5.2098567E-07,-0.000865
5.2103567E-07,-0.000847
5.2108567E-07,-0.000828
5.2113567E-07,-0.000809
5.2118567E-07,-0.000789
5.2123567E-07,-0.000768
5.2128567E-07,-0.000748
5.2133567E-07,-0.000729
5.2138567E-07,-0.000710
5.2143567E-07,-0.000691
5.2148567E-07,-0.000673
5.2153567E-07,-0.000656
5.2158567E-07,-0.000640
5.2163567E-07,-0.000625
5.2168567E-07,-0.000611
5.2173567E-07,-0.000598
5.2178567E-07,-0.000586
5.2183567E-07,-0.000574
5.2188567E-07,-0.000564
5.2193567E-07,-0.000554
5.2198567E-07,-0.000546
5.2203567E-07,-0.000538
5.2208567E-07,-0.000530
5.2213567E-07,-0.000524
5.2218567E-07,-0.000518
5.2223567E-07,-0.000513
5.2228567E-07,-0.000508
5.2233567E-07,-0.000505
5.2238567E-07,-0.000502
5.2243567E-07,-0.000500
5.2248567E-07,-0.000499
5.2253567E-07,-0.000499
5.2258567E-07,-0.000499
5.2263567E-07,-0.000501
5.2268567E-07,-0.000502
5.2273567E-07,-0.000505
5.2278567E-07,-0.000507
5.2283567E-07,-0.000510
5.2288567E-07,-0.000513
5.2293567E-07,-0.000515
5.2298567E-07,-0.000518
5.2303567E-07,-0.000519
5.2308567E-07,-0.000520
5.2313567E-07,-0.000519
5.2318567E-07,-0.000518
5.2323567E-07,-0.000515
5.2328567E-07,-0.000511
5.2333567E-07,-0.000505
5.2338567E-07,-0.000498
5.2343567E-07,-0.000490
5.2348567E-07,-0.000480
5.2353567E-07,-0.000468
5.2358567E-07,-0.000456
5.2363567E-07,-0.000443
5.2368567E-07,-0.000428
5.2373567E-07,-0.000414
5.2378567E-07,-0.000399
5.2383567E-07,-0.000383
5.2388567E-07,-0.000368
5.2393567E-07,-0.000353
5.2398567E-07,-0.000338
5.2403567E-07,-0.000323
5.2408567E-07,-0.000309
5.2413567E-07,-0.000296
5.2418567E-07,-0.000283
5.2423567E-07,-0.000271
5.2428567E-07,-0.000259
5.2433567E-07,-0.000247
5.2438567E-07,-0.000236
5.2443567E-07,-0.000226
5.2448567E-07,-0.000215
5.2453567E-07,-0.000204
5.2458567E-07,-0.000194
5.2463567E-07,-0.000183
5.2468567E-07,-0.000172
5.2473567E-07,-0.000162
5.2478567E-07,-0.000151
5.2483567E-07,-0.000141
5.2488567E-07,-0.000130
5.2493567E-07,-0.000120
5.2498567E-07,-0.000110
5.2503567E-07,-0.000100
5.2508567E-07,-0.000092
5.2513567E-07,-0.000084
5.2518567E-07,-0.000076
5.2523567E-07,-0.000070
5.2528567E-07,-0.000065
5.2533567E-07,-0.000060
5.2538567E-07,-0.000057
5.2543567E-07,-0.000055
5.2548567E-07,-0.000054
5.2553567E-07,-0.000054
5.2558567E-07,-0.000054
5.2563567E-07,-0.000055
5.2568567E-07,-0.000056
5.2573567E-07,-0.000058
5.2578567E-07,-0.000060
5.2583567E-07,-0.000062
5.2588567E-07,-0.000063
5.2593567E-07,-0.000064
5.2598567E-07,-0.000065
5.2603567E-07,-0.000066
5.2608567E-07,-0.000066
5.2613567E-07,-0.000066
5.2618567E-07,-0.000066
5.2623567E-07,-0.000065
5.2628567E-07,-0.000065
5.2633567E-07,-0.000064
5.2638567E-07,-0.000064
5.2643567E-07,-0.000065
5.2648567E-07,-0.000066
5.2653567E-07,-0.000068
5.2658567E-07,-0.000071
5.2663567E-07,-0.000076
5.2668567E-07,-0.000081
5.2673567E-07,-0.000089
5.2678567E-07,-0.000097
5.2683567E-07,-0.000107
5.2688567E-07,-0.000119
5.2693567E-07,-0.000131
5.2698567E-07,-0.000146
5.2703567E-07,-0.000161
5.2708567E-07,-0.000178
5.2713567E-07,-0.000195
5.2718567E-07,-0.000214
5.2723567E-07,-0.000233
5.2728567E-07,-0.000253
5.2733567E-07,-0.000274
5.2738567E-07,-0.000295
5.2743567E-07,-0.000316
5.2748567E-07,-0.000338
5.2753567E-07,-0.000359
5.2758567E-07,-0.000381
5.2763567E-07,-0.000402
5.2768567E-07,-0.000423
5.2773567E-07,-0.000444
5.2778567E-07,-0.000465
5.2783567E-07,-0.000484
5.2788567E-07,-0.000503
5.2793567E-07,-0.000521
5.2798567E-07,-0.000538
5.2803567E-07,-0.000553
5.2808567E-07,-0.000568
5.2813567E-07,-0.000581
5.2818567E-07,-0.000592
5.2823567E-07,-0.000602
5.2828567E-07,-0.000610
5.2833567E-07,-0.000616
5.2838567E-07,-0.000621
5.2843567E-07,-0.000624
5.2848567E-07,-0.000626
5.2853567E-07,-0.000626
5.2858567E-07,-0.000626
5.2863567E-07,-0.000625
5.2868567E-07,-0.000622
5.2873567E-07,-0.000620
5.2878567E-07,-0.000618
5.2883567E-07,-0.000615
5.2888567E-07,-0.000613
5.2893567E-07,-0.000612
5.2898567E-07,-0.000612
5.2903567E-07,-0.000613
5.2908567E-07,-0.000614
5.2913567E-07,-0.000617
5.2918567E-07,-0.000621
5.2923567E-07,-0.000627
5.2928567E-07,-0.000633
5.2933567E-07,-0.000640
5.2938567E-07,-0.000648
5.2943567E-07,-0.000656
5.2948567E-07,-0.000664
5.2953567E-07,-0.000673
5.2958567E-07,-0.000680
5.2963567E-07,-0.000687
5.2968567E-07,-0.000694
5.2973567E-07,-0.000698
5.2978567E-07,-0.000702
5.2983567E-07,-0.000704
5.2988567E-07,-0.000704
5.2993567E-07,-0.000702
5.2998567E-07,-0.000698
5.3003567E-07,-0.000693
5.3008567E-07,-0.000686
5.3013567E-07,-0.000677
5.3018567E-07,-0.000667
5.3023567E-07,-0.000656
5.3028567E-07,-0.000644
5.3033567E-07,-0.000631
5.3038567E-07,-0.000618
5.3043567E-07,-0.000604
5.3048567E-07,-0.000590
5.3053567E-07,-0.000576
5.3058567E-07,-0.000562
5.3063567E-07,-0.000548
5.3068567E-07,-0.000534
5.3073567E-07,-0.000520
5.3078567E-07,-0.000506
5.3083567E-07,-0.000493
5.3088567E-07,-0.000479
5.3093567E-07,-0.000465
5.3098567E-07,-0.000450
5.3103567E-07,-0.000436
5.3108567E-07,-0.000420
5.3113567E-07,-0.000405
5.3118567E-07,-0.000389
5.3123567E-07,-0.000372
5.3128567E-07,-0.000355
5.3133567E-07,-0.000338
5.3138567E-07,-0.000321
5.3143567E-07,-0.000303
5.3148567E-07,-0.000287
5.3153567E-07,-0.000271
5.3158567E-07,-0.000256
5.3163567E-07,-0.000243
5.3168567E-07,-0.000231
5.3173567E-07,-0.000221
5.3178567E-07,-0.000213
5.3183567E-07,-0.000207
5.3188567E-07,-0.000203
5.3193567E-07,-0.000201
5.3198567E-07,-0.000202
5.3203567E-07,-0.000204
5.3208567E-07,-0.000209
5.3213567E-07,-0.000215
5.3218567E-07,-0.000222
5.3223567E-07,-0.000229
5.3228567E-07,-0.000237
5.3233567E-07,-0.000245
5.3238567E-07,-0.000253
5.3243567E-07,-0.000259
5.3248567E-07,-0.000264
5.3253567E-07,-0.000268
5.3258567E-07,-0.000270
5.3263567E-07,-0.000270
5.3268567E-07,-0.000268
5.3273567E-07,-0.000264
5.3278567E-07,-0.000257
5.3283567E-07,-0.000249
5.3288567E-07,-0.000240
5.3293567E-07,-0.000229
5.3298567E-07,-0.000217
5.3303567E-07,-0.000204
5.3308567E-07,-0.000191
5.3313567E-07,-0.000178
5.3318567E-07,-0.000165
5.3323567E-07,-0.000152
5.3328567E-07,-0.000141
5.3333567E-07,-0.000130
5.3338567E-07,-0.000121
5.3343567E-07,-0.000112
5.3348567E-07,-0.000105
5.3353567E-07,-0.000099
5.3358567E-07,-0.000093
5.3363567E-07,-0.000089
5.3368567E-07,-0.000085
5.3373567E-07,-0.000081
5.3378567E-07,-0.000078
5.3383567E-07,-0.000075
5.3388567E-07,-0.000073
5.3393567E-07,-0.000070
5.3398567E-07,-0.000067
5.3403567E-07,-0.000065
5.3408567E-07,-0.000062
5.3413567E-07,-0.000060
5.3418567E-07,-0.000058
5.3423567E-07,-0.000057
5.3428567E-07,-0.000056
5.3433567E-07,-0.000056
5.3438567E-07,-0.000057
5.3443567E-07,-0.000059
5.3448567E-07,-0.000063
5.3453567E-07,-0.000067
5.3458567E-07,-0.000074
5.3463567E-07,-0.000081
5.3468567E-07,-0.000090
5.3473567E-07,-0.000100
5.3478567E-07,-0.000112
5.3483567E-07,-0.000124
5.3488567E-07,-0.000137
5.3493567E-07,-0.000150
5.3498567E-07,-0.000164
5.3503567E-07,-0.000178
5.3508567E-07,-0.000192
5.3513567E-07,-0.000206
5.3518567E-07,-0.000219
5.3523567E-07,-0.000232
5.3528567E-07,-0.000244
5.3533567E-07,-0.000256
5.3538567E-07,-0.000267
5.3543567E-07,-0.000278
5.3548567E-07,-0.000288
5.3553567E-07,-0.000298
5.3558567E-07,-0.000308
5.3563567E-07,-0.000319
5.3568567E-07,-0.000329
5.3573567E-07,-0.000340
5.3578567E-07,-0.000351
5.3583567E-07,-0.000362
5.3588567E-07,-0.000374
5.3593567E-07,-0.000386
5.3598567E-07,-0.000398
5.3603567E-07,-0.000411
5.3608567E-07,-0.000423
5.3613567E-07,-0.000435
5.3618567E-07,-0.000446
5.3623567E-07,-0.000457
5.3628567E-07,-0.000466
5.3633567E-07,-0.000474
5.3638567E-07,-0.000481
5.3643567E-07,-0.000486
5.3648567E-07,-0.000490
5.3653567E-07,-0.000491
5.3658567E-07,-0.000491
5.3663567E-07,-0.000489
5.3668567E-07,-0.000485
5.3673567E-07,-0.000480
5.3678567E-07,-0.000473
5.3683567E-07,-0.000465
5.3688567E-07,-0.000456
5.3693567E-07,-0.000447
5.3698567E-07,-0.000437
5.3703567E-07,-0.000427
5.3708567E-07,-0.000417
5.3713567E-07,-0.000407
5.3718567E-07,-0.000398
5.3723567E-07,-0.000389
5.3728567E-07,-0.000381
5.3733567E-07,-0.000374
5.3738567E-07,-0.000367
5.3743567E-07,-0.000362
5.3748567E-07,-0.000356
5.3753567E-07,-0.000352
5.3758567E-07,-0.000347
5.3763567E-07,-0.000343
5.3768567E-07,-0.000338
5.3773567E-07,-0.000334
5.3778567E-07,-0.000330
5.3783567E-07,-0.000325
5.3788567E-07,-0.000320
5.3793567E-07,-0.000315
5.3798567E-07,-0.000309
5.3803567E-07,-0.000304
5.3808567E-07,-0.000299
5.3813567E-07,-0.000294
5.3818567E-07,-0.000289
5.3823567E-07,-0.000286
5.3828567E-07,-0.000283
5.3833567E-07,-0.000282
5.3838567E-07,-0.000282
5.3843567E-07,-0.000284
5.3848567E-07,-0.000287
5.3853567E-07,-0.000293
5.3858567E-07,-0.000299
5.3863567E-07,-0.000307
5.3868567E-07,-0.000317
5.3873567E-07,-0.000327
5.3878567E-07,-0.000338
5.3883567E-07,-0.000350
5.3888567E-07,-0.000361
5.3893567E-07,-0.000372
5.3898567E-07,-0.000381
5.3903567E-07,-0.000390
5.3908567E-07,-0.000396
5.3913567E-07,-0.000401
5.3918567E-07,-0.000403
5.3923567E-07,-0.000403
5.3928567E-07,-0.000401
5.3933567E-07,-0.000397
5.3938567E-07,-0.000390
5.3943567E-07,-0.000382
5.3948567E-07,-0.000372
5.3953567E-07,-0.000361
5.3958567E-07,-0.000350
5.3963567E-07,-0.000338
5.3968567E-07,-0.000327
5.3973567E-07,-0.000317
5.3978567E-07,-0.000309
5.3983567E-07,-0.000302
5.3988567E-07,-0.000297
5.3993567E-07,-0.000294
5.3998567E-07,-0.000294
5.4003567E-07,-0.000296
5.4008567E-07,-0.000300
5.4013567E-07,-0.000306
5.4018567E-07,-0.000314
5.4023567E-07,-0.000323
5.4028567E-07,-0.000333
5.4033567E-07,-0.000344
5.4038567E-07,-0.000354
5.4043567E-07,-0.000364
5.4048567E-07,-0.000374
5.4053567E-07,-0.000382
5.4058567E-07,-0.000388
5.4063567E-07,-0.000393
5.4068567E-07,-0.000396
5.4073567E-07,-0.000398
5.4078567E-07,-0.000397
5.4083567E-07,-0.000395
5.4088567E-07,-0.000391
5.4093567E-07,-0.000386
5.4098567E-07,-0.000380
5.4103567E-07,-0.000373
5.4108567E-07,-0.000366
5.4113567E-07,-0.000359
5.4118567E-07,-0.000352
5.4123567E-07,-0.000345
5.4128567E-07,-0.000339
5.4133567E-07,-0.000334
5.4138567E-07,-0.000329
5.4143567E-07,-0.000325
5.4148567E-07,-0.000322
5.4153567E-07,-0.000319
5.4158567E-07,-0.000316
5.4163567E-07,-0.000313
5.4168567E-07,-0.000310
5.4173567E-07,-0.000307
5.4178567E-07,-0.000304
5.4183567E-07,-0.000300
5.4188567E-07,-0.000295
5.4193567E-07,-0.000290
5.4198567E-07,-0.000285
5.4203567E-07,-0.000279
5.4208567E-07,-0.000273
5.4213567E-07,-0.000267
5.4218567E-07,-0.000262
5.4223567E-07,-0.000257
5.4228567E-07,-0.000253
5.4233567E-07,-0.000250
5.4238567E-07,-0.000249
5.4243567E-07,-0.000250
5.4248567E-07,-0.000252
5.4253567E-07,-0.000256
5.4258567E-07,-0.000262
5.4263567E-07,-0.000270
5.4268567E-07,-0.000279
5.4273567E-07,-0.000290
5.4278567E-07,-0.000302
5.4283567E-07,-0.000314
5.4288567E-07,-0.000326
5.4293567E-07,-0.000339
5.4298567E-07,-0.000350
5.4303567E-07,-0.000361
5.4308567E-07,-0.000370
5.4313567E-07,-0.000376
5.4318567E-07,-0.000381
5.4323567E-07,-0.000383
5.4328567E-07,-0.000382
5.4333567E-07,-0.000379
5.4338567E-07,-0.000373
5.4343567E-07,-0.000365
5.4348567E-07,-0.000354
5.4353567E-07,-0.000341
5.4358567E-07,-0.000327
5.4363567E-07,-0.000312
5.4368567E-07,-0.000296
5.4373567E-07,-0.000279
5.4378567E-07,-0.000263
5.4383567E-07,-0.000247
5.4388567E-07,-0.000232
5.4393567E-07,-0.000218
5.4398567E-07,-0.000206
5.4403567E-07,-0.000195
5.4408567E-07,-0.000186
5.4413567E-07,-0.000178
5.4418567E-07,-0.000172
5.4423567E-07,-0.000168
5.4428567E-07,-0.000164
5.4433567E-07,-0.000162
5.4438567E-07,-0.000160
5.4443567E-07,-0.000158
5.4448567E-07,-0.000157
5.4453567E-07,-0.000156
5.4458567E-07,-0.000155
5.4463567E-07,-0.000153
5.4468567E-07,-0.000150
5.4473567E-07,-0.000147
5.4478567E-07,-0.000144
5.4483567E-07,-0.000140
5.4488567E-07,-0.000136
5.4493567E-07,-0.000131
5.4498567E-07,-0.000126
5.4503567E-07,-0.000122
5.4508567E-07,-0.000118
5.4513567E-07,-0.000114
5.4518567E-07,-0.000111
5.4523567E-07,-0.000109
5.4528567E-07,-0.000108
5.4533567E-07,-0.000107
5.4538567E-07,-0.000108
5.4543567E-07,-0.000109
5.4548567E-07,-0.000111
5.4553567E-07,-0.000113
5.4558567E-07,-0.000116
5.4563567E-07,-0.000119
5.4568567E-07,-0.000121
5.4573567E-07,-0.000123
5.4578567E-07,-0.000124
5.4583567E-07,-0.000124
5.4588567E-07,-0.000123
5.4593567E-07,-0.000121
5.4598567E-07,-0.000118
5.4603567E-07,-0.000113
5.4608567E-07,-0.000108
5.4613567E-07,-0.000102
5.4618567E-07,-0.000095
5.4623567E-07,-0.000088
5.4628567E-07,-0.000081
5.4633567E-07,-0.000075
5.4638567E-07,-0.000069
5.4643567E-07,-0.000065
5.4648567E-07,-0.000062
5.4653567E-07,-0.000061
5.4658567E-07,-0.000062
5.4663567E-07,-0.000065
5.4668567E-07,-0.000070
5.4673567E-07,-0.000077
5.4678567E-07,-0.000085
5.4683567E-07,-0.000095
5.4688567E-07,-0.000106
5.4693567E-07,-0.000117
5.4698567E-07,-0.000129
5.4703567E-07,-0.000141
5.4708567E-07,-0.000152
5.4713567E-07,-0.000162
5.4718567E-07,-0.000170
5.4723567E-07,-0.000178
5.4728567E-07,-0.000183
5.4733567E-07,-0.000186
5.4738567E-07,-0.000188
5.4743567E-07,-0.000187
5.4748567E-07,-0.000186
5.4753567E-07,-0.000182
5.4758567E-07,-0.000178
5.4763567E-07,-0.000173
5.4768567E-07,-0.000168
5.4773567E-07,-0.000163
5.4778567E-07,-0.000159
5.4783567E-07,-0.000157
5.4788567E-07,-0.000155
5.4793567E-07,-0.000155
5.4798567E-07,-0.000158
5.4803567E-07,-0.000162
5.4808567E-07,-0.000168
5.4813567E-07,-0.000175
5.4818567E-07,-0.000185
5.4823567E-07,-0.000196
5.4828567E-07,-0.000207
5.4833567E-07,-0.000220
5.4838567E-07,-0.000232
5.4843567E-07,-0.000245
5.4848567E-07,-0.000257
5.4853567E-07,-0.000268
5.4858567E-07,-0.000277
5.4863567E-07,-0.000286
5.4868567E-07,-0.000293
5.4873567E-07,-0.000299
5.4878567E-07,-0.000303
5.4883567E-07,-0.000306
5.4888567E-07,-0.000308
5.4893567E-07,-0.000309
5.4898567E-07,-0.000309
5.4903567E-07,-0.000309
5.4908567E-07,-0.000309
5.4913567E-07,-0.000309
5.4918567E-07,-0.000309
5.4923567E-07,-0.000310
5.4928567E-07,-0.000312
5.4933567E-07,-0.000314
5.4938567E-07,-0.000316
5.4943567E-07,-0.000319
5.4948567E-07,-0.000323
5.4953567E-07,-0.000326
5.4958567E-07,-0.000329
5.4963567E-07,-0.000331
5.4968567E-07,-0.000333
5.4973567E-07,-0.000333
5.4978567E-07,-0.000332
5.4983567E-07,-0.000329
5.4988567E-07,-0.000325
5.4993567E-07,-0.000319
5.4998567E-07,-0.000312
5.5003567E-07,-0.000303
5.5008567E-07,-0.000293
5.5013567E-07,-0.000281
5.5018567E-07,-0.000269
5.5023567E-07,-0.000257
5.5028567E-07,-0.000245
5.5033567E-07,-0.000234
5.5038567E-07,-0.000223
5.5043567E-07,-0.000214
5.5048567E-07,-0.000207
5.5053567E-07,-0.000201
5.5058567E-07,-0.000197
5.5063567E-07,-0.000195
5.5068567E-07,-0.000195
5.5073567E-07,-0.000197
5.5078567E-07,-0.000201
5.5083567E-07,-0.000206
5.5088567E-07,-0.000211
5.5093567E-07,-0.000218
5.5098567E-07,-0.000224
5.5103567E-07,-0.000230
5.5108567E-07,-0.000235
5.5113567E-07,-0.000240
5.5118567E-07,-0.000243
5.5123567E-07,-0.000244
5.5128567E-07,-0.000244
5.5133567E-07,-0.000242
5.5138567E-07,-0.000239
5.5143567E-07,-0.000234
5.5148567E-07,-0.000228
5.5153567E-07,-0.000220
5.5158567E-07,-0.000212
5.5163567E-07,-0.000204
5.5168567E-07,-0.000196
5.5173567E-07,-0.000188
5.5178567E-07,-0.000181
5.5183567E-07,-0.000174
5.5188567E-07,-0.000169
5.5193567E-07,-0.000166
5.5198567E-07,-0.000163
5.5203567E-07,-0.000162
5.5208567E-07,-0.000163
5.5213567E-07,-0.000164
5.5218567E-07,-0.000167
5.5223567E-07,-0.000169
5.5228567E-07,-0.000173
5.5233567E-07,-0.000175
5.5238567E-07,-0.000178
5.5243567E-07,-0.000179
5.5248567E-07,-0.000179
5.5253567E-07,-0.000178
5.5258567E-07,-0.000175
5.5263567E-07,-0.000170
5.5268567E-07,-0.000164
5.5273567E-07,-0.000155
5.5278567E-07,-0.000145
5.5283567E-07,-0.000134
5.5288567E-07,-0.000122
5.5293567E-07,-0.000108
5.5298567E-07,-0.000095
5.5303567E-07,-0.000081
5.5308567E-07,-0.000067
5.5313567E-07,-0.000055
5.5318567E-07,-0.000043
5.5323567E-07,-0.000033
5.5328567E-07,-0.000024
5.5333567E-07,-0.000017
5.5338567E-07,-0.000012
5.5343567E-07,-0.000008
5.5348567E-07,-0.000006
5.5353567E-07,-0.000005
5.5358567E-07,-0.000005
5.5363567E-07,-0.000006
5.5368567E-07,-0.000008
5.5373567E-07,-0.000009
5.5378567E-07,-0.000011
5.5383567E-07,-0.000012
5.5388567E-07,-0.000013
5.5393567E-07,-0.000013
5.5398567E-07,-0.000012
5.5403567E-07,-0.000010
5.5408567E-07,-0.000007
5.5413567E-07,-0.000004
5.5418567E-07,0.000000
5.5423567E-07,0.000004
5.5428567E-07,0.000008
5.5433567E-07,0.000012
5.5438567E-07,0.000015
5.5443567E-07,0.000018
5.5448567E-07,0.000019
5.5453567E-07,0.000019
5.5458567E-07,0.000018
5.5463567E-07,0.000016
5.5468567E-07,0.000013
5.5473567E-07,0.000008
5.5478567E-07,0.000003
5.5483567E-07,-0.000002
5.5488567E-07,-0.000007
5.5493567E-07,-0.000012
5.5498567E-07,-0.000017
5.5503567E-07,-0.000020
5.5508567E-07,-0.000022
5.5513567E-07,-0.000022
5.5518567E-07,-0.000020
5.5523567E-07,-0.000016
5.5528567E-07,-0.000010
5.5533567E-07,-0.000002
5.5538567E-07,0.000007
5.5543567E-07,0.000018
5.5548567E-07,0.000029
5.5553567E-07,0.000041
5.5558567E-07,0.000053
5.5563567E-07,0.000064
5.5568567E-07,0.000074
5.5573567E-07,0.000082
5.5578567E-07,0.000087
5.5583567E-07,0.000090
5.5588567E-07,0.000090
5.5593567E-07,0.000086
5.5598567E-07,0.000079
5.5603567E-07,0.000069
5.5608567E-07,0.000055
5.5613567E-07,0.000039
5.5618567E-07,0.000020
5.5623567E-07,0.000000
5.5628567E-07,-0.000022
5.5633567E-07,-0.000044
5.5638567E-07,-0.000066
5.5643567E-07,-0.000088
5.5648567E-07,-0.000109
5.5653567E-07,-0.000128
5.5658567E-07,-0.000145
5.5663567E-07,-0.000159
5.5668567E-07,-0.000171
5.5673567E-07,-0.000181
5.5678567E-07,-0.000188
5.5683567E-07,-0.000193
5.5688567E-07,-0.000196
5.5693567E-07,-0.000198
5.5698567E-07,-0.000198
5.5703567E-07,-0.000197
5.5708567E-07,-0.000196
5.5713567E-07,-0.000195
5.5718567E-07,-0.000195
5.5723567E-07,-0.000195
5.5728567E-07,-0.000197
5.5733567E-07,-0.000199
5.5738567E-07,-0.000203
5.5743567E-07,-0.000207
5.5748567E-07,-0.000213
5.5753567E-07,-0.000220
5.5758567E-07,-0.000227
5.5763567E-07,-0.000234
5.5768567E-07,-0.000241
5.5773567E-07,-0.000247
5.5778567E-07,-0.000252
5.5783567E-07,-0.000256
5.5788567E-07,-0.000259
5.5793567E-07,-0.000259
5.5798567E-07,-0.000258
5.5803567E-07,-0.000256
5.5808567E-07,-0.000251
5.5813567E-07,-0.000245
5.5818567E-07,-0.000238
5.5823567E-07,-0.000231
5.5828567E-07,-0.000223
5.5833567E-07,-0.000215
5.5838567E-07,-0.000207
5.5843567E-07,-0.000201
5.5848567E-07,-0.000196
5.5853567E-07,-0.000193
5.5858567E-07,-0.000192
5.5863567E-07,-0.000193
5.5868567E-07,-0.000197
5.5873567E-07,-0.000204
5.5878567E-07,-0.000213
5.5883567E-07,-0.000224
5.5888567E-07,-0.000237
5.5893567E-07,-0.000253
5.5898567E-07,-0.000269
5.5903567E-07,-0.000287
5.5908567E-07,-0.000305
5.5913567E-07,-0.000323
5.5918567E-07,-0.000340
5.5923567E-07,-0.000357
5.5928567E-07,-0.000373
5.5933567E-07,-0.000387
5.5938567E-07,-0.000399
5.5943567E-07,-0.000410
5.5948567E-07,-0.000419
5.5953567E-07,-0.000427
5.5958567E-07,-0.000432
5.5963567E-07,-0.000437
5.5968567E-07,-0.000440
5.5973567E-07,-0.000442
5.5978567E-07,-0.000443
5.5983567E-07,-0.000444
5.5988567E-07,-0.000444
5.5993567E-07,-0.000445
5.5998567E-07,-0.000446
5.6003567E-07,-0.000446
5.6008567E-07,-0.000447
5.6013567E-07,-0.000448
5.6018567E-07,-0.000449
5.6023567E-07,-0.000450
5.6028567E-07,-0.000451
5.6033567E-07,-0.000451
5.6038567E-07,-0.000450
5.6043567E-07,-0.000449
5.6048567E-07,-0.000446
5.6053567E-07,-0.000442
5.6058567E-07,-0.000436
5.6063567E-07,-0.000429
5.6068567E-07,-0.000421
5.6073567E-07,-0.000411
5.6078567E-07,-0.000400
5.6083567E-07,-0.000388
5.6088567E-07,-0.000374
5.6093567E-07,-0.000361
5.6098567E-07,-0.000347
5.6103567E-07,-0.000334
5.6108567E-07,-0.000321
5.6113567E-07,-0.000309
5.6118567E-07,-0.000298
5.6123567E-07,-0.000289
5.6128567E-07,-0.000281
5.6133567E-07,-0.000275
5.6138567E-07,-0.000270
5.6143567E-07,-0.000267
5.6148567E-07,-0.000265
5.6153567E-07,-0.000264
5.6158567E-07,-0.000264
5.6163567E-07,-0.000264
5.6168567E-07,-0.000264
5.6173567E-07,-0.000264
5.6178567E-07,-0.000263
5.6183567E-07,-0.000261
5.6188567E-07,-0.000257
5.6193567E-07,-0.000252
5.6198567E-07,-0.000246
5.6203567E-07,-0.000238
5.6208567E-07,-0.000228
5.6213567E-07,-0.000217
5.6218567E-07,-0.000206
5.6223567E-07,-0.000193
5.6228567E-07,-0.000181
5.6233567E-07,-0.000168
5.6238567E-07,-0.000157
5.6243567E-07,-0.000147
5.6248567E-07,-0.000138
5.6253567E-07,-0.000131
5.6258567E-07,-0.000127
5.6263567E-07,-0.000125
5.6268567E-07,-0.000126
5.6273567E-07,-0.000129
5.6278567E-07,-0.000134
5.6283567E-07,-0.000142
5.6288567E-07,-0.000152
5.6293567E-07,-0.000163
5.6298567E-07,-0.000175
5.6303567E-07,-0.000188
5.6308567E-07,-0.000201
5.6313567E-07,-0.000214
5.6318567E-07,-0.000225
5.6323567E-07,-0.000236
5.6328567E-07,-0.000245
5.6333567E-07,-0.000252
5.6338567E-07,-0.000257
5.6343567E-07,-0.000261
5.6348567E-07,-0.000262
5.6353567E-07,-0.000263
5.6358567E-07,-0.000262
5.6363567E-07,-0.000260
5.6368567E-07,-0.000257
5.6373567E-07,-0.000254
5.6378567E-07,-0.000252
5.6383567E-07,-0.000250
5.6388567E-07,-0.000249
5.6393567E-07,-0.000249
5.6398567E-07,-0.000250
5.6403567E-07,-0.000252
5.6408567E-07,-0.000255
5.6413567E-07,-0.000259
5.6418567E-07,-0.000265
5.6423567E-07,-0.000270
5.6428567E-07,-0.000276
5.6433567E-07,-0.000282
5.6438567E-07,-0.000287
5.6443567E-07,-0.000291
5.6448567E-07,-0.000294
5.6453567E-07,-0.000296
5.6458567E-07,-0.000296
5.6463567E-07,-0.000295
5.6468567E-07,-0.000291
5.6473567E-07,-0.000287
5.6478567E-07,-0.000281
5.6483567E-07,-0.000274
5.6488567E-07,-0.000266
5.6493567E-07,-0.000258
5.6498567E-07,-0.000250
5.6503567E-07,-0.000243
5.6508567E-07,-0.000238
5.6513567E-07,-0.000233
5.6518567E-07,-0.000230
5.6523567E-07,-0.000230
5.6528567E-07,-0.000231
5.6533567E-07,-0.000235
5.6538567E-07,-0.000241
5.6543567E-07,-0.000249
5.6548567E-07,-0.000259
5.6553567E-07,-0.000270
5.6558567E-07,-0.000282
5.6563567E-07,-0.000295
5.6568567E-07,-0.000308
5.6573567E-07,-0.000321
5.6578567E-07,-0.000333
5.6583567E-07,-0.000344
5.6588567E-07,-0.000353
5.6593567E-07,-0.000361
5.6598567E-07,-0.000367
5.6603567E-07,-0.000372
5.6608567E-07,-0.000374
5.6613567E-07,-0.000375
5.6618567E-07,-0.000375
5.6623567E-07,-0.000373
5.6628567E-07,-0.000371
5.6633567E-07,-0.000369
5.6638567E-07,-0.000366
5.6643567E-07,-0.000364
5.6648567E-07,-0.000362
5.6653567E-07,-0.000361
5.6658567E-07,-0.000361
5.6663567E-07,-0.000361
5.6668567E-07,-0.000363
5.6673567E-07,-0.000366
5.6678567E-07,-0.000369
5.6683567E-07,-0.000373
5.6688567E-07,-0.000377
5.6693567E-07,-0.000381
5.6698567E-07,-0.000384
5.6703567E-07,-0.000386
5.6708567E-07,-0.000387
5.6713567E-07,-0.000387
5.6718567E-07,-0.000385
5.6723567E-07,-0.000380
5.6728567E-07,-0.000375
5.6733567E-07,-0.000367
5.6738567E-07,-0.000357
5.6743567E-07,-0.000347
5.6748567E-07,-0.000335
5.6753567E-07,-0.000323
5.6758567E-07,-0.000310
5.6763567E-07,-0.000299
5.6768567E-07,-0.000288
5.6773567E-07,-0.000279
5.6778567E-07,-0.000272
5.6783567E-07,-0.000267
5.6788567E-07,-0.000265
5.6793567E-07,-0.000267
5.6798567E-07,-0.000272
5.6803567E-07,-0.000280
5.6808567E-07,-0.000291
5.6813567E-07,-0.000305
5.6818567E-07,-0.000322
5.6823567E-07,-0.000340
5.6828567E-07,-0.000361
5.6833567E-07,-0.000383
5.6838567E-07,-0.000405
5.6843567E-07,-0.000427
5.6848567E-07,-0.000448
5.6853567E-07,-0.000467
5.6858567E-07,-0.000485
5.6863567E-07,-0.000501
5.6868567E-07,-0.000514
5.6873567E-07,-0.000524
5.6878567E-07,-0.000531
5.6883567E-07,-0.000535
5.6888567E-07,-0.000536
5.6893567E-07,-0.000534
5.6898567E-07,-0.000530
5.6903567E-07,-0.000523
5.6908567E-07,-0.000514
5.6913567E-07,-0.000504
5.6918567E-07,-0.000493
5.6923567E-07,-0.000480
5.6928567E-07,-0.000467
5.6933567E-07,-0.000454
5.6938567E-07,-0.000441
5.6943567E-07,-0.000427
5.6948567E-07,-0.000413
5.6953567E-07,-0.000399
5.6958567E-07,-0.000385
5.6963567E-07,-0.000371
5.6968567E-07,-0.000355
5.6973567E-07,-0.000339
5.6978567E-07,-0.000322
5.6983567E-07,-0.000304
5.6988567E-07,-0.000285
5.6993567E-07,-0.000264
5.6998567E-07,-0.000242
5.7003567E-07,-0.000219
5.7008567E-07,-0.000194
5.7013567E-07,-0.000169
5.7018567E-07,-0.000143
5.7023567E-07,-0.000118
5.7028567E-07,-0.000093
5.7033567E-07,-0.000069
5.7038567E-07,-0.000046
5.7043567E-07,-0.000025
5.7048567E-07,-0.000007
5.7053567E-07,0.000008
5.7058567E-07,0.000021
5.7063567E-07,0.000030
5.7068567E-07,0.000035
5.7073567E-07,0.000037
5.7078567E-07,0.000036
5.7083567E-07,0.000032
5.7088567E-07,0.000025
5.7093567E-07,0.000016
5.7098567E-07,0.000005
5.7103567E-07,-0.000007
5.7108567E-07,-0.000019
5.7113567E-07,-0.000031
5.7118567E-07,-0.000042
5.7123567E-07,-0.000052
5.7128567E-07,-0.000061
5.7133567E-07,-0.000067
5.7138567E-07,-0.000071
5.7143567E-07,-0.000074
5.7148567E-07,-0.000073
5.7153567E-07,-0.000071
5.7158567E-07,-0.000067
5.7163567E-07,-0.000061
5.7168567E-07,-0.000054
5.7173567E-07,-0.000047
5.7178567E-07,-0.000039
5.7183567E-07,-0.000030
5.7188567E-07,-0.000023
5.7193567E-07,-0.000016
5.7198567E-07,-0.000010
5.7203567E-07,-0.000005
5.7208567E-07,-0.000002
5.7213567E-07,0.000000
5.7218567E-07,0.000001
5.7223567E-07,0.000001
5.7228567E-07,0.000000
5.7233567E-07,-0.000001
5.7238567E-07,-0.000003
5.7243567E-07,-0.000005
5.7248567E-07,-0.000007
5.7253567E-07,-0.000009
5.7258567E-07,-0.000010
5.7263567E-07,-0.000011
5.7268567E-07,-0.000011
5.7273567E-07,-0.000011
5.7278567E-07,-0.000011
5.7283567E-07,-0.000011
5.7288567E-07,-0.000011
5.7293567E-07,-0.000011
5.7298567E-07,-0.000012
5.7303567E-07,-0.000014
5.7308567E-07,-0.000018
5.7313567E-07,-0.000023
5.7318567E-07,-0.000030
5.7323567E-07,-0.000038
5.7328567E-07,-0.000049
5.7333567E-07,-0.000060
5.7338567E-07,-0.000074
5.7343567E-07,-0.000088
5.7348567E-07,-0.000103
5.7353567E-07,-0.000118
5.7358567E-07,-0.000133
5.7363567E-07,-0.000148
5.7368567E-07,-0.000161
5.7373567E-07,-0.000172
5.7378567E-07,-0.000181
5.7383567E-07,-0.000188
5.7388567E-07,-0.000192
5.7393567E-07,-0.000193
5.7398567E-07,-0.000191
5.7403567E-07,-0.000187
5.7408567E-07,-0.000179
5.7413567E-07,-0.000170
5.7418567E-07,-0.000158
5.7423567E-07,-0.000144
5.7428567E-07,-0.000130
5.7433567E-07,-0.000115
5.7438567E-07,-0.000100
5.7443567E-07,-0.000085
5.7448567E-07,-0.000071
5.7453567E-07,-0.000059
5.7458567E-07,-0.000049
5.7463567E-07,-0.000041
5.7468567E-07,-0.000034
5.7473567E-07,-0.000031
5.7478567E-07,-0.000029
5.7483567E-07,-0.000029
5.7488567E-07,-0.000031
5.7493567E-07,-0.000035
5.7498567E-07,-0.000039
5.7503567E-07,-0.000044
5.7508567E-07,-0.000050
5.7513567E-07,-0.000056
5.7518567E-07,-0.000061
5.7523567E-07,-0.000066
5.7528567E-07,-0.000070
5.7533567E-07,-0.000073
5.7538567E-07,-0.000075
5.7543567E-07,-0.000076
5.7548567E-07,-0.000076
5.7553567E-07,-0.000076
5.7558567E-07,-0.000074
5.7563567E-07,-0.000073
5.7568567E-07,-0.000071
5.7573567E-07,-0.000069
5.7578567E-07,-0.000068
5.7583567E-07,-0.000068
5.7588567E-07,-0.000068
5.7593567E-07,-0.000069
5.7598567E-07,-0.000072
5.7603567E-07,-0.000075
5.7608567E-07,-0.000079
5.7613567E-07,-0.000084
5.7618567E-07,-0.000090
5.7623567E-07,-0.000096
5.7628567E-07,-0.000102
5.7633567E-07,-0.000108
5.7638567E-07,-0.000114
5.7643567E-07,-0.000118
5.7648567E-07,-0.000122
5.7653567E-07,-0.000125
5.7658567E-07,-0.000127
5.7663567E-07,-0.000128
5.7668567E-07,-0.000127
5.7673567E-07,-0.000125
5.7678567E-07,-0.000123
5.7683567E-07,-0.000120
5.7688567E-07,-0.000116
5.7693567E-07,-0.000112
5.7698567E-07,-0.000109
5.7703567E-07,-0.000106
5.7708567E-07,-0.000104
5.7713567E-07,-0.000103
5.7718567E-07,-0.000104
5.7723567E-07,-0.000106
5.7728567E-07,-0.000109
5.7733567E-07,-0.000114
5.7738567E-07,-0.000121
5.7743567E-07,-0.000128
5.7748567E-07,-0.000136
5.7753567E-07,-0.000145
5.7758567E-07,-0.000154
5.7763567E-07,-0.000163
5.7768567E-07,-0.000171
5.7773567E-07,-0.000178
5.7778567E-07,-0.000183
5.7783567E-07,-0.000187
5.7788567E-07,-0.000188
5.7793567E-07,-0.000188
5.7798567E-07,-0.000185
5.7803567E-07,-0.000181
5.7808567E-07,-0.000174
5.7813567E-07,-0.000166
5.7818567E-07,-0.000157
5.7823567E-07,-0.000147
5.7828567E-07,-0.000136
5.7833567E-07,-0.000126
5.7838567E-07,-0.000116
5.7843567E-07,-0.000108
5.7848567E-07,-0.000101
5.7853567E-07,-0.000096
5.7858567E-07,-0.000093
5.7863567E-07,-0.000092
5.7868567E-07,-0.000094
5.7873567E-07,-0.000098
5.7878567E-07,-0.000105
5.7883567E-07,-0.000113
5.7888567E-07,-0.000122
5.7893567E-07,-0.000133
5.7898567E-07,-0.000144
5.7903567E-07,-0.000154
5.7908567E-07,-0.000164
5.7913567E-07,-0.000173
5.7918567E-07,-0.000180
5.7923567E-07,-0.000186
5.7928567E-07,-0.000189
5.7933567E-07,-0.000189
5.7938567E-07,-0.000187
5.7943567E-07,-0.000183
5.7948567E-07,-0.000176
5.7953567E-07,-0.000167
5.7958567E-07,-0.000157
5.7963567E-07,-0.000147
5.7968567E-07,-0.000135
5.7973567E-07,-0.000124
5.7978567E-07,-0.000113
5.7983567E-07,-0.000103
5.7988567E-07,-0.000095
5.7993567E-07,-0.000089
5.7998567E-07,-0.000085
5.8003567E-07,-0.000082
5.8008567E-07,-0.000083
5.8013567E-07,-0.000085
5.8018567E-07,-0.000088
5.8023567E-07,-0.000094
5.8028567E-07,-0.000100
5.8033567E-07,-0.000107
5.8038567E-07,-0.000114
5.8043567E-07,-0.000121
5.8048567E-07,-0.000126
5.8053567E-07,-0.000131
5.8058567E-07,-0.000134
5.8063567E-07,-0.000134
5.8068567E-07,-0.000133
5.8073567E-07,-0.000130
5.8078567E-07,-0.000125
5.8083567E-07,-0.000117
5.8088567E-07,-0.000109
5.8093567E-07,-0.000099
5.8098567E-07,-0.000088
5.8103567E-07,-0.000078
5.8108567E-07,-0.000067
5.8113567E-07,-0.000057
5.8118567E-07,-0.000048
5.8123567E-07,-0.000041
5.8128567E-07,-0.000035
5.8133567E-07,-0.000032
5.8138567E-07,-0.000030
5.8143567E-07,-0.000031
5.8148567E-07,-0.000033
5.8153567E-07,-0.000037
5.8158567E-07,-0.000043
5.8163567E-07,-0.000050
5.8168567E-07,-0.000058
5.8173567E-07,-0.000066
5.8178567E-07,-0.000074
5.8183567E-07,-0.000081
5.8188567E-07,-0.000088
5.8193567E-07,-0.000094
5.8198567E-07,-0.000099
5.8203567E-07,-0.000102
5.8208567E-07,-0.000103
5.8213567E-07,-0.000104
5.8218567E-07,-0.000103
5.8223567E-07,-0.000100
5.8228567E-07,-0.000097
5.8233567E-07,-0.000093
5.8238567E-07,-0.000089
5.8243567E-07,-0.000085
5.8248567E-07,-0.000081
5.8253567E-07,-0.000077
5.8258567E-07,-0.000074
5.8263567E-07,-0.000071
5.8268567E-07,-0.000069
5.8273567E-07,-0.000068
5.8278567E-07,-0.000068
5.8283567E-07,-0.000068
5.8288567E-07,-0.000068
5.8293567E-07,-0.000068
5.8298567E-07,-0.000068
5.8303567E-07,-0.000067
5.8308567E-07,-0.000065
5.8313567E-07,-0.000062
5.8318567E-07,-0.000057
5.8323567E-07,-0.000052
5.8328567E-07,-0.000044
5.8333567E-07,-0.000035
5.8338567E-07,-0.000024
5.8343567E-07,-0.000012
5.8348567E-07,0.000001
5.8353567E-07,0.000014
5.8358567E-07,0.000028
5.8363567E-07,0.000042
5.8368567E-07,0.000055
5.8373567E-07,0.000067
5.8378567E-07,0.000078
5.8383567E-07,0.000087
5.8388567E-07,0.000093
5.8393567E-07,0.000097
5.8398567E-07,0.000098
5.8403567E-07,0.000097
5.8408567E-07,0.000092
5.8413567E-07,0.000085
5.8418567E-07,0.000075
5.8423567E-07,0.000063
5.8428567E-07,0.000049
5.8433567E-07,0.000034
5.8438567E-07,0.000018
5.8443567E-07,0.000001
5.8448567E-07,-0.000015
5.8453567E-07,-0.000031
5.8458567E-07,-0.000046
5.8463567E-07,-0.000059
5.8468567E-07,-0.000071
5.8473567E-07,-0.000081
5.8478567E-07,-0.000089
5.8483567E-07,-0.000094
5.8488567E-07,-0.000098
5.8493567E-07,-0.000099
5.8498567E-07,-0.000099
5.8503567E-07,-0.000097
5.8508567E-07,-0.000094
5.8513567E-07,-0.000089
5.8518567E-07,-0.000084
5.8523567E-07,-0.000078
5.8528567E-07,-0.000071
5.8533567E-07,-0.000065
5.8538567E-07,-0.000058
5.8543567E-07,-0.000052
5.8548567E-07,-0.000045
5.8553567E-07,-0.000039
5.8558567E-07,-0.000032
5.8563567E-07,-0.000025
5.8568567E-07,-0.000019
5.8573567E-07,-0.000011
5.8578567E-07,-0.000004
5.8583567E-07,0.000004
5.8588567E-07,0.000013
5.8593567E-07,0.000023
5.8598567E-07,0.000033
5.8603567E-07,0.000044
5.8608567E-07,0.000055
5.8613567E-07,0.000066
5.8618567E-07,0.000077
5.8623567E-07,0.000087
5.8628567E-07,0.000097
5.8633567E-07,0.000105
5.8638567E-07,0.000112
5.8643567E-07,0.000117
5.8648567E-07,0.000120
5.8653567E-07,0.000121
5.8658567E-07,0.000119
5.8663567E-07,0.000114
5.8668567E-07,0.000107
5.8673567E-07,0.000097
5.8678567E-07,0.000085
5.8683567E-07,0.000071
5.8688567E-07,0.000056
5.8693567E-07,0.000039
5.8698567E-07,0.000022
5.8703567E-07,0.000005
5.8708567E-07,-0.000011
5.8713567E-07,-0.000027
5.8718567E-07,-0.000042
5.8723567E-07,-0.000054
5.8728567E-07,-0.000065
5.8733567E-07,-0.000073
5.8738567E-07,-0.000079
5.8743567E-07,-0.000082
5.8748567E-07,-0.000083
5.8753567E-07,-0.000082
5.8758567E-07,-0.000080
5.8763567E-07,-0.000076
5.8768567E-07,-0.000071
5.8773567E-07,-0.000066
5.8778567E-07,-0.000061
5.8783567E-07,-0.000057
5.8788567E-07,-0.000053
5.8793567E-07,-0.000050
5.8798567E-07,-0.000049
5.8803567E-07,-0.000050
5.8808567E-07,-0.000053
5.8813567E-07,-0.000057
5.8818567E-07,-0.000064
5.8823567E-07,-0.000072
5.8828567E-07,-0.000081
5.8833567E-07,-0.000091
5.8838567E-07,-0.000102
5.8843567E-07,-0.000114
5.8848567E-07,-0.000125
5.8853567E-07,-0.000136
5.8858567E-07,-0.000146
5.8863567E-07,-0.000156
5.8868567E-07,-0.000165
5.8873567E-07,-0.000172
5.8878567E-07,-0.000178
5.8883567E-07,-0.000183
5.8888567E-07,-0.000188
5.8893567E-07,-0.000191
5.8898567E-07,-0.000193
5.8903567E-07,-0.000195
5.8908567E-07,-0.000197
5.8913567E-07,-0.000199
5.8918567E-07,-0.000201
5.8923567E-07,-0.000203
5.8928567E-07,-0.000206
5.8933567E-07,-0.000209
5.8938567E-07,-0.000213
5.8943567E-07,-0.000217
5.8948567E-07,-0.000221
5.8953567E-07,-0.000225
5.8958567E-07,-0.000228
5.8963567E-07,-0.000231
5.8968567E-07,-0.000233
5.8973567E-07,-0.000233
5.8978567E-07,-0.000232
5.8983567E-07,-0.000229
5.8988567E-07,-0.000225
5.8993567E-07,-0.000218
5.8998567E-07,-0.000208
5.9003567E-07,-0.000197
5.9008567E-07,-0.000183
5.9013567E-07,-0.000168
5.9018567E-07,-0.000151
5.9023567E-07,-0.000133
5.9028567E-07,-0.000115
5.9033567E-07,-0.000095
5.9038567E-07,-0.000076
5.9043567E-07,-0.000057
5.9048567E-07,-0.000040
5.9053567E-07,-0.000023
5.9058567E-07,-0.000008
5.9063567E-07,0.000005
5.9068567E-07,0.000016
5.9073567E-07,0.000025
5.9078567E-07,0.000032
5.9083567E-07,0.000037
5.9088567E-07,0.000040
5.9093567E-07,0.000042
5.9098567E-07,0.000042
5.9103567E-07,0.000041
5.9108567E-07,0.000039
5.9113567E-07,0.000037
5.9118567E-07,0.000035
5.9123567E-07,0.000032
5.9128567E-07,0.000031
5.9133567E-07,0.000029
5.9138567E-07,0.000029
5.9143567E-07,0.000029
5.9148567E-07,0.000030
5.9153567E-07,0.000031
5.9158567E-07,0.000033
5.9163567E-07,0.000035
5.9168567E-07,0.000037
5.9173567E-07,0.000039
5.9178567E-07,0.000041
5.9183567E-07,0.000041
5.9188567E-07,0.000042
5.9193567E-07,0.000041
5.9198567E-07,0.000039
5.9203567E-07,0.000036
5.9208567E-07,0.000031
5.9213567E-07,0.000026
5.9218567E-07,0.000020
5.9223567E-07,0.000013
5.9228567E-07,0.000006
5.9233567E-07,-0.000002
5.9238567E-07,-0.000010
5.9243567E-07,-0.000017
5.9248567E-07,-0.000023
5.9253567E-07,-0.000029
5.9258567E-07,-0.000034
5.9263567E-07,-0.000037
5.9268567E-07,-0.000040
5.9273567E-07,-0.000040
5.9278567E-07,-0.000040
5.9283567E-07,-0.000038
5.9288567E-07,-0.000036
5.9293567E-07,-0.000032
5.9298567E-07,-0.000028
5.9303567E-07,-0.000024
5.9308567E-07,-0.000020
5.9313567E-07,-0.000017
5.9318567E-07,-0.000014
5.9323567E-07,-0.000012
5.9328567E-07,-0.000012
5.9333567E-07,-0.000013
5.9338567E-07,-0.000015
5.9343567E-07,-0.000019
5.9348567E-07,-0.000025
5.9353567E-07,-0.000031
5.9358567E-07,-0.000039
5.9363567E-07,-0.000048
5.9368567E-07,-0.000058
5.9373567E-07,-0.000068
5.9378567E-07,-0.000078
5.9383567E-07,-0.000087
5.9388567E-07,-0.000096
5.9393567E-07,-0.000104
5.9398567E-07,-0.000112
5.9403567E-07,-0.000118
5.9408567E-07,-0.000122
5.9413567E-07,-0.000126
5.9418567E-07,-0.000128
5.9423567E-07,-0.000129
5.9428567E-07,-0.000130
5.9433567E-07,-0.000129
5.9438567E-07,-0.000128
5.9443567E-07,-0.000126
5.9448567E-07,-0.000125
5.9453567E-07,-0.000123
5.9458567E-07,-0.000122
5.9463567E-07,-0.000120
5.9468567E-07,-0.000119
5.9473567E-07,-0.000119
5.9478567E-07,-0.000118
5.9483567E-07,-0.000117
5.9488567E-07,-0.000117
5.9493567E-07,-0.000116
5.9498567E-07,-0.000114
5.9503567E-07,-0.000111
5.9508567E-07,-0.000108
5.9513567E-07,-0.000103
5.9518567E-07,-0.000097
5.9523567E-07,-0.000089
5.9528567E-07,-0.000080
5.9533567E-07,-0.000069
5.9538567E-07,-0.000057
5.9543567E-07,-0.000044
5.9548567E-07,-0.000030
5.9553567E-07,-0.000016
5.9558567E-07,-0.000002
5.9563567E-07,0.000012
5.9568567E-07,0.000024
5.9573567E-07,0.000035
5.9578567E-07,0.000044
5.9583567E-07,0.000051
5.9588567E-07,0.000055
5.9593567E-07,0.000057
5.9598567E-07,0.000055
5.9603567E-07,0.000051
5.9608567E-07,0.000043
5.9613567E-07,0.000033
5.9618567E-07,0.000020
5.9623567E-07,0.000006
5.9628567E-07,-0.000011
5.9633567E-07,-0.000028
5.9638567E-07,-0.000047
5.9643567E-07,-0.000065
5.9648567E-07,-0.000084
5.9653567E-07,-0.000102
5.9658567E-07,-0.000119
5.9663567E-07,-0.000134
5.9668567E-07,-0.000149
5.9673567E-07,-0.000161
5.9678567E-07,-0.000173
5.9683567E-07,-0.000182
5.9688567E-07,-0.000190
5.9693567E-07,-0.000197
5.9698567E-07,-0.000204
5.9703567E-07,-0.000209
5.9708567E-07,-0.000214
5.9713567E-07,-0.000219
5.9718567E-07,-0.000224
5.9723567E-07,-0.000229
5.9728567E-07,-0.000235
5.9733567E-07,-0.000241
5.9738567E-07,-0.000247
5.9743567E-07,-0.000254
5.9748567E-07,-0.000262
5.9753567E-07,-0.000269
5.9758567E-07,-0.000276
5.9763567E-07,-0.000283
5.9768567E-07,-0.000289
5.9773567E-07,-0.000295
5.9778567E-07,-0.000299
5.9783567E-07,-0.000301
5.9788567E-07,-0.000302
5.9793567E-07,-0.000301
5.9798567E-07,-0.000299
5.9803567E-07,-0.000294
5.9808567E-07,-0.000288
5.9813567E-07,-0.000280
5.9818567E-07,-0.000270
5.9823567E-07,-0.000260
5.9828567E-07,-0.000248
5.9833567E-07,-0.000236
5.9838567E-07,-0.000223
5.9843567E-07,-0.000210
5.9848567E-07,-0.000197
5.9853567E-07,-0.000185
5.9858567E-07,-0.000173
5.9863567E-07,-0.000162
5.9868567E-07,-0.000151
5.9873567E-07,-0.000141
5.9878567E-07,-0.000132
5.9883567E-07,-0.000123
5.9888567E-07,-0.000115
5.9893567E-07,-0.000107
5.9898567E-07,-0.000099
5.9903567E-07,-0.000091
5.9908567E-07,-0.000083
5.9913567E-07,-0.000074
5.9918567E-07,-0.000065
5.9923567E-07,-0.000056
5.9928567E-07,-0.000045
5.9933567E-07,-0.000034
5.9938567E-07,-0.000023
5.9943567E-07,-0.000010
5.9948567E-07,0.000002
5.9953567E-07,0.000015
5.9958567E-07,0.000028
5.9963567E-07,0.000042
5.9968567E-07,0.000054
5.9973567E-07,0.000067
5.9978567E-07,0.000078
5.9983567E-07,0.000089
5.9988567E-07,0.000099
5.9993567E-07,0.000107
5.9998567E-07,0.000115
6.0003567E-07,0.000121
6.0008567E-07,0.000126
6.0013567E-07,0.000130
6.0018567E-07,0.000133
6.0023567E-07,0.000135
6.0028567E-07,0.000137
6.0033567E-07,0.000138
6.0038567E-07,0.000139
6.0043567E-07,0.000140
6.0048567E-07,0.000142
6.0053567E-07,0.000143
6.0058567E-07,0.000146
6.0063567E-07,0.000149
6.0068567E-07,0.000153
6.0073567E-07,0.000159
6.0078567E-07,0.000165
6.0083567E-07,0.000172
6.0088567E-07,0.000180
6.0093567E-07,0.000188
6.0098567E-07,0.000198
6.0103567E-07,0.000207
6.0108567E-07,0.000217
6.0113567E-07,0.000226
6.0118567E-07,0.000236
6.0123567E-07,0.000245
6.0128567E-07,0.000253
6.0133567E-07,0.000260
6.0138567E-07,0.000266
6.0143567E-07,0.000271
6.0148567E-07,0.000275
6.0153567E-07,0.000278
6.0158567E-07,0.000280
6.0163567E-07,0.000280
6.0168567E-07,0.000280
6.0173567E-07,0.000278
6.0178567E-07,0.000275
6.0183567E-07,0.000272
6.0188567E-07,0.000268
6.0193567E-07,0.000263
6.0198567E-07,0.000258
6.0203567E-07,0.000252
6.0208567E-07,0.000245
6.0213567E-07,0.000238
6.0218567E-07,0.000231
6.0223567E-07,0.000223
6.0228567E-07,0.000214
6.0233567E-07,0.000204
6.0238567E-07,0.000193
6.0243567E-07,0.000182
6.0248567E-07,0.000170
6.0253567E-07,0.000156
6.0258567E-07,0.000142
6.0263567E-07,0.000127
6.0268567E-07,0.000111
6.0273567E-07,0.000094
6.0278567E-07,0.000078
6.0283567E-07,0.000060
6.0288567E-07,0.000043
6.0293567E-07,0.000027
6.0298567E-07,0.000011
6.0303567E-07,-0.000005
6.0308567E-07,-0.000019
6.0313567E-07,-0.000031
6.0318567E-07,-0.000042
6.0323567E-07,-0.000051
6.0328567E-07,-0.000059
6.0333567E-07,-0.000065
6.0338567E-07,-0.000069
6.0343567E-07,-0.000071
6.0348567E-07,-0.000072
6.0353567E-07,-0.000072
6.0358567E-07,-0.000070
6.0363567E-07,-0.000069
6.0368567E-07,-0.000066
6.0373567E-07,-0.000064
6.0378567E-07,-0.000063
6.0383567E-07,-0.000061
6.0388567E-07,-0.000061
6.0393567E-07,-0.000061
6.0398567E-07,-0.000062
6.0403567E-07,-0.000064
6.0408567E-07,-0.000066
6.0413567E-07,-0.000070
6.0418567E-07,-0.000073
6.0423567E-07,-0.000077
6.0428567E-07,-0.000081
6.0433567E-07,-0.000084
6.0438567E-07,-0.000087
6.0443567E-07,-0.000088
6.0448567E-07,-0.000089
6.0453567E-07,-0.000088
6.0458567E-07,-0.000085
6.0463567E-07,-0.000081
6.0468567E-07,-0.000075
6.0473567E-07,-0.000069
6.0478567E-07,-0.000061
6.0483567E-07,-0.000052
6.0488567E-07,-0.000042
6.0493567E-07,-0.000032
6.0498567E-07,-0.000022
6.0503567E-07,-0.000013
6.0508567E-07,-0.000004
6.0513567E-07,0.000003
6.0518567E-07,0.000010
6.0523567E-07,0.000015
6.0528567E-07,0.000018
6.0533567E-07,0.000021
6.0538567E-07,0.000021
6.0543567E-07,0.000021
6.0548567E-07,0.000019
6.0553567E-07,0.000017
6.0558567E-07,0.000015
6.0563567E-07,0.000012
6.0568567E-07,0.000010
6.0573567E-07,0.000008
6.0578567E-07,0.000008
6.0583567E-07,0.000008
6.0588567E-07,0.000010
6.0593567E-07,0.000014
6.0598567E-07,0.000019
6.0603567E-07,0.000026
6.0608567E-07,0.000035
6.0613567E-07,0.000044
6.0618567E-07,0.000055
6.0623567E-07,0.000066
6.0628567E-07,0.000078
6.0633567E-07,0.000090
6.0638567E-07,0.000101
6.0643567E-07,0.000111
6.0648567E-07,0.000120
6.0653567E-07,0.000128
6.0658567E-07,0.000134
6.0663567E-07,0.000138
6.0668567E-07,0.000140
6.0673567E-07,0.000140
6.0678567E-07,0.000138
6.0683567E-07,0.000134
6.0688567E-07,0.000129
6.0693567E-07,0.000122
6.0698567E-07,0.000113
6.0703567E-07,0.000104
6.0708567E-07,0.000094
6.0713567E-07,0.000083
6.0718567E-07,0.000073
6.0723567E-07,0.000063
6.0728567E-07,0.000053
6.0733567E-07,0.000043
6.0738567E-07,0.000034
6.0743567E-07,0.000027
6.0748567E-07,0.000020
6.0753567E-07,0.000014
6.0758567E-07,0.000009
6.0763567E-07,0.000005
6.0768567E-07,0.000002
6.0773567E-07,-0.000001
6.0778567E-07,-0.000002
6.0783567E-07,-0.000003
6.0788567E-07,-0.000003
6.0793567E-07,-0.000002
6.0798567E-07,-0.000001
6.0803567E-07,0.000001
6.0808567E-07,0.000003
6.0813567E-07,0.000007
6.0818567E-07,0.000010
6.0823567E-07,0.000015
6.0828567E-07,0.000020
6.0833567E-07,0.000026
6.0838567E-07,0.000033
6.0843567E-07,0.000040
6.0848567E-07,0.000048
6.0853567E-07,0.000057
6.0858567E-07,0.000066
6.0863567E-07,0.000076
6.0868567E-07,0.000086
6.0873567E-07,0.000096
6.0878567E-07,0.000106
6.0883567E-07,0.000116
6.0888567E-07,0.000126
6.0893567E-07,0.000135
6.0898567E-07,0.000143
6.0903567E-07,0.000151
6.0908567E-07,0.000157
6.0913567E-07,0.000162
6.0918567E-07,0.000166
6.0923567E-07,0.000168
6.0928567E-07,0.000168
6.0933567E-07,0.000167
6.0938567E-07,0.000164
6.0943567E-07,0.000160
6.0948567E-07,0.000154
6.0953567E-07,0.000148
6.0958567E-07,0.000140
6.0963567E-07,0.000131
6.0968567E-07,0.000122
6.0973567E-07,0.000112
6.0978567E-07,0.000102
6.0983567E-07,0.000093
6.0988567E-07,0.000083
6.0993567E-07,0.000075
6.0998567E-07,0.000067
6.1003567E-07,0.000059
6.1008567E-07,0.000053
6.1013567E-07,0.000048
6.1018567E-07,0.000043
6.1023567E-07,0.000040
6.1028567E-07,0.000038
6.1033567E-07,0.000036
6.1038567E-07,0.000035
6.1043567E-07,0.000034
6.1048567E-07,0.000033
6.1053567E-07,0.000033
6.1058567E-07,0.000032
6.1063567E-07,0.000031
6.1068567E-07,0.000030
6.1073567E-07,0.000029
6.1078567E-07,0.000027
6.1083567E-07,0.000024
6.1088567E-07,0.000021
6.1093567E-07,0.000018
6.1098567E-07,0.000014
6.1103567E-07,0.000010
6.1108567E-07,0.000006
6.1113567E-07,0.000002
6.1118567E-07,-0.000002
6.1123567E-07,-0.000006
6.1128567E-07,-0.000009
6.1133567E-07,-0.000013
6.1138567E-07,-0.000015
6.1143567E-07,-0.000018
6.1148567E-07,-0.000020
6.1153567E-07,-0.000022
6.1158567E-07,-0.000023
6.1163567E-07,-0.000025
6.1168567E-07,-0.000027
6.1173567E-07,-0.000029
6.1178567E-07,-0.000031
6.1183567E-07,-0.000033
6.1188567E-07,-0.000036
6.1193567E-07,-0.000039
6.1198567E-07,-0.000043
6.1203567E-07,-0.000047
6.1208567E-07,-0.000051
6.1213567E-07,-0.000055
6.1218567E-07,-0.000060
6.1223567E-07,-0.000064
6.1228567E-07,-0.000067
6.1233567E-07,-0.000071
6.1238567E-07,-0.000073
6.1243567E-07,-0.000075
6.1248567E-07,-0.000075
6.1253567E-07,-0.000075
6.1258567E-07,-0.000073
6.1263567E-07,-0.000071
6.1268567E-07,-0.000068
6.1273567E-07,-0.000063
6.1278567E-07,-0.000059
6.1283567E-07,-0.000054
6.1288567E-07,-0.000048
6.1293567E-07,-0.000043
6.1298567E-07,-0.000038
6.1303567E-07,-0.000034
6.1308567E-07,-0.000031
6.1313567E-07,-0.000029
6.1318567E-07,-0.000028
6.1323567E-07,-0.000029
6.1328567E-07,-0.000030
6.1333567E-07,-0.000034
6.1338567E-07,-0.000038
6.1343567E-07,-0.000044
6.1348567E-07,-0.000050
6.1353567E-07,-0.000057
6.1358567E-07,-0.000065
6.1363567E-07,-0.000073
6.1368567E-07,-0.000081
6.1373567E-07,-0.000088
6.1378567E-07,-0.000095
6.1383567E-07,-0.000101
6.1388567E-07,-0.000106
6.1393567E-07,-0.000109
6.1398567E-07,-0.000111
6.1403567E-07,-0.000112
6.1408567E-07,-0.000112
6.1413567E-07,-0.000110
6.1418567E-07,-0.000107
6.1423567E-07,-0.000103
6.1428567E-07,-0.000098
6.1433567E-07,-0.000092
6.1438567E-07,-0.000085
6.1443567E-07,-0.000079
6.1448567E-07,-0.000071
6.1453567E-07,-0.000064
6.1458567E-07,-0.000056
6.1463567E-07,-0.000049
6.1468567E-07,-0.000041
6.1473567E-07,-0.000033
6.1478567E-07,-0.000026
6.1483567E-07,-0.000018
6.1488567E-07,-0.000010
6.1493567E-07,-0.000002
6.1498567E-07,0.000006
6.1503567E-07,0.000015
6.1508567E-07,0.000024
6.1513567E-07,0.000033
6.1518567E-07,0.000042
6.1523567E-07,0.000051
6.1528567E-07,0.000059
6.1533567E-07,0.000068
6.1538567E-07,0.000076
6.1543567E-07,0.000084
6.1548567E-07,0.000090
6.1553567E-07,0.000096
6.1558567E-07,0.000100
6.1563567E-07,0.000102
6.1568567E-07,0.000103
6.1573567E-07,0.000103
6.1578567E-07,0.000100
6.1583567E-07,0.000096
6.1588567E-07,0.000090
6.1593567E-07,0.000082
6.1598567E-07,0.000073
6.1603567E-07,0.000063
6.1608567E-07,0.000052
6.1613567E-07,0.000040
6.1618567E-07,0.000027
6.1623567E-07,0.000015
6.1628567E-07,0.000002
6.1633567E-07,-0.000010
6.1638567E-07,-0.000022
6.1643567E-07,-0.000032
6.1648567E-07,-0.000042
6.1653567E-07,-0.000050
6.1658567E-07,-0.000058
6.1663567E-07,-0.000064
6.1668567E-07,-0.000069
6.1673567E-07,-0.000073
6.1678567E-07,-0.000076
6.1683567E-07,-0.000079
6.1688567E-07,-0.000080
6.1693567E-07,-0.000082
6.1698567E-07,-0.000083
6.1703567E-07,-0.000084
6.1708567E-07,-0.000085
6.1713567E-07,-0.000087
6.1718567E-07,-0.000089
6.1723567E-07,-0.000091
6.1728567E-07,-0.000093
6.1733567E-07,-0.000096
6.1738567E-07,-0.000099
6.1743567E-07,-0.000102
6.1748567E-07,-0.000105
6.1753567E-07,-0.000108
6.1758567E-07,-0.000110
6.1763567E-07,-0.000112
6.1768567E-07,-0.000114
6.1773567E-07,-0.000114
6.1778567E-07,-0.000114
6.1783567E-07,-0.000113
6.1788567E-07,-0.000110
6.1793567E-07,-0.000107
6.1798567E-07,-0.000102
6.1803567E-07,-0.000096
6.1808567E-07,-0.000090
6.1813567E-07,-0.000082
6.1818567E-07,-0.000074
6.1823567E-07,-0.000066
6.1828567E-07,-0.000057
6.1833567E-07,-0.000048
6.1838567E-07,-0.000039
6.1843567E-07,-0.000031
6.1848567E-07,-0.000023
6.1853567E-07,-0.000016
6.1858567E-07,-0.000010
6.1863567E-07,-0.000005
6.1868567E-07,0.000000
6.1873567E-07,0.000003
6.1878567E-07,0.000006
6.1883567E-07,0.000008
6.1888567E-07,0.000010
6.1893567E-07,0.000011
6.1898567E-07,0.000012
6.1903567E-07,0.000013
6.1908567E-07,0.000014
6.1913567E-07,0.000015
6.1918567E-07,0.000017
6.1923567E-07,0.000019
6.1928567E-07,0.000022
6.1933567E-07,0.000026
6.1938567E-07,0.000030
6.1943567E-07,0.000034
6.1948567E-07,0.000040
6.1953567E-07,0.000045
6.1958567E-07,0.000051
6.1963567E-07,0.000056
6.1968567E-07,0.000061
6.1973567E-07,0.000066
6.1978567E-07,0.000070
6.1983567E-07,0.000073
6.1988567E-07,0.000075
6.1993567E-07,0.000076
6.1998567E-07,0.000076
6.2003567E-07,0.000075
6.2008567E-07,0.000073
6.2013567E-07,0.000070
6.2018567E-07,0.000066
6.2023567E-07,0.000062
6.2028567E-07,0.000057
6.2033567E-07,0.000052
6.2038567E-07,0.000047
6.2043567E-07,0.000042
6.2048567E-07,0.000037
6.2053567E-07,0.000033
6.2058567E-07,0.000030
6.2063567E-07,0.000027
6.2068567E-07,0.000025
6.2073567E-07,0.000024
6.2078567E-07,0.000023
6.2083567E-07,0.000023
6.2088567E-07,0.000023
6.2093567E-07,0.000023
6.2098567E-07,0.000024
6.2103567E-07,0.000024
6.2108567E-07,0.000023
6.2113567E-07,0.000022
6.2118567E-07,0.000020
6.2123567E-07,0.000017
6.2128567E-07,0.000013
6.2133567E-07,0.000009
6.2138567E-07,0.000004
6.2143567E-07,-0.000002
6.2148567E-07,-0.000008
6.2153567E-07,-0.000015
6.2158567E-07,-0.000021
6.2163567E-07,-0.000027
6.2168567E-07,-0.000033
6.2173567E-07,-0.000038
6.2178567E-07,-0.000042
6.2183567E-07,-0.000045
6.2188567E-07,-0.000047
6.2193567E-07,-0.000047
6.2198567E-07,-0.000046
6.2203567E-07,-0.000044
6.2208567E-07,-0.000041
6.2213567E-07,-0.000036
6.2218567E-07,-0.000031
6.2223567E-07,-0.000025
6.2228567E-07,-0.000018
6.2233567E-07,-0.000011
6.2238567E-07,-0.000004
6.2243567E-07,0.000004
6.2248567E-07,0.000011
6.2253567E-07,0.000018
6.2258567E-07,0.000025
6.2263567E-07,0.000032
6.2268567E-07,0.000038
6.2273567E-07,0.000044
6.2278567E-07,0.000050
6.2283567E-07,0.000055
6.2288567E-07,0.000061
6.2293567E-07,0.000066
6.2298567E-07,0.000072
6.2303567E-07,0.000077
6.2308567E-07,0.000083
6.2313567E-07,0.000089
6.2318567E-07,0.000095
6.2323567E-07,0.000100
6.2328567E-07,0.000106
6.2333567E-07,0.000111
6.2338567E-07,0.000116
6.2343567E-07,0.000120
6.2348567E-07,0.000122
6.2353567E-07,0.000124
6.2358567E-07,0.000125
6.2363567E-07,0.000124
6.2368567E-07,0.000121
6.2373567E-07,0.000117
6.2378567E-07,0.000112
6.2383567E-07,0.000105
6.2388567E-07,0.000096
6.2393567E-07,0.000086
6.2398567E-07,0.000075
6.2403567E-07,0.000063
6.2408567E-07,0.000050
6.2413567E-07,0.000037
6.2418567E-07,0.000024
6.2423567E-07,0.000010
6.2428567E-07,-0.000002
6.2433567E-07,-0.000014
6.2438567E-07,-0.000026
6.2443567E-07,-0.000036
6.2448567E-07,-0.000045
6.2453567E-07,-0.000052
6.2458567E-07,-0.000058
6.2463567E-07,-0.000063
6.2468567E-07,-0.000067
6.2473567E-07,-0.000069
6.2478567E-07,-0.000069
6.2483567E-07,-0.000069
6.2488567E-07,-0.000067
6.2493567E-07,-0.000065
6.2498567E-07,-0.000062
6.2503567E-07,-0.000058
6.2508567E-07,-0.000054
6.2513567E-07,-0.000050
6.2518567E-07,-0.000046
6.2523567E-07,-0.000042
6.2528567E-07,-0.000038
6.2533567E-07,-0.000035
6.2538567E-07,-0.000033
6.2543567E-07,-0.000031
6.2548567E-07,-0.000029
6.2553567E-07,-0.000029
6.2558567E-07,-0.000029
6.2563567E-07,-0.000030
6.2568567E-07,-0.000032
6.2573567E-07,-0.000034
6.2578567E-07,-0.000038
6.2583567E-07,-0.000042
6.2588567E-07,-0.000046
6.2593567E-07,-0.000052
6.2598567E-07,-0.000057
6.2603567E-07,-0.000064
6.2608567E-07,-0.000070
6.2613567E-07,-0.000078
6.2618567E-07,-0.000085
6.2623567E-07,-0.000093
6.2628567E-07,-0.000102
6.2633567E-07,-0.000110
6.2638567E-07,-0.000120
6.2643567E-07,-0.000129
6.2648567E-07,-0.000139
6.2653567E-07,-0.000149
6.2658567E-07,-0.000159
6.2663567E-07,-0.000170
6.2668567E-07,-0.000181
6.2673567E-07,-0.000192
6.2678567E-07,-0.000203
6.2683567E-07,-0.000213
6.2688567E-07,-0.000224
6.2693567E-07,-0.000235
6.2698567E-07,-0.000245
6.2703567E-07,-0.000254
6.2708567E-07,-0.000263
6.2713567E-07,-0.000272
6.2718567E-07,-0.000279
6.2723567E-07,-0.000286
6.2728567E-07,-0.000292
6.2733567E-07,-0.000297
6.2738567E-07,-0.000302
6.2743567E-07,-0.000305
6.2748567E-07,-0.000308
6.2753567E-07,-0.000311
6.2758567E-07,-0.000312
6.2763567E-07,-0.000314
6.2768567E-07,-0.000315
6.2773567E-07,-0.000317
6.2778567E-07,-0.000318
6.2783567E-07,-0.000319
6.2788567E-07,-0.000320
6.2793567E-07,-0.000322
6.2798567E-07,-0.000323
6.2803567E-07,-0.000325
6.2808567E-07,-0.000326
6.2813567E-07,-0.000327
6.2818567E-07,-0.000328
6.2823567E-07,-0.000329
6.2828567E-07,-0.000329
6.2833567E-07,-0.000328
6.2838567E-07,-0.000326
6.2843567E-07,-0.000323
6.2848567E-07,-0.000319
6.2853567E-07,-0.000313
6.2858567E-07,-0.000306
6.2863567E-07,-0.000297
6.2868567E-07,-0.000286
6.2873567E-07,-0.000275
6.2878567E-07,-0.000262
6.2883567E-07,-0.000247
6.2888567E-07,-0.000232
6.2893567E-07,-0.000216
6.2898567E-07,-0.000199
6.2903567E-07,-0.000181
6.2908567E-07,-0.000164
6.2913567E-07,-0.000146
6.2918567E-07,-0.000129
6.2923567E-07,-0.000112
6.2928567E-07,-0.000095
6.2933567E-07,-0.000079
6.2938567E-07,-0.000063
6.2943567E-07,-0.000048
6.2948567E-07,-0.000034
6.2953567E-07,-0.000020
6.2958567E-07,-0.000007
6.2963567E-07,0.000005
6.2968567E-07,0.000017
6.2973567E-07,0.000028
6.2978567E-07,0.000038
6.2983567E-07,0.000048
6.2988567E-07,0.000057
6.2993567E-07,0.000065
6.2998567E-07,0.000072
6.3003567E-07,0.000077
6.3008567E-07,0.000081
6.3013567E-07,0.000084
6.3018567E-07,0.000084
6.3023567E-07,0.000083
6.3028567E-07,0.000079
6.3033567E-07,0.000073
6.3038567E-07,0.000064
6.3043567E-07,0.000053
6.3048567E-07,0.000040
6.3053567E-07,0.000025
6.3058567E-07,0.000007
6.3063567E-07,-0.000012
6.3068567E-07,-0.000033
6.3073567E-07,-0.000055
6.3078567E-07,-0.000077
6.3083567E-07,-0.000099
6.3088567E-07,-0.000122
6.3093567E-07,-0.000143
6.3098567E-07,-0.000164
6.3103567E-07,-0.000182
6.3108567E-07,-0.000199
6.3113567E-07,-0.000213
6.3118567E-07,-0.000225
6.3123567E-07,-0.000235
6.3128567E-07,-0.000242
6.3133567E-07,-0.000245
6.3138567E-07,-0.000247
6.3143567E-07,-0.000246
6.3148567E-07,-0.000242
6.3153567E-07,-0.000237
6.3158567E-07,-0.000230
6.3163567E-07,-0.000221
6.3168567E-07,-0.000211
6.3173567E-07,-0.000201
6.3178567E-07,-0.000190
6.3183567E-07,-0.000178
6.3188567E-07,-0.000166
6.3193567E-07,-0.000155
6.3198567E-07,-0.000143
6.3203567E-07,-0.000132
6.3208567E-07,-0.000121
6.3213567E-07,-0.000111
6.3218567E-07,-0.000101
6.3223567E-07,-0.000091
6.3228567E-07,-0.000082
6.3233567E-07,-0.000073
6.3238567E-07,-0.000065
6.3243567E-07,-0.000057
6.3248567E-07,-0.000049
6.3253567E-07,-0.000042
6.3258567E-07,-0.000036
6.3263567E-07,-0.000030
6.3268567E-07,-0.000024
6.3273567E-07,-0.000020
6.3278567E-07,-0.000016
6.3283567E-07,-0.000013
6.3288567E-07,-0.000011
6.3293567E-07,-0.000010
6.3298567E-07,-0.000010
6.3303567E-07,-0.000010
6.3308567E-07,-0.000012
6.3313567E-07,-0.000014
6.3318567E-07,-0.000017
6.3323567E-07,-0.000021
6.3328567E-07,-0.000024
6.3333567E-07,-0.000028
6.3338567E-07,-0.000031
6.3343567E-07,-0.000035
6.3348567E-07,-0.000037
6.3353567E-07,-0.000039
6.3358567E-07,-0.000040
6.3363567E-07,-0.000039
6.3368567E-07,-0.000038
6.3373567E-07,-0.000035
6.3378567E-07,-0.000030
6.3383567E-07,-0.000024
6.3388567E-07,-0.000017
6.3393567E-07,-0.000008
6.3398567E-07,0.000002
6.3403567E-07,0.000013
6.3408567E-07,0.000024
6.3413567E-07,0.000036
6.3418567E-07,0.000049
6.3423567E-07,0.000061
6.3428567E-07,0.000073
6.3433567E-07,0.000085
6.3438567E-07,0.000096
6.3443567E-07,0.000106
6.3448567E-07,0.000115
6.3453567E-07,0.000123
6.3458567E-07,0.000130
6.3463567E-07,0.000135
6.3468567E-07,0.000139
6.3473567E-07,0.000141
6.3478567E-07,0.000142
6.3483567E-07,0.000143
6.3488567E-07,0.000142
6.3493567E-07,0.000141
6.3498567E-07,0.000139
6.3503567E-07,0.000136
6.3508567E-07,0.000134
6.3513567E-07,0.000132
6.3518567E-07,0.000130
6.3523567E-07,0.000128
6.3528567E-07,0.000127
6.3533567E-07,0.000126
6.3538567E-07,0.000126
6.3543567E-07,0.000126
6.3548567E-07,0.000127
6.3553567E-07,0.000129
6.3558567E-07,0.000131
6.3563567E-07,0.000133
6.3568567E-07,0.000136
6.3573567E-07,0.000139
6.3578567E-07,0.000141
6.3583567E-07,0.000144
6.3588567E-07,0.000146
6.3593567E-07,0.000148
6.3598567E-07,0.000149
6.3603567E-07,0.000151
6.3608567E-07,0.000152
6.3613567E-07,0.000153
6.3618567E-07,0.000154
6.3623567E-07,0.000155
6.3628567E-07,0.000156
6.3633567E-07,0.000157
6.3638567E-07,0.000159
6.3643567E-07,0.000162
6.3648567E-07,0.000165
6.3653567E-07,0.000168
6.3658567E-07,0.000173
6.3663567E-07,0.000178
6.3668567E-07,0.000184
6.3673567E-07,0.000190
6.3678567E-07,0.000197
6.3683567E-07,0.000204
6.3688567E-07,0.000211
6.3693567E-07,0.000217
6.3698567E-07,0.000223
6.3703567E-07,0.000229
6.3708567E-07,0.000233
6.3713567E-07,0.000236
6.3718567E-07,0.000237
6.3723567E-07,0.000237
6.3728567E-07,0.000236
6.3733567E-07,0.000232
6.3738567E-07,0.000228
6.3743567E-07,0.000222
6.3748567E-07,0.000215
6.3753567E-07,0.000207
6.3758567E-07,0.000198
6.3763567E-07,0.000189
6.3768567E-07,0.000180
6.3773567E-07,0.000171
6.3778567E-07,0.000163
6.3783567E-07,0.000156
6.3788567E-07,0.000150
6.3793567E-07,0.000145
6.3798567E-07,0.000142
6.3803567E-07,0.000140
6.3808567E-07,0.000139
6.3813567E-07,0.000141
6.3818567E-07,0.000143
6.3823567E-07,0.000147
6.3828567E-07,0.000151
6.3833567E-07,0.000157
6.3838567E-07,0.000163
6.3843567E-07,0.000170
6.3848567E-07,0.000177
6.3853567E-07,0.000184
6.3858567E-07,0.000191
6.3863567E-07,0.000198
6.3868567E-07,0.000204
6.3873567E-07,0.000210
6.3878567E-07,0.000216
6.3883567E-07,0.000221
6.3888567E-07,0.000226
6.3893567E-07,0.000230
6.3898567E-07,0.000234
6.3903567E-07,0.000237
6.3908567E-07,0.000240
6.3913567E-07,0.000242
6.3918567E-07,0.000244
6.3923567E-07,0.000245
6.3928567E-07,0.000245
6.3933567E-07,0.000244
6.3938567E-07,0.000243
6.3943567E-07,0.000241
6.3948567E-07,0.000237
6.3953567E-07,0.000232
6.3958567E-07,0.000227
6.3963567E-07,0.000220
6.3968567E-07,0.000211
6.3973567E-07,0.000202
6.3978567E-07,0.000192
6.3983567E-07,0.000182
6.3988567E-07,0.000171
6.3993567E-07,0.000159
6.3998567E-07,0.000148
6.4003567E-07,0.000137
6.4008567E-07,0.000127
6.4013567E-07,0.000118
6.4018567E-07,0.000110
6.4023567E-07,0.000104
6.4028567E-07,0.000099
6.4033567E-07,0.000097
6.4038567E-07,0.000096
6.4043567E-07,0.000096
6.4048567E-07,0.000099
6.4053567E-07,0.000103
6.4058567E-07,0.000109
6.4063567E-07,0.000115
6.4068567E-07,0.000123
6.4073567E-07,0.000130
6.4078567E-07,0.000138
6.4083567E-07,0.000145
6.4088567E-07,0.000152
6.4093567E-07,0.000157
6.4098567E-07,0.000161
6.4103567E-07,0.000164
6.4108567E-07,0.000164
6.4113567E-07,0.000163
6.4118567E-07,0.000160
6.4123567E-07,0.000155
6.4128567E-07,0.000148
6.4133567E-07,0.000139
6.4138567E-07,0.000129
6.4143567E-07,0.000118
6.4148567E-07,0.000105
6.4153567E-07,0.000092
6.4158567E-07,0.000079
6.4163567E-07,0.000066
6.4168567E-07,0.000052
6.4173567E-07,0.000039
6.4178567E-07,0.000027
6.4183567E-07,0.000015
6.4188567E-07,0.000004
6.4193567E-07,-0.000006
6.4198567E-07,-0.000016
6.4203567E-07,-0.000025
6.4208567E-07,-0.000032
6.4213567E-07,-0.000040
6.4218567E-07,-0.000046
6.4223567E-07,-0.000053
6.4228567E-07,-0.000059
6.4233567E-07,-0.000065
6.4238567E-07,-0.000071
6.4243567E-07,-0.000077
6.4248567E-07,-0.000082
6.4253567E-07,-0.000088
6.4258567E-07,-0.000094
6.4263567E-07,-0.000100
6.4268567E-07,-0.000105
6.4273567E-07,-0.000111
6.4278567E-07,-0.000115
6.4283567E-07,-0.000119
6.4288567E-07,-0.000122
6.4293567E-07,-0.000124
6.4298567E-07,-0.000125
6.4303567E-07,-0.000124
6.4308567E-07,-0.000121
6.4313567E-07,-0.000117
6.4318567E-07,-0.000111
6.4323567E-07,-0.000103
6.4328567E-07,-0.000094
6.4333567E-07,-0.000083
6.4338567E-07,-0.000071
6.4343567E-07,-0.000057
6.4348567E-07,-0.000043
6.4353567E-07,-0.000028
6.4358567E-07,-0.000013
6.4363567E-07,0.000002
6.4368567E-07,0.000016
6.4373567E-07,0.000029
6.4378567E-07,0.000042
6.4383567E-07,0.000052
6.4388567E-07,0.000062
6.4393567E-07,0.000069
6.4398567E-07,0.000075
6.4403567E-07,0.000078
6.4408567E-07,0.000080
6.4413567E-07,0.000080
6.4418567E-07,0.000079
6.4423567E-07,0.000076
6.4428567E-07,0.000073
6.4433567E-07,0.000068
6.4438567E-07,0.000064
6.4443567E-07,0.000059
6.4448567E-07,0.000054
6.4453567E-07,0.000050
6.4458567E-07,0.000047
6.4463567E-07,0.000044
6.4468567E-07,0.000043
6.4473567E-07,0.000042
6.4478567E-07,0.000042
6.4483567E-07,0.000043
6.4488567E-07,0.000045
6.4493567E-07,0.000047
6.4498567E-07,0.000050
6.4503567E-07,0.000052
6.4508567E-07,0.000055
6.4513567E-07,0.000057
6.4518567E-07,0.000058
6.4523567E-07,0.000059
6.4528567E-07,0.000059
6.4533567E-07,0.000057
6.4538567E-07,0.000055
6.4543567E-07,0.000052
6.4548567E-07,0.000048
6.4553567E-07,0.000044
6.4558567E-07,0.000038
6.4563567E-07,0.000032
6.4568567E-07,0.000026
6.4573567E-07,0.000020
6.4578567E-07,0.000013
6.4583567E-07,0.000007
6.4588567E-07,0.000001
6.4593567E-07,-0.000005
6.4598567E-07,-0.000011
6.4603567E-07,-0.000016
6.4608567E-07,-0.000021
6.4613567E-07,-0.000026
6.4618567E-07,-0.000031
6.4623567E-07,-0.000036
6.4628567E-07,-0.000041
6.4633567E-07,-0.000047
6.4638567E-07,-0.000053
6.4643567E-07,-0.000059
6.4648567E-07,-0.000067
6.4653567E-07,-0.000074
6.4658567E-07,-0.000082
6.4663567E-07,-0.000091
6.4668567E-07,-0.000099
6.4673567E-07,-0.000108
6.4678567E-07,-0.000116
6.4683567E-07,-0.000123
6.4688567E-07,-0.000130
6.4693567E-07,-0.000135
6.4698567E-07,-0.000139
6.4703567E-07,-0.000141
6.4708567E-07,-0.000141
6.4713567E-07,-0.000139
6.4718567E-07,-0.000135
6.4723567E-07,-0.000128
6.4728567E-07,-0.000119
6.4733567E-07,-0.000108
6.4738567E-07,-0.000095
6.4743567E-07,-0.000081
6.4748567E-07,-0.000064
6.4753567E-07,-0.000047
6.4758567E-07,-0.000029
6.4763567E-07,-0.000010
6.4768567E-07,0.000009
6.4773567E-07,0.000028
6.4778567E-07,0.000046
6.4783567E-07,0.000064
6.4788567E-07,0.000081
6.4793567E-07,0.000096
6.4798567E-07,0.000110
6.4803567E-07,0.000123
6.4808567E-07,0.000135
6.4813567E-07,0.000145
6.4818567E-07,0.000154
6.4823567E-07,0.000161
6.4828567E-07,0.000167
6.4833567E-07,0.000171
6.4838567E-07,0.000175
6.4843567E-07,0.000177
6.4848567E-07,0.000177
6.4853567E-07,0.000177
6.4858567E-07,0.000175
6.4863567E-07,0.000172
6.4868567E-07,0.000168
6.4873567E-07,0.000162
6.4878567E-07,0.000155
6.4883567E-07,0.000147
6.4888567E-07,0.000136
6.4893567E-07,0.000125
6.4898567E-07,0.000112
6.4903567E-07,0.000097
6.4908567E-07,0.000081
6.4913567E-07,0.000064
6.4918567E-07,0.000045
6.4923567E-07,0.000026
6.4928567E-07,0.000006
6.4933567E-07,-0.000014
6.4938567E-07,-0.000035
6.4943567E-07,-0.000055
6.4948567E-07,-0.000075
6.4953567E-07,-0.000094
6.4958567E-07,-0.000112
6.4963567E-07,-0.000128
6.4968567E-07,-0.000143
6.4973567E-07,-0.000155
6.4978567E-07,-0.000166
6.4983567E-07,-0.000174
6.4988567E-07,-0.000180
6.4993567E-07,-0.000184
6.4998567E-07,-0.000185
6.5003567E-07,-0.000184
6.5008567E-07,-0.000182
6.5013567E-07,-0.000177
6.5018567E-07,-0.000171
6.5023567E-07,-0.000164
6.5028567E-07,-0.000156
6.5033567E-07,-0.000147
6.5038567E-07,-0.000138
6.5043567E-07,-0.000129
6.5048567E-07,-0.000120
6.5053567E-07,-0.000111
6.5058567E-07,-0.000104
6.5063567E-07,-0.000097
6.5068567E-07,-0.000091
6.5073567E-07,-0.000086
6.5078567E-07,-0.000082
6.5083567E-07,-0.000079
6.5088567E-07,-0.000077
6.5093567E-07,-0.000076
6.5098567E-07,-0.000075
6.5103567E-07,-0.000075
6.5108567E-07,-0.000076
6.5113567E-07,-0.000076
6.5118567E-07,-0.000077
6.5123567E-07,-0.000077
6.5128567E-07,-0.000077
6.5133567E-07,-0.000077
6.5138567E-07,-0.000077
6.5143567E-07,-0.000076
6.5148567E-07,-0.000075
6.5153567E-07,-0.000074
6.5158567E-07,-0.000073
6.5163567E-07,-0.000072
6.5168567E-07,-0.000071
6.5173567E-07,-0.000070
6.5178567E-07,-0.000070
6.5183567E-07,-0.000070
6.5188567E-07,-0.000071
6.5193567E-07,-0.000073
6.5198567E-07,-0.000076
6.5203567E-07,-0.000079
6.5208567E-07,-0.000084
6.5213567E-07,-0.000088
6.5218567E-07,-0.000094
6.5223567E-07,-0.000099
6.5228567E-07,-0.000105
6.5233567E-07,-0.000111
6.5238567E-07,-0.000116
6.5243567E-07,-0.000121
6.5248567E-07,-0.000125
6.5253567E-07,-0.000128
6.5258567E-07,-0.000130
6.5263567E-07,-0.000131
6.5268567E-07,-0.000131
6.5273567E-07,-0.000130
6.5278567E-07,-0.000127
6.5283567E-07,-0.000124
6.5288567E-07,-0.000120
6.5293567E-07,-0.000115
6.5298567E-07,-0.000109
6.5303567E-07,-0.000103
6.5308567E-07,-0.000097
6.5313567E-07,-0.000091
6.5318567E-07,-0.000085
6.5323567E-07,-0.000078
6.5328567E-07,-0.000072
6.5333567E-07,-0.000065
6.5338567E-07,-0.000058
6.5343567E-07,-0.000050
6.5348567E-07,-0.000041
6.5353567E-07,-0.000031
6.5358567E-07,-0.000018
6.5363567E-07,-0.000003
6.5368567E-07,0.000015
6.5373567E-07,0.000037
6.5378567E-07,0.000062
6.5383567E-07,0.000092
6.5388567E-07,0.000126
6.5393567E-07,0.000165
6.5398567E-07,0.000209
6.5403567E-07,0.000258
6.5408567E-07,0.000312
6.5413567E-07,0.000371
6.5418567E-07,0.000434
6.5423567E-07,0.000500
6.5428567E-07,0.000570
6.5433567E-07,0.000642
6.5438567E-07,0.000715
