LECROYWaveRunner‘N,20113,Waveform
Segments,1,SegmentSize,4002
Segment,TrigTime,TimeSinceSegment1
#1,12-Dec-2018 11:25:29,0                 
Time,Ampl
4.5690047E-07,-0.000151
4.5695047E-07,-0.000141
4.5700047E-07,-0.000130
4.5705047E-07,-0.000120
4.5710047E-07,-0.000109
4.5715047E-07,-0.000099
4.5720047E-07,-0.000089
4.5725047E-07,-0.000080
4.5730047E-07,-0.000070
4.5735047E-07,-0.000062
4.5740047E-07,-0.000053
4.5745047E-07,-0.000045
4.5750047E-07,-0.000037
4.5755047E-07,-0.000030
4.5760047E-07,-0.000022
4.5765047E-07,-0.000015
4.5770047E-07,-0.000007
4.5775047E-07,0.000000
4.5780047E-07,0.000008
4.5785047E-07,0.000017
4.5790047E-07,0.000025
4.5795047E-07,0.000035
4.5800047E-07,0.000044
4.5805047E-07,0.000054
4.5810047E-07,0.000064
4.5815047E-07,0.000074
4.5820047E-07,0.000084
4.5825047E-07,0.000093
4.5830047E-07,0.000102
4.5835047E-07,0.000111
4.5840047E-07,0.000119
4.5845047E-07,0.000126
4.5850047E-07,0.000132
4.5855047E-07,0.000137
4.5860047E-07,0.000141
4.5865047E-07,0.000144
4.5870047E-07,0.000145
4.5875047E-07,0.000146
4.5880047E-07,0.000146
4.5885047E-07,0.000145
4.5890047E-07,0.000144
4.5895047E-07,0.000142
4.5900047E-07,0.000141
4.5905047E-07,0.000139
4.5910047E-07,0.000137
4.5915047E-07,0.000135
4.5920047E-07,0.000133
4.5925047E-07,0.000131
4.5930047E-07,0.000130
4.5935047E-07,0.000128
4.5940047E-07,0.000127
4.5945047E-07,0.000125
4.5950047E-07,0.000123
4.5955047E-07,0.000120
4.5960047E-07,0.000117
4.5965047E-07,0.000112
4.5970047E-07,0.000107
4.5975047E-07,0.000101
4.5980047E-07,0.000095
4.5985047E-07,0.000087
4.5990047E-07,0.000079
4.5995047E-07,0.000070
4.6000047E-07,0.000060
4.6005047E-07,0.000051
4.6010047E-07,0.000041
4.6015047E-07,0.000032
4.6020047E-07,0.000023
4.6025047E-07,0.000015
4.6030047E-07,0.000007
4.6035047E-07,0.000001
4.6040047E-07,-0.000004
4.6045047E-07,-0.000008
4.6050047E-07,-0.000011
4.6055047E-07,-0.000013
4.6060047E-07,-0.000014
4.6065047E-07,-0.000014
4.6070047E-07,-0.000013
4.6075047E-07,-0.000012
4.6080047E-07,-0.000010
4.6085047E-07,-0.000007
4.6090047E-07,-0.000005
4.6095047E-07,-0.000002
4.6100047E-07,0.000001
4.6105047E-07,0.000005
4.6110047E-07,0.000009
4.6115047E-07,0.000013
4.6120047E-07,0.000017
4.6125047E-07,0.000023
4.6130047E-07,0.000029
4.6135047E-07,0.000035
4.6140047E-07,0.000043
4.6145047E-07,0.000052
4.6150047E-07,0.000062
4.6155047E-07,0.000073
4.6160047E-07,0.000085
4.6165047E-07,0.000098
4.6170047E-07,0.000111
4.6175047E-07,0.000124
4.6180047E-07,0.000138
4.6185047E-07,0.000151
4.6190047E-07,0.000164
4.6195047E-07,0.000176
4.6200047E-07,0.000186
4.6205047E-07,0.000194
4.6210047E-07,0.000201
4.6215047E-07,0.000206
4.6220047E-07,0.000208
4.6225047E-07,0.000207
4.6230047E-07,0.000205
4.6235047E-07,0.000200
4.6240047E-07,0.000192
4.6245047E-07,0.000183
4.6250047E-07,0.000172
4.6255047E-07,0.000159
4.6260047E-07,0.000145
4.6265047E-07,0.000130
4.6270047E-07,0.000114
4.6275047E-07,0.000098
4.6280047E-07,0.000082
4.6285047E-07,0.000066
4.6290047E-07,0.000050
4.6295047E-07,0.000034
4.6300047E-07,0.000019
4.6305047E-07,0.000005
4.6310047E-07,-0.000010
4.6315047E-07,-0.000023
4.6320047E-07,-0.000037
4.6325047E-07,-0.000050
4.6330047E-07,-0.000062
4.6335047E-07,-0.000074
4.6340047E-07,-0.000086
4.6345047E-07,-0.000098
4.6350047E-07,-0.000109
4.6355047E-07,-0.000120
4.6360047E-07,-0.000131
4.6365047E-07,-0.000141
4.6370047E-07,-0.000150
4.6375047E-07,-0.000159
4.6380047E-07,-0.000166
4.6385047E-07,-0.000173
4.6390047E-07,-0.000178
4.6395047E-07,-0.000182
4.6400047E-07,-0.000184
4.6405047E-07,-0.000186
4.6410047E-07,-0.000185
4.6415047E-07,-0.000184
4.6420047E-07,-0.000181
4.6425047E-07,-0.000176
4.6430047E-07,-0.000171
4.6435047E-07,-0.000164
4.6440047E-07,-0.000156
4.6445047E-07,-0.000148
4.6450047E-07,-0.000139
4.6455047E-07,-0.000130
4.6460047E-07,-0.000121
4.6465047E-07,-0.000112
4.6470047E-07,-0.000103
4.6475047E-07,-0.000094
4.6480047E-07,-0.000086
4.6485047E-07,-0.000079
4.6490047E-07,-0.000072
4.6495047E-07,-0.000066
4.6500047E-07,-0.000061
4.6505047E-07,-0.000057
4.6510047E-07,-0.000054
4.6515047E-07,-0.000052
4.6520047E-07,-0.000050
4.6525047E-07,-0.000050
4.6530047E-07,-0.000050
4.6535047E-07,-0.000052
4.6540047E-07,-0.000054
4.6545047E-07,-0.000056
4.6550047E-07,-0.000059
4.6555047E-07,-0.000062
4.6560047E-07,-0.000066
4.6565047E-07,-0.000069
4.6570047E-07,-0.000073
4.6575047E-07,-0.000077
4.6580047E-07,-0.000081
4.6585047E-07,-0.000085
4.6590047E-07,-0.000089
4.6595047E-07,-0.000092
4.6600047E-07,-0.000095
4.6605047E-07,-0.000099
4.6610047E-07,-0.000102
4.6615047E-07,-0.000105
4.6620047E-07,-0.000107
4.6625047E-07,-0.000110
4.6630047E-07,-0.000113
4.6635047E-07,-0.000116
4.6640047E-07,-0.000118
4.6645047E-07,-0.000121
4.6650047E-07,-0.000124
4.6655047E-07,-0.000127
4.6660047E-07,-0.000129
4.6665047E-07,-0.000132
4.6670047E-07,-0.000135
4.6675047E-07,-0.000138
4.6680047E-07,-0.000141
4.6685047E-07,-0.000143
4.6690047E-07,-0.000146
4.6695047E-07,-0.000149
4.6700047E-07,-0.000152
4.6705047E-07,-0.000156
4.6710047E-07,-0.000160
4.6715047E-07,-0.000164
4.6720047E-07,-0.000169
4.6725047E-07,-0.000176
4.6730047E-07,-0.000183
4.6735047E-07,-0.000191
4.6740047E-07,-0.000200
4.6745047E-07,-0.000211
4.6750047E-07,-0.000223
4.6755047E-07,-0.000237
4.6760047E-07,-0.000252
4.6765047E-07,-0.000267
4.6770047E-07,-0.000284
4.6775047E-07,-0.000301
4.6780047E-07,-0.000318
4.6785047E-07,-0.000335
4.6790047E-07,-0.000352
4.6795047E-07,-0.000367
4.6800047E-07,-0.000380
4.6805047E-07,-0.000392
4.6810047E-07,-0.000401
4.6815047E-07,-0.000406
4.6820047E-07,-0.000409
4.6825047E-07,-0.000408
4.6830047E-07,-0.000403
4.6835047E-07,-0.000395
4.6840047E-07,-0.000383
4.6845047E-07,-0.000368
4.6850047E-07,-0.000349
4.6855047E-07,-0.000327
4.6860047E-07,-0.000303
4.6865047E-07,-0.000277
4.6870047E-07,-0.000250
4.6875047E-07,-0.000222
4.6880047E-07,-0.000194
4.6885047E-07,-0.000166
4.6890047E-07,-0.000138
4.6895047E-07,-0.000112
4.6900047E-07,-0.000087
4.6905047E-07,-0.000064
4.6910047E-07,-0.000042
4.6915047E-07,-0.000023
4.6920047E-07,-0.000005
4.6925047E-07,0.000011
4.6930047E-07,0.000025
4.6935047E-07,0.000038
4.6940047E-07,0.000049
4.6945047E-07,0.000060
4.6950047E-07,0.000070
4.6955047E-07,0.000079
4.6960047E-07,0.000089
4.6965047E-07,0.000098
4.6970047E-07,0.000107
4.6975047E-07,0.000116
4.6980047E-07,0.000126
4.6985047E-07,0.000135
4.6990047E-07,0.000145
4.6995047E-07,0.000155
4.7000047E-07,0.000165
4.7005047E-07,0.000175
4.7010047E-07,0.000184
4.7015047E-07,0.000193
4.7020047E-07,0.000202
4.7025047E-07,0.000211
4.7030047E-07,0.000219
4.7035047E-07,0.000227
4.7040047E-07,0.000235
4.7045047E-07,0.000242
4.7050047E-07,0.000250
4.7055047E-07,0.000258
4.7060047E-07,0.000265
4.7065047E-07,0.000273
4.7070047E-07,0.000282
4.7075047E-07,0.000291
4.7080047E-07,0.000300
4.7085047E-07,0.000309
4.7090047E-07,0.000319
4.7095047E-07,0.000329
4.7100047E-07,0.000338
4.7105047E-07,0.000348
4.7110047E-07,0.000357
4.7115047E-07,0.000365
4.7120047E-07,0.000372
4.7125047E-07,0.000378
4.7130047E-07,0.000383
4.7135047E-07,0.000387
4.7140047E-07,0.000388
4.7145047E-07,0.000389
4.7150047E-07,0.000387
4.7155047E-07,0.000384
4.7160047E-07,0.000380
4.7165047E-07,0.000374
4.7170047E-07,0.000367
4.7175047E-07,0.000360
4.7180047E-07,0.000352
4.7185047E-07,0.000343
4.7190047E-07,0.000335
4.7195047E-07,0.000326
4.7200047E-07,0.000318
4.7205047E-07,0.000311
4.7210047E-07,0.000303
4.7215047E-07,0.000297
4.7220047E-07,0.000291
4.7225047E-07,0.000286
4.7230047E-07,0.000281
4.7235047E-07,0.000276
4.7240047E-07,0.000271
4.7245047E-07,0.000267
4.7250047E-07,0.000262
4.7255047E-07,0.000257
4.7260047E-07,0.000251
4.7265047E-07,0.000244
4.7270047E-07,0.000236
4.7275047E-07,0.000228
4.7280047E-07,0.000218
4.7285047E-07,0.000207
4.7290047E-07,0.000195
4.7295047E-07,0.000182
4.7300047E-07,0.000168
4.7305047E-07,0.000153
4.7310047E-07,0.000138
4.7315047E-07,0.000123
4.7320047E-07,0.000107
4.7325047E-07,0.000092
4.7330047E-07,0.000076
4.7335047E-07,0.000062
4.7340047E-07,0.000048
4.7345047E-07,0.000034
4.7350047E-07,0.000022
4.7355047E-07,0.000011
4.7360047E-07,0.000001
4.7365047E-07,-0.000007
4.7370047E-07,-0.000015
4.7375047E-07,-0.000022
4.7380047E-07,-0.000027
4.7385047E-07,-0.000032
4.7390047E-07,-0.000037
4.7395047E-07,-0.000041
4.7400047E-07,-0.000044
4.7405047E-07,-0.000048
4.7410047E-07,-0.000052
4.7415047E-07,-0.000056
4.7420047E-07,-0.000061
4.7425047E-07,-0.000066
4.7430047E-07,-0.000072
4.7435047E-07,-0.000078
4.7440047E-07,-0.000085
4.7445047E-07,-0.000093
4.7450047E-07,-0.000101
4.7455047E-07,-0.000110
4.7460047E-07,-0.000118
4.7465047E-07,-0.000126
4.7470047E-07,-0.000134
4.7475047E-07,-0.000141
4.7480047E-07,-0.000147
4.7485047E-07,-0.000152
4.7490047E-07,-0.000154
4.7495047E-07,-0.000156
4.7500047E-07,-0.000155
4.7505047E-07,-0.000152
4.7510047E-07,-0.000147
4.7515047E-07,-0.000140
4.7520047E-07,-0.000131
4.7525047E-07,-0.000120
4.7530047E-07,-0.000108
4.7535047E-07,-0.000094
4.7540047E-07,-0.000080
4.7545047E-07,-0.000064
4.7550047E-07,-0.000049
4.7555047E-07,-0.000034
4.7560047E-07,-0.000018
4.7565047E-07,-0.000004
4.7570047E-07,0.000010
4.7575047E-07,0.000023
4.7580047E-07,0.000034
4.7585047E-07,0.000045
4.7590047E-07,0.000055
4.7595047E-07,0.000063
4.7600047E-07,0.000071
4.7605047E-07,0.000078
4.7610047E-07,0.000085
4.7615047E-07,0.000092
4.7620047E-07,0.000099
4.7625047E-07,0.000105
4.7630047E-07,0.000112
4.7635047E-07,0.000120
4.7640047E-07,0.000128
4.7645047E-07,0.000136
4.7650047E-07,0.000144
4.7655047E-07,0.000153
4.7660047E-07,0.000161
4.7665047E-07,0.000169
4.7670047E-07,0.000176
4.7675047E-07,0.000183
4.7680047E-07,0.000189
4.7685047E-07,0.000193
4.7690047E-07,0.000196
4.7695047E-07,0.000198
4.7700047E-07,0.000198
4.7705047E-07,0.000197
4.7710047E-07,0.000194
4.7715047E-07,0.000191
4.7720047E-07,0.000186
4.7725047E-07,0.000181
4.7730047E-07,0.000175
4.7735047E-07,0.000169
4.7740047E-07,0.000164
4.7745047E-07,0.000159
4.7750047E-07,0.000156
4.7755047E-07,0.000153
4.7760047E-07,0.000151
4.7765047E-07,0.000151
4.7770047E-07,0.000152
4.7775047E-07,0.000154
4.7780047E-07,0.000157
4.7785047E-07,0.000160
4.7790047E-07,0.000164
4.7795047E-07,0.000168
4.7800047E-07,0.000172
4.7805047E-07,0.000175
4.7810047E-07,0.000177
4.7815047E-07,0.000178
4.7820047E-07,0.000179
4.7825047E-07,0.000178
4.7830047E-07,0.000175
4.7835047E-07,0.000172
4.7840047E-07,0.000168
4.7845047E-07,0.000163
4.7850047E-07,0.000158
4.7855047E-07,0.000153
4.7860047E-07,0.000149
4.7865047E-07,0.000146
4.7870047E-07,0.000144
4.7875047E-07,0.000143
4.7880047E-07,0.000145
4.7885047E-07,0.000149
4.7890047E-07,0.000155
4.7895047E-07,0.000163
4.7900047E-07,0.000173
4.7905047E-07,0.000186
4.7910047E-07,0.000200
4.7915047E-07,0.000215
4.7920047E-07,0.000232
4.7925047E-07,0.000248
4.7930047E-07,0.000265
4.7935047E-07,0.000281
4.7940047E-07,0.000296
4.7945047E-07,0.000310
4.7950047E-07,0.000322
4.7955047E-07,0.000332
4.7960047E-07,0.000339
4.7965047E-07,0.000344
4.7970047E-07,0.000346
4.7975047E-07,0.000346
4.7980047E-07,0.000344
4.7985047E-07,0.000339
4.7990047E-07,0.000333
4.7995047E-07,0.000325
4.8000047E-07,0.000316
4.8005047E-07,0.000306
4.8010047E-07,0.000295
4.8015047E-07,0.000284
4.8020047E-07,0.000273
4.8025047E-07,0.000262
4.8030047E-07,0.000252
4.8035047E-07,0.000241
4.8040047E-07,0.000232
4.8045047E-07,0.000223
4.8050047E-07,0.000214
4.8055047E-07,0.000205
4.8060047E-07,0.000198
4.8065047E-07,0.000190
4.8070047E-07,0.000182
4.8075047E-07,0.000175
4.8080047E-07,0.000167
4.8085047E-07,0.000160
4.8090047E-07,0.000153
4.8095047E-07,0.000145
4.8100047E-07,0.000138
4.8105047E-07,0.000131
4.8110047E-07,0.000124
4.8115047E-07,0.000117
4.8120047E-07,0.000111
4.8125047E-07,0.000106
4.8130047E-07,0.000101
4.8135047E-07,0.000098
4.8140047E-07,0.000095
4.8145047E-07,0.000094
4.8150047E-07,0.000093
4.8155047E-07,0.000094
4.8160047E-07,0.000096
4.8165047E-07,0.000099
4.8170047E-07,0.000103
4.8175047E-07,0.000108
4.8180047E-07,0.000114
4.8185047E-07,0.000120
4.8190047E-07,0.000126
4.8195047E-07,0.000132
4.8200047E-07,0.000137
4.8205047E-07,0.000142
4.8210047E-07,0.000146
4.8215047E-07,0.000149
4.8220047E-07,0.000150
4.8225047E-07,0.000150
4.8230047E-07,0.000148
4.8235047E-07,0.000144
4.8240047E-07,0.000138
4.8245047E-07,0.000131
4.8250047E-07,0.000121
4.8255047E-07,0.000110
4.8260047E-07,0.000097
4.8265047E-07,0.000083
4.8270047E-07,0.000067
4.8275047E-07,0.000051
4.8280047E-07,0.000034
4.8285047E-07,0.000017
4.8290047E-07,0.000000
4.8295047E-07,-0.000016
4.8300047E-07,-0.000032
4.8305047E-07,-0.000048
4.8310047E-07,-0.000062
4.8315047E-07,-0.000076
4.8320047E-07,-0.000088
4.8325047E-07,-0.000099
4.8330047E-07,-0.000109
4.8335047E-07,-0.000119
4.8340047E-07,-0.000127
4.8345047E-07,-0.000134
4.8350047E-07,-0.000141
4.8355047E-07,-0.000147
4.8360047E-07,-0.000153
4.8365047E-07,-0.000159
4.8370047E-07,-0.000163
4.8375047E-07,-0.000168
4.8380047E-07,-0.000172
4.8385047E-07,-0.000175
4.8390047E-07,-0.000177
4.8395047E-07,-0.000178
4.8400047E-07,-0.000178
4.8405047E-07,-0.000177
4.8410047E-07,-0.000173
4.8415047E-07,-0.000168
4.8420047E-07,-0.000161
4.8425047E-07,-0.000152
4.8430047E-07,-0.000141
4.8435047E-07,-0.000128
4.8440047E-07,-0.000114
4.8445047E-07,-0.000098
4.8450047E-07,-0.000081
4.8455047E-07,-0.000063
4.8460047E-07,-0.000045
4.8465047E-07,-0.000028
4.8470047E-07,-0.000011
4.8475047E-07,0.000005
4.8480047E-07,0.000018
4.8485047E-07,0.000029
4.8490047E-07,0.000038
4.8495047E-07,0.000044
4.8500047E-07,0.000046
4.8505047E-07,0.000046
4.8510047E-07,0.000043
4.8515047E-07,0.000036
4.8520047E-07,0.000028
4.8525047E-07,0.000017
4.8530047E-07,0.000004
4.8535047E-07,-0.000010
4.8540047E-07,-0.000025
4.8545047E-07,-0.000040
4.8550047E-07,-0.000056
4.8555047E-07,-0.000070
4.8560047E-07,-0.000084
4.8565047E-07,-0.000097
4.8570047E-07,-0.000109
4.8575047E-07,-0.000119
4.8580047E-07,-0.000128
4.8585047E-07,-0.000136
4.8590047E-07,-0.000143
4.8595047E-07,-0.000150
4.8600047E-07,-0.000156
4.8605047E-07,-0.000162
4.8610047E-07,-0.000168
4.8615047E-07,-0.000174
4.8620047E-07,-0.000181
4.8625047E-07,-0.000190
4.8630047E-07,-0.000199
4.8635047E-07,-0.000209
4.8640047E-07,-0.000219
4.8645047E-07,-0.000231
4.8650047E-07,-0.000243
4.8655047E-07,-0.000255
4.8660047E-07,-0.000268
4.8665047E-07,-0.000279
4.8670047E-07,-0.000290
4.8675047E-07,-0.000300
4.8680047E-07,-0.000308
4.8685047E-07,-0.000314
4.8690047E-07,-0.000319
4.8695047E-07,-0.000322
4.8700047E-07,-0.000323
4.8705047E-07,-0.000322
4.8710047E-07,-0.000319
4.8715047E-07,-0.000315
4.8720047E-07,-0.000310
4.8725047E-07,-0.000304
4.8730047E-07,-0.000298
4.8735047E-07,-0.000292
4.8740047E-07,-0.000287
4.8745047E-07,-0.000282
4.8750047E-07,-0.000278
4.8755047E-07,-0.000276
4.8760047E-07,-0.000275
4.8765047E-07,-0.000276
4.8770047E-07,-0.000278
4.8775047E-07,-0.000282
4.8780047E-07,-0.000287
4.8785047E-07,-0.000292
4.8790047E-07,-0.000298
4.8795047E-07,-0.000305
4.8800047E-07,-0.000311
4.8805047E-07,-0.000316
4.8810047E-07,-0.000321
4.8815047E-07,-0.000324
4.8820047E-07,-0.000325
4.8825047E-07,-0.000325
4.8830047E-07,-0.000323
4.8835047E-07,-0.000319
4.8840047E-07,-0.000314
4.8845047E-07,-0.000306
4.8850047E-07,-0.000296
4.8855047E-07,-0.000285
4.8860047E-07,-0.000273
4.8865047E-07,-0.000259
4.8870047E-07,-0.000245
4.8875047E-07,-0.000230
4.8880047E-07,-0.000215
4.8885047E-07,-0.000200
4.8890047E-07,-0.000185
4.8895047E-07,-0.000170
4.8900047E-07,-0.000156
4.8905047E-07,-0.000142
4.8910047E-07,-0.000128
4.8915047E-07,-0.000115
4.8920047E-07,-0.000103
4.8925047E-07,-0.000090
4.8930047E-07,-0.000078
4.8935047E-07,-0.000066
4.8940047E-07,-0.000054
4.8945047E-07,-0.000042
4.8950047E-07,-0.000030
4.8955047E-07,-0.000018
4.8960047E-07,-0.000005
4.8965047E-07,0.000007
4.8970047E-07,0.000019
4.8975047E-07,0.000031
4.8980047E-07,0.000043
4.8985047E-07,0.000055
4.8990047E-07,0.000066
4.8995047E-07,0.000076
4.9000047E-07,0.000086
4.9005047E-07,0.000095
4.9010047E-07,0.000103
4.9015047E-07,0.000109
4.9020047E-07,0.000115
4.9025047E-07,0.000119
4.9030047E-07,0.000122
4.9035047E-07,0.000123
4.9040047E-07,0.000124
4.9045047E-07,0.000123
4.9050047E-07,0.000121
4.9055047E-07,0.000118
4.9060047E-07,0.000114
4.9065047E-07,0.000110
4.9070047E-07,0.000106
4.9075047E-07,0.000101
4.9080047E-07,0.000096
4.9085047E-07,0.000091
4.9090047E-07,0.000087
4.9095047E-07,0.000082
4.9100047E-07,0.000078
4.9105047E-07,0.000075
4.9110047E-07,0.000071
4.9115047E-07,0.000068
4.9120047E-07,0.000065
4.9125047E-07,0.000062
4.9130047E-07,0.000059
4.9135047E-07,0.000055
4.9140047E-07,0.000051
4.9145047E-07,0.000045
4.9150047E-07,0.000038
4.9155047E-07,0.000029
4.9160047E-07,0.000018
4.9165047E-07,0.000005
4.9170047E-07,-0.000011
4.9175047E-07,-0.000029
4.9180047E-07,-0.000049
4.9185047E-07,-0.000073
4.9190047E-07,-0.000099
4.9195047E-07,-0.000128
4.9200047E-07,-0.000159
4.9205047E-07,-0.000192
4.9210047E-07,-0.000228
4.9215047E-07,-0.000266
4.9220047E-07,-0.000306
4.9225047E-07,-0.000347
4.9230047E-07,-0.000391
4.9235047E-07,-0.000436
4.9240047E-07,-0.000482
4.9245047E-07,-0.000531
4.9250047E-07,-0.000582
4.9255047E-07,-0.000635
4.9260047E-07,-0.000690
4.9265047E-07,-0.000749
4.9270047E-07,-0.000811
4.9275047E-07,-0.000877
4.9280047E-07,-0.000947
4.9285047E-07,-0.001022
4.9290047E-07,-0.001101
4.9295047E-07,-0.001187
4.9300047E-07,-0.001278
4.9305047E-07,-0.001374
4.9310047E-07,-0.001477
4.9315047E-07,-0.001586
4.9320047E-07,-0.001702
4.9325047E-07,-0.001823
4.9330047E-07,-0.001950
4.9335047E-07,-0.002082
4.9340047E-07,-0.002220
4.9345047E-07,-0.002364
4.9350047E-07,-0.002512
4.9355047E-07,-0.002664
4.9360047E-07,-0.002821
4.9365047E-07,-0.002983
4.9370047E-07,-0.003149
4.9375047E-07,-0.003319
4.9380047E-07,-0.003493
4.9385047E-07,-0.003672
4.9390047E-07,-0.003855
4.9395047E-07,-0.004044
4.9400047E-07,-0.004237
4.9405047E-07,-0.004436
4.9410047E-07,-0.004641
4.9415047E-07,-0.004851
4.9420047E-07,-0.005066
4.9425047E-07,-0.005288
4.9430047E-07,-0.005515
4.9435047E-07,-0.005748
4.9440047E-07,-0.005987
4.9445047E-07,-0.006230
4.9450047E-07,-0.006478
4.9455047E-07,-0.006729
4.9460047E-07,-0.006985
4.9465047E-07,-0.007243
4.9470047E-07,-0.007503
4.9475047E-07,-0.007765
4.9480047E-07,-0.008028
4.9485047E-07,-0.008291
4.9490047E-07,-0.008554
4.9495047E-07,-0.008817
4.9500047E-07,-0.009079
4.9505047E-07,-0.009339
4.9510047E-07,-0.009598
4.9515047E-07,-0.009856
4.9520047E-07,-0.010111
4.9525047E-07,-0.010365
4.9530047E-07,-0.010616
4.9535047E-07,-0.010866
4.9540047E-07,-0.011113
4.9545047E-07,-0.011357
4.9550047E-07,-0.011599
4.9555047E-07,-0.011838
4.9560047E-07,-0.012073
4.9565047E-07,-0.012305
4.9570047E-07,-0.012533
4.9575047E-07,-0.012755
4.9580047E-07,-0.012973
4.9585047E-07,-0.013185
4.9590047E-07,-0.013390
4.9595047E-07,-0.013588
4.9600047E-07,-0.013779
4.9605047E-07,-0.013962
4.9610047E-07,-0.014136
4.9615047E-07,-0.014301
4.9620047E-07,-0.014458
4.9625047E-07,-0.014605
4.9630047E-07,-0.014744
4.9635047E-07,-0.014873
4.9640047E-07,-0.014993
4.9645047E-07,-0.015105
4.9650047E-07,-0.015208
4.9655047E-07,-0.015303
4.9660047E-07,-0.015391
4.9665047E-07,-0.015472
4.9670047E-07,-0.015545
4.9675047E-07,-0.015612
4.9680047E-07,-0.015673
4.9685047E-07,-0.015728
4.9690047E-07,-0.015777
4.9695047E-07,-0.015821
4.9700047E-07,-0.015860
4.9705047E-07,-0.015893
4.9710047E-07,-0.015922
4.9715047E-07,-0.015945
4.9720047E-07,-0.015962
4.9725047E-07,-0.015975
4.9730047E-07,-0.015982
4.9735047E-07,-0.015985
4.9740047E-07,-0.015982
4.9745047E-07,-0.015974
4.9750047E-07,-0.015961
4.9755047E-07,-0.015943
4.9760047E-07,-0.015921
4.9765047E-07,-0.015895
4.9770047E-07,-0.015864
4.9775047E-07,-0.015830
4.9780047E-07,-0.015794
4.9785047E-07,-0.015754
4.9790047E-07,-0.015712
4.9795047E-07,-0.015668
4.9800047E-07,-0.015623
4.9805047E-07,-0.015577
4.9810047E-07,-0.015530
4.9815047E-07,-0.015483
4.9820047E-07,-0.015435
4.9825047E-07,-0.015388
4.9830047E-07,-0.015340
4.9835047E-07,-0.015293
4.9840047E-07,-0.015247
4.9845047E-07,-0.015200
4.9850047E-07,-0.015154
4.9855047E-07,-0.015108
4.9860047E-07,-0.015062
4.9865047E-07,-0.015016
4.9870047E-07,-0.014969
4.9875047E-07,-0.014922
4.9880047E-07,-0.014874
4.9885047E-07,-0.014826
4.9890047E-07,-0.014776
4.9895047E-07,-0.014725
4.9900047E-07,-0.014674
4.9905047E-07,-0.014621
4.9910047E-07,-0.014567
4.9915047E-07,-0.014511
4.9920047E-07,-0.014455
4.9925047E-07,-0.014397
4.9930047E-07,-0.014339
4.9935047E-07,-0.014279
4.9940047E-07,-0.014218
4.9945047E-07,-0.014156
4.9950047E-07,-0.014094
4.9955047E-07,-0.014030
4.9960047E-07,-0.013966
4.9965047E-07,-0.013901
4.9970047E-07,-0.013835
4.9975047E-07,-0.013768
4.9980047E-07,-0.013700
4.9985047E-07,-0.013630
4.9990047E-07,-0.013560
4.9995047E-07,-0.013488
5.0000047E-07,-0.013414
5.0005047E-07,-0.013339
5.0010047E-07,-0.013263
5.0015047E-07,-0.013185
5.0020047E-07,-0.013105
5.0025047E-07,-0.013024
5.0030047E-07,-0.012942
5.0035047E-07,-0.012859
5.0040047E-07,-0.012774
5.0045047E-07,-0.012689
5.0050047E-07,-0.012603
5.0055047E-07,-0.012518
5.0060047E-07,-0.012432
5.0065047E-07,-0.012347
5.0070047E-07,-0.012263
5.0075047E-07,-0.012179
5.0080047E-07,-0.012097
5.0085047E-07,-0.012015
5.0090047E-07,-0.011935
5.0095047E-07,-0.011856
5.0100047E-07,-0.011778
5.0105047E-07,-0.011700
5.0110047E-07,-0.011623
5.0115047E-07,-0.011546
5.0120047E-07,-0.011469
5.0125047E-07,-0.011391
5.0130047E-07,-0.011312
5.0135047E-07,-0.011232
5.0140047E-07,-0.011150
5.0145047E-07,-0.011065
5.0150047E-07,-0.010978
5.0155047E-07,-0.010889
5.0160047E-07,-0.010797
5.0165047E-07,-0.010702
5.0170047E-07,-0.010605
5.0175047E-07,-0.010506
5.0180047E-07,-0.010405
5.0185047E-07,-0.010303
5.0190047E-07,-0.010200
5.0195047E-07,-0.010097
5.0200047E-07,-0.009993
5.0205047E-07,-0.009890
5.0210047E-07,-0.009789
5.0215047E-07,-0.009688
5.0220047E-07,-0.009589
5.0225047E-07,-0.009492
5.0230047E-07,-0.009396
5.0235047E-07,-0.009302
5.0240047E-07,-0.009210
5.0245047E-07,-0.009118
5.0250047E-07,-0.009027
5.0255047E-07,-0.008936
5.0260047E-07,-0.008845
5.0265047E-07,-0.008753
5.0270047E-07,-0.008660
5.0275047E-07,-0.008564
5.0280047E-07,-0.008467
5.0285047E-07,-0.008367
5.0290047E-07,-0.008265
5.0295047E-07,-0.008160
5.0300047E-07,-0.008053
5.0305047E-07,-0.007944
5.0310047E-07,-0.007833
5.0315047E-07,-0.007720
5.0320047E-07,-0.007607
5.0325047E-07,-0.007494
5.0330047E-07,-0.007382
5.0335047E-07,-0.007271
5.0340047E-07,-0.007161
5.0345047E-07,-0.007055
5.0350047E-07,-0.006951
5.0355047E-07,-0.006851
5.0360047E-07,-0.006754
5.0365047E-07,-0.006662
5.0370047E-07,-0.006574
5.0375047E-07,-0.006489
5.0380047E-07,-0.006409
5.0385047E-07,-0.006332
5.0390047E-07,-0.006258
5.0395047E-07,-0.006187
5.0400047E-07,-0.006119
5.0405047E-07,-0.006054
5.0410047E-07,-0.005990
5.0415047E-07,-0.005928
5.0420047E-07,-0.005867
5.0425047E-07,-0.005807
5.0430047E-07,-0.005749
5.0435047E-07,-0.005692
5.0440047E-07,-0.005636
5.0445047E-07,-0.005582
5.0450047E-07,-0.005529
5.0455047E-07,-0.005477
5.0460047E-07,-0.005428
5.0465047E-07,-0.005381
5.0470047E-07,-0.005336
5.0475047E-07,-0.005294
5.0480047E-07,-0.005254
5.0485047E-07,-0.005218
5.0490047E-07,-0.005184
5.0495047E-07,-0.005153
5.0500047E-07,-0.005124
5.0505047E-07,-0.005099
5.0510047E-07,-0.005075
5.0515047E-07,-0.005054
5.0520047E-07,-0.005035
5.0525047E-07,-0.005017
5.0530047E-07,-0.005001
5.0535047E-07,-0.004987
5.0540047E-07,-0.004973
5.0545047E-07,-0.004960
5.0550047E-07,-0.004948
5.0555047E-07,-0.004937
5.0560047E-07,-0.004927
5.0565047E-07,-0.004917
5.0570047E-07,-0.004908
5.0575047E-07,-0.004899
5.0580047E-07,-0.004892
5.0585047E-07,-0.004885
5.0590047E-07,-0.004879
5.0595047E-07,-0.004875
5.0600047E-07,-0.004872
5.0605047E-07,-0.004870
5.0610047E-07,-0.004869
5.0615047E-07,-0.004870
5.0620047E-07,-0.004872
5.0625047E-07,-0.004875
5.0630047E-07,-0.004880
5.0635047E-07,-0.004885
5.0640047E-07,-0.004891
5.0645047E-07,-0.004898
5.0650047E-07,-0.004906
5.0655047E-07,-0.004914
5.0660047E-07,-0.004921
5.0665047E-07,-0.004928
5.0670047E-07,-0.004935
5.0675047E-07,-0.004941
5.0680047E-07,-0.004946
5.0685047E-07,-0.004950
5.0690047E-07,-0.004952
5.0695047E-07,-0.004953
5.0700047E-07,-0.004952
5.0705047E-07,-0.004949
5.0710047E-07,-0.004944
5.0715047E-07,-0.004937
5.0720047E-07,-0.004928
5.0725047E-07,-0.004918
5.0730047E-07,-0.004906
5.0735047E-07,-0.004892
5.0740047E-07,-0.004877
5.0745047E-07,-0.004860
5.0750047E-07,-0.004842
5.0755047E-07,-0.004824
5.0760047E-07,-0.004804
5.0765047E-07,-0.004784
5.0770047E-07,-0.004763
5.0775047E-07,-0.004742
5.0780047E-07,-0.004720
5.0785047E-07,-0.004699
5.0790047E-07,-0.004676
5.0795047E-07,-0.004654
5.0800047E-07,-0.004631
5.0805047E-07,-0.004608
5.0810047E-07,-0.004585
5.0815047E-07,-0.004560
5.0820047E-07,-0.004536
5.0825047E-07,-0.004511
5.0830047E-07,-0.004485
5.0835047E-07,-0.004458
5.0840047E-07,-0.004431
5.0845047E-07,-0.004404
5.0850047E-07,-0.004376
5.0855047E-07,-0.004348
5.0860047E-07,-0.004320
5.0865047E-07,-0.004292
5.0870047E-07,-0.004264
5.0875047E-07,-0.004237
5.0880047E-07,-0.004210
5.0885047E-07,-0.004184
5.0890047E-07,-0.004159
5.0895047E-07,-0.004135
5.0900047E-07,-0.004112
5.0905047E-07,-0.004089
5.0910047E-07,-0.004068
5.0915047E-07,-0.004047
5.0920047E-07,-0.004026
5.0925047E-07,-0.004005
5.0930047E-07,-0.003985
5.0935047E-07,-0.003963
5.0940047E-07,-0.003941
5.0945047E-07,-0.003918
5.0950047E-07,-0.003893
5.0955047E-07,-0.003867
5.0960047E-07,-0.003840
5.0965047E-07,-0.003811
5.0970047E-07,-0.003780
5.0975047E-07,-0.003748
5.0980047E-07,-0.003714
5.0985047E-07,-0.003680
5.0990047E-07,-0.003645
5.0995047E-07,-0.003610
5.1000047E-07,-0.003576
5.1005047E-07,-0.003541
5.1010047E-07,-0.003508
5.1015047E-07,-0.003477
5.1020047E-07,-0.003446
5.1025047E-07,-0.003418
5.1030047E-07,-0.003392
5.1035047E-07,-0.003367
5.1040047E-07,-0.003345
5.1045047E-07,-0.003324
5.1050047E-07,-0.003305
5.1055047E-07,-0.003287
5.1060047E-07,-0.003271
5.1065047E-07,-0.003255
5.1070047E-07,-0.003239
5.1075047E-07,-0.003223
5.1080047E-07,-0.003207
5.1085047E-07,-0.003190
5.1090047E-07,-0.003172
5.1095047E-07,-0.003154
5.1100047E-07,-0.003134
5.1105047E-07,-0.003114
5.1110047E-07,-0.003093
5.1115047E-07,-0.003071
5.1120047E-07,-0.003048
5.1125047E-07,-0.003026
5.1130047E-07,-0.003004
5.1135047E-07,-0.002982
5.1140047E-07,-0.002961
5.1145047E-07,-0.002941
5.1150047E-07,-0.002922
5.1155047E-07,-0.002904
5.1160047E-07,-0.002888
5.1165047E-07,-0.002873
5.1170047E-07,-0.002859
5.1175047E-07,-0.002846
5.1180047E-07,-0.002835
5.1185047E-07,-0.002824
5.1190047E-07,-0.002814
5.1195047E-07,-0.002804
5.1200047E-07,-0.002794
5.1205047E-07,-0.002784
5.1210047E-07,-0.002774
5.1215047E-07,-0.002764
5.1220047E-07,-0.002753
5.1225047E-07,-0.002742
5.1230047E-07,-0.002731
5.1235047E-07,-0.002719
5.1240047E-07,-0.002708
5.1245047E-07,-0.002696
5.1250047E-07,-0.002685
5.1255047E-07,-0.002675
5.1260047E-07,-0.002665
5.1265047E-07,-0.002656
5.1270047E-07,-0.002649
5.1275047E-07,-0.002642
5.1280047E-07,-0.002637
5.1285047E-07,-0.002633
5.1290047E-07,-0.002629
5.1295047E-07,-0.002627
5.1300047E-07,-0.002625
5.1305047E-07,-0.002624
5.1310047E-07,-0.002622
5.1315047E-07,-0.002621
5.1320047E-07,-0.002619
5.1325047E-07,-0.002617
5.1330047E-07,-0.002613
5.1335047E-07,-0.002608
5.1340047E-07,-0.002602
5.1345047E-07,-0.002595
5.1350047E-07,-0.002586
5.1355047E-07,-0.002576
5.1360047E-07,-0.002564
5.1365047E-07,-0.002551
5.1370047E-07,-0.002536
5.1375047E-07,-0.002521
5.1380047E-07,-0.002506
5.1385047E-07,-0.002489
5.1390047E-07,-0.002473
5.1395047E-07,-0.002456
5.1400047E-07,-0.002440
5.1405047E-07,-0.002424
5.1410047E-07,-0.002408
5.1415047E-07,-0.002393
5.1420047E-07,-0.002379
5.1425047E-07,-0.002365
5.1430047E-07,-0.002352
5.1435047E-07,-0.002339
5.1440047E-07,-0.002327
5.1445047E-07,-0.002314
5.1450047E-07,-0.002302
5.1455047E-07,-0.002290
5.1460047E-07,-0.002278
5.1465047E-07,-0.002265
5.1470047E-07,-0.002252
5.1475047E-07,-0.002238
5.1480047E-07,-0.002224
5.1485047E-07,-0.002208
5.1490047E-07,-0.002192
5.1495047E-07,-0.002176
5.1500047E-07,-0.002158
5.1505047E-07,-0.002140
5.1510047E-07,-0.002121
5.1515047E-07,-0.002102
5.1520047E-07,-0.002083
5.1525047E-07,-0.002063
5.1530047E-07,-0.002043
5.1535047E-07,-0.002023
5.1540047E-07,-0.002004
5.1545047E-07,-0.001985
5.1550047E-07,-0.001966
5.1555047E-07,-0.001947
5.1560047E-07,-0.001930
5.1565047E-07,-0.001912
5.1570047E-07,-0.001896
5.1575047E-07,-0.001880
5.1580047E-07,-0.001865
5.1585047E-07,-0.001851
5.1590047E-07,-0.001837
5.1595047E-07,-0.001824
5.1600047E-07,-0.001811
5.1605047E-07,-0.001798
5.1610047E-07,-0.001786
5.1615047E-07,-0.001774
5.1620047E-07,-0.001762
5.1625047E-07,-0.001750
5.1630047E-07,-0.001738
5.1635047E-07,-0.001726
5.1640047E-07,-0.001715
5.1645047E-07,-0.001703
5.1650047E-07,-0.001691
5.1655047E-07,-0.001679
5.1660047E-07,-0.001668
5.1665047E-07,-0.001657
5.1670047E-07,-0.001646
5.1675047E-07,-0.001636
5.1680047E-07,-0.001627
5.1685047E-07,-0.001619
5.1690047E-07,-0.001611
5.1695047E-07,-0.001605
5.1700047E-07,-0.001600
5.1705047E-07,-0.001596
5.1710047E-07,-0.001592
5.1715047E-07,-0.001590
5.1720047E-07,-0.001589
5.1725047E-07,-0.001588
5.1730047E-07,-0.001588
5.1735047E-07,-0.001589
5.1740047E-07,-0.001590
5.1745047E-07,-0.001591
5.1750047E-07,-0.001592
5.1755047E-07,-0.001593
5.1760047E-07,-0.001595
5.1765047E-07,-0.001596
5.1770047E-07,-0.001597
5.1775047E-07,-0.001599
5.1780047E-07,-0.001600
5.1785047E-07,-0.001603
5.1790047E-07,-0.001605
5.1795047E-07,-0.001609
5.1800047E-07,-0.001614
5.1805047E-07,-0.001620
5.1810047E-07,-0.001628
5.1815047E-07,-0.001637
5.1820047E-07,-0.001647
5.1825047E-07,-0.001660
5.1830047E-07,-0.001674
5.1835047E-07,-0.001689
5.1840047E-07,-0.001706
5.1845047E-07,-0.001723
5.1850047E-07,-0.001742
5.1855047E-07,-0.001760
5.1860047E-07,-0.001779
5.1865047E-07,-0.001797
5.1870047E-07,-0.001815
5.1875047E-07,-0.001831
5.1880047E-07,-0.001846
5.1885047E-07,-0.001859
5.1890047E-07,-0.001871
5.1895047E-07,-0.001880
5.1900047E-07,-0.001887
5.1905047E-07,-0.001893
5.1910047E-07,-0.001896
5.1915047E-07,-0.001897
5.1920047E-07,-0.001897
5.1925047E-07,-0.001895
5.1930047E-07,-0.001892
5.1935047E-07,-0.001889
5.1940047E-07,-0.001884
5.1945047E-07,-0.001879
5.1950047E-07,-0.001873
5.1955047E-07,-0.001868
5.1960047E-07,-0.001862
5.1965047E-07,-0.001855
5.1970047E-07,-0.001849
5.1975047E-07,-0.001842
5.1980047E-07,-0.001834
5.1985047E-07,-0.001826
5.1990047E-07,-0.001818
5.1995047E-07,-0.001808
5.2000047E-07,-0.001798
5.2005047E-07,-0.001786
5.2010047E-07,-0.001774
5.2015047E-07,-0.001761
5.2020047E-07,-0.001746
5.2025047E-07,-0.001732
5.2030047E-07,-0.001716
5.2035047E-07,-0.001701
5.2040047E-07,-0.001685
5.2045047E-07,-0.001670
5.2050047E-07,-0.001655
5.2055047E-07,-0.001641
5.2060047E-07,-0.001628
5.2065047E-07,-0.001617
5.2070047E-07,-0.001606
5.2075047E-07,-0.001597
5.2080047E-07,-0.001590
5.2085047E-07,-0.001584
5.2090047E-07,-0.001578
5.2095047E-07,-0.001574
5.2100047E-07,-0.001570
5.2105047E-07,-0.001567
5.2110047E-07,-0.001564
5.2115047E-07,-0.001560
5.2120047E-07,-0.001555
5.2125047E-07,-0.001549
5.2130047E-07,-0.001543
5.2135047E-07,-0.001534
5.2140047E-07,-0.001524
5.2145047E-07,-0.001512
5.2150047E-07,-0.001498
5.2155047E-07,-0.001483
5.2160047E-07,-0.001465
5.2165047E-07,-0.001447
5.2170047E-07,-0.001427
5.2175047E-07,-0.001406
5.2180047E-07,-0.001385
5.2185047E-07,-0.001363
5.2190047E-07,-0.001341
5.2195047E-07,-0.001319
5.2200047E-07,-0.001298
5.2205047E-07,-0.001278
5.2210047E-07,-0.001258
5.2215047E-07,-0.001240
5.2220047E-07,-0.001222
5.2225047E-07,-0.001206
5.2230047E-07,-0.001191
5.2235047E-07,-0.001177
5.2240047E-07,-0.001165
5.2245047E-07,-0.001153
5.2250047E-07,-0.001143
5.2255047E-07,-0.001133
5.2260047E-07,-0.001124
5.2265047E-07,-0.001115
5.2270047E-07,-0.001108
5.2275047E-07,-0.001101
5.2280047E-07,-0.001094
5.2285047E-07,-0.001088
5.2290047E-07,-0.001082
5.2295047E-07,-0.001076
5.2300047E-07,-0.001072
5.2305047E-07,-0.001067
5.2310047E-07,-0.001063
5.2315047E-07,-0.001060
5.2320047E-07,-0.001058
5.2325047E-07,-0.001056
5.2330047E-07,-0.001055
5.2335047E-07,-0.001054
5.2340047E-07,-0.001055
5.2345047E-07,-0.001056
5.2350047E-07,-0.001057
5.2355047E-07,-0.001060
5.2360047E-07,-0.001062
5.2365047E-07,-0.001066
5.2370047E-07,-0.001070
5.2375047E-07,-0.001074
5.2380047E-07,-0.001078
5.2385047E-07,-0.001083
5.2390047E-07,-0.001088
5.2395047E-07,-0.001092
5.2400047E-07,-0.001096
5.2405047E-07,-0.001100
5.2410047E-07,-0.001104
5.2415047E-07,-0.001107
5.2420047E-07,-0.001110
5.2425047E-07,-0.001112
5.2430047E-07,-0.001113
5.2435047E-07,-0.001114
5.2440047E-07,-0.001114
5.2445047E-07,-0.001113
5.2450047E-07,-0.001112
5.2455047E-07,-0.001111
5.2460047E-07,-0.001109
5.2465047E-07,-0.001107
5.2470047E-07,-0.001104
5.2475047E-07,-0.001102
5.2480047E-07,-0.001099
5.2485047E-07,-0.001096
5.2490047E-07,-0.001094
5.2495047E-07,-0.001091
5.2500047E-07,-0.001089
5.2505047E-07,-0.001087
5.2510047E-07,-0.001084
5.2515047E-07,-0.001082
5.2520047E-07,-0.001080
5.2525047E-07,-0.001078
5.2530047E-07,-0.001075
5.2535047E-07,-0.001071
5.2540047E-07,-0.001067
5.2545047E-07,-0.001063
5.2550047E-07,-0.001057
5.2555047E-07,-0.001051
5.2560047E-07,-0.001043
5.2565047E-07,-0.001035
5.2570047E-07,-0.001025
5.2575047E-07,-0.001014
5.2580047E-07,-0.001003
5.2585047E-07,-0.000991
5.2590047E-07,-0.000978
5.2595047E-07,-0.000965
5.2600047E-07,-0.000951
5.2605047E-07,-0.000938
5.2610047E-07,-0.000924
5.2615047E-07,-0.000910
5.2620047E-07,-0.000897
5.2625047E-07,-0.000883
5.2630047E-07,-0.000870
5.2635047E-07,-0.000858
5.2640047E-07,-0.000845
5.2645047E-07,-0.000832
5.2650047E-07,-0.000819
5.2655047E-07,-0.000806
5.2660047E-07,-0.000793
5.2665047E-07,-0.000779
5.2670047E-07,-0.000764
5.2675047E-07,-0.000749
5.2680047E-07,-0.000733
5.2685047E-07,-0.000716
5.2690047E-07,-0.000699
5.2695047E-07,-0.000681
5.2700047E-07,-0.000664
5.2705047E-07,-0.000646
5.2710047E-07,-0.000628
5.2715047E-07,-0.000612
5.2720047E-07,-0.000597
5.2725047E-07,-0.000583
5.2730047E-07,-0.000571
5.2735047E-07,-0.000561
5.2740047E-07,-0.000553
5.2745047E-07,-0.000548
5.2750047E-07,-0.000546
5.2755047E-07,-0.000547
5.2760047E-07,-0.000549
5.2765047E-07,-0.000555
5.2770047E-07,-0.000562
5.2775047E-07,-0.000572
5.2780047E-07,-0.000582
5.2785047E-07,-0.000594
5.2790047E-07,-0.000607
5.2795047E-07,-0.000620
5.2800047E-07,-0.000633
5.2805047E-07,-0.000645
5.2810047E-07,-0.000657
5.2815047E-07,-0.000669
5.2820047E-07,-0.000679
5.2825047E-07,-0.000689
5.2830047E-07,-0.000698
5.2835047E-07,-0.000706
5.2840047E-07,-0.000714
5.2845047E-07,-0.000722
5.2850047E-07,-0.000730
5.2855047E-07,-0.000739
5.2860047E-07,-0.000749
5.2865047E-07,-0.000760
5.2870047E-07,-0.000772
5.2875047E-07,-0.000786
5.2880047E-07,-0.000801
5.2885047E-07,-0.000818
5.2890047E-07,-0.000837
5.2895047E-07,-0.000857
5.2900047E-07,-0.000878
5.2905047E-07,-0.000900
5.2910047E-07,-0.000922
5.2915047E-07,-0.000945
5.2920047E-07,-0.000967
5.2925047E-07,-0.000989
5.2930047E-07,-0.001009
5.2935047E-07,-0.001029
5.2940047E-07,-0.001047
5.2945047E-07,-0.001063
5.2950047E-07,-0.001077
5.2955047E-07,-0.001090
5.2960047E-07,-0.001100
5.2965047E-07,-0.001108
5.2970047E-07,-0.001115
5.2975047E-07,-0.001120
5.2980047E-07,-0.001123
5.2985047E-07,-0.001126
5.2990047E-07,-0.001127
5.2995047E-07,-0.001127
5.3000047E-07,-0.001127
5.3005047E-07,-0.001127
5.3010047E-07,-0.001127
5.3015047E-07,-0.001126
5.3020047E-07,-0.001126
5.3025047E-07,-0.001125
5.3030047E-07,-0.001125
5.3035047E-07,-0.001125
5.3040047E-07,-0.001126
5.3045047E-07,-0.001126
5.3050047E-07,-0.001126
5.3055047E-07,-0.001127
5.3060047E-07,-0.001127
5.3065047E-07,-0.001127
5.3070047E-07,-0.001128
5.3075047E-07,-0.001128
5.3080047E-07,-0.001128
5.3085047E-07,-0.001128
5.3090047E-07,-0.001128
5.3095047E-07,-0.001128
5.3100047E-07,-0.001128
5.3105047E-07,-0.001128
5.3110047E-07,-0.001128
5.3115047E-07,-0.001128
5.3120047E-07,-0.001129
5.3125047E-07,-0.001129
5.3130047E-07,-0.001130
5.3135047E-07,-0.001130
5.3140047E-07,-0.001130
5.3145047E-07,-0.001131
5.3150047E-07,-0.001131
5.3155047E-07,-0.001130
5.3160047E-07,-0.001129
5.3165047E-07,-0.001127
5.3170047E-07,-0.001125
5.3175047E-07,-0.001121
5.3180047E-07,-0.001117
5.3185047E-07,-0.001111
5.3190047E-07,-0.001104
5.3195047E-07,-0.001095
5.3200047E-07,-0.001085
5.3205047E-07,-0.001073
5.3210047E-07,-0.001060
5.3215047E-07,-0.001046
5.3220047E-07,-0.001030
5.3225047E-07,-0.001012
5.3230047E-07,-0.000993
5.3235047E-07,-0.000973
5.3240047E-07,-0.000952
5.3245047E-07,-0.000929
5.3250047E-07,-0.000906
5.3255047E-07,-0.000882
5.3260047E-07,-0.000857
5.3265047E-07,-0.000832
5.3270047E-07,-0.000807
5.3275047E-07,-0.000781
5.3280047E-07,-0.000756
5.3285047E-07,-0.000731
5.3290047E-07,-0.000706
5.3295047E-07,-0.000682
5.3300047E-07,-0.000658
5.3305047E-07,-0.000634
5.3310047E-07,-0.000611
5.3315047E-07,-0.000589
5.3320047E-07,-0.000568
5.3325047E-07,-0.000547
5.3330047E-07,-0.000527
5.3335047E-07,-0.000507
5.3340047E-07,-0.000488
5.3345047E-07,-0.000470
5.3350047E-07,-0.000452
5.3355047E-07,-0.000435
5.3360047E-07,-0.000419
5.3365047E-07,-0.000404
5.3370047E-07,-0.000390
5.3375047E-07,-0.000377
5.3380047E-07,-0.000365
5.3385047E-07,-0.000355
5.3390047E-07,-0.000346
5.3395047E-07,-0.000339
5.3400047E-07,-0.000334
5.3405047E-07,-0.000331
5.3410047E-07,-0.000330
5.3415047E-07,-0.000331
5.3420047E-07,-0.000334
5.3425047E-07,-0.000339
5.3430047E-07,-0.000346
5.3435047E-07,-0.000354
5.3440047E-07,-0.000363
5.3445047E-07,-0.000373
5.3450047E-07,-0.000384
5.3455047E-07,-0.000395
5.3460047E-07,-0.000406
5.3465047E-07,-0.000417
5.3470047E-07,-0.000427
5.3475047E-07,-0.000436
5.3480047E-07,-0.000443
5.3485047E-07,-0.000450
5.3490047E-07,-0.000455
5.3495047E-07,-0.000459
5.3500047E-07,-0.000462
5.3505047E-07,-0.000464
5.3510047E-07,-0.000464
5.3515047E-07,-0.000464
5.3520047E-07,-0.000464
5.3525047E-07,-0.000463
5.3530047E-07,-0.000462
5.3535047E-07,-0.000462
5.3540047E-07,-0.000463
5.3545047E-07,-0.000464
5.3550047E-07,-0.000466
5.3555047E-07,-0.000469
5.3560047E-07,-0.000473
5.3565047E-07,-0.000477
5.3570047E-07,-0.000482
5.3575047E-07,-0.000488
5.3580047E-07,-0.000494
5.3585047E-07,-0.000499
5.3590047E-07,-0.000504
5.3595047E-07,-0.000509
5.3600047E-07,-0.000513
5.3605047E-07,-0.000516
5.3610047E-07,-0.000517
5.3615047E-07,-0.000518
5.3620047E-07,-0.000517
5.3625047E-07,-0.000514
5.3630047E-07,-0.000511
5.3635047E-07,-0.000507
5.3640047E-07,-0.000502
5.3645047E-07,-0.000497
5.3650047E-07,-0.000491
5.3655047E-07,-0.000486
5.3660047E-07,-0.000481
5.3665047E-07,-0.000476
5.3670047E-07,-0.000472
5.3675047E-07,-0.000469
5.3680047E-07,-0.000467
5.3685047E-07,-0.000467
5.3690047E-07,-0.000467
5.3695047E-07,-0.000468
5.3700047E-07,-0.000470
5.3705047E-07,-0.000473
5.3710047E-07,-0.000476
5.3715047E-07,-0.000480
5.3720047E-07,-0.000484
5.3725047E-07,-0.000489
5.3730047E-07,-0.000494
5.3735047E-07,-0.000499
5.3740047E-07,-0.000504
5.3745047E-07,-0.000510
5.3750047E-07,-0.000517
5.3755047E-07,-0.000524
5.3760047E-07,-0.000532
5.3765047E-07,-0.000541
5.3770047E-07,-0.000551
5.3775047E-07,-0.000563
5.3780047E-07,-0.000576
5.3785047E-07,-0.000591
5.3790047E-07,-0.000607
5.3795047E-07,-0.000624
5.3800047E-07,-0.000643
5.3805047E-07,-0.000663
5.3810047E-07,-0.000684
5.3815047E-07,-0.000705
5.3820047E-07,-0.000726
5.3825047E-07,-0.000747
5.3830047E-07,-0.000768
5.3835047E-07,-0.000787
5.3840047E-07,-0.000805
5.3845047E-07,-0.000822
5.3850047E-07,-0.000836
5.3855047E-07,-0.000848
5.3860047E-07,-0.000858
5.3865047E-07,-0.000866
5.3870047E-07,-0.000872
5.3875047E-07,-0.000875
5.3880047E-07,-0.000877
5.3885047E-07,-0.000876
5.3890047E-07,-0.000874
5.3895047E-07,-0.000871
5.3900047E-07,-0.000867
5.3905047E-07,-0.000863
5.3910047E-07,-0.000858
5.3915047E-07,-0.000853
5.3920047E-07,-0.000848
5.3925047E-07,-0.000843
5.3930047E-07,-0.000839
5.3935047E-07,-0.000835
5.3940047E-07,-0.000831
5.3945047E-07,-0.000828
5.3950047E-07,-0.000825
5.3955047E-07,-0.000823
5.3960047E-07,-0.000820
5.3965047E-07,-0.000818
5.3970047E-07,-0.000815
5.3975047E-07,-0.000813
5.3980047E-07,-0.000810
5.3985047E-07,-0.000807
5.3990047E-07,-0.000803
5.3995047E-07,-0.000799
5.4000047E-07,-0.000795
5.4005047E-07,-0.000791
5.4010047E-07,-0.000786
5.4015047E-07,-0.000781
5.4020047E-07,-0.000777
5.4025047E-07,-0.000773
5.4030047E-07,-0.000769
5.4035047E-07,-0.000765
5.4040047E-07,-0.000762
5.4045047E-07,-0.000759
5.4050047E-07,-0.000757
5.4055047E-07,-0.000755
5.4060047E-07,-0.000754
5.4065047E-07,-0.000753
5.4070047E-07,-0.000753
5.4075047E-07,-0.000753
5.4080047E-07,-0.000754
5.4085047E-07,-0.000754
5.4090047E-07,-0.000755
5.4095047E-07,-0.000755
5.4100047E-07,-0.000756
5.4105047E-07,-0.000756
5.4110047E-07,-0.000755
5.4115047E-07,-0.000754
5.4120047E-07,-0.000753
5.4125047E-07,-0.000751
5.4130047E-07,-0.000748
5.4135047E-07,-0.000744
5.4140047E-07,-0.000740
5.4145047E-07,-0.000736
5.4150047E-07,-0.000731
5.4155047E-07,-0.000725
5.4160047E-07,-0.000719
5.4165047E-07,-0.000713
5.4170047E-07,-0.000707
5.4175047E-07,-0.000701
5.4180047E-07,-0.000695
5.4185047E-07,-0.000690
5.4190047E-07,-0.000685
5.4195047E-07,-0.000680
5.4200047E-07,-0.000676
5.4205047E-07,-0.000673
5.4210047E-07,-0.000671
5.4215047E-07,-0.000670
5.4220047E-07,-0.000669
5.4225047E-07,-0.000669
5.4230047E-07,-0.000670
5.4235047E-07,-0.000672
5.4240047E-07,-0.000674
5.4245047E-07,-0.000676
5.4250047E-07,-0.000678
5.4255047E-07,-0.000680
5.4260047E-07,-0.000682
5.4265047E-07,-0.000684
5.4270047E-07,-0.000686
5.4275047E-07,-0.000686
5.4280047E-07,-0.000686
5.4285047E-07,-0.000686
5.4290047E-07,-0.000685
5.4295047E-07,-0.000683
5.4300047E-07,-0.000681
5.4305047E-07,-0.000679
5.4310047E-07,-0.000676
5.4315047E-07,-0.000674
5.4320047E-07,-0.000671
5.4325047E-07,-0.000669
5.4330047E-07,-0.000668
5.4335047E-07,-0.000666
5.4340047E-07,-0.000666
5.4345047E-07,-0.000666
5.4350047E-07,-0.000667
5.4355047E-07,-0.000668
5.4360047E-07,-0.000670
5.4365047E-07,-0.000672
5.4370047E-07,-0.000674
5.4375047E-07,-0.000677
5.4380047E-07,-0.000679
5.4385047E-07,-0.000680
5.4390047E-07,-0.000681
5.4395047E-07,-0.000682
5.4400047E-07,-0.000681
5.4405047E-07,-0.000680
5.4410047E-07,-0.000678
5.4415047E-07,-0.000675
5.4420047E-07,-0.000671
5.4425047E-07,-0.000666
5.4430047E-07,-0.000662
5.4435047E-07,-0.000657
5.4440047E-07,-0.000652
5.4445047E-07,-0.000647
5.4450047E-07,-0.000643
5.4455047E-07,-0.000639
5.4460047E-07,-0.000637
5.4465047E-07,-0.000635
5.4470047E-07,-0.000634
5.4475047E-07,-0.000634
5.4480047E-07,-0.000635
5.4485047E-07,-0.000636
5.4490047E-07,-0.000638
5.4495047E-07,-0.000640
5.4500047E-07,-0.000642
5.4505047E-07,-0.000644
5.4510047E-07,-0.000645
5.4515047E-07,-0.000646
5.4520047E-07,-0.000645
5.4525047E-07,-0.000644
5.4530047E-07,-0.000641
5.4535047E-07,-0.000637
5.4540047E-07,-0.000632
5.4545047E-07,-0.000626
5.4550047E-07,-0.000619
5.4555047E-07,-0.000612
5.4560047E-07,-0.000604
5.4565047E-07,-0.000597
5.4570047E-07,-0.000589
5.4575047E-07,-0.000582
5.4580047E-07,-0.000576
5.4585047E-07,-0.000570
5.4590047E-07,-0.000566
5.4595047E-07,-0.000562
5.4600047E-07,-0.000559
5.4605047E-07,-0.000557
5.4610047E-07,-0.000555
5.4615047E-07,-0.000554
5.4620047E-07,-0.000553
5.4625047E-07,-0.000552
5.4630047E-07,-0.000550
5.4635047E-07,-0.000548
5.4640047E-07,-0.000544
5.4645047E-07,-0.000540
5.4650047E-07,-0.000534
5.4655047E-07,-0.000527
5.4660047E-07,-0.000519
5.4665047E-07,-0.000509
5.4670047E-07,-0.000499
5.4675047E-07,-0.000487
5.4680047E-07,-0.000475
5.4685047E-07,-0.000463
5.4690047E-07,-0.000450
5.4695047E-07,-0.000439
5.4700047E-07,-0.000428
5.4705047E-07,-0.000418
5.4710047E-07,-0.000409
5.4715047E-07,-0.000403
5.4720047E-07,-0.000398
5.4725047E-07,-0.000395
5.4730047E-07,-0.000394
5.4735047E-07,-0.000395
5.4740047E-07,-0.000398
5.4745047E-07,-0.000402
5.4750047E-07,-0.000408
5.4755047E-07,-0.000416
5.4760047E-07,-0.000424
5.4765047E-07,-0.000433
5.4770047E-07,-0.000443
5.4775047E-07,-0.000453
5.4780047E-07,-0.000462
5.4785047E-07,-0.000472
5.4790047E-07,-0.000481
5.4795047E-07,-0.000489
5.4800047E-07,-0.000496
5.4805047E-07,-0.000503
5.4810047E-07,-0.000509
5.4815047E-07,-0.000514
5.4820047E-07,-0.000517
5.4825047E-07,-0.000520
5.4830047E-07,-0.000522
5.4835047E-07,-0.000523
5.4840047E-07,-0.000524
5.4845047E-07,-0.000523
5.4850047E-07,-0.000522
5.4855047E-07,-0.000520
5.4860047E-07,-0.000518
5.4865047E-07,-0.000515
5.4870047E-07,-0.000511
5.4875047E-07,-0.000508
5.4880047E-07,-0.000503
5.4885047E-07,-0.000499
5.4890047E-07,-0.000494
5.4895047E-07,-0.000489
5.4900047E-07,-0.000485
5.4905047E-07,-0.000480
5.4910047E-07,-0.000476
5.4915047E-07,-0.000472
5.4920047E-07,-0.000469
5.4925047E-07,-0.000466
5.4930047E-07,-0.000464
5.4935047E-07,-0.000464
5.4940047E-07,-0.000464
5.4945047E-07,-0.000465
5.4950047E-07,-0.000467
5.4955047E-07,-0.000471
5.4960047E-07,-0.000475
5.4965047E-07,-0.000481
5.4970047E-07,-0.000488
5.4975047E-07,-0.000495
5.4980047E-07,-0.000504
5.4985047E-07,-0.000513
5.4990047E-07,-0.000522
5.4995047E-07,-0.000532
5.5000047E-07,-0.000542
5.5005047E-07,-0.000553
5.5010047E-07,-0.000562
5.5015047E-07,-0.000572
5.5020047E-07,-0.000580
5.5025047E-07,-0.000588
5.5030047E-07,-0.000595
5.5035047E-07,-0.000601
5.5040047E-07,-0.000605
5.5045047E-07,-0.000608
5.5050047E-07,-0.000610
5.5055047E-07,-0.000610
5.5060047E-07,-0.000608
5.5065047E-07,-0.000605
5.5070047E-07,-0.000600
5.5075047E-07,-0.000593
5.5080047E-07,-0.000586
5.5085047E-07,-0.000577
5.5090047E-07,-0.000566
5.5095047E-07,-0.000555
5.5100047E-07,-0.000544
5.5105047E-07,-0.000531
5.5110047E-07,-0.000519
5.5115047E-07,-0.000506
5.5120047E-07,-0.000494
5.5125047E-07,-0.000481
5.5130047E-07,-0.000469
5.5135047E-07,-0.000458
5.5140047E-07,-0.000447
5.5145047E-07,-0.000436
5.5150047E-07,-0.000426
5.5155047E-07,-0.000417
5.5160047E-07,-0.000408
5.5165047E-07,-0.000400
5.5170047E-07,-0.000392
5.5175047E-07,-0.000384
5.5180047E-07,-0.000376
5.5185047E-07,-0.000368
5.5190047E-07,-0.000360
5.5195047E-07,-0.000352
5.5200047E-07,-0.000344
5.5205047E-07,-0.000336
5.5210047E-07,-0.000328
5.5215047E-07,-0.000320
5.5220047E-07,-0.000312
5.5225047E-07,-0.000305
5.5230047E-07,-0.000299
5.5235047E-07,-0.000293
5.5240047E-07,-0.000289
5.5245047E-07,-0.000286
5.5250047E-07,-0.000284
5.5255047E-07,-0.000284
5.5260047E-07,-0.000285
5.5265047E-07,-0.000288
5.5270047E-07,-0.000293
5.5275047E-07,-0.000299
5.5280047E-07,-0.000306
5.5285047E-07,-0.000313
5.5290047E-07,-0.000322
5.5295047E-07,-0.000330
5.5300047E-07,-0.000339
5.5305047E-07,-0.000347
5.5310047E-07,-0.000354
5.5315047E-07,-0.000360
5.5320047E-07,-0.000364
5.5325047E-07,-0.000367
5.5330047E-07,-0.000369
5.5335047E-07,-0.000368
5.5340047E-07,-0.000366
5.5345047E-07,-0.000362
5.5350047E-07,-0.000357
5.5355047E-07,-0.000351
5.5360047E-07,-0.000344
5.5365047E-07,-0.000336
5.5370047E-07,-0.000328
5.5375047E-07,-0.000320
5.5380047E-07,-0.000313
5.5385047E-07,-0.000307
5.5390047E-07,-0.000303
5.5395047E-07,-0.000299
5.5400047E-07,-0.000297
5.5405047E-07,-0.000297
5.5410047E-07,-0.000298
5.5415047E-07,-0.000301
5.5420047E-07,-0.000305
5.5425047E-07,-0.000311
5.5430047E-07,-0.000317
5.5435047E-07,-0.000323
5.5440047E-07,-0.000330
5.5445047E-07,-0.000337
5.5450047E-07,-0.000343
5.5455047E-07,-0.000349
5.5460047E-07,-0.000353
5.5465047E-07,-0.000357
5.5470047E-07,-0.000359
5.5475047E-07,-0.000359
5.5480047E-07,-0.000358
5.5485047E-07,-0.000355
5.5490047E-07,-0.000351
5.5495047E-07,-0.000346
5.5500047E-07,-0.000339
5.5505047E-07,-0.000331
5.5510047E-07,-0.000322
5.5515047E-07,-0.000312
5.5520047E-07,-0.000301
5.5525047E-07,-0.000289
5.5530047E-07,-0.000277
5.5535047E-07,-0.000265
5.5540047E-07,-0.000251
5.5545047E-07,-0.000238
5.5550047E-07,-0.000224
5.5555047E-07,-0.000210
5.5560047E-07,-0.000195
5.5565047E-07,-0.000181
5.5570047E-07,-0.000166
5.5575047E-07,-0.000151
5.5580047E-07,-0.000136
5.5585047E-07,-0.000122
5.5590047E-07,-0.000107
5.5595047E-07,-0.000093
5.5600047E-07,-0.000080
5.5605047E-07,-0.000068
5.5610047E-07,-0.000057
5.5615047E-07,-0.000047
5.5620047E-07,-0.000039
5.5625047E-07,-0.000032
5.5630047E-07,-0.000027
5.5635047E-07,-0.000024
5.5640047E-07,-0.000023
5.5645047E-07,-0.000023
5.5650047E-07,-0.000026
5.5655047E-07,-0.000030
5.5660047E-07,-0.000035
5.5665047E-07,-0.000042
5.5670047E-07,-0.000050
5.5675047E-07,-0.000059
5.5680047E-07,-0.000069
5.5685047E-07,-0.000079
5.5690047E-07,-0.000089
5.5695047E-07,-0.000099
5.5700047E-07,-0.000109
5.5705047E-07,-0.000119
5.5710047E-07,-0.000128
5.5715047E-07,-0.000136
5.5720047E-07,-0.000144
5.5725047E-07,-0.000151
5.5730047E-07,-0.000158
5.5735047E-07,-0.000164
5.5740047E-07,-0.000169
5.5745047E-07,-0.000175
5.5750047E-07,-0.000179
5.5755047E-07,-0.000184
5.5760047E-07,-0.000189
5.5765047E-07,-0.000194
5.5770047E-07,-0.000199
5.5775047E-07,-0.000204
5.5780047E-07,-0.000210
5.5785047E-07,-0.000216
5.5790047E-07,-0.000223
5.5795047E-07,-0.000230
5.5800047E-07,-0.000238
5.5805047E-07,-0.000247
5.5810047E-07,-0.000255
5.5815047E-07,-0.000264
5.5820047E-07,-0.000274
5.5825047E-07,-0.000283
5.5830047E-07,-0.000292
5.5835047E-07,-0.000300
5.5840047E-07,-0.000309
5.5845047E-07,-0.000316
5.5850047E-07,-0.000323
5.5855047E-07,-0.000328
5.5860047E-07,-0.000333
5.5865047E-07,-0.000336
5.5870047E-07,-0.000337
5.5875047E-07,-0.000337
5.5880047E-07,-0.000336
5.5885047E-07,-0.000333
5.5890047E-07,-0.000329
5.5895047E-07,-0.000323
5.5900047E-07,-0.000316
5.5905047E-07,-0.000309
5.5910047E-07,-0.000300
5.5915047E-07,-0.000291
5.5920047E-07,-0.000281
5.5925047E-07,-0.000271
5.5930047E-07,-0.000262
5.5935047E-07,-0.000252
5.5940047E-07,-0.000244
5.5945047E-07,-0.000236
5.5950047E-07,-0.000229
5.5955047E-07,-0.000224
5.5960047E-07,-0.000219
5.5965047E-07,-0.000216
5.5970047E-07,-0.000214
5.5975047E-07,-0.000213
5.5980047E-07,-0.000213
5.5985047E-07,-0.000215
5.5990047E-07,-0.000217
5.5995047E-07,-0.000220
5.6000047E-07,-0.000224
5.6005047E-07,-0.000229
5.6010047E-07,-0.000234
5.6015047E-07,-0.000239
5.6020047E-07,-0.000244
5.6025047E-07,-0.000250
5.6030047E-07,-0.000255
5.6035047E-07,-0.000261
5.6040047E-07,-0.000266
5.6045047E-07,-0.000271
5.6050047E-07,-0.000276
5.6055047E-07,-0.000281
5.6060047E-07,-0.000286
5.6065047E-07,-0.000290
5.6070047E-07,-0.000294
5.6075047E-07,-0.000298
5.6080047E-07,-0.000301
5.6085047E-07,-0.000304
5.6090047E-07,-0.000306
5.6095047E-07,-0.000307
5.6100047E-07,-0.000308
5.6105047E-07,-0.000308
5.6110047E-07,-0.000307
5.6115047E-07,-0.000305
5.6120047E-07,-0.000302
5.6125047E-07,-0.000298
5.6130047E-07,-0.000293
5.6135047E-07,-0.000288
5.6140047E-07,-0.000282
5.6145047E-07,-0.000276
5.6150047E-07,-0.000269
5.6155047E-07,-0.000263
5.6160047E-07,-0.000256
5.6165047E-07,-0.000250
5.6170047E-07,-0.000244
5.6175047E-07,-0.000239
5.6180047E-07,-0.000234
5.6185047E-07,-0.000230
5.6190047E-07,-0.000227
5.6195047E-07,-0.000225
5.6200047E-07,-0.000224
5.6205047E-07,-0.000223
5.6210047E-07,-0.000224
5.6215047E-07,-0.000224
5.6220047E-07,-0.000226
5.6225047E-07,-0.000227
5.6230047E-07,-0.000229
5.6235047E-07,-0.000230
5.6240047E-07,-0.000231
5.6245047E-07,-0.000233
5.6250047E-07,-0.000233
5.6255047E-07,-0.000234
5.6260047E-07,-0.000234
5.6265047E-07,-0.000234
5.6270047E-07,-0.000234
5.6275047E-07,-0.000233
5.6280047E-07,-0.000233
5.6285047E-07,-0.000233
5.6290047E-07,-0.000233
5.6295047E-07,-0.000234
5.6300047E-07,-0.000235
5.6305047E-07,-0.000237
5.6310047E-07,-0.000240
5.6315047E-07,-0.000244
5.6320047E-07,-0.000248
5.6325047E-07,-0.000253
5.6330047E-07,-0.000259
5.6335047E-07,-0.000266
5.6340047E-07,-0.000273
5.6345047E-07,-0.000280
5.6350047E-07,-0.000287
5.6355047E-07,-0.000294
5.6360047E-07,-0.000300
5.6365047E-07,-0.000306
5.6370047E-07,-0.000312
5.6375047E-07,-0.000317
5.6380047E-07,-0.000321
5.6385047E-07,-0.000324
5.6390047E-07,-0.000327
5.6395047E-07,-0.000329
5.6400047E-07,-0.000331
5.6405047E-07,-0.000332
5.6410047E-07,-0.000333
5.6415047E-07,-0.000334
5.6420047E-07,-0.000335
5.6425047E-07,-0.000335
5.6430047E-07,-0.000337
5.6435047E-07,-0.000338
5.6440047E-07,-0.000340
5.6445047E-07,-0.000343
5.6450047E-07,-0.000346
5.6455047E-07,-0.000349
5.6460047E-07,-0.000353
5.6465047E-07,-0.000357
5.6470047E-07,-0.000362
5.6475047E-07,-0.000366
5.6480047E-07,-0.000371
5.6485047E-07,-0.000375
5.6490047E-07,-0.000379
5.6495047E-07,-0.000383
5.6500047E-07,-0.000386
5.6505047E-07,-0.000389
5.6510047E-07,-0.000391
5.6515047E-07,-0.000394
5.6520047E-07,-0.000395
5.6525047E-07,-0.000397
5.6530047E-07,-0.000399
5.6535047E-07,-0.000400
5.6540047E-07,-0.000402
5.6545047E-07,-0.000404
5.6550047E-07,-0.000406
5.6555047E-07,-0.000409
5.6560047E-07,-0.000413
5.6565047E-07,-0.000417
5.6570047E-07,-0.000422
5.6575047E-07,-0.000427
5.6580047E-07,-0.000434
5.6585047E-07,-0.000441
5.6590047E-07,-0.000449
5.6595047E-07,-0.000457
5.6600047E-07,-0.000466
5.6605047E-07,-0.000475
5.6610047E-07,-0.000484
5.6615047E-07,-0.000494
5.6620047E-07,-0.000503
5.6625047E-07,-0.000512
5.6630047E-07,-0.000521
5.6635047E-07,-0.000528
5.6640047E-07,-0.000536
5.6645047E-07,-0.000542
5.6650047E-07,-0.000548
5.6655047E-07,-0.000553
5.6660047E-07,-0.000556
5.6665047E-07,-0.000558
5.6670047E-07,-0.000560
5.6675047E-07,-0.000560
5.6680047E-07,-0.000559
5.6685047E-07,-0.000556
5.6690047E-07,-0.000553
5.6695047E-07,-0.000548
5.6700047E-07,-0.000542
5.6705047E-07,-0.000535
5.6710047E-07,-0.000527
5.6715047E-07,-0.000518
5.6720047E-07,-0.000508
5.6725047E-07,-0.000497
5.6730047E-07,-0.000486
5.6735047E-07,-0.000474
5.6740047E-07,-0.000462
5.6745047E-07,-0.000449
5.6750047E-07,-0.000436
5.6755047E-07,-0.000424
5.6760047E-07,-0.000411
5.6765047E-07,-0.000400
5.6770047E-07,-0.000388
5.6775047E-07,-0.000378
5.6780047E-07,-0.000368
5.6785047E-07,-0.000359
5.6790047E-07,-0.000352
5.6795047E-07,-0.000346
5.6800047E-07,-0.000341
5.6805047E-07,-0.000338
5.6810047E-07,-0.000336
5.6815047E-07,-0.000335
5.6820047E-07,-0.000336
5.6825047E-07,-0.000338
5.6830047E-07,-0.000342
5.6835047E-07,-0.000347
5.6840047E-07,-0.000353
5.6845047E-07,-0.000359
5.6850047E-07,-0.000367
5.6855047E-07,-0.000374
5.6860047E-07,-0.000382
5.6865047E-07,-0.000390
5.6870047E-07,-0.000397
5.6875047E-07,-0.000404
5.6880047E-07,-0.000410
5.6885047E-07,-0.000414
5.6890047E-07,-0.000417
5.6895047E-07,-0.000419
5.6900047E-07,-0.000419
5.6905047E-07,-0.000416
5.6910047E-07,-0.000412
5.6915047E-07,-0.000406
5.6920047E-07,-0.000397
5.6925047E-07,-0.000387
5.6930047E-07,-0.000374
5.6935047E-07,-0.000360
5.6940047E-07,-0.000345
5.6945047E-07,-0.000328
5.6950047E-07,-0.000310
5.6955047E-07,-0.000292
5.6960047E-07,-0.000273
5.6965047E-07,-0.000255
5.6970047E-07,-0.000237
5.6975047E-07,-0.000220
5.6980047E-07,-0.000203
5.6985047E-07,-0.000188
5.6990047E-07,-0.000175
5.6995047E-07,-0.000163
5.7000047E-07,-0.000153
5.7005047E-07,-0.000145
5.7010047E-07,-0.000139
5.7015047E-07,-0.000135
5.7020047E-07,-0.000132
5.7025047E-07,-0.000131
5.7030047E-07,-0.000132
5.7035047E-07,-0.000134
5.7040047E-07,-0.000137
5.7045047E-07,-0.000142
5.7050047E-07,-0.000147
5.7055047E-07,-0.000153
5.7060047E-07,-0.000160
5.7065047E-07,-0.000168
5.7070047E-07,-0.000177
5.7075047E-07,-0.000186
5.7080047E-07,-0.000195
5.7085047E-07,-0.000206
5.7090047E-07,-0.000216
5.7095047E-07,-0.000228
5.7100047E-07,-0.000240
5.7105047E-07,-0.000252
5.7110047E-07,-0.000265
5.7115047E-07,-0.000278
5.7120047E-07,-0.000292
5.7125047E-07,-0.000305
5.7130047E-07,-0.000318
5.7135047E-07,-0.000331
5.7140047E-07,-0.000343
5.7145047E-07,-0.000355
5.7150047E-07,-0.000365
5.7155047E-07,-0.000374
5.7160047E-07,-0.000382
5.7165047E-07,-0.000388
5.7170047E-07,-0.000393
5.7175047E-07,-0.000395
5.7180047E-07,-0.000396
5.7185047E-07,-0.000395
5.7190047E-07,-0.000393
5.7195047E-07,-0.000389
5.7200047E-07,-0.000383
5.7205047E-07,-0.000377
5.7210047E-07,-0.000369
5.7215047E-07,-0.000360
5.7220047E-07,-0.000351
5.7225047E-07,-0.000342
5.7230047E-07,-0.000332
5.7235047E-07,-0.000323
5.7240047E-07,-0.000313
5.7245047E-07,-0.000304
5.7250047E-07,-0.000294
5.7255047E-07,-0.000285
5.7260047E-07,-0.000277
5.7265047E-07,-0.000268
5.7270047E-07,-0.000259
5.7275047E-07,-0.000250
5.7280047E-07,-0.000241
5.7285047E-07,-0.000232
5.7290047E-07,-0.000222
5.7295047E-07,-0.000211
5.7300047E-07,-0.000200
5.7305047E-07,-0.000188
5.7310047E-07,-0.000176
5.7315047E-07,-0.000163
5.7320047E-07,-0.000150
5.7325047E-07,-0.000136
5.7330047E-07,-0.000122
5.7335047E-07,-0.000107
5.7340047E-07,-0.000093
5.7345047E-07,-0.000078
5.7350047E-07,-0.000064
5.7355047E-07,-0.000050
5.7360047E-07,-0.000037
5.7365047E-07,-0.000024
5.7370047E-07,-0.000012
5.7375047E-07,0.000000
5.7380047E-07,0.000011
5.7385047E-07,0.000021
5.7390047E-07,0.000031
5.7395047E-07,0.000040
5.7400047E-07,0.000049
5.7405047E-07,0.000058
5.7410047E-07,0.000066
5.7415047E-07,0.000074
5.7420047E-07,0.000081
5.7425047E-07,0.000088
5.7430047E-07,0.000095
5.7435047E-07,0.000102
5.7440047E-07,0.000108
5.7445047E-07,0.000113
5.7450047E-07,0.000119
5.7455047E-07,0.000123
5.7460047E-07,0.000126
5.7465047E-07,0.000129
5.7470047E-07,0.000131
5.7475047E-07,0.000131
5.7480047E-07,0.000131
5.7485047E-07,0.000129
5.7490047E-07,0.000126
5.7495047E-07,0.000121
5.7500047E-07,0.000116
5.7505047E-07,0.000109
5.7510047E-07,0.000102
5.7515047E-07,0.000094
5.7520047E-07,0.000085
5.7525047E-07,0.000076
5.7530047E-07,0.000066
5.7535047E-07,0.000057
5.7540047E-07,0.000047
5.7545047E-07,0.000038
5.7550047E-07,0.000029
5.7555047E-07,0.000022
5.7560047E-07,0.000015
5.7565047E-07,0.000008
5.7570047E-07,0.000003
5.7575047E-07,-0.000001
5.7580047E-07,-0.000004
5.7585047E-07,-0.000006
5.7590047E-07,-0.000006
5.7595047E-07,-0.000006
5.7600047E-07,-0.000005
5.7605047E-07,-0.000004
5.7610047E-07,-0.000002
5.7615047E-07,0.000001
5.7620047E-07,0.000003
5.7625047E-07,0.000006
5.7630047E-07,0.000008
5.7635047E-07,0.000010
5.7640047E-07,0.000012
5.7645047E-07,0.000012
5.7650047E-07,0.000012
5.7655047E-07,0.000011
5.7660047E-07,0.000008
5.7665047E-07,0.000004
5.7670047E-07,-0.000001
5.7675047E-07,-0.000007
5.7680047E-07,-0.000014
5.7685047E-07,-0.000022
5.7690047E-07,-0.000032
5.7695047E-07,-0.000042
5.7700047E-07,-0.000053
5.7705047E-07,-0.000065
5.7710047E-07,-0.000078
5.7715047E-07,-0.000090
5.7720047E-07,-0.000103
5.7725047E-07,-0.000116
5.7730047E-07,-0.000129
5.7735047E-07,-0.000142
5.7740047E-07,-0.000154
5.7745047E-07,-0.000166
5.7750047E-07,-0.000177
5.7755047E-07,-0.000188
5.7760047E-07,-0.000198
5.7765047E-07,-0.000208
5.7770047E-07,-0.000216
5.7775047E-07,-0.000224
5.7780047E-07,-0.000231
5.7785047E-07,-0.000236
5.7790047E-07,-0.000241
5.7795047E-07,-0.000245
5.7800047E-07,-0.000247
5.7805047E-07,-0.000248
5.7810047E-07,-0.000248
5.7815047E-07,-0.000246
5.7820047E-07,-0.000244
5.7825047E-07,-0.000240
5.7830047E-07,-0.000235
5.7835047E-07,-0.000229
5.7840047E-07,-0.000222
5.7845047E-07,-0.000214
5.7850047E-07,-0.000206
5.7855047E-07,-0.000197
5.7860047E-07,-0.000189
5.7865047E-07,-0.000180
5.7870047E-07,-0.000173
5.7875047E-07,-0.000166
5.7880047E-07,-0.000160
5.7885047E-07,-0.000155
5.7890047E-07,-0.000151
5.7895047E-07,-0.000149
5.7900047E-07,-0.000149
5.7905047E-07,-0.000151
5.7910047E-07,-0.000154
5.7915047E-07,-0.000158
5.7920047E-07,-0.000164
5.7925047E-07,-0.000171
5.7930047E-07,-0.000179
5.7935047E-07,-0.000188
5.7940047E-07,-0.000196
5.7945047E-07,-0.000206
5.7950047E-07,-0.000214
5.7955047E-07,-0.000223
5.7960047E-07,-0.000231
5.7965047E-07,-0.000237
5.7970047E-07,-0.000243
5.7975047E-07,-0.000248
5.7980047E-07,-0.000252
5.7985047E-07,-0.000254
5.7990047E-07,-0.000256
5.7995047E-07,-0.000256
5.8000047E-07,-0.000256
5.8005047E-07,-0.000255
5.8010047E-07,-0.000254
5.8015047E-07,-0.000253
5.8020047E-07,-0.000251
5.8025047E-07,-0.000249
5.8030047E-07,-0.000247
5.8035047E-07,-0.000245
5.8040047E-07,-0.000244
5.8045047E-07,-0.000242
5.8050047E-07,-0.000240
5.8055047E-07,-0.000238
5.8060047E-07,-0.000235
5.8065047E-07,-0.000231
5.8070047E-07,-0.000227
5.8075047E-07,-0.000221
5.8080047E-07,-0.000215
5.8085047E-07,-0.000207
5.8090047E-07,-0.000197
5.8095047E-07,-0.000187
5.8100047E-07,-0.000175
5.8105047E-07,-0.000161
5.8110047E-07,-0.000147
5.8115047E-07,-0.000132
5.8120047E-07,-0.000117
5.8125047E-07,-0.000101
5.8130047E-07,-0.000085
5.8135047E-07,-0.000070
5.8140047E-07,-0.000056
5.8145047E-07,-0.000043
5.8150047E-07,-0.000032
5.8155047E-07,-0.000022
5.8160047E-07,-0.000014
5.8165047E-07,-0.000008
5.8170047E-07,-0.000004
5.8175047E-07,-0.000001
5.8180047E-07,-0.000001
5.8185047E-07,-0.000002
5.8190047E-07,-0.000005
5.8195047E-07,-0.000009
5.8200047E-07,-0.000013
5.8205047E-07,-0.000019
5.8210047E-07,-0.000024
5.8215047E-07,-0.000030
5.8220047E-07,-0.000036
5.8225047E-07,-0.000042
5.8230047E-07,-0.000047
5.8235047E-07,-0.000052
5.8240047E-07,-0.000057
5.8245047E-07,-0.000061
5.8250047E-07,-0.000065
5.8255047E-07,-0.000068
5.8260047E-07,-0.000072
5.8265047E-07,-0.000076
5.8270047E-07,-0.000080
5.8275047E-07,-0.000085
5.8280047E-07,-0.000090
5.8285047E-07,-0.000096
5.8290047E-07,-0.000102
5.8295047E-07,-0.000109
5.8300047E-07,-0.000117
5.8305047E-07,-0.000126
5.8310047E-07,-0.000135
5.8315047E-07,-0.000145
5.8320047E-07,-0.000155
5.8325047E-07,-0.000166
5.8330047E-07,-0.000176
5.8335047E-07,-0.000186
5.8340047E-07,-0.000196
5.8345047E-07,-0.000206
5.8350047E-07,-0.000215
5.8355047E-07,-0.000223
5.8360047E-07,-0.000230
5.8365047E-07,-0.000237
5.8370047E-07,-0.000243
5.8375047E-07,-0.000248
5.8380047E-07,-0.000252
5.8385047E-07,-0.000256
5.8390047E-07,-0.000259
5.8395047E-07,-0.000261
5.8400047E-07,-0.000263
5.8405047E-07,-0.000265
5.8410047E-07,-0.000266
5.8415047E-07,-0.000267
5.8420047E-07,-0.000268
5.8425047E-07,-0.000269
5.8430047E-07,-0.000270
5.8435047E-07,-0.000271
5.8440047E-07,-0.000272
5.8445047E-07,-0.000272
5.8450047E-07,-0.000273
5.8455047E-07,-0.000273
5.8460047E-07,-0.000272
5.8465047E-07,-0.000271
5.8470047E-07,-0.000269
5.8475047E-07,-0.000267
5.8480047E-07,-0.000263
5.8485047E-07,-0.000259
5.8490047E-07,-0.000253
5.8495047E-07,-0.000246
5.8500047E-07,-0.000238
5.8505047E-07,-0.000228
5.8510047E-07,-0.000218
5.8515047E-07,-0.000206
5.8520047E-07,-0.000194
5.8525047E-07,-0.000181
5.8530047E-07,-0.000168
5.8535047E-07,-0.000155
5.8540047E-07,-0.000141
5.8545047E-07,-0.000128
5.8550047E-07,-0.000116
5.8555047E-07,-0.000105
5.8560047E-07,-0.000094
5.8565047E-07,-0.000086
5.8570047E-07,-0.000078
5.8575047E-07,-0.000073
5.8580047E-07,-0.000069
5.8585047E-07,-0.000067
5.8590047E-07,-0.000067
5.8595047E-07,-0.000068
5.8600047E-07,-0.000072
5.8605047E-07,-0.000076
5.8610047E-07,-0.000082
5.8615047E-07,-0.000088
5.8620047E-07,-0.000096
5.8625047E-07,-0.000103
5.8630047E-07,-0.000111
5.8635047E-07,-0.000119
5.8640047E-07,-0.000127
5.8645047E-07,-0.000134
5.8650047E-07,-0.000141
5.8655047E-07,-0.000148
5.8660047E-07,-0.000154
5.8665047E-07,-0.000159
5.8670047E-07,-0.000164
5.8675047E-07,-0.000168
5.8680047E-07,-0.000173
5.8685047E-07,-0.000177
5.8690047E-07,-0.000181
5.8695047E-07,-0.000186
5.8700047E-07,-0.000191
5.8705047E-07,-0.000196
5.8710047E-07,-0.000202
5.8715047E-07,-0.000209
5.8720047E-07,-0.000216
5.8725047E-07,-0.000224
5.8730047E-07,-0.000233
5.8735047E-07,-0.000242
5.8740047E-07,-0.000252
5.8745047E-07,-0.000261
5.8750047E-07,-0.000271
5.8755047E-07,-0.000281
5.8760047E-07,-0.000291
5.8765047E-07,-0.000300
5.8770047E-07,-0.000309
5.8775047E-07,-0.000317
5.8780047E-07,-0.000324
5.8785047E-07,-0.000331
5.8790047E-07,-0.000338
5.8795047E-07,-0.000344
5.8800047E-07,-0.000349
5.8805047E-07,-0.000354
5.8810047E-07,-0.000359
5.8815047E-07,-0.000363
5.8820047E-07,-0.000368
5.8825047E-07,-0.000372
5.8830047E-07,-0.000377
5.8835047E-07,-0.000383
5.8840047E-07,-0.000388
5.8845047E-07,-0.000394
5.8850047E-07,-0.000400
5.8855047E-07,-0.000406
5.8860047E-07,-0.000412
5.8865047E-07,-0.000418
5.8870047E-07,-0.000424
5.8875047E-07,-0.000429
5.8880047E-07,-0.000434
5.8885047E-07,-0.000438
5.8890047E-07,-0.000441
5.8895047E-07,-0.000443
5.8900047E-07,-0.000443
5.8905047E-07,-0.000443
5.8910047E-07,-0.000441
5.8915047E-07,-0.000438
5.8920047E-07,-0.000435
5.8925047E-07,-0.000430
5.8930047E-07,-0.000424
5.8935047E-07,-0.000418
5.8940047E-07,-0.000411
5.8945047E-07,-0.000404
5.8950047E-07,-0.000397
5.8955047E-07,-0.000389
5.8960047E-07,-0.000381
5.8965047E-07,-0.000373
5.8970047E-07,-0.000365
5.8975047E-07,-0.000356
5.8980047E-07,-0.000348
5.8985047E-07,-0.000339
5.8990047E-07,-0.000329
5.8995047E-07,-0.000319
5.9000047E-07,-0.000308
5.9005047E-07,-0.000296
5.9010047E-07,-0.000283
5.9015047E-07,-0.000269
5.9020047E-07,-0.000254
5.9025047E-07,-0.000237
5.9030047E-07,-0.000220
5.9035047E-07,-0.000201
5.9040047E-07,-0.000182
5.9045047E-07,-0.000162
5.9050047E-07,-0.000141
5.9055047E-07,-0.000120
5.9060047E-07,-0.000099
5.9065047E-07,-0.000078
5.9070047E-07,-0.000057
5.9075047E-07,-0.000036
5.9080047E-07,-0.000016
5.9085047E-07,0.000004
5.9090047E-07,0.000023
5.9095047E-07,0.000042
5.9100047E-07,0.000059
5.9105047E-07,0.000077
5.9110047E-07,0.000093
5.9115047E-07,0.000110
5.9120047E-07,0.000125
5.9125047E-07,0.000141
5.9130047E-07,0.000156
5.9135047E-07,0.000171
5.9140047E-07,0.000186
5.9145047E-07,0.000201
5.9150047E-07,0.000215
5.9155047E-07,0.000228
5.9160047E-07,0.000242
5.9165047E-07,0.000254
5.9170047E-07,0.000265
5.9175047E-07,0.000275
5.9180047E-07,0.000283
5.9185047E-07,0.000289
5.9190047E-07,0.000293
5.9195047E-07,0.000295
5.9200047E-07,0.000294
5.9205047E-07,0.000291
5.9210047E-07,0.000285
5.9215047E-07,0.000276
5.9220047E-07,0.000264
5.9225047E-07,0.000251
5.9230047E-07,0.000235
5.9235047E-07,0.000217
5.9240047E-07,0.000197
5.9245047E-07,0.000177
5.9250047E-07,0.000156
5.9255047E-07,0.000134
5.9260047E-07,0.000113
5.9265047E-07,0.000092
5.9270047E-07,0.000073
5.9275047E-07,0.000055
5.9280047E-07,0.000039
5.9285047E-07,0.000026
5.9290047E-07,0.000014
5.9295047E-07,0.000006
5.9300047E-07,0.000000
5.9305047E-07,-0.000004
5.9310047E-07,-0.000005
5.9315047E-07,-0.000004
5.9320047E-07,0.000000
5.9325047E-07,0.000005
5.9330047E-07,0.000012
5.9335047E-07,0.000019
5.9340047E-07,0.000028
5.9345047E-07,0.000037
5.9350047E-07,0.000046
5.9355047E-07,0.000055
5.9360047E-07,0.000063
5.9365047E-07,0.000070
5.9370047E-07,0.000076
5.9375047E-07,0.000080
5.9380047E-07,0.000083
5.9385047E-07,0.000085
5.9390047E-07,0.000086
5.9395047E-07,0.000085
5.9400047E-07,0.000083
5.9405047E-07,0.000080
5.9410047E-07,0.000076
5.9415047E-07,0.000072
5.9420047E-07,0.000067
5.9425047E-07,0.000062
5.9430047E-07,0.000057
5.9435047E-07,0.000052
5.9440047E-07,0.000048
5.9445047E-07,0.000045
5.9450047E-07,0.000042
5.9455047E-07,0.000039
5.9460047E-07,0.000037
5.9465047E-07,0.000036
5.9470047E-07,0.000036
5.9475047E-07,0.000036
5.9480047E-07,0.000036
5.9485047E-07,0.000037
5.9490047E-07,0.000037
5.9495047E-07,0.000038
5.9500047E-07,0.000039
5.9505047E-07,0.000039
5.9510047E-07,0.000040
5.9515047E-07,0.000040
5.9520047E-07,0.000040
5.9525047E-07,0.000040
5.9530047E-07,0.000040
5.9535047E-07,0.000039
5.9540047E-07,0.000039
5.9545047E-07,0.000039
5.9550047E-07,0.000039
5.9555047E-07,0.000040
5.9560047E-07,0.000041
5.9565047E-07,0.000042
5.9570047E-07,0.000044
5.9575047E-07,0.000046
5.9580047E-07,0.000048
5.9585047E-07,0.000050
5.9590047E-07,0.000052
5.9595047E-07,0.000054
5.9600047E-07,0.000056
5.9605047E-07,0.000056
5.9610047E-07,0.000056
5.9615047E-07,0.000055
5.9620047E-07,0.000052
5.9625047E-07,0.000048
5.9630047E-07,0.000042
5.9635047E-07,0.000035
5.9640047E-07,0.000026
5.9645047E-07,0.000015
5.9650047E-07,0.000003
5.9655047E-07,-0.000010
5.9660047E-07,-0.000025
5.9665047E-07,-0.000040
5.9670047E-07,-0.000057
5.9675047E-07,-0.000073
5.9680047E-07,-0.000090
5.9685047E-07,-0.000106
5.9690047E-07,-0.000122
5.9695047E-07,-0.000138
5.9700047E-07,-0.000153
5.9705047E-07,-0.000167
5.9710047E-07,-0.000179
5.9715047E-07,-0.000191
5.9720047E-07,-0.000201
5.9725047E-07,-0.000211
5.9730047E-07,-0.000219
5.9735047E-07,-0.000226
5.9740047E-07,-0.000232
5.9745047E-07,-0.000237
5.9750047E-07,-0.000241
5.9755047E-07,-0.000244
5.9760047E-07,-0.000246
5.9765047E-07,-0.000248
5.9770047E-07,-0.000248
5.9775047E-07,-0.000248
5.9780047E-07,-0.000247
5.9785047E-07,-0.000244
5.9790047E-07,-0.000241
5.9795047E-07,-0.000236
5.9800047E-07,-0.000230
5.9805047E-07,-0.000222
5.9810047E-07,-0.000214
5.9815047E-07,-0.000204
5.9820047E-07,-0.000193
5.9825047E-07,-0.000182
5.9830047E-07,-0.000169
5.9835047E-07,-0.000156
5.9840047E-07,-0.000143
5.9845047E-07,-0.000131
5.9850047E-07,-0.000118
5.9855047E-07,-0.000107
5.9860047E-07,-0.000096
5.9865047E-07,-0.000088
5.9870047E-07,-0.000081
5.9875047E-07,-0.000076
5.9880047E-07,-0.000073
5.9885047E-07,-0.000073
5.9890047E-07,-0.000075
5.9895047E-07,-0.000080
5.9900047E-07,-0.000086
5.9905047E-07,-0.000095
5.9910047E-07,-0.000106
5.9915047E-07,-0.000118
5.9920047E-07,-0.000131
5.9925047E-07,-0.000145
5.9930047E-07,-0.000159
5.9935047E-07,-0.000173
5.9940047E-07,-0.000187
5.9945047E-07,-0.000200
5.9950047E-07,-0.000212
5.9955047E-07,-0.000222
5.9960047E-07,-0.000232
5.9965047E-07,-0.000239
5.9970047E-07,-0.000245
5.9975047E-07,-0.000249
5.9980047E-07,-0.000251
5.9985047E-07,-0.000252
5.9990047E-07,-0.000252
5.9995047E-07,-0.000250
6.0000047E-07,-0.000248
6.0005047E-07,-0.000244
6.0010047E-07,-0.000240
6.0015047E-07,-0.000235
6.0020047E-07,-0.000230
6.0025047E-07,-0.000224
6.0030047E-07,-0.000219
6.0035047E-07,-0.000213
6.0040047E-07,-0.000207
6.0045047E-07,-0.000201
6.0050047E-07,-0.000194
6.0055047E-07,-0.000187
6.0060047E-07,-0.000180
6.0065047E-07,-0.000173
6.0070047E-07,-0.000165
6.0075047E-07,-0.000156
6.0080047E-07,-0.000146
6.0085047E-07,-0.000136
6.0090047E-07,-0.000126
6.0095047E-07,-0.000114
6.0100047E-07,-0.000102
6.0105047E-07,-0.000090
6.0110047E-07,-0.000077
6.0115047E-07,-0.000064
6.0120047E-07,-0.000051
6.0125047E-07,-0.000038
6.0130047E-07,-0.000025
6.0135047E-07,-0.000012
6.0140047E-07,-0.000001
6.0145047E-07,0.000010
6.0150047E-07,0.000020
6.0155047E-07,0.000029
6.0160047E-07,0.000037
6.0165047E-07,0.000044
6.0170047E-07,0.000050
6.0175047E-07,0.000055
6.0180047E-07,0.000059
6.0185047E-07,0.000063
6.0190047E-07,0.000065
6.0195047E-07,0.000067
6.0200047E-07,0.000069
6.0205047E-07,0.000071
6.0210047E-07,0.000073
6.0215047E-07,0.000075
6.0220047E-07,0.000077
6.0225047E-07,0.000080
6.0230047E-07,0.000084
6.0235047E-07,0.000088
6.0240047E-07,0.000093
6.0245047E-07,0.000099
6.0250047E-07,0.000105
6.0255047E-07,0.000111
6.0260047E-07,0.000118
6.0265047E-07,0.000125
6.0270047E-07,0.000131
6.0275047E-07,0.000138
6.0280047E-07,0.000144
6.0285047E-07,0.000149
6.0290047E-07,0.000154
6.0295047E-07,0.000157
6.0300047E-07,0.000160
6.0305047E-07,0.000161
6.0310047E-07,0.000161
6.0315047E-07,0.000160
6.0320047E-07,0.000159
6.0325047E-07,0.000156
6.0330047E-07,0.000153
6.0335047E-07,0.000149
6.0340047E-07,0.000145
6.0345047E-07,0.000141
6.0350047E-07,0.000137
6.0355047E-07,0.000134
6.0360047E-07,0.000131
6.0365047E-07,0.000129
6.0370047E-07,0.000128
6.0375047E-07,0.000127
6.0380047E-07,0.000128
6.0385047E-07,0.000129
6.0390047E-07,0.000130
6.0395047E-07,0.000132
6.0400047E-07,0.000134
6.0405047E-07,0.000136
6.0410047E-07,0.000138
6.0415047E-07,0.000139
6.0420047E-07,0.000140
6.0425047E-07,0.000139
6.0430047E-07,0.000137
6.0435047E-07,0.000135
6.0440047E-07,0.000131
6.0445047E-07,0.000126
6.0450047E-07,0.000119
6.0455047E-07,0.000112
6.0460047E-07,0.000105
6.0465047E-07,0.000096
6.0470047E-07,0.000088
6.0475047E-07,0.000080
6.0480047E-07,0.000072
6.0485047E-07,0.000065
6.0490047E-07,0.000058
6.0495047E-07,0.000053
6.0500047E-07,0.000050
6.0505047E-07,0.000047
6.0510047E-07,0.000046
6.0515047E-07,0.000047
6.0520047E-07,0.000048
6.0525047E-07,0.000051
6.0530047E-07,0.000055
6.0535047E-07,0.000060
6.0540047E-07,0.000065
6.0545047E-07,0.000070
6.0550047E-07,0.000075
6.0555047E-07,0.000080
6.0560047E-07,0.000085
6.0565047E-07,0.000089
6.0570047E-07,0.000092
6.0575047E-07,0.000094
6.0580047E-07,0.000096
6.0585047E-07,0.000097
6.0590047E-07,0.000097
6.0595047E-07,0.000097
6.0600047E-07,0.000097
6.0605047E-07,0.000096
6.0610047E-07,0.000094
6.0615047E-07,0.000093
6.0620047E-07,0.000092
6.0625047E-07,0.000092
6.0630047E-07,0.000091
6.0635047E-07,0.000090
6.0640047E-07,0.000090
6.0645047E-07,0.000090
6.0650047E-07,0.000090
6.0655047E-07,0.000089
6.0660047E-07,0.000089
6.0665047E-07,0.000088
6.0670047E-07,0.000086
6.0675047E-07,0.000084
6.0680047E-07,0.000081
6.0685047E-07,0.000077
6.0690047E-07,0.000072
6.0695047E-07,0.000066
6.0700047E-07,0.000060
6.0705047E-07,0.000053
6.0710047E-07,0.000045
6.0715047E-07,0.000038
6.0720047E-07,0.000030
6.0725047E-07,0.000021
6.0730047E-07,0.000014
6.0735047E-07,0.000006
6.0740047E-07,-0.000001
6.0745047E-07,-0.000008
6.0750047E-07,-0.000015
6.0755047E-07,-0.000021
6.0760047E-07,-0.000026
6.0765047E-07,-0.000032
6.0770047E-07,-0.000037
6.0775047E-07,-0.000042
6.0780047E-07,-0.000048
6.0785047E-07,-0.000054
6.0790047E-07,-0.000060
6.0795047E-07,-0.000068
6.0800047E-07,-0.000076
6.0805047E-07,-0.000084
6.0810047E-07,-0.000094
6.0815047E-07,-0.000104
6.0820047E-07,-0.000115
6.0825047E-07,-0.000127
6.0830047E-07,-0.000138
6.0835047E-07,-0.000150
6.0840047E-07,-0.000161
6.0845047E-07,-0.000171
6.0850047E-07,-0.000181
6.0855047E-07,-0.000189
6.0860047E-07,-0.000195
6.0865047E-07,-0.000200
6.0870047E-07,-0.000202
6.0875047E-07,-0.000203
6.0880047E-07,-0.000201
6.0885047E-07,-0.000197
6.0890047E-07,-0.000190
6.0895047E-07,-0.000182
6.0900047E-07,-0.000172
6.0905047E-07,-0.000161
6.0910047E-07,-0.000148
6.0915047E-07,-0.000135
6.0920047E-07,-0.000121
6.0925047E-07,-0.000107
6.0930047E-07,-0.000094
6.0935047E-07,-0.000082
6.0940047E-07,-0.000070
6.0945047E-07,-0.000061
6.0950047E-07,-0.000053
6.0955047E-07,-0.000047
6.0960047E-07,-0.000043
6.0965047E-07,-0.000041
6.0970047E-07,-0.000042
6.0975047E-07,-0.000044
6.0980047E-07,-0.000049
6.0985047E-07,-0.000055
6.0990047E-07,-0.000063
6.0995047E-07,-0.000073
6.1000047E-07,-0.000083
6.1005047E-07,-0.000094
6.1010047E-07,-0.000105
6.1015047E-07,-0.000116
6.1020047E-07,-0.000127
6.1025047E-07,-0.000137
6.1030047E-07,-0.000146
6.1035047E-07,-0.000154
6.1040047E-07,-0.000160
6.1045047E-07,-0.000165
6.1050047E-07,-0.000168
6.1055047E-07,-0.000169
6.1060047E-07,-0.000169
6.1065047E-07,-0.000166
6.1070047E-07,-0.000162
6.1075047E-07,-0.000156
6.1080047E-07,-0.000149
6.1085047E-07,-0.000141
6.1090047E-07,-0.000131
6.1095047E-07,-0.000120
6.1100047E-07,-0.000109
6.1105047E-07,-0.000096
6.1110047E-07,-0.000083
6.1115047E-07,-0.000070
6.1120047E-07,-0.000056
6.1125047E-07,-0.000042
6.1130047E-07,-0.000028
6.1135047E-07,-0.000013
6.1140047E-07,0.000002
6.1145047E-07,0.000017
6.1150047E-07,0.000033
6.1155047E-07,0.000048
6.1160047E-07,0.000064
6.1165047E-07,0.000079
6.1170047E-07,0.000095
6.1175047E-07,0.000110
6.1180047E-07,0.000125
6.1185047E-07,0.000140
6.1190047E-07,0.000154
6.1195047E-07,0.000167
6.1200047E-07,0.000179
6.1205047E-07,0.000189
6.1210047E-07,0.000198
6.1215047E-07,0.000206
6.1220047E-07,0.000212
6.1225047E-07,0.000216
6.1230047E-07,0.000218
6.1235047E-07,0.000218
6.1240047E-07,0.000217
6.1245047E-07,0.000213
6.1250047E-07,0.000209
6.1255047E-07,0.000203
6.1260047E-07,0.000196
6.1265047E-07,0.000188
6.1270047E-07,0.000179
6.1275047E-07,0.000171
6.1280047E-07,0.000163
6.1285047E-07,0.000154
6.1290047E-07,0.000147
6.1295047E-07,0.000140
6.1300047E-07,0.000133
6.1305047E-07,0.000128
6.1310047E-07,0.000123
6.1315047E-07,0.000118
6.1320047E-07,0.000114
6.1325047E-07,0.000110
6.1330047E-07,0.000106
6.1335047E-07,0.000102
6.1340047E-07,0.000097
6.1345047E-07,0.000092
6.1350047E-07,0.000086
6.1355047E-07,0.000079
6.1360047E-07,0.000071
6.1365047E-07,0.000062
6.1370047E-07,0.000052
6.1375047E-07,0.000041
6.1380047E-07,0.000030
6.1385047E-07,0.000019
6.1390047E-07,0.000007
6.1395047E-07,-0.000004
6.1400047E-07,-0.000014
6.1405047E-07,-0.000023
6.1410047E-07,-0.000031
6.1415047E-07,-0.000038
6.1420047E-07,-0.000042
6.1425047E-07,-0.000045
6.1430047E-07,-0.000045
6.1435047E-07,-0.000044
6.1440047E-07,-0.000041
6.1445047E-07,-0.000036
6.1450047E-07,-0.000029
6.1455047E-07,-0.000021
6.1460047E-07,-0.000012
6.1465047E-07,-0.000002
6.1470047E-07,0.000008
6.1475047E-07,0.000019
6.1480047E-07,0.000029
6.1485047E-07,0.000039
6.1490047E-07,0.000048
6.1495047E-07,0.000056
6.1500047E-07,0.000063
6.1505047E-07,0.000069
6.1510047E-07,0.000074
6.1515047E-07,0.000078
6.1520047E-07,0.000081
6.1525047E-07,0.000084
6.1530047E-07,0.000086
6.1535047E-07,0.000087
6.1540047E-07,0.000088
6.1545047E-07,0.000089
6.1550047E-07,0.000090
6.1555047E-07,0.000091
6.1560047E-07,0.000092
6.1565047E-07,0.000093
6.1570047E-07,0.000093
6.1575047E-07,0.000094
6.1580047E-07,0.000094
6.1585047E-07,0.000094
6.1590047E-07,0.000094
6.1595047E-07,0.000092
6.1600047E-07,0.000090
6.1605047E-07,0.000087
6.1610047E-07,0.000082
6.1615047E-07,0.000077
6.1620047E-07,0.000069
6.1625047E-07,0.000061
6.1630047E-07,0.000051
6.1635047E-07,0.000040
6.1640047E-07,0.000027
6.1645047E-07,0.000014
6.1650047E-07,0.000000
6.1655047E-07,-0.000014
6.1660047E-07,-0.000029
6.1665047E-07,-0.000043
6.1670047E-07,-0.000058
6.1675047E-07,-0.000071
6.1680047E-07,-0.000084
6.1685047E-07,-0.000096
6.1690047E-07,-0.000107
6.1695047E-07,-0.000116
6.1700047E-07,-0.000124
6.1705047E-07,-0.000130
6.1710047E-07,-0.000135
6.1715047E-07,-0.000139
6.1720047E-07,-0.000140
6.1725047E-07,-0.000141
6.1730047E-07,-0.000140
6.1735047E-07,-0.000138
6.1740047E-07,-0.000135
6.1745047E-07,-0.000131
6.1750047E-07,-0.000127
6.1755047E-07,-0.000122
6.1760047E-07,-0.000116
6.1765047E-07,-0.000110
6.1770047E-07,-0.000104
6.1775047E-07,-0.000098
6.1780047E-07,-0.000091
6.1785047E-07,-0.000085
6.1790047E-07,-0.000079
6.1795047E-07,-0.000072
6.1800047E-07,-0.000066
6.1805047E-07,-0.000060
6.1810047E-07,-0.000055
6.1815047E-07,-0.000049
6.1820047E-07,-0.000043
6.1825047E-07,-0.000038
6.1830047E-07,-0.000033
6.1835047E-07,-0.000028
6.1840047E-07,-0.000024
6.1845047E-07,-0.000020
6.1850047E-07,-0.000016
6.1855047E-07,-0.000012
6.1860047E-07,-0.000009
6.1865047E-07,-0.000007
6.1870047E-07,-0.000005
6.1875047E-07,-0.000003
6.1880047E-07,-0.000002
6.1885047E-07,-0.000002
6.1890047E-07,-0.000002
6.1895047E-07,-0.000003
6.1900047E-07,-0.000005
6.1905047E-07,-0.000007
6.1910047E-07,-0.000009
6.1915047E-07,-0.000013
6.1920047E-07,-0.000016
6.1925047E-07,-0.000020
6.1930047E-07,-0.000024
6.1935047E-07,-0.000027
6.1940047E-07,-0.000031
6.1945047E-07,-0.000035
6.1950047E-07,-0.000038
6.1955047E-07,-0.000040
6.1960047E-07,-0.000042
6.1965047E-07,-0.000043
6.1970047E-07,-0.000043
6.1975047E-07,-0.000043
6.1980047E-07,-0.000041
6.1985047E-07,-0.000038
6.1990047E-07,-0.000035
6.1995047E-07,-0.000031
6.2000047E-07,-0.000026
6.2005047E-07,-0.000020
6.2010047E-07,-0.000014
6.2015047E-07,-0.000007
6.2020047E-07,-0.000001
6.2025047E-07,0.000006
6.2030047E-07,0.000012
6.2035047E-07,0.000019
6.2040047E-07,0.000024
6.2045047E-07,0.000030
6.2050047E-07,0.000034
6.2055047E-07,0.000038
6.2060047E-07,0.000042
6.2065047E-07,0.000044
6.2070047E-07,0.000047
6.2075047E-07,0.000049
6.2080047E-07,0.000051
6.2085047E-07,0.000052
6.2090047E-07,0.000054
6.2095047E-07,0.000056
6.2100047E-07,0.000057
6.2105047E-07,0.000060
6.2110047E-07,0.000062
6.2115047E-07,0.000065
6.2120047E-07,0.000068
6.2125047E-07,0.000072
6.2130047E-07,0.000075
6.2135047E-07,0.000079
6.2140047E-07,0.000083
6.2145047E-07,0.000087
6.2150047E-07,0.000091
6.2155047E-07,0.000095
6.2160047E-07,0.000098
6.2165047E-07,0.000100
6.2170047E-07,0.000103
6.2175047E-07,0.000104
6.2180047E-07,0.000105
6.2185047E-07,0.000106
6.2190047E-07,0.000106
6.2195047E-07,0.000106
6.2200047E-07,0.000106
6.2205047E-07,0.000106
6.2210047E-07,0.000106
6.2215047E-07,0.000106
6.2220047E-07,0.000106
6.2225047E-07,0.000107
6.2230047E-07,0.000107
6.2235047E-07,0.000109
6.2240047E-07,0.000111
6.2245047E-07,0.000113
6.2250047E-07,0.000116
6.2255047E-07,0.000118
6.2260047E-07,0.000121
6.2265047E-07,0.000124
6.2270047E-07,0.000127
6.2275047E-07,0.000130
6.2280047E-07,0.000133
6.2285047E-07,0.000135
6.2290047E-07,0.000137
6.2295047E-07,0.000139
6.2300047E-07,0.000140
6.2305047E-07,0.000141
6.2310047E-07,0.000142
6.2315047E-07,0.000144
6.2320047E-07,0.000145
6.2325047E-07,0.000147
6.2330047E-07,0.000149
6.2335047E-07,0.000152
6.2340047E-07,0.000156
6.2345047E-07,0.000160
6.2350047E-07,0.000165
6.2355047E-07,0.000171
6.2360047E-07,0.000177
6.2365047E-07,0.000184
6.2370047E-07,0.000191
6.2375047E-07,0.000199
6.2380047E-07,0.000207
6.2385047E-07,0.000214
6.2390047E-07,0.000221
6.2395047E-07,0.000227
6.2400047E-07,0.000232
6.2405047E-07,0.000236
6.2410047E-07,0.000239
6.2415047E-07,0.000241
6.2420047E-07,0.000241
6.2425047E-07,0.000240
6.2430047E-07,0.000238
6.2435047E-07,0.000235
6.2440047E-07,0.000230
6.2445047E-07,0.000225
6.2450047E-07,0.000219
6.2455047E-07,0.000213
6.2460047E-07,0.000207
6.2465047E-07,0.000201
6.2470047E-07,0.000195
6.2475047E-07,0.000190
6.2480047E-07,0.000185
6.2485047E-07,0.000182
6.2490047E-07,0.000179
6.2495047E-07,0.000177
6.2500047E-07,0.000177
6.2505047E-07,0.000177
6.2510047E-07,0.000178
6.2515047E-07,0.000179
6.2520047E-07,0.000182
6.2525047E-07,0.000184
6.2530047E-07,0.000188
6.2535047E-07,0.000191
6.2540047E-07,0.000194
6.2545047E-07,0.000197
6.2550047E-07,0.000200
6.2555047E-07,0.000202
6.2560047E-07,0.000204
6.2565047E-07,0.000205
6.2570047E-07,0.000206
6.2575047E-07,0.000206
6.2580047E-07,0.000204
6.2585047E-07,0.000202
6.2590047E-07,0.000200
6.2595047E-07,0.000196
6.2600047E-07,0.000192
6.2605047E-07,0.000187
6.2610047E-07,0.000181
6.2615047E-07,0.000175
6.2620047E-07,0.000168
6.2625047E-07,0.000161
6.2630047E-07,0.000153
6.2635047E-07,0.000145
6.2640047E-07,0.000137
6.2645047E-07,0.000129
6.2650047E-07,0.000121
6.2655047E-07,0.000113
6.2660047E-07,0.000105
6.2665047E-07,0.000098
6.2670047E-07,0.000090
6.2675047E-07,0.000083
6.2680047E-07,0.000075
6.2685047E-07,0.000068
6.2690047E-07,0.000061
6.2695047E-07,0.000054
6.2700047E-07,0.000046
6.2705047E-07,0.000039
6.2710047E-07,0.000031
6.2715047E-07,0.000023
6.2720047E-07,0.000015
6.2725047E-07,0.000007
6.2730047E-07,-0.000001
6.2735047E-07,-0.000010
6.2740047E-07,-0.000018
6.2745047E-07,-0.000026
6.2750047E-07,-0.000034
6.2755047E-07,-0.000042
6.2760047E-07,-0.000049
6.2765047E-07,-0.000055
6.2770047E-07,-0.000061
6.2775047E-07,-0.000065
6.2780047E-07,-0.000068
6.2785047E-07,-0.000070
6.2790047E-07,-0.000070
6.2795047E-07,-0.000069
6.2800047E-07,-0.000067
6.2805047E-07,-0.000064
6.2810047E-07,-0.000059
6.2815047E-07,-0.000053
6.2820047E-07,-0.000047
6.2825047E-07,-0.000039
6.2830047E-07,-0.000031
6.2835047E-07,-0.000023
6.2840047E-07,-0.000014
6.2845047E-07,-0.000005
6.2850047E-07,0.000005
6.2855047E-07,0.000014
6.2860047E-07,0.000023
6.2865047E-07,0.000031
6.2870047E-07,0.000040
6.2875047E-07,0.000048
6.2880047E-07,0.000056
6.2885047E-07,0.000064
6.2890047E-07,0.000072
6.2895047E-07,0.000079
6.2900047E-07,0.000087
6.2905047E-07,0.000094
6.2910047E-07,0.000100
6.2915047E-07,0.000107
6.2920047E-07,0.000113
6.2925047E-07,0.000118
6.2930047E-07,0.000122
6.2935047E-07,0.000126
6.2940047E-07,0.000129
6.2945047E-07,0.000130
6.2950047E-07,0.000131
6.2955047E-07,0.000130
6.2960047E-07,0.000127
6.2965047E-07,0.000124
6.2970047E-07,0.000118
6.2975047E-07,0.000112
6.2980047E-07,0.000104
6.2985047E-07,0.000096
6.2990047E-07,0.000086
6.2995047E-07,0.000076
6.3000047E-07,0.000066
6.3005047E-07,0.000055
6.3010047E-07,0.000045
6.3015047E-07,0.000036
6.3020047E-07,0.000027
6.3025047E-07,0.000020
6.3030047E-07,0.000013
6.3035047E-07,0.000009
6.3040047E-07,0.000005
6.3045047E-07,0.000003
6.3050047E-07,0.000003
6.3055047E-07,0.000004
6.3060047E-07,0.000006
6.3065047E-07,0.000010
6.3070047E-07,0.000014
6.3075047E-07,0.000019
6.3080047E-07,0.000025
6.3085047E-07,0.000031
6.3090047E-07,0.000037
6.3095047E-07,0.000043
6.3100047E-07,0.000048
6.3105047E-07,0.000053
6.3110047E-07,0.000058
6.3115047E-07,0.000061
6.3120047E-07,0.000064
6.3125047E-07,0.000067
6.3130047E-07,0.000068
6.3135047E-07,0.000069
6.3140047E-07,0.000069
6.3145047E-07,0.000068
6.3150047E-07,0.000066
6.3155047E-07,0.000064
6.3160047E-07,0.000061
6.3165047E-07,0.000058
6.3170047E-07,0.000054
6.3175047E-07,0.000049
6.3180047E-07,0.000044
6.3185047E-07,0.000038
6.3190047E-07,0.000032
6.3195047E-07,0.000024
6.3200047E-07,0.000017
6.3205047E-07,0.000008
6.3210047E-07,-0.000001
6.3215047E-07,-0.000011
6.3220047E-07,-0.000021
6.3225047E-07,-0.000031
6.3230047E-07,-0.000042
6.3235047E-07,-0.000053
6.3240047E-07,-0.000064
6.3245047E-07,-0.000074
6.3250047E-07,-0.000085
6.3255047E-07,-0.000094
6.3260047E-07,-0.000103
6.3265047E-07,-0.000111
6.3270047E-07,-0.000118
6.3275047E-07,-0.000124
6.3280047E-07,-0.000128
6.3285047E-07,-0.000131
6.3290047E-07,-0.000132
6.3295047E-07,-0.000131
6.3300047E-07,-0.000128
6.3305047E-07,-0.000124
6.3310047E-07,-0.000117
6.3315047E-07,-0.000109
6.3320047E-07,-0.000099
6.3325047E-07,-0.000087
6.3330047E-07,-0.000074
6.3335047E-07,-0.000059
6.3340047E-07,-0.000044
6.3345047E-07,-0.000027
6.3350047E-07,-0.000009
6.3355047E-07,0.000009
6.3360047E-07,0.000027
6.3365047E-07,0.000045
6.3370047E-07,0.000063
6.3375047E-07,0.000080
6.3380047E-07,0.000097
6.3385047E-07,0.000112
6.3390047E-07,0.000127
6.3395047E-07,0.000140
6.3400047E-07,0.000151
6.3405047E-07,0.000161
6.3410047E-07,0.000170
6.3415047E-07,0.000176
6.3420047E-07,0.000182
6.3425047E-07,0.000186
6.3430047E-07,0.000189
6.3435047E-07,0.000190
6.3440047E-07,0.000191
6.3445047E-07,0.000192
6.3450047E-07,0.000192
6.3455047E-07,0.000191
6.3460047E-07,0.000191
6.3465047E-07,0.000191
6.3470047E-07,0.000192
6.3475047E-07,0.000193
6.3480047E-07,0.000195
6.3485047E-07,0.000198
6.3490047E-07,0.000201
6.3495047E-07,0.000206
6.3500047E-07,0.000211
6.3505047E-07,0.000217
6.3510047E-07,0.000224
6.3515047E-07,0.000231
6.3520047E-07,0.000238
6.3525047E-07,0.000246
6.3530047E-07,0.000254
6.3535047E-07,0.000262
6.3540047E-07,0.000270
6.3545047E-07,0.000277
6.3550047E-07,0.000285
6.3555047E-07,0.000291
6.3560047E-07,0.000298
6.3565047E-07,0.000304
6.3570047E-07,0.000309
6.3575047E-07,0.000313
6.3580047E-07,0.000317
6.3585047E-07,0.000320
6.3590047E-07,0.000323
6.3595047E-07,0.000325
6.3600047E-07,0.000325
6.3605047E-07,0.000325
6.3610047E-07,0.000325
6.3615047E-07,0.000323
6.3620047E-07,0.000320
6.3625047E-07,0.000316
6.3630047E-07,0.000311
6.3635047E-07,0.000306
6.3640047E-07,0.000299
6.3645047E-07,0.000291
6.3650047E-07,0.000283
6.3655047E-07,0.000274
6.3660047E-07,0.000265
6.3665047E-07,0.000255
6.3670047E-07,0.000245
6.3675047E-07,0.000235
6.3680047E-07,0.000226
6.3685047E-07,0.000217
6.3690047E-07,0.000210
6.3695047E-07,0.000203
6.3700047E-07,0.000198
6.3705047E-07,0.000194
6.3710047E-07,0.000191
6.3715047E-07,0.000190
6.3720047E-07,0.000191
6.3725047E-07,0.000193
6.3730047E-07,0.000197
6.3735047E-07,0.000201
6.3740047E-07,0.000207
6.3745047E-07,0.000213
6.3750047E-07,0.000220
6.3755047E-07,0.000227
6.3760047E-07,0.000234
6.3765047E-07,0.000240
6.3770047E-07,0.000246
6.3775047E-07,0.000251
6.3780047E-07,0.000254
6.3785047E-07,0.000257
6.3790047E-07,0.000258
6.3795047E-07,0.000258
6.3800047E-07,0.000257
6.3805047E-07,0.000255
6.3810047E-07,0.000252
6.3815047E-07,0.000248
6.3820047E-07,0.000243
6.3825047E-07,0.000237
6.3830047E-07,0.000232
6.3835047E-07,0.000226
6.3840047E-07,0.000220
6.3845047E-07,0.000215
6.3850047E-07,0.000210
6.3855047E-07,0.000206
6.3860047E-07,0.000202
6.3865047E-07,0.000198
6.3870047E-07,0.000195
6.3875047E-07,0.000193
6.3880047E-07,0.000191
6.3885047E-07,0.000189
6.3890047E-07,0.000188
6.3895047E-07,0.000186
6.3900047E-07,0.000185
6.3905047E-07,0.000183
6.3910047E-07,0.000181
6.3915047E-07,0.000178
6.3920047E-07,0.000175
6.3925047E-07,0.000171
6.3930047E-07,0.000166
6.3935047E-07,0.000161
6.3940047E-07,0.000154
6.3945047E-07,0.000147
6.3950047E-07,0.000140
6.3955047E-07,0.000131
6.3960047E-07,0.000122
6.3965047E-07,0.000113
6.3970047E-07,0.000103
6.3975047E-07,0.000093
6.3980047E-07,0.000083
6.3985047E-07,0.000073
6.3990047E-07,0.000064
6.3995047E-07,0.000055
6.4000047E-07,0.000046
6.4005047E-07,0.000038
6.4010047E-07,0.000031
6.4015047E-07,0.000025
6.4020047E-07,0.000020
6.4025047E-07,0.000016
6.4030047E-07,0.000013
6.4035047E-07,0.000012
6.4040047E-07,0.000011
6.4045047E-07,0.000012
6.4050047E-07,0.000014
6.4055047E-07,0.000016
6.4060047E-07,0.000020
6.4065047E-07,0.000024
6.4070047E-07,0.000029
6.4075047E-07,0.000034
6.4080047E-07,0.000040
6.4085047E-07,0.000046
6.4090047E-07,0.000051
6.4095047E-07,0.000057
6.4100047E-07,0.000063
6.4105047E-07,0.000068
6.4110047E-07,0.000072
6.4115047E-07,0.000076
6.4120047E-07,0.000080
6.4125047E-07,0.000083
6.4130047E-07,0.000085
6.4135047E-07,0.000087
6.4140047E-07,0.000089
6.4145047E-07,0.000089
6.4150047E-07,0.000090
6.4155047E-07,0.000090
6.4160047E-07,0.000089
6.4165047E-07,0.000088
6.4170047E-07,0.000087
6.4175047E-07,0.000086
6.4180047E-07,0.000084
6.4185047E-07,0.000083
6.4190047E-07,0.000081
6.4195047E-07,0.000080
6.4200047E-07,0.000079
6.4205047E-07,0.000078
6.4210047E-07,0.000077
6.4215047E-07,0.000077
6.4220047E-07,0.000078
6.4225047E-07,0.000079
6.4230047E-07,0.000081
6.4235047E-07,0.000085
6.4240047E-07,0.000089
6.4245047E-07,0.000095
6.4250047E-07,0.000102
6.4255047E-07,0.000110
6.4260047E-07,0.000119
6.4265047E-07,0.000130
6.4270047E-07,0.000141
6.4275047E-07,0.000154
6.4280047E-07,0.000168
6.4285047E-07,0.000182
6.4290047E-07,0.000196
6.4295047E-07,0.000211
6.4300047E-07,0.000225
6.4305047E-07,0.000239
6.4310047E-07,0.000252
6.4315047E-07,0.000264
6.4320047E-07,0.000274
6.4325047E-07,0.000283
6.4330047E-07,0.000290
6.4335047E-07,0.000295
6.4340047E-07,0.000298
6.4345047E-07,0.000300
6.4350047E-07,0.000299
6.4355047E-07,0.000297
6.4360047E-07,0.000293
6.4365047E-07,0.000288
6.4370047E-07,0.000282
6.4375047E-07,0.000275
6.4380047E-07,0.000268
6.4385047E-07,0.000260
6.4390047E-07,0.000253
6.4395047E-07,0.000245
6.4400047E-07,0.000239
6.4405047E-07,0.000233
6.4410047E-07,0.000227
6.4415047E-07,0.000223
6.4420047E-07,0.000219
6.4425047E-07,0.000216
6.4430047E-07,0.000214
6.4435047E-07,0.000212
6.4440047E-07,0.000211
6.4445047E-07,0.000210
6.4450047E-07,0.000209
6.4455047E-07,0.000208
6.4460047E-07,0.000206
6.4465047E-07,0.000205
6.4470047E-07,0.000202
6.4475047E-07,0.000200
6.4480047E-07,0.000197
6.4485047E-07,0.000194
6.4490047E-07,0.000190
6.4495047E-07,0.000186
6.4500047E-07,0.000182
6.4505047E-07,0.000178
6.4510047E-07,0.000174
6.4515047E-07,0.000170
6.4520047E-07,0.000166
6.4525047E-07,0.000163
6.4530047E-07,0.000160
6.4535047E-07,0.000158
6.4540047E-07,0.000156
6.4545047E-07,0.000154
6.4550047E-07,0.000153
6.4555047E-07,0.000152
6.4560047E-07,0.000152
6.4565047E-07,0.000151
6.4570047E-07,0.000150
6.4575047E-07,0.000149
6.4580047E-07,0.000148
6.4585047E-07,0.000146
6.4590047E-07,0.000144
6.4595047E-07,0.000141
6.4600047E-07,0.000137
6.4605047E-07,0.000133
6.4610047E-07,0.000129
6.4615047E-07,0.000123
6.4620047E-07,0.000118
6.4625047E-07,0.000111
6.4630047E-07,0.000105
6.4635047E-07,0.000098
6.4640047E-07,0.000091
6.4645047E-07,0.000085
6.4650047E-07,0.000078
6.4655047E-07,0.000071
6.4660047E-07,0.000065
6.4665047E-07,0.000059
6.4670047E-07,0.000053
6.4675047E-07,0.000047
6.4680047E-07,0.000042
6.4685047E-07,0.000037
6.4690047E-07,0.000033
6.4695047E-07,0.000028
6.4700047E-07,0.000024
6.4705047E-07,0.000020
6.4710047E-07,0.000015
6.4715047E-07,0.000011
6.4720047E-07,0.000007
6.4725047E-07,0.000002
6.4730047E-07,-0.000002
6.4735047E-07,-0.000007
6.4740047E-07,-0.000012
6.4745047E-07,-0.000017
6.4750047E-07,-0.000023
6.4755047E-07,-0.000028
6.4760047E-07,-0.000034
6.4765047E-07,-0.000040
6.4770047E-07,-0.000046
6.4775047E-07,-0.000051
6.4780047E-07,-0.000057
6.4785047E-07,-0.000062
6.4790047E-07,-0.000067
6.4795047E-07,-0.000071
6.4800047E-07,-0.000074
6.4805047E-07,-0.000077
6.4810047E-07,-0.000079
6.4815047E-07,-0.000080
6.4820047E-07,-0.000080
6.4825047E-07,-0.000080
6.4830047E-07,-0.000078
6.4835047E-07,-0.000075
6.4840047E-07,-0.000071
6.4845047E-07,-0.000067
6.4850047E-07,-0.000061
6.4855047E-07,-0.000055
6.4860047E-07,-0.000049
6.4865047E-07,-0.000042
6.4870047E-07,-0.000035
6.4875047E-07,-0.000028
6.4880047E-07,-0.000020
6.4885047E-07,-0.000014
6.4890047E-07,-0.000007
6.4895047E-07,-0.000001
6.4900047E-07,0.000005
6.4905047E-07,0.000010
6.4910047E-07,0.000014
6.4915047E-07,0.000018
6.4920047E-07,0.000021
6.4925047E-07,0.000024
6.4930047E-07,0.000026
6.4935047E-07,0.000028
6.4940047E-07,0.000030
6.4945047E-07,0.000031
6.4950047E-07,0.000032
6.4955047E-07,0.000034
6.4960047E-07,0.000035
6.4965047E-07,0.000036
6.4970047E-07,0.000038
6.4975047E-07,0.000039
6.4980047E-07,0.000040
6.4985047E-07,0.000042
6.4990047E-07,0.000043
6.4995047E-07,0.000044
6.5000047E-07,0.000044
6.5005047E-07,0.000044
6.5010047E-07,0.000044
6.5015047E-07,0.000043
6.5020047E-07,0.000042
6.5025047E-07,0.000041
6.5030047E-07,0.000039
6.5035047E-07,0.000037
6.5040047E-07,0.000034
6.5045047E-07,0.000032
6.5050047E-07,0.000030
6.5055047E-07,0.000028
6.5060047E-07,0.000026
6.5065047E-07,0.000025
6.5070047E-07,0.000025
6.5075047E-07,0.000026
6.5080047E-07,0.000028
6.5085047E-07,0.000031
6.5090047E-07,0.000036
6.5095047E-07,0.000041
6.5100047E-07,0.000047
6.5105047E-07,0.000054
6.5110047E-07,0.000062
6.5115047E-07,0.000071
6.5120047E-07,0.000081
6.5125047E-07,0.000090
6.5130047E-07,0.000100
6.5135047E-07,0.000110
6.5140047E-07,0.000119
6.5145047E-07,0.000129
6.5150047E-07,0.000138
6.5155047E-07,0.000147
6.5160047E-07,0.000155
6.5165047E-07,0.000164
6.5170047E-07,0.000172
6.5175047E-07,0.000180
6.5180047E-07,0.000188
6.5185047E-07,0.000196
6.5190047E-07,0.000205
6.5195047E-07,0.000213
6.5200047E-07,0.000223
6.5205047E-07,0.000232
6.5210047E-07,0.000243
6.5215047E-07,0.000253
6.5220047E-07,0.000264
6.5225047E-07,0.000275
6.5230047E-07,0.000286
6.5235047E-07,0.000298
6.5240047E-07,0.000308
6.5245047E-07,0.000319
6.5250047E-07,0.000328
6.5255047E-07,0.000337
6.5260047E-07,0.000345
6.5265047E-07,0.000351
6.5270047E-07,0.000356
6.5275047E-07,0.000360
6.5280047E-07,0.000362
6.5285047E-07,0.000364
6.5290047E-07,0.000363
6.5295047E-07,0.000362
6.5300047E-07,0.000360
6.5305047E-07,0.000357
6.5310047E-07,0.000354
6.5315047E-07,0.000350
6.5320047E-07,0.000346
6.5325047E-07,0.000343
6.5330047E-07,0.000339
6.5335047E-07,0.000337
6.5340047E-07,0.000334
6.5345047E-07,0.000332
6.5350047E-07,0.000331
6.5355047E-07,0.000331
6.5360047E-07,0.000331
6.5365047E-07,0.000331
6.5370047E-07,0.000332
6.5375047E-07,0.000332
6.5380047E-07,0.000333
6.5385047E-07,0.000333
6.5390047E-07,0.000333
6.5395047E-07,0.000332
6.5400047E-07,0.000331
6.5405047E-07,0.000329
6.5410047E-07,0.000326
6.5415047E-07,0.000322
6.5420047E-07,0.000318
6.5425047E-07,0.000313
6.5430047E-07,0.000307
6.5435047E-07,0.000301
