LECROYWaveRunner‘N,20113,Waveform
Segments,1,SegmentSize,4002
Segment,TrigTime,TimeSinceSegment1
#1,12-Dec-2018 11:32:47,0                 
Time,Ampl
4.5691709E-07,-0.000218
4.5696709E-07,-0.000211
4.5701709E-07,-0.000202
4.5706709E-07,-0.000193
4.5711709E-07,-0.000182
4.5716709E-07,-0.000171
4.5721709E-07,-0.000159
4.5726709E-07,-0.000147
4.5731709E-07,-0.000135
4.5736709E-07,-0.000123
4.5741709E-07,-0.000112
4.5746709E-07,-0.000101
4.5751709E-07,-0.000090
4.5756709E-07,-0.000081
4.5761709E-07,-0.000072
4.5766709E-07,-0.000064
4.5771709E-07,-0.000056
4.5776709E-07,-0.000050
4.5781709E-07,-0.000044
4.5786709E-07,-0.000038
4.5791709E-07,-0.000034
4.5796709E-07,-0.000029
4.5801709E-07,-0.000025
4.5806709E-07,-0.000022
4.5811709E-07,-0.000018
4.5816709E-07,-0.000015
4.5821709E-07,-0.000013
4.5826709E-07,-0.000010
4.5831709E-07,-0.000008
4.5836709E-07,-0.000006
4.5841709E-07,-0.000005
4.5846709E-07,-0.000003
4.5851709E-07,-0.000002
4.5856709E-07,-0.000002
4.5861709E-07,-0.000001
4.5866709E-07,-0.000001
4.5871709E-07,-0.000001
4.5876709E-07,-0.000001
4.5881709E-07,0.000000
4.5886709E-07,0.000000
4.5891709E-07,0.000001
4.5896709E-07,0.000003
4.5901709E-07,0.000006
4.5906709E-07,0.000010
4.5911709E-07,0.000015
4.5916709E-07,0.000021
4.5921709E-07,0.000028
4.5926709E-07,0.000037
4.5931709E-07,0.000047
4.5936709E-07,0.000058
4.5941709E-07,0.000070
4.5946709E-07,0.000083
4.5951709E-07,0.000097
4.5956709E-07,0.000110
4.5961709E-07,0.000124
4.5966709E-07,0.000138
4.5971709E-07,0.000151
4.5976709E-07,0.000163
4.5981709E-07,0.000173
4.5986709E-07,0.000183
4.5991709E-07,0.000190
4.5996709E-07,0.000196
4.6001709E-07,0.000200
4.6006709E-07,0.000202
4.6011709E-07,0.000203
4.6016709E-07,0.000202
4.6021709E-07,0.000199
4.6026709E-07,0.000194
4.6031709E-07,0.000189
4.6036709E-07,0.000183
4.6041709E-07,0.000176
4.6046709E-07,0.000169
4.6051709E-07,0.000162
4.6056709E-07,0.000154
4.6061709E-07,0.000147
4.6066709E-07,0.000141
4.6071709E-07,0.000135
4.6076709E-07,0.000130
4.6081709E-07,0.000125
4.6086709E-07,0.000120
4.6091709E-07,0.000116
4.6096709E-07,0.000112
4.6101709E-07,0.000107
4.6106709E-07,0.000103
4.6111709E-07,0.000098
4.6116709E-07,0.000092
4.6121709E-07,0.000085
4.6126709E-07,0.000077
4.6131709E-07,0.000068
4.6136709E-07,0.000058
4.6141709E-07,0.000046
4.6146709E-07,0.000033
4.6151709E-07,0.000019
4.6156709E-07,0.000003
4.6161709E-07,-0.000013
4.6166709E-07,-0.000030
4.6171709E-07,-0.000048
4.6176709E-07,-0.000065
4.6181709E-07,-0.000082
4.6186709E-07,-0.000099
4.6191709E-07,-0.000115
4.6196709E-07,-0.000130
4.6201709E-07,-0.000144
4.6206709E-07,-0.000156
4.6211709E-07,-0.000166
4.6216709E-07,-0.000175
4.6221709E-07,-0.000182
4.6226709E-07,-0.000186
4.6231709E-07,-0.000190
4.6236709E-07,-0.000191
4.6241709E-07,-0.000191
4.6246709E-07,-0.000190
4.6251709E-07,-0.000187
4.6256709E-07,-0.000183
4.6261709E-07,-0.000179
4.6266709E-07,-0.000174
4.6271709E-07,-0.000169
4.6276709E-07,-0.000163
4.6281709E-07,-0.000157
4.6286709E-07,-0.000151
4.6291709E-07,-0.000145
4.6296709E-07,-0.000139
4.6301709E-07,-0.000132
4.6306709E-07,-0.000125
4.6311709E-07,-0.000118
4.6316709E-07,-0.000110
4.6321709E-07,-0.000102
4.6326709E-07,-0.000093
4.6331709E-07,-0.000083
4.6336709E-07,-0.000072
4.6341709E-07,-0.000060
4.6346709E-07,-0.000048
4.6351709E-07,-0.000034
4.6356709E-07,-0.000019
4.6361709E-07,-0.000004
4.6366709E-07,0.000012
4.6371709E-07,0.000029
4.6376709E-07,0.000046
4.6381709E-07,0.000062
4.6386709E-07,0.000079
4.6391709E-07,0.000095
4.6396709E-07,0.000111
4.6401709E-07,0.000125
4.6406709E-07,0.000139
4.6411709E-07,0.000151
4.6416709E-07,0.000163
4.6421709E-07,0.000172
4.6426709E-07,0.000181
4.6431709E-07,0.000187
4.6436709E-07,0.000193
4.6441709E-07,0.000197
4.6446709E-07,0.000200
4.6451709E-07,0.000202
4.6456709E-07,0.000203
4.6461709E-07,0.000202
4.6466709E-07,0.000201
4.6471709E-07,0.000199
4.6476709E-07,0.000196
4.6481709E-07,0.000193
4.6486709E-07,0.000188
4.6491709E-07,0.000183
4.6496709E-07,0.000176
4.6501709E-07,0.000169
4.6506709E-07,0.000160
4.6511709E-07,0.000150
4.6516709E-07,0.000138
4.6521709E-07,0.000125
4.6526709E-07,0.000110
4.6531709E-07,0.000094
4.6536709E-07,0.000077
4.6541709E-07,0.000058
4.6546709E-07,0.000038
4.6551709E-07,0.000017
4.6556709E-07,-0.000005
4.6561709E-07,-0.000027
4.6566709E-07,-0.000048
4.6571709E-07,-0.000070
4.6576709E-07,-0.000090
4.6581709E-07,-0.000109
4.6586709E-07,-0.000127
4.6591709E-07,-0.000143
4.6596709E-07,-0.000156
4.6601709E-07,-0.000167
4.6606709E-07,-0.000176
4.6611709E-07,-0.000182
4.6616709E-07,-0.000185
4.6621709E-07,-0.000186
4.6626709E-07,-0.000184
4.6631709E-07,-0.000181
4.6636709E-07,-0.000176
4.6641709E-07,-0.000169
4.6646709E-07,-0.000161
4.6651709E-07,-0.000153
4.6656709E-07,-0.000144
4.6661709E-07,-0.000135
4.6666709E-07,-0.000127
4.6671709E-07,-0.000119
4.6676709E-07,-0.000113
4.6681709E-07,-0.000107
4.6686709E-07,-0.000103
4.6691709E-07,-0.000099
4.6696709E-07,-0.000097
4.6701709E-07,-0.000096
4.6706709E-07,-0.000095
4.6711709E-07,-0.000095
4.6716709E-07,-0.000095
4.6721709E-07,-0.000094
4.6726709E-07,-0.000094
4.6731709E-07,-0.000092
4.6736709E-07,-0.000090
4.6741709E-07,-0.000087
4.6746709E-07,-0.000082
4.6751709E-07,-0.000076
4.6756709E-07,-0.000068
4.6761709E-07,-0.000059
4.6766709E-07,-0.000048
4.6771709E-07,-0.000036
4.6776709E-07,-0.000023
4.6781709E-07,-0.000009
4.6786709E-07,0.000005
4.6791709E-07,0.000020
4.6796709E-07,0.000035
4.6801709E-07,0.000049
4.6806709E-07,0.000063
4.6811709E-07,0.000076
4.6816709E-07,0.000088
4.6821709E-07,0.000099
4.6826709E-07,0.000109
4.6831709E-07,0.000118
4.6836709E-07,0.000126
4.6841709E-07,0.000133
4.6846709E-07,0.000139
4.6851709E-07,0.000144
4.6856709E-07,0.000148
4.6861709E-07,0.000152
4.6866709E-07,0.000156
4.6871709E-07,0.000159
4.6876709E-07,0.000163
4.6881709E-07,0.000166
4.6886709E-07,0.000170
4.6891709E-07,0.000174
4.6896709E-07,0.000178
4.6901709E-07,0.000182
4.6906709E-07,0.000186
4.6911709E-07,0.000191
4.6916709E-07,0.000195
4.6921709E-07,0.000199
4.6926709E-07,0.000202
4.6931709E-07,0.000205
4.6936709E-07,0.000208
4.6941709E-07,0.000210
4.6946709E-07,0.000211
4.6951709E-07,0.000212
4.6956709E-07,0.000212
4.6961709E-07,0.000212
4.6966709E-07,0.000212
4.6971709E-07,0.000211
4.6976709E-07,0.000211
4.6981709E-07,0.000211
4.6986709E-07,0.000211
4.6991709E-07,0.000212
4.6996709E-07,0.000214
4.7001709E-07,0.000216
4.7006709E-07,0.000220
4.7011709E-07,0.000225
4.7016709E-07,0.000232
4.7021709E-07,0.000239
4.7026709E-07,0.000248
4.7031709E-07,0.000257
4.7036709E-07,0.000268
4.7041709E-07,0.000279
4.7046709E-07,0.000290
4.7051709E-07,0.000302
4.7056709E-07,0.000313
4.7061709E-07,0.000324
4.7066709E-07,0.000334
4.7071709E-07,0.000344
4.7076709E-07,0.000352
4.7081709E-07,0.000360
4.7086709E-07,0.000366
4.7091709E-07,0.000371
4.7096709E-07,0.000375
4.7101709E-07,0.000378
4.7106709E-07,0.000379
4.7111709E-07,0.000380
4.7116709E-07,0.000380
4.7121709E-07,0.000380
4.7126709E-07,0.000379
4.7131709E-07,0.000377
4.7136709E-07,0.000376
4.7141709E-07,0.000374
4.7146709E-07,0.000373
4.7151709E-07,0.000372
4.7156709E-07,0.000370
4.7161709E-07,0.000369
4.7166709E-07,0.000367
4.7171709E-07,0.000365
4.7176709E-07,0.000362
4.7181709E-07,0.000358
4.7186709E-07,0.000354
4.7191709E-07,0.000348
4.7196709E-07,0.000341
4.7201709E-07,0.000332
4.7206709E-07,0.000321
4.7211709E-07,0.000309
4.7216709E-07,0.000294
4.7221709E-07,0.000278
4.7226709E-07,0.000261
4.7231709E-07,0.000241
4.7236709E-07,0.000221
4.7241709E-07,0.000199
4.7246709E-07,0.000176
4.7251709E-07,0.000153
4.7256709E-07,0.000130
4.7261709E-07,0.000107
4.7266709E-07,0.000084
4.7271709E-07,0.000061
4.7276709E-07,0.000040
4.7281709E-07,0.000019
4.7286709E-07,0.000000
4.7291709E-07,-0.000018
4.7296709E-07,-0.000036
4.7301709E-07,-0.000052
4.7306709E-07,-0.000067
4.7311709E-07,-0.000081
4.7316709E-07,-0.000094
4.7321709E-07,-0.000107
4.7326709E-07,-0.000120
4.7331709E-07,-0.000132
4.7336709E-07,-0.000144
4.7341709E-07,-0.000156
4.7346709E-07,-0.000168
4.7351709E-07,-0.000180
4.7356709E-07,-0.000192
4.7361709E-07,-0.000204
4.7366709E-07,-0.000216
4.7371709E-07,-0.000227
4.7376709E-07,-0.000237
4.7381709E-07,-0.000246
4.7386709E-07,-0.000254
4.7391709E-07,-0.000261
4.7396709E-07,-0.000265
4.7401709E-07,-0.000268
4.7406709E-07,-0.000269
4.7411709E-07,-0.000267
4.7416709E-07,-0.000264
4.7421709E-07,-0.000258
4.7426709E-07,-0.000249
4.7431709E-07,-0.000239
4.7436709E-07,-0.000227
4.7441709E-07,-0.000214
4.7446709E-07,-0.000199
4.7451709E-07,-0.000184
4.7456709E-07,-0.000168
4.7461709E-07,-0.000151
4.7466709E-07,-0.000135
4.7471709E-07,-0.000120
4.7476709E-07,-0.000105
4.7481709E-07,-0.000091
4.7486709E-07,-0.000079
4.7491709E-07,-0.000068
4.7496709E-07,-0.000058
4.7501709E-07,-0.000049
4.7506709E-07,-0.000042
4.7511709E-07,-0.000036
4.7516709E-07,-0.000031
4.7521709E-07,-0.000026
4.7526709E-07,-0.000023
4.7531709E-07,-0.000019
4.7536709E-07,-0.000016
4.7541709E-07,-0.000013
4.7546709E-07,-0.000010
4.7551709E-07,-0.000007
4.7556709E-07,-0.000004
4.7561709E-07,0.000000
4.7566709E-07,0.000004
4.7571709E-07,0.000008
4.7576709E-07,0.000012
4.7581709E-07,0.000015
4.7586709E-07,0.000018
4.7591709E-07,0.000021
4.7596709E-07,0.000022
4.7601709E-07,0.000023
4.7606709E-07,0.000022
4.7611709E-07,0.000020
4.7616709E-07,0.000016
4.7621709E-07,0.000011
4.7626709E-07,0.000005
4.7631709E-07,-0.000003
4.7636709E-07,-0.000012
4.7641709E-07,-0.000023
4.7646709E-07,-0.000034
4.7651709E-07,-0.000047
4.7656709E-07,-0.000059
4.7661709E-07,-0.000072
4.7666709E-07,-0.000084
4.7671709E-07,-0.000096
4.7676709E-07,-0.000107
4.7681709E-07,-0.000118
4.7686709E-07,-0.000126
4.7691709E-07,-0.000134
4.7696709E-07,-0.000140
4.7701709E-07,-0.000144
4.7706709E-07,-0.000147
4.7711709E-07,-0.000148
4.7716709E-07,-0.000148
4.7721709E-07,-0.000146
4.7726709E-07,-0.000143
4.7731709E-07,-0.000138
4.7736709E-07,-0.000133
4.7741709E-07,-0.000127
4.7746709E-07,-0.000121
4.7751709E-07,-0.000114
4.7756709E-07,-0.000107
4.7761709E-07,-0.000100
4.7766709E-07,-0.000093
4.7771709E-07,-0.000086
4.7776709E-07,-0.000080
4.7781709E-07,-0.000074
4.7786709E-07,-0.000068
4.7791709E-07,-0.000063
4.7796709E-07,-0.000058
4.7801709E-07,-0.000053
4.7806709E-07,-0.000048
4.7811709E-07,-0.000044
4.7816709E-07,-0.000039
4.7821709E-07,-0.000035
4.7826709E-07,-0.000030
4.7831709E-07,-0.000025
4.7836709E-07,-0.000020
4.7841709E-07,-0.000015
4.7846709E-07,-0.000010
4.7851709E-07,-0.000004
4.7856709E-07,0.000002
4.7861709E-07,0.000008
4.7866709E-07,0.000013
4.7871709E-07,0.000019
4.7876709E-07,0.000025
4.7881709E-07,0.000031
4.7886709E-07,0.000037
4.7891709E-07,0.000043
4.7896709E-07,0.000048
4.7901709E-07,0.000053
4.7906709E-07,0.000059
4.7911709E-07,0.000064
4.7916709E-07,0.000069
4.7921709E-07,0.000074
4.7926709E-07,0.000080
4.7931709E-07,0.000085
4.7936709E-07,0.000091
4.7941709E-07,0.000096
4.7946709E-07,0.000103
4.7951709E-07,0.000109
4.7956709E-07,0.000115
4.7961709E-07,0.000122
4.7966709E-07,0.000129
4.7971709E-07,0.000135
4.7976709E-07,0.000142
4.7981709E-07,0.000148
4.7986709E-07,0.000154
4.7991709E-07,0.000160
4.7996709E-07,0.000164
4.8001709E-07,0.000168
4.8006709E-07,0.000171
4.8011709E-07,0.000173
4.8016709E-07,0.000174
4.8021709E-07,0.000173
4.8026709E-07,0.000172
4.8031709E-07,0.000170
4.8036709E-07,0.000166
4.8041709E-07,0.000162
4.8046709E-07,0.000156
4.8051709E-07,0.000151
4.8056709E-07,0.000144
4.8061709E-07,0.000138
4.8066709E-07,0.000131
4.8071709E-07,0.000125
4.8076709E-07,0.000118
4.8081709E-07,0.000112
4.8086709E-07,0.000107
4.8091709E-07,0.000102
4.8096709E-07,0.000097
4.8101709E-07,0.000094
4.8106709E-07,0.000090
4.8111709E-07,0.000088
4.8116709E-07,0.000085
4.8121709E-07,0.000083
4.8126709E-07,0.000081
4.8131709E-07,0.000080
4.8136709E-07,0.000078
4.8141709E-07,0.000076
4.8146709E-07,0.000073
4.8151709E-07,0.000071
4.8156709E-07,0.000067
4.8161709E-07,0.000063
4.8166709E-07,0.000059
4.8171709E-07,0.000054
4.8176709E-07,0.000048
4.8181709E-07,0.000042
4.8186709E-07,0.000035
4.8191709E-07,0.000029
4.8196709E-07,0.000021
4.8201709E-07,0.000014
4.8206709E-07,0.000007
4.8211709E-07,0.000000
4.8216709E-07,-0.000007
4.8221709E-07,-0.000014
4.8226709E-07,-0.000021
4.8231709E-07,-0.000027
4.8236709E-07,-0.000033
4.8241709E-07,-0.000039
4.8246709E-07,-0.000045
4.8251709E-07,-0.000050
4.8256709E-07,-0.000056
4.8261709E-07,-0.000061
4.8266709E-07,-0.000066
4.8271709E-07,-0.000072
4.8276709E-07,-0.000077
4.8281709E-07,-0.000083
4.8286709E-07,-0.000088
4.8291709E-07,-0.000094
4.8296709E-07,-0.000099
4.8301709E-07,-0.000104
4.8306709E-07,-0.000109
4.8311709E-07,-0.000114
4.8316709E-07,-0.000118
4.8321709E-07,-0.000121
4.8326709E-07,-0.000123
4.8331709E-07,-0.000125
4.8336709E-07,-0.000126
4.8341709E-07,-0.000126
4.8346709E-07,-0.000124
4.8351709E-07,-0.000122
4.8356709E-07,-0.000119
4.8361709E-07,-0.000115
4.8366709E-07,-0.000111
4.8371709E-07,-0.000106
4.8376709E-07,-0.000102
4.8381709E-07,-0.000097
4.8386709E-07,-0.000093
4.8391709E-07,-0.000089
4.8396709E-07,-0.000087
4.8401709E-07,-0.000086
4.8406709E-07,-0.000086
4.8411709E-07,-0.000088
4.8416709E-07,-0.000091
4.8421709E-07,-0.000096
4.8426709E-07,-0.000103
4.8431709E-07,-0.000112
4.8436709E-07,-0.000122
4.8441709E-07,-0.000134
4.8446709E-07,-0.000146
4.8451709E-07,-0.000160
4.8456709E-07,-0.000173
4.8461709E-07,-0.000187
4.8466709E-07,-0.000201
4.8471709E-07,-0.000214
4.8476709E-07,-0.000227
4.8481709E-07,-0.000238
4.8486709E-07,-0.000248
4.8491709E-07,-0.000257
4.8496709E-07,-0.000263
4.8501709E-07,-0.000268
4.8506709E-07,-0.000271
4.8511709E-07,-0.000273
4.8516709E-07,-0.000273
4.8521709E-07,-0.000271
4.8526709E-07,-0.000269
4.8531709E-07,-0.000265
4.8536709E-07,-0.000260
4.8541709E-07,-0.000255
4.8546709E-07,-0.000249
4.8551709E-07,-0.000244
4.8556709E-07,-0.000238
4.8561709E-07,-0.000233
4.8566709E-07,-0.000228
4.8571709E-07,-0.000224
4.8576709E-07,-0.000220
4.8581709E-07,-0.000217
4.8586709E-07,-0.000215
4.8591709E-07,-0.000212
4.8596709E-07,-0.000210
4.8601709E-07,-0.000208
4.8606709E-07,-0.000206
4.8611709E-07,-0.000204
4.8616709E-07,-0.000201
4.8621709E-07,-0.000198
4.8626709E-07,-0.000194
4.8631709E-07,-0.000190
4.8636709E-07,-0.000185
4.8641709E-07,-0.000179
4.8646709E-07,-0.000173
4.8651709E-07,-0.000166
4.8656709E-07,-0.000159
4.8661709E-07,-0.000152
4.8666709E-07,-0.000145
4.8671709E-07,-0.000138
4.8676709E-07,-0.000131
4.8681709E-07,-0.000125
4.8686709E-07,-0.000120
4.8691709E-07,-0.000116
4.8696709E-07,-0.000113
4.8701709E-07,-0.000111
4.8706709E-07,-0.000110
4.8711709E-07,-0.000110
4.8716709E-07,-0.000111
4.8721709E-07,-0.000113
4.8726709E-07,-0.000115
4.8731709E-07,-0.000118
4.8736709E-07,-0.000122
4.8741709E-07,-0.000125
4.8746709E-07,-0.000128
4.8751709E-07,-0.000131
4.8756709E-07,-0.000133
4.8761709E-07,-0.000134
4.8766709E-07,-0.000135
4.8771709E-07,-0.000134
4.8776709E-07,-0.000133
4.8781709E-07,-0.000131
4.8786709E-07,-0.000128
4.8791709E-07,-0.000124
4.8796709E-07,-0.000120
4.8801709E-07,-0.000115
4.8806709E-07,-0.000110
4.8811709E-07,-0.000105
4.8816709E-07,-0.000100
4.8821709E-07,-0.000095
4.8826709E-07,-0.000091
4.8831709E-07,-0.000087
4.8836709E-07,-0.000084
4.8841709E-07,-0.000081
4.8846709E-07,-0.000078
4.8851709E-07,-0.000077
4.8856709E-07,-0.000075
4.8861709E-07,-0.000074
4.8866709E-07,-0.000072
4.8871709E-07,-0.000071
4.8876709E-07,-0.000069
4.8881709E-07,-0.000067
4.8886709E-07,-0.000064
4.8891709E-07,-0.000061
4.8896709E-07,-0.000057
4.8901709E-07,-0.000052
4.8906709E-07,-0.000047
4.8911709E-07,-0.000041
4.8916709E-07,-0.000035
4.8921709E-07,-0.000029
4.8926709E-07,-0.000022
4.8931709E-07,-0.000016
4.8936709E-07,-0.000009
4.8941709E-07,-0.000004
4.8946709E-07,0.000002
4.8951709E-07,0.000006
4.8956709E-07,0.000010
4.8961709E-07,0.000013
4.8966709E-07,0.000015
4.8971709E-07,0.000017
4.8976709E-07,0.000017
4.8981709E-07,0.000018
4.8986709E-07,0.000017
4.8991709E-07,0.000017
4.8996709E-07,0.000017
4.9001709E-07,0.000017
4.9006709E-07,0.000018
4.9011709E-07,0.000020
4.9016709E-07,0.000022
4.9021709E-07,0.000026
4.9026709E-07,0.000031
4.9031709E-07,0.000037
4.9036709E-07,0.000044
4.9041709E-07,0.000053
4.9046709E-07,0.000063
4.9051709E-07,0.000074
4.9056709E-07,0.000085
4.9061709E-07,0.000097
4.9066709E-07,0.000109
4.9071709E-07,0.000121
4.9076709E-07,0.000133
4.9081709E-07,0.000144
4.9086709E-07,0.000154
4.9091709E-07,0.000164
4.9096709E-07,0.000172
4.9101709E-07,0.000180
4.9106709E-07,0.000186
4.9111709E-07,0.000190
4.9116709E-07,0.000194
4.9121709E-07,0.000197
4.9126709E-07,0.000198
4.9131709E-07,0.000199
4.9136709E-07,0.000199
4.9141709E-07,0.000199
4.9146709E-07,0.000198
4.9151709E-07,0.000197
4.9156709E-07,0.000196
4.9161709E-07,0.000195
4.9166709E-07,0.000194
4.9171709E-07,0.000192
4.9176709E-07,0.000190
4.9181709E-07,0.000188
4.9186709E-07,0.000185
4.9191709E-07,0.000181
4.9196709E-07,0.000176
4.9201709E-07,0.000169
4.9206709E-07,0.000161
4.9211709E-07,0.000150
4.9216709E-07,0.000137
4.9221709E-07,0.000122
4.9226709E-07,0.000104
4.9231709E-07,0.000083
4.9236709E-07,0.000059
4.9241709E-07,0.000032
4.9246709E-07,0.000002
4.9251709E-07,-0.000031
4.9256709E-07,-0.000068
4.9261709E-07,-0.000106
4.9266709E-07,-0.000148
4.9271709E-07,-0.000192
4.9276709E-07,-0.000238
4.9281709E-07,-0.000286
4.9286709E-07,-0.000336
4.9291709E-07,-0.000389
4.9296709E-07,-0.000443
4.9301709E-07,-0.000498
4.9306709E-07,-0.000556
4.9311709E-07,-0.000615
4.9316709E-07,-0.000676
4.9321709E-07,-0.000739
4.9326709E-07,-0.000805
4.9331709E-07,-0.000872
4.9336709E-07,-0.000942
4.9341709E-07,-0.001014
4.9346709E-07,-0.001089
4.9351709E-07,-0.001167
4.9356709E-07,-0.001248
4.9361709E-07,-0.001331
4.9366709E-07,-0.001417
4.9371709E-07,-0.001506
4.9376709E-07,-0.001598
4.9381709E-07,-0.001691
4.9386709E-07,-0.001787
4.9391709E-07,-0.001885
4.9396709E-07,-0.001984
4.9401709E-07,-0.002084
4.9406709E-07,-0.002185
4.9411709E-07,-0.002285
4.9416709E-07,-0.002386
4.9421709E-07,-0.002487
4.9426709E-07,-0.002587
4.9431709E-07,-0.002685
4.9436709E-07,-0.002783
4.9441709E-07,-0.002878
4.9446709E-07,-0.002973
4.9451709E-07,-0.003066
4.9456709E-07,-0.003157
4.9461709E-07,-0.003246
4.9466709E-07,-0.003334
4.9471709E-07,-0.003421
4.9476709E-07,-0.003507
4.9481709E-07,-0.003591
4.9486709E-07,-0.003674
4.9491709E-07,-0.003756
4.9496709E-07,-0.003837
4.9501709E-07,-0.003917
4.9506709E-07,-0.003996
4.9511709E-07,-0.004074
4.9516709E-07,-0.004151
4.9521709E-07,-0.004227
4.9526709E-07,-0.004301
4.9531709E-07,-0.004373
4.9536709E-07,-0.004443
4.9541709E-07,-0.004510
4.9546709E-07,-0.004575
4.9551709E-07,-0.004637
4.9556709E-07,-0.004696
4.9561709E-07,-0.004752
4.9566709E-07,-0.004804
4.9571709E-07,-0.004853
4.9576709E-07,-0.004898
4.9581709E-07,-0.004940
4.9586709E-07,-0.004979
4.9591709E-07,-0.005015
4.9596709E-07,-0.005047
4.9601709E-07,-0.005077
4.9606709E-07,-0.005104
4.9611709E-07,-0.005129
4.9616709E-07,-0.005151
4.9621709E-07,-0.005172
4.9626709E-07,-0.005190
4.9631709E-07,-0.005207
4.9636709E-07,-0.005222
4.9641709E-07,-0.005236
4.9646709E-07,-0.005247
4.9651709E-07,-0.005257
4.9656709E-07,-0.005264
4.9661709E-07,-0.005269
4.9666709E-07,-0.005272
4.9671709E-07,-0.005272
4.9676709E-07,-0.005268
4.9681709E-07,-0.005262
4.9686709E-07,-0.005252
4.9691709E-07,-0.005239
4.9696709E-07,-0.005222
4.9701709E-07,-0.005202
4.9706709E-07,-0.005179
4.9711709E-07,-0.005152
4.9716709E-07,-0.005123
4.9721709E-07,-0.005091
4.9726709E-07,-0.005056
4.9731709E-07,-0.005020
4.9736709E-07,-0.004982
4.9741709E-07,-0.004942
4.9746709E-07,-0.004902
4.9751709E-07,-0.004862
4.9756709E-07,-0.004822
4.9761709E-07,-0.004782
4.9766709E-07,-0.004743
4.9771709E-07,-0.004705
4.9776709E-07,-0.004667
4.9781709E-07,-0.004631
4.9786709E-07,-0.004595
4.9791709E-07,-0.004560
4.9796709E-07,-0.004526
4.9801709E-07,-0.004493
4.9806709E-07,-0.004460
4.9811709E-07,-0.004427
4.9816709E-07,-0.004395
4.9821709E-07,-0.004363
4.9826709E-07,-0.004330
4.9831709E-07,-0.004297
4.9836709E-07,-0.004264
4.9841709E-07,-0.004230
4.9846709E-07,-0.004197
4.9851709E-07,-0.004163
4.9856709E-07,-0.004129
4.9861709E-07,-0.004095
4.9866709E-07,-0.004062
4.9871709E-07,-0.004029
4.9876709E-07,-0.003997
4.9881709E-07,-0.003966
4.9886709E-07,-0.003936
4.9891709E-07,-0.003907
4.9896709E-07,-0.003879
4.9901709E-07,-0.003852
4.9906709E-07,-0.003826
4.9911709E-07,-0.003801
4.9916709E-07,-0.003777
4.9921709E-07,-0.003754
4.9926709E-07,-0.003731
4.9931709E-07,-0.003708
4.9936709E-07,-0.003686
4.9941709E-07,-0.003662
4.9946709E-07,-0.003639
4.9951709E-07,-0.003614
4.9956709E-07,-0.003589
4.9961709E-07,-0.003563
4.9966709E-07,-0.003536
4.9971709E-07,-0.003508
4.9976709E-07,-0.003480
4.9981709E-07,-0.003450
4.9986709E-07,-0.003421
4.9991709E-07,-0.003391
4.9996709E-07,-0.003361
5.0001709E-07,-0.003331
5.0006709E-07,-0.003302
5.0011709E-07,-0.003274
5.0016709E-07,-0.003247
5.0021709E-07,-0.003220
5.0026709E-07,-0.003195
5.0031709E-07,-0.003171
5.0036709E-07,-0.003148
5.0041709E-07,-0.003126
5.0046709E-07,-0.003104
5.0051709E-07,-0.003082
5.0056709E-07,-0.003061
5.0061709E-07,-0.003039
5.0066709E-07,-0.003016
5.0071709E-07,-0.002991
5.0076709E-07,-0.002965
5.0081709E-07,-0.002938
5.0086709E-07,-0.002907
5.0091709E-07,-0.002875
5.0096709E-07,-0.002840
5.0101709E-07,-0.002802
5.0106709E-07,-0.002762
5.0111709E-07,-0.002719
5.0116709E-07,-0.002674
5.0121709E-07,-0.002628
5.0126709E-07,-0.002580
5.0131709E-07,-0.002530
5.0136709E-07,-0.002481
5.0141709E-07,-0.002431
5.0146709E-07,-0.002382
5.0151709E-07,-0.002333
5.0156709E-07,-0.002286
5.0161709E-07,-0.002241
5.0166709E-07,-0.002198
5.0171709E-07,-0.002156
5.0176709E-07,-0.002117
5.0181709E-07,-0.002081
5.0186709E-07,-0.002047
5.0191709E-07,-0.002015
5.0196709E-07,-0.001985
5.0201709E-07,-0.001956
5.0206709E-07,-0.001930
5.0211709E-07,-0.001904
5.0216709E-07,-0.001880
5.0221709E-07,-0.001856
5.0226709E-07,-0.001832
5.0231709E-07,-0.001808
5.0236709E-07,-0.001785
5.0241709E-07,-0.001761
5.0246709E-07,-0.001736
5.0251709E-07,-0.001711
5.0256709E-07,-0.001687
5.0261709E-07,-0.001661
5.0266709E-07,-0.001636
5.0271709E-07,-0.001612
5.0276709E-07,-0.001587
5.0281709E-07,-0.001564
5.0286709E-07,-0.001541
5.0291709E-07,-0.001520
5.0296709E-07,-0.001500
5.0301709E-07,-0.001481
5.0306709E-07,-0.001464
5.0311709E-07,-0.001449
5.0316709E-07,-0.001435
5.0321709E-07,-0.001423
5.0326709E-07,-0.001412
5.0331709E-07,-0.001402
5.0336709E-07,-0.001392
5.0341709E-07,-0.001383
5.0346709E-07,-0.001375
5.0351709E-07,-0.001366
5.0356709E-07,-0.001357
5.0361709E-07,-0.001347
5.0366709E-07,-0.001336
5.0371709E-07,-0.001324
5.0376709E-07,-0.001311
5.0381709E-07,-0.001297
5.0386709E-07,-0.001283
5.0391709E-07,-0.001267
5.0396709E-07,-0.001252
5.0401709E-07,-0.001235
5.0406709E-07,-0.001220
5.0411709E-07,-0.001204
5.0416709E-07,-0.001190
5.0421709E-07,-0.001176
5.0426709E-07,-0.001164
5.0431709E-07,-0.001154
5.0436709E-07,-0.001146
5.0441709E-07,-0.001139
5.0446709E-07,-0.001135
5.0451709E-07,-0.001133
5.0456709E-07,-0.001132
5.0461709E-07,-0.001134
5.0466709E-07,-0.001137
5.0471709E-07,-0.001141
5.0476709E-07,-0.001146
5.0481709E-07,-0.001151
5.0486709E-07,-0.001157
5.0491709E-07,-0.001162
5.0496709E-07,-0.001168
5.0501709E-07,-0.001172
5.0506709E-07,-0.001176
5.0511709E-07,-0.001179
5.0516709E-07,-0.001181
5.0521709E-07,-0.001182
5.0526709E-07,-0.001182
5.0531709E-07,-0.001182
5.0536709E-07,-0.001181
5.0541709E-07,-0.001179
5.0546709E-07,-0.001177
5.0551709E-07,-0.001176
5.0556709E-07,-0.001174
5.0561709E-07,-0.001173
5.0566709E-07,-0.001173
5.0571709E-07,-0.001172
5.0576709E-07,-0.001173
5.0581709E-07,-0.001173
5.0586709E-07,-0.001175
5.0591709E-07,-0.001176
5.0596709E-07,-0.001177
5.0601709E-07,-0.001179
5.0606709E-07,-0.001180
5.0611709E-07,-0.001180
5.0616709E-07,-0.001180
5.0621709E-07,-0.001179
5.0626709E-07,-0.001177
5.0631709E-07,-0.001175
5.0636709E-07,-0.001171
5.0641709E-07,-0.001167
5.0646709E-07,-0.001162
5.0651709E-07,-0.001158
5.0656709E-07,-0.001153
5.0661709E-07,-0.001148
5.0666709E-07,-0.001145
5.0671709E-07,-0.001142
5.0676709E-07,-0.001141
5.0681709E-07,-0.001142
5.0686709E-07,-0.001144
5.0691709E-07,-0.001149
5.0696709E-07,-0.001157
5.0701709E-07,-0.001166
5.0706709E-07,-0.001178
5.0711709E-07,-0.001193
5.0716709E-07,-0.001209
5.0721709E-07,-0.001227
5.0726709E-07,-0.001246
5.0731709E-07,-0.001265
5.0736709E-07,-0.001285
5.0741709E-07,-0.001305
5.0746709E-07,-0.001324
5.0751709E-07,-0.001341
5.0756709E-07,-0.001357
5.0761709E-07,-0.001371
5.0766709E-07,-0.001383
5.0771709E-07,-0.001392
5.0776709E-07,-0.001399
5.0781709E-07,-0.001403
5.0786709E-07,-0.001404
5.0791709E-07,-0.001404
5.0796709E-07,-0.001401
5.0801709E-07,-0.001397
5.0806709E-07,-0.001392
5.0811709E-07,-0.001385
5.0816709E-07,-0.001378
5.0821709E-07,-0.001370
5.0826709E-07,-0.001363
5.0831709E-07,-0.001355
5.0836709E-07,-0.001348
5.0841709E-07,-0.001342
5.0846709E-07,-0.001335
5.0851709E-07,-0.001329
5.0856709E-07,-0.001322
5.0861709E-07,-0.001315
5.0866709E-07,-0.001308
5.0871709E-07,-0.001299
5.0876709E-07,-0.001289
5.0881709E-07,-0.001277
5.0886709E-07,-0.001263
5.0891709E-07,-0.001247
5.0896709E-07,-0.001228
5.0901709E-07,-0.001207
5.0906709E-07,-0.001183
5.0911709E-07,-0.001156
5.0916709E-07,-0.001127
5.0921709E-07,-0.001096
5.0926709E-07,-0.001064
5.0931709E-07,-0.001031
5.0936709E-07,-0.000997
5.0941709E-07,-0.000963
5.0946709E-07,-0.000930
5.0951709E-07,-0.000899
5.0956709E-07,-0.000869
5.0961709E-07,-0.000841
5.0966709E-07,-0.000816
5.0971709E-07,-0.000794
5.0976709E-07,-0.000775
5.0981709E-07,-0.000759
5.0986709E-07,-0.000745
5.0991709E-07,-0.000735
5.0996709E-07,-0.000727
5.1001709E-07,-0.000720
5.1006709E-07,-0.000715
5.1011709E-07,-0.000711
5.1016709E-07,-0.000708
5.1021709E-07,-0.000704
5.1026709E-07,-0.000700
5.1031709E-07,-0.000695
5.1036709E-07,-0.000688
5.1041709E-07,-0.000680
5.1046709E-07,-0.000671
5.1051709E-07,-0.000660
5.1056709E-07,-0.000648
5.1061709E-07,-0.000634
5.1066709E-07,-0.000620
5.1071709E-07,-0.000605
5.1076709E-07,-0.000591
5.1081709E-07,-0.000577
5.1086709E-07,-0.000564
5.1091709E-07,-0.000553
5.1096709E-07,-0.000543
5.1101709E-07,-0.000536
5.1106709E-07,-0.000531
5.1111709E-07,-0.000528
5.1116709E-07,-0.000528
5.1121709E-07,-0.000531
5.1126709E-07,-0.000535
5.1131709E-07,-0.000541
5.1136709E-07,-0.000549
5.1141709E-07,-0.000558
5.1146709E-07,-0.000567
5.1151709E-07,-0.000576
5.1156709E-07,-0.000585
5.1161709E-07,-0.000592
5.1166709E-07,-0.000599
5.1171709E-07,-0.000604
5.1176709E-07,-0.000607
5.1181709E-07,-0.000609
5.1186709E-07,-0.000609
5.1191709E-07,-0.000607
5.1196709E-07,-0.000604
5.1201709E-07,-0.000600
5.1206709E-07,-0.000596
5.1211709E-07,-0.000591
5.1216709E-07,-0.000587
5.1221709E-07,-0.000584
5.1226709E-07,-0.000582
5.1231709E-07,-0.000581
5.1236709E-07,-0.000583
5.1241709E-07,-0.000587
5.1246709E-07,-0.000592
5.1251709E-07,-0.000601
5.1256709E-07,-0.000611
5.1261709E-07,-0.000623
5.1266709E-07,-0.000636
5.1271709E-07,-0.000650
5.1276709E-07,-0.000666
5.1281709E-07,-0.000681
5.1286709E-07,-0.000696
5.1291709E-07,-0.000711
5.1296709E-07,-0.000725
5.1301709E-07,-0.000737
5.1306709E-07,-0.000747
5.1311709E-07,-0.000756
5.1316709E-07,-0.000763
5.1321709E-07,-0.000768
5.1326709E-07,-0.000772
5.1331709E-07,-0.000774
5.1336709E-07,-0.000776
5.1341709E-07,-0.000777
5.1346709E-07,-0.000777
5.1351709E-07,-0.000778
5.1356709E-07,-0.000779
5.1361709E-07,-0.000781
5.1366709E-07,-0.000783
5.1371709E-07,-0.000787
5.1376709E-07,-0.000792
5.1381709E-07,-0.000798
5.1386709E-07,-0.000805
5.1391709E-07,-0.000813
5.1396709E-07,-0.000820
5.1401709E-07,-0.000828
5.1406709E-07,-0.000835
5.1411709E-07,-0.000841
5.1416709E-07,-0.000845
5.1421709E-07,-0.000847
5.1426709E-07,-0.000847
5.1431709E-07,-0.000843
5.1436709E-07,-0.000837
5.1441709E-07,-0.000827
5.1446709E-07,-0.000815
5.1451709E-07,-0.000799
5.1456709E-07,-0.000780
5.1461709E-07,-0.000760
5.1466709E-07,-0.000737
5.1471709E-07,-0.000712
5.1476709E-07,-0.000687
5.1481709E-07,-0.000661
5.1486709E-07,-0.000636
5.1491709E-07,-0.000612
5.1496709E-07,-0.000589
5.1501709E-07,-0.000568
5.1506709E-07,-0.000548
5.1511709E-07,-0.000531
5.1516709E-07,-0.000517
5.1521709E-07,-0.000504
5.1526709E-07,-0.000494
5.1531709E-07,-0.000485
5.1536709E-07,-0.000479
5.1541709E-07,-0.000473
5.1546709E-07,-0.000468
5.1551709E-07,-0.000463
5.1556709E-07,-0.000459
5.1561709E-07,-0.000454
5.1566709E-07,-0.000448
5.1571709E-07,-0.000441
5.1576709E-07,-0.000433
5.1581709E-07,-0.000424
5.1586709E-07,-0.000414
5.1591709E-07,-0.000404
5.1596709E-07,-0.000392
5.1601709E-07,-0.000381
5.1606709E-07,-0.000369
5.1611709E-07,-0.000358
5.1616709E-07,-0.000348
5.1621709E-07,-0.000340
5.1626709E-07,-0.000333
5.1631709E-07,-0.000328
5.1636709E-07,-0.000326
5.1641709E-07,-0.000325
5.1646709E-07,-0.000328
5.1651709E-07,-0.000332
5.1656709E-07,-0.000339
5.1661709E-07,-0.000347
5.1666709E-07,-0.000357
5.1671709E-07,-0.000367
5.1676709E-07,-0.000379
5.1681709E-07,-0.000390
5.1686709E-07,-0.000402
5.1691709E-07,-0.000412
5.1696709E-07,-0.000422
5.1701709E-07,-0.000430
5.1706709E-07,-0.000437
5.1711709E-07,-0.000442
5.1716709E-07,-0.000446
5.1721709E-07,-0.000449
5.1726709E-07,-0.000450
5.1731709E-07,-0.000451
5.1736709E-07,-0.000451
5.1741709E-07,-0.000451
5.1746709E-07,-0.000452
5.1751709E-07,-0.000454
5.1756709E-07,-0.000456
5.1761709E-07,-0.000461
5.1766709E-07,-0.000467
5.1771709E-07,-0.000475
5.1776709E-07,-0.000485
5.1781709E-07,-0.000496
5.1786709E-07,-0.000510
5.1791709E-07,-0.000524
5.1796709E-07,-0.000540
5.1801709E-07,-0.000556
5.1806709E-07,-0.000572
5.1811709E-07,-0.000588
5.1816709E-07,-0.000602
5.1821709E-07,-0.000615
5.1826709E-07,-0.000626
5.1831709E-07,-0.000634
5.1836709E-07,-0.000639
5.1841709E-07,-0.000641
5.1846709E-07,-0.000640
5.1851709E-07,-0.000637
5.1856709E-07,-0.000630
5.1861709E-07,-0.000621
5.1866709E-07,-0.000610
5.1871709E-07,-0.000597
5.1876709E-07,-0.000583
5.1881709E-07,-0.000569
5.1886709E-07,-0.000555
5.1891709E-07,-0.000542
5.1896709E-07,-0.000529
5.1901709E-07,-0.000519
5.1906709E-07,-0.000510
5.1911709E-07,-0.000503
5.1916709E-07,-0.000499
5.1921709E-07,-0.000497
5.1926709E-07,-0.000497
5.1931709E-07,-0.000498
5.1936709E-07,-0.000501
5.1941709E-07,-0.000505
5.1946709E-07,-0.000509
5.1951709E-07,-0.000514
5.1956709E-07,-0.000518
5.1961709E-07,-0.000521
5.1966709E-07,-0.000523
5.1971709E-07,-0.000523
5.1976709E-07,-0.000521
5.1981709E-07,-0.000517
5.1986709E-07,-0.000511
5.1991709E-07,-0.000504
5.1996709E-07,-0.000494
5.2001709E-07,-0.000483
5.2006709E-07,-0.000471
5.2011709E-07,-0.000458
5.2016709E-07,-0.000445
5.2021709E-07,-0.000433
5.2026709E-07,-0.000421
5.2031709E-07,-0.000409
5.2036709E-07,-0.000400
5.2041709E-07,-0.000392
5.2046709E-07,-0.000385
5.2051709E-07,-0.000380
5.2056709E-07,-0.000377
5.2061709E-07,-0.000375
5.2066709E-07,-0.000375
5.2071709E-07,-0.000375
5.2076709E-07,-0.000376
5.2081709E-07,-0.000377
5.2086709E-07,-0.000377
5.2091709E-07,-0.000377
5.2096709E-07,-0.000376
5.2101709E-07,-0.000373
5.2106709E-07,-0.000369
5.2111709E-07,-0.000364
5.2116709E-07,-0.000357
5.2121709E-07,-0.000349
5.2126709E-07,-0.000340
5.2131709E-07,-0.000330
5.2136709E-07,-0.000320
5.2141709E-07,-0.000310
5.2146709E-07,-0.000302
5.2151709E-07,-0.000294
5.2156709E-07,-0.000289
5.2161709E-07,-0.000286
5.2166709E-07,-0.000285
5.2171709E-07,-0.000288
5.2176709E-07,-0.000294
5.2181709E-07,-0.000303
5.2186709E-07,-0.000314
5.2191709E-07,-0.000329
5.2196709E-07,-0.000345
5.2201709E-07,-0.000364
5.2206709E-07,-0.000384
5.2211709E-07,-0.000404
5.2216709E-07,-0.000424
5.2221709E-07,-0.000444
5.2226709E-07,-0.000463
5.2231709E-07,-0.000479
5.2236709E-07,-0.000494
5.2241709E-07,-0.000505
5.2246709E-07,-0.000514
5.2251709E-07,-0.000521
5.2256709E-07,-0.000524
5.2261709E-07,-0.000525
5.2266709E-07,-0.000523
5.2271709E-07,-0.000520
5.2276709E-07,-0.000515
5.2281709E-07,-0.000510
5.2286709E-07,-0.000504
5.2291709E-07,-0.000499
5.2296709E-07,-0.000495
5.2301709E-07,-0.000491
5.2306709E-07,-0.000490
5.2311709E-07,-0.000490
5.2316709E-07,-0.000492
5.2321709E-07,-0.000495
5.2326709E-07,-0.000501
5.2331709E-07,-0.000508
5.2336709E-07,-0.000516
5.2341709E-07,-0.000525
5.2346709E-07,-0.000534
5.2351709E-07,-0.000543
5.2356709E-07,-0.000551
5.2361709E-07,-0.000557
5.2366709E-07,-0.000562
5.2371709E-07,-0.000565
5.2376709E-07,-0.000565
5.2381709E-07,-0.000562
5.2386709E-07,-0.000557
5.2391709E-07,-0.000550
5.2396709E-07,-0.000541
5.2401709E-07,-0.000529
5.2406709E-07,-0.000516
5.2411709E-07,-0.000502
5.2416709E-07,-0.000488
5.2421709E-07,-0.000474
5.2426709E-07,-0.000459
5.2431709E-07,-0.000446
5.2436709E-07,-0.000434
5.2441709E-07,-0.000423
5.2446709E-07,-0.000414
5.2451709E-07,-0.000406
5.2456709E-07,-0.000400
5.2461709E-07,-0.000395
5.2466709E-07,-0.000391
5.2471709E-07,-0.000388
5.2476709E-07,-0.000385
5.2481709E-07,-0.000382
5.2486709E-07,-0.000377
5.2491709E-07,-0.000372
5.2496709E-07,-0.000365
5.2501709E-07,-0.000356
5.2506709E-07,-0.000345
5.2511709E-07,-0.000332
5.2516709E-07,-0.000317
5.2521709E-07,-0.000300
5.2526709E-07,-0.000282
5.2531709E-07,-0.000262
5.2536709E-07,-0.000241
5.2541709E-07,-0.000220
5.2546709E-07,-0.000199
5.2551709E-07,-0.000180
5.2556709E-07,-0.000162
5.2561709E-07,-0.000146
5.2566709E-07,-0.000132
5.2571709E-07,-0.000121
5.2576709E-07,-0.000114
5.2581709E-07,-0.000109
5.2586709E-07,-0.000108
5.2591709E-07,-0.000109
5.2596709E-07,-0.000113
5.2601709E-07,-0.000119
5.2606709E-07,-0.000127
5.2611709E-07,-0.000135
5.2616709E-07,-0.000144
5.2621709E-07,-0.000152
5.2626709E-07,-0.000160
5.2631709E-07,-0.000166
5.2636709E-07,-0.000170
5.2641709E-07,-0.000172
5.2646709E-07,-0.000171
5.2651709E-07,-0.000168
5.2656709E-07,-0.000163
5.2661709E-07,-0.000155
5.2666709E-07,-0.000146
5.2671709E-07,-0.000136
5.2676709E-07,-0.000124
5.2681709E-07,-0.000113
5.2686709E-07,-0.000102
5.2691709E-07,-0.000092
5.2696709E-07,-0.000084
5.2701709E-07,-0.000078
5.2706709E-07,-0.000074
5.2711709E-07,-0.000074
5.2716709E-07,-0.000076
5.2721709E-07,-0.000081
5.2726709E-07,-0.000089
5.2731709E-07,-0.000099
5.2736709E-07,-0.000112
5.2741709E-07,-0.000126
5.2746709E-07,-0.000141
5.2751709E-07,-0.000157
5.2756709E-07,-0.000172
5.2761709E-07,-0.000187
5.2766709E-07,-0.000201
5.2771709E-07,-0.000213
5.2776709E-07,-0.000223
5.2781709E-07,-0.000232
5.2786709E-07,-0.000239
5.2791709E-07,-0.000243
5.2796709E-07,-0.000246
5.2801709E-07,-0.000248
5.2806709E-07,-0.000249
5.2811709E-07,-0.000250
5.2816709E-07,-0.000250
5.2821709E-07,-0.000252
5.2826709E-07,-0.000254
5.2831709E-07,-0.000258
5.2836709E-07,-0.000264
5.2841709E-07,-0.000272
5.2846709E-07,-0.000283
5.2851709E-07,-0.000295
5.2856709E-07,-0.000310
5.2861709E-07,-0.000326
5.2866709E-07,-0.000344
5.2871709E-07,-0.000362
5.2876709E-07,-0.000381
5.2881709E-07,-0.000399
5.2886709E-07,-0.000416
5.2891709E-07,-0.000432
5.2896709E-07,-0.000445
5.2901709E-07,-0.000455
5.2906709E-07,-0.000462
5.2911709E-07,-0.000466
5.2916709E-07,-0.000467
5.2921709E-07,-0.000464
5.2926709E-07,-0.000458
5.2931709E-07,-0.000450
5.2936709E-07,-0.000439
5.2941709E-07,-0.000426
5.2946709E-07,-0.000412
5.2951709E-07,-0.000397
5.2956709E-07,-0.000382
5.2961709E-07,-0.000368
5.2966709E-07,-0.000355
5.2971709E-07,-0.000344
5.2976709E-07,-0.000334
5.2981709E-07,-0.000326
5.2986709E-07,-0.000321
5.2991709E-07,-0.000317
5.2996709E-07,-0.000315
5.3001709E-07,-0.000314
5.3006709E-07,-0.000314
5.3011709E-07,-0.000314
5.3016709E-07,-0.000315
5.3021709E-07,-0.000314
5.3026709E-07,-0.000313
5.3031709E-07,-0.000310
5.3036709E-07,-0.000305
5.3041709E-07,-0.000298
5.3046709E-07,-0.000289
5.3051709E-07,-0.000279
5.3056709E-07,-0.000266
5.3061709E-07,-0.000252
5.3066709E-07,-0.000236
5.3071709E-07,-0.000221
5.3076709E-07,-0.000205
5.3081709E-07,-0.000190
5.3086709E-07,-0.000176
5.3091709E-07,-0.000164
5.3096709E-07,-0.000155
5.3101709E-07,-0.000148
5.3106709E-07,-0.000144
5.3111709E-07,-0.000144
5.3116709E-07,-0.000146
5.3121709E-07,-0.000151
5.3126709E-07,-0.000158
5.3131709E-07,-0.000167
5.3136709E-07,-0.000177
5.3141709E-07,-0.000187
5.3146709E-07,-0.000197
5.3151709E-07,-0.000206
5.3156709E-07,-0.000214
5.3161709E-07,-0.000219
5.3166709E-07,-0.000222
5.3171709E-07,-0.000221
5.3176709E-07,-0.000217
5.3181709E-07,-0.000209
5.3186709E-07,-0.000198
5.3191709E-07,-0.000184
5.3196709E-07,-0.000168
5.3201709E-07,-0.000150
5.3206709E-07,-0.000131
5.3211709E-07,-0.000112
5.3216709E-07,-0.000094
5.3221709E-07,-0.000076
5.3226709E-07,-0.000061
5.3231709E-07,-0.000049
5.3236709E-07,-0.000041
5.3241709E-07,-0.000036
5.3246709E-07,-0.000035
5.3251709E-07,-0.000038
5.3256709E-07,-0.000046
5.3261709E-07,-0.000057
5.3266709E-07,-0.000071
5.3271709E-07,-0.000087
5.3276709E-07,-0.000106
5.3281709E-07,-0.000125
5.3286709E-07,-0.000144
5.3291709E-07,-0.000163
5.3296709E-07,-0.000180
5.3301709E-07,-0.000195
5.3306709E-07,-0.000206
5.3311709E-07,-0.000215
5.3316709E-07,-0.000220
5.3321709E-07,-0.000221
5.3326709E-07,-0.000219
5.3331709E-07,-0.000214
5.3336709E-07,-0.000205
5.3341709E-07,-0.000194
5.3346709E-07,-0.000181
5.3351709E-07,-0.000167
5.3356709E-07,-0.000153
5.3361709E-07,-0.000139
5.3366709E-07,-0.000125
5.3371709E-07,-0.000113
5.3376709E-07,-0.000103
5.3381709E-07,-0.000095
5.3386709E-07,-0.000089
5.3391709E-07,-0.000085
5.3396709E-07,-0.000084
5.3401709E-07,-0.000084
5.3406709E-07,-0.000086
5.3411709E-07,-0.000089
5.3416709E-07,-0.000093
5.3421709E-07,-0.000096
5.3426709E-07,-0.000100
5.3431709E-07,-0.000102
5.3436709E-07,-0.000103
5.3441709E-07,-0.000103
5.3446709E-07,-0.000101
5.3451709E-07,-0.000097
5.3456709E-07,-0.000092
5.3461709E-07,-0.000085
5.3466709E-07,-0.000078
5.3471709E-07,-0.000070
5.3476709E-07,-0.000062
5.3481709E-07,-0.000055
5.3486709E-07,-0.000049
5.3491709E-07,-0.000045
5.3496709E-07,-0.000043
5.3501709E-07,-0.000044
5.3506709E-07,-0.000049
5.3511709E-07,-0.000056
5.3516709E-07,-0.000067
5.3521709E-07,-0.000081
5.3526709E-07,-0.000098
5.3531709E-07,-0.000117
5.3536709E-07,-0.000138
5.3541709E-07,-0.000160
5.3546709E-07,-0.000183
5.3551709E-07,-0.000205
5.3556709E-07,-0.000227
5.3561709E-07,-0.000246
5.3566709E-07,-0.000263
5.3571709E-07,-0.000278
5.3576709E-07,-0.000289
5.3581709E-07,-0.000296
5.3586709E-07,-0.000300
5.3591709E-07,-0.000301
5.3596709E-07,-0.000299
5.3601709E-07,-0.000294
5.3606709E-07,-0.000287
5.3611709E-07,-0.000279
5.3616709E-07,-0.000270
5.3621709E-07,-0.000262
5.3626709E-07,-0.000255
5.3631709E-07,-0.000249
5.3636709E-07,-0.000246
5.3641709E-07,-0.000245
5.3646709E-07,-0.000247
5.3651709E-07,-0.000252
5.3656709E-07,-0.000260
5.3661709E-07,-0.000271
5.3666709E-07,-0.000284
5.3671709E-07,-0.000299
5.3676709E-07,-0.000315
5.3681709E-07,-0.000332
5.3686709E-07,-0.000347
5.3691709E-07,-0.000362
5.3696709E-07,-0.000375
5.3701709E-07,-0.000385
5.3706709E-07,-0.000393
5.3711709E-07,-0.000397
5.3716709E-07,-0.000397
5.3721709E-07,-0.000393
5.3726709E-07,-0.000386
5.3731709E-07,-0.000376
5.3736709E-07,-0.000363
5.3741709E-07,-0.000348
5.3746709E-07,-0.000332
5.3751709E-07,-0.000315
5.3756709E-07,-0.000298
5.3761709E-07,-0.000282
5.3766709E-07,-0.000268
5.3771709E-07,-0.000255
5.3776709E-07,-0.000246
5.3781709E-07,-0.000239
5.3786709E-07,-0.000236
5.3791709E-07,-0.000235
5.3796709E-07,-0.000238
5.3801709E-07,-0.000243
5.3806709E-07,-0.000250
5.3811709E-07,-0.000259
5.3816709E-07,-0.000268
5.3821709E-07,-0.000278
5.3826709E-07,-0.000287
5.3831709E-07,-0.000295
5.3836709E-07,-0.000301
5.3841709E-07,-0.000305
5.3846709E-07,-0.000307
5.3851709E-07,-0.000306
5.3856709E-07,-0.000303
5.3861709E-07,-0.000298
5.3866709E-07,-0.000290
5.3871709E-07,-0.000281
5.3876709E-07,-0.000271
5.3881709E-07,-0.000261
5.3886709E-07,-0.000251
5.3891709E-07,-0.000241
5.3896709E-07,-0.000233
5.3901709E-07,-0.000227
5.3906709E-07,-0.000222
5.3911709E-07,-0.000220
5.3916709E-07,-0.000221
5.3921709E-07,-0.000223
5.3926709E-07,-0.000227
5.3931709E-07,-0.000233
5.3936709E-07,-0.000239
5.3941709E-07,-0.000246
5.3946709E-07,-0.000252
5.3951709E-07,-0.000256
5.3956709E-07,-0.000259
5.3961709E-07,-0.000259
5.3966709E-07,-0.000255
5.3971709E-07,-0.000248
5.3976709E-07,-0.000238
5.3981709E-07,-0.000223
5.3986709E-07,-0.000205
5.3991709E-07,-0.000184
5.3996709E-07,-0.000160
5.4001709E-07,-0.000134
5.4006709E-07,-0.000106
5.4011709E-07,-0.000079
5.4016709E-07,-0.000052
5.4021709E-07,-0.000026
5.4026709E-07,-0.000003
5.4031709E-07,0.000017
5.4036709E-07,0.000033
5.4041709E-07,0.000044
5.4046709E-07,0.000051
5.4051709E-07,0.000054
5.4056709E-07,0.000051
5.4061709E-07,0.000045
5.4066709E-07,0.000035
5.4071709E-07,0.000022
5.4076709E-07,0.000006
5.4081709E-07,-0.000011
5.4086709E-07,-0.000028
5.4091709E-07,-0.000045
5.4096709E-07,-0.000060
5.4101709E-07,-0.000074
5.4106709E-07,-0.000084
5.4111709E-07,-0.000092
5.4116709E-07,-0.000097
5.4121709E-07,-0.000098
5.4126709E-07,-0.000096
5.4131709E-07,-0.000091
5.4136709E-07,-0.000084
5.4141709E-07,-0.000076
5.4146709E-07,-0.000067
5.4151709E-07,-0.000059
5.4156709E-07,-0.000051
5.4161709E-07,-0.000046
5.4166709E-07,-0.000043
5.4171709E-07,-0.000043
5.4176709E-07,-0.000048
5.4181709E-07,-0.000056
5.4186709E-07,-0.000069
5.4191709E-07,-0.000085
5.4196709E-07,-0.000106
5.4201709E-07,-0.000129
5.4206709E-07,-0.000156
5.4211709E-07,-0.000184
5.4216709E-07,-0.000213
5.4221709E-07,-0.000242
5.4226709E-07,-0.000270
5.4231709E-07,-0.000296
5.4236709E-07,-0.000320
5.4241709E-07,-0.000341
5.4246709E-07,-0.000357
5.4251709E-07,-0.000370
5.4256709E-07,-0.000378
5.4261709E-07,-0.000383
5.4266709E-07,-0.000383
5.4271709E-07,-0.000380
5.4276709E-07,-0.000374
5.4281709E-07,-0.000365
5.4286709E-07,-0.000355
5.4291709E-07,-0.000344
5.4296709E-07,-0.000333
5.4301709E-07,-0.000322
5.4306709E-07,-0.000312
5.4311709E-07,-0.000304
5.4316709E-07,-0.000297
5.4321709E-07,-0.000292
5.4326709E-07,-0.000289
5.4331709E-07,-0.000288
5.4336709E-07,-0.000287
5.4341709E-07,-0.000288
5.4346709E-07,-0.000288
5.4351709E-07,-0.000289
5.4356709E-07,-0.000288
5.4361709E-07,-0.000285
5.4366709E-07,-0.000280
5.4371709E-07,-0.000273
5.4376709E-07,-0.000262
5.4381709E-07,-0.000248
5.4386709E-07,-0.000232
5.4391709E-07,-0.000212
5.4396709E-07,-0.000189
5.4401709E-07,-0.000165
5.4406709E-07,-0.000139
5.4411709E-07,-0.000112
5.4416709E-07,-0.000086
5.4421709E-07,-0.000060
5.4426709E-07,-0.000036
5.4431709E-07,-0.000015
5.4436709E-07,0.000003
5.4441709E-07,0.000018
5.4446709E-07,0.000028
5.4451709E-07,0.000035
5.4456709E-07,0.000037
5.4461709E-07,0.000035
5.4466709E-07,0.000029
5.4471709E-07,0.000021
5.4476709E-07,0.000010
5.4481709E-07,-0.000003
5.4486709E-07,-0.000016
5.4491709E-07,-0.000030
5.4496709E-07,-0.000043
5.4501709E-07,-0.000054
5.4506709E-07,-0.000064
5.4511709E-07,-0.000071
5.4516709E-07,-0.000075
5.4521709E-07,-0.000077
5.4526709E-07,-0.000077
5.4531709E-07,-0.000074
5.4536709E-07,-0.000070
5.4541709E-07,-0.000065
5.4546709E-07,-0.000059
5.4551709E-07,-0.000054
5.4556709E-07,-0.000050
5.4561709E-07,-0.000048
5.4566709E-07,-0.000049
5.4571709E-07,-0.000052
5.4576709E-07,-0.000059
5.4581709E-07,-0.000070
5.4586709E-07,-0.000084
5.4591709E-07,-0.000102
5.4596709E-07,-0.000123
5.4601709E-07,-0.000147
5.4606709E-07,-0.000173
5.4611709E-07,-0.000199
5.4616709E-07,-0.000226
5.4621709E-07,-0.000252
5.4626709E-07,-0.000276
5.4631709E-07,-0.000298
5.4636709E-07,-0.000317
5.4641709E-07,-0.000332
5.4646709E-07,-0.000343
5.4651709E-07,-0.000350
5.4656709E-07,-0.000352
5.4661709E-07,-0.000351
5.4666709E-07,-0.000346
5.4671709E-07,-0.000338
5.4676709E-07,-0.000328
5.4681709E-07,-0.000316
5.4686709E-07,-0.000304
5.4691709E-07,-0.000293
5.4696709E-07,-0.000282
5.4701709E-07,-0.000273
5.4706709E-07,-0.000266
5.4711709E-07,-0.000263
5.4716709E-07,-0.000262
5.4721709E-07,-0.000264
5.4726709E-07,-0.000269
5.4731709E-07,-0.000276
5.4736709E-07,-0.000285
5.4741709E-07,-0.000295
5.4746709E-07,-0.000305
5.4751709E-07,-0.000315
5.4756709E-07,-0.000323
5.4761709E-07,-0.000329
5.4766709E-07,-0.000332
5.4771709E-07,-0.000330
5.4776709E-07,-0.000325
5.4781709E-07,-0.000315
5.4786709E-07,-0.000301
5.4791709E-07,-0.000282
5.4796709E-07,-0.000259
5.4801709E-07,-0.000232
5.4806709E-07,-0.000203
5.4811709E-07,-0.000171
5.4816709E-07,-0.000139
5.4821709E-07,-0.000106
5.4826709E-07,-0.000074
5.4831709E-07,-0.000044
5.4836709E-07,-0.000016
5.4841709E-07,0.000008
5.4846709E-07,0.000029
5.4851709E-07,0.000045
5.4856709E-07,0.000058
5.4861709E-07,0.000067
5.4866709E-07,0.000072
5.4871709E-07,0.000074
5.4876709E-07,0.000073
5.4881709E-07,0.000070
5.4886709E-07,0.000066
5.4891709E-07,0.000062
5.4896709E-07,0.000058
5.4901709E-07,0.000055
5.4906709E-07,0.000053
5.4911709E-07,0.000053
5.4916709E-07,0.000055
5.4921709E-07,0.000060
5.4926709E-07,0.000066
5.4931709E-07,0.000074
5.4936709E-07,0.000082
5.4941709E-07,0.000092
5.4946709E-07,0.000101
5.4951709E-07,0.000109
5.4956709E-07,0.000115
5.4961709E-07,0.000119
5.4966709E-07,0.000120
5.4971709E-07,0.000118
5.4976709E-07,0.000112
5.4981709E-07,0.000102
5.4986709E-07,0.000088
5.4991709E-07,0.000070
5.4996709E-07,0.000050
5.5001709E-07,0.000027
5.5006709E-07,0.000002
5.5011709E-07,-0.000024
5.5016709E-07,-0.000051
5.5021709E-07,-0.000076
5.5026709E-07,-0.000099
5.5031709E-07,-0.000121
5.5036709E-07,-0.000139
5.5041709E-07,-0.000153
5.5046709E-07,-0.000163
5.5051709E-07,-0.000170
5.5056709E-07,-0.000172
5.5061709E-07,-0.000171
5.5066709E-07,-0.000167
5.5071709E-07,-0.000161
5.5076709E-07,-0.000152
5.5081709E-07,-0.000144
5.5086709E-07,-0.000135
5.5091709E-07,-0.000128
5.5096709E-07,-0.000122
5.5101709E-07,-0.000120
5.5106709E-07,-0.000121
5.5111709E-07,-0.000126
5.5116709E-07,-0.000135
5.5121709E-07,-0.000148
5.5126709E-07,-0.000165
5.5131709E-07,-0.000186
5.5136709E-07,-0.000210
5.5141709E-07,-0.000236
5.5146709E-07,-0.000263
5.5151709E-07,-0.000290
5.5156709E-07,-0.000317
5.5161709E-07,-0.000341
5.5166709E-07,-0.000364
5.5171709E-07,-0.000382
5.5176709E-07,-0.000397
5.5181709E-07,-0.000407
5.5186709E-07,-0.000412
5.5191709E-07,-0.000413
5.5196709E-07,-0.000408
5.5201709E-07,-0.000400
5.5206709E-07,-0.000388
5.5211709E-07,-0.000373
5.5216709E-07,-0.000357
5.5221709E-07,-0.000339
5.5226709E-07,-0.000321
5.5231709E-07,-0.000304
5.5236709E-07,-0.000288
5.5241709E-07,-0.000275
5.5246709E-07,-0.000264
5.5251709E-07,-0.000257
5.5256709E-07,-0.000252
5.5261709E-07,-0.000251
5.5266709E-07,-0.000252
5.5271709E-07,-0.000255
5.5276709E-07,-0.000260
5.5281709E-07,-0.000266
5.5286709E-07,-0.000272
5.5291709E-07,-0.000277
5.5296709E-07,-0.000280
5.5301709E-07,-0.000281
5.5306709E-07,-0.000279
5.5311709E-07,-0.000274
5.5316709E-07,-0.000265
5.5321709E-07,-0.000252
5.5326709E-07,-0.000237
5.5331709E-07,-0.000218
5.5336709E-07,-0.000197
5.5341709E-07,-0.000174
5.5346709E-07,-0.000150
5.5351709E-07,-0.000126
5.5356709E-07,-0.000104
5.5361709E-07,-0.000083
5.5366709E-07,-0.000066
5.5371709E-07,-0.000052
5.5376709E-07,-0.000042
5.5381709E-07,-0.000036
5.5386709E-07,-0.000035
5.5391709E-07,-0.000039
5.5396709E-07,-0.000046
5.5401709E-07,-0.000058
5.5406709E-07,-0.000072
5.5411709E-07,-0.000088
5.5416709E-07,-0.000106
5.5421709E-07,-0.000124
5.5426709E-07,-0.000141
5.5431709E-07,-0.000156
5.5436709E-07,-0.000169
5.5441709E-07,-0.000179
5.5446709E-07,-0.000185
5.5451709E-07,-0.000187
5.5456709E-07,-0.000186
5.5461709E-07,-0.000180
5.5466709E-07,-0.000172
5.5471709E-07,-0.000161
5.5476709E-07,-0.000147
5.5481709E-07,-0.000133
5.5486709E-07,-0.000118
5.5491709E-07,-0.000104
5.5496709E-07,-0.000091
5.5501709E-07,-0.000080
5.5506709E-07,-0.000072
5.5511709E-07,-0.000067
5.5516709E-07,-0.000066
5.5521709E-07,-0.000069
5.5526709E-07,-0.000075
5.5531709E-07,-0.000083
5.5536709E-07,-0.000095
5.5541709E-07,-0.000108
5.5546709E-07,-0.000122
5.5551709E-07,-0.000136
5.5556709E-07,-0.000149
5.5561709E-07,-0.000161
5.5566709E-07,-0.000170
5.5571709E-07,-0.000177
5.5576709E-07,-0.000180
5.5581709E-07,-0.000180
5.5586709E-07,-0.000175
5.5591709E-07,-0.000168
5.5596709E-07,-0.000157
5.5601709E-07,-0.000144
5.5606709E-07,-0.000130
5.5611709E-07,-0.000115
5.5616709E-07,-0.000099
5.5621709E-07,-0.000085
5.5626709E-07,-0.000073
5.5631709E-07,-0.000064
5.5636709E-07,-0.000059
5.5641709E-07,-0.000058
5.5646709E-07,-0.000062
5.5651709E-07,-0.000070
5.5656709E-07,-0.000083
5.5661709E-07,-0.000100
5.5666709E-07,-0.000120
5.5671709E-07,-0.000143
5.5676709E-07,-0.000169
5.5681709E-07,-0.000195
5.5686709E-07,-0.000221
5.5691709E-07,-0.000246
5.5696709E-07,-0.000269
5.5701709E-07,-0.000288
5.5706709E-07,-0.000304
5.5711709E-07,-0.000315
5.5716709E-07,-0.000321
5.5721709E-07,-0.000322
5.5726709E-07,-0.000319
5.5731709E-07,-0.000311
5.5736709E-07,-0.000299
5.5741709E-07,-0.000284
5.5746709E-07,-0.000267
5.5751709E-07,-0.000249
5.5756709E-07,-0.000230
5.5761709E-07,-0.000212
5.5766709E-07,-0.000196
5.5771709E-07,-0.000183
5.5776709E-07,-0.000172
5.5781709E-07,-0.000166
5.5786709E-07,-0.000163
5.5791709E-07,-0.000164
5.5796709E-07,-0.000168
5.5801709E-07,-0.000176
5.5806709E-07,-0.000186
5.5811709E-07,-0.000198
5.5816709E-07,-0.000211
5.5821709E-07,-0.000224
5.5826709E-07,-0.000236
5.5831709E-07,-0.000246
5.5836709E-07,-0.000254
5.5841709E-07,-0.000258
5.5846709E-07,-0.000258
5.5851709E-07,-0.000255
5.5856709E-07,-0.000248
5.5861709E-07,-0.000237
5.5866709E-07,-0.000223
5.5871709E-07,-0.000207
5.5876709E-07,-0.000188
5.5881709E-07,-0.000169
5.5886709E-07,-0.000150
5.5891709E-07,-0.000132
5.5896709E-07,-0.000116
5.5901709E-07,-0.000104
5.5906709E-07,-0.000094
5.5911709E-07,-0.000089
5.5916709E-07,-0.000089
5.5921709E-07,-0.000093
5.5926709E-07,-0.000101
5.5931709E-07,-0.000114
5.5936709E-07,-0.000130
5.5941709E-07,-0.000149
5.5946709E-07,-0.000169
5.5951709E-07,-0.000191
5.5956709E-07,-0.000212
5.5961709E-07,-0.000231
5.5966709E-07,-0.000249
5.5971709E-07,-0.000263
5.5976709E-07,-0.000273
5.5981709E-07,-0.000280
5.5986709E-07,-0.000282
5.5991709E-07,-0.000279
5.5996709E-07,-0.000272
5.6001709E-07,-0.000262
5.6006709E-07,-0.000249
5.6011709E-07,-0.000234
5.6016709E-07,-0.000217
5.6021709E-07,-0.000201
5.6026709E-07,-0.000185
5.6031709E-07,-0.000171
5.6036709E-07,-0.000160
5.6041709E-07,-0.000153
5.6046709E-07,-0.000149
5.6051709E-07,-0.000150
5.6056709E-07,-0.000156
5.6061709E-07,-0.000166
5.6066709E-07,-0.000180
5.6071709E-07,-0.000197
5.6076709E-07,-0.000217
5.6081709E-07,-0.000238
5.6086709E-07,-0.000261
5.6091709E-07,-0.000283
5.6096709E-07,-0.000303
5.6101709E-07,-0.000322
5.6106709E-07,-0.000337
5.6111709E-07,-0.000348
5.6116709E-07,-0.000356
5.6121709E-07,-0.000359
5.6126709E-07,-0.000358
5.6131709E-07,-0.000353
5.6136709E-07,-0.000343
5.6141709E-07,-0.000331
5.6146709E-07,-0.000317
5.6151709E-07,-0.000301
5.6156709E-07,-0.000285
5.6161709E-07,-0.000268
5.6166709E-07,-0.000254
5.6171709E-07,-0.000240
5.6176709E-07,-0.000230
5.6181709E-07,-0.000222
5.6186709E-07,-0.000218
5.6191709E-07,-0.000216
5.6196709E-07,-0.000218
5.6201709E-07,-0.000221
5.6206709E-07,-0.000227
5.6211709E-07,-0.000234
5.6216709E-07,-0.000242
5.6221709E-07,-0.000249
5.6226709E-07,-0.000255
5.6231709E-07,-0.000259
5.6236709E-07,-0.000260
5.6241709E-07,-0.000259
5.6246709E-07,-0.000254
5.6251709E-07,-0.000245
5.6256709E-07,-0.000233
5.6261709E-07,-0.000218
5.6266709E-07,-0.000200
5.6271709E-07,-0.000181
5.6276709E-07,-0.000161
5.6281709E-07,-0.000141
5.6286709E-07,-0.000122
5.6291709E-07,-0.000105
5.6296709E-07,-0.000091
5.6301709E-07,-0.000081
5.6306709E-07,-0.000075
5.6311709E-07,-0.000074
5.6316709E-07,-0.000078
5.6321709E-07,-0.000088
5.6326709E-07,-0.000102
5.6331709E-07,-0.000120
5.6336709E-07,-0.000143
5.6341709E-07,-0.000168
5.6346709E-07,-0.000194
5.6351709E-07,-0.000222
5.6356709E-07,-0.000248
5.6361709E-07,-0.000273
5.6366709E-07,-0.000296
5.6371709E-07,-0.000314
5.6376709E-07,-0.000329
5.6381709E-07,-0.000338
5.6386709E-07,-0.000342
5.6391709E-07,-0.000341
5.6396709E-07,-0.000336
5.6401709E-07,-0.000325
5.6406709E-07,-0.000312
5.6411709E-07,-0.000295
5.6416709E-07,-0.000276
5.6421709E-07,-0.000257
5.6426709E-07,-0.000238
5.6431709E-07,-0.000220
5.6436709E-07,-0.000205
5.6441709E-07,-0.000193
5.6446709E-07,-0.000184
5.6451709E-07,-0.000179
5.6456709E-07,-0.000179
5.6461709E-07,-0.000183
5.6466709E-07,-0.000191
5.6471709E-07,-0.000201
5.6476709E-07,-0.000215
5.6481709E-07,-0.000229
5.6486709E-07,-0.000245
5.6491709E-07,-0.000260
5.6496709E-07,-0.000274
5.6501709E-07,-0.000285
5.6506709E-07,-0.000293
5.6511709E-07,-0.000298
5.6516709E-07,-0.000298
5.6521709E-07,-0.000294
5.6526709E-07,-0.000285
5.6531709E-07,-0.000273
5.6536709E-07,-0.000257
5.6541709E-07,-0.000239
5.6546709E-07,-0.000219
5.6551709E-07,-0.000197
5.6556709E-07,-0.000176
5.6561709E-07,-0.000156
5.6566709E-07,-0.000139
5.6571709E-07,-0.000124
5.6576709E-07,-0.000113
5.6581709E-07,-0.000107
5.6586709E-07,-0.000105
5.6591709E-07,-0.000108
5.6596709E-07,-0.000115
5.6601709E-07,-0.000127
5.6606709E-07,-0.000143
5.6611709E-07,-0.000161
5.6616709E-07,-0.000181
5.6621709E-07,-0.000202
5.6626709E-07,-0.000224
5.6631709E-07,-0.000244
5.6636709E-07,-0.000262
5.6641709E-07,-0.000278
5.6646709E-07,-0.000290
5.6651709E-07,-0.000299
5.6656709E-07,-0.000303
5.6661709E-07,-0.000304
5.6666709E-07,-0.000301
5.6671709E-07,-0.000294
5.6676709E-07,-0.000285
5.6681709E-07,-0.000275
5.6686709E-07,-0.000263
5.6691709E-07,-0.000250
5.6696709E-07,-0.000239
5.6701709E-07,-0.000229
5.6706709E-07,-0.000220
5.6711709E-07,-0.000215
5.6716709E-07,-0.000212
5.6721709E-07,-0.000212
5.6726709E-07,-0.000215
5.6731709E-07,-0.000220
5.6736709E-07,-0.000227
5.6741709E-07,-0.000236
5.6746709E-07,-0.000244
5.6751709E-07,-0.000253
5.6756709E-07,-0.000260
5.6761709E-07,-0.000265
5.6766709E-07,-0.000267
5.6771709E-07,-0.000265
5.6776709E-07,-0.000259
5.6781709E-07,-0.000248
5.6786709E-07,-0.000233
5.6791709E-07,-0.000213
5.6796709E-07,-0.000190
5.6801709E-07,-0.000163
5.6806709E-07,-0.000134
5.6811709E-07,-0.000103
5.6816709E-07,-0.000071
5.6821709E-07,-0.000041
5.6826709E-07,-0.000012
5.6831709E-07,0.000014
5.6836709E-07,0.000036
5.6841709E-07,0.000054
5.6846709E-07,0.000066
5.6851709E-07,0.000073
5.6856709E-07,0.000075
5.6861709E-07,0.000071
5.6866709E-07,0.000062
5.6871709E-07,0.000049
5.6876709E-07,0.000033
5.6881709E-07,0.000014
5.6886709E-07,-0.000006
5.6891709E-07,-0.000026
5.6896709E-07,-0.000046
5.6901709E-07,-0.000063
5.6906709E-07,-0.000078
5.6911709E-07,-0.000089
5.6916709E-07,-0.000095
5.6921709E-07,-0.000098
5.6926709E-07,-0.000096
5.6931709E-07,-0.000090
5.6936709E-07,-0.000080
5.6941709E-07,-0.000067
5.6946709E-07,-0.000052
5.6951709E-07,-0.000035
5.6956709E-07,-0.000017
5.6961709E-07,0.000001
5.6966709E-07,0.000017
5.6971709E-07,0.000031
5.6976709E-07,0.000043
5.6981709E-07,0.000052
5.6986709E-07,0.000058
5.6991709E-07,0.000060
5.6996709E-07,0.000060
5.7001709E-07,0.000056
5.7006709E-07,0.000050
5.7011709E-07,0.000043
5.7016709E-07,0.000035
5.7021709E-07,0.000027
5.7026709E-07,0.000019
5.7031709E-07,0.000014
5.7036709E-07,0.000011
5.7041709E-07,0.000011
5.7046709E-07,0.000014
5.7051709E-07,0.000020
5.7056709E-07,0.000030
5.7061709E-07,0.000043
5.7066709E-07,0.000059
5.7071709E-07,0.000076
5.7076709E-07,0.000095
5.7081709E-07,0.000114
5.7086709E-07,0.000132
5.7091709E-07,0.000148
5.7096709E-07,0.000161
5.7101709E-07,0.000171
5.7106709E-07,0.000176
5.7111709E-07,0.000176
5.7116709E-07,0.000172
5.7121709E-07,0.000162
5.7126709E-07,0.000147
5.7131709E-07,0.000127
5.7136709E-07,0.000104
5.7141709E-07,0.000078
5.7146709E-07,0.000049
5.7151709E-07,0.000020
5.7156709E-07,-0.000009
5.7161709E-07,-0.000037
5.7166709E-07,-0.000062
5.7171709E-07,-0.000084
5.7176709E-07,-0.000101
5.7181709E-07,-0.000114
5.7186709E-07,-0.000121
5.7191709E-07,-0.000124
5.7196709E-07,-0.000121
5.7201709E-07,-0.000114
5.7206709E-07,-0.000102
5.7211709E-07,-0.000087
5.7216709E-07,-0.000070
5.7221709E-07,-0.000052
5.7226709E-07,-0.000033
5.7231709E-07,-0.000016
5.7236709E-07,0.000000
5.7241709E-07,0.000013
5.7246709E-07,0.000023
5.7251709E-07,0.000030
5.7256709E-07,0.000032
5.7261709E-07,0.000030
5.7266709E-07,0.000025
5.7271709E-07,0.000016
5.7276709E-07,0.000004
5.7281709E-07,-0.000009
5.7286709E-07,-0.000024
5.7291709E-07,-0.000039
5.7296709E-07,-0.000052
5.7301709E-07,-0.000064
5.7306709E-07,-0.000074
5.7311709E-07,-0.000080
5.7316709E-07,-0.000083
5.7321709E-07,-0.000083
5.7326709E-07,-0.000078
5.7331709E-07,-0.000070
5.7336709E-07,-0.000059
5.7341709E-07,-0.000046
5.7346709E-07,-0.000030
5.7351709E-07,-0.000014
5.7356709E-07,0.000002
5.7361709E-07,0.000016
5.7366709E-07,0.000029
5.7371709E-07,0.000040
5.7376709E-07,0.000046
5.7381709E-07,0.000049
5.7386709E-07,0.000048
5.7391709E-07,0.000043
5.7396709E-07,0.000034
5.7401709E-07,0.000022
5.7406709E-07,0.000007
5.7411709E-07,-0.000011
5.7416709E-07,-0.000029
5.7421709E-07,-0.000048
5.7426709E-07,-0.000067
5.7431709E-07,-0.000083
5.7436709E-07,-0.000098
5.7441709E-07,-0.000109
5.7446709E-07,-0.000117
5.7451709E-07,-0.000121
5.7456709E-07,-0.000120
5.7461709E-07,-0.000116
5.7466709E-07,-0.000109
5.7471709E-07,-0.000098
5.7476709E-07,-0.000085
5.7481709E-07,-0.000071
5.7486709E-07,-0.000056
5.7491709E-07,-0.000042
5.7496709E-07,-0.000029
5.7501709E-07,-0.000019
5.7506709E-07,-0.000011
5.7511709E-07,-0.000006
5.7516709E-07,-0.000006
5.7521709E-07,-0.000009
5.7526709E-07,-0.000016
5.7531709E-07,-0.000026
5.7536709E-07,-0.000039
5.7541709E-07,-0.000054
5.7546709E-07,-0.000070
5.7551709E-07,-0.000086
5.7556709E-07,-0.000101
5.7561709E-07,-0.000114
5.7566709E-07,-0.000124
5.7571709E-07,-0.000131
5.7576709E-07,-0.000133
5.7581709E-07,-0.000131
5.7586709E-07,-0.000123
5.7591709E-07,-0.000111
5.7596709E-07,-0.000095
5.7601709E-07,-0.000075
5.7606709E-07,-0.000051
5.7611709E-07,-0.000026
5.7616709E-07,0.000001
5.7621709E-07,0.000027
5.7626709E-07,0.000052
5.7631709E-07,0.000074
5.7636709E-07,0.000093
5.7641709E-07,0.000107
5.7646709E-07,0.000117
5.7651709E-07,0.000120
5.7656709E-07,0.000118
5.7661709E-07,0.000111
5.7666709E-07,0.000098
5.7671709E-07,0.000080
5.7676709E-07,0.000059
5.7681709E-07,0.000035
5.7686709E-07,0.000009
5.7691709E-07,-0.000018
5.7696709E-07,-0.000045
5.7701709E-07,-0.000070
5.7706709E-07,-0.000093
5.7711709E-07,-0.000113
5.7716709E-07,-0.000129
5.7721709E-07,-0.000142
5.7726709E-07,-0.000150
5.7731709E-07,-0.000154
5.7736709E-07,-0.000155
5.7741709E-07,-0.000153
5.7746709E-07,-0.000149
5.7751709E-07,-0.000143
5.7756709E-07,-0.000137
5.7761709E-07,-0.000131
5.7766709E-07,-0.000126
5.7771709E-07,-0.000124
5.7776709E-07,-0.000123
5.7781709E-07,-0.000126
5.7786709E-07,-0.000132
5.7791709E-07,-0.000141
5.7796709E-07,-0.000152
5.7801709E-07,-0.000165
5.7806709E-07,-0.000180
5.7811709E-07,-0.000195
5.7816709E-07,-0.000209
5.7821709E-07,-0.000222
5.7826709E-07,-0.000232
5.7831709E-07,-0.000238
5.7836709E-07,-0.000240
5.7841709E-07,-0.000236
5.7846709E-07,-0.000226
5.7851709E-07,-0.000211
5.7856709E-07,-0.000190
5.7861709E-07,-0.000163
5.7866709E-07,-0.000132
5.7871709E-07,-0.000096
5.7876709E-07,-0.000058
5.7881709E-07,-0.000018
5.7886709E-07,0.000022
5.7891709E-07,0.000061
5.7896709E-07,0.000097
5.7901709E-07,0.000129
5.7906709E-07,0.000157
5.7911709E-07,0.000178
5.7916709E-07,0.000193
5.7921709E-07,0.000201
5.7926709E-07,0.000201
5.7931709E-07,0.000195
5.7936709E-07,0.000182
5.7941709E-07,0.000163
5.7946709E-07,0.000139
5.7951709E-07,0.000112
5.7956709E-07,0.000082
5.7961709E-07,0.000050
5.7966709E-07,0.000019
5.7971709E-07,-0.000011
5.7976709E-07,-0.000040
5.7981709E-07,-0.000065
5.7986709E-07,-0.000087
5.7991709E-07,-0.000105
5.7996709E-07,-0.000119
5.8001709E-07,-0.000129
5.8006709E-07,-0.000135
5.8011709E-07,-0.000138
5.8016709E-07,-0.000139
5.8021709E-07,-0.000138
5.8026709E-07,-0.000137
5.8031709E-07,-0.000136
5.8036709E-07,-0.000136
5.8041709E-07,-0.000137
5.8046709E-07,-0.000141
5.8051709E-07,-0.000148
5.8056709E-07,-0.000157
5.8061709E-07,-0.000170
5.8066709E-07,-0.000184
5.8071709E-07,-0.000201
5.8076709E-07,-0.000220
5.8081709E-07,-0.000239
5.8086709E-07,-0.000258
5.8091709E-07,-0.000275
5.8096709E-07,-0.000291
5.8101709E-07,-0.000303
5.8106709E-07,-0.000312
5.8111709E-07,-0.000317
5.8116709E-07,-0.000318
5.8121709E-07,-0.000313
5.8126709E-07,-0.000305
5.8131709E-07,-0.000292
5.8136709E-07,-0.000275
5.8141709E-07,-0.000255
5.8146709E-07,-0.000234
5.8151709E-07,-0.000211
5.8156709E-07,-0.000188
5.8161709E-07,-0.000167
5.8166709E-07,-0.000147
5.8171709E-07,-0.000130
5.8176709E-07,-0.000117
5.8181709E-07,-0.000107
5.8186709E-07,-0.000102
5.8191709E-07,-0.000101
5.8196709E-07,-0.000103
5.8201709E-07,-0.000109
5.8206709E-07,-0.000118
5.8211709E-07,-0.000128
5.8216709E-07,-0.000140
5.8221709E-07,-0.000150
5.8226709E-07,-0.000160
5.8231709E-07,-0.000167
5.8236709E-07,-0.000171
5.8241709E-07,-0.000170
5.8246709E-07,-0.000165
5.8251709E-07,-0.000156
5.8256709E-07,-0.000141
5.8261709E-07,-0.000122
5.8266709E-07,-0.000098
5.8271709E-07,-0.000071
5.8276709E-07,-0.000042
5.8281709E-07,-0.000011
5.8286709E-07,0.000020
5.8291709E-07,0.000051
5.8296709E-07,0.000079
5.8301709E-07,0.000104
5.8306709E-07,0.000124
5.8311709E-07,0.000140
5.8316709E-07,0.000151
5.8321709E-07,0.000155
5.8326709E-07,0.000154
5.8331709E-07,0.000147
5.8336709E-07,0.000135
5.8341709E-07,0.000119
5.8346709E-07,0.000100
5.8351709E-07,0.000079
5.8356709E-07,0.000056
5.8361709E-07,0.000033
5.8366709E-07,0.000012
5.8371709E-07,-0.000008
5.8376709E-07,-0.000024
5.8381709E-07,-0.000037
5.8386709E-07,-0.000046
5.8391709E-07,-0.000051
5.8396709E-07,-0.000052
5.8401709E-07,-0.000050
5.8406709E-07,-0.000045
5.8411709E-07,-0.000037
5.8416709E-07,-0.000028
5.8421709E-07,-0.000019
5.8426709E-07,-0.000011
5.8431709E-07,-0.000005
5.8436709E-07,-0.000001
5.8441709E-07,-0.000001
5.8446709E-07,-0.000005
5.8451709E-07,-0.000014
5.8456709E-07,-0.000027
5.8461709E-07,-0.000045
5.8466709E-07,-0.000066
5.8471709E-07,-0.000091
5.8476709E-07,-0.000119
5.8481709E-07,-0.000149
5.8486709E-07,-0.000178
5.8491709E-07,-0.000208
5.8496709E-07,-0.000235
5.8501709E-07,-0.000259
5.8506709E-07,-0.000280
5.8511709E-07,-0.000296
5.8516709E-07,-0.000307
5.8521709E-07,-0.000313
5.8526709E-07,-0.000313
5.8531709E-07,-0.000308
5.8536709E-07,-0.000298
5.8541709E-07,-0.000284
5.8546709E-07,-0.000267
5.8551709E-07,-0.000247
5.8556709E-07,-0.000227
5.8561709E-07,-0.000206
5.8566709E-07,-0.000186
5.8571709E-07,-0.000169
5.8576709E-07,-0.000153
5.8581709E-07,-0.000142
5.8586709E-07,-0.000133
5.8591709E-07,-0.000128
5.8596709E-07,-0.000127
5.8601709E-07,-0.000128
5.8606709E-07,-0.000132
5.8611709E-07,-0.000138
5.8616709E-07,-0.000144
5.8621709E-07,-0.000150
5.8626709E-07,-0.000154
5.8631709E-07,-0.000156
5.8636709E-07,-0.000154
5.8641709E-07,-0.000149
5.8646709E-07,-0.000139
5.8651709E-07,-0.000124
5.8656709E-07,-0.000104
5.8661709E-07,-0.000081
5.8666709E-07,-0.000053
5.8671709E-07,-0.000022
5.8676709E-07,0.000011
5.8681709E-07,0.000044
5.8686709E-07,0.000077
5.8691709E-07,0.000109
5.8696709E-07,0.000137
5.8701709E-07,0.000161
5.8706709E-07,0.000179
5.8711709E-07,0.000192
5.8716709E-07,0.000197
5.8721709E-07,0.000196
5.8726709E-07,0.000188
5.8731709E-07,0.000173
5.8736709E-07,0.000151
5.8741709E-07,0.000125
5.8746709E-07,0.000095
5.8751709E-07,0.000061
5.8756709E-07,0.000026
5.8761709E-07,-0.000009
5.8766709E-07,-0.000043
5.8771709E-07,-0.000074
5.8776709E-07,-0.000103
5.8781709E-07,-0.000127
5.8786709E-07,-0.000146
5.8791709E-07,-0.000159
5.8796709E-07,-0.000168
5.8801709E-07,-0.000172
5.8806709E-07,-0.000170
5.8811709E-07,-0.000165
5.8816709E-07,-0.000157
5.8821709E-07,-0.000147
5.8826709E-07,-0.000136
5.8831709E-07,-0.000126
5.8836709E-07,-0.000116
5.8841709E-07,-0.000108
5.8846709E-07,-0.000104
5.8851709E-07,-0.000102
5.8856709E-07,-0.000104
5.8861709E-07,-0.000110
5.8866709E-07,-0.000119
5.8871709E-07,-0.000131
5.8876709E-07,-0.000145
5.8881709E-07,-0.000161
5.8886709E-07,-0.000177
5.8891709E-07,-0.000192
5.8896709E-07,-0.000206
5.8901709E-07,-0.000218
5.8906709E-07,-0.000226
5.8911709E-07,-0.000230
5.8916709E-07,-0.000229
5.8921709E-07,-0.000224
5.8926709E-07,-0.000214
5.8931709E-07,-0.000200
5.8936709E-07,-0.000181
5.8941709E-07,-0.000159
5.8946709E-07,-0.000135
5.8951709E-07,-0.000110
5.8956709E-07,-0.000085
5.8961709E-07,-0.000061
5.8966709E-07,-0.000039
5.8971709E-07,-0.000020
5.8976709E-07,-0.000006
5.8981709E-07,0.000003
5.8986709E-07,0.000007
5.8991709E-07,0.000006
5.8996709E-07,-0.000002
5.9001709E-07,-0.000014
5.9006709E-07,-0.000032
5.9011709E-07,-0.000053
5.9016709E-07,-0.000077
5.9021709E-07,-0.000103
5.9026709E-07,-0.000130
5.9031709E-07,-0.000156
5.9036709E-07,-0.000181
5.9041709E-07,-0.000204
5.9046709E-07,-0.000223
5.9051709E-07,-0.000239
5.9056709E-07,-0.000250
5.9061709E-07,-0.000257
5.9066709E-07,-0.000259
5.9071709E-07,-0.000258
5.9076709E-07,-0.000253
5.9081709E-07,-0.000245
5.9086709E-07,-0.000236
5.9091709E-07,-0.000225
5.9096709E-07,-0.000214
5.9101709E-07,-0.000203
5.9106709E-07,-0.000194
5.9111709E-07,-0.000187
5.9116709E-07,-0.000182
5.9121709E-07,-0.000180
5.9126709E-07,-0.000180
5.9131709E-07,-0.000183
5.9136709E-07,-0.000187
5.9141709E-07,-0.000192
5.9146709E-07,-0.000198
5.9151709E-07,-0.000203
5.9156709E-07,-0.000207
5.9161709E-07,-0.000209
5.9166709E-07,-0.000207
5.9171709E-07,-0.000201
5.9176709E-07,-0.000191
5.9181709E-07,-0.000176
5.9186709E-07,-0.000155
5.9191709E-07,-0.000130
5.9196709E-07,-0.000101
5.9201709E-07,-0.000068
5.9206709E-07,-0.000031
5.9211709E-07,0.000007
5.9216709E-07,0.000046
5.9221709E-07,0.000085
5.9226709E-07,0.000121
5.9231709E-07,0.000155
5.9236709E-07,0.000185
5.9241709E-07,0.000209
5.9246709E-07,0.000228
5.9251709E-07,0.000240
5.9256709E-07,0.000246
5.9261709E-07,0.000245
5.9266709E-07,0.000238
5.9271709E-07,0.000225
5.9276709E-07,0.000208
5.9281709E-07,0.000187
5.9286709E-07,0.000163
5.9291709E-07,0.000138
5.9296709E-07,0.000112
5.9301709E-07,0.000088
5.9306709E-07,0.000066
5.9311709E-07,0.000046
5.9316709E-07,0.000031
5.9321709E-07,0.000020
5.9326709E-07,0.000013
5.9331709E-07,0.000012
5.9336709E-07,0.000014
5.9341709E-07,0.000020
5.9346709E-07,0.000030
5.9351709E-07,0.000041
5.9356709E-07,0.000055
5.9361709E-07,0.000069
5.9366709E-07,0.000082
5.9371709E-07,0.000095
5.9376709E-07,0.000105
5.9381709E-07,0.000113
5.9386709E-07,0.000117
5.9391709E-07,0.000119
5.9396709E-07,0.000118
5.9401709E-07,0.000114
5.9406709E-07,0.000107
5.9411709E-07,0.000099
5.9416709E-07,0.000091
5.9421709E-07,0.000082
5.9426709E-07,0.000074
5.9431709E-07,0.000067
5.9436709E-07,0.000064
5.9441709E-07,0.000063
5.9446709E-07,0.000066
5.9451709E-07,0.000073
5.9456709E-07,0.000084
5.9461709E-07,0.000098
5.9466709E-07,0.000116
5.9471709E-07,0.000136
5.9476709E-07,0.000157
5.9481709E-07,0.000179
5.9486709E-07,0.000201
5.9491709E-07,0.000221
5.9496709E-07,0.000238
5.9501709E-07,0.000252
5.9506709E-07,0.000260
5.9511709E-07,0.000263
5.9516709E-07,0.000260
5.9521709E-07,0.000251
5.9526709E-07,0.000235
5.9531709E-07,0.000213
5.9536709E-07,0.000186
5.9541709E-07,0.000154
5.9546709E-07,0.000118
5.9551709E-07,0.000080
5.9556709E-07,0.000040
5.9561709E-07,0.000001
5.9566709E-07,-0.000037
5.9571709E-07,-0.000073
5.9576709E-07,-0.000105
5.9581709E-07,-0.000132
5.9586709E-07,-0.000154
5.9591709E-07,-0.000170
5.9596709E-07,-0.000181
5.9601709E-07,-0.000186
5.9606709E-07,-0.000185
5.9611709E-07,-0.000180
5.9616709E-07,-0.000171
5.9621709E-07,-0.000159
5.9626709E-07,-0.000145
5.9631709E-07,-0.000130
5.9636709E-07,-0.000115
5.9641709E-07,-0.000101
5.9646709E-07,-0.000090
5.9651709E-07,-0.000081
5.9656709E-07,-0.000075
5.9661709E-07,-0.000073
5.9666709E-07,-0.000075
5.9671709E-07,-0.000079
5.9676709E-07,-0.000087
5.9681709E-07,-0.000097
5.9686709E-07,-0.000108
5.9691709E-07,-0.000121
5.9696709E-07,-0.000133
5.9701709E-07,-0.000145
5.9706709E-07,-0.000156
5.9711709E-07,-0.000164
5.9716709E-07,-0.000169
5.9721709E-07,-0.000172
5.9726709E-07,-0.000172
5.9731709E-07,-0.000168
5.9736709E-07,-0.000162
5.9741709E-07,-0.000154
5.9746709E-07,-0.000145
5.9751709E-07,-0.000135
5.9756709E-07,-0.000125
5.9761709E-07,-0.000116
5.9766709E-07,-0.000109
5.9771709E-07,-0.000105
5.9776709E-07,-0.000105
5.9781709E-07,-0.000108
5.9786709E-07,-0.000115
5.9791709E-07,-0.000127
5.9796709E-07,-0.000142
5.9801709E-07,-0.000161
5.9806709E-07,-0.000183
5.9811709E-07,-0.000207
5.9816709E-07,-0.000233
5.9821709E-07,-0.000258
5.9826709E-07,-0.000283
5.9831709E-07,-0.000305
5.9836709E-07,-0.000325
5.9841709E-07,-0.000340
5.9846709E-07,-0.000351
5.9851709E-07,-0.000357
5.9856709E-07,-0.000358
5.9861709E-07,-0.000353
5.9866709E-07,-0.000343
5.9871709E-07,-0.000328
5.9876709E-07,-0.000309
5.9881709E-07,-0.000288
5.9886709E-07,-0.000264
5.9891709E-07,-0.000239
5.9896709E-07,-0.000213
5.9901709E-07,-0.000189
5.9906709E-07,-0.000168
5.9911709E-07,-0.000148
5.9916709E-07,-0.000133
5.9921709E-07,-0.000121
5.9926709E-07,-0.000113
5.9931709E-07,-0.000109
5.9936709E-07,-0.000109
5.9941709E-07,-0.000112
5.9946709E-07,-0.000118
5.9951709E-07,-0.000124
5.9956709E-07,-0.000132
5.9961709E-07,-0.000139
5.9966709E-07,-0.000144
5.9971709E-07,-0.000147
5.9976709E-07,-0.000147
5.9981709E-07,-0.000143
5.9986709E-07,-0.000135
5.9991709E-07,-0.000122
5.9996709E-07,-0.000106
6.0001709E-07,-0.000085
6.0006709E-07,-0.000061
6.0011709E-07,-0.000034
6.0016709E-07,-0.000006
6.0021709E-07,0.000023
6.0026709E-07,0.000052
6.0031709E-07,0.000080
6.0036709E-07,0.000106
6.0041709E-07,0.000128
6.0046709E-07,0.000146
6.0051709E-07,0.000160
6.0056709E-07,0.000169
6.0061709E-07,0.000173
6.0066709E-07,0.000173
6.0071709E-07,0.000168
6.0076709E-07,0.000160
6.0081709E-07,0.000149
6.0086709E-07,0.000136
6.0091709E-07,0.000123
6.0096709E-07,0.000109
6.0101709E-07,0.000096
6.0106709E-07,0.000086
6.0111709E-07,0.000078
6.0116709E-07,0.000073
6.0121709E-07,0.000072
6.0126709E-07,0.000075
6.0131709E-07,0.000082
6.0136709E-07,0.000092
6.0141709E-07,0.000105
6.0146709E-07,0.000120
6.0151709E-07,0.000136
6.0156709E-07,0.000153
6.0161709E-07,0.000170
6.0166709E-07,0.000185
6.0171709E-07,0.000197
6.0176709E-07,0.000207
6.0181709E-07,0.000213
6.0186709E-07,0.000215
6.0191709E-07,0.000212
6.0196709E-07,0.000206
6.0201709E-07,0.000196
6.0206709E-07,0.000183
6.0211709E-07,0.000167
6.0216709E-07,0.000150
6.0221709E-07,0.000132
6.0226709E-07,0.000113
6.0231709E-07,0.000097
6.0236709E-07,0.000082
6.0241709E-07,0.000070
6.0246709E-07,0.000061
6.0251709E-07,0.000057
6.0256709E-07,0.000056
6.0261709E-07,0.000060
6.0266709E-07,0.000068
6.0271709E-07,0.000079
6.0276709E-07,0.000093
6.0281709E-07,0.000109
6.0286709E-07,0.000126
6.0291709E-07,0.000143
6.0296709E-07,0.000160
6.0301709E-07,0.000175
6.0306709E-07,0.000187
6.0311709E-07,0.000196
6.0316709E-07,0.000202
6.0321709E-07,0.000204
6.0326709E-07,0.000202
6.0331709E-07,0.000196
6.0336709E-07,0.000186
6.0341709E-07,0.000174
6.0346709E-07,0.000160
6.0351709E-07,0.000145
6.0356709E-07,0.000129
6.0361709E-07,0.000114
6.0366709E-07,0.000100
6.0371709E-07,0.000089
6.0376709E-07,0.000081
6.0381709E-07,0.000077
6.0386709E-07,0.000076
6.0391709E-07,0.000080
6.0396709E-07,0.000087
6.0401709E-07,0.000097
6.0406709E-07,0.000111
6.0411709E-07,0.000126
6.0416709E-07,0.000143
6.0421709E-07,0.000160
6.0426709E-07,0.000177
6.0431709E-07,0.000191
6.0436709E-07,0.000204
6.0441709E-07,0.000213
6.0446709E-07,0.000218
6.0451709E-07,0.000219
6.0456709E-07,0.000215
6.0461709E-07,0.000207
6.0466709E-07,0.000195
6.0471709E-07,0.000179
6.0476709E-07,0.000161
6.0481709E-07,0.000140
6.0486709E-07,0.000119
6.0491709E-07,0.000097
6.0496709E-07,0.000077
6.0501709E-07,0.000058
6.0506709E-07,0.000043
6.0511709E-07,0.000031
6.0516709E-07,0.000024
6.0521709E-07,0.000020
6.0526709E-07,0.000022
6.0531709E-07,0.000028
6.0536709E-07,0.000039
6.0541709E-07,0.000052
6.0546709E-07,0.000069
6.0551709E-07,0.000087
6.0556709E-07,0.000107
6.0561709E-07,0.000126
6.0566709E-07,0.000143
6.0571709E-07,0.000159
6.0576709E-07,0.000171
6.0581709E-07,0.000180
6.0586709E-07,0.000184
6.0591709E-07,0.000183
6.0596709E-07,0.000178
6.0601709E-07,0.000168
6.0606709E-07,0.000155
6.0611709E-07,0.000138
6.0616709E-07,0.000118
6.0621709E-07,0.000097
6.0626709E-07,0.000075
6.0631709E-07,0.000053
6.0636709E-07,0.000033
6.0641709E-07,0.000015
6.0646709E-07,0.000000
6.0651709E-07,-0.000011
6.0656709E-07,-0.000019
6.0661709E-07,-0.000022
6.0666709E-07,-0.000021
6.0671709E-07,-0.000016
6.0676709E-07,-0.000008
6.0681709E-07,0.000003
6.0686709E-07,0.000016
6.0691709E-07,0.000029
6.0696709E-07,0.000043
6.0701709E-07,0.000055
6.0706709E-07,0.000066
6.0711709E-07,0.000074
6.0716709E-07,0.000078
6.0721709E-07,0.000079
6.0726709E-07,0.000076
6.0731709E-07,0.000070
6.0736709E-07,0.000059
6.0741709E-07,0.000045
6.0746709E-07,0.000029
6.0751709E-07,0.000010
6.0756709E-07,-0.000010
6.0761709E-07,-0.000030
6.0766709E-07,-0.000049
6.0771709E-07,-0.000067
6.0776709E-07,-0.000083
6.0781709E-07,-0.000097
6.0786709E-07,-0.000107
6.0791709E-07,-0.000114
6.0796709E-07,-0.000117
6.0801709E-07,-0.000117
6.0806709E-07,-0.000115
6.0811709E-07,-0.000111
6.0816709E-07,-0.000105
6.0821709E-07,-0.000098
6.0826709E-07,-0.000092
6.0831709E-07,-0.000087
6.0836709E-07,-0.000084
6.0841709E-07,-0.000084
6.0846709E-07,-0.000087
6.0851709E-07,-0.000093
6.0856709E-07,-0.000103
6.0861709E-07,-0.000117
6.0866709E-07,-0.000135
6.0871709E-07,-0.000155
6.0876709E-07,-0.000178
6.0881709E-07,-0.000202
6.0886709E-07,-0.000226
6.0891709E-07,-0.000250
6.0896709E-07,-0.000272
6.0901709E-07,-0.000292
6.0906709E-07,-0.000308
6.0911709E-07,-0.000320
6.0916709E-07,-0.000327
6.0921709E-07,-0.000328
6.0926709E-07,-0.000324
6.0931709E-07,-0.000315
6.0936709E-07,-0.000300
6.0941709E-07,-0.000282
6.0946709E-07,-0.000259
6.0951709E-07,-0.000234
6.0956709E-07,-0.000207
6.0961709E-07,-0.000180
6.0966709E-07,-0.000153
6.0971709E-07,-0.000128
6.0976709E-07,-0.000106
6.0981709E-07,-0.000087
6.0986709E-07,-0.000071
6.0991709E-07,-0.000060
6.0996709E-07,-0.000053
6.1001709E-07,-0.000051
6.1006709E-07,-0.000053
6.1011709E-07,-0.000057
6.1016709E-07,-0.000065
6.1021709E-07,-0.000075
6.1026709E-07,-0.000085
6.1031709E-07,-0.000095
6.1036709E-07,-0.000105
6.1041709E-07,-0.000112
6.1046709E-07,-0.000116
6.1051709E-07,-0.000118
6.1056709E-07,-0.000115
6.1061709E-07,-0.000108
6.1066709E-07,-0.000098
6.1071709E-07,-0.000083
6.1076709E-07,-0.000065
6.1081709E-07,-0.000045
6.1086709E-07,-0.000022
6.1091709E-07,0.000001
6.1096709E-07,0.000025
6.1101709E-07,0.000049
6.1106709E-07,0.000070
6.1111709E-07,0.000090
6.1116709E-07,0.000107
6.1121709E-07,0.000120
6.1126709E-07,0.000130
6.1131709E-07,0.000136
6.1136709E-07,0.000138
6.1141709E-07,0.000138
6.1146709E-07,0.000134
6.1151709E-07,0.000128
6.1156709E-07,0.000121
6.1161709E-07,0.000114
6.1166709E-07,0.000106
6.1171709E-07,0.000100
6.1176709E-07,0.000095
6.1181709E-07,0.000092
6.1186709E-07,0.000092
6.1191709E-07,0.000094
6.1196709E-07,0.000100
6.1201709E-07,0.000108
6.1206709E-07,0.000119
6.1211709E-07,0.000131
6.1216709E-07,0.000145
6.1221709E-07,0.000159
6.1226709E-07,0.000173
6.1231709E-07,0.000186
6.1236709E-07,0.000197
6.1241709E-07,0.000206
6.1246709E-07,0.000212
6.1251709E-07,0.000214
6.1256709E-07,0.000213
6.1261709E-07,0.000209
6.1266709E-07,0.000202
6.1271709E-07,0.000191
6.1276709E-07,0.000178
6.1281709E-07,0.000164
6.1286709E-07,0.000149
6.1291709E-07,0.000134
6.1296709E-07,0.000119
6.1301709E-07,0.000107
6.1306709E-07,0.000096
6.1311709E-07,0.000089
6.1316709E-07,0.000086
6.1321709E-07,0.000085
6.1326709E-07,0.000089
6.1331709E-07,0.000096
6.1336709E-07,0.000107
6.1341709E-07,0.000120
6.1346709E-07,0.000135
6.1351709E-07,0.000151
6.1356709E-07,0.000168
6.1361709E-07,0.000183
6.1366709E-07,0.000197
6.1371709E-07,0.000208
6.1376709E-07,0.000216
6.1381709E-07,0.000221
6.1386709E-07,0.000221
6.1391709E-07,0.000216
6.1396709E-07,0.000208
6.1401709E-07,0.000195
6.1406709E-07,0.000179
6.1411709E-07,0.000160
6.1416709E-07,0.000139
6.1421709E-07,0.000117
6.1426709E-07,0.000095
6.1431709E-07,0.000074
6.1436709E-07,0.000055
6.1441709E-07,0.000039
6.1446709E-07,0.000026
6.1451709E-07,0.000017
6.1456709E-07,0.000013
6.1461709E-07,0.000013
6.1466709E-07,0.000018
6.1471709E-07,0.000028
6.1476709E-07,0.000041
6.1481709E-07,0.000057
6.1486709E-07,0.000075
6.1491709E-07,0.000095
6.1496709E-07,0.000115
6.1501709E-07,0.000134
6.1506709E-07,0.000152
6.1511709E-07,0.000168
6.1516709E-07,0.000181
6.1521709E-07,0.000191
6.1526709E-07,0.000197
6.1531709E-07,0.000199
6.1536709E-07,0.000197
6.1541709E-07,0.000193
6.1546709E-07,0.000186
6.1551709E-07,0.000176
6.1556709E-07,0.000166
6.1561709E-07,0.000155
6.1566709E-07,0.000144
6.1571709E-07,0.000134
6.1576709E-07,0.000126
6.1581709E-07,0.000121
6.1586709E-07,0.000118
6.1591709E-07,0.000119
6.1596709E-07,0.000122
6.1601709E-07,0.000129
6.1606709E-07,0.000138
6.1611709E-07,0.000149
6.1616709E-07,0.000162
6.1621709E-07,0.000176
6.1626709E-07,0.000190
6.1631709E-07,0.000202
6.1636709E-07,0.000213
6.1641709E-07,0.000221
6.1646709E-07,0.000226
6.1651709E-07,0.000227
6.1656709E-07,0.000224
6.1661709E-07,0.000217
6.1666709E-07,0.000206
6.1671709E-07,0.000191
6.1676709E-07,0.000172
6.1681709E-07,0.000151
6.1686709E-07,0.000127
6.1691709E-07,0.000102
6.1696709E-07,0.000077
6.1701709E-07,0.000052
6.1706709E-07,0.000029
6.1711709E-07,0.000008
6.1716709E-07,-0.000011
6.1721709E-07,-0.000026
6.1726709E-07,-0.000038
6.1731709E-07,-0.000047
6.1736709E-07,-0.000052
6.1741709E-07,-0.000054
6.1746709E-07,-0.000053
6.1751709E-07,-0.000051
6.1756709E-07,-0.000046
6.1761709E-07,-0.000042
6.1766709E-07,-0.000037
6.1771709E-07,-0.000033
6.1776709E-07,-0.000031
6.1781709E-07,-0.000031
6.1786709E-07,-0.000033
6.1791709E-07,-0.000039
6.1796709E-07,-0.000047
6.1801709E-07,-0.000059
6.1806709E-07,-0.000073
6.1811709E-07,-0.000089
6.1816709E-07,-0.000108
6.1821709E-07,-0.000127
6.1826709E-07,-0.000147
6.1831709E-07,-0.000167
6.1836709E-07,-0.000185
6.1841709E-07,-0.000202
6.1846709E-07,-0.000217
6.1851709E-07,-0.000229
6.1856709E-07,-0.000238
6.1861709E-07,-0.000244
6.1866709E-07,-0.000248
6.1871709E-07,-0.000249
6.1876709E-07,-0.000247
6.1881709E-07,-0.000244
6.1886709E-07,-0.000239
6.1891709E-07,-0.000235
6.1896709E-07,-0.000230
6.1901709E-07,-0.000227
6.1906709E-07,-0.000225
6.1911709E-07,-0.000226
6.1916709E-07,-0.000229
6.1921709E-07,-0.000235
6.1926709E-07,-0.000244
6.1931709E-07,-0.000256
6.1936709E-07,-0.000270
6.1941709E-07,-0.000287
6.1946709E-07,-0.000304
6.1951709E-07,-0.000322
6.1956709E-07,-0.000340
6.1961709E-07,-0.000357
6.1966709E-07,-0.000372
6.1971709E-07,-0.000384
6.1976709E-07,-0.000393
6.1981709E-07,-0.000398
6.1986709E-07,-0.000398
6.1991709E-07,-0.000394
6.1996709E-07,-0.000386
6.2001709E-07,-0.000373
6.2006709E-07,-0.000357
6.2011709E-07,-0.000337
6.2016709E-07,-0.000315
6.2021709E-07,-0.000292
6.2026709E-07,-0.000268
6.2031709E-07,-0.000244
6.2036709E-07,-0.000222
6.2041709E-07,-0.000202
6.2046709E-07,-0.000185
6.2051709E-07,-0.000172
6.2056709E-07,-0.000163
6.2061709E-07,-0.000158
6.2066709E-07,-0.000157
6.2071709E-07,-0.000160
6.2076709E-07,-0.000167
6.2081709E-07,-0.000176
6.2086709E-07,-0.000188
6.2091709E-07,-0.000200
6.2096709E-07,-0.000213
6.2101709E-07,-0.000225
6.2106709E-07,-0.000236
6.2111709E-07,-0.000243
6.2116709E-07,-0.000248
6.2121709E-07,-0.000249
6.2126709E-07,-0.000246
6.2131709E-07,-0.000239
6.2136709E-07,-0.000228
6.2141709E-07,-0.000212
6.2146709E-07,-0.000193
6.2151709E-07,-0.000172
6.2156709E-07,-0.000148
6.2161709E-07,-0.000123
6.2166709E-07,-0.000097
6.2171709E-07,-0.000072
6.2176709E-07,-0.000047
6.2181709E-07,-0.000025
6.2186709E-07,-0.000004
6.2191709E-07,0.000014
6.2196709E-07,0.000029
6.2201709E-07,0.000041
6.2206709E-07,0.000051
6.2211709E-07,0.000058
6.2216709E-07,0.000064
6.2221709E-07,0.000069
6.2226709E-07,0.000074
6.2231709E-07,0.000078
6.2236709E-07,0.000084
6.2241709E-07,0.000092
6.2246709E-07,0.000102
6.2251709E-07,0.000114
6.2256709E-07,0.000129
6.2261709E-07,0.000147
6.2266709E-07,0.000168
6.2271709E-07,0.000191
6.2276709E-07,0.000216
6.2281709E-07,0.000242
6.2286709E-07,0.000268
6.2291709E-07,0.000293
6.2296709E-07,0.000317
6.2301709E-07,0.000338
6.2306709E-07,0.000356
6.2311709E-07,0.000370
6.2316709E-07,0.000379
6.2321709E-07,0.000382
6.2326709E-07,0.000380
6.2331709E-07,0.000372
6.2336709E-07,0.000359
6.2341709E-07,0.000341
6.2346709E-07,0.000318
6.2351709E-07,0.000291
6.2356709E-07,0.000262
6.2361709E-07,0.000231
6.2366709E-07,0.000198
6.2371709E-07,0.000166
6.2376709E-07,0.000135
6.2381709E-07,0.000106
6.2386709E-07,0.000080
6.2391709E-07,0.000057
6.2396709E-07,0.000038
6.2401709E-07,0.000023
6.2406709E-07,0.000012
6.2411709E-07,0.000005
6.2416709E-07,0.000001
6.2421709E-07,0.000001
6.2426709E-07,0.000003
6.2431709E-07,0.000007
6.2436709E-07,0.000012
6.2441709E-07,0.000018
6.2446709E-07,0.000024
6.2451709E-07,0.000029
6.2456709E-07,0.000034
6.2461709E-07,0.000036
6.2466709E-07,0.000038
6.2471709E-07,0.000038
6.2476709E-07,0.000036
6.2481709E-07,0.000033
6.2486709E-07,0.000030
6.2491709E-07,0.000025
6.2496709E-07,0.000021
6.2501709E-07,0.000018
6.2506709E-07,0.000015
6.2511709E-07,0.000013
6.2516709E-07,0.000013
6.2521709E-07,0.000015
6.2526709E-07,0.000019
6.2531709E-07,0.000024
6.2536709E-07,0.000031
6.2541709E-07,0.000039
6.2546709E-07,0.000048
6.2551709E-07,0.000058
6.2556709E-07,0.000067
6.2561709E-07,0.000075
6.2566709E-07,0.000081
6.2571709E-07,0.000085
6.2576709E-07,0.000087
6.2581709E-07,0.000085
6.2586709E-07,0.000081
6.2591709E-07,0.000072
6.2596709E-07,0.000060
6.2601709E-07,0.000045
6.2606709E-07,0.000027
6.2611709E-07,0.000006
6.2616709E-07,-0.000017
6.2621709E-07,-0.000042
6.2626709E-07,-0.000067
6.2631709E-07,-0.000092
6.2636709E-07,-0.000117
6.2641709E-07,-0.000140
6.2646709E-07,-0.000162
6.2651709E-07,-0.000181
6.2656709E-07,-0.000198
6.2661709E-07,-0.000212
6.2666709E-07,-0.000224
6.2671709E-07,-0.000233
6.2676709E-07,-0.000241
6.2681709E-07,-0.000247
6.2686709E-07,-0.000252
6.2691709E-07,-0.000256
6.2696709E-07,-0.000261
6.2701709E-07,-0.000266
6.2706709E-07,-0.000274
6.2711709E-07,-0.000283
6.2716709E-07,-0.000294
6.2721709E-07,-0.000307
6.2726709E-07,-0.000324
6.2731709E-07,-0.000342
6.2736709E-07,-0.000363
6.2741709E-07,-0.000385
6.2746709E-07,-0.000409
6.2751709E-07,-0.000432
6.2756709E-07,-0.000455
6.2761709E-07,-0.000477
6.2766709E-07,-0.000497
6.2771709E-07,-0.000514
6.2776709E-07,-0.000527
6.2781709E-07,-0.000536
6.2786709E-07,-0.000540
6.2791709E-07,-0.000539
6.2796709E-07,-0.000533
6.2801709E-07,-0.000522
6.2806709E-07,-0.000507
6.2811709E-07,-0.000487
6.2816709E-07,-0.000464
6.2821709E-07,-0.000438
6.2826709E-07,-0.000410
6.2831709E-07,-0.000382
6.2836709E-07,-0.000353
6.2841709E-07,-0.000325
6.2846709E-07,-0.000299
6.2851709E-07,-0.000275
6.2856709E-07,-0.000254
6.2861709E-07,-0.000236
6.2866709E-07,-0.000222
6.2871709E-07,-0.000211
6.2876709E-07,-0.000203
6.2881709E-07,-0.000198
6.2886709E-07,-0.000195
6.2891709E-07,-0.000195
6.2896709E-07,-0.000195
6.2901709E-07,-0.000196
6.2906709E-07,-0.000197
6.2911709E-07,-0.000197
6.2916709E-07,-0.000196
6.2921709E-07,-0.000193
6.2926709E-07,-0.000188
6.2931709E-07,-0.000181
6.2936709E-07,-0.000172
6.2941709E-07,-0.000161
6.2946709E-07,-0.000149
6.2951709E-07,-0.000136
6.2956709E-07,-0.000123
6.2961709E-07,-0.000110
6.2966709E-07,-0.000098
6.2971709E-07,-0.000088
6.2976709E-07,-0.000080
6.2981709E-07,-0.000075
6.2986709E-07,-0.000073
6.2991709E-07,-0.000075
6.2996709E-07,-0.000079
6.3001709E-07,-0.000087
6.3006709E-07,-0.000097
6.3011709E-07,-0.000109
6.3016709E-07,-0.000124
6.3021709E-07,-0.000138
6.3026709E-07,-0.000153
6.3031709E-07,-0.000167
6.3036709E-07,-0.000179
6.3041709E-07,-0.000189
6.3046709E-07,-0.000196
6.3051709E-07,-0.000199
6.3056709E-07,-0.000198
6.3061709E-07,-0.000193
6.3066709E-07,-0.000184
6.3071709E-07,-0.000170
6.3076709E-07,-0.000154
6.3081709E-07,-0.000134
6.3086709E-07,-0.000111
6.3091709E-07,-0.000088
6.3096709E-07,-0.000063
6.3101709E-07,-0.000039
6.3106709E-07,-0.000015
6.3111709E-07,0.000006
6.3116709E-07,0.000025
6.3121709E-07,0.000042
6.3126709E-07,0.000055
6.3131709E-07,0.000064
6.3136709E-07,0.000071
6.3141709E-07,0.000074
6.3146709E-07,0.000074
6.3151709E-07,0.000072
6.3156709E-07,0.000068
6.3161709E-07,0.000063
6.3166709E-07,0.000058
6.3171709E-07,0.000054
6.3176709E-07,0.000051
6.3181709E-07,0.000049
6.3186709E-07,0.000050
6.3191709E-07,0.000054
6.3196709E-07,0.000061
6.3201709E-07,0.000071
6.3206709E-07,0.000083
6.3211709E-07,0.000098
6.3216709E-07,0.000115
6.3221709E-07,0.000134
6.3226709E-07,0.000153
6.3231709E-07,0.000172
6.3236709E-07,0.000191
6.3241709E-07,0.000208
6.3246709E-07,0.000223
6.3251709E-07,0.000236
6.3256709E-07,0.000245
6.3261709E-07,0.000252
6.3266709E-07,0.000255
6.3271709E-07,0.000255
6.3276709E-07,0.000252
6.3281709E-07,0.000246
6.3286709E-07,0.000238
6.3291709E-07,0.000228
6.3296709E-07,0.000218
6.3301709E-07,0.000208
6.3306709E-07,0.000198
6.3311709E-07,0.000189
6.3316709E-07,0.000182
6.3321709E-07,0.000178
6.3326709E-07,0.000176
6.3331709E-07,0.000176
6.3336709E-07,0.000179
6.3341709E-07,0.000184
6.3346709E-07,0.000192
6.3351709E-07,0.000201
6.3356709E-07,0.000211
6.3361709E-07,0.000222
6.3366709E-07,0.000232
6.3371709E-07,0.000242
6.3376709E-07,0.000250
6.3381709E-07,0.000255
6.3386709E-07,0.000259
6.3391709E-07,0.000259
6.3396709E-07,0.000256
6.3401709E-07,0.000249
6.3406709E-07,0.000240
6.3411709E-07,0.000228
6.3416709E-07,0.000213
6.3421709E-07,0.000196
6.3426709E-07,0.000179
6.3431709E-07,0.000160
6.3436709E-07,0.000141
6.3441709E-07,0.000123
6.3446709E-07,0.000107
6.3451709E-07,0.000092
6.3456709E-07,0.000080
6.3461709E-07,0.000070
6.3466709E-07,0.000063
6.3471709E-07,0.000059
6.3476709E-07,0.000057
6.3481709E-07,0.000058
6.3486709E-07,0.000060
6.3491709E-07,0.000064
6.3496709E-07,0.000069
6.3501709E-07,0.000073
6.3506709E-07,0.000077
6.3511709E-07,0.000080
6.3516709E-07,0.000081
6.3521709E-07,0.000080
6.3526709E-07,0.000077
6.3531709E-07,0.000071
6.3536709E-07,0.000063
6.3541709E-07,0.000052
6.3546709E-07,0.000039
6.3551709E-07,0.000025
6.3556709E-07,0.000010
6.3561709E-07,-0.000006
6.3566709E-07,-0.000021
6.3571709E-07,-0.000036
6.3576709E-07,-0.000049
6.3581709E-07,-0.000060
6.3586709E-07,-0.000069
6.3591709E-07,-0.000075
6.3596709E-07,-0.000077
6.3601709E-07,-0.000077
6.3606709E-07,-0.000073
6.3611709E-07,-0.000067
6.3616709E-07,-0.000058
6.3621709E-07,-0.000048
6.3626709E-07,-0.000036
6.3631709E-07,-0.000024
6.3636709E-07,-0.000012
6.3641709E-07,-0.000001
6.3646709E-07,0.000008
6.3651709E-07,0.000015
6.3656709E-07,0.000019
6.3661709E-07,0.000020
6.3666709E-07,0.000018
6.3671709E-07,0.000012
6.3676709E-07,0.000004
6.3681709E-07,-0.000008
6.3686709E-07,-0.000022
6.3691709E-07,-0.000038
6.3696709E-07,-0.000055
6.3701709E-07,-0.000073
6.3706709E-07,-0.000091
6.3711709E-07,-0.000108
6.3716709E-07,-0.000124
6.3721709E-07,-0.000138
6.3726709E-07,-0.000150
6.3731709E-07,-0.000160
6.3736709E-07,-0.000167
6.3741709E-07,-0.000171
6.3746709E-07,-0.000173
6.3751709E-07,-0.000172
6.3756709E-07,-0.000170
6.3761709E-07,-0.000166
6.3766709E-07,-0.000161
6.3771709E-07,-0.000155
6.3776709E-07,-0.000150
6.3781709E-07,-0.000145
6.3786709E-07,-0.000142
6.3791709E-07,-0.000139
6.3796709E-07,-0.000138
6.3801709E-07,-0.000139
6.3806709E-07,-0.000141
6.3811709E-07,-0.000145
6.3816709E-07,-0.000149
6.3821709E-07,-0.000155
6.3826709E-07,-0.000161
6.3831709E-07,-0.000166
6.3836709E-07,-0.000171
6.3841709E-07,-0.000175
6.3846709E-07,-0.000176
6.3851709E-07,-0.000176
6.3856709E-07,-0.000174
6.3861709E-07,-0.000169
6.3866709E-07,-0.000161
6.3871709E-07,-0.000151
6.3876709E-07,-0.000139
6.3881709E-07,-0.000124
6.3886709E-07,-0.000108
6.3891709E-07,-0.000092
6.3896709E-07,-0.000075
6.3901709E-07,-0.000058
6.3906709E-07,-0.000042
6.3911709E-07,-0.000028
6.3916709E-07,-0.000016
6.3921709E-07,-0.000007
6.3926709E-07,-0.000001
6.3931709E-07,0.000002
6.3936709E-07,0.000002
6.3941709E-07,-0.000002
6.3946709E-07,-0.000008
6.3951709E-07,-0.000018
6.3956709E-07,-0.000030
6.3961709E-07,-0.000044
6.3966709E-07,-0.000059
6.3971709E-07,-0.000075
6.3976709E-07,-0.000091
6.3981709E-07,-0.000107
6.3986709E-07,-0.000122
6.3991709E-07,-0.000135
6.3996709E-07,-0.000147
6.4001709E-07,-0.000157
6.4006709E-07,-0.000165
6.4011709E-07,-0.000171
6.4016709E-07,-0.000175
6.4021709E-07,-0.000178
6.4026709E-07,-0.000179
6.4031709E-07,-0.000180
6.4036709E-07,-0.000180
6.4041709E-07,-0.000180
6.4046709E-07,-0.000181
6.4051709E-07,-0.000182
6.4056709E-07,-0.000185
6.4061709E-07,-0.000188
6.4066709E-07,-0.000193
6.4071709E-07,-0.000200
6.4076709E-07,-0.000208
6.4081709E-07,-0.000217
6.4086709E-07,-0.000227
6.4091709E-07,-0.000237
6.4096709E-07,-0.000247
6.4101709E-07,-0.000257
6.4106709E-07,-0.000266
6.4111709E-07,-0.000274
6.4116709E-07,-0.000279
6.4121709E-07,-0.000283
6.4126709E-07,-0.000284
6.4131709E-07,-0.000283
6.4136709E-07,-0.000278
6.4141709E-07,-0.000271
6.4146709E-07,-0.000262
6.4151709E-07,-0.000250
6.4156709E-07,-0.000236
6.4161709E-07,-0.000221
6.4166709E-07,-0.000204
6.4171709E-07,-0.000187
6.4176709E-07,-0.000169
6.4181709E-07,-0.000152
6.4186709E-07,-0.000135
6.4191709E-07,-0.000119
6.4196709E-07,-0.000104
6.4201709E-07,-0.000091
6.4206709E-07,-0.000080
6.4211709E-07,-0.000069
6.4216709E-07,-0.000061
6.4221709E-07,-0.000053
6.4226709E-07,-0.000046
6.4231709E-07,-0.000041
6.4236709E-07,-0.000035
6.4241709E-07,-0.000030
6.4246709E-07,-0.000024
6.4251709E-07,-0.000017
6.4256709E-07,-0.000010
6.4261709E-07,-0.000002
6.4266709E-07,0.000008
6.4271709E-07,0.000018
6.4276709E-07,0.000030
6.4281709E-07,0.000042
6.4286709E-07,0.000054
6.4291709E-07,0.000067
6.4296709E-07,0.000080
6.4301709E-07,0.000092
6.4306709E-07,0.000104
6.4311709E-07,0.000113
6.4316709E-07,0.000122
6.4321709E-07,0.000128
6.4326709E-07,0.000132
6.4331709E-07,0.000135
6.4336709E-07,0.000135
6.4341709E-07,0.000133
6.4346709E-07,0.000129
6.4351709E-07,0.000124
6.4356709E-07,0.000118
6.4361709E-07,0.000112
6.4366709E-07,0.000106
6.4371709E-07,0.000101
6.4376709E-07,0.000096
6.4381709E-07,0.000094
6.4386709E-07,0.000093
6.4391709E-07,0.000095
6.4396709E-07,0.000099
6.4401709E-07,0.000106
6.4406709E-07,0.000116
6.4411709E-07,0.000128
6.4416709E-07,0.000142
6.4421709E-07,0.000157
6.4426709E-07,0.000174
6.4431709E-07,0.000192
6.4436709E-07,0.000209
6.4441709E-07,0.000226
6.4446709E-07,0.000241
6.4451709E-07,0.000255
6.4456709E-07,0.000266
6.4461709E-07,0.000274
6.4466709E-07,0.000279
6.4471709E-07,0.000282
6.4476709E-07,0.000280
6.4481709E-07,0.000276
6.4486709E-07,0.000269
6.4491709E-07,0.000260
6.4496709E-07,0.000248
6.4501709E-07,0.000235
6.4506709E-07,0.000221
6.4511709E-07,0.000207
6.4516709E-07,0.000192
6.4521709E-07,0.000178
6.4526709E-07,0.000165
6.4531709E-07,0.000154
6.4536709E-07,0.000144
6.4541709E-07,0.000136
6.4546709E-07,0.000129
6.4551709E-07,0.000123
6.4556709E-07,0.000119
6.4561709E-07,0.000116
6.4566709E-07,0.000113
6.4571709E-07,0.000110
6.4576709E-07,0.000107
6.4581709E-07,0.000103
6.4586709E-07,0.000097
6.4591709E-07,0.000090
6.4596709E-07,0.000081
6.4601709E-07,0.000070
6.4606709E-07,0.000057
6.4611709E-07,0.000043
6.4616709E-07,0.000026
6.4621709E-07,0.000008
6.4626709E-07,-0.000010
6.4631709E-07,-0.000030
6.4636709E-07,-0.000049
6.4641709E-07,-0.000068
6.4646709E-07,-0.000086
6.4651709E-07,-0.000102
6.4656709E-07,-0.000116
6.4661709E-07,-0.000128
6.4666709E-07,-0.000138
6.4671709E-07,-0.000145
6.4676709E-07,-0.000149
6.4681709E-07,-0.000151
6.4686709E-07,-0.000150
6.4691709E-07,-0.000147
6.4696709E-07,-0.000143
6.4701709E-07,-0.000137
6.4706709E-07,-0.000131
6.4711709E-07,-0.000124
6.4716709E-07,-0.000118
6.4721709E-07,-0.000112
6.4726709E-07,-0.000107
6.4731709E-07,-0.000103
6.4736709E-07,-0.000100
6.4741709E-07,-0.000099
6.4746709E-07,-0.000099
6.4751709E-07,-0.000101
6.4756709E-07,-0.000103
6.4761709E-07,-0.000106
6.4766709E-07,-0.000110
6.4771709E-07,-0.000113
6.4776709E-07,-0.000116
6.4781709E-07,-0.000118
6.4786709E-07,-0.000118
6.4791709E-07,-0.000118
6.4796709E-07,-0.000115
6.4801709E-07,-0.000111
6.4806709E-07,-0.000105
6.4811709E-07,-0.000097
6.4816709E-07,-0.000088
6.4821709E-07,-0.000077
6.4826709E-07,-0.000065
6.4831709E-07,-0.000053
6.4836709E-07,-0.000040
6.4841709E-07,-0.000028
6.4846709E-07,-0.000016
6.4851709E-07,-0.000005
6.4856709E-07,0.000004
6.4861709E-07,0.000012
6.4866709E-07,0.000017
6.4871709E-07,0.000021
6.4876709E-07,0.000022
6.4881709E-07,0.000022
6.4886709E-07,0.000020
6.4891709E-07,0.000016
6.4896709E-07,0.000010
6.4901709E-07,0.000004
6.4906709E-07,-0.000003
6.4911709E-07,-0.000010
6.4916709E-07,-0.000017
6.4921709E-07,-0.000023
6.4926709E-07,-0.000029
6.4931709E-07,-0.000034
6.4936709E-07,-0.000038
6.4941709E-07,-0.000041
6.4946709E-07,-0.000042
6.4951709E-07,-0.000043
6.4956709E-07,-0.000043
6.4961709E-07,-0.000043
6.4966709E-07,-0.000042
6.4971709E-07,-0.000041
6.4976709E-07,-0.000041
6.4981709E-07,-0.000041
6.4986709E-07,-0.000042
6.4991709E-07,-0.000045
6.4996709E-07,-0.000048
6.5001709E-07,-0.000052
6.5006709E-07,-0.000058
6.5011709E-07,-0.000065
6.5016709E-07,-0.000072
6.5021709E-07,-0.000080
6.5026709E-07,-0.000089
6.5031709E-07,-0.000097
6.5036709E-07,-0.000105
6.5041709E-07,-0.000112
6.5046709E-07,-0.000118
6.5051709E-07,-0.000122
6.5056709E-07,-0.000124
6.5061709E-07,-0.000124
6.5066709E-07,-0.000122
6.5071709E-07,-0.000118
6.5076709E-07,-0.000112
6.5081709E-07,-0.000104
6.5086709E-07,-0.000094
6.5091709E-07,-0.000083
6.5096709E-07,-0.000071
6.5101709E-07,-0.000059
6.5106709E-07,-0.000046
6.5111709E-07,-0.000034
6.5116709E-07,-0.000022
6.5121709E-07,-0.000012
6.5126709E-07,-0.000003
6.5131709E-07,0.000004
6.5136709E-07,0.000009
6.5141709E-07,0.000012
6.5146709E-07,0.000014
6.5151709E-07,0.000014
6.5156709E-07,0.000012
6.5161709E-07,0.000009
6.5166709E-07,0.000006
6.5171709E-07,0.000002
6.5176709E-07,-0.000002
6.5181709E-07,-0.000005
6.5186709E-07,-0.000008
6.5191709E-07,-0.000009
6.5196709E-07,-0.000009
6.5201709E-07,-0.000008
6.5206709E-07,-0.000005
6.5211709E-07,0.000000
6.5216709E-07,0.000006
6.5221709E-07,0.000013
6.5226709E-07,0.000021
6.5231709E-07,0.000030
6.5236709E-07,0.000038
6.5241709E-07,0.000047
6.5246709E-07,0.000054
6.5251709E-07,0.000061
6.5256709E-07,0.000066
6.5261709E-07,0.000069
6.5266709E-07,0.000070
6.5271709E-07,0.000069
6.5276709E-07,0.000066
6.5281709E-07,0.000061
6.5286709E-07,0.000054
6.5291709E-07,0.000046
6.5296709E-07,0.000036
6.5301709E-07,0.000026
6.5306709E-07,0.000016
6.5311709E-07,0.000006
6.5316709E-07,-0.000004
6.5321709E-07,-0.000013
6.5326709E-07,-0.000020
6.5331709E-07,-0.000026
6.5336709E-07,-0.000030
6.5341709E-07,-0.000032
6.5346709E-07,-0.000032
6.5351709E-07,-0.000031
6.5356709E-07,-0.000029
6.5361709E-07,-0.000025
6.5366709E-07,-0.000021
6.5371709E-07,-0.000017
6.5376709E-07,-0.000013
6.5381709E-07,-0.000010
6.5386709E-07,-0.000008
6.5391709E-07,-0.000008
6.5396709E-07,-0.000010
6.5401709E-07,-0.000014
6.5406709E-07,-0.000021
6.5411709E-07,-0.000030
6.5416709E-07,-0.000042
6.5421709E-07,-0.000055
6.5426709E-07,-0.000071
6.5431709E-07,-0.000088
6.5436709E-07,-0.000107
