LECROYWaveRunner‘N,20113,Waveform
Segments,1,SegmentSize,4002
Segment,TrigTime,TimeSinceSegment1
#1,12-Dec-2018 11:23:40,0                 
Time,Ampl
4.5693523E-07,-0.000030
4.5698523E-07,-0.000031
4.5703523E-07,-0.000031
4.5708523E-07,-0.000031
4.5713523E-07,-0.000029
4.5718523E-07,-0.000026
4.5723523E-07,-0.000022
4.5728523E-07,-0.000016
4.5733523E-07,-0.000009
4.5738523E-07,0.000000
4.5743523E-07,0.000010
4.5748523E-07,0.000021
4.5753523E-07,0.000034
4.5758523E-07,0.000049
4.5763523E-07,0.000064
4.5768523E-07,0.000080
4.5773523E-07,0.000097
4.5778523E-07,0.000114
4.5783523E-07,0.000130
4.5788523E-07,0.000147
4.5793523E-07,0.000162
4.5798523E-07,0.000176
4.5803523E-07,0.000189
4.5808523E-07,0.000200
4.5813523E-07,0.000209
4.5818523E-07,0.000216
4.5823523E-07,0.000220
4.5828523E-07,0.000222
4.5833523E-07,0.000222
4.5838523E-07,0.000220
4.5843523E-07,0.000215
4.5848523E-07,0.000209
4.5853523E-07,0.000201
4.5858523E-07,0.000192
4.5863523E-07,0.000181
4.5868523E-07,0.000170
4.5873523E-07,0.000159
4.5878523E-07,0.000147
4.5883523E-07,0.000135
4.5888523E-07,0.000124
4.5893523E-07,0.000113
4.5898523E-07,0.000103
4.5903523E-07,0.000093
4.5908523E-07,0.000084
4.5913523E-07,0.000075
4.5918523E-07,0.000066
4.5923523E-07,0.000058
4.5928523E-07,0.000050
4.5933523E-07,0.000041
4.5938523E-07,0.000032
4.5943523E-07,0.000023
4.5948523E-07,0.000013
4.5953523E-07,0.000003
4.5958523E-07,-0.000009
4.5963523E-07,-0.000021
4.5968523E-07,-0.000033
4.5973523E-07,-0.000045
4.5978523E-07,-0.000058
4.5983523E-07,-0.000071
4.5988523E-07,-0.000083
4.5993523E-07,-0.000094
4.5998523E-07,-0.000104
4.6003523E-07,-0.000113
4.6008523E-07,-0.000120
4.6013523E-07,-0.000126
4.6018523E-07,-0.000129
4.6023523E-07,-0.000131
4.6028523E-07,-0.000131
4.6033523E-07,-0.000130
4.6038523E-07,-0.000127
4.6043523E-07,-0.000123
4.6048523E-07,-0.000118
4.6053523E-07,-0.000113
4.6058523E-07,-0.000107
4.6063523E-07,-0.000101
4.6068523E-07,-0.000096
4.6073523E-07,-0.000092
4.6078523E-07,-0.000089
4.6083523E-07,-0.000087
4.6088523E-07,-0.000086
4.6093523E-07,-0.000086
4.6098523E-07,-0.000088
4.6103523E-07,-0.000090
4.6108523E-07,-0.000093
4.6113523E-07,-0.000096
4.6118523E-07,-0.000099
4.6123523E-07,-0.000102
4.6128523E-07,-0.000104
4.6133523E-07,-0.000105
4.6138523E-07,-0.000104
4.6143523E-07,-0.000102
4.6148523E-07,-0.000099
4.6153523E-07,-0.000093
4.6158523E-07,-0.000086
4.6163523E-07,-0.000077
4.6168523E-07,-0.000067
4.6173523E-07,-0.000056
4.6178523E-07,-0.000045
4.6183523E-07,-0.000033
4.6188523E-07,-0.000021
4.6193523E-07,-0.000010
4.6198523E-07,0.000001
4.6203523E-07,0.000009
4.6208523E-07,0.000017
4.6213523E-07,0.000022
4.6218523E-07,0.000025
4.6223523E-07,0.000026
4.6228523E-07,0.000025
4.6233523E-07,0.000022
4.6238523E-07,0.000018
4.6243523E-07,0.000011
4.6248523E-07,0.000003
4.6253523E-07,-0.000005
4.6258523E-07,-0.000015
4.6263523E-07,-0.000024
4.6268523E-07,-0.000034
4.6273523E-07,-0.000043
4.6278523E-07,-0.000051
4.6283523E-07,-0.000059
4.6288523E-07,-0.000066
4.6293523E-07,-0.000072
4.6298523E-07,-0.000076
4.6303523E-07,-0.000080
4.6308523E-07,-0.000084
4.6313523E-07,-0.000086
4.6318523E-07,-0.000088
4.6323523E-07,-0.000090
4.6328523E-07,-0.000091
4.6333523E-07,-0.000093
4.6338523E-07,-0.000095
4.6343523E-07,-0.000097
4.6348523E-07,-0.000099
4.6353523E-07,-0.000102
4.6358523E-07,-0.000104
4.6363523E-07,-0.000106
4.6368523E-07,-0.000108
4.6373523E-07,-0.000110
4.6378523E-07,-0.000111
4.6383523E-07,-0.000110
4.6388523E-07,-0.000108
4.6393523E-07,-0.000105
4.6398523E-07,-0.000100
4.6403523E-07,-0.000093
4.6408523E-07,-0.000084
4.6413523E-07,-0.000073
4.6418523E-07,-0.000060
4.6423523E-07,-0.000045
4.6428523E-07,-0.000028
4.6433523E-07,-0.000011
4.6438523E-07,0.000008
4.6443523E-07,0.000027
4.6448523E-07,0.000046
4.6453523E-07,0.000065
4.6458523E-07,0.000083
4.6463523E-07,0.000099
4.6468523E-07,0.000114
4.6473523E-07,0.000126
4.6478523E-07,0.000137
4.6483523E-07,0.000144
4.6488523E-07,0.000149
4.6493523E-07,0.000151
4.6498523E-07,0.000150
4.6503523E-07,0.000146
4.6508523E-07,0.000140
4.6513523E-07,0.000132
4.6518523E-07,0.000122
4.6523523E-07,0.000111
4.6528523E-07,0.000098
4.6533523E-07,0.000084
4.6538523E-07,0.000071
4.6543523E-07,0.000057
4.6548523E-07,0.000044
4.6553523E-07,0.000031
4.6558523E-07,0.000020
4.6563523E-07,0.000010
4.6568523E-07,0.000001
4.6573523E-07,-0.000007
4.6578523E-07,-0.000013
4.6583523E-07,-0.000018
4.6588523E-07,-0.000021
4.6593523E-07,-0.000024
4.6598523E-07,-0.000025
4.6603523E-07,-0.000026
4.6608523E-07,-0.000026
4.6613523E-07,-0.000026
4.6618523E-07,-0.000026
4.6623523E-07,-0.000026
4.6628523E-07,-0.000026
4.6633523E-07,-0.000026
4.6638523E-07,-0.000026
4.6643523E-07,-0.000027
4.6648523E-07,-0.000028
4.6653523E-07,-0.000028
4.6658523E-07,-0.000029
4.6663523E-07,-0.000030
4.6668523E-07,-0.000030
4.6673523E-07,-0.000031
4.6678523E-07,-0.000030
4.6683523E-07,-0.000029
4.6688523E-07,-0.000028
4.6693523E-07,-0.000026
4.6698523E-07,-0.000024
4.6703523E-07,-0.000021
4.6708523E-07,-0.000018
4.6713523E-07,-0.000014
4.6718523E-07,-0.000011
4.6723523E-07,-0.000009
4.6728523E-07,-0.000007
4.6733523E-07,-0.000006
4.6738523E-07,-0.000006
4.6743523E-07,-0.000007
4.6748523E-07,-0.000010
4.6753523E-07,-0.000014
4.6758523E-07,-0.000020
4.6763523E-07,-0.000027
4.6768523E-07,-0.000035
4.6773523E-07,-0.000045
4.6778523E-07,-0.000056
4.6783523E-07,-0.000067
4.6788523E-07,-0.000078
4.6793523E-07,-0.000089
4.6798523E-07,-0.000100
4.6803523E-07,-0.000110
4.6808523E-07,-0.000119
4.6813523E-07,-0.000126
4.6818523E-07,-0.000132
4.6823523E-07,-0.000136
4.6828523E-07,-0.000138
4.6833523E-07,-0.000138
4.6838523E-07,-0.000137
4.6843523E-07,-0.000134
4.6848523E-07,-0.000130
4.6853523E-07,-0.000125
4.6858523E-07,-0.000120
4.6863523E-07,-0.000114
4.6868523E-07,-0.000109
4.6873523E-07,-0.000104
4.6878523E-07,-0.000099
4.6883523E-07,-0.000095
4.6888523E-07,-0.000092
4.6893523E-07,-0.000090
4.6898523E-07,-0.000088
4.6903523E-07,-0.000087
4.6908523E-07,-0.000086
4.6913523E-07,-0.000084
4.6918523E-07,-0.000083
4.6923523E-07,-0.000080
4.6928523E-07,-0.000077
4.6933523E-07,-0.000072
4.6938523E-07,-0.000065
4.6943523E-07,-0.000056
4.6948523E-07,-0.000045
4.6953523E-07,-0.000033
4.6958523E-07,-0.000018
4.6963523E-07,-0.000002
4.6968523E-07,0.000016
4.6973523E-07,0.000034
4.6978523E-07,0.000053
4.6983523E-07,0.000072
4.6988523E-07,0.000089
4.6993523E-07,0.000106
4.6998523E-07,0.000120
4.7003523E-07,0.000132
4.7008523E-07,0.000140
4.7013523E-07,0.000146
4.7018523E-07,0.000148
4.7023523E-07,0.000146
4.7028523E-07,0.000141
4.7033523E-07,0.000132
4.7038523E-07,0.000121
4.7043523E-07,0.000106
4.7048523E-07,0.000089
4.7053523E-07,0.000070
4.7058523E-07,0.000050
4.7063523E-07,0.000030
4.7068523E-07,0.000010
4.7073523E-07,-0.000010
4.7078523E-07,-0.000028
4.7083523E-07,-0.000045
4.7088523E-07,-0.000059
4.7093523E-07,-0.000071
4.7098523E-07,-0.000080
4.7103523E-07,-0.000087
4.7108523E-07,-0.000091
4.7113523E-07,-0.000091
4.7118523E-07,-0.000090
4.7123523E-07,-0.000085
4.7128523E-07,-0.000079
4.7133523E-07,-0.000071
4.7138523E-07,-0.000061
4.7143523E-07,-0.000050
4.7148523E-07,-0.000038
4.7153523E-07,-0.000025
4.7158523E-07,-0.000012
4.7163523E-07,0.000002
4.7168523E-07,0.000016
4.7173523E-07,0.000030
4.7178523E-07,0.000044
4.7183523E-07,0.000058
4.7188523E-07,0.000072
4.7193523E-07,0.000085
4.7198523E-07,0.000099
4.7203523E-07,0.000113
4.7208523E-07,0.000127
4.7213523E-07,0.000141
4.7218523E-07,0.000155
4.7223523E-07,0.000169
4.7228523E-07,0.000183
4.7233523E-07,0.000197
4.7238523E-07,0.000210
4.7243523E-07,0.000223
4.7248523E-07,0.000235
4.7253523E-07,0.000246
4.7258523E-07,0.000256
4.7263523E-07,0.000265
4.7268523E-07,0.000273
4.7273523E-07,0.000279
4.7278523E-07,0.000284
4.7283523E-07,0.000286
4.7288523E-07,0.000287
4.7293523E-07,0.000286
4.7298523E-07,0.000284
4.7303523E-07,0.000279
4.7308523E-07,0.000273
4.7313523E-07,0.000266
4.7318523E-07,0.000258
4.7323523E-07,0.000248
4.7328523E-07,0.000238
4.7333523E-07,0.000227
4.7338523E-07,0.000216
4.7343523E-07,0.000205
4.7348523E-07,0.000194
4.7353523E-07,0.000183
4.7358523E-07,0.000172
4.7363523E-07,0.000161
4.7368523E-07,0.000151
4.7373523E-07,0.000141
4.7378523E-07,0.000132
4.7383523E-07,0.000122
4.7388523E-07,0.000113
4.7393523E-07,0.000104
4.7398523E-07,0.000094
4.7403523E-07,0.000084
4.7408523E-07,0.000074
4.7413523E-07,0.000063
4.7418523E-07,0.000052
4.7423523E-07,0.000040
4.7428523E-07,0.000028
4.7433523E-07,0.000016
4.7438523E-07,0.000003
4.7443523E-07,-0.000009
4.7448523E-07,-0.000021
4.7453523E-07,-0.000033
4.7458523E-07,-0.000043
4.7463523E-07,-0.000052
4.7468523E-07,-0.000060
4.7473523E-07,-0.000065
4.7478523E-07,-0.000069
4.7483523E-07,-0.000071
4.7488523E-07,-0.000070
4.7493523E-07,-0.000067
4.7498523E-07,-0.000061
4.7503523E-07,-0.000054
4.7508523E-07,-0.000044
4.7513523E-07,-0.000033
4.7518523E-07,-0.000021
4.7523523E-07,-0.000008
4.7528523E-07,0.000006
4.7533523E-07,0.000019
4.7538523E-07,0.000032
4.7543523E-07,0.000044
4.7548523E-07,0.000055
4.7553523E-07,0.000064
4.7558523E-07,0.000071
4.7563523E-07,0.000076
4.7568523E-07,0.000078
4.7573523E-07,0.000079
4.7578523E-07,0.000078
4.7583523E-07,0.000075
4.7588523E-07,0.000071
4.7593523E-07,0.000065
4.7598523E-07,0.000059
4.7603523E-07,0.000052
4.7608523E-07,0.000046
4.7613523E-07,0.000040
4.7618523E-07,0.000035
4.7623523E-07,0.000030
4.7628523E-07,0.000027
4.7633523E-07,0.000025
4.7638523E-07,0.000025
4.7643523E-07,0.000026
4.7648523E-07,0.000028
4.7653523E-07,0.000031
4.7658523E-07,0.000035
4.7663523E-07,0.000039
4.7668523E-07,0.000043
4.7673523E-07,0.000047
4.7678523E-07,0.000050
4.7683523E-07,0.000053
4.7688523E-07,0.000054
4.7693523E-07,0.000054
4.7698523E-07,0.000053
4.7703523E-07,0.000051
4.7708523E-07,0.000048
4.7713523E-07,0.000043
4.7718523E-07,0.000038
4.7723523E-07,0.000032
4.7728523E-07,0.000026
4.7733523E-07,0.000021
4.7738523E-07,0.000016
4.7743523E-07,0.000012
4.7748523E-07,0.000009
4.7753523E-07,0.000008
4.7758523E-07,0.000009
4.7763523E-07,0.000011
4.7768523E-07,0.000015
4.7773523E-07,0.000021
4.7778523E-07,0.000029
4.7783523E-07,0.000038
4.7788523E-07,0.000048
4.7793523E-07,0.000060
4.7798523E-07,0.000071
4.7803523E-07,0.000083
4.7808523E-07,0.000095
4.7813523E-07,0.000107
4.7818523E-07,0.000118
4.7823523E-07,0.000128
4.7828523E-07,0.000137
4.7833523E-07,0.000145
4.7838523E-07,0.000152
4.7843523E-07,0.000158
4.7848523E-07,0.000162
4.7853523E-07,0.000166
4.7858523E-07,0.000169
4.7863523E-07,0.000171
4.7868523E-07,0.000173
4.7873523E-07,0.000175
4.7878523E-07,0.000176
4.7883523E-07,0.000178
4.7888523E-07,0.000179
4.7893523E-07,0.000181
4.7898523E-07,0.000183
4.7903523E-07,0.000185
4.7908523E-07,0.000187
4.7913523E-07,0.000189
4.7918523E-07,0.000191
4.7923523E-07,0.000193
4.7928523E-07,0.000193
4.7933523E-07,0.000193
4.7938523E-07,0.000192
4.7943523E-07,0.000190
4.7948523E-07,0.000187
4.7953523E-07,0.000183
4.7958523E-07,0.000178
4.7963523E-07,0.000171
4.7968523E-07,0.000164
4.7973523E-07,0.000156
4.7978523E-07,0.000147
4.7983523E-07,0.000138
4.7988523E-07,0.000130
4.7993523E-07,0.000121
4.7998523E-07,0.000113
4.8003523E-07,0.000105
4.8008523E-07,0.000098
4.8013523E-07,0.000092
4.8018523E-07,0.000088
4.8023523E-07,0.000084
4.8028523E-07,0.000082
4.8033523E-07,0.000081
4.8038523E-07,0.000081
4.8043523E-07,0.000082
4.8048523E-07,0.000083
4.8053523E-07,0.000086
4.8058523E-07,0.000088
4.8063523E-07,0.000091
4.8068523E-07,0.000093
4.8073523E-07,0.000095
4.8078523E-07,0.000096
4.8083523E-07,0.000097
4.8088523E-07,0.000097
4.8093523E-07,0.000096
4.8098523E-07,0.000095
4.8103523E-07,0.000093
4.8108523E-07,0.000089
4.8113523E-07,0.000086
4.8118523E-07,0.000082
4.8123523E-07,0.000078
4.8128523E-07,0.000074
4.8133523E-07,0.000070
4.8138523E-07,0.000067
4.8143523E-07,0.000064
4.8148523E-07,0.000063
4.8153523E-07,0.000062
4.8158523E-07,0.000062
4.8163523E-07,0.000064
4.8168523E-07,0.000067
4.8173523E-07,0.000071
4.8178523E-07,0.000076
4.8183523E-07,0.000082
4.8188523E-07,0.000089
4.8193523E-07,0.000096
4.8198523E-07,0.000103
4.8203523E-07,0.000111
4.8208523E-07,0.000118
4.8213523E-07,0.000124
4.8218523E-07,0.000130
4.8223523E-07,0.000135
4.8228523E-07,0.000138
4.8233523E-07,0.000141
4.8238523E-07,0.000141
4.8243523E-07,0.000141
4.8248523E-07,0.000139
4.8253523E-07,0.000136
4.8258523E-07,0.000131
4.8263523E-07,0.000126
4.8268523E-07,0.000120
4.8273523E-07,0.000113
4.8278523E-07,0.000106
4.8283523E-07,0.000099
4.8288523E-07,0.000093
4.8293523E-07,0.000086
4.8298523E-07,0.000080
4.8303523E-07,0.000075
4.8308523E-07,0.000070
4.8313523E-07,0.000066
4.8318523E-07,0.000062
4.8323523E-07,0.000059
4.8328523E-07,0.000057
4.8333523E-07,0.000054
4.8338523E-07,0.000052
4.8343523E-07,0.000049
4.8348523E-07,0.000046
4.8353523E-07,0.000043
4.8358523E-07,0.000039
4.8363523E-07,0.000034
4.8368523E-07,0.000028
4.8373523E-07,0.000021
4.8378523E-07,0.000014
4.8383523E-07,0.000007
4.8388523E-07,-0.000001
4.8393523E-07,-0.000008
4.8398523E-07,-0.000016
4.8403523E-07,-0.000023
4.8408523E-07,-0.000029
4.8413523E-07,-0.000033
4.8418523E-07,-0.000037
4.8423523E-07,-0.000038
4.8428523E-07,-0.000038
4.8433523E-07,-0.000037
4.8438523E-07,-0.000033
4.8443523E-07,-0.000028
4.8448523E-07,-0.000021
4.8453523E-07,-0.000013
4.8458523E-07,-0.000003
4.8463523E-07,0.000007
4.8468523E-07,0.000018
4.8473523E-07,0.000029
4.8478523E-07,0.000041
4.8483523E-07,0.000051
4.8488523E-07,0.000062
4.8493523E-07,0.000071
4.8498523E-07,0.000080
4.8503523E-07,0.000088
4.8508523E-07,0.000096
4.8513523E-07,0.000102
4.8518523E-07,0.000108
4.8523523E-07,0.000113
4.8528523E-07,0.000119
4.8533523E-07,0.000124
4.8538523E-07,0.000129
4.8543523E-07,0.000134
4.8548523E-07,0.000140
4.8553523E-07,0.000146
4.8558523E-07,0.000153
4.8563523E-07,0.000161
4.8568523E-07,0.000169
4.8573523E-07,0.000177
4.8578523E-07,0.000186
4.8583523E-07,0.000194
4.8588523E-07,0.000202
4.8593523E-07,0.000210
4.8598523E-07,0.000216
4.8603523E-07,0.000222
4.8608523E-07,0.000227
4.8613523E-07,0.000230
4.8618523E-07,0.000231
4.8623523E-07,0.000232
4.8628523E-07,0.000230
4.8633523E-07,0.000228
4.8638523E-07,0.000224
4.8643523E-07,0.000219
4.8648523E-07,0.000214
4.8653523E-07,0.000208
4.8658523E-07,0.000203
4.8663523E-07,0.000197
4.8668523E-07,0.000193
4.8673523E-07,0.000189
4.8678523E-07,0.000186
4.8683523E-07,0.000185
4.8688523E-07,0.000185
4.8693523E-07,0.000187
4.8698523E-07,0.000191
4.8703523E-07,0.000195
4.8708523E-07,0.000201
4.8713523E-07,0.000208
4.8718523E-07,0.000216
4.8723523E-07,0.000224
4.8728523E-07,0.000232
4.8733523E-07,0.000239
4.8738523E-07,0.000246
4.8743523E-07,0.000252
4.8748523E-07,0.000256
4.8753523E-07,0.000258
4.8758523E-07,0.000259
4.8763523E-07,0.000258
4.8768523E-07,0.000255
4.8773523E-07,0.000250
4.8778523E-07,0.000243
4.8783523E-07,0.000234
4.8788523E-07,0.000224
4.8793523E-07,0.000213
4.8798523E-07,0.000200
4.8803523E-07,0.000187
4.8808523E-07,0.000174
4.8813523E-07,0.000162
4.8818523E-07,0.000149
4.8823523E-07,0.000137
4.8828523E-07,0.000126
4.8833523E-07,0.000117
4.8838523E-07,0.000108
4.8843523E-07,0.000101
4.8848523E-07,0.000096
4.8853523E-07,0.000091
4.8858523E-07,0.000088
4.8863523E-07,0.000086
4.8868523E-07,0.000085
4.8873523E-07,0.000085
4.8878523E-07,0.000085
4.8883523E-07,0.000085
4.8888523E-07,0.000085
4.8893523E-07,0.000085
4.8898523E-07,0.000084
4.8903523E-07,0.000082
4.8908523E-07,0.000080
4.8913523E-07,0.000077
4.8918523E-07,0.000073
4.8923523E-07,0.000068
4.8928523E-07,0.000062
4.8933523E-07,0.000056
4.8938523E-07,0.000049
4.8943523E-07,0.000041
4.8948523E-07,0.000033
4.8953523E-07,0.000025
4.8958523E-07,0.000018
4.8963523E-07,0.000010
4.8968523E-07,0.000003
4.8973523E-07,-0.000003
4.8978523E-07,-0.000009
4.8983523E-07,-0.000014
4.8988523E-07,-0.000018
4.8993523E-07,-0.000022
4.8998523E-07,-0.000025
4.9003523E-07,-0.000028
4.9008523E-07,-0.000031
4.9013523E-07,-0.000034
4.9018523E-07,-0.000037
4.9023523E-07,-0.000040
4.9028523E-07,-0.000044
4.9033523E-07,-0.000048
4.9038523E-07,-0.000053
4.9043523E-07,-0.000058
4.9048523E-07,-0.000065
4.9053523E-07,-0.000072
4.9058523E-07,-0.000079
4.9063523E-07,-0.000086
4.9068523E-07,-0.000094
4.9073523E-07,-0.000102
4.9078523E-07,-0.000109
4.9083523E-07,-0.000115
4.9088523E-07,-0.000121
4.9093523E-07,-0.000126
4.9098523E-07,-0.000129
4.9103523E-07,-0.000131
4.9108523E-07,-0.000132
4.9113523E-07,-0.000132
4.9118523E-07,-0.000130
4.9123523E-07,-0.000127
4.9128523E-07,-0.000123
4.9133523E-07,-0.000119
4.9138523E-07,-0.000115
4.9143523E-07,-0.000111
4.9148523E-07,-0.000108
4.9153523E-07,-0.000107
4.9158523E-07,-0.000107
4.9163523E-07,-0.000109
4.9168523E-07,-0.000113
4.9173523E-07,-0.000121
4.9178523E-07,-0.000131
4.9183523E-07,-0.000145
4.9188523E-07,-0.000161
4.9193523E-07,-0.000181
4.9198523E-07,-0.000205
4.9203523E-07,-0.000231
4.9208523E-07,-0.000260
4.9213523E-07,-0.000292
4.9218523E-07,-0.000327
4.9223523E-07,-0.000364
4.9228523E-07,-0.000403
4.9233523E-07,-0.000444
4.9238523E-07,-0.000487
4.9243523E-07,-0.000531
4.9248523E-07,-0.000578
4.9253523E-07,-0.000626
4.9258523E-07,-0.000677
4.9263523E-07,-0.000730
4.9268523E-07,-0.000785
4.9273523E-07,-0.000843
4.9278523E-07,-0.000905
4.9283523E-07,-0.000969
4.9288523E-07,-0.001037
4.9293523E-07,-0.001108
4.9298523E-07,-0.001183
4.9303523E-07,-0.001262
4.9308523E-07,-0.001344
4.9313523E-07,-0.001430
4.9318523E-07,-0.001520
4.9323523E-07,-0.001613
4.9328523E-07,-0.001708
4.9333523E-07,-0.001806
4.9338523E-07,-0.001906
4.9343523E-07,-0.002007
4.9348523E-07,-0.002110
4.9353523E-07,-0.002213
4.9358523E-07,-0.002317
4.9363523E-07,-0.002420
4.9368523E-07,-0.002523
4.9373523E-07,-0.002626
4.9378523E-07,-0.002728
4.9383523E-07,-0.002830
4.9388523E-07,-0.002930
4.9393523E-07,-0.003030
4.9398523E-07,-0.003129
4.9403523E-07,-0.003228
4.9408523E-07,-0.003326
4.9413523E-07,-0.003424
4.9418523E-07,-0.003521
4.9423523E-07,-0.003618
4.9428523E-07,-0.003715
4.9433523E-07,-0.003811
4.9438523E-07,-0.003907
4.9443523E-07,-0.004002
4.9448523E-07,-0.004096
4.9453523E-07,-0.004188
4.9458523E-07,-0.004279
4.9463523E-07,-0.004369
4.9468523E-07,-0.004455
4.9473523E-07,-0.004540
4.9478523E-07,-0.004621
4.9483523E-07,-0.004700
4.9488523E-07,-0.004775
4.9493523E-07,-0.004846
4.9498523E-07,-0.004914
4.9503523E-07,-0.004978
4.9508523E-07,-0.005039
4.9513523E-07,-0.005095
4.9518523E-07,-0.005149
4.9523523E-07,-0.005199
4.9528523E-07,-0.005247
4.9533523E-07,-0.005291
4.9538523E-07,-0.005334
4.9543523E-07,-0.005374
4.9548523E-07,-0.005412
4.9553523E-07,-0.005448
4.9558523E-07,-0.005482
4.9563523E-07,-0.005515
4.9568523E-07,-0.005547
4.9573523E-07,-0.005577
4.9578523E-07,-0.005605
4.9583523E-07,-0.005631
4.9588523E-07,-0.005656
4.9593523E-07,-0.005678
4.9598523E-07,-0.005698
4.9603523E-07,-0.005716
4.9608523E-07,-0.005731
4.9613523E-07,-0.005743
4.9618523E-07,-0.005751
4.9623523E-07,-0.005757
4.9628523E-07,-0.005759
4.9633523E-07,-0.005758
4.9638523E-07,-0.005753
4.9643523E-07,-0.005746
4.9648523E-07,-0.005735
4.9653523E-07,-0.005721
4.9658523E-07,-0.005705
4.9663523E-07,-0.005687
4.9668523E-07,-0.005666
4.9673523E-07,-0.005644
4.9678523E-07,-0.005620
4.9683523E-07,-0.005595
4.9688523E-07,-0.005570
4.9693523E-07,-0.005544
4.9698523E-07,-0.005518
4.9703523E-07,-0.005492
4.9708523E-07,-0.005466
4.9713523E-07,-0.005440
4.9718523E-07,-0.005415
4.9723523E-07,-0.005390
4.9728523E-07,-0.005365
4.9733523E-07,-0.005340
4.9738523E-07,-0.005315
4.9743523E-07,-0.005291
4.9748523E-07,-0.005266
4.9753523E-07,-0.005240
4.9758523E-07,-0.005215
4.9763523E-07,-0.005188
4.9768523E-07,-0.005161
4.9773523E-07,-0.005134
4.9778523E-07,-0.005105
4.9783523E-07,-0.005076
4.9788523E-07,-0.005046
4.9793523E-07,-0.005017
4.9798523E-07,-0.004986
4.9803523E-07,-0.004956
4.9808523E-07,-0.004927
4.9813523E-07,-0.004898
4.9818523E-07,-0.004870
4.9823523E-07,-0.004843
4.9828523E-07,-0.004817
4.9833523E-07,-0.004794
4.9838523E-07,-0.004772
4.9843523E-07,-0.004753
4.9848523E-07,-0.004735
4.9853523E-07,-0.004720
4.9858523E-07,-0.004707
4.9863523E-07,-0.004696
4.9868523E-07,-0.004687
4.9873523E-07,-0.004680
4.9878523E-07,-0.004674
4.9883523E-07,-0.004668
4.9888523E-07,-0.004663
4.9893523E-07,-0.004659
4.9898523E-07,-0.004654
4.9903523E-07,-0.004648
4.9908523E-07,-0.004642
4.9913523E-07,-0.004635
4.9918523E-07,-0.004627
4.9923523E-07,-0.004618
4.9928523E-07,-0.004608
4.9933523E-07,-0.004596
4.9938523E-07,-0.004584
4.9943523E-07,-0.004571
4.9948523E-07,-0.004558
4.9953523E-07,-0.004544
4.9958523E-07,-0.004531
4.9963523E-07,-0.004519
4.9968523E-07,-0.004507
4.9973523E-07,-0.004497
4.9978523E-07,-0.004488
4.9983523E-07,-0.004480
4.9988523E-07,-0.004473
4.9993523E-07,-0.004468
4.9998523E-07,-0.004464
5.0003523E-07,-0.004460
5.0008523E-07,-0.004458
5.0013523E-07,-0.004455
5.0018523E-07,-0.004452
5.0023523E-07,-0.004449
5.0028523E-07,-0.004445
5.0033523E-07,-0.004439
5.0038523E-07,-0.004431
5.0043523E-07,-0.004421
5.0048523E-07,-0.004409
5.0053523E-07,-0.004395
5.0058523E-07,-0.004377
5.0063523E-07,-0.004357
5.0068523E-07,-0.004334
5.0073523E-07,-0.004309
5.0078523E-07,-0.004282
5.0083523E-07,-0.004253
5.0088523E-07,-0.004222
5.0093523E-07,-0.004189
5.0098523E-07,-0.004156
5.0103523E-07,-0.004121
5.0108523E-07,-0.004087
5.0113523E-07,-0.004052
5.0118523E-07,-0.004017
5.0123523E-07,-0.003982
5.0128523E-07,-0.003947
5.0133523E-07,-0.003912
5.0138523E-07,-0.003878
5.0143523E-07,-0.003844
5.0148523E-07,-0.003810
5.0153523E-07,-0.003776
5.0158523E-07,-0.003742
5.0163523E-07,-0.003708
5.0168523E-07,-0.003674
5.0173523E-07,-0.003640
5.0178523E-07,-0.003605
5.0183523E-07,-0.003571
5.0188523E-07,-0.003536
5.0193523E-07,-0.003502
5.0198523E-07,-0.003467
5.0203523E-07,-0.003433
5.0208523E-07,-0.003400
5.0213523E-07,-0.003367
5.0218523E-07,-0.003335
5.0223523E-07,-0.003304
5.0228523E-07,-0.003274
5.0233523E-07,-0.003245
5.0238523E-07,-0.003217
5.0243523E-07,-0.003190
5.0248523E-07,-0.003164
5.0253523E-07,-0.003139
5.0258523E-07,-0.003114
5.0263523E-07,-0.003090
5.0268523E-07,-0.003065
5.0273523E-07,-0.003041
5.0278523E-07,-0.003015
5.0283523E-07,-0.002990
5.0288523E-07,-0.002963
5.0293523E-07,-0.002935
5.0298523E-07,-0.002905
5.0303523E-07,-0.002875
5.0308523E-07,-0.002842
5.0313523E-07,-0.002809
5.0318523E-07,-0.002774
5.0323523E-07,-0.002738
5.0328523E-07,-0.002701
5.0333523E-07,-0.002664
5.0338523E-07,-0.002626
5.0343523E-07,-0.002589
5.0348523E-07,-0.002552
5.0353523E-07,-0.002515
5.0358523E-07,-0.002480
5.0363523E-07,-0.002446
5.0368523E-07,-0.002414
5.0373523E-07,-0.002384
5.0378523E-07,-0.002356
5.0383523E-07,-0.002331
5.0388523E-07,-0.002308
5.0393523E-07,-0.002287
5.0398523E-07,-0.002269
5.0403523E-07,-0.002254
5.0408523E-07,-0.002240
5.0413523E-07,-0.002229
5.0418523E-07,-0.002219
5.0423523E-07,-0.002212
5.0428523E-07,-0.002205
5.0433523E-07,-0.002200
5.0438523E-07,-0.002196
5.0443523E-07,-0.002192
5.0448523E-07,-0.002189
5.0453523E-07,-0.002186
5.0458523E-07,-0.002183
5.0463523E-07,-0.002181
5.0468523E-07,-0.002178
5.0473523E-07,-0.002176
5.0478523E-07,-0.002173
5.0483523E-07,-0.002171
5.0488523E-07,-0.002170
5.0493523E-07,-0.002168
5.0498523E-07,-0.002167
5.0503523E-07,-0.002167
5.0508523E-07,-0.002168
5.0513523E-07,-0.002170
5.0518523E-07,-0.002173
5.0523523E-07,-0.002177
5.0528523E-07,-0.002182
5.0533523E-07,-0.002188
5.0538523E-07,-0.002195
5.0543523E-07,-0.002203
5.0548523E-07,-0.002211
5.0553523E-07,-0.002220
5.0558523E-07,-0.002229
5.0563523E-07,-0.002238
5.0568523E-07,-0.002247
5.0573523E-07,-0.002255
5.0578523E-07,-0.002262
5.0583523E-07,-0.002268
5.0588523E-07,-0.002272
5.0593523E-07,-0.002275
5.0598523E-07,-0.002277
5.0603523E-07,-0.002277
5.0608523E-07,-0.002275
5.0613523E-07,-0.002272
5.0618523E-07,-0.002268
5.0623523E-07,-0.002263
5.0628523E-07,-0.002257
5.0633523E-07,-0.002250
5.0638523E-07,-0.002244
5.0643523E-07,-0.002238
5.0648523E-07,-0.002232
5.0653523E-07,-0.002226
5.0658523E-07,-0.002221
5.0663523E-07,-0.002218
5.0668523E-07,-0.002215
5.0673523E-07,-0.002213
5.0678523E-07,-0.002212
5.0683523E-07,-0.002211
5.0688523E-07,-0.002211
5.0693523E-07,-0.002211
5.0698523E-07,-0.002211
5.0703523E-07,-0.002210
5.0708523E-07,-0.002209
5.0713523E-07,-0.002206
5.0718523E-07,-0.002203
5.0723523E-07,-0.002198
5.0728523E-07,-0.002192
5.0733523E-07,-0.002184
5.0738523E-07,-0.002174
5.0743523E-07,-0.002163
5.0748523E-07,-0.002151
5.0753523E-07,-0.002138
5.0758523E-07,-0.002124
5.0763523E-07,-0.002110
5.0768523E-07,-0.002095
5.0773523E-07,-0.002081
5.0778523E-07,-0.002066
5.0783523E-07,-0.002052
5.0788523E-07,-0.002039
5.0793523E-07,-0.002026
5.0798523E-07,-0.002014
5.0803523E-07,-0.002003
5.0808523E-07,-0.001993
5.0813523E-07,-0.001983
5.0818523E-07,-0.001973
5.0823523E-07,-0.001963
5.0828523E-07,-0.001953
5.0833523E-07,-0.001942
5.0838523E-07,-0.001931
5.0843523E-07,-0.001918
5.0848523E-07,-0.001905
5.0853523E-07,-0.001890
5.0858523E-07,-0.001874
5.0863523E-07,-0.001857
5.0868523E-07,-0.001839
5.0873523E-07,-0.001820
5.0878523E-07,-0.001800
5.0883523E-07,-0.001780
5.0888523E-07,-0.001759
5.0893523E-07,-0.001738
5.0898523E-07,-0.001718
5.0903523E-07,-0.001698
5.0908523E-07,-0.001679
5.0913523E-07,-0.001661
5.0918523E-07,-0.001644
5.0923523E-07,-0.001628
5.0928523E-07,-0.001613
5.0933523E-07,-0.001600
5.0938523E-07,-0.001587
5.0943523E-07,-0.001575
5.0948523E-07,-0.001563
5.0953523E-07,-0.001552
5.0958523E-07,-0.001541
5.0963523E-07,-0.001530
5.0968523E-07,-0.001518
5.0973523E-07,-0.001506
5.0978523E-07,-0.001493
5.0983523E-07,-0.001479
5.0988523E-07,-0.001465
5.0993523E-07,-0.001449
5.0998523E-07,-0.001433
5.1003523E-07,-0.001416
5.1008523E-07,-0.001398
5.1013523E-07,-0.001380
5.1018523E-07,-0.001362
5.1023523E-07,-0.001343
5.1028523E-07,-0.001325
5.1033523E-07,-0.001306
5.1038523E-07,-0.001289
5.1043523E-07,-0.001272
5.1048523E-07,-0.001256
5.1053523E-07,-0.001240
5.1058523E-07,-0.001226
5.1063523E-07,-0.001212
5.1068523E-07,-0.001200
5.1073523E-07,-0.001188
5.1078523E-07,-0.001178
5.1083523E-07,-0.001168
5.1088523E-07,-0.001159
5.1093523E-07,-0.001150
5.1098523E-07,-0.001142
5.1103523E-07,-0.001134
5.1108523E-07,-0.001127
5.1113523E-07,-0.001120
5.1118523E-07,-0.001113
5.1123523E-07,-0.001107
5.1128523E-07,-0.001100
5.1133523E-07,-0.001094
5.1138523E-07,-0.001089
5.1143523E-07,-0.001083
5.1148523E-07,-0.001078
5.1153523E-07,-0.001074
5.1158523E-07,-0.001070
5.1163523E-07,-0.001067
5.1168523E-07,-0.001065
5.1173523E-07,-0.001064
5.1178523E-07,-0.001063
5.1183523E-07,-0.001064
5.1188523E-07,-0.001066
5.1193523E-07,-0.001070
5.1198523E-07,-0.001074
5.1203523E-07,-0.001079
5.1208523E-07,-0.001086
5.1213523E-07,-0.001093
5.1218523E-07,-0.001101
5.1223523E-07,-0.001110
5.1228523E-07,-0.001119
5.1233523E-07,-0.001128
5.1238523E-07,-0.001137
5.1243523E-07,-0.001146
5.1248523E-07,-0.001154
5.1253523E-07,-0.001162
5.1258523E-07,-0.001168
5.1263523E-07,-0.001174
5.1268523E-07,-0.001178
5.1273523E-07,-0.001180
5.1278523E-07,-0.001181
5.1283523E-07,-0.001181
5.1288523E-07,-0.001179
5.1293523E-07,-0.001176
5.1298523E-07,-0.001171
5.1303523E-07,-0.001165
5.1308523E-07,-0.001159
5.1313523E-07,-0.001151
5.1318523E-07,-0.001143
5.1323523E-07,-0.001135
5.1328523E-07,-0.001127
5.1333523E-07,-0.001118
5.1338523E-07,-0.001110
5.1343523E-07,-0.001103
5.1348523E-07,-0.001095
5.1353523E-07,-0.001088
5.1358523E-07,-0.001082
5.1363523E-07,-0.001076
5.1368523E-07,-0.001069
5.1373523E-07,-0.001063
5.1378523E-07,-0.001057
5.1383523E-07,-0.001051
5.1388523E-07,-0.001044
5.1393523E-07,-0.001037
5.1398523E-07,-0.001029
5.1403523E-07,-0.001020
5.1408523E-07,-0.001011
5.1413523E-07,-0.001001
5.1418523E-07,-0.000990
5.1423523E-07,-0.000979
5.1428523E-07,-0.000968
5.1433523E-07,-0.000956
5.1438523E-07,-0.000945
5.1443523E-07,-0.000934
5.1448523E-07,-0.000924
5.1453523E-07,-0.000915
5.1458523E-07,-0.000907
5.1463523E-07,-0.000901
5.1468523E-07,-0.000896
5.1473523E-07,-0.000893
5.1478523E-07,-0.000891
5.1483523E-07,-0.000890
5.1488523E-07,-0.000890
5.1493523E-07,-0.000892
5.1498523E-07,-0.000894
5.1503523E-07,-0.000896
5.1508523E-07,-0.000898
5.1513523E-07,-0.000899
5.1518523E-07,-0.000899
5.1523523E-07,-0.000898
5.1528523E-07,-0.000896
5.1533523E-07,-0.000891
5.1538523E-07,-0.000885
5.1543523E-07,-0.000876
5.1548523E-07,-0.000865
5.1553523E-07,-0.000851
5.1558523E-07,-0.000836
5.1563523E-07,-0.000819
5.1568523E-07,-0.000800
5.1573523E-07,-0.000779
5.1578523E-07,-0.000758
5.1583523E-07,-0.000736
5.1588523E-07,-0.000714
5.1593523E-07,-0.000692
5.1598523E-07,-0.000671
5.1603523E-07,-0.000650
5.1608523E-07,-0.000630
5.1613523E-07,-0.000612
5.1618523E-07,-0.000594
5.1623523E-07,-0.000578
5.1628523E-07,-0.000564
5.1633523E-07,-0.000551
5.1638523E-07,-0.000539
5.1643523E-07,-0.000528
5.1648523E-07,-0.000519
5.1653523E-07,-0.000511
5.1658523E-07,-0.000504
5.1663523E-07,-0.000498
5.1668523E-07,-0.000492
5.1673523E-07,-0.000488
5.1678523E-07,-0.000484
5.1683523E-07,-0.000482
5.1688523E-07,-0.000480
5.1693523E-07,-0.000479
5.1698523E-07,-0.000479
5.1703523E-07,-0.000480
5.1708523E-07,-0.000481
5.1713523E-07,-0.000484
5.1718523E-07,-0.000488
5.1723523E-07,-0.000493
5.1728523E-07,-0.000499
5.1733523E-07,-0.000506
5.1738523E-07,-0.000513
5.1743523E-07,-0.000521
5.1748523E-07,-0.000530
5.1753523E-07,-0.000538
5.1758523E-07,-0.000547
5.1763523E-07,-0.000556
5.1768523E-07,-0.000565
5.1773523E-07,-0.000573
5.1778523E-07,-0.000581
5.1783523E-07,-0.000589
5.1788523E-07,-0.000595
5.1793523E-07,-0.000602
5.1798523E-07,-0.000607
5.1803523E-07,-0.000612
5.1808523E-07,-0.000617
5.1813523E-07,-0.000621
5.1818523E-07,-0.000624
5.1823523E-07,-0.000628
5.1828523E-07,-0.000631
5.1833523E-07,-0.000633
5.1838523E-07,-0.000636
5.1843523E-07,-0.000639
5.1848523E-07,-0.000641
5.1853523E-07,-0.000644
5.1858523E-07,-0.000647
5.1863523E-07,-0.000649
5.1868523E-07,-0.000652
5.1873523E-07,-0.000654
5.1878523E-07,-0.000656
5.1883523E-07,-0.000658
5.1888523E-07,-0.000660
5.1893523E-07,-0.000661
5.1898523E-07,-0.000661
5.1903523E-07,-0.000660
5.1908523E-07,-0.000659
5.1913523E-07,-0.000657
5.1918523E-07,-0.000654
5.1923523E-07,-0.000650
5.1928523E-07,-0.000644
5.1933523E-07,-0.000638
5.1938523E-07,-0.000631
5.1943523E-07,-0.000623
5.1948523E-07,-0.000614
5.1953523E-07,-0.000605
5.1958523E-07,-0.000594
5.1963523E-07,-0.000584
5.1968523E-07,-0.000574
5.1973523E-07,-0.000563
5.1978523E-07,-0.000553
5.1983523E-07,-0.000543
5.1988523E-07,-0.000534
5.1993523E-07,-0.000526
5.1998523E-07,-0.000519
5.2003523E-07,-0.000513
5.2008523E-07,-0.000509
5.2013523E-07,-0.000505
5.2018523E-07,-0.000503
5.2023523E-07,-0.000502
5.2028523E-07,-0.000502
5.2033523E-07,-0.000503
5.2038523E-07,-0.000505
5.2043523E-07,-0.000508
5.2048523E-07,-0.000510
5.2053523E-07,-0.000513
5.2058523E-07,-0.000515
5.2063523E-07,-0.000517
5.2068523E-07,-0.000518
5.2073523E-07,-0.000518
5.2078523E-07,-0.000517
5.2083523E-07,-0.000514
5.2088523E-07,-0.000511
5.2093523E-07,-0.000507
5.2098523E-07,-0.000501
5.2103523E-07,-0.000495
5.2108523E-07,-0.000488
5.2113523E-07,-0.000481
5.2118523E-07,-0.000474
5.2123523E-07,-0.000467
5.2128523E-07,-0.000461
5.2133523E-07,-0.000457
5.2138523E-07,-0.000453
5.2143523E-07,-0.000451
5.2148523E-07,-0.000450
5.2153523E-07,-0.000451
5.2158523E-07,-0.000453
5.2163523E-07,-0.000457
5.2168523E-07,-0.000462
5.2173523E-07,-0.000468
5.2178523E-07,-0.000475
5.2183523E-07,-0.000482
5.2188523E-07,-0.000490
5.2193523E-07,-0.000496
5.2198523E-07,-0.000503
5.2203523E-07,-0.000508
5.2208523E-07,-0.000511
5.2213523E-07,-0.000514
5.2218523E-07,-0.000514
5.2223523E-07,-0.000513
5.2228523E-07,-0.000511
5.2233523E-07,-0.000506
5.2238523E-07,-0.000501
5.2243523E-07,-0.000494
5.2248523E-07,-0.000486
5.2253523E-07,-0.000478
5.2258523E-07,-0.000470
5.2263523E-07,-0.000462
5.2268523E-07,-0.000454
5.2273523E-07,-0.000447
5.2278523E-07,-0.000441
5.2283523E-07,-0.000435
5.2288523E-07,-0.000431
5.2293523E-07,-0.000428
5.2298523E-07,-0.000425
5.2303523E-07,-0.000424
5.2308523E-07,-0.000423
5.2313523E-07,-0.000422
5.2318523E-07,-0.000421
5.2323523E-07,-0.000420
5.2328523E-07,-0.000419
5.2333523E-07,-0.000416
5.2338523E-07,-0.000413
5.2343523E-07,-0.000409
5.2348523E-07,-0.000404
5.2353523E-07,-0.000398
5.2358523E-07,-0.000390
5.2363523E-07,-0.000382
5.2368523E-07,-0.000373
5.2373523E-07,-0.000363
5.2378523E-07,-0.000354
5.2383523E-07,-0.000344
5.2388523E-07,-0.000335
5.2393523E-07,-0.000327
5.2398523E-07,-0.000319
5.2403523E-07,-0.000312
5.2408523E-07,-0.000307
5.2413523E-07,-0.000304
5.2418523E-07,-0.000301
5.2423523E-07,-0.000301
5.2428523E-07,-0.000301
5.2433523E-07,-0.000303
5.2438523E-07,-0.000306
5.2443523E-07,-0.000311
5.2448523E-07,-0.000315
5.2453523E-07,-0.000321
5.2458523E-07,-0.000326
5.2463523E-07,-0.000331
5.2468523E-07,-0.000337
5.2473523E-07,-0.000342
5.2478523E-07,-0.000346
5.2483523E-07,-0.000350
5.2488523E-07,-0.000353
5.2493523E-07,-0.000355
5.2498523E-07,-0.000357
5.2503523E-07,-0.000357
5.2508523E-07,-0.000358
5.2513523E-07,-0.000357
5.2518523E-07,-0.000357
5.2523523E-07,-0.000356
5.2528523E-07,-0.000354
5.2533523E-07,-0.000353
5.2538523E-07,-0.000351
5.2543523E-07,-0.000349
5.2548523E-07,-0.000348
5.2553523E-07,-0.000346
5.2558523E-07,-0.000344
5.2563523E-07,-0.000342
5.2568523E-07,-0.000340
5.2573523E-07,-0.000338
5.2578523E-07,-0.000335
5.2583523E-07,-0.000333
5.2588523E-07,-0.000329
5.2593523E-07,-0.000326
5.2598523E-07,-0.000321
5.2603523E-07,-0.000317
5.2608523E-07,-0.000312
5.2613523E-07,-0.000306
5.2618523E-07,-0.000300
5.2623523E-07,-0.000294
5.2628523E-07,-0.000288
5.2633523E-07,-0.000281
5.2638523E-07,-0.000275
5.2643523E-07,-0.000269
5.2648523E-07,-0.000263
5.2653523E-07,-0.000259
5.2658523E-07,-0.000254
5.2663523E-07,-0.000251
5.2668523E-07,-0.000249
5.2673523E-07,-0.000248
5.2678523E-07,-0.000249
5.2683523E-07,-0.000251
5.2688523E-07,-0.000254
5.2693523E-07,-0.000258
5.2698523E-07,-0.000264
5.2703523E-07,-0.000271
5.2708523E-07,-0.000278
5.2713523E-07,-0.000287
5.2718523E-07,-0.000296
5.2723523E-07,-0.000305
5.2728523E-07,-0.000315
5.2733523E-07,-0.000324
5.2738523E-07,-0.000333
5.2743523E-07,-0.000341
5.2748523E-07,-0.000348
5.2753523E-07,-0.000355
5.2758523E-07,-0.000360
5.2763523E-07,-0.000364
5.2768523E-07,-0.000367
5.2773523E-07,-0.000369
5.2778523E-07,-0.000370
5.2783523E-07,-0.000370
5.2788523E-07,-0.000370
5.2793523E-07,-0.000369
5.2798523E-07,-0.000368
5.2803523E-07,-0.000367
5.2808523E-07,-0.000367
5.2813523E-07,-0.000367
5.2818523E-07,-0.000368
5.2823523E-07,-0.000369
5.2828523E-07,-0.000372
5.2833523E-07,-0.000376
5.2838523E-07,-0.000381
5.2843523E-07,-0.000387
5.2848523E-07,-0.000393
5.2853523E-07,-0.000400
5.2858523E-07,-0.000408
5.2863523E-07,-0.000415
5.2868523E-07,-0.000422
5.2873523E-07,-0.000428
5.2878523E-07,-0.000434
5.2883523E-07,-0.000438
5.2888523E-07,-0.000441
5.2893523E-07,-0.000443
5.2898523E-07,-0.000442
5.2903523E-07,-0.000441
5.2908523E-07,-0.000437
5.2913523E-07,-0.000432
5.2918523E-07,-0.000426
5.2923523E-07,-0.000418
5.2928523E-07,-0.000410
5.2933523E-07,-0.000402
5.2938523E-07,-0.000393
5.2943523E-07,-0.000384
5.2948523E-07,-0.000376
5.2953523E-07,-0.000368
5.2958523E-07,-0.000360
5.2963523E-07,-0.000354
5.2968523E-07,-0.000348
5.2973523E-07,-0.000343
5.2978523E-07,-0.000338
5.2983523E-07,-0.000334
5.2988523E-07,-0.000329
5.2993523E-07,-0.000325
5.2998523E-07,-0.000320
5.3003523E-07,-0.000314
5.3008523E-07,-0.000307
5.3013523E-07,-0.000298
5.3018523E-07,-0.000288
5.3023523E-07,-0.000277
5.3028523E-07,-0.000264
5.3033523E-07,-0.000249
5.3038523E-07,-0.000233
5.3043523E-07,-0.000216
5.3048523E-07,-0.000199
5.3053523E-07,-0.000180
5.3058523E-07,-0.000162
5.3063523E-07,-0.000144
5.3068523E-07,-0.000127
5.3073523E-07,-0.000110
5.3078523E-07,-0.000096
5.3083523E-07,-0.000083
5.3088523E-07,-0.000071
5.3093523E-07,-0.000062
5.3098523E-07,-0.000056
5.3103523E-07,-0.000051
5.3108523E-07,-0.000048
5.3113523E-07,-0.000048
5.3118523E-07,-0.000049
5.3123523E-07,-0.000051
5.3128523E-07,-0.000055
5.3133523E-07,-0.000060
5.3138523E-07,-0.000065
5.3143523E-07,-0.000071
5.3148523E-07,-0.000076
5.3153523E-07,-0.000082
5.3158523E-07,-0.000088
5.3163523E-07,-0.000093
5.3168523E-07,-0.000098
5.3173523E-07,-0.000102
5.3178523E-07,-0.000106
5.3183523E-07,-0.000110
5.3188523E-07,-0.000114
5.3193523E-07,-0.000117
5.3198523E-07,-0.000121
5.3203523E-07,-0.000124
5.3208523E-07,-0.000128
5.3213523E-07,-0.000132
5.3218523E-07,-0.000135
5.3223523E-07,-0.000139
5.3228523E-07,-0.000143
5.3233523E-07,-0.000147
5.3238523E-07,-0.000150
5.3243523E-07,-0.000153
5.3248523E-07,-0.000155
5.3253523E-07,-0.000157
5.3258523E-07,-0.000158
5.3263523E-07,-0.000157
5.3268523E-07,-0.000156
5.3273523E-07,-0.000153
5.3278523E-07,-0.000149
5.3283523E-07,-0.000144
5.3288523E-07,-0.000138
5.3293523E-07,-0.000131
5.3298523E-07,-0.000123
5.3303523E-07,-0.000115
5.3308523E-07,-0.000107
5.3313523E-07,-0.000098
5.3318523E-07,-0.000089
5.3323523E-07,-0.000081
5.3328523E-07,-0.000074
5.3333523E-07,-0.000067
5.3338523E-07,-0.000062
5.3343523E-07,-0.000057
5.3348523E-07,-0.000054
5.3353523E-07,-0.000052
5.3358523E-07,-0.000052
5.3363523E-07,-0.000052
5.3368523E-07,-0.000054
5.3373523E-07,-0.000057
5.3378523E-07,-0.000061
5.3383523E-07,-0.000066
5.3388523E-07,-0.000071
5.3393523E-07,-0.000077
5.3398523E-07,-0.000083
5.3403523E-07,-0.000089
5.3408523E-07,-0.000095
5.3413523E-07,-0.000101
5.3418523E-07,-0.000107
5.3423523E-07,-0.000112
5.3428523E-07,-0.000116
5.3433523E-07,-0.000120
5.3438523E-07,-0.000124
5.3443523E-07,-0.000127
5.3448523E-07,-0.000129
5.3453523E-07,-0.000132
5.3458523E-07,-0.000134
5.3463523E-07,-0.000136
5.3468523E-07,-0.000138
5.3473523E-07,-0.000140
5.3478523E-07,-0.000143
5.3483523E-07,-0.000146
5.3488523E-07,-0.000150
5.3493523E-07,-0.000155
5.3498523E-07,-0.000160
5.3503523E-07,-0.000167
5.3508523E-07,-0.000174
5.3513523E-07,-0.000183
5.3518523E-07,-0.000192
5.3523523E-07,-0.000201
5.3528523E-07,-0.000211
5.3533523E-07,-0.000221
5.3538523E-07,-0.000232
5.3543523E-07,-0.000242
5.3548523E-07,-0.000251
5.3553523E-07,-0.000261
5.3558523E-07,-0.000269
5.3563523E-07,-0.000277
5.3568523E-07,-0.000284
5.3573523E-07,-0.000290
5.3578523E-07,-0.000295
5.3583523E-07,-0.000299
5.3588523E-07,-0.000303
5.3593523E-07,-0.000307
5.3598523E-07,-0.000310
5.3603523E-07,-0.000314
5.3608523E-07,-0.000318
5.3613523E-07,-0.000322
5.3618523E-07,-0.000328
5.3623523E-07,-0.000334
5.3628523E-07,-0.000342
5.3633523E-07,-0.000351
5.3638523E-07,-0.000361
5.3643523E-07,-0.000372
5.3648523E-07,-0.000384
5.3653523E-07,-0.000397
5.3658523E-07,-0.000410
5.3663523E-07,-0.000422
5.3668523E-07,-0.000434
5.3673523E-07,-0.000446
5.3678523E-07,-0.000455
5.3683523E-07,-0.000463
5.3688523E-07,-0.000469
5.3693523E-07,-0.000472
5.3698523E-07,-0.000472
5.3703523E-07,-0.000470
5.3708523E-07,-0.000464
5.3713523E-07,-0.000456
5.3718523E-07,-0.000445
5.3723523E-07,-0.000432
5.3728523E-07,-0.000416
5.3733523E-07,-0.000400
5.3738523E-07,-0.000382
5.3743523E-07,-0.000364
5.3748523E-07,-0.000346
5.3753523E-07,-0.000328
5.3758523E-07,-0.000312
5.3763523E-07,-0.000297
5.3768523E-07,-0.000284
5.3773523E-07,-0.000272
5.3778523E-07,-0.000263
5.3783523E-07,-0.000256
5.3788523E-07,-0.000251
5.3793523E-07,-0.000248
5.3798523E-07,-0.000247
5.3803523E-07,-0.000247
5.3808523E-07,-0.000248
5.3813523E-07,-0.000249
5.3818523E-07,-0.000251
5.3823523E-07,-0.000252
5.3828523E-07,-0.000253
5.3833523E-07,-0.000253
5.3838523E-07,-0.000253
5.3843523E-07,-0.000251
5.3848523E-07,-0.000248
5.3853523E-07,-0.000245
5.3858523E-07,-0.000240
5.3863523E-07,-0.000234
5.3868523E-07,-0.000228
5.3873523E-07,-0.000222
5.3878523E-07,-0.000215
5.3883523E-07,-0.000209
5.3888523E-07,-0.000202
5.3893523E-07,-0.000197
5.3898523E-07,-0.000192
5.3903523E-07,-0.000187
5.3908523E-07,-0.000184
5.3913523E-07,-0.000182
5.3918523E-07,-0.000180
5.3923523E-07,-0.000179
5.3928523E-07,-0.000179
5.3933523E-07,-0.000179
5.3938523E-07,-0.000179
5.3943523E-07,-0.000179
5.3948523E-07,-0.000180
5.3953523E-07,-0.000180
5.3958523E-07,-0.000180
5.3963523E-07,-0.000180
5.3968523E-07,-0.000180
5.3973523E-07,-0.000179
5.3978523E-07,-0.000178
5.3983523E-07,-0.000177
5.3988523E-07,-0.000175
5.3993523E-07,-0.000174
5.3998523E-07,-0.000172
5.4003523E-07,-0.000171
5.4008523E-07,-0.000170
5.4013523E-07,-0.000170
5.4018523E-07,-0.000170
5.4023523E-07,-0.000170
5.4028523E-07,-0.000170
5.4033523E-07,-0.000171
5.4038523E-07,-0.000172
5.4043523E-07,-0.000173
5.4048523E-07,-0.000174
5.4053523E-07,-0.000175
5.4058523E-07,-0.000176
5.4063523E-07,-0.000176
5.4068523E-07,-0.000176
5.4073523E-07,-0.000175
5.4078523E-07,-0.000173
5.4083523E-07,-0.000171
5.4088523E-07,-0.000168
5.4093523E-07,-0.000164
5.4098523E-07,-0.000160
5.4103523E-07,-0.000155
5.4108523E-07,-0.000150
5.4113523E-07,-0.000145
5.4118523E-07,-0.000140
5.4123523E-07,-0.000135
5.4128523E-07,-0.000131
5.4133523E-07,-0.000127
5.4138523E-07,-0.000124
5.4143523E-07,-0.000122
5.4148523E-07,-0.000120
5.4153523E-07,-0.000120
5.4158523E-07,-0.000121
5.4163523E-07,-0.000123
5.4168523E-07,-0.000126
5.4173523E-07,-0.000130
5.4178523E-07,-0.000135
5.4183523E-07,-0.000141
5.4188523E-07,-0.000147
5.4193523E-07,-0.000153
5.4198523E-07,-0.000160
5.4203523E-07,-0.000167
5.4208523E-07,-0.000173
5.4213523E-07,-0.000179
5.4218523E-07,-0.000184
5.4223523E-07,-0.000188
5.4228523E-07,-0.000191
5.4233523E-07,-0.000193
5.4238523E-07,-0.000195
5.4243523E-07,-0.000194
5.4248523E-07,-0.000193
5.4253523E-07,-0.000191
5.4258523E-07,-0.000188
5.4263523E-07,-0.000185
5.4268523E-07,-0.000181
5.4273523E-07,-0.000177
5.4278523E-07,-0.000173
5.4283523E-07,-0.000170
5.4288523E-07,-0.000167
5.4293523E-07,-0.000164
5.4298523E-07,-0.000163
5.4303523E-07,-0.000163
5.4308523E-07,-0.000165
5.4313523E-07,-0.000167
5.4318523E-07,-0.000171
5.4323523E-07,-0.000176
5.4328523E-07,-0.000182
5.4333523E-07,-0.000188
5.4338523E-07,-0.000195
5.4343523E-07,-0.000202
5.4348523E-07,-0.000208
5.4353523E-07,-0.000214
5.4358523E-07,-0.000219
5.4363523E-07,-0.000223
5.4368523E-07,-0.000225
5.4373523E-07,-0.000225
5.4378523E-07,-0.000224
5.4383523E-07,-0.000221
5.4388523E-07,-0.000216
5.4393523E-07,-0.000209
5.4398523E-07,-0.000202
5.4403523E-07,-0.000193
5.4408523E-07,-0.000183
5.4413523E-07,-0.000174
5.4418523E-07,-0.000164
5.4423523E-07,-0.000156
5.4428523E-07,-0.000148
5.4433523E-07,-0.000141
5.4438523E-07,-0.000136
5.4443523E-07,-0.000133
5.4448523E-07,-0.000132
5.4453523E-07,-0.000132
5.4458523E-07,-0.000135
5.4463523E-07,-0.000138
5.4468523E-07,-0.000143
5.4473523E-07,-0.000149
5.4478523E-07,-0.000155
5.4483523E-07,-0.000161
5.4488523E-07,-0.000166
5.4493523E-07,-0.000171
5.4498523E-07,-0.000174
5.4503523E-07,-0.000176
5.4508523E-07,-0.000176
5.4513523E-07,-0.000174
5.4518523E-07,-0.000170
5.4523523E-07,-0.000164
5.4528523E-07,-0.000157
5.4533523E-07,-0.000148
5.4538523E-07,-0.000137
5.4543523E-07,-0.000126
5.4548523E-07,-0.000115
5.4553523E-07,-0.000104
5.4558523E-07,-0.000093
5.4563523E-07,-0.000083
5.4568523E-07,-0.000075
5.4573523E-07,-0.000067
5.4578523E-07,-0.000061
5.4583523E-07,-0.000057
5.4588523E-07,-0.000054
5.4593523E-07,-0.000052
5.4598523E-07,-0.000052
5.4603523E-07,-0.000052
5.4608523E-07,-0.000054
5.4613523E-07,-0.000056
5.4618523E-07,-0.000058
5.4623523E-07,-0.000060
5.4628523E-07,-0.000061
5.4633523E-07,-0.000063
5.4638523E-07,-0.000064
5.4643523E-07,-0.000064
5.4648523E-07,-0.000064
5.4653523E-07,-0.000063
5.4658523E-07,-0.000063
5.4663523E-07,-0.000063
5.4668523E-07,-0.000063
5.4673523E-07,-0.000063
5.4678523E-07,-0.000065
5.4683523E-07,-0.000068
5.4688523E-07,-0.000072
5.4693523E-07,-0.000078
5.4698523E-07,-0.000085
5.4703523E-07,-0.000094
5.4708523E-07,-0.000105
5.4713523E-07,-0.000116
5.4718523E-07,-0.000128
5.4723523E-07,-0.000142
5.4728523E-07,-0.000155
5.4733523E-07,-0.000168
5.4738523E-07,-0.000181
5.4743523E-07,-0.000193
5.4748523E-07,-0.000203
5.4753523E-07,-0.000212
5.4758523E-07,-0.000219
5.4763523E-07,-0.000224
5.4768523E-07,-0.000226
5.4773523E-07,-0.000227
5.4778523E-07,-0.000225
5.4783523E-07,-0.000221
5.4788523E-07,-0.000216
5.4793523E-07,-0.000209
5.4798523E-07,-0.000202
5.4803523E-07,-0.000193
5.4808523E-07,-0.000184
5.4813523E-07,-0.000176
5.4818523E-07,-0.000168
5.4823523E-07,-0.000160
5.4828523E-07,-0.000154
5.4833523E-07,-0.000149
5.4838523E-07,-0.000146
5.4843523E-07,-0.000144
5.4848523E-07,-0.000144
5.4853523E-07,-0.000145
5.4858523E-07,-0.000148
5.4863523E-07,-0.000153
5.4868523E-07,-0.000159
5.4873523E-07,-0.000165
5.4878523E-07,-0.000173
5.4883523E-07,-0.000181
5.4888523E-07,-0.000190
5.4893523E-07,-0.000199
5.4898523E-07,-0.000207
5.4903523E-07,-0.000215
5.4908523E-07,-0.000223
5.4913523E-07,-0.000229
5.4918523E-07,-0.000235
5.4923523E-07,-0.000240
5.4928523E-07,-0.000245
5.4933523E-07,-0.000248
5.4938523E-07,-0.000251
5.4943523E-07,-0.000253
5.4948523E-07,-0.000254
5.4953523E-07,-0.000255
5.4958523E-07,-0.000256
5.4963523E-07,-0.000256
5.4968523E-07,-0.000257
5.4973523E-07,-0.000257
5.4978523E-07,-0.000258
5.4983523E-07,-0.000260
5.4988523E-07,-0.000261
5.4993523E-07,-0.000263
5.4998523E-07,-0.000266
5.5003523E-07,-0.000268
5.5008523E-07,-0.000271
5.5013523E-07,-0.000274
5.5018523E-07,-0.000276
5.5023523E-07,-0.000278
5.5028523E-07,-0.000279
5.5033523E-07,-0.000279
5.5038523E-07,-0.000278
5.5043523E-07,-0.000276
5.5048523E-07,-0.000272
5.5053523E-07,-0.000266
5.5058523E-07,-0.000259
5.5063523E-07,-0.000250
5.5068523E-07,-0.000239
5.5073523E-07,-0.000227
5.5078523E-07,-0.000214
5.5083523E-07,-0.000199
5.5088523E-07,-0.000184
5.5093523E-07,-0.000168
5.5098523E-07,-0.000152
5.5103523E-07,-0.000136
5.5108523E-07,-0.000120
5.5113523E-07,-0.000105
5.5118523E-07,-0.000090
5.5123523E-07,-0.000076
5.5128523E-07,-0.000064
5.5133523E-07,-0.000052
5.5138523E-07,-0.000041
5.5143523E-07,-0.000030
5.5148523E-07,-0.000020
5.5153523E-07,-0.000011
5.5158523E-07,-0.000002
5.5163523E-07,0.000007
5.5168523E-07,0.000016
5.5173523E-07,0.000026
5.5178523E-07,0.000036
5.5183523E-07,0.000047
5.5188523E-07,0.000059
5.5193523E-07,0.000070
5.5198523E-07,0.000082
5.5203523E-07,0.000095
5.5208523E-07,0.000107
5.5213523E-07,0.000118
5.5218523E-07,0.000128
5.5223523E-07,0.000138
5.5228523E-07,0.000145
5.5233523E-07,0.000150
5.5238523E-07,0.000154
5.5243523E-07,0.000154
5.5248523E-07,0.000152
5.5253523E-07,0.000147
5.5258523E-07,0.000139
5.5263523E-07,0.000129
5.5268523E-07,0.000117
5.5273523E-07,0.000102
5.5278523E-07,0.000086
5.5283523E-07,0.000069
5.5288523E-07,0.000050
5.5293523E-07,0.000032
5.5298523E-07,0.000014
5.5303523E-07,-0.000003
5.5308523E-07,-0.000019
5.5313523E-07,-0.000034
5.5318523E-07,-0.000047
5.5323523E-07,-0.000059
5.5328523E-07,-0.000068
5.5333523E-07,-0.000076
5.5338523E-07,-0.000083
5.5343523E-07,-0.000088
5.5348523E-07,-0.000091
5.5353523E-07,-0.000094
5.5358523E-07,-0.000096
5.5363523E-07,-0.000098
5.5368523E-07,-0.000100
5.5373523E-07,-0.000102
5.5378523E-07,-0.000104
5.5383523E-07,-0.000106
5.5388523E-07,-0.000109
5.5393523E-07,-0.000112
5.5398523E-07,-0.000114
5.5403523E-07,-0.000117
5.5408523E-07,-0.000120
5.5413523E-07,-0.000122
5.5418523E-07,-0.000123
5.5423523E-07,-0.000124
5.5428523E-07,-0.000123
5.5433523E-07,-0.000121
5.5438523E-07,-0.000118
5.5443523E-07,-0.000114
5.5448523E-07,-0.000108
5.5453523E-07,-0.000102
5.5458523E-07,-0.000094
5.5463523E-07,-0.000087
5.5468523E-07,-0.000078
5.5473523E-07,-0.000071
5.5478523E-07,-0.000063
5.5483523E-07,-0.000056
5.5488523E-07,-0.000050
5.5493523E-07,-0.000046
5.5498523E-07,-0.000043
5.5503523E-07,-0.000042
5.5508523E-07,-0.000042
5.5513523E-07,-0.000044
5.5518523E-07,-0.000047
5.5523523E-07,-0.000052
5.5528523E-07,-0.000058
5.5533523E-07,-0.000065
5.5538523E-07,-0.000073
5.5543523E-07,-0.000080
5.5548523E-07,-0.000088
5.5553523E-07,-0.000096
5.5558523E-07,-0.000103
5.5563523E-07,-0.000109
5.5568523E-07,-0.000114
5.5573523E-07,-0.000118
5.5578523E-07,-0.000120
5.5583523E-07,-0.000122
5.5588523E-07,-0.000123
5.5593523E-07,-0.000122
5.5598523E-07,-0.000121
5.5603523E-07,-0.000120
5.5608523E-07,-0.000118
5.5613523E-07,-0.000116
5.5618523E-07,-0.000113
5.5623523E-07,-0.000112
5.5628523E-07,-0.000110
5.5633523E-07,-0.000109
5.5638523E-07,-0.000109
5.5643523E-07,-0.000109
5.5648523E-07,-0.000110
5.5653523E-07,-0.000112
5.5658523E-07,-0.000115
5.5663523E-07,-0.000118
5.5668523E-07,-0.000121
5.5673523E-07,-0.000124
5.5678523E-07,-0.000128
5.5683523E-07,-0.000131
5.5688523E-07,-0.000134
5.5693523E-07,-0.000136
5.5698523E-07,-0.000138
5.5703523E-07,-0.000139
5.5708523E-07,-0.000140
5.5713523E-07,-0.000139
5.5718523E-07,-0.000137
5.5723523E-07,-0.000135
5.5728523E-07,-0.000132
5.5733523E-07,-0.000128
5.5738523E-07,-0.000124
5.5743523E-07,-0.000120
5.5748523E-07,-0.000115
5.5753523E-07,-0.000111
5.5758523E-07,-0.000106
5.5763523E-07,-0.000103
5.5768523E-07,-0.000100
5.5773523E-07,-0.000099
5.5778523E-07,-0.000099
5.5783523E-07,-0.000100
5.5788523E-07,-0.000102
5.5793523E-07,-0.000106
5.5798523E-07,-0.000111
5.5803523E-07,-0.000118
5.5808523E-07,-0.000126
5.5813523E-07,-0.000135
5.5818523E-07,-0.000144
5.5823523E-07,-0.000154
5.5828523E-07,-0.000165
5.5833523E-07,-0.000175
5.5838523E-07,-0.000184
5.5843523E-07,-0.000193
5.5848523E-07,-0.000201
5.5853523E-07,-0.000207
5.5858523E-07,-0.000213
5.5863523E-07,-0.000216
5.5868523E-07,-0.000218
5.5873523E-07,-0.000219
5.5878523E-07,-0.000218
5.5883523E-07,-0.000216
5.5888523E-07,-0.000213
5.5893523E-07,-0.000210
5.5898523E-07,-0.000206
5.5903523E-07,-0.000202
5.5908523E-07,-0.000199
5.5913523E-07,-0.000196
5.5918523E-07,-0.000194
5.5923523E-07,-0.000193
5.5928523E-07,-0.000192
5.5933523E-07,-0.000193
5.5938523E-07,-0.000195
5.5943523E-07,-0.000197
5.5948523E-07,-0.000200
5.5953523E-07,-0.000203
5.5958523E-07,-0.000206
5.5963523E-07,-0.000208
5.5968523E-07,-0.000209
5.5973523E-07,-0.000209
5.5978523E-07,-0.000207
5.5983523E-07,-0.000202
5.5988523E-07,-0.000195
5.5993523E-07,-0.000186
5.5998523E-07,-0.000175
5.6003523E-07,-0.000161
5.6008523E-07,-0.000144
5.6013523E-07,-0.000126
5.6018523E-07,-0.000107
5.6023523E-07,-0.000086
5.6028523E-07,-0.000064
5.6033523E-07,-0.000043
5.6038523E-07,-0.000021
5.6043523E-07,-0.000001
5.6048523E-07,0.000019
5.6053523E-07,0.000036
5.6058523E-07,0.000053
5.6063523E-07,0.000067
5.6068523E-07,0.000079
5.6073523E-07,0.000090
5.6078523E-07,0.000098
5.6083523E-07,0.000105
5.6088523E-07,0.000110
5.6093523E-07,0.000114
5.6098523E-07,0.000117
5.6103523E-07,0.000119
5.6108523E-07,0.000121
5.6113523E-07,0.000123
5.6118523E-07,0.000124
5.6123523E-07,0.000125
5.6128523E-07,0.000125
5.6133523E-07,0.000126
5.6138523E-07,0.000125
5.6143523E-07,0.000124
5.6148523E-07,0.000123
5.6153523E-07,0.000120
5.6158523E-07,0.000115
5.6163523E-07,0.000109
5.6168523E-07,0.000101
5.6173523E-07,0.000091
5.6178523E-07,0.000080
5.6183523E-07,0.000066
5.6188523E-07,0.000051
5.6193523E-07,0.000034
5.6198523E-07,0.000017
5.6203523E-07,-0.000002
5.6208523E-07,-0.000021
5.6213523E-07,-0.000039
5.6218523E-07,-0.000058
5.6223523E-07,-0.000074
5.6228523E-07,-0.000090
5.6233523E-07,-0.000103
5.6238523E-07,-0.000114
5.6243523E-07,-0.000123
5.6248523E-07,-0.000128
5.6253523E-07,-0.000131
5.6258523E-07,-0.000132
5.6263523E-07,-0.000130
5.6268523E-07,-0.000125
5.6273523E-07,-0.000119
5.6278523E-07,-0.000111
5.6283523E-07,-0.000101
5.6288523E-07,-0.000091
5.6293523E-07,-0.000081
5.6298523E-07,-0.000070
5.6303523E-07,-0.000060
5.6308523E-07,-0.000051
5.6313523E-07,-0.000043
5.6318523E-07,-0.000036
5.6323523E-07,-0.000030
5.6328523E-07,-0.000026
5.6333523E-07,-0.000024
5.6338523E-07,-0.000023
5.6343523E-07,-0.000023
5.6348523E-07,-0.000025
5.6353523E-07,-0.000028
5.6358523E-07,-0.000031
5.6363523E-07,-0.000036
5.6368523E-07,-0.000041
5.6373523E-07,-0.000046
5.6378523E-07,-0.000052
5.6383523E-07,-0.000058
5.6388523E-07,-0.000064
5.6393523E-07,-0.000070
5.6398523E-07,-0.000075
5.6403523E-07,-0.000081
5.6408523E-07,-0.000086
5.6413523E-07,-0.000091
5.6418523E-07,-0.000096
5.6423523E-07,-0.000101
5.6428523E-07,-0.000106
5.6433523E-07,-0.000111
5.6438523E-07,-0.000117
5.6443523E-07,-0.000122
5.6448523E-07,-0.000127
5.6453523E-07,-0.000133
5.6458523E-07,-0.000139
5.6463523E-07,-0.000145
5.6468523E-07,-0.000152
5.6473523E-07,-0.000158
5.6478523E-07,-0.000164
5.6483523E-07,-0.000171
5.6488523E-07,-0.000177
5.6493523E-07,-0.000182
5.6498523E-07,-0.000187
5.6503523E-07,-0.000191
5.6508523E-07,-0.000195
5.6513523E-07,-0.000197
5.6518523E-07,-0.000199
5.6523523E-07,-0.000199
5.6528523E-07,-0.000198
5.6533523E-07,-0.000196
5.6538523E-07,-0.000193
5.6543523E-07,-0.000189
5.6548523E-07,-0.000184
5.6553523E-07,-0.000178
5.6558523E-07,-0.000172
5.6563523E-07,-0.000166
5.6568523E-07,-0.000160
5.6573523E-07,-0.000155
5.6578523E-07,-0.000150
5.6583523E-07,-0.000146
5.6588523E-07,-0.000143
5.6593523E-07,-0.000142
5.6598523E-07,-0.000142
5.6603523E-07,-0.000143
5.6608523E-07,-0.000146
5.6613523E-07,-0.000150
5.6618523E-07,-0.000156
5.6623523E-07,-0.000162
5.6628523E-07,-0.000169
5.6633523E-07,-0.000177
5.6638523E-07,-0.000184
5.6643523E-07,-0.000192
5.6648523E-07,-0.000198
5.6653523E-07,-0.000204
5.6658523E-07,-0.000208
5.6663523E-07,-0.000211
5.6668523E-07,-0.000213
5.6673523E-07,-0.000213
5.6678523E-07,-0.000212
5.6683523E-07,-0.000209
5.6688523E-07,-0.000205
5.6693523E-07,-0.000201
5.6698523E-07,-0.000196
5.6703523E-07,-0.000191
5.6708523E-07,-0.000186
5.6713523E-07,-0.000182
5.6718523E-07,-0.000179
5.6723523E-07,-0.000177
5.6728523E-07,-0.000176
5.6733523E-07,-0.000176
5.6738523E-07,-0.000179
5.6743523E-07,-0.000182
5.6748523E-07,-0.000187
5.6753523E-07,-0.000193
5.6758523E-07,-0.000200
5.6763523E-07,-0.000206
5.6768523E-07,-0.000213
5.6773523E-07,-0.000220
5.6778523E-07,-0.000225
5.6783523E-07,-0.000229
5.6788523E-07,-0.000232
5.6793523E-07,-0.000233
5.6798523E-07,-0.000232
5.6803523E-07,-0.000230
5.6808523E-07,-0.000225
5.6813523E-07,-0.000219
5.6818523E-07,-0.000211
5.6823523E-07,-0.000203
5.6828523E-07,-0.000193
5.6833523E-07,-0.000183
5.6838523E-07,-0.000173
5.6843523E-07,-0.000163
5.6848523E-07,-0.000154
5.6853523E-07,-0.000145
5.6858523E-07,-0.000138
5.6863523E-07,-0.000132
5.6868523E-07,-0.000127
5.6873523E-07,-0.000123
5.6878523E-07,-0.000121
5.6883523E-07,-0.000119
5.6888523E-07,-0.000118
5.6893523E-07,-0.000117
5.6898523E-07,-0.000116
5.6903523E-07,-0.000116
5.6908523E-07,-0.000115
5.6913523E-07,-0.000113
5.6918523E-07,-0.000111
5.6923523E-07,-0.000108
5.6928523E-07,-0.000104
5.6933523E-07,-0.000100
5.6938523E-07,-0.000096
5.6943523E-07,-0.000091
5.6948523E-07,-0.000087
5.6953523E-07,-0.000083
5.6958523E-07,-0.000081
5.6963523E-07,-0.000080
5.6968523E-07,-0.000080
5.6973523E-07,-0.000082
5.6978523E-07,-0.000087
5.6983523E-07,-0.000093
5.6988523E-07,-0.000102
5.6993523E-07,-0.000112
5.6998523E-07,-0.000124
5.7003523E-07,-0.000138
5.7008523E-07,-0.000153
5.7013523E-07,-0.000168
5.7018523E-07,-0.000183
5.7023523E-07,-0.000198
5.7028523E-07,-0.000211
5.7033523E-07,-0.000223
5.7038523E-07,-0.000233
5.7043523E-07,-0.000241
5.7048523E-07,-0.000246
5.7053523E-07,-0.000248
5.7058523E-07,-0.000247
5.7063523E-07,-0.000243
5.7068523E-07,-0.000236
5.7073523E-07,-0.000227
5.7078523E-07,-0.000215
5.7083523E-07,-0.000201
5.7088523E-07,-0.000186
5.7093523E-07,-0.000170
5.7098523E-07,-0.000153
5.7103523E-07,-0.000136
5.7108523E-07,-0.000119
5.7113523E-07,-0.000103
5.7118523E-07,-0.000088
5.7123523E-07,-0.000074
5.7128523E-07,-0.000062
5.7133523E-07,-0.000051
5.7138523E-07,-0.000042
5.7143523E-07,-0.000034
5.7148523E-07,-0.000028
5.7153523E-07,-0.000023
5.7158523E-07,-0.000019
5.7163523E-07,-0.000017
5.7168523E-07,-0.000015
5.7173523E-07,-0.000013
5.7178523E-07,-0.000013
5.7183523E-07,-0.000012
5.7188523E-07,-0.000011
5.7193523E-07,-0.000010
5.7198523E-07,-0.000009
5.7203523E-07,-0.000008
5.7208523E-07,-0.000006
5.7213523E-07,-0.000003
5.7218523E-07,0.000000
5.7223523E-07,0.000003
5.7228523E-07,0.000007
5.7233523E-07,0.000011
5.7238523E-07,0.000015
5.7243523E-07,0.000019
5.7248523E-07,0.000023
5.7253523E-07,0.000026
5.7258523E-07,0.000029
5.7263523E-07,0.000032
5.7268523E-07,0.000034
5.7273523E-07,0.000036
5.7278523E-07,0.000037
5.7283523E-07,0.000037
5.7288523E-07,0.000036
5.7293523E-07,0.000035
5.7298523E-07,0.000034
5.7303523E-07,0.000031
5.7308523E-07,0.000029
5.7313523E-07,0.000026
5.7318523E-07,0.000023
5.7323523E-07,0.000019
5.7328523E-07,0.000016
5.7333523E-07,0.000013
5.7338523E-07,0.000010
5.7343523E-07,0.000006
5.7348523E-07,0.000003
5.7353523E-07,0.000000
5.7358523E-07,-0.000003
5.7363523E-07,-0.000007
5.7368523E-07,-0.000011
5.7373523E-07,-0.000016
5.7378523E-07,-0.000022
5.7383523E-07,-0.000029
5.7388523E-07,-0.000036
5.7393523E-07,-0.000046
5.7398523E-07,-0.000056
5.7403523E-07,-0.000068
5.7408523E-07,-0.000081
5.7413523E-07,-0.000095
5.7418523E-07,-0.000110
5.7423523E-07,-0.000126
5.7428523E-07,-0.000142
5.7433523E-07,-0.000158
5.7438523E-07,-0.000173
5.7443523E-07,-0.000187
5.7448523E-07,-0.000200
5.7453523E-07,-0.000212
5.7458523E-07,-0.000221
5.7463523E-07,-0.000228
5.7468523E-07,-0.000232
5.7473523E-07,-0.000234
5.7478523E-07,-0.000233
5.7483523E-07,-0.000230
5.7488523E-07,-0.000224
5.7493523E-07,-0.000217
5.7498523E-07,-0.000207
5.7503523E-07,-0.000197
5.7508523E-07,-0.000186
5.7513523E-07,-0.000174
5.7518523E-07,-0.000163
5.7523523E-07,-0.000151
5.7528523E-07,-0.000141
5.7533523E-07,-0.000132
5.7538523E-07,-0.000123
5.7543523E-07,-0.000116
5.7548523E-07,-0.000110
5.7553523E-07,-0.000105
5.7558523E-07,-0.000101
5.7563523E-07,-0.000097
5.7568523E-07,-0.000093
5.7573523E-07,-0.000088
5.7578523E-07,-0.000083
5.7583523E-07,-0.000077
5.7588523E-07,-0.000069
5.7593523E-07,-0.000060
5.7598523E-07,-0.000049
5.7603523E-07,-0.000036
5.7608523E-07,-0.000022
5.7613523E-07,-0.000006
5.7618523E-07,0.000011
5.7623523E-07,0.000029
5.7628523E-07,0.000047
5.7633523E-07,0.000065
5.7638523E-07,0.000082
5.7643523E-07,0.000098
5.7648523E-07,0.000113
5.7653523E-07,0.000126
5.7658523E-07,0.000136
5.7663523E-07,0.000144
5.7668523E-07,0.000149
5.7673523E-07,0.000151
5.7678523E-07,0.000151
5.7683523E-07,0.000149
5.7688523E-07,0.000144
5.7693523E-07,0.000138
5.7698523E-07,0.000130
5.7703523E-07,0.000122
5.7708523E-07,0.000113
5.7713523E-07,0.000104
5.7718523E-07,0.000095
5.7723523E-07,0.000086
5.7728523E-07,0.000078
5.7733523E-07,0.000071
5.7738523E-07,0.000065
5.7743523E-07,0.000059
5.7748523E-07,0.000054
5.7753523E-07,0.000049
5.7758523E-07,0.000045
5.7763523E-07,0.000041
5.7768523E-07,0.000036
5.7773523E-07,0.000031
5.7778523E-07,0.000026
5.7783523E-07,0.000019
5.7788523E-07,0.000012
5.7793523E-07,0.000005
5.7798523E-07,-0.000004
5.7803523E-07,-0.000013
5.7808523E-07,-0.000022
5.7813523E-07,-0.000032
5.7818523E-07,-0.000041
5.7823523E-07,-0.000050
5.7828523E-07,-0.000057
5.7833523E-07,-0.000064
5.7838523E-07,-0.000069
5.7843523E-07,-0.000073
5.7848523E-07,-0.000074
5.7853523E-07,-0.000074
5.7858523E-07,-0.000071
5.7863523E-07,-0.000066
5.7868523E-07,-0.000059
5.7873523E-07,-0.000050
5.7878523E-07,-0.000039
5.7883523E-07,-0.000027
5.7888523E-07,-0.000014
5.7893523E-07,0.000000
5.7898523E-07,0.000015
5.7903523E-07,0.000031
5.7908523E-07,0.000046
5.7913523E-07,0.000061
5.7918523E-07,0.000075
5.7923523E-07,0.000088
5.7928523E-07,0.000101
5.7933523E-07,0.000112
5.7938523E-07,0.000122
5.7943523E-07,0.000130
5.7948523E-07,0.000137
5.7953523E-07,0.000142
5.7958523E-07,0.000146
5.7963523E-07,0.000149
5.7968523E-07,0.000149
5.7973523E-07,0.000149
5.7978523E-07,0.000148
5.7983523E-07,0.000145
5.7988523E-07,0.000141
5.7993523E-07,0.000137
5.7998523E-07,0.000132
5.8003523E-07,0.000127
5.8008523E-07,0.000122
5.8013523E-07,0.000116
5.8018523E-07,0.000110
5.8023523E-07,0.000104
5.8028523E-07,0.000099
5.8033523E-07,0.000094
5.8038523E-07,0.000089
5.8043523E-07,0.000084
5.8048523E-07,0.000080
5.8053523E-07,0.000075
5.8058523E-07,0.000071
5.8063523E-07,0.000067
5.8068523E-07,0.000064
5.8073523E-07,0.000060
5.8078523E-07,0.000056
5.8083523E-07,0.000052
5.8088523E-07,0.000047
5.8093523E-07,0.000043
5.8098523E-07,0.000038
5.8103523E-07,0.000034
5.8108523E-07,0.000029
5.8113523E-07,0.000024
5.8118523E-07,0.000020
5.8123523E-07,0.000016
5.8128523E-07,0.000012
5.8133523E-07,0.000009
5.8138523E-07,0.000006
5.8143523E-07,0.000004
5.8148523E-07,0.000003
5.8153523E-07,0.000003
5.8158523E-07,0.000004
5.8163523E-07,0.000005
5.8168523E-07,0.000008
5.8173523E-07,0.000010
5.8178523E-07,0.000013
5.8183523E-07,0.000016
5.8188523E-07,0.000019
5.8193523E-07,0.000022
5.8198523E-07,0.000025
5.8203523E-07,0.000027
5.8208523E-07,0.000028
5.8213523E-07,0.000029
5.8218523E-07,0.000030
5.8223523E-07,0.000029
5.8228523E-07,0.000029
5.8233523E-07,0.000028
5.8238523E-07,0.000027
5.8243523E-07,0.000027
5.8248523E-07,0.000027
5.8253523E-07,0.000028
5.8258523E-07,0.000030
5.8263523E-07,0.000033
5.8268523E-07,0.000037
5.8273523E-07,0.000043
5.8278523E-07,0.000050
5.8283523E-07,0.000058
5.8288523E-07,0.000067
5.8293523E-07,0.000076
5.8298523E-07,0.000086
5.8303523E-07,0.000096
5.8308523E-07,0.000106
5.8313523E-07,0.000114
5.8318523E-07,0.000121
5.8323523E-07,0.000127
5.8328523E-07,0.000130
5.8333523E-07,0.000131
5.8338523E-07,0.000130
5.8343523E-07,0.000127
5.8348523E-07,0.000122
5.8353523E-07,0.000114
5.8358523E-07,0.000105
5.8363523E-07,0.000094
5.8368523E-07,0.000083
5.8373523E-07,0.000071
5.8378523E-07,0.000059
5.8383523E-07,0.000048
5.8388523E-07,0.000038
5.8393523E-07,0.000029
5.8398523E-07,0.000023
5.8403523E-07,0.000018
5.8408523E-07,0.000015
5.8413523E-07,0.000014
5.8418523E-07,0.000015
5.8423523E-07,0.000018
5.8428523E-07,0.000023
5.8433523E-07,0.000029
5.8438523E-07,0.000036
5.8443523E-07,0.000044
5.8448523E-07,0.000051
5.8453523E-07,0.000059
5.8458523E-07,0.000065
5.8463523E-07,0.000071
5.8468523E-07,0.000077
5.8473523E-07,0.000080
5.8478523E-07,0.000083
5.8483523E-07,0.000085
5.8488523E-07,0.000086
5.8493523E-07,0.000085
5.8498523E-07,0.000085
5.8503523E-07,0.000084
5.8508523E-07,0.000082
5.8513523E-07,0.000081
5.8518523E-07,0.000081
5.8523523E-07,0.000080
5.8528523E-07,0.000081
5.8533523E-07,0.000082
5.8538523E-07,0.000083
5.8543523E-07,0.000086
5.8548523E-07,0.000089
5.8553523E-07,0.000092
5.8558523E-07,0.000095
5.8563523E-07,0.000099
5.8568523E-07,0.000102
5.8573523E-07,0.000105
5.8578523E-07,0.000107
5.8583523E-07,0.000108
5.8588523E-07,0.000108
5.8593523E-07,0.000107
5.8598523E-07,0.000106
5.8603523E-07,0.000103
5.8608523E-07,0.000099
5.8613523E-07,0.000095
5.8618523E-07,0.000090
5.8623523E-07,0.000085
5.8628523E-07,0.000079
5.8633523E-07,0.000074
5.8638523E-07,0.000068
5.8643523E-07,0.000063
5.8648523E-07,0.000059
5.8653523E-07,0.000055
5.8658523E-07,0.000053
5.8663523E-07,0.000051
5.8668523E-07,0.000050
5.8673523E-07,0.000051
5.8678523E-07,0.000052
5.8683523E-07,0.000055
5.8688523E-07,0.000058
5.8693523E-07,0.000063
5.8698523E-07,0.000068
5.8703523E-07,0.000074
5.8708523E-07,0.000080
5.8713523E-07,0.000088
5.8718523E-07,0.000095
5.8723523E-07,0.000103
5.8728523E-07,0.000111
5.8733523E-07,0.000120
5.8738523E-07,0.000128
5.8743523E-07,0.000136
5.8748523E-07,0.000144
5.8753523E-07,0.000152
5.8758523E-07,0.000160
5.8763523E-07,0.000167
5.8768523E-07,0.000174
5.8773523E-07,0.000181
5.8778523E-07,0.000187
5.8783523E-07,0.000193
5.8788523E-07,0.000199
5.8793523E-07,0.000204
5.8798523E-07,0.000209
5.8803523E-07,0.000214
5.8808523E-07,0.000218
5.8813523E-07,0.000221
5.8818523E-07,0.000224
5.8823523E-07,0.000227
5.8828523E-07,0.000229
5.8833523E-07,0.000230
5.8838523E-07,0.000230
5.8843523E-07,0.000229
5.8848523E-07,0.000227
5.8853523E-07,0.000223
5.8858523E-07,0.000218
5.8863523E-07,0.000210
5.8868523E-07,0.000201
5.8873523E-07,0.000189
5.8878523E-07,0.000176
5.8883523E-07,0.000160
5.8888523E-07,0.000142
5.8893523E-07,0.000122
5.8898523E-07,0.000100
5.8903523E-07,0.000077
5.8908523E-07,0.000052
5.8913523E-07,0.000027
5.8918523E-07,0.000002
5.8923523E-07,-0.000024
5.8928523E-07,-0.000048
5.8933523E-07,-0.000071
5.8938523E-07,-0.000092
5.8943523E-07,-0.000111
5.8948523E-07,-0.000127
5.8953523E-07,-0.000140
5.8958523E-07,-0.000151
5.8963523E-07,-0.000157
5.8968523E-07,-0.000161
5.8973523E-07,-0.000161
5.8978523E-07,-0.000158
5.8983523E-07,-0.000152
5.8988523E-07,-0.000144
5.8993523E-07,-0.000134
5.8998523E-07,-0.000123
5.9003523E-07,-0.000111
5.9008523E-07,-0.000098
5.9013523E-07,-0.000085
5.9018523E-07,-0.000072
5.9023523E-07,-0.000060
5.9028523E-07,-0.000049
5.9033523E-07,-0.000039
5.9038523E-07,-0.000030
5.9043523E-07,-0.000021
5.9048523E-07,-0.000014
5.9053523E-07,-0.000007
5.9058523E-07,-0.000001
5.9063523E-07,0.000006
5.9068523E-07,0.000012
5.9073523E-07,0.000018
5.9078523E-07,0.000025
5.9083523E-07,0.000032
5.9088523E-07,0.000040
5.9093523E-07,0.000048
5.9098523E-07,0.000057
5.9103523E-07,0.000067
5.9108523E-07,0.000076
5.9113523E-07,0.000086
5.9118523E-07,0.000096
5.9123523E-07,0.000105
5.9128523E-07,0.000113
5.9133523E-07,0.000120
5.9138523E-07,0.000126
5.9143523E-07,0.000131
5.9148523E-07,0.000134
5.9153523E-07,0.000136
5.9158523E-07,0.000136
5.9163523E-07,0.000136
5.9168523E-07,0.000134
5.9173523E-07,0.000131
5.9178523E-07,0.000128
5.9183523E-07,0.000124
5.9188523E-07,0.000120
5.9193523E-07,0.000117
5.9198523E-07,0.000113
5.9203523E-07,0.000110
5.9208523E-07,0.000108
5.9213523E-07,0.000106
5.9218523E-07,0.000105
5.9223523E-07,0.000104
5.9228523E-07,0.000103
5.9233523E-07,0.000102
5.9238523E-07,0.000100
5.9243523E-07,0.000099
5.9248523E-07,0.000096
5.9253523E-07,0.000092
5.9258523E-07,0.000088
5.9263523E-07,0.000082
5.9268523E-07,0.000074
5.9273523E-07,0.000066
5.9278523E-07,0.000057
5.9283523E-07,0.000047
5.9288523E-07,0.000036
5.9293523E-07,0.000025
5.9298523E-07,0.000015
5.9303523E-07,0.000004
5.9308523E-07,-0.000005
5.9313523E-07,-0.000013
5.9318523E-07,-0.000020
5.9323523E-07,-0.000025
5.9328523E-07,-0.000028
5.9333523E-07,-0.000029
5.9338523E-07,-0.000028
5.9343523E-07,-0.000025
5.9348523E-07,-0.000021
5.9353523E-07,-0.000014
5.9358523E-07,-0.000007
5.9363523E-07,0.000002
5.9368523E-07,0.000011
5.9373523E-07,0.000021
5.9378523E-07,0.000031
5.9383523E-07,0.000041
5.9388523E-07,0.000050
5.9393523E-07,0.000059
5.9398523E-07,0.000067
5.9403523E-07,0.000074
5.9408523E-07,0.000080
5.9413523E-07,0.000085
5.9418523E-07,0.000089
5.9423523E-07,0.000092
5.9428523E-07,0.000094
5.9433523E-07,0.000096
5.9438523E-07,0.000098
5.9443523E-07,0.000099
5.9448523E-07,0.000100
5.9453523E-07,0.000101
5.9458523E-07,0.000103
5.9463523E-07,0.000104
5.9468523E-07,0.000106
5.9473523E-07,0.000108
5.9478523E-07,0.000110
5.9483523E-07,0.000113
5.9488523E-07,0.000116
5.9493523E-07,0.000119
5.9498523E-07,0.000122
5.9503523E-07,0.000124
5.9508523E-07,0.000127
5.9513523E-07,0.000130
5.9518523E-07,0.000132
5.9523523E-07,0.000133
5.9528523E-07,0.000134
5.9533523E-07,0.000134
5.9538523E-07,0.000134
5.9543523E-07,0.000132
5.9548523E-07,0.000130
5.9553523E-07,0.000126
5.9558523E-07,0.000122
5.9563523E-07,0.000116
5.9568523E-07,0.000110
5.9573523E-07,0.000102
5.9578523E-07,0.000094
5.9583523E-07,0.000085
5.9588523E-07,0.000075
5.9593523E-07,0.000065
5.9598523E-07,0.000055
5.9603523E-07,0.000045
5.9608523E-07,0.000035
5.9613523E-07,0.000025
5.9618523E-07,0.000016
5.9623523E-07,0.000008
5.9628523E-07,0.000001
5.9633523E-07,-0.000005
5.9638523E-07,-0.000010
5.9643523E-07,-0.000014
5.9648523E-07,-0.000016
5.9653523E-07,-0.000017
5.9658523E-07,-0.000018
5.9663523E-07,-0.000017
5.9668523E-07,-0.000016
5.9673523E-07,-0.000014
5.9678523E-07,-0.000012
5.9683523E-07,-0.000010
5.9688523E-07,-0.000008
5.9693523E-07,-0.000006
5.9698523E-07,-0.000005
5.9703523E-07,-0.000004
5.9708523E-07,-0.000004
5.9713523E-07,-0.000004
5.9718523E-07,-0.000005
5.9723523E-07,-0.000007
5.9728523E-07,-0.000009
5.9733523E-07,-0.000011
5.9738523E-07,-0.000014
5.9743523E-07,-0.000017
5.9748523E-07,-0.000019
5.9753523E-07,-0.000021
5.9758523E-07,-0.000023
5.9763523E-07,-0.000025
5.9768523E-07,-0.000026
5.9773523E-07,-0.000027
5.9778523E-07,-0.000028
5.9783523E-07,-0.000028
5.9788523E-07,-0.000028
5.9793523E-07,-0.000028
5.9798523E-07,-0.000029
5.9803523E-07,-0.000030
5.9808523E-07,-0.000031
5.9813523E-07,-0.000032
5.9818523E-07,-0.000034
5.9823523E-07,-0.000037
5.9828523E-07,-0.000040
5.9833523E-07,-0.000043
5.9838523E-07,-0.000046
5.9843523E-07,-0.000049
5.9848523E-07,-0.000052
5.9853523E-07,-0.000053
5.9858523E-07,-0.000054
5.9863523E-07,-0.000052
5.9868523E-07,-0.000049
5.9873523E-07,-0.000044
5.9878523E-07,-0.000037
5.9883523E-07,-0.000027
5.9888523E-07,-0.000014
5.9893523E-07,0.000001
5.9898523E-07,0.000018
5.9903523E-07,0.000037
5.9908523E-07,0.000058
5.9913523E-07,0.000080
5.9918523E-07,0.000103
5.9923523E-07,0.000126
5.9928523E-07,0.000149
5.9933523E-07,0.000172
5.9938523E-07,0.000194
5.9943523E-07,0.000214
5.9948523E-07,0.000233
5.9953523E-07,0.000249
5.9958523E-07,0.000264
5.9963523E-07,0.000276
5.9968523E-07,0.000285
5.9973523E-07,0.000293
5.9978523E-07,0.000298
5.9983523E-07,0.000301
5.9988523E-07,0.000303
5.9993523E-07,0.000302
5.9998523E-07,0.000301
6.0003523E-07,0.000298
6.0008523E-07,0.000294
6.0013523E-07,0.000289
6.0018523E-07,0.000284
6.0023523E-07,0.000278
6.0028523E-07,0.000271
6.0033523E-07,0.000263
6.0038523E-07,0.000255
6.0043523E-07,0.000247
6.0048523E-07,0.000237
6.0053523E-07,0.000227
6.0058523E-07,0.000216
6.0063523E-07,0.000204
6.0068523E-07,0.000191
6.0073523E-07,0.000178
6.0078523E-07,0.000164
6.0083523E-07,0.000150
6.0088523E-07,0.000136
6.0093523E-07,0.000122
6.0098523E-07,0.000108
6.0103523E-07,0.000095
6.0108523E-07,0.000083
6.0113523E-07,0.000072
6.0118523E-07,0.000063
6.0123523E-07,0.000055
6.0128523E-07,0.000049
6.0133523E-07,0.000044
6.0138523E-07,0.000042
6.0143523E-07,0.000041
6.0148523E-07,0.000042
6.0153523E-07,0.000044
6.0158523E-07,0.000048
6.0163523E-07,0.000053
6.0168523E-07,0.000059
6.0173523E-07,0.000065
6.0178523E-07,0.000072
6.0183523E-07,0.000079
6.0188523E-07,0.000086
6.0193523E-07,0.000092
6.0198523E-07,0.000099
6.0203523E-07,0.000105
6.0208523E-07,0.000110
6.0213523E-07,0.000115
6.0218523E-07,0.000119
6.0223523E-07,0.000123
6.0228523E-07,0.000126
6.0233523E-07,0.000129
6.0238523E-07,0.000132
6.0243523E-07,0.000134
6.0248523E-07,0.000136
6.0253523E-07,0.000138
6.0258523E-07,0.000140
6.0263523E-07,0.000142
6.0268523E-07,0.000144
6.0273523E-07,0.000146
6.0278523E-07,0.000148
6.0283523E-07,0.000150
6.0288523E-07,0.000152
6.0293523E-07,0.000154
6.0298523E-07,0.000156
6.0303523E-07,0.000158
6.0308523E-07,0.000159
6.0313523E-07,0.000160
6.0318523E-07,0.000161
6.0323523E-07,0.000162
6.0328523E-07,0.000163
6.0333523E-07,0.000163
6.0338523E-07,0.000162
6.0343523E-07,0.000162
6.0348523E-07,0.000161
6.0353523E-07,0.000159
6.0358523E-07,0.000157
6.0363523E-07,0.000155
6.0368523E-07,0.000151
6.0373523E-07,0.000147
6.0378523E-07,0.000143
6.0383523E-07,0.000138
6.0388523E-07,0.000132
6.0393523E-07,0.000126
6.0398523E-07,0.000119
6.0403523E-07,0.000112
6.0408523E-07,0.000104
6.0413523E-07,0.000096
6.0418523E-07,0.000088
6.0423523E-07,0.000080
6.0428523E-07,0.000071
6.0433523E-07,0.000063
6.0438523E-07,0.000055
6.0443523E-07,0.000047
6.0448523E-07,0.000039
6.0453523E-07,0.000031
6.0458523E-07,0.000023
6.0463523E-07,0.000016
6.0468523E-07,0.000008
6.0473523E-07,-0.000001
6.0478523E-07,-0.000009
6.0483523E-07,-0.000018
6.0488523E-07,-0.000027
6.0493523E-07,-0.000037
6.0498523E-07,-0.000047
6.0503523E-07,-0.000059
6.0508523E-07,-0.000070
6.0513523E-07,-0.000082
6.0518523E-07,-0.000095
6.0523523E-07,-0.000107
6.0528523E-07,-0.000119
6.0533523E-07,-0.000131
6.0538523E-07,-0.000143
6.0543523E-07,-0.000153
6.0548523E-07,-0.000163
6.0553523E-07,-0.000171
6.0558523E-07,-0.000177
6.0563523E-07,-0.000182
6.0568523E-07,-0.000185
6.0573523E-07,-0.000186
6.0578523E-07,-0.000186
6.0583523E-07,-0.000184
6.0588523E-07,-0.000180
6.0593523E-07,-0.000175
6.0598523E-07,-0.000170
6.0603523E-07,-0.000163
6.0608523E-07,-0.000157
6.0613523E-07,-0.000150
6.0618523E-07,-0.000144
6.0623523E-07,-0.000137
6.0628523E-07,-0.000132
6.0633523E-07,-0.000127
6.0638523E-07,-0.000123
6.0643523E-07,-0.000120
6.0648523E-07,-0.000118
6.0653523E-07,-0.000116
6.0658523E-07,-0.000114
6.0663523E-07,-0.000113
6.0668523E-07,-0.000111
6.0673523E-07,-0.000109
6.0678523E-07,-0.000107
6.0683523E-07,-0.000104
6.0688523E-07,-0.000100
6.0693523E-07,-0.000096
6.0698523E-07,-0.000090
6.0703523E-07,-0.000083
6.0708523E-07,-0.000076
6.0713523E-07,-0.000068
6.0718523E-07,-0.000059
6.0723523E-07,-0.000050
6.0728523E-07,-0.000041
6.0733523E-07,-0.000032
6.0738523E-07,-0.000023
6.0743523E-07,-0.000016
6.0748523E-07,-0.000009
6.0753523E-07,-0.000003
6.0758523E-07,0.000002
6.0763523E-07,0.000006
6.0768523E-07,0.000009
6.0773523E-07,0.000010
6.0778523E-07,0.000011
6.0783523E-07,0.000010
6.0788523E-07,0.000010
6.0793523E-07,0.000008
6.0798523E-07,0.000007
6.0803523E-07,0.000005
6.0808523E-07,0.000003
6.0813523E-07,0.000002
6.0818523E-07,0.000001
6.0823523E-07,0.000000
6.0828523E-07,-0.000001
6.0833523E-07,-0.000001
6.0838523E-07,-0.000001
6.0843523E-07,-0.000001
6.0848523E-07,0.000000
6.0853523E-07,0.000000
6.0858523E-07,0.000000
6.0863523E-07,0.000000
6.0868523E-07,0.000000
6.0873523E-07,-0.000001
6.0878523E-07,-0.000003
6.0883523E-07,-0.000004
6.0888523E-07,-0.000007
6.0893523E-07,-0.000009
6.0898523E-07,-0.000013
6.0903523E-07,-0.000016
6.0908523E-07,-0.000020
6.0913523E-07,-0.000025
6.0918523E-07,-0.000030
6.0923523E-07,-0.000035
6.0928523E-07,-0.000041
6.0933523E-07,-0.000047
6.0938523E-07,-0.000053
6.0943523E-07,-0.000060
6.0948523E-07,-0.000067
6.0953523E-07,-0.000075
6.0958523E-07,-0.000083
6.0963523E-07,-0.000091
6.0968523E-07,-0.000100
6.0973523E-07,-0.000109
6.0978523E-07,-0.000119
6.0983523E-07,-0.000129
6.0988523E-07,-0.000139
6.0993523E-07,-0.000149
6.0998523E-07,-0.000158
6.1003523E-07,-0.000168
6.1008523E-07,-0.000176
6.1013523E-07,-0.000185
6.1018523E-07,-0.000192
6.1023523E-07,-0.000198
6.1028523E-07,-0.000204
6.1033523E-07,-0.000208
6.1038523E-07,-0.000211
6.1043523E-07,-0.000213
6.1048523E-07,-0.000214
6.1053523E-07,-0.000213
6.1058523E-07,-0.000211
6.1063523E-07,-0.000208
6.1068523E-07,-0.000204
6.1073523E-07,-0.000198
6.1078523E-07,-0.000192
6.1083523E-07,-0.000185
6.1088523E-07,-0.000177
6.1093523E-07,-0.000168
6.1098523E-07,-0.000158
6.1103523E-07,-0.000148
6.1108523E-07,-0.000137
6.1113523E-07,-0.000126
6.1118523E-07,-0.000114
6.1123523E-07,-0.000102
6.1128523E-07,-0.000089
6.1133523E-07,-0.000076
6.1138523E-07,-0.000063
6.1143523E-07,-0.000050
6.1148523E-07,-0.000037
6.1153523E-07,-0.000025
6.1158523E-07,-0.000014
6.1163523E-07,-0.000003
6.1168523E-07,0.000006
6.1173523E-07,0.000015
6.1178523E-07,0.000021
6.1183523E-07,0.000027
6.1188523E-07,0.000031
6.1193523E-07,0.000033
6.1198523E-07,0.000034
6.1203523E-07,0.000033
6.1208523E-07,0.000032
6.1213523E-07,0.000029
6.1218523E-07,0.000026
6.1223523E-07,0.000022
6.1228523E-07,0.000018
6.1233523E-07,0.000014
6.1238523E-07,0.000010
6.1243523E-07,0.000007
6.1248523E-07,0.000005
6.1253523E-07,0.000004
6.1258523E-07,0.000003
6.1263523E-07,0.000004
6.1268523E-07,0.000005
6.1273523E-07,0.000007
6.1278523E-07,0.000010
6.1283523E-07,0.000014
6.1288523E-07,0.000017
6.1293523E-07,0.000021
6.1298523E-07,0.000024
6.1303523E-07,0.000028
6.1308523E-07,0.000030
6.1313523E-07,0.000032
6.1318523E-07,0.000034
6.1323523E-07,0.000035
6.1328523E-07,0.000035
6.1333523E-07,0.000035
6.1338523E-07,0.000034
6.1343523E-07,0.000034
6.1348523E-07,0.000033
6.1353523E-07,0.000033
6.1358523E-07,0.000034
6.1363523E-07,0.000035
6.1368523E-07,0.000037
6.1373523E-07,0.000039
6.1378523E-07,0.000043
6.1383523E-07,0.000047
6.1388523E-07,0.000052
6.1393523E-07,0.000058
6.1398523E-07,0.000064
6.1403523E-07,0.000070
6.1408523E-07,0.000076
6.1413523E-07,0.000081
6.1418523E-07,0.000085
6.1423523E-07,0.000089
6.1428523E-07,0.000090
6.1433523E-07,0.000091
6.1438523E-07,0.000089
6.1443523E-07,0.000086
6.1448523E-07,0.000082
6.1453523E-07,0.000075
6.1458523E-07,0.000068
6.1463523E-07,0.000058
6.1468523E-07,0.000048
6.1473523E-07,0.000037
6.1478523E-07,0.000026
6.1483523E-07,0.000015
6.1488523E-07,0.000003
6.1493523E-07,-0.000008
6.1498523E-07,-0.000019
6.1503523E-07,-0.000029
6.1508523E-07,-0.000038
6.1513523E-07,-0.000047
6.1518523E-07,-0.000054
6.1523523E-07,-0.000061
6.1528523E-07,-0.000066
6.1533523E-07,-0.000071
6.1538523E-07,-0.000075
6.1543523E-07,-0.000079
6.1548523E-07,-0.000082
6.1553523E-07,-0.000084
6.1558523E-07,-0.000086
6.1563523E-07,-0.000087
6.1568523E-07,-0.000087
6.1573523E-07,-0.000087
6.1578523E-07,-0.000087
6.1583523E-07,-0.000085
6.1588523E-07,-0.000082
6.1593523E-07,-0.000079
6.1598523E-07,-0.000075
6.1603523E-07,-0.000069
6.1608523E-07,-0.000063
6.1613523E-07,-0.000056
6.1618523E-07,-0.000049
6.1623523E-07,-0.000040
6.1628523E-07,-0.000031
6.1633523E-07,-0.000022
6.1638523E-07,-0.000013
6.1643523E-07,-0.000005
6.1648523E-07,0.000003
6.1653523E-07,0.000011
6.1658523E-07,0.000017
6.1663523E-07,0.000023
6.1668523E-07,0.000027
6.1673523E-07,0.000030
6.1678523E-07,0.000031
6.1683523E-07,0.000031
6.1688523E-07,0.000029
6.1693523E-07,0.000027
6.1698523E-07,0.000023
6.1703523E-07,0.000019
6.1708523E-07,0.000014
6.1713523E-07,0.000008
6.1718523E-07,0.000003
6.1723523E-07,-0.000002
6.1728523E-07,-0.000007
6.1733523E-07,-0.000012
6.1738523E-07,-0.000015
6.1743523E-07,-0.000017
6.1748523E-07,-0.000019
6.1753523E-07,-0.000019
6.1758523E-07,-0.000018
6.1763523E-07,-0.000015
6.1768523E-07,-0.000012
6.1773523E-07,-0.000007
6.1778523E-07,-0.000001
6.1783523E-07,0.000006
6.1788523E-07,0.000014
6.1793523E-07,0.000023
6.1798523E-07,0.000032
6.1803523E-07,0.000041
6.1808523E-07,0.000051
6.1813523E-07,0.000061
6.1818523E-07,0.000071
6.1823523E-07,0.000080
6.1828523E-07,0.000089
6.1833523E-07,0.000096
6.1838523E-07,0.000103
6.1843523E-07,0.000109
6.1848523E-07,0.000113
6.1853523E-07,0.000115
6.1858523E-07,0.000116
6.1863523E-07,0.000115
6.1868523E-07,0.000112
6.1873523E-07,0.000107
6.1878523E-07,0.000100
6.1883523E-07,0.000092
6.1888523E-07,0.000082
6.1893523E-07,0.000071
6.1898523E-07,0.000058
6.1903523E-07,0.000045
6.1908523E-07,0.000031
6.1913523E-07,0.000018
6.1918523E-07,0.000004
6.1923523E-07,-0.000009
6.1928523E-07,-0.000022
6.1933523E-07,-0.000033
6.1938523E-07,-0.000043
6.1943523E-07,-0.000052
6.1948523E-07,-0.000060
6.1953523E-07,-0.000066
6.1958523E-07,-0.000071
6.1963523E-07,-0.000074
6.1968523E-07,-0.000076
6.1973523E-07,-0.000077
6.1978523E-07,-0.000077
6.1983523E-07,-0.000076
6.1988523E-07,-0.000075
6.1993523E-07,-0.000074
6.1998523E-07,-0.000072
6.2003523E-07,-0.000070
6.2008523E-07,-0.000068
6.2013523E-07,-0.000065
6.2018523E-07,-0.000063
6.2023523E-07,-0.000061
6.2028523E-07,-0.000058
6.2033523E-07,-0.000055
6.2038523E-07,-0.000052
6.2043523E-07,-0.000049
6.2048523E-07,-0.000045
6.2053523E-07,-0.000041
6.2058523E-07,-0.000036
6.2063523E-07,-0.000030
6.2068523E-07,-0.000025
6.2073523E-07,-0.000019
6.2078523E-07,-0.000012
6.2083523E-07,-0.000006
6.2088523E-07,0.000000
6.2093523E-07,0.000005
6.2098523E-07,0.000010
6.2103523E-07,0.000014
6.2108523E-07,0.000017
6.2113523E-07,0.000019
6.2118523E-07,0.000020
6.2123523E-07,0.000019
6.2128523E-07,0.000018
6.2133523E-07,0.000016
6.2138523E-07,0.000013
6.2143523E-07,0.000009
6.2148523E-07,0.000005
6.2153523E-07,0.000001
6.2158523E-07,-0.000003
6.2163523E-07,-0.000007
6.2168523E-07,-0.000011
6.2173523E-07,-0.000013
6.2178523E-07,-0.000015
6.2183523E-07,-0.000016
6.2188523E-07,-0.000016
6.2193523E-07,-0.000015
6.2198523E-07,-0.000014
6.2203523E-07,-0.000012
6.2208523E-07,-0.000009
6.2213523E-07,-0.000006
6.2218523E-07,-0.000004
6.2223523E-07,-0.000001
6.2228523E-07,0.000002
6.2233523E-07,0.000003
6.2238523E-07,0.000005
6.2243523E-07,0.000006
6.2248523E-07,0.000006
6.2253523E-07,0.000005
6.2258523E-07,0.000005
6.2263523E-07,0.000003
6.2268523E-07,0.000002
6.2273523E-07,0.000001
6.2278523E-07,-0.000001
6.2283523E-07,-0.000002
6.2288523E-07,-0.000002
6.2293523E-07,-0.000002
6.2298523E-07,-0.000001
6.2303523E-07,0.000001
6.2308523E-07,0.000003
6.2313523E-07,0.000006
6.2318523E-07,0.000010
6.2323523E-07,0.000014
6.2328523E-07,0.000018
6.2333523E-07,0.000023
6.2338523E-07,0.000028
6.2343523E-07,0.000032
6.2348523E-07,0.000037
6.2353523E-07,0.000041
6.2358523E-07,0.000045
6.2363523E-07,0.000048
6.2368523E-07,0.000051
6.2373523E-07,0.000054
6.2378523E-07,0.000057
6.2383523E-07,0.000060
6.2388523E-07,0.000063
6.2393523E-07,0.000067
6.2398523E-07,0.000071
6.2403523E-07,0.000076
6.2408523E-07,0.000081
6.2413523E-07,0.000088
6.2418523E-07,0.000095
6.2423523E-07,0.000103
6.2428523E-07,0.000112
6.2433523E-07,0.000122
6.2438523E-07,0.000132
6.2443523E-07,0.000143
6.2448523E-07,0.000153
6.2453523E-07,0.000164
6.2458523E-07,0.000174
6.2463523E-07,0.000184
6.2468523E-07,0.000192
6.2473523E-07,0.000200
6.2478523E-07,0.000206
6.2483523E-07,0.000211
6.2488523E-07,0.000214
6.2493523E-07,0.000216
6.2498523E-07,0.000215
6.2503523E-07,0.000213
6.2508523E-07,0.000209
6.2513523E-07,0.000203
6.2518523E-07,0.000196
6.2523523E-07,0.000187
6.2528523E-07,0.000176
6.2533523E-07,0.000164
6.2538523E-07,0.000152
6.2543523E-07,0.000138
6.2548523E-07,0.000123
6.2553523E-07,0.000108
6.2558523E-07,0.000092
6.2563523E-07,0.000077
6.2568523E-07,0.000061
6.2573523E-07,0.000046
6.2578523E-07,0.000031
6.2583523E-07,0.000017
6.2588523E-07,0.000003
6.2593523E-07,-0.000009
6.2598523E-07,-0.000021
6.2603523E-07,-0.000031
6.2608523E-07,-0.000039
6.2613523E-07,-0.000046
6.2618523E-07,-0.000052
6.2623523E-07,-0.000057
6.2628523E-07,-0.000060
6.2633523E-07,-0.000062
6.2638523E-07,-0.000063
6.2643523E-07,-0.000063
6.2648523E-07,-0.000062
6.2653523E-07,-0.000061
6.2658523E-07,-0.000059
6.2663523E-07,-0.000057
6.2668523E-07,-0.000055
6.2673523E-07,-0.000053
6.2678523E-07,-0.000051
6.2683523E-07,-0.000048
6.2688523E-07,-0.000046
6.2693523E-07,-0.000044
6.2698523E-07,-0.000041
6.2703523E-07,-0.000038
6.2708523E-07,-0.000035
6.2713523E-07,-0.000030
6.2718523E-07,-0.000025
6.2723523E-07,-0.000019
6.2728523E-07,-0.000011
6.2733523E-07,-0.000002
6.2738523E-07,0.000009
6.2743523E-07,0.000021
6.2748523E-07,0.000035
6.2753523E-07,0.000049
6.2758523E-07,0.000065
6.2763523E-07,0.000082
6.2768523E-07,0.000099
6.2773523E-07,0.000116
6.2778523E-07,0.000133
6.2783523E-07,0.000150
6.2788523E-07,0.000166
6.2793523E-07,0.000181
6.2798523E-07,0.000195
6.2803523E-07,0.000207
6.2808523E-07,0.000218
6.2813523E-07,0.000228
6.2818523E-07,0.000236
6.2823523E-07,0.000243
6.2828523E-07,0.000249
6.2833523E-07,0.000253
6.2838523E-07,0.000257
6.2843523E-07,0.000260
6.2848523E-07,0.000263
6.2853523E-07,0.000266
6.2858523E-07,0.000269
6.2863523E-07,0.000271
6.2868523E-07,0.000274
6.2873523E-07,0.000276
6.2878523E-07,0.000279
6.2883523E-07,0.000281
6.2888523E-07,0.000283
6.2893523E-07,0.000285
6.2898523E-07,0.000286
6.2903523E-07,0.000286
6.2908523E-07,0.000284
6.2913523E-07,0.000281
6.2918523E-07,0.000277
6.2923523E-07,0.000271
6.2928523E-07,0.000263
6.2933523E-07,0.000253
6.2938523E-07,0.000242
6.2943523E-07,0.000229
6.2948523E-07,0.000215
6.2953523E-07,0.000199
6.2958523E-07,0.000183
6.2963523E-07,0.000165
6.2968523E-07,0.000148
6.2973523E-07,0.000130
6.2978523E-07,0.000112
6.2983523E-07,0.000094
6.2988523E-07,0.000077
6.2993523E-07,0.000060
6.2998523E-07,0.000044
6.3003523E-07,0.000028
6.3008523E-07,0.000012
6.3013523E-07,-0.000002
6.3018523E-07,-0.000017
6.3023523E-07,-0.000031
6.3028523E-07,-0.000045
6.3033523E-07,-0.000058
6.3038523E-07,-0.000071
6.3043523E-07,-0.000084
6.3048523E-07,-0.000096
6.3053523E-07,-0.000109
6.3058523E-07,-0.000120
6.3063523E-07,-0.000132
6.3068523E-07,-0.000142
6.3073523E-07,-0.000152
6.3078523E-07,-0.000160
6.3083523E-07,-0.000167
6.3088523E-07,-0.000173
6.3093523E-07,-0.000178
6.3098523E-07,-0.000180
6.3103523E-07,-0.000182
6.3108523E-07,-0.000181
6.3113523E-07,-0.000179
6.3118523E-07,-0.000175
6.3123523E-07,-0.000170
6.3128523E-07,-0.000163
6.3133523E-07,-0.000156
6.3138523E-07,-0.000147
6.3143523E-07,-0.000137
6.3148523E-07,-0.000127
6.3153523E-07,-0.000117
6.3158523E-07,-0.000106
6.3163523E-07,-0.000095
6.3168523E-07,-0.000085
6.3173523E-07,-0.000074
6.3178523E-07,-0.000064
6.3183523E-07,-0.000055
6.3188523E-07,-0.000045
6.3193523E-07,-0.000037
6.3198523E-07,-0.000028
6.3203523E-07,-0.000021
6.3208523E-07,-0.000014
6.3213523E-07,-0.000007
6.3218523E-07,-0.000001
6.3223523E-07,0.000004
6.3228523E-07,0.000008
6.3233523E-07,0.000012
6.3238523E-07,0.000016
6.3243523E-07,0.000018
6.3248523E-07,0.000020
6.3253523E-07,0.000021
6.3258523E-07,0.000022
6.3263523E-07,0.000022
6.3268523E-07,0.000021
6.3273523E-07,0.000020
6.3278523E-07,0.000019
6.3283523E-07,0.000017
6.3288523E-07,0.000015
6.3293523E-07,0.000014
6.3298523E-07,0.000012
6.3303523E-07,0.000010
6.3308523E-07,0.000009
6.3313523E-07,0.000007
6.3318523E-07,0.000007
6.3323523E-07,0.000006
6.3328523E-07,0.000006
6.3333523E-07,0.000006
6.3338523E-07,0.000007
6.3343523E-07,0.000008
6.3348523E-07,0.000009
6.3353523E-07,0.000011
6.3358523E-07,0.000012
6.3363523E-07,0.000014
6.3368523E-07,0.000016
6.3373523E-07,0.000018
6.3378523E-07,0.000020
6.3383523E-07,0.000022
6.3388523E-07,0.000025
6.3393523E-07,0.000027
6.3398523E-07,0.000031
6.3403523E-07,0.000034
6.3408523E-07,0.000038
6.3413523E-07,0.000042
6.3418523E-07,0.000047
6.3423523E-07,0.000052
6.3428523E-07,0.000058
6.3433523E-07,0.000064
6.3438523E-07,0.000069
6.3443523E-07,0.000075
6.3448523E-07,0.000080
6.3453523E-07,0.000085
6.3458523E-07,0.000089
6.3463523E-07,0.000093
6.3468523E-07,0.000095
6.3473523E-07,0.000096
6.3478523E-07,0.000096
6.3483523E-07,0.000094
6.3488523E-07,0.000092
6.3493523E-07,0.000088
6.3498523E-07,0.000084
6.3503523E-07,0.000079
6.3508523E-07,0.000073
6.3513523E-07,0.000068
6.3518523E-07,0.000063
6.3523523E-07,0.000059
6.3528523E-07,0.000055
6.3533523E-07,0.000053
6.3538523E-07,0.000052
6.3543523E-07,0.000053
6.3548523E-07,0.000056
6.3553523E-07,0.000060
6.3558523E-07,0.000066
6.3563523E-07,0.000074
6.3568523E-07,0.000083
6.3573523E-07,0.000092
6.3578523E-07,0.000103
6.3583523E-07,0.000114
6.3588523E-07,0.000125
6.3593523E-07,0.000135
6.3598523E-07,0.000145
6.3603523E-07,0.000154
6.3608523E-07,0.000162
6.3613523E-07,0.000169
6.3618523E-07,0.000174
6.3623523E-07,0.000178
6.3628523E-07,0.000181
6.3633523E-07,0.000183
6.3638523E-07,0.000184
6.3643523E-07,0.000184
6.3648523E-07,0.000184
6.3653523E-07,0.000183
6.3658523E-07,0.000183
6.3663523E-07,0.000182
6.3668523E-07,0.000181
6.3673523E-07,0.000181
6.3678523E-07,0.000181
6.3683523E-07,0.000181
6.3688523E-07,0.000181
6.3693523E-07,0.000182
6.3698523E-07,0.000181
6.3703523E-07,0.000181
6.3708523E-07,0.000179
6.3713523E-07,0.000177
6.3718523E-07,0.000173
6.3723523E-07,0.000168
6.3728523E-07,0.000162
6.3733523E-07,0.000154
6.3738523E-07,0.000144
6.3743523E-07,0.000133
6.3748523E-07,0.000121
6.3753523E-07,0.000108
6.3758523E-07,0.000094
6.3763523E-07,0.000079
6.3768523E-07,0.000064
6.3773523E-07,0.000049
6.3778523E-07,0.000035
6.3783523E-07,0.000021
6.3788523E-07,0.000008
6.3793523E-07,-0.000004
6.3798523E-07,-0.000014
6.3803523E-07,-0.000023
6.3808523E-07,-0.000030
6.3813523E-07,-0.000035
6.3818523E-07,-0.000039
6.3823523E-07,-0.000041
6.3828523E-07,-0.000042
6.3833523E-07,-0.000041
6.3838523E-07,-0.000039
6.3843523E-07,-0.000036
6.3848523E-07,-0.000032
6.3853523E-07,-0.000027
6.3858523E-07,-0.000021
6.3863523E-07,-0.000015
6.3868523E-07,-0.000008
6.3873523E-07,-0.000001
6.3878523E-07,0.000007
6.3883523E-07,0.000014
6.3888523E-07,0.000022
6.3893523E-07,0.000031
6.3898523E-07,0.000039
6.3903523E-07,0.000048
6.3908523E-07,0.000056
6.3913523E-07,0.000064
6.3918523E-07,0.000073
6.3923523E-07,0.000081
6.3928523E-07,0.000089
6.3933523E-07,0.000097
6.3938523E-07,0.000104
6.3943523E-07,0.000111
6.3948523E-07,0.000117
6.3953523E-07,0.000123
6.3958523E-07,0.000129
6.3963523E-07,0.000134
6.3968523E-07,0.000138
6.3973523E-07,0.000142
6.3978523E-07,0.000145
6.3983523E-07,0.000148
6.3988523E-07,0.000150
6.3993523E-07,0.000152
6.3998523E-07,0.000154
6.4003523E-07,0.000155
6.4008523E-07,0.000156
6.4013523E-07,0.000157
6.4018523E-07,0.000157
6.4023523E-07,0.000157
6.4028523E-07,0.000157
6.4033523E-07,0.000157
6.4038523E-07,0.000156
6.4043523E-07,0.000154
6.4048523E-07,0.000153
6.4053523E-07,0.000151
6.4058523E-07,0.000149
6.4063523E-07,0.000146
6.4068523E-07,0.000144
6.4073523E-07,0.000141
6.4078523E-07,0.000139
6.4083523E-07,0.000136
6.4088523E-07,0.000134
6.4093523E-07,0.000132
6.4098523E-07,0.000131
6.4103523E-07,0.000130
6.4108523E-07,0.000129
6.4113523E-07,0.000130
6.4118523E-07,0.000131
6.4123523E-07,0.000132
6.4128523E-07,0.000134
6.4133523E-07,0.000137
6.4138523E-07,0.000140
6.4143523E-07,0.000143
6.4148523E-07,0.000147
6.4153523E-07,0.000150
6.4158523E-07,0.000154
6.4163523E-07,0.000158
6.4168523E-07,0.000161
6.4173523E-07,0.000165
6.4178523E-07,0.000168
6.4183523E-07,0.000171
6.4188523E-07,0.000175
6.4193523E-07,0.000178
6.4198523E-07,0.000182
6.4203523E-07,0.000186
6.4208523E-07,0.000190
6.4213523E-07,0.000196
6.4218523E-07,0.000202
6.4223523E-07,0.000208
6.4228523E-07,0.000216
6.4233523E-07,0.000224
6.4238523E-07,0.000234
6.4243523E-07,0.000243
6.4248523E-07,0.000253
6.4253523E-07,0.000264
6.4258523E-07,0.000274
6.4263523E-07,0.000285
6.4268523E-07,0.000295
6.4273523E-07,0.000304
6.4278523E-07,0.000313
6.4283523E-07,0.000320
6.4288523E-07,0.000327
6.4293523E-07,0.000332
6.4298523E-07,0.000336
6.4303523E-07,0.000339
6.4308523E-07,0.000341
6.4313523E-07,0.000342
6.4318523E-07,0.000341
6.4323523E-07,0.000340
6.4328523E-07,0.000338
6.4333523E-07,0.000335
6.4338523E-07,0.000333
6.4343523E-07,0.000329
6.4348523E-07,0.000326
6.4353523E-07,0.000322
6.4358523E-07,0.000319
6.4363523E-07,0.000315
6.4368523E-07,0.000311
6.4373523E-07,0.000307
6.4378523E-07,0.000302
6.4383523E-07,0.000297
6.4388523E-07,0.000291
6.4393523E-07,0.000285
6.4398523E-07,0.000277
6.4403523E-07,0.000269
6.4408523E-07,0.000260
6.4413523E-07,0.000251
6.4418523E-07,0.000241
6.4423523E-07,0.000230
6.4428523E-07,0.000218
6.4433523E-07,0.000207
6.4438523E-07,0.000195
6.4443523E-07,0.000184
6.4448523E-07,0.000173
6.4453523E-07,0.000163
6.4458523E-07,0.000153
6.4463523E-07,0.000145
6.4468523E-07,0.000138
6.4473523E-07,0.000132
6.4478523E-07,0.000127
6.4483523E-07,0.000123
6.4488523E-07,0.000121
6.4493523E-07,0.000119
6.4498523E-07,0.000119
6.4503523E-07,0.000119
6.4508523E-07,0.000120
6.4513523E-07,0.000122
6.4518523E-07,0.000124
6.4523523E-07,0.000126
6.4528523E-07,0.000129
6.4533523E-07,0.000131
6.4538523E-07,0.000134
6.4543523E-07,0.000136
6.4548523E-07,0.000139
6.4553523E-07,0.000142
6.4558523E-07,0.000145
6.4563523E-07,0.000148
6.4568523E-07,0.000152
6.4573523E-07,0.000156
6.4578523E-07,0.000160
6.4583523E-07,0.000165
6.4588523E-07,0.000170
6.4593523E-07,0.000175
6.4598523E-07,0.000181
6.4603523E-07,0.000186
6.4608523E-07,0.000192
6.4613523E-07,0.000197
6.4618523E-07,0.000202
6.4623523E-07,0.000207
6.4628523E-07,0.000210
6.4633523E-07,0.000213
6.4638523E-07,0.000215
6.4643523E-07,0.000215
6.4648523E-07,0.000214
6.4653523E-07,0.000212
6.4658523E-07,0.000209
6.4663523E-07,0.000204
6.4668523E-07,0.000198
6.4673523E-07,0.000191
6.4678523E-07,0.000183
6.4683523E-07,0.000174
6.4688523E-07,0.000165
6.4693523E-07,0.000156
6.4698523E-07,0.000146
6.4703523E-07,0.000137
6.4708523E-07,0.000127
6.4713523E-07,0.000119
6.4718523E-07,0.000110
6.4723523E-07,0.000103
6.4728523E-07,0.000096
6.4733523E-07,0.000090
6.4738523E-07,0.000084
6.4743523E-07,0.000080
6.4748523E-07,0.000076
6.4753523E-07,0.000073
6.4758523E-07,0.000070
6.4763523E-07,0.000068
6.4768523E-07,0.000066
6.4773523E-07,0.000065
6.4778523E-07,0.000064
6.4783523E-07,0.000063
6.4788523E-07,0.000062
6.4793523E-07,0.000061
6.4798523E-07,0.000060
6.4803523E-07,0.000059
6.4808523E-07,0.000057
6.4813523E-07,0.000055
6.4818523E-07,0.000053
6.4823523E-07,0.000050
6.4828523E-07,0.000047
6.4833523E-07,0.000044
6.4838523E-07,0.000040
6.4843523E-07,0.000035
6.4848523E-07,0.000031
6.4853523E-07,0.000026
6.4858523E-07,0.000022
6.4863523E-07,0.000017
6.4868523E-07,0.000012
6.4873523E-07,0.000008
6.4878523E-07,0.000003
6.4883523E-07,0.000000
6.4888523E-07,-0.000004
6.4893523E-07,-0.000006
6.4898523E-07,-0.000009
6.4903523E-07,-0.000010
6.4908523E-07,-0.000011
6.4913523E-07,-0.000012
6.4918523E-07,-0.000012
6.4923523E-07,-0.000012
6.4928523E-07,-0.000013
6.4933523E-07,-0.000013
6.4938523E-07,-0.000013
6.4943523E-07,-0.000015
6.4948523E-07,-0.000016
6.4953523E-07,-0.000019
6.4958523E-07,-0.000023
6.4963523E-07,-0.000027
6.4968523E-07,-0.000033
6.4973523E-07,-0.000040
6.4978523E-07,-0.000047
6.4983523E-07,-0.000056
6.4988523E-07,-0.000065
6.4993523E-07,-0.000074
6.4998523E-07,-0.000083
6.5003523E-07,-0.000093
6.5008523E-07,-0.000102
6.5013523E-07,-0.000110
6.5018523E-07,-0.000117
6.5023523E-07,-0.000123
6.5028523E-07,-0.000128
6.5033523E-07,-0.000131
6.5038523E-07,-0.000132
6.5043523E-07,-0.000132
6.5048523E-07,-0.000130
6.5053523E-07,-0.000127
6.5058523E-07,-0.000122
6.5063523E-07,-0.000116
6.5068523E-07,-0.000109
6.5073523E-07,-0.000102
6.5078523E-07,-0.000093
6.5083523E-07,-0.000085
6.5088523E-07,-0.000076
6.5093523E-07,-0.000067
6.5098523E-07,-0.000057
6.5103523E-07,-0.000048
6.5108523E-07,-0.000040
6.5113523E-07,-0.000031
6.5118523E-07,-0.000022
6.5123523E-07,-0.000013
6.5128523E-07,-0.000004
6.5133523E-07,0.000005
6.5138523E-07,0.000014
6.5143523E-07,0.000024
6.5148523E-07,0.000034
6.5153523E-07,0.000044
6.5158523E-07,0.000055
6.5163523E-07,0.000066
6.5168523E-07,0.000076
6.5173523E-07,0.000087
6.5178523E-07,0.000098
6.5183523E-07,0.000108
6.5188523E-07,0.000117
6.5193523E-07,0.000126
6.5198523E-07,0.000134
6.5203523E-07,0.000141
6.5208523E-07,0.000147
6.5213523E-07,0.000151
6.5218523E-07,0.000155
6.5223523E-07,0.000158
6.5228523E-07,0.000160
6.5233523E-07,0.000161
6.5238523E-07,0.000162
6.5243523E-07,0.000162
6.5248523E-07,0.000163
6.5253523E-07,0.000165
6.5258523E-07,0.000167
6.5263523E-07,0.000170
6.5268523E-07,0.000175
6.5273523E-07,0.000181
6.5278523E-07,0.000188
6.5283523E-07,0.000197
6.5288523E-07,0.000208
6.5293523E-07,0.000220
6.5298523E-07,0.000234
6.5303523E-07,0.000250
6.5308523E-07,0.000266
6.5313523E-07,0.000284
6.5318523E-07,0.000303
6.5323523E-07,0.000323
6.5328523E-07,0.000344
6.5333523E-07,0.000365
6.5338523E-07,0.000387
6.5343523E-07,0.000410
6.5348523E-07,0.000435
6.5353523E-07,0.000460
6.5358523E-07,0.000487
6.5363523E-07,0.000515
6.5368523E-07,0.000546
6.5373523E-07,0.000579
6.5378523E-07,0.000614
6.5383523E-07,0.000652
6.5388523E-07,0.000694
6.5393523E-07,0.000738
6.5398523E-07,0.000786
6.5403523E-07,0.000838
6.5408523E-07,0.000893
6.5413523E-07,0.000951
6.5418523E-07,0.001012
6.5423523E-07,0.001076
6.5428523E-07,0.001143
6.5433523E-07,0.001211
6.5438523E-07,0.001280
