LECROYWaveRunner‘N,20113,Waveform
Segments,1,SegmentSize,4002
Segment,TrigTime,TimeSinceSegment1
#1,12-Dec-2018 11:38:14,0                 
Time,Ampl
4.5694568E-07,-0.010136
4.5699568E-07,-0.010121
4.5704568E-07,-0.010106
4.5709568E-07,-0.010093
4.5714568E-07,-0.010081
4.5719568E-07,-0.010070
4.5724568E-07,-0.010060
4.5729568E-07,-0.010052
4.5734568E-07,-0.010044
4.5739568E-07,-0.010038
4.5744568E-07,-0.010034
4.5749568E-07,-0.010030
4.5754568E-07,-0.010028
4.5759568E-07,-0.010027
4.5764568E-07,-0.010026
4.5769568E-07,-0.010026
4.5774568E-07,-0.010027
4.5779568E-07,-0.010028
4.5784568E-07,-0.010030
4.5789568E-07,-0.010032
4.5794568E-07,-0.010033
4.5799568E-07,-0.010035
4.5804568E-07,-0.010037
4.5809568E-07,-0.010038
4.5814568E-07,-0.010040
4.5819568E-07,-0.010041
4.5824568E-07,-0.010042
4.5829568E-07,-0.010043
4.5834568E-07,-0.010044
4.5839568E-07,-0.010045
4.5844568E-07,-0.010046
4.5849568E-07,-0.010048
4.5854568E-07,-0.010050
4.5859568E-07,-0.010052
4.5864568E-07,-0.010055
4.5869568E-07,-0.010059
4.5874568E-07,-0.010063
4.5879568E-07,-0.010068
4.5884568E-07,-0.010074
4.5889568E-07,-0.010081
4.5894568E-07,-0.010089
4.5899568E-07,-0.010097
4.5904568E-07,-0.010107
4.5909568E-07,-0.010117
4.5914568E-07,-0.010127
4.5919568E-07,-0.010138
4.5924568E-07,-0.010150
4.5929568E-07,-0.010161
4.5934568E-07,-0.010173
4.5939568E-07,-0.010184
4.5944568E-07,-0.010195
4.5949568E-07,-0.010206
4.5954568E-07,-0.010216
4.5959568E-07,-0.010226
4.5964568E-07,-0.010234
4.5969568E-07,-0.010242
4.5974568E-07,-0.010249
4.5979568E-07,-0.010255
4.5984568E-07,-0.010260
4.5989568E-07,-0.010265
4.5994568E-07,-0.010268
4.5999568E-07,-0.010271
4.6004568E-07,-0.010274
4.6009568E-07,-0.010276
4.6014568E-07,-0.010278
4.6019568E-07,-0.010279
4.6024568E-07,-0.010280
4.6029568E-07,-0.010282
4.6034568E-07,-0.010283
4.6039568E-07,-0.010285
4.6044568E-07,-0.010287
4.6049568E-07,-0.010288
4.6054568E-07,-0.010290
4.6059568E-07,-0.010292
4.6064568E-07,-0.010295
4.6069568E-07,-0.010297
4.6074568E-07,-0.010299
4.6079568E-07,-0.010300
4.6084568E-07,-0.010302
4.6089568E-07,-0.010303
4.6094568E-07,-0.010304
4.6099568E-07,-0.010305
4.6104568E-07,-0.010305
4.6109568E-07,-0.010306
4.6114568E-07,-0.010305
4.6119568E-07,-0.010305
4.6124568E-07,-0.010304
4.6129568E-07,-0.010304
4.6134568E-07,-0.010303
4.6139568E-07,-0.010303
4.6144568E-07,-0.010303
4.6149568E-07,-0.010303
4.6154568E-07,-0.010303
4.6159568E-07,-0.010303
4.6164568E-07,-0.010304
4.6169568E-07,-0.010305
4.6174568E-07,-0.010307
4.6179568E-07,-0.010308
4.6184568E-07,-0.010310
4.6189568E-07,-0.010312
4.6194568E-07,-0.010313
4.6199568E-07,-0.010315
4.6204568E-07,-0.010316
4.6209568E-07,-0.010317
4.6214568E-07,-0.010317
4.6219568E-07,-0.010318
4.6224568E-07,-0.010318
4.6229568E-07,-0.010318
4.6234568E-07,-0.010318
4.6239568E-07,-0.010318
4.6244568E-07,-0.010318
4.6249568E-07,-0.010319
4.6254568E-07,-0.010320
4.6259568E-07,-0.010322
4.6264568E-07,-0.010324
4.6269568E-07,-0.010328
4.6274568E-07,-0.010332
4.6279568E-07,-0.010337
4.6284568E-07,-0.010344
4.6289568E-07,-0.010351
4.6294568E-07,-0.010359
4.6299568E-07,-0.010368
4.6304568E-07,-0.010377
4.6309568E-07,-0.010387
4.6314568E-07,-0.010397
4.6319568E-07,-0.010407
4.6324568E-07,-0.010417
4.6329568E-07,-0.010426
4.6334568E-07,-0.010435
4.6339568E-07,-0.010442
4.6344568E-07,-0.010449
4.6349568E-07,-0.010455
4.6354568E-07,-0.010459
4.6359568E-07,-0.010462
4.6364568E-07,-0.010464
4.6369568E-07,-0.010464
4.6374568E-07,-0.010464
4.6379568E-07,-0.010462
4.6384568E-07,-0.010459
4.6389568E-07,-0.010454
4.6394568E-07,-0.010449
4.6399568E-07,-0.010443
4.6404568E-07,-0.010436
4.6409568E-07,-0.010429
4.6414568E-07,-0.010421
4.6419568E-07,-0.010412
4.6424568E-07,-0.010402
4.6429568E-07,-0.010391
4.6434568E-07,-0.010380
4.6439568E-07,-0.010369
4.6444568E-07,-0.010356
4.6449568E-07,-0.010343
4.6454568E-07,-0.010329
4.6459568E-07,-0.010314
4.6464568E-07,-0.010299
4.6469568E-07,-0.010283
4.6474568E-07,-0.010266
4.6479568E-07,-0.010249
4.6484568E-07,-0.010232
4.6489568E-07,-0.010215
4.6494568E-07,-0.010197
4.6499568E-07,-0.010180
4.6504568E-07,-0.010164
4.6509568E-07,-0.010148
4.6514568E-07,-0.010133
4.6519568E-07,-0.010119
4.6524568E-07,-0.010106
4.6529568E-07,-0.010095
4.6534568E-07,-0.010086
4.6539568E-07,-0.010078
4.6544568E-07,-0.010073
4.6549568E-07,-0.010069
4.6554568E-07,-0.010067
4.6559568E-07,-0.010068
4.6564568E-07,-0.010070
4.6569568E-07,-0.010073
4.6574568E-07,-0.010078
4.6579568E-07,-0.010085
4.6584568E-07,-0.010093
4.6589568E-07,-0.010101
4.6594568E-07,-0.010111
4.6599568E-07,-0.010120
4.6604568E-07,-0.010130
4.6609568E-07,-0.010140
4.6614568E-07,-0.010149
4.6619568E-07,-0.010157
4.6624568E-07,-0.010165
4.6629568E-07,-0.010172
4.6634568E-07,-0.010178
4.6639568E-07,-0.010182
4.6644568E-07,-0.010186
4.6649568E-07,-0.010188
4.6654568E-07,-0.010188
4.6659568E-07,-0.010188
4.6664568E-07,-0.010186
4.6669568E-07,-0.010184
4.6674568E-07,-0.010181
4.6679568E-07,-0.010177
4.6684568E-07,-0.010172
4.6689568E-07,-0.010168
4.6694568E-07,-0.010163
4.6699568E-07,-0.010158
4.6704568E-07,-0.010154
4.6709568E-07,-0.010150
4.6714568E-07,-0.010146
4.6719568E-07,-0.010143
4.6724568E-07,-0.010141
4.6729568E-07,-0.010139
4.6734568E-07,-0.010138
4.6739568E-07,-0.010137
4.6744568E-07,-0.010137
4.6749568E-07,-0.010137
4.6754568E-07,-0.010138
4.6759568E-07,-0.010139
4.6764568E-07,-0.010140
4.6769568E-07,-0.010140
4.6774568E-07,-0.010141
4.6779568E-07,-0.010141
4.6784568E-07,-0.010141
4.6789568E-07,-0.010141
4.6794568E-07,-0.010140
4.6799568E-07,-0.010139
4.6804568E-07,-0.010138
4.6809568E-07,-0.010137
4.6814568E-07,-0.010136
4.6819568E-07,-0.010135
4.6824568E-07,-0.010134
4.6829568E-07,-0.010134
4.6834568E-07,-0.010134
4.6839568E-07,-0.010134
4.6844568E-07,-0.010135
4.6849568E-07,-0.010136
4.6854568E-07,-0.010138
4.6859568E-07,-0.010141
4.6864568E-07,-0.010144
4.6869568E-07,-0.010148
4.6874568E-07,-0.010151
4.6879568E-07,-0.010155
4.6884568E-07,-0.010160
4.6889568E-07,-0.010164
4.6894568E-07,-0.010167
4.6899568E-07,-0.010171
4.6904568E-07,-0.010174
4.6909568E-07,-0.010177
4.6914568E-07,-0.010179
4.6919568E-07,-0.010180
4.6924568E-07,-0.010181
4.6929568E-07,-0.010182
4.6934568E-07,-0.010182
4.6939568E-07,-0.010182
4.6944568E-07,-0.010181
4.6949568E-07,-0.010180
4.6954568E-07,-0.010179
4.6959568E-07,-0.010178
4.6964568E-07,-0.010177
4.6969568E-07,-0.010176
4.6974568E-07,-0.010175
4.6979568E-07,-0.010174
4.6984568E-07,-0.010173
4.6989568E-07,-0.010172
4.6994568E-07,-0.010171
4.6999568E-07,-0.010170
4.7004568E-07,-0.010170
4.7009568E-07,-0.010169
4.7014568E-07,-0.010167
4.7019568E-07,-0.010166
4.7024568E-07,-0.010164
4.7029568E-07,-0.010162
4.7034568E-07,-0.010160
4.7039568E-07,-0.010158
4.7044568E-07,-0.010155
4.7049568E-07,-0.010153
4.7054568E-07,-0.010150
4.7059568E-07,-0.010147
4.7064568E-07,-0.010144
4.7069568E-07,-0.010141
4.7074568E-07,-0.010139
4.7079568E-07,-0.010136
4.7084568E-07,-0.010133
4.7089568E-07,-0.010131
4.7094568E-07,-0.010129
4.7099568E-07,-0.010126
4.7104568E-07,-0.010124
4.7109568E-07,-0.010122
4.7114568E-07,-0.010119
4.7119568E-07,-0.010116
4.7124568E-07,-0.010113
4.7129568E-07,-0.010110
4.7134568E-07,-0.010107
4.7139568E-07,-0.010103
4.7144568E-07,-0.010099
4.7149568E-07,-0.010095
4.7154568E-07,-0.010090
4.7159568E-07,-0.010086
4.7164568E-07,-0.010082
4.7169568E-07,-0.010078
4.7174568E-07,-0.010075
4.7179568E-07,-0.010073
4.7184568E-07,-0.010072
4.7189568E-07,-0.010071
4.7194568E-07,-0.010072
4.7199568E-07,-0.010074
4.7204568E-07,-0.010078
4.7209568E-07,-0.010083
4.7214568E-07,-0.010089
4.7219568E-07,-0.010097
4.7224568E-07,-0.010106
4.7229568E-07,-0.010116
4.7234568E-07,-0.010127
4.7239568E-07,-0.010138
4.7244568E-07,-0.010150
4.7249568E-07,-0.010162
4.7254568E-07,-0.010174
4.7259568E-07,-0.010185
4.7264568E-07,-0.010196
4.7269568E-07,-0.010206
4.7274568E-07,-0.010214
4.7279568E-07,-0.010222
4.7284568E-07,-0.010228
4.7289568E-07,-0.010233
4.7294568E-07,-0.010236
4.7299568E-07,-0.010237
4.7304568E-07,-0.010238
4.7309568E-07,-0.010237
4.7314568E-07,-0.010234
4.7319568E-07,-0.010231
4.7324568E-07,-0.010227
4.7329568E-07,-0.010223
4.7334568E-07,-0.010218
4.7339568E-07,-0.010213
4.7344568E-07,-0.010208
4.7349568E-07,-0.010203
4.7354568E-07,-0.010198
4.7359568E-07,-0.010194
4.7364568E-07,-0.010190
4.7369568E-07,-0.010186
4.7374568E-07,-0.010183
4.7379568E-07,-0.010180
4.7384568E-07,-0.010178
4.7389568E-07,-0.010176
4.7394568E-07,-0.010174
4.7399568E-07,-0.010173
4.7404568E-07,-0.010171
4.7409568E-07,-0.010169
4.7414568E-07,-0.010167
4.7419568E-07,-0.010165
4.7424568E-07,-0.010162
4.7429568E-07,-0.010159
4.7434568E-07,-0.010156
4.7439568E-07,-0.010152
4.7444568E-07,-0.010148
4.7449568E-07,-0.010144
4.7454568E-07,-0.010140
4.7459568E-07,-0.010136
4.7464568E-07,-0.010132
4.7469568E-07,-0.010128
4.7474568E-07,-0.010124
4.7479568E-07,-0.010121
4.7484568E-07,-0.010119
4.7489568E-07,-0.010117
4.7494568E-07,-0.010116
4.7499568E-07,-0.010117
4.7504568E-07,-0.010118
4.7509568E-07,-0.010119
4.7514568E-07,-0.010122
4.7519568E-07,-0.010126
4.7524568E-07,-0.010130
4.7529568E-07,-0.010135
4.7534568E-07,-0.010141
4.7539568E-07,-0.010147
4.7544568E-07,-0.010153
4.7549568E-07,-0.010159
4.7554568E-07,-0.010166
4.7559568E-07,-0.010172
4.7564568E-07,-0.010178
4.7569568E-07,-0.010184
4.7574568E-07,-0.010190
4.7579568E-07,-0.010195
4.7584568E-07,-0.010200
4.7589568E-07,-0.010205
4.7594568E-07,-0.010210
4.7599568E-07,-0.010214
4.7604568E-07,-0.010218
4.7609568E-07,-0.010221
4.7614568E-07,-0.010225
4.7619568E-07,-0.010228
4.7624568E-07,-0.010231
4.7629568E-07,-0.010235
4.7634568E-07,-0.010238
4.7639568E-07,-0.010241
4.7644568E-07,-0.010244
4.7649568E-07,-0.010247
4.7654568E-07,-0.010250
4.7659568E-07,-0.010252
4.7664568E-07,-0.010254
4.7669568E-07,-0.010256
4.7674568E-07,-0.010258
4.7679568E-07,-0.010259
4.7684568E-07,-0.010259
4.7689568E-07,-0.010259
4.7694568E-07,-0.010259
4.7699568E-07,-0.010258
4.7704568E-07,-0.010256
4.7709568E-07,-0.010254
4.7714568E-07,-0.010251
4.7719568E-07,-0.010249
4.7724568E-07,-0.010246
4.7729568E-07,-0.010243
4.7734568E-07,-0.010240
4.7739568E-07,-0.010237
4.7744568E-07,-0.010234
4.7749568E-07,-0.010232
4.7754568E-07,-0.010231
4.7759568E-07,-0.010230
4.7764568E-07,-0.010229
4.7769568E-07,-0.010229
4.7774568E-07,-0.010229
4.7779568E-07,-0.010230
4.7784568E-07,-0.010231
4.7789568E-07,-0.010232
4.7794568E-07,-0.010233
4.7799568E-07,-0.010234
4.7804568E-07,-0.010235
4.7809568E-07,-0.010235
4.7814568E-07,-0.010234
4.7819568E-07,-0.010234
4.7824568E-07,-0.010232
4.7829568E-07,-0.010229
4.7834568E-07,-0.010226
4.7839568E-07,-0.010222
4.7844568E-07,-0.010218
4.7849568E-07,-0.010213
4.7854568E-07,-0.010207
4.7859568E-07,-0.010201
4.7864568E-07,-0.010195
4.7869568E-07,-0.010189
4.7874568E-07,-0.010183
4.7879568E-07,-0.010177
4.7884568E-07,-0.010171
4.7889568E-07,-0.010166
4.7894568E-07,-0.010162
4.7899568E-07,-0.010158
4.7904568E-07,-0.010155
4.7909568E-07,-0.010152
4.7914568E-07,-0.010150
4.7919568E-07,-0.010148
4.7924568E-07,-0.010147
4.7929568E-07,-0.010147
4.7934568E-07,-0.010146
4.7939568E-07,-0.010146
4.7944568E-07,-0.010146
4.7949568E-07,-0.010146
4.7954568E-07,-0.010146
4.7959568E-07,-0.010146
4.7964568E-07,-0.010146
4.7969568E-07,-0.010146
4.7974568E-07,-0.010145
4.7979568E-07,-0.010145
4.7984568E-07,-0.010145
4.7989568E-07,-0.010145
4.7994568E-07,-0.010145
4.7999568E-07,-0.010145
4.8004568E-07,-0.010145
4.8009568E-07,-0.010145
4.8014568E-07,-0.010145
4.8019568E-07,-0.010145
4.8024568E-07,-0.010146
4.8029568E-07,-0.010146
4.8034568E-07,-0.010146
4.8039568E-07,-0.010145
4.8044568E-07,-0.010145
4.8049568E-07,-0.010144
4.8054568E-07,-0.010143
4.8059568E-07,-0.010142
4.8064568E-07,-0.010141
4.8069568E-07,-0.010139
4.8074568E-07,-0.010137
4.8079568E-07,-0.010135
4.8084568E-07,-0.010132
4.8089568E-07,-0.010130
4.8094568E-07,-0.010128
4.8099568E-07,-0.010127
4.8104568E-07,-0.010126
4.8109568E-07,-0.010125
4.8114568E-07,-0.010126
4.8119568E-07,-0.010127
4.8124568E-07,-0.010129
4.8129568E-07,-0.010133
4.8134568E-07,-0.010137
4.8139568E-07,-0.010143
4.8144568E-07,-0.010150
4.8149568E-07,-0.010158
4.8154568E-07,-0.010166
4.8159568E-07,-0.010176
4.8164568E-07,-0.010187
4.8169568E-07,-0.010198
4.8174568E-07,-0.010209
4.8179568E-07,-0.010221
4.8184568E-07,-0.010233
4.8189568E-07,-0.010244
4.8194568E-07,-0.010256
4.8199568E-07,-0.010267
4.8204568E-07,-0.010278
4.8209568E-07,-0.010288
4.8214568E-07,-0.010298
4.8219568E-07,-0.010307
4.8224568E-07,-0.010316
4.8229568E-07,-0.010324
4.8234568E-07,-0.010331
4.8239568E-07,-0.010337
4.8244568E-07,-0.010344
4.8249568E-07,-0.010349
4.8254568E-07,-0.010355
4.8259568E-07,-0.010360
4.8264568E-07,-0.010365
4.8269568E-07,-0.010370
4.8274568E-07,-0.010374
4.8279568E-07,-0.010379
4.8284568E-07,-0.010383
4.8289568E-07,-0.010388
4.8294568E-07,-0.010392
4.8299568E-07,-0.010396
4.8304568E-07,-0.010400
4.8309568E-07,-0.010404
4.8314568E-07,-0.010408
4.8319568E-07,-0.010411
4.8324568E-07,-0.010413
4.8329568E-07,-0.010415
4.8334568E-07,-0.010416
4.8339568E-07,-0.010417
4.8344568E-07,-0.010416
4.8349568E-07,-0.010415
4.8354568E-07,-0.010413
4.8359568E-07,-0.010410
4.8364568E-07,-0.010406
4.8369568E-07,-0.010400
4.8374568E-07,-0.010394
4.8379568E-07,-0.010387
4.8384568E-07,-0.010380
4.8389568E-07,-0.010372
4.8394568E-07,-0.010363
4.8399568E-07,-0.010354
4.8404568E-07,-0.010345
4.8409568E-07,-0.010336
4.8414568E-07,-0.010327
4.8419568E-07,-0.010318
4.8424568E-07,-0.010310
4.8429568E-07,-0.010302
4.8434568E-07,-0.010295
4.8439568E-07,-0.010288
4.8444568E-07,-0.010282
4.8449568E-07,-0.010277
4.8454568E-07,-0.010273
4.8459568E-07,-0.010269
4.8464568E-07,-0.010266
4.8469568E-07,-0.010263
4.8474568E-07,-0.010261
4.8479568E-07,-0.010259
4.8484568E-07,-0.010257
4.8489568E-07,-0.010255
4.8494568E-07,-0.010254
4.8499568E-07,-0.010252
4.8504568E-07,-0.010250
4.8509568E-07,-0.010248
4.8514568E-07,-0.010246
4.8519568E-07,-0.010244
4.8524568E-07,-0.010242
4.8529568E-07,-0.010240
4.8534568E-07,-0.010238
4.8539568E-07,-0.010235
4.8544568E-07,-0.010233
4.8549568E-07,-0.010232
4.8554568E-07,-0.010230
4.8559568E-07,-0.010229
4.8564568E-07,-0.010227
4.8569568E-07,-0.010226
4.8574568E-07,-0.010225
4.8579568E-07,-0.010224
4.8584568E-07,-0.010223
4.8589568E-07,-0.010222
4.8594568E-07,-0.010221
4.8599568E-07,-0.010219
4.8604568E-07,-0.010217
4.8609568E-07,-0.010214
4.8614568E-07,-0.010210
4.8619568E-07,-0.010206
4.8624568E-07,-0.010202
4.8629568E-07,-0.010197
4.8634568E-07,-0.010191
4.8639568E-07,-0.010185
4.8644568E-07,-0.010178
4.8649568E-07,-0.010172
4.8654568E-07,-0.010165
4.8659568E-07,-0.010159
4.8664568E-07,-0.010153
4.8669568E-07,-0.010147
4.8674568E-07,-0.010142
4.8679568E-07,-0.010138
4.8684568E-07,-0.010134
4.8689568E-07,-0.010132
4.8694568E-07,-0.010130
4.8699568E-07,-0.010129
4.8704568E-07,-0.010129
4.8709568E-07,-0.010130
4.8714568E-07,-0.010131
4.8719568E-07,-0.010132
4.8724568E-07,-0.010134
4.8729568E-07,-0.010135
4.8734568E-07,-0.010137
4.8739568E-07,-0.010137
4.8744568E-07,-0.010138
4.8749568E-07,-0.010138
4.8754568E-07,-0.010137
4.8759568E-07,-0.010135
4.8764568E-07,-0.010133
4.8769568E-07,-0.010130
4.8774568E-07,-0.010127
4.8779568E-07,-0.010123
4.8784568E-07,-0.010119
4.8789568E-07,-0.010115
4.8794568E-07,-0.010111
4.8799568E-07,-0.010107
4.8804568E-07,-0.010104
4.8809568E-07,-0.010101
4.8814568E-07,-0.010098
4.8819568E-07,-0.010097
4.8824568E-07,-0.010096
4.8829568E-07,-0.010095
4.8834568E-07,-0.010096
4.8839568E-07,-0.010097
4.8844568E-07,-0.010099
4.8849568E-07,-0.010101
4.8854568E-07,-0.010103
4.8859568E-07,-0.010105
4.8864568E-07,-0.010107
4.8869568E-07,-0.010109
4.8874568E-07,-0.010111
4.8879568E-07,-0.010112
4.8884568E-07,-0.010113
4.8889568E-07,-0.010114
4.8894568E-07,-0.010114
4.8899568E-07,-0.010114
4.8904568E-07,-0.010113
4.8909568E-07,-0.010113
4.8914568E-07,-0.010112
4.8919568E-07,-0.010113
4.8924568E-07,-0.010113
4.8929568E-07,-0.010115
4.8934568E-07,-0.010117
4.8939568E-07,-0.010121
4.8944568E-07,-0.010126
4.8949568E-07,-0.010133
4.8954568E-07,-0.010141
4.8959568E-07,-0.010151
4.8964568E-07,-0.010163
4.8969568E-07,-0.010176
4.8974568E-07,-0.010190
4.8979568E-07,-0.010205
4.8984568E-07,-0.010222
4.8989568E-07,-0.010239
4.8994568E-07,-0.010256
4.8999568E-07,-0.010274
4.9004568E-07,-0.010291
4.9009568E-07,-0.010308
4.9014568E-07,-0.010324
4.9019568E-07,-0.010340
4.9024568E-07,-0.010354
4.9029568E-07,-0.010367
4.9034568E-07,-0.010379
4.9039568E-07,-0.010390
4.9044568E-07,-0.010399
4.9049568E-07,-0.010408
4.9054568E-07,-0.010415
4.9059568E-07,-0.010421
4.9064568E-07,-0.010426
4.9069568E-07,-0.010431
4.9074568E-07,-0.010435
4.9079568E-07,-0.010439
4.9084568E-07,-0.010443
4.9089568E-07,-0.010447
4.9094568E-07,-0.010451
4.9099568E-07,-0.010455
4.9104568E-07,-0.010459
4.9109568E-07,-0.010464
4.9114568E-07,-0.010468
4.9119568E-07,-0.010473
4.9124568E-07,-0.010477
4.9129568E-07,-0.010481
4.9134568E-07,-0.010484
4.9139568E-07,-0.010488
4.9144568E-07,-0.010490
4.9149568E-07,-0.010491
4.9154568E-07,-0.010492
4.9159568E-07,-0.010491
4.9164568E-07,-0.010490
4.9169568E-07,-0.010487
4.9174568E-07,-0.010484
4.9179568E-07,-0.010480
4.9184568E-07,-0.010475
4.9189568E-07,-0.010470
4.9194568E-07,-0.010464
4.9199568E-07,-0.010458
4.9204568E-07,-0.010453
4.9209568E-07,-0.010448
4.9214568E-07,-0.010444
4.9219568E-07,-0.010441
4.9224568E-07,-0.010440
4.9229568E-07,-0.010439
4.9234568E-07,-0.010440
4.9239568E-07,-0.010443
4.9244568E-07,-0.010447
4.9249568E-07,-0.010452
4.9254568E-07,-0.010459
4.9259568E-07,-0.010468
4.9264568E-07,-0.010478
4.9269568E-07,-0.010489
4.9274568E-07,-0.010501
4.9279568E-07,-0.010514
4.9284568E-07,-0.010528
4.9289568E-07,-0.010543
4.9294568E-07,-0.010559
4.9299568E-07,-0.010575
4.9304568E-07,-0.010593
4.9309568E-07,-0.010612
4.9314568E-07,-0.010632
4.9319568E-07,-0.010653
4.9324568E-07,-0.010676
4.9329568E-07,-0.010702
4.9334568E-07,-0.010729
4.9339568E-07,-0.010759
4.9344568E-07,-0.010792
4.9349568E-07,-0.010828
4.9354568E-07,-0.010868
4.9359568E-07,-0.010911
4.9364568E-07,-0.010957
4.9369568E-07,-0.011007
4.9374568E-07,-0.011060
4.9379568E-07,-0.011116
4.9384568E-07,-0.011176
4.9389568E-07,-0.011239
4.9394568E-07,-0.011304
4.9399568E-07,-0.011372
4.9404568E-07,-0.011443
4.9409568E-07,-0.011515
4.9414568E-07,-0.011589
4.9419568E-07,-0.011664
4.9424568E-07,-0.011741
4.9429568E-07,-0.011818
4.9434568E-07,-0.011897
4.9439568E-07,-0.011977
4.9444568E-07,-0.012057
4.9449568E-07,-0.012139
4.9454568E-07,-0.012222
4.9459568E-07,-0.012306
4.9464568E-07,-0.012392
4.9469568E-07,-0.012479
4.9474568E-07,-0.012568
4.9479568E-07,-0.012658
4.9484568E-07,-0.012750
4.9489568E-07,-0.012843
4.9494568E-07,-0.012938
4.9499568E-07,-0.013033
4.9504568E-07,-0.013130
4.9509568E-07,-0.013228
4.9514568E-07,-0.013326
4.9519568E-07,-0.013424
4.9524568E-07,-0.013521
4.9529568E-07,-0.013618
4.9534568E-07,-0.013713
4.9539568E-07,-0.013806
4.9544568E-07,-0.013897
4.9549568E-07,-0.013985
4.9554568E-07,-0.014071
4.9559568E-07,-0.014153
4.9564568E-07,-0.014232
4.9569568E-07,-0.014307
4.9574568E-07,-0.014379
4.9579568E-07,-0.014447
4.9584568E-07,-0.014512
4.9589568E-07,-0.014574
4.9594568E-07,-0.014632
4.9599568E-07,-0.014688
4.9604568E-07,-0.014740
4.9609568E-07,-0.014791
4.9614568E-07,-0.014839
4.9619568E-07,-0.014885
4.9624568E-07,-0.014929
4.9629568E-07,-0.014971
4.9634568E-07,-0.015012
4.9639568E-07,-0.015051
4.9644568E-07,-0.015088
4.9649568E-07,-0.015123
4.9654568E-07,-0.015157
4.9659568E-07,-0.015189
4.9664568E-07,-0.015219
4.9669568E-07,-0.015248
4.9674568E-07,-0.015274
4.9679568E-07,-0.015298
4.9684568E-07,-0.015320
4.9689568E-07,-0.015340
4.9694568E-07,-0.015358
4.9699568E-07,-0.015374
4.9704568E-07,-0.015388
4.9709568E-07,-0.015400
4.9714568E-07,-0.015411
4.9719568E-07,-0.015420
4.9724568E-07,-0.015428
4.9729568E-07,-0.015435
4.9734568E-07,-0.015440
4.9739568E-07,-0.015445
4.9744568E-07,-0.015449
4.9749568E-07,-0.015453
4.9754568E-07,-0.015456
4.9759568E-07,-0.015458
4.9764568E-07,-0.015459
4.9769568E-07,-0.015459
4.9774568E-07,-0.015458
4.9779568E-07,-0.015456
4.9784568E-07,-0.015452
4.9789568E-07,-0.015447
4.9794568E-07,-0.015440
4.9799568E-07,-0.015430
4.9804568E-07,-0.015418
4.9809568E-07,-0.015404
4.9814568E-07,-0.015387
4.9819568E-07,-0.015368
4.9824568E-07,-0.015345
4.9829568E-07,-0.015321
4.9834568E-07,-0.015293
4.9839568E-07,-0.015264
4.9844568E-07,-0.015232
4.9849568E-07,-0.015199
4.9854568E-07,-0.015164
4.9859568E-07,-0.015128
4.9864568E-07,-0.015091
4.9869568E-07,-0.015054
4.9874568E-07,-0.015017
4.9879568E-07,-0.014980
4.9884568E-07,-0.014944
4.9889568E-07,-0.014909
4.9894568E-07,-0.014874
4.9899568E-07,-0.014841
4.9904568E-07,-0.014808
4.9909568E-07,-0.014777
4.9914568E-07,-0.014747
4.9919568E-07,-0.014718
4.9924568E-07,-0.014690
4.9929568E-07,-0.014662
4.9934568E-07,-0.014635
4.9939568E-07,-0.014608
4.9944568E-07,-0.014582
4.9949568E-07,-0.014555
4.9954568E-07,-0.014529
4.9959568E-07,-0.014502
4.9964568E-07,-0.014475
4.9969568E-07,-0.014449
4.9974568E-07,-0.014422
4.9979568E-07,-0.014395
4.9984568E-07,-0.014369
4.9989568E-07,-0.014343
4.9994568E-07,-0.014317
4.9999568E-07,-0.014293
5.0004568E-07,-0.014269
5.0009568E-07,-0.014246
5.0014568E-07,-0.014225
5.0019568E-07,-0.014205
5.0024568E-07,-0.014186
5.0029568E-07,-0.014169
5.0034568E-07,-0.014153
5.0039568E-07,-0.014138
5.0044568E-07,-0.014124
5.0049568E-07,-0.014111
5.0054568E-07,-0.014098
5.0059568E-07,-0.014085
5.0064568E-07,-0.014072
5.0069568E-07,-0.014059
5.0074568E-07,-0.014045
5.0079568E-07,-0.014030
5.0084568E-07,-0.014013
5.0089568E-07,-0.013995
5.0094568E-07,-0.013976
5.0099568E-07,-0.013954
5.0104568E-07,-0.013930
5.0109568E-07,-0.013905
5.0114568E-07,-0.013878
5.0119568E-07,-0.013849
5.0124568E-07,-0.013819
5.0129568E-07,-0.013787
5.0134568E-07,-0.013754
5.0139568E-07,-0.013720
5.0144568E-07,-0.013686
5.0149568E-07,-0.013652
5.0154568E-07,-0.013617
5.0159568E-07,-0.013582
5.0164568E-07,-0.013548
5.0169568E-07,-0.013513
5.0174568E-07,-0.013479
5.0179568E-07,-0.013445
5.0184568E-07,-0.013411
5.0189568E-07,-0.013377
5.0194568E-07,-0.013343
5.0199568E-07,-0.013308
5.0204568E-07,-0.013273
5.0209568E-07,-0.013237
5.0214568E-07,-0.013200
5.0219568E-07,-0.013163
5.0224568E-07,-0.013124
5.0229568E-07,-0.013084
5.0234568E-07,-0.013043
5.0239568E-07,-0.013000
5.0244568E-07,-0.012957
5.0249568E-07,-0.012913
5.0254568E-07,-0.012868
5.0259568E-07,-0.012823
5.0264568E-07,-0.012778
5.0269568E-07,-0.012733
5.0274568E-07,-0.012688
5.0279568E-07,-0.012645
5.0284568E-07,-0.012603
5.0289568E-07,-0.012561
5.0294568E-07,-0.012522
5.0299568E-07,-0.012484
5.0304568E-07,-0.012448
5.0309568E-07,-0.012414
5.0314568E-07,-0.012381
5.0319568E-07,-0.012350
5.0324568E-07,-0.012321
5.0329568E-07,-0.012292
5.0334568E-07,-0.012265
5.0339568E-07,-0.012238
5.0344568E-07,-0.012212
5.0349568E-07,-0.012186
5.0354568E-07,-0.012160
5.0359568E-07,-0.012133
5.0364568E-07,-0.012106
5.0369568E-07,-0.012079
5.0374568E-07,-0.012051
5.0379568E-07,-0.012022
5.0384568E-07,-0.011993
5.0389568E-07,-0.011963
5.0394568E-07,-0.011932
5.0399568E-07,-0.011902
5.0404568E-07,-0.011871
5.0409568E-07,-0.011840
5.0414568E-07,-0.011810
5.0419568E-07,-0.011780
5.0424568E-07,-0.011750
5.0429568E-07,-0.011721
5.0434568E-07,-0.011692
5.0439568E-07,-0.011665
5.0444568E-07,-0.011638
5.0449568E-07,-0.011611
5.0454568E-07,-0.011586
5.0459568E-07,-0.011561
5.0464568E-07,-0.011536
5.0469568E-07,-0.011512
5.0474568E-07,-0.011489
5.0479568E-07,-0.011466
5.0484568E-07,-0.011443
5.0489568E-07,-0.011421
5.0494568E-07,-0.011400
5.0499568E-07,-0.011379
5.0504568E-07,-0.011359
5.0509568E-07,-0.011341
5.0514568E-07,-0.011323
5.0519568E-07,-0.011307
5.0524568E-07,-0.011293
5.0529568E-07,-0.011280
5.0534568E-07,-0.011270
5.0539568E-07,-0.011262
5.0544568E-07,-0.011256
5.0549568E-07,-0.011253
5.0554568E-07,-0.011253
5.0559568E-07,-0.011254
5.0564568E-07,-0.011259
5.0569568E-07,-0.011265
5.0574568E-07,-0.011273
5.0579568E-07,-0.011283
5.0584568E-07,-0.011295
5.0589568E-07,-0.011308
5.0594568E-07,-0.011321
5.0599568E-07,-0.011335
5.0604568E-07,-0.011349
5.0609568E-07,-0.011363
5.0614568E-07,-0.011377
5.0619568E-07,-0.011390
5.0624568E-07,-0.011402
5.0629568E-07,-0.011413
5.0634568E-07,-0.011423
5.0639568E-07,-0.011432
5.0644568E-07,-0.011441
5.0649568E-07,-0.011448
5.0654568E-07,-0.011455
5.0659568E-07,-0.011461
5.0664568E-07,-0.011467
5.0669568E-07,-0.011474
5.0674568E-07,-0.011480
5.0679568E-07,-0.011487
5.0684568E-07,-0.011494
5.0689568E-07,-0.011503
5.0694568E-07,-0.011512
5.0699568E-07,-0.011523
5.0704568E-07,-0.011535
5.0709568E-07,-0.011549
5.0714568E-07,-0.011563
5.0719568E-07,-0.011579
5.0724568E-07,-0.011595
5.0729568E-07,-0.011613
5.0734568E-07,-0.011631
5.0739568E-07,-0.011649
5.0744568E-07,-0.011668
5.0749568E-07,-0.011686
5.0754568E-07,-0.011703
5.0759568E-07,-0.011720
5.0764568E-07,-0.011736
5.0769568E-07,-0.011751
5.0774568E-07,-0.011764
5.0779568E-07,-0.011776
5.0784568E-07,-0.011786
5.0789568E-07,-0.011795
5.0794568E-07,-0.011802
5.0799568E-07,-0.011807
5.0804568E-07,-0.011810
5.0809568E-07,-0.011812
5.0814568E-07,-0.011813
5.0819568E-07,-0.011812
5.0824568E-07,-0.011809
5.0829568E-07,-0.011806
5.0834568E-07,-0.011801
5.0839568E-07,-0.011796
5.0844568E-07,-0.011789
5.0849568E-07,-0.011781
5.0854568E-07,-0.011772
5.0859568E-07,-0.011762
5.0864568E-07,-0.011750
5.0869568E-07,-0.011738
5.0874568E-07,-0.011724
5.0879568E-07,-0.011709
5.0884568E-07,-0.011693
5.0889568E-07,-0.011675
5.0894568E-07,-0.011656
5.0899568E-07,-0.011636
5.0904568E-07,-0.011614
5.0909568E-07,-0.011592
5.0914568E-07,-0.011569
5.0919568E-07,-0.011546
5.0924568E-07,-0.011522
5.0929568E-07,-0.011498
5.0934568E-07,-0.011474
5.0939568E-07,-0.011450
5.0944568E-07,-0.011427
5.0949568E-07,-0.011405
5.0954568E-07,-0.011384
5.0959568E-07,-0.011364
5.0964568E-07,-0.011345
5.0969568E-07,-0.011328
5.0974568E-07,-0.011311
5.0979568E-07,-0.011296
5.0984568E-07,-0.011282
5.0989568E-07,-0.011269
5.0994568E-07,-0.011257
5.0999568E-07,-0.011245
5.1004568E-07,-0.011234
5.1009568E-07,-0.011224
5.1014568E-07,-0.011213
5.1019568E-07,-0.011203
5.1024568E-07,-0.011193
5.1029568E-07,-0.011183
5.1034568E-07,-0.011174
5.1039568E-07,-0.011164
5.1044568E-07,-0.011155
5.1049568E-07,-0.011147
5.1054568E-07,-0.011139
5.1059568E-07,-0.011132
5.1064568E-07,-0.011126
5.1069568E-07,-0.011121
5.1074568E-07,-0.011118
5.1079568E-07,-0.011116
5.1084568E-07,-0.011115
5.1089568E-07,-0.011116
5.1094568E-07,-0.011119
5.1099568E-07,-0.011123
5.1104568E-07,-0.011128
5.1109568E-07,-0.011134
5.1114568E-07,-0.011141
5.1119568E-07,-0.011149
5.1124568E-07,-0.011156
5.1129568E-07,-0.011164
5.1134568E-07,-0.011171
5.1139568E-07,-0.011178
5.1144568E-07,-0.011183
5.1149568E-07,-0.011188
5.1154568E-07,-0.011191
5.1159568E-07,-0.011192
5.1164568E-07,-0.011192
5.1169568E-07,-0.011191
5.1174568E-07,-0.011188
5.1179568E-07,-0.011184
5.1184568E-07,-0.011179
5.1189568E-07,-0.011174
5.1194568E-07,-0.011167
5.1199568E-07,-0.011161
5.1204568E-07,-0.011154
5.1209568E-07,-0.011148
5.1214568E-07,-0.011142
5.1219568E-07,-0.011136
5.1224568E-07,-0.011131
5.1229568E-07,-0.011127
5.1234568E-07,-0.011123
5.1239568E-07,-0.011120
5.1244568E-07,-0.011118
5.1249568E-07,-0.011115
5.1254568E-07,-0.011113
5.1259568E-07,-0.011111
5.1264568E-07,-0.011109
5.1269568E-07,-0.011106
5.1274568E-07,-0.011102
5.1279568E-07,-0.011098
5.1284568E-07,-0.011093
5.1289568E-07,-0.011087
5.1294568E-07,-0.011080
5.1299568E-07,-0.011072
5.1304568E-07,-0.011064
5.1309568E-07,-0.011055
5.1314568E-07,-0.011045
5.1319568E-07,-0.011036
5.1324568E-07,-0.011027
5.1329568E-07,-0.011018
5.1334568E-07,-0.011010
5.1339568E-07,-0.011003
5.1344568E-07,-0.010996
5.1349568E-07,-0.010991
5.1354568E-07,-0.010987
5.1359568E-07,-0.010984
5.1364568E-07,-0.010982
5.1369568E-07,-0.010982
5.1374568E-07,-0.010982
5.1379568E-07,-0.010983
5.1384568E-07,-0.010983
5.1389568E-07,-0.010984
5.1394568E-07,-0.010985
5.1399568E-07,-0.010985
5.1404568E-07,-0.010984
5.1409568E-07,-0.010981
5.1414568E-07,-0.010977
5.1419568E-07,-0.010972
5.1424568E-07,-0.010965
5.1429568E-07,-0.010955
5.1434568E-07,-0.010944
5.1439568E-07,-0.010932
5.1444568E-07,-0.010917
5.1449568E-07,-0.010902
5.1454568E-07,-0.010885
5.1459568E-07,-0.010867
5.1464568E-07,-0.010849
5.1469568E-07,-0.010831
5.1474568E-07,-0.010814
5.1479568E-07,-0.010797
5.1484568E-07,-0.010780
5.1489568E-07,-0.010766
5.1494568E-07,-0.010752
5.1499568E-07,-0.010740
5.1504568E-07,-0.010730
5.1509568E-07,-0.010721
5.1514568E-07,-0.010715
5.1519568E-07,-0.010710
5.1524568E-07,-0.010706
5.1529568E-07,-0.010704
5.1534568E-07,-0.010703
5.1539568E-07,-0.010703
5.1544568E-07,-0.010703
5.1549568E-07,-0.010705
5.1554568E-07,-0.010706
5.1559568E-07,-0.010707
5.1564568E-07,-0.010709
5.1569568E-07,-0.010710
5.1574568E-07,-0.010711
5.1579568E-07,-0.010711
5.1584568E-07,-0.010712
5.1589568E-07,-0.010712
5.1594568E-07,-0.010711
5.1599568E-07,-0.010711
5.1604568E-07,-0.010710
5.1609568E-07,-0.010710
5.1614568E-07,-0.010710
5.1619568E-07,-0.010710
5.1624568E-07,-0.010710
5.1629568E-07,-0.010711
5.1634568E-07,-0.010713
5.1639568E-07,-0.010715
5.1644568E-07,-0.010717
5.1649568E-07,-0.010720
5.1654568E-07,-0.010723
5.1659568E-07,-0.010726
5.1664568E-07,-0.010730
5.1669568E-07,-0.010733
5.1674568E-07,-0.010735
5.1679568E-07,-0.010738
5.1684568E-07,-0.010740
5.1689568E-07,-0.010741
5.1694568E-07,-0.010741
5.1699568E-07,-0.010740
5.1704568E-07,-0.010739
5.1709568E-07,-0.010737
5.1714568E-07,-0.010734
5.1719568E-07,-0.010730
5.1724568E-07,-0.010727
5.1729568E-07,-0.010723
5.1734568E-07,-0.010719
5.1739568E-07,-0.010716
5.1744568E-07,-0.010712
5.1749568E-07,-0.010710
5.1754568E-07,-0.010708
5.1759568E-07,-0.010706
5.1764568E-07,-0.010706
5.1769568E-07,-0.010706
5.1774568E-07,-0.010707
5.1779568E-07,-0.010709
5.1784568E-07,-0.010711
5.1789568E-07,-0.010713
5.1794568E-07,-0.010716
5.1799568E-07,-0.010718
5.1804568E-07,-0.010720
5.1809568E-07,-0.010722
5.1814568E-07,-0.010723
5.1819568E-07,-0.010723
5.1824568E-07,-0.010723
5.1829568E-07,-0.010723
5.1834568E-07,-0.010722
5.1839568E-07,-0.010720
5.1844568E-07,-0.010719
5.1849568E-07,-0.010718
5.1854568E-07,-0.010717
5.1859568E-07,-0.010717
5.1864568E-07,-0.010719
5.1869568E-07,-0.010721
5.1874568E-07,-0.010726
5.1879568E-07,-0.010732
5.1884568E-07,-0.010740
5.1889568E-07,-0.010750
5.1894568E-07,-0.010762
5.1899568E-07,-0.010775
5.1904568E-07,-0.010790
5.1909568E-07,-0.010806
5.1914568E-07,-0.010823
5.1919568E-07,-0.010839
5.1924568E-07,-0.010855
5.1929568E-07,-0.010870
5.1934568E-07,-0.010883
5.1939568E-07,-0.010895
5.1944568E-07,-0.010903
5.1949568E-07,-0.010909
5.1954568E-07,-0.010911
5.1959568E-07,-0.010909
5.1964568E-07,-0.010904
5.1969568E-07,-0.010896
5.1974568E-07,-0.010883
5.1979568E-07,-0.010868
5.1984568E-07,-0.010849
5.1989568E-07,-0.010828
5.1994568E-07,-0.010805
5.1999568E-07,-0.010781
5.2004568E-07,-0.010756
5.2009568E-07,-0.010730
5.2014568E-07,-0.010705
5.2019568E-07,-0.010681
5.2024568E-07,-0.010657
5.2029568E-07,-0.010636
5.2034568E-07,-0.010616
5.2039568E-07,-0.010598
5.2044568E-07,-0.010582
5.2049568E-07,-0.010568
5.2054568E-07,-0.010556
5.2059568E-07,-0.010546
5.2064568E-07,-0.010538
5.2069568E-07,-0.010530
5.2074568E-07,-0.010524
5.2079568E-07,-0.010519
5.2084568E-07,-0.010515
5.2089568E-07,-0.010511
5.2094568E-07,-0.010507
5.2099568E-07,-0.010504
5.2104568E-07,-0.010501
5.2109568E-07,-0.010498
5.2114568E-07,-0.010495
5.2119568E-07,-0.010492
5.2124568E-07,-0.010490
5.2129568E-07,-0.010489
5.2134568E-07,-0.010488
5.2139568E-07,-0.010489
5.2144568E-07,-0.010490
5.2149568E-07,-0.010493
5.2154568E-07,-0.010497
5.2159568E-07,-0.010502
5.2164568E-07,-0.010509
5.2169568E-07,-0.010516
5.2174568E-07,-0.010525
5.2179568E-07,-0.010535
5.2184568E-07,-0.010545
5.2189568E-07,-0.010556
5.2194568E-07,-0.010566
5.2199568E-07,-0.010577
5.2204568E-07,-0.010587
5.2209568E-07,-0.010596
5.2214568E-07,-0.010604
5.2219568E-07,-0.010611
5.2224568E-07,-0.010616
5.2229568E-07,-0.010621
5.2234568E-07,-0.010623
5.2239568E-07,-0.010625
5.2244568E-07,-0.010625
5.2249568E-07,-0.010624
5.2254568E-07,-0.010623
5.2259568E-07,-0.010621
5.2264568E-07,-0.010618
5.2269568E-07,-0.010616
5.2274568E-07,-0.010613
5.2279568E-07,-0.010611
5.2284568E-07,-0.010610
5.2289568E-07,-0.010609
5.2294568E-07,-0.010610
5.2299568E-07,-0.010611
5.2304568E-07,-0.010613
5.2309568E-07,-0.010616
5.2314568E-07,-0.010619
5.2319568E-07,-0.010623
5.2324568E-07,-0.010627
5.2329568E-07,-0.010632
5.2334568E-07,-0.010636
5.2339568E-07,-0.010640
5.2344568E-07,-0.010643
5.2349568E-07,-0.010646
5.2354568E-07,-0.010647
5.2359568E-07,-0.010648
5.2364568E-07,-0.010647
5.2369568E-07,-0.010645
5.2374568E-07,-0.010642
5.2379568E-07,-0.010638
5.2384568E-07,-0.010633
5.2389568E-07,-0.010627
5.2394568E-07,-0.010621
5.2399568E-07,-0.010614
5.2404568E-07,-0.010607
5.2409568E-07,-0.010601
5.2414568E-07,-0.010594
5.2419568E-07,-0.010588
5.2424568E-07,-0.010583
5.2429568E-07,-0.010578
5.2434568E-07,-0.010574
5.2439568E-07,-0.010571
5.2444568E-07,-0.010568
5.2449568E-07,-0.010565
5.2454568E-07,-0.010563
5.2459568E-07,-0.010560
5.2464568E-07,-0.010558
5.2469568E-07,-0.010555
5.2474568E-07,-0.010551
5.2479568E-07,-0.010547
5.2484568E-07,-0.010542
5.2489568E-07,-0.010536
5.2494568E-07,-0.010529
5.2499568E-07,-0.010521
5.2504568E-07,-0.010512
5.2509568E-07,-0.010503
5.2514568E-07,-0.010493
5.2519568E-07,-0.010483
5.2524568E-07,-0.010474
5.2529568E-07,-0.010464
5.2534568E-07,-0.010456
5.2539568E-07,-0.010449
5.2544568E-07,-0.010442
5.2549568E-07,-0.010438
5.2554568E-07,-0.010435
5.2559568E-07,-0.010434
5.2564568E-07,-0.010435
5.2569568E-07,-0.010438
5.2574568E-07,-0.010442
5.2579568E-07,-0.010448
5.2584568E-07,-0.010455
5.2589568E-07,-0.010463
5.2594568E-07,-0.010472
5.2599568E-07,-0.010481
5.2604568E-07,-0.010490
5.2609568E-07,-0.010498
5.2614568E-07,-0.010506
5.2619568E-07,-0.010512
5.2624568E-07,-0.010518
5.2629568E-07,-0.010522
5.2634568E-07,-0.010524
5.2639568E-07,-0.010526
5.2644568E-07,-0.010525
5.2649568E-07,-0.010524
5.2654568E-07,-0.010522
5.2659568E-07,-0.010519
5.2664568E-07,-0.010516
5.2669568E-07,-0.010513
5.2674568E-07,-0.010510
5.2679568E-07,-0.010507
5.2684568E-07,-0.010505
5.2689568E-07,-0.010504
5.2694568E-07,-0.010504
5.2699568E-07,-0.010505
5.2704568E-07,-0.010507
5.2709568E-07,-0.010509
5.2714568E-07,-0.010513
5.2719568E-07,-0.010516
5.2724568E-07,-0.010520
5.2729568E-07,-0.010524
5.2734568E-07,-0.010527
5.2739568E-07,-0.010529
5.2744568E-07,-0.010531
5.2749568E-07,-0.010531
5.2754568E-07,-0.010530
5.2759568E-07,-0.010527
5.2764568E-07,-0.010523
5.2769568E-07,-0.010517
5.2774568E-07,-0.010511
5.2779568E-07,-0.010503
5.2784568E-07,-0.010494
5.2789568E-07,-0.010486
5.2794568E-07,-0.010477
5.2799568E-07,-0.010469
5.2804568E-07,-0.010462
5.2809568E-07,-0.010456
5.2814568E-07,-0.010452
5.2819568E-07,-0.010449
5.2824568E-07,-0.010449
5.2829568E-07,-0.010451
5.2834568E-07,-0.010455
5.2839568E-07,-0.010461
5.2844568E-07,-0.010469
5.2849568E-07,-0.010478
5.2854568E-07,-0.010489
5.2859568E-07,-0.010501
5.2864568E-07,-0.010513
5.2869568E-07,-0.010525
5.2874568E-07,-0.010536
5.2879568E-07,-0.010547
5.2884568E-07,-0.010556
5.2889568E-07,-0.010564
5.2894568E-07,-0.010571
5.2899568E-07,-0.010575
5.2904568E-07,-0.010578
5.2909568E-07,-0.010578
5.2914568E-07,-0.010577
5.2919568E-07,-0.010575
5.2924568E-07,-0.010571
5.2929568E-07,-0.010566
5.2934568E-07,-0.010561
5.2939568E-07,-0.010556
5.2944568E-07,-0.010550
5.2949568E-07,-0.010546
5.2954568E-07,-0.010542
5.2959568E-07,-0.010539
5.2964568E-07,-0.010537
5.2969568E-07,-0.010537
5.2974568E-07,-0.010538
5.2979568E-07,-0.010540
5.2984568E-07,-0.010544
5.2989568E-07,-0.010548
5.2994568E-07,-0.010554
5.2999568E-07,-0.010560
5.3004568E-07,-0.010567
5.3009568E-07,-0.010574
5.3014568E-07,-0.010581
5.3019568E-07,-0.010587
5.3024568E-07,-0.010594
5.3029568E-07,-0.010600
5.3034568E-07,-0.010605
5.3039568E-07,-0.010610
5.3044568E-07,-0.010615
5.3049568E-07,-0.010619
5.3054568E-07,-0.010623
5.3059568E-07,-0.010627
5.3064568E-07,-0.010631
5.3069568E-07,-0.010635
5.3074568E-07,-0.010640
5.3079568E-07,-0.010645
5.3084568E-07,-0.010652
5.3089568E-07,-0.010659
5.3094568E-07,-0.010667
5.3099568E-07,-0.010676
5.3104568E-07,-0.010685
5.3109568E-07,-0.010695
5.3114568E-07,-0.010706
5.3119568E-07,-0.010717
5.3124568E-07,-0.010729
5.3129568E-07,-0.010740
5.3134568E-07,-0.010750
5.3139568E-07,-0.010760
5.3144568E-07,-0.010769
5.3149568E-07,-0.010777
5.3154568E-07,-0.010783
5.3159568E-07,-0.010788
5.3164568E-07,-0.010792
5.3169568E-07,-0.010794
5.3174568E-07,-0.010794
5.3179568E-07,-0.010794
5.3184568E-07,-0.010792
5.3189568E-07,-0.010789
5.3194568E-07,-0.010785
5.3199568E-07,-0.010780
5.3204568E-07,-0.010775
5.3209568E-07,-0.010770
5.3214568E-07,-0.010764
5.3219568E-07,-0.010759
5.3224568E-07,-0.010753
5.3229568E-07,-0.010747
5.3234568E-07,-0.010742
5.3239568E-07,-0.010736
5.3244568E-07,-0.010730
5.3249568E-07,-0.010723
5.3254568E-07,-0.010716
5.3259568E-07,-0.010707
5.3264568E-07,-0.010698
5.3269568E-07,-0.010687
5.3274568E-07,-0.010675
5.3279568E-07,-0.010661
5.3284568E-07,-0.010646
5.3289568E-07,-0.010629
5.3294568E-07,-0.010611
5.3299568E-07,-0.010591
5.3304568E-07,-0.010570
5.3309568E-07,-0.010549
5.3314568E-07,-0.010527
5.3319568E-07,-0.010505
5.3324568E-07,-0.010483
5.3329568E-07,-0.010463
5.3334568E-07,-0.010443
5.3339568E-07,-0.010426
5.3344568E-07,-0.010410
5.3349568E-07,-0.010397
5.3354568E-07,-0.010387
5.3359568E-07,-0.010379
5.3364568E-07,-0.010374
5.3369568E-07,-0.010372
5.3374568E-07,-0.010373
5.3379568E-07,-0.010375
5.3384568E-07,-0.010380
5.3389568E-07,-0.010385
5.3394568E-07,-0.010392
5.3399568E-07,-0.010400
5.3404568E-07,-0.010407
5.3409568E-07,-0.010414
5.3414568E-07,-0.010419
5.3419568E-07,-0.010424
5.3424568E-07,-0.010427
5.3429568E-07,-0.010428
5.3434568E-07,-0.010427
5.3439568E-07,-0.010424
5.3444568E-07,-0.010419
5.3449568E-07,-0.010413
5.3454568E-07,-0.010405
5.3459568E-07,-0.010395
5.3464568E-07,-0.010385
5.3469568E-07,-0.010374
5.3474568E-07,-0.010364
5.3479568E-07,-0.010353
5.3484568E-07,-0.010344
5.3489568E-07,-0.010335
5.3494568E-07,-0.010327
5.3499568E-07,-0.010321
5.3504568E-07,-0.010317
5.3509568E-07,-0.010314
5.3514568E-07,-0.010313
5.3519568E-07,-0.010313
5.3524568E-07,-0.010315
5.3529568E-07,-0.010317
5.3534568E-07,-0.010321
5.3539568E-07,-0.010326
5.3544568E-07,-0.010331
5.3549568E-07,-0.010336
5.3554568E-07,-0.010341
5.3559568E-07,-0.010347
5.3564568E-07,-0.010352
5.3569568E-07,-0.010357
5.3574568E-07,-0.010362
5.3579568E-07,-0.010366
5.3584568E-07,-0.010371
5.3589568E-07,-0.010376
5.3594568E-07,-0.010381
5.3599568E-07,-0.010387
5.3604568E-07,-0.010393
5.3609568E-07,-0.010400
5.3614568E-07,-0.010408
5.3619568E-07,-0.010417
5.3624568E-07,-0.010426
5.3629568E-07,-0.010437
5.3634568E-07,-0.010448
5.3639568E-07,-0.010460
5.3644568E-07,-0.010472
5.3649568E-07,-0.010484
5.3654568E-07,-0.010496
5.3659568E-07,-0.010507
5.3664568E-07,-0.010516
5.3669568E-07,-0.010525
5.3674568E-07,-0.010531
5.3679568E-07,-0.010536
5.3684568E-07,-0.010538
5.3689568E-07,-0.010538
5.3694568E-07,-0.010535
5.3699568E-07,-0.010530
5.3704568E-07,-0.010522
5.3709568E-07,-0.010512
5.3714568E-07,-0.010501
5.3719568E-07,-0.010488
5.3724568E-07,-0.010474
5.3729568E-07,-0.010459
5.3734568E-07,-0.010445
5.3739568E-07,-0.010431
5.3744568E-07,-0.010418
5.3749568E-07,-0.010406
5.3754568E-07,-0.010396
5.3759568E-07,-0.010388
5.3764568E-07,-0.010383
5.3769568E-07,-0.010380
5.3774568E-07,-0.010380
5.3779568E-07,-0.010383
5.3784568E-07,-0.010388
5.3789568E-07,-0.010396
5.3794568E-07,-0.010405
5.3799568E-07,-0.010416
5.3804568E-07,-0.010429
5.3809568E-07,-0.010443
5.3814568E-07,-0.010458
5.3819568E-07,-0.010473
5.3824568E-07,-0.010489
5.3829568E-07,-0.010504
5.3834568E-07,-0.010520
5.3839568E-07,-0.010534
5.3844568E-07,-0.010549
5.3849568E-07,-0.010563
5.3854568E-07,-0.010577
5.3859568E-07,-0.010590
5.3864568E-07,-0.010604
5.3869568E-07,-0.010617
5.3874568E-07,-0.010630
5.3879568E-07,-0.010643
5.3884568E-07,-0.010657
5.3889568E-07,-0.010670
5.3894568E-07,-0.010684
5.3899568E-07,-0.010698
5.3904568E-07,-0.010711
5.3909568E-07,-0.010724
5.3914568E-07,-0.010737
5.3919568E-07,-0.010749
5.3924568E-07,-0.010760
5.3929568E-07,-0.010769
5.3934568E-07,-0.010777
5.3939568E-07,-0.010783
5.3944568E-07,-0.010787
5.3949568E-07,-0.010788
5.3954568E-07,-0.010788
5.3959568E-07,-0.010785
5.3964568E-07,-0.010780
5.3969568E-07,-0.010773
5.3974568E-07,-0.010765
5.3979568E-07,-0.010755
5.3984568E-07,-0.010744
5.3989568E-07,-0.010733
5.3994568E-07,-0.010722
5.3999568E-07,-0.010711
5.4004568E-07,-0.010701
5.4009568E-07,-0.010692
5.4014568E-07,-0.010684
5.4019568E-07,-0.010678
5.4024568E-07,-0.010675
5.4029568E-07,-0.010673
5.4034568E-07,-0.010673
5.4039568E-07,-0.010675
5.4044568E-07,-0.010679
5.4049568E-07,-0.010685
5.4054568E-07,-0.010692
5.4059568E-07,-0.010699
5.4064568E-07,-0.010707
5.4069568E-07,-0.010715
5.4074568E-07,-0.010722
5.4079568E-07,-0.010729
5.4084568E-07,-0.010735
5.4089568E-07,-0.010739
5.4094568E-07,-0.010742
5.4099568E-07,-0.010743
5.4104568E-07,-0.010742
5.4109568E-07,-0.010740
5.4114568E-07,-0.010736
5.4119568E-07,-0.010732
5.4124568E-07,-0.010726
5.4129568E-07,-0.010720
5.4134568E-07,-0.010714
5.4139568E-07,-0.010707
5.4144568E-07,-0.010702
5.4149568E-07,-0.010697
5.4154568E-07,-0.010693
5.4159568E-07,-0.010691
5.4164568E-07,-0.010690
5.4169568E-07,-0.010690
5.4174568E-07,-0.010692
5.4179568E-07,-0.010695
5.4184568E-07,-0.010699
5.4189568E-07,-0.010704
5.4194568E-07,-0.010709
5.4199568E-07,-0.010715
5.4204568E-07,-0.010720
5.4209568E-07,-0.010725
5.4214568E-07,-0.010728
5.4219568E-07,-0.010731
5.4224568E-07,-0.010732
5.4229568E-07,-0.010731
5.4234568E-07,-0.010728
5.4239568E-07,-0.010724
5.4244568E-07,-0.010718
5.4249568E-07,-0.010710
5.4254568E-07,-0.010701
5.4259568E-07,-0.010691
5.4264568E-07,-0.010680
5.4269568E-07,-0.010669
5.4274568E-07,-0.010658
5.4279568E-07,-0.010647
5.4284568E-07,-0.010636
5.4289568E-07,-0.010627
5.4294568E-07,-0.010619
5.4299568E-07,-0.010611
5.4304568E-07,-0.010606
5.4309568E-07,-0.010602
5.4314568E-07,-0.010599
5.4319568E-07,-0.010597
5.4324568E-07,-0.010596
5.4329568E-07,-0.010595
5.4334568E-07,-0.010596
5.4339568E-07,-0.010596
5.4344568E-07,-0.010596
5.4349568E-07,-0.010595
5.4354568E-07,-0.010594
5.4359568E-07,-0.010592
5.4364568E-07,-0.010589
5.4369568E-07,-0.010585
5.4374568E-07,-0.010580
5.4379568E-07,-0.010574
5.4384568E-07,-0.010568
5.4389568E-07,-0.010561
5.4394568E-07,-0.010554
5.4399568E-07,-0.010547
5.4404568E-07,-0.010540
5.4409568E-07,-0.010535
5.4414568E-07,-0.010530
5.4419568E-07,-0.010527
5.4424568E-07,-0.010526
5.4429568E-07,-0.010526
5.4434568E-07,-0.010528
5.4439568E-07,-0.010531
5.4444568E-07,-0.010537
5.4449568E-07,-0.010543
5.4454568E-07,-0.010551
5.4459568E-07,-0.010560
5.4464568E-07,-0.010569
5.4469568E-07,-0.010579
5.4474568E-07,-0.010589
5.4479568E-07,-0.010598
5.4484568E-07,-0.010607
5.4489568E-07,-0.010616
5.4494568E-07,-0.010623
5.4499568E-07,-0.010630
5.4504568E-07,-0.010636
5.4509568E-07,-0.010640
5.4514568E-07,-0.010645
5.4519568E-07,-0.010648
5.4524568E-07,-0.010651
5.4529568E-07,-0.010654
5.4534568E-07,-0.010657
5.4539568E-07,-0.010660
5.4544568E-07,-0.010663
5.4549568E-07,-0.010667
5.4554568E-07,-0.010672
5.4559568E-07,-0.010677
5.4564568E-07,-0.010682
5.4569568E-07,-0.010688
5.4574568E-07,-0.010694
5.4579568E-07,-0.010699
5.4584568E-07,-0.010704
5.4589568E-07,-0.010708
5.4594568E-07,-0.010711
5.4599568E-07,-0.010712
5.4604568E-07,-0.010711
5.4609568E-07,-0.010708
5.4614568E-07,-0.010703
5.4619568E-07,-0.010695
5.4624568E-07,-0.010684
5.4629568E-07,-0.010671
5.4634568E-07,-0.010655
5.4639568E-07,-0.010637
5.4644568E-07,-0.010618
5.4649568E-07,-0.010597
5.4654568E-07,-0.010576
5.4659568E-07,-0.010554
5.4664568E-07,-0.010533
5.4669568E-07,-0.010513
5.4674568E-07,-0.010494
5.4679568E-07,-0.010477
5.4684568E-07,-0.010462
5.4689568E-07,-0.010450
5.4694568E-07,-0.010441
5.4699568E-07,-0.010435
5.4704568E-07,-0.010432
5.4709568E-07,-0.010432
5.4714568E-07,-0.010435
5.4719568E-07,-0.010440
5.4724568E-07,-0.010447
5.4729568E-07,-0.010456
5.4734568E-07,-0.010466
5.4739568E-07,-0.010476
5.4744568E-07,-0.010487
5.4749568E-07,-0.010497
5.4754568E-07,-0.010507
5.4759568E-07,-0.010516
5.4764568E-07,-0.010523
5.4769568E-07,-0.010529
5.4774568E-07,-0.010533
5.4779568E-07,-0.010536
5.4784568E-07,-0.010537
5.4789568E-07,-0.010537
5.4794568E-07,-0.010535
5.4799568E-07,-0.010533
5.4804568E-07,-0.010530
5.4809568E-07,-0.010527
5.4814568E-07,-0.010524
5.4819568E-07,-0.010521
5.4824568E-07,-0.010518
5.4829568E-07,-0.010515
5.4834568E-07,-0.010514
5.4839568E-07,-0.010512
5.4844568E-07,-0.010512
5.4849568E-07,-0.010511
5.4854568E-07,-0.010510
5.4859568E-07,-0.010510
5.4864568E-07,-0.010509
5.4869568E-07,-0.010507
5.4874568E-07,-0.010504
5.4879568E-07,-0.010501
5.4884568E-07,-0.010495
5.4889568E-07,-0.010489
5.4894568E-07,-0.010480
5.4899568E-07,-0.010470
5.4904568E-07,-0.010458
5.4909568E-07,-0.010445
5.4914568E-07,-0.010431
5.4919568E-07,-0.010416
5.4924568E-07,-0.010401
5.4929568E-07,-0.010385
5.4934568E-07,-0.010370
5.4939568E-07,-0.010355
5.4944568E-07,-0.010341
5.4949568E-07,-0.010329
5.4954568E-07,-0.010318
5.4959568E-07,-0.010309
5.4964568E-07,-0.010302
5.4969568E-07,-0.010297
5.4974568E-07,-0.010294
5.4979568E-07,-0.010292
5.4984568E-07,-0.010293
5.4989568E-07,-0.010295
5.4994568E-07,-0.010298
5.4999568E-07,-0.010302
5.5004568E-07,-0.010307
5.5009568E-07,-0.010312
5.5014568E-07,-0.010317
5.5019568E-07,-0.010322
5.5024568E-07,-0.010326
5.5029568E-07,-0.010330
5.5034568E-07,-0.010333
5.5039568E-07,-0.010335
5.5044568E-07,-0.010337
5.5049568E-07,-0.010338
5.5054568E-07,-0.010339
5.5059568E-07,-0.010340
5.5064568E-07,-0.010341
5.5069568E-07,-0.010342
5.5074568E-07,-0.010343
5.5079568E-07,-0.010346
5.5084568E-07,-0.010349
5.5089568E-07,-0.010353
5.5094568E-07,-0.010358
5.5099568E-07,-0.010365
5.5104568E-07,-0.010372
5.5109568E-07,-0.010380
5.5114568E-07,-0.010388
5.5119568E-07,-0.010397
5.5124568E-07,-0.010407
5.5129568E-07,-0.010415
5.5134568E-07,-0.010424
5.5139568E-07,-0.010431
5.5144568E-07,-0.010438
5.5149568E-07,-0.010443
5.5154568E-07,-0.010447
5.5159568E-07,-0.010449
5.5164568E-07,-0.010450
5.5169568E-07,-0.010449
5.5174568E-07,-0.010447
5.5179568E-07,-0.010444
5.5184568E-07,-0.010440
5.5189568E-07,-0.010435
5.5194568E-07,-0.010430
5.5199568E-07,-0.010425
5.5204568E-07,-0.010420
5.5209568E-07,-0.010416
5.5214568E-07,-0.010412
5.5219568E-07,-0.010410
5.5224568E-07,-0.010409
5.5229568E-07,-0.010408
5.5234568E-07,-0.010409
5.5239568E-07,-0.010411
5.5244568E-07,-0.010414
5.5249568E-07,-0.010417
5.5254568E-07,-0.010421
5.5259568E-07,-0.010425
5.5264568E-07,-0.010428
5.5269568E-07,-0.010430
5.5274568E-07,-0.010431
5.5279568E-07,-0.010432
5.5284568E-07,-0.010430
5.5289568E-07,-0.010427
5.5294568E-07,-0.010423
5.5299568E-07,-0.010417
5.5304568E-07,-0.010409
5.5309568E-07,-0.010401
5.5314568E-07,-0.010392
5.5319568E-07,-0.010382
5.5324568E-07,-0.010373
5.5329568E-07,-0.010364
5.5334568E-07,-0.010356
5.5339568E-07,-0.010349
5.5344568E-07,-0.010344
5.5349568E-07,-0.010341
5.5354568E-07,-0.010341
5.5359568E-07,-0.010342
5.5364568E-07,-0.010346
5.5369568E-07,-0.010353
5.5374568E-07,-0.010361
5.5379568E-07,-0.010371
5.5384568E-07,-0.010382
5.5389568E-07,-0.010394
5.5394568E-07,-0.010407
5.5399568E-07,-0.010420
5.5404568E-07,-0.010432
5.5409568E-07,-0.010443
5.5414568E-07,-0.010452
5.5419568E-07,-0.010460
5.5424568E-07,-0.010466
5.5429568E-07,-0.010470
5.5434568E-07,-0.010472
5.5439568E-07,-0.010473
5.5444568E-07,-0.010471
5.5449568E-07,-0.010468
5.5454568E-07,-0.010465
5.5459568E-07,-0.010460
5.5464568E-07,-0.010456
5.5469568E-07,-0.010452
5.5474568E-07,-0.010449
5.5479568E-07,-0.010447
5.5484568E-07,-0.010447
5.5489568E-07,-0.010449
5.5494568E-07,-0.010453
5.5499568E-07,-0.010459
5.5504568E-07,-0.010467
5.5509568E-07,-0.010478
5.5514568E-07,-0.010490
5.5519568E-07,-0.010503
5.5524568E-07,-0.010518
5.5529568E-07,-0.010533
5.5534568E-07,-0.010549
5.5539568E-07,-0.010564
5.5544568E-07,-0.010579
5.5549568E-07,-0.010593
5.5554568E-07,-0.010606
5.5559568E-07,-0.010618
5.5564568E-07,-0.010627
5.5569568E-07,-0.010636
5.5574568E-07,-0.010643
5.5579568E-07,-0.010648
5.5584568E-07,-0.010652
5.5589568E-07,-0.010655
5.5594568E-07,-0.010657
5.5599568E-07,-0.010659
5.5604568E-07,-0.010660
5.5609568E-07,-0.010662
5.5614568E-07,-0.010663
5.5619568E-07,-0.010665
5.5624568E-07,-0.010667
5.5629568E-07,-0.010670
5.5634568E-07,-0.010672
5.5639568E-07,-0.010675
5.5644568E-07,-0.010678
5.5649568E-07,-0.010681
5.5654568E-07,-0.010682
5.5659568E-07,-0.010683
5.5664568E-07,-0.010683
5.5669568E-07,-0.010681
5.5674568E-07,-0.010677
5.5679568E-07,-0.010671
5.5684568E-07,-0.010663
5.5689568E-07,-0.010652
5.5694568E-07,-0.010640
5.5699568E-07,-0.010624
5.5704568E-07,-0.010607
5.5709568E-07,-0.010589
5.5714568E-07,-0.010568
5.5719568E-07,-0.010547
5.5724568E-07,-0.010525
5.5729568E-07,-0.010504
5.5734568E-07,-0.010482
5.5739568E-07,-0.010462
5.5744568E-07,-0.010442
5.5749568E-07,-0.010424
5.5754568E-07,-0.010409
5.5759568E-07,-0.010395
5.5764568E-07,-0.010383
5.5769568E-07,-0.010374
5.5774568E-07,-0.010367
5.5779568E-07,-0.010362
5.5784568E-07,-0.010359
5.5789568E-07,-0.010357
5.5794568E-07,-0.010356
5.5799568E-07,-0.010357
5.5804568E-07,-0.010357
5.5809568E-07,-0.010359
5.5814568E-07,-0.010359
5.5819568E-07,-0.010360
5.5824568E-07,-0.010360
5.5829568E-07,-0.010359
5.5834568E-07,-0.010358
5.5839568E-07,-0.010356
5.5844568E-07,-0.010353
5.5849568E-07,-0.010350
5.5854568E-07,-0.010346
5.5859568E-07,-0.010343
5.5864568E-07,-0.010340
5.5869568E-07,-0.010338
5.5874568E-07,-0.010337
5.5879568E-07,-0.010337
5.5884568E-07,-0.010338
5.5889568E-07,-0.010342
5.5894568E-07,-0.010347
5.5899568E-07,-0.010354
5.5904568E-07,-0.010363
5.5909568E-07,-0.010373
5.5914568E-07,-0.010385
5.5919568E-07,-0.010397
5.5924568E-07,-0.010411
5.5929568E-07,-0.010424
5.5934568E-07,-0.010438
5.5939568E-07,-0.010451
5.5944568E-07,-0.010463
5.5949568E-07,-0.010473
5.5954568E-07,-0.010482
5.5959568E-07,-0.010489
5.5964568E-07,-0.010494
5.5969568E-07,-0.010497
5.5974568E-07,-0.010498
5.5979568E-07,-0.010498
5.5984568E-07,-0.010495
5.5989568E-07,-0.010491
5.5994568E-07,-0.010486
5.5999568E-07,-0.010480
5.6004568E-07,-0.010474
5.6009568E-07,-0.010468
5.6014568E-07,-0.010462
5.6019568E-07,-0.010458
5.6024568E-07,-0.010454
5.6029568E-07,-0.010451
5.6034568E-07,-0.010449
5.6039568E-07,-0.010449
5.6044568E-07,-0.010450
5.6049568E-07,-0.010452
5.6054568E-07,-0.010454
5.6059568E-07,-0.010457
5.6064568E-07,-0.010460
5.6069568E-07,-0.010463
5.6074568E-07,-0.010465
5.6079568E-07,-0.010466
5.6084568E-07,-0.010466
5.6089568E-07,-0.010464
5.6094568E-07,-0.010461
5.6099568E-07,-0.010456
5.6104568E-07,-0.010450
5.6109568E-07,-0.010442
5.6114568E-07,-0.010433
5.6119568E-07,-0.010423
5.6124568E-07,-0.010413
5.6129568E-07,-0.010402
5.6134568E-07,-0.010392
5.6139568E-07,-0.010383
5.6144568E-07,-0.010375
5.6149568E-07,-0.010368
5.6154568E-07,-0.010364
5.6159568E-07,-0.010362
5.6164568E-07,-0.010363
5.6169568E-07,-0.010366
5.6174568E-07,-0.010371
5.6179568E-07,-0.010379
5.6184568E-07,-0.010389
5.6189568E-07,-0.010401
5.6194568E-07,-0.010414
5.6199568E-07,-0.010429
5.6204568E-07,-0.010444
5.6209568E-07,-0.010459
5.6214568E-07,-0.010474
5.6219568E-07,-0.010489
5.6224568E-07,-0.010502
5.6229568E-07,-0.010514
5.6234568E-07,-0.010525
5.6239568E-07,-0.010534
5.6244568E-07,-0.010542
5.6249568E-07,-0.010547
5.6254568E-07,-0.010552
5.6259568E-07,-0.010555
5.6264568E-07,-0.010556
5.6269568E-07,-0.010557
5.6274568E-07,-0.010557
5.6279568E-07,-0.010557
5.6284568E-07,-0.010556
5.6289568E-07,-0.010555
5.6294568E-07,-0.010554
5.6299568E-07,-0.010553
5.6304568E-07,-0.010552
5.6309568E-07,-0.010551
5.6314568E-07,-0.010550
5.6319568E-07,-0.010548
5.6324568E-07,-0.010546
5.6329568E-07,-0.010543
5.6334568E-07,-0.010540
5.6339568E-07,-0.010535
5.6344568E-07,-0.010530
5.6349568E-07,-0.010523
5.6354568E-07,-0.010515
5.6359568E-07,-0.010506
5.6364568E-07,-0.010496
5.6369568E-07,-0.010486
5.6374568E-07,-0.010474
5.6379568E-07,-0.010463
5.6384568E-07,-0.010451
5.6389568E-07,-0.010440
5.6394568E-07,-0.010429
5.6399568E-07,-0.010420
5.6404568E-07,-0.010412
5.6409568E-07,-0.010405
5.6414568E-07,-0.010400
5.6419568E-07,-0.010398
5.6424568E-07,-0.010397
5.6429568E-07,-0.010399
5.6434568E-07,-0.010403
5.6439568E-07,-0.010408
5.6444568E-07,-0.010415
5.6449568E-07,-0.010424
5.6454568E-07,-0.010433
5.6459568E-07,-0.010444
5.6464568E-07,-0.010454
5.6469568E-07,-0.010464
5.6474568E-07,-0.010474
5.6479568E-07,-0.010483
5.6484568E-07,-0.010491
5.6489568E-07,-0.010498
5.6494568E-07,-0.010503
5.6499568E-07,-0.010507
5.6504568E-07,-0.010509
5.6509568E-07,-0.010510
5.6514568E-07,-0.010509
5.6519568E-07,-0.010508
5.6524568E-07,-0.010505
5.6529568E-07,-0.010502
5.6534568E-07,-0.010498
5.6539568E-07,-0.010494
5.6544568E-07,-0.010490
5.6549568E-07,-0.010486
5.6554568E-07,-0.010482
5.6559568E-07,-0.010479
5.6564568E-07,-0.010476
5.6569568E-07,-0.010474
5.6574568E-07,-0.010472
5.6579568E-07,-0.010470
5.6584568E-07,-0.010468
5.6589568E-07,-0.010466
5.6594568E-07,-0.010463
5.6599568E-07,-0.010460
5.6604568E-07,-0.010457
5.6609568E-07,-0.010452
5.6614568E-07,-0.010446
5.6619568E-07,-0.010439
5.6624568E-07,-0.010431
5.6629568E-07,-0.010422
5.6634568E-07,-0.010412
5.6639568E-07,-0.010400
5.6644568E-07,-0.010389
5.6649568E-07,-0.010376
5.6654568E-07,-0.010364
5.6659568E-07,-0.010352
5.6664568E-07,-0.010341
5.6669568E-07,-0.010330
5.6674568E-07,-0.010321
5.6679568E-07,-0.010313
5.6684568E-07,-0.010307
5.6689568E-07,-0.010304
5.6694568E-07,-0.010302
5.6699568E-07,-0.010302
5.6704568E-07,-0.010303
5.6709568E-07,-0.010307
5.6714568E-07,-0.010312
5.6719568E-07,-0.010318
5.6724568E-07,-0.010326
5.6729568E-07,-0.010333
5.6734568E-07,-0.010341
5.6739568E-07,-0.010349
5.6744568E-07,-0.010356
5.6749568E-07,-0.010362
5.6754568E-07,-0.010368
5.6759568E-07,-0.010372
5.6764568E-07,-0.010375
5.6769568E-07,-0.010377
5.6774568E-07,-0.010377
5.6779568E-07,-0.010377
5.6784568E-07,-0.010376
5.6789568E-07,-0.010374
5.6794568E-07,-0.010373
5.6799568E-07,-0.010371
5.6804568E-07,-0.010370
5.6809568E-07,-0.010370
5.6814568E-07,-0.010371
5.6819568E-07,-0.010374
5.6824568E-07,-0.010378
5.6829568E-07,-0.010384
5.6834568E-07,-0.010391
5.6839568E-07,-0.010400
5.6844568E-07,-0.010410
5.6849568E-07,-0.010422
5.6854568E-07,-0.010434
5.6859568E-07,-0.010446
5.6864568E-07,-0.010459
5.6869568E-07,-0.010470
5.6874568E-07,-0.010482
5.6879568E-07,-0.010492
5.6884568E-07,-0.010500
5.6889568E-07,-0.010507
5.6894568E-07,-0.010511
5.6899568E-07,-0.010514
5.6904568E-07,-0.010514
5.6909568E-07,-0.010512
5.6914568E-07,-0.010509
5.6919568E-07,-0.010504
5.6924568E-07,-0.010497
5.6929568E-07,-0.010490
5.6934568E-07,-0.010482
5.6939568E-07,-0.010474
5.6944568E-07,-0.010466
5.6949568E-07,-0.010458
5.6954568E-07,-0.010452
5.6959568E-07,-0.010446
5.6964568E-07,-0.010441
5.6969568E-07,-0.010438
5.6974568E-07,-0.010436
5.6979568E-07,-0.010435
5.6984568E-07,-0.010435
5.6989568E-07,-0.010435
5.6994568E-07,-0.010436
5.6999568E-07,-0.010437
5.7004568E-07,-0.010438
5.7009568E-07,-0.010438
5.7014568E-07,-0.010438
5.7019568E-07,-0.010436
5.7024568E-07,-0.010434
5.7029568E-07,-0.010430
5.7034568E-07,-0.010425
5.7039568E-07,-0.010418
5.7044568E-07,-0.010411
5.7049568E-07,-0.010402
5.7054568E-07,-0.010393
5.7059568E-07,-0.010383
5.7064568E-07,-0.010373
5.7069568E-07,-0.010363
5.7074568E-07,-0.010354
5.7079568E-07,-0.010345
5.7084568E-07,-0.010338
5.7089568E-07,-0.010331
5.7094568E-07,-0.010326
5.7099568E-07,-0.010322
5.7104568E-07,-0.010319
5.7109568E-07,-0.010317
5.7114568E-07,-0.010316
5.7119568E-07,-0.010316
5.7124568E-07,-0.010316
5.7129568E-07,-0.010316
5.7134568E-07,-0.010315
5.7139568E-07,-0.010315
5.7144568E-07,-0.010314
5.7149568E-07,-0.010312
5.7154568E-07,-0.010309
5.7159568E-07,-0.010305
5.7164568E-07,-0.010300
5.7169568E-07,-0.010295
5.7174568E-07,-0.010289
5.7179568E-07,-0.010283
5.7184568E-07,-0.010277
5.7189568E-07,-0.010271
5.7194568E-07,-0.010266
5.7199568E-07,-0.010262
5.7204568E-07,-0.010260
5.7209568E-07,-0.010259
5.7214568E-07,-0.010260
5.7219568E-07,-0.010263
5.7224568E-07,-0.010268
5.7229568E-07,-0.010276
5.7234568E-07,-0.010285
5.7239568E-07,-0.010295
5.7244568E-07,-0.010308
5.7249568E-07,-0.010321
5.7254568E-07,-0.010335
5.7259568E-07,-0.010350
5.7264568E-07,-0.010364
5.7269568E-07,-0.010378
5.7274568E-07,-0.010391
5.7279568E-07,-0.010402
5.7284568E-07,-0.010413
5.7289568E-07,-0.010421
5.7294568E-07,-0.010429
5.7299568E-07,-0.010434
5.7304568E-07,-0.010438
5.7309568E-07,-0.010440
5.7314568E-07,-0.010441
5.7319568E-07,-0.010440
5.7324568E-07,-0.010439
5.7329568E-07,-0.010438
5.7334568E-07,-0.010436
5.7339568E-07,-0.010434
5.7344568E-07,-0.010432
5.7349568E-07,-0.010430
5.7354568E-07,-0.010430
5.7359568E-07,-0.010429
5.7364568E-07,-0.010429
5.7369568E-07,-0.010430
5.7374568E-07,-0.010430
5.7379568E-07,-0.010431
5.7384568E-07,-0.010432
5.7389568E-07,-0.010432
5.7394568E-07,-0.010432
5.7399568E-07,-0.010430
5.7404568E-07,-0.010428
5.7409568E-07,-0.010424
5.7414568E-07,-0.010419
5.7419568E-07,-0.010412
5.7424568E-07,-0.010403
5.7429568E-07,-0.010394
5.7434568E-07,-0.010383
5.7439568E-07,-0.010371
5.7444568E-07,-0.010358
5.7449568E-07,-0.010345
5.7454568E-07,-0.010332
5.7459568E-07,-0.010319
5.7464568E-07,-0.010307
5.7469568E-07,-0.010296
5.7474568E-07,-0.010287
5.7479568E-07,-0.010279
5.7484568E-07,-0.010273
5.7489568E-07,-0.010269
5.7494568E-07,-0.010267
5.7499568E-07,-0.010267
5.7504568E-07,-0.010268
5.7509568E-07,-0.010271
5.7514568E-07,-0.010276
5.7519568E-07,-0.010281
5.7524568E-07,-0.010286
5.7529568E-07,-0.010292
5.7534568E-07,-0.010297
5.7539568E-07,-0.010301
5.7544568E-07,-0.010304
5.7549568E-07,-0.010306
5.7554568E-07,-0.010306
5.7559568E-07,-0.010304
5.7564568E-07,-0.010301
5.7569568E-07,-0.010296
5.7574568E-07,-0.010290
5.7579568E-07,-0.010282
5.7584568E-07,-0.010273
5.7589568E-07,-0.010264
5.7594568E-07,-0.010254
5.7599568E-07,-0.010244
5.7604568E-07,-0.010235
5.7609568E-07,-0.010227
5.7614568E-07,-0.010221
5.7619568E-07,-0.010216
5.7624568E-07,-0.010212
5.7629568E-07,-0.010211
5.7634568E-07,-0.010211
5.7639568E-07,-0.010213
5.7644568E-07,-0.010217
5.7649568E-07,-0.010222
5.7654568E-07,-0.010228
5.7659568E-07,-0.010235
5.7664568E-07,-0.010242
5.7669568E-07,-0.010249
5.7674568E-07,-0.010256
5.7679568E-07,-0.010262
5.7684568E-07,-0.010266
5.7689568E-07,-0.010269
5.7694568E-07,-0.010270
5.7699568E-07,-0.010270
5.7704568E-07,-0.010268
5.7709568E-07,-0.010264
5.7714568E-07,-0.010258
5.7719568E-07,-0.010252
5.7724568E-07,-0.010244
5.7729568E-07,-0.010236
5.7734568E-07,-0.010227
5.7739568E-07,-0.010219
5.7744568E-07,-0.010211
5.7749568E-07,-0.010204
5.7754568E-07,-0.010198
5.7759568E-07,-0.010193
5.7764568E-07,-0.010190
5.7769568E-07,-0.010188
5.7774568E-07,-0.010188
5.7779568E-07,-0.010189
5.7784568E-07,-0.010192
5.7789568E-07,-0.010195
5.7794568E-07,-0.010199
5.7799568E-07,-0.010204
5.7804568E-07,-0.010210
5.7809568E-07,-0.010215
5.7814568E-07,-0.010220
5.7819568E-07,-0.010224
5.7824568E-07,-0.010227
5.7829568E-07,-0.010230
5.7834568E-07,-0.010232
5.7839568E-07,-0.010233
5.7844568E-07,-0.010233
5.7849568E-07,-0.010233
5.7854568E-07,-0.010232
5.7859568E-07,-0.010231
5.7864568E-07,-0.010229
5.7869568E-07,-0.010228
5.7874568E-07,-0.010228
5.7879568E-07,-0.010227
5.7884568E-07,-0.010228
5.7889568E-07,-0.010230
5.7894568E-07,-0.010232
5.7899568E-07,-0.010236
5.7904568E-07,-0.010240
5.7909568E-07,-0.010245
5.7914568E-07,-0.010250
5.7919568E-07,-0.010256
5.7924568E-07,-0.010262
5.7929568E-07,-0.010267
5.7934568E-07,-0.010272
5.7939568E-07,-0.010276
5.7944568E-07,-0.010279
5.7949568E-07,-0.010281
5.7954568E-07,-0.010281
5.7959568E-07,-0.010280
5.7964568E-07,-0.010278
5.7969568E-07,-0.010274
5.7974568E-07,-0.010269
5.7979568E-07,-0.010264
5.7984568E-07,-0.010257
5.7989568E-07,-0.010251
5.7994568E-07,-0.010244
5.7999568E-07,-0.010237
5.8004568E-07,-0.010232
5.8009568E-07,-0.010227
5.8014568E-07,-0.010223
5.8019568E-07,-0.010221
5.8024568E-07,-0.010220
5.8029568E-07,-0.010220
5.8034568E-07,-0.010222
5.8039568E-07,-0.010224
5.8044568E-07,-0.010228
5.8049568E-07,-0.010233
5.8054568E-07,-0.010238
5.8059568E-07,-0.010244
5.8064568E-07,-0.010249
5.8069568E-07,-0.010254
5.8074568E-07,-0.010258
5.8079568E-07,-0.010262
5.8084568E-07,-0.010264
5.8089568E-07,-0.010264
5.8094568E-07,-0.010264
5.8099568E-07,-0.010262
5.8104568E-07,-0.010259
5.8109568E-07,-0.010254
5.8114568E-07,-0.010249
5.8119568E-07,-0.010243
5.8124568E-07,-0.010236
5.8129568E-07,-0.010229
5.8134568E-07,-0.010223
5.8139568E-07,-0.010216
5.8144568E-07,-0.010211
5.8149568E-07,-0.010206
5.8154568E-07,-0.010202
5.8159568E-07,-0.010199
5.8164568E-07,-0.010198
5.8169568E-07,-0.010197
5.8174568E-07,-0.010197
5.8179568E-07,-0.010199
5.8184568E-07,-0.010201
5.8189568E-07,-0.010203
5.8194568E-07,-0.010206
5.8199568E-07,-0.010208
5.8204568E-07,-0.010211
5.8209568E-07,-0.010213
5.8214568E-07,-0.010215
5.8219568E-07,-0.010215
5.8224568E-07,-0.010215
5.8229568E-07,-0.010215
5.8234568E-07,-0.010213
5.8239568E-07,-0.010211
5.8244568E-07,-0.010209
5.8249568E-07,-0.010206
5.8254568E-07,-0.010203
5.8259568E-07,-0.010200
5.8264568E-07,-0.010198
5.8269568E-07,-0.010196
5.8274568E-07,-0.010194
5.8279568E-07,-0.010194
5.8284568E-07,-0.010195
5.8289568E-07,-0.010197
5.8294568E-07,-0.010200
5.8299568E-07,-0.010204
5.8304568E-07,-0.010210
5.8309568E-07,-0.010216
5.8314568E-07,-0.010223
5.8319568E-07,-0.010231
5.8324568E-07,-0.010239
5.8329568E-07,-0.010247
5.8334568E-07,-0.010255
5.8339568E-07,-0.010262
5.8344568E-07,-0.010268
5.8349568E-07,-0.010274
5.8354568E-07,-0.010278
5.8359568E-07,-0.010282
5.8364568E-07,-0.010283
5.8369568E-07,-0.010284
5.8374568E-07,-0.010283
5.8379568E-07,-0.010281
5.8384568E-07,-0.010278
5.8389568E-07,-0.010275
5.8394568E-07,-0.010270
5.8399568E-07,-0.010266
5.8404568E-07,-0.010261
5.8409568E-07,-0.010257
5.8414568E-07,-0.010253
5.8419568E-07,-0.010250
5.8424568E-07,-0.010248
5.8429568E-07,-0.010246
5.8434568E-07,-0.010246
5.8439568E-07,-0.010246
5.8444568E-07,-0.010248
5.8449568E-07,-0.010250
5.8454568E-07,-0.010253
5.8459568E-07,-0.010256
5.8464568E-07,-0.010259
5.8469568E-07,-0.010263
5.8474568E-07,-0.010266
5.8479568E-07,-0.010269
5.8484568E-07,-0.010270
5.8489568E-07,-0.010272
5.8494568E-07,-0.010272
5.8499568E-07,-0.010271
5.8504568E-07,-0.010269
5.8509568E-07,-0.010267
5.8514568E-07,-0.010263
5.8519568E-07,-0.010259
5.8524568E-07,-0.010255
5.8529568E-07,-0.010251
5.8534568E-07,-0.010247
5.8539568E-07,-0.010244
5.8544568E-07,-0.010242
5.8549568E-07,-0.010240
5.8554568E-07,-0.010240
5.8559568E-07,-0.010241
5.8564568E-07,-0.010243
5.8569568E-07,-0.010247
5.8574568E-07,-0.010252
5.8579568E-07,-0.010258
5.8584568E-07,-0.010264
5.8589568E-07,-0.010272
5.8594568E-07,-0.010279
5.8599568E-07,-0.010287
5.8604568E-07,-0.010294
5.8609568E-07,-0.010300
5.8614568E-07,-0.010306
5.8619568E-07,-0.010310
5.8624568E-07,-0.010313
5.8629568E-07,-0.010314
5.8634568E-07,-0.010313
5.8639568E-07,-0.010311
5.8644568E-07,-0.010307
5.8649568E-07,-0.010302
5.8654568E-07,-0.010296
5.8659568E-07,-0.010289
5.8664568E-07,-0.010281
5.8669568E-07,-0.010273
5.8674568E-07,-0.010266
5.8679568E-07,-0.010258
5.8684568E-07,-0.010252
5.8689568E-07,-0.010246
5.8694568E-07,-0.010241
5.8699568E-07,-0.010238
5.8704568E-07,-0.010236
5.8709568E-07,-0.010236
5.8714568E-07,-0.010236
5.8719568E-07,-0.010238
5.8724568E-07,-0.010241
5.8729568E-07,-0.010244
5.8734568E-07,-0.010248
5.8739568E-07,-0.010253
5.8744568E-07,-0.010258
5.8749568E-07,-0.010262
5.8754568E-07,-0.010267
5.8759568E-07,-0.010271
5.8764568E-07,-0.010275
5.8769568E-07,-0.010279
5.8774568E-07,-0.010282
5.8779568E-07,-0.010286
5.8784568E-07,-0.010289
5.8789568E-07,-0.010292
5.8794568E-07,-0.010296
5.8799568E-07,-0.010300
5.8804568E-07,-0.010305
5.8809568E-07,-0.010310
5.8814568E-07,-0.010316
5.8819568E-07,-0.010323
5.8824568E-07,-0.010331
5.8829568E-07,-0.010340
5.8834568E-07,-0.010349
5.8839568E-07,-0.010359
5.8844568E-07,-0.010370
5.8849568E-07,-0.010380
5.8854568E-07,-0.010390
5.8859568E-07,-0.010399
5.8864568E-07,-0.010408
5.8869568E-07,-0.010415
5.8874568E-07,-0.010421
5.8879568E-07,-0.010426
5.8884568E-07,-0.010429
5.8889568E-07,-0.010431
5.8894568E-07,-0.010430
5.8899568E-07,-0.010429
5.8904568E-07,-0.010425
5.8909568E-07,-0.010420
5.8914568E-07,-0.010415
5.8919568E-07,-0.010408
5.8924568E-07,-0.010401
5.8929568E-07,-0.010394
5.8934568E-07,-0.010386
5.8939568E-07,-0.010379
5.8944568E-07,-0.010372
5.8949568E-07,-0.010366
5.8954568E-07,-0.010361
5.8959568E-07,-0.010356
5.8964568E-07,-0.010352
5.8969568E-07,-0.010349
5.8974568E-07,-0.010346
5.8979568E-07,-0.010344
5.8984568E-07,-0.010341
5.8989568E-07,-0.010339
5.8994568E-07,-0.010337
5.8999568E-07,-0.010334
5.9004568E-07,-0.010330
5.9009568E-07,-0.010326
5.9014568E-07,-0.010321
5.9019568E-07,-0.010315
5.9024568E-07,-0.010308
5.9029568E-07,-0.010300
5.9034568E-07,-0.010292
5.9039568E-07,-0.010284
5.9044568E-07,-0.010275
5.9049568E-07,-0.010267
5.9054568E-07,-0.010259
5.9059568E-07,-0.010252
5.9064568E-07,-0.010246
5.9069568E-07,-0.010242
5.9074568E-07,-0.010239
5.9079568E-07,-0.010237
5.9084568E-07,-0.010238
5.9089568E-07,-0.010241
5.9094568E-07,-0.010245
5.9099568E-07,-0.010252
5.9104568E-07,-0.010260
5.9109568E-07,-0.010269
5.9114568E-07,-0.010279
5.9119568E-07,-0.010290
5.9124568E-07,-0.010302
5.9129568E-07,-0.010313
5.9134568E-07,-0.010324
5.9139568E-07,-0.010335
5.9144568E-07,-0.010344
5.9149568E-07,-0.010352
5.9154568E-07,-0.010359
5.9159568E-07,-0.010364
5.9164568E-07,-0.010368
5.9169568E-07,-0.010370
5.9174568E-07,-0.010371
5.9179568E-07,-0.010370
5.9184568E-07,-0.010369
5.9189568E-07,-0.010367
5.9194568E-07,-0.010364
5.9199568E-07,-0.010362
5.9204568E-07,-0.010361
5.9209568E-07,-0.010360
5.9214568E-07,-0.010360
5.9219568E-07,-0.010361
5.9224568E-07,-0.010364
5.9229568E-07,-0.010369
5.9234568E-07,-0.010375
5.9239568E-07,-0.010383
5.9244568E-07,-0.010392
5.9249568E-07,-0.010402
5.9254568E-07,-0.010413
5.9259568E-07,-0.010425
5.9264568E-07,-0.010437
5.9269568E-07,-0.010449
5.9274568E-07,-0.010461
5.9279568E-07,-0.010472
5.9284568E-07,-0.010481
5.9289568E-07,-0.010489
5.9294568E-07,-0.010496
5.9299568E-07,-0.010501
5.9304568E-07,-0.010503
5.9309568E-07,-0.010504
5.9314568E-07,-0.010504
5.9319568E-07,-0.010501
5.9324568E-07,-0.010497
5.9329568E-07,-0.010492
5.9334568E-07,-0.010486
5.9339568E-07,-0.010480
5.9344568E-07,-0.010473
5.9349568E-07,-0.010466
5.9354568E-07,-0.010460
5.9359568E-07,-0.010454
5.9364568E-07,-0.010448
5.9369568E-07,-0.010443
5.9374568E-07,-0.010440
5.9379568E-07,-0.010436
5.9384568E-07,-0.010434
5.9389568E-07,-0.010432
5.9394568E-07,-0.010431
5.9399568E-07,-0.010431
5.9404568E-07,-0.010430
5.9409568E-07,-0.010430
5.9414568E-07,-0.010430
5.9419568E-07,-0.010429
5.9424568E-07,-0.010429
5.9429568E-07,-0.010428
5.9434568E-07,-0.010427
5.9439568E-07,-0.010425
5.9444568E-07,-0.010424
5.9449568E-07,-0.010422
5.9454568E-07,-0.010421
5.9459568E-07,-0.010419
5.9464568E-07,-0.010418
5.9469568E-07,-0.010418
5.9474568E-07,-0.010417
5.9479568E-07,-0.010418
5.9484568E-07,-0.010418
5.9489568E-07,-0.010419
5.9494568E-07,-0.010420
5.9499568E-07,-0.010422
5.9504568E-07,-0.010423
5.9509568E-07,-0.010424
5.9514568E-07,-0.010424
5.9519568E-07,-0.010423
5.9524568E-07,-0.010421
5.9529568E-07,-0.010417
5.9534568E-07,-0.010411
5.9539568E-07,-0.010404
5.9544568E-07,-0.010394
5.9549568E-07,-0.010383
5.9554568E-07,-0.010369
5.9559568E-07,-0.010353
5.9564568E-07,-0.010336
5.9569568E-07,-0.010317
5.9574568E-07,-0.010297
5.9579568E-07,-0.010276
5.9584568E-07,-0.010255
5.9589568E-07,-0.010234
5.9594568E-07,-0.010214
5.9599568E-07,-0.010195
5.9604568E-07,-0.010177
5.9609568E-07,-0.010161
5.9614568E-07,-0.010147
5.9619568E-07,-0.010135
5.9624568E-07,-0.010125
5.9629568E-07,-0.010118
5.9634568E-07,-0.010113
5.9639568E-07,-0.010109
5.9644568E-07,-0.010108
5.9649568E-07,-0.010108
5.9654568E-07,-0.010109
5.9659568E-07,-0.010111
5.9664568E-07,-0.010113
5.9669568E-07,-0.010116
5.9674568E-07,-0.010118
5.9679568E-07,-0.010120
5.9684568E-07,-0.010121
5.9689568E-07,-0.010122
5.9694568E-07,-0.010122
5.9699568E-07,-0.010121
5.9704568E-07,-0.010119
5.9709568E-07,-0.010118
5.9714568E-07,-0.010116
5.9719568E-07,-0.010114
5.9724568E-07,-0.010112
5.9729568E-07,-0.010111
5.9734568E-07,-0.010111
5.9739568E-07,-0.010112
5.9744568E-07,-0.010114
5.9749568E-07,-0.010118
5.9754568E-07,-0.010123
5.9759568E-07,-0.010130
5.9764568E-07,-0.010138
5.9769568E-07,-0.010148
5.9774568E-07,-0.010159
5.9779568E-07,-0.010171
5.9784568E-07,-0.010184
5.9789568E-07,-0.010198
5.9794568E-07,-0.010211
5.9799568E-07,-0.010225
5.9804568E-07,-0.010239
5.9809568E-07,-0.010252
5.9814568E-07,-0.010265
5.9819568E-07,-0.010277
5.9824568E-07,-0.010288
5.9829568E-07,-0.010298
5.9834568E-07,-0.010307
5.9839568E-07,-0.010315
5.9844568E-07,-0.010322
5.9849568E-07,-0.010329
5.9854568E-07,-0.010335
5.9859568E-07,-0.010341
5.9864568E-07,-0.010347
5.9869568E-07,-0.010352
5.9874568E-07,-0.010357
5.9879568E-07,-0.010363
5.9884568E-07,-0.010368
5.9889568E-07,-0.010374
5.9894568E-07,-0.010379
5.9899568E-07,-0.010384
5.9904568E-07,-0.010389
5.9909568E-07,-0.010394
5.9914568E-07,-0.010397
5.9919568E-07,-0.010400
5.9924568E-07,-0.010401
5.9929568E-07,-0.010402
5.9934568E-07,-0.010400
5.9939568E-07,-0.010397
5.9944568E-07,-0.010392
5.9949568E-07,-0.010386
5.9954568E-07,-0.010377
5.9959568E-07,-0.010367
5.9964568E-07,-0.010355
5.9969568E-07,-0.010342
5.9974568E-07,-0.010328
5.9979568E-07,-0.010313
5.9984568E-07,-0.010298
5.9989568E-07,-0.010282
5.9994568E-07,-0.010267
5.9999568E-07,-0.010253
6.0004568E-07,-0.010240
6.0009568E-07,-0.010228
6.0014568E-07,-0.010217
6.0019568E-07,-0.010209
6.0024568E-07,-0.010202
6.0029568E-07,-0.010198
6.0034568E-07,-0.010195
6.0039568E-07,-0.010194
6.0044568E-07,-0.010194
6.0049568E-07,-0.010196
6.0054568E-07,-0.010199
6.0059568E-07,-0.010203
6.0064568E-07,-0.010207
6.0069568E-07,-0.010211
6.0074568E-07,-0.010215
6.0079568E-07,-0.010218
6.0084568E-07,-0.010220
6.0089568E-07,-0.010221
6.0094568E-07,-0.010221
6.0099568E-07,-0.010220
6.0104568E-07,-0.010218
6.0109568E-07,-0.010214
6.0114568E-07,-0.010210
6.0119568E-07,-0.010204
6.0124568E-07,-0.010198
6.0129568E-07,-0.010192
6.0134568E-07,-0.010186
6.0139568E-07,-0.010181
6.0144568E-07,-0.010176
6.0149568E-07,-0.010172
6.0154568E-07,-0.010170
6.0159568E-07,-0.010169
6.0164568E-07,-0.010169
6.0169568E-07,-0.010171
6.0174568E-07,-0.010175
6.0179568E-07,-0.010180
6.0184568E-07,-0.010187
6.0189568E-07,-0.010195
6.0194568E-07,-0.010204
6.0199568E-07,-0.010213
6.0204568E-07,-0.010224
6.0209568E-07,-0.010234
6.0214568E-07,-0.010244
6.0219568E-07,-0.010255
6.0224568E-07,-0.010264
6.0229568E-07,-0.010274
6.0234568E-07,-0.010282
6.0239568E-07,-0.010290
6.0244568E-07,-0.010298
6.0249568E-07,-0.010305
6.0254568E-07,-0.010311
6.0259568E-07,-0.010317
6.0264568E-07,-0.010323
6.0269568E-07,-0.010329
6.0274568E-07,-0.010336
6.0279568E-07,-0.010342
6.0284568E-07,-0.010349
6.0289568E-07,-0.010356
6.0294568E-07,-0.010364
6.0299568E-07,-0.010372
6.0304568E-07,-0.010380
6.0309568E-07,-0.010389
6.0314568E-07,-0.010397
6.0319568E-07,-0.010404
6.0324568E-07,-0.010411
6.0329568E-07,-0.010416
6.0334568E-07,-0.010420
6.0339568E-07,-0.010423
6.0344568E-07,-0.010424
6.0349568E-07,-0.010422
6.0354568E-07,-0.010419
6.0359568E-07,-0.010413
6.0364568E-07,-0.010405
6.0369568E-07,-0.010395
6.0374568E-07,-0.010384
6.0379568E-07,-0.010370
6.0384568E-07,-0.010356
6.0389568E-07,-0.010340
6.0394568E-07,-0.010324
6.0399568E-07,-0.010308
6.0404568E-07,-0.010291
6.0409568E-07,-0.010276
6.0414568E-07,-0.010261
6.0419568E-07,-0.010247
6.0424568E-07,-0.010234
6.0429568E-07,-0.010223
6.0434568E-07,-0.010213
6.0439568E-07,-0.010204
6.0444568E-07,-0.010197
6.0449568E-07,-0.010191
6.0454568E-07,-0.010186
6.0459568E-07,-0.010182
6.0464568E-07,-0.010179
6.0469568E-07,-0.010176
6.0474568E-07,-0.010175
6.0479568E-07,-0.010173
6.0484568E-07,-0.010173
6.0489568E-07,-0.010172
6.0494568E-07,-0.010173
6.0499568E-07,-0.010173
6.0504568E-07,-0.010175
6.0509568E-07,-0.010177
6.0514568E-07,-0.010180
6.0519568E-07,-0.010184
6.0524568E-07,-0.010190
6.0529568E-07,-0.010196
6.0534568E-07,-0.010204
6.0539568E-07,-0.010213
6.0544568E-07,-0.010224
6.0549568E-07,-0.010235
6.0554568E-07,-0.010248
6.0559568E-07,-0.010261
6.0564568E-07,-0.010275
6.0569568E-07,-0.010288
6.0574568E-07,-0.010302
6.0579568E-07,-0.010315
6.0584568E-07,-0.010327
6.0589568E-07,-0.010338
6.0594568E-07,-0.010348
6.0599568E-07,-0.010355
6.0604568E-07,-0.010361
6.0609568E-07,-0.010365
6.0614568E-07,-0.010367
6.0619568E-07,-0.010367
6.0624568E-07,-0.010365
6.0629568E-07,-0.010361
6.0634568E-07,-0.010356
6.0639568E-07,-0.010350
6.0644568E-07,-0.010343
6.0649568E-07,-0.010335
6.0654568E-07,-0.010328
6.0659568E-07,-0.010320
6.0664568E-07,-0.010313
6.0669568E-07,-0.010307
6.0674568E-07,-0.010302
6.0679568E-07,-0.010298
6.0684568E-07,-0.010295
6.0689568E-07,-0.010294
6.0694568E-07,-0.010293
6.0699568E-07,-0.010294
6.0704568E-07,-0.010295
6.0709568E-07,-0.010297
6.0714568E-07,-0.010300
6.0719568E-07,-0.010303
6.0724568E-07,-0.010305
6.0729568E-07,-0.010307
6.0734568E-07,-0.010309
6.0739568E-07,-0.010309
6.0744568E-07,-0.010309
6.0749568E-07,-0.010307
6.0754568E-07,-0.010304
6.0759568E-07,-0.010300
6.0764568E-07,-0.010295
6.0769568E-07,-0.010288
6.0774568E-07,-0.010281
6.0779568E-07,-0.010273
6.0784568E-07,-0.010264
6.0789568E-07,-0.010255
6.0794568E-07,-0.010246
6.0799568E-07,-0.010237
6.0804568E-07,-0.010229
6.0809568E-07,-0.010221
6.0814568E-07,-0.010214
6.0819568E-07,-0.010209
6.0824568E-07,-0.010205
6.0829568E-07,-0.010202
6.0834568E-07,-0.010200
6.0839568E-07,-0.010200
6.0844568E-07,-0.010201
6.0849568E-07,-0.010204
6.0854568E-07,-0.010207
6.0859568E-07,-0.010211
6.0864568E-07,-0.010216
6.0869568E-07,-0.010221
6.0874568E-07,-0.010227
6.0879568E-07,-0.010232
6.0884568E-07,-0.010238
6.0889568E-07,-0.010243
6.0894568E-07,-0.010249
6.0899568E-07,-0.010254
6.0904568E-07,-0.010258
6.0909568E-07,-0.010263
6.0914568E-07,-0.010267
6.0919568E-07,-0.010271
6.0924568E-07,-0.010275
6.0929568E-07,-0.010279
6.0934568E-07,-0.010283
6.0939568E-07,-0.010288
6.0944568E-07,-0.010293
6.0949568E-07,-0.010298
6.0954568E-07,-0.010304
6.0959568E-07,-0.010310
6.0964568E-07,-0.010317
6.0969568E-07,-0.010324
6.0974568E-07,-0.010332
6.0979568E-07,-0.010340
6.0984568E-07,-0.010347
6.0989568E-07,-0.010355
6.0994568E-07,-0.010362
6.0999568E-07,-0.010369
6.1004568E-07,-0.010374
6.1009568E-07,-0.010379
6.1014568E-07,-0.010383
6.1019568E-07,-0.010385
6.1024568E-07,-0.010387
6.1029568E-07,-0.010387
6.1034568E-07,-0.010386
6.1039568E-07,-0.010383
6.1044568E-07,-0.010380
6.1049568E-07,-0.010375
6.1054568E-07,-0.010370
6.1059568E-07,-0.010365
6.1064568E-07,-0.010359
6.1069568E-07,-0.010353
6.1074568E-07,-0.010347
6.1079568E-07,-0.010341
6.1084568E-07,-0.010336
6.1089568E-07,-0.010331
6.1094568E-07,-0.010327
6.1099568E-07,-0.010323
6.1104568E-07,-0.010320
6.1109568E-07,-0.010317
6.1114568E-07,-0.010314
6.1119568E-07,-0.010312
6.1124568E-07,-0.010309
6.1129568E-07,-0.010307
6.1134568E-07,-0.010304
6.1139568E-07,-0.010301
6.1144568E-07,-0.010297
6.1149568E-07,-0.010293
6.1154568E-07,-0.010288
6.1159568E-07,-0.010283
6.1164568E-07,-0.010277
6.1169568E-07,-0.010272
6.1174568E-07,-0.010266
6.1179568E-07,-0.010261
6.1184568E-07,-0.010256
6.1189568E-07,-0.010252
6.1194568E-07,-0.010249
6.1199568E-07,-0.010247
6.1204568E-07,-0.010246
6.1209568E-07,-0.010246
6.1214568E-07,-0.010247
6.1219568E-07,-0.010250
6.1224568E-07,-0.010254
6.1229568E-07,-0.010259
6.1234568E-07,-0.010264
6.1239568E-07,-0.010270
6.1244568E-07,-0.010276
6.1249568E-07,-0.010282
6.1254568E-07,-0.010287
6.1259568E-07,-0.010292
6.1264568E-07,-0.010295
6.1269568E-07,-0.010298
6.1274568E-07,-0.010299
6.1279568E-07,-0.010298
6.1284568E-07,-0.010297
6.1289568E-07,-0.010293
6.1294568E-07,-0.010289
6.1299568E-07,-0.010284
6.1304568E-07,-0.010278
6.1309568E-07,-0.010272
6.1314568E-07,-0.010265
6.1319568E-07,-0.010259
6.1324568E-07,-0.010254
6.1329568E-07,-0.010250
6.1334568E-07,-0.010247
6.1339568E-07,-0.010246
6.1344568E-07,-0.010246
6.1349568E-07,-0.010248
6.1354568E-07,-0.010252
6.1359568E-07,-0.010258
6.1364568E-07,-0.010265
6.1369568E-07,-0.010273
6.1374568E-07,-0.010283
6.1379568E-07,-0.010294
6.1384568E-07,-0.010305
6.1389568E-07,-0.010317
6.1394568E-07,-0.010328
6.1399568E-07,-0.010340
6.1404568E-07,-0.010351
6.1409568E-07,-0.010361
6.1414568E-07,-0.010370
6.1419568E-07,-0.010378
6.1424568E-07,-0.010385
6.1429568E-07,-0.010390
6.1434568E-07,-0.010395
6.1439568E-07,-0.010399
6.1444568E-07,-0.010402
6.1449568E-07,-0.010405
6.1454568E-07,-0.010407
6.1459568E-07,-0.010409
6.1464568E-07,-0.010412
6.1469568E-07,-0.010414
6.1474568E-07,-0.010417
6.1479568E-07,-0.010421
6.1484568E-07,-0.010426
6.1489568E-07,-0.010431
6.1494568E-07,-0.010438
6.1499568E-07,-0.010445
6.1504568E-07,-0.010454
6.1509568E-07,-0.010463
6.1514568E-07,-0.010473
6.1519568E-07,-0.010484
6.1524568E-07,-0.010495
6.1529568E-07,-0.010507
6.1534568E-07,-0.010519
6.1539568E-07,-0.010531
6.1544568E-07,-0.010543
6.1549568E-07,-0.010555
6.1554568E-07,-0.010566
6.1559568E-07,-0.010577
6.1564568E-07,-0.010588
6.1569568E-07,-0.010598
6.1574568E-07,-0.010607
6.1579568E-07,-0.010616
6.1584568E-07,-0.010624
6.1589568E-07,-0.010632
6.1594568E-07,-0.010640
6.1599568E-07,-0.010647
6.1604568E-07,-0.010654
6.1609568E-07,-0.010660
6.1614568E-07,-0.010666
6.1619568E-07,-0.010672
6.1624568E-07,-0.010678
6.1629568E-07,-0.010683
6.1634568E-07,-0.010688
6.1639568E-07,-0.010692
6.1644568E-07,-0.010696
6.1649568E-07,-0.010699
6.1654568E-07,-0.010701
6.1659568E-07,-0.010701
6.1664568E-07,-0.010701
6.1669568E-07,-0.010699
6.1674568E-07,-0.010695
6.1679568E-07,-0.010689
6.1684568E-07,-0.010682
6.1689568E-07,-0.010673
6.1694568E-07,-0.010661
6.1699568E-07,-0.010648
6.1704568E-07,-0.010632
6.1709568E-07,-0.010615
6.1714568E-07,-0.010596
6.1719568E-07,-0.010576
6.1724568E-07,-0.010554
6.1729568E-07,-0.010532
6.1734568E-07,-0.010508
6.1739568E-07,-0.010484
6.1744568E-07,-0.010460
6.1749568E-07,-0.010436
6.1754568E-07,-0.010412
6.1759568E-07,-0.010388
6.1764568E-07,-0.010365
6.1769568E-07,-0.010343
6.1774568E-07,-0.010321
6.1779568E-07,-0.010300
6.1784568E-07,-0.010279
6.1789568E-07,-0.010260
6.1794568E-07,-0.010241
6.1799568E-07,-0.010222
6.1804568E-07,-0.010204
6.1809568E-07,-0.010187
6.1814568E-07,-0.010170
6.1819568E-07,-0.010154
6.1824568E-07,-0.010138
6.1829568E-07,-0.010122
6.1834568E-07,-0.010107
6.1839568E-07,-0.010093
6.1844568E-07,-0.010080
6.1849568E-07,-0.010067
6.1854568E-07,-0.010056
6.1859568E-07,-0.010046
6.1864568E-07,-0.010037
6.1869568E-07,-0.010030
6.1874568E-07,-0.010025
6.1879568E-07,-0.010022
6.1884568E-07,-0.010021
6.1889568E-07,-0.010022
6.1894568E-07,-0.010024
6.1899568E-07,-0.010029
6.1904568E-07,-0.010034
6.1909568E-07,-0.010042
6.1914568E-07,-0.010050
6.1919568E-07,-0.010059
6.1924568E-07,-0.010068
6.1929568E-07,-0.010077
6.1934568E-07,-0.010087
6.1939568E-07,-0.010095
6.1944568E-07,-0.010103
6.1949568E-07,-0.010110
6.1954568E-07,-0.010115
6.1959568E-07,-0.010119
6.1964568E-07,-0.010122
6.1969568E-07,-0.010123
6.1974568E-07,-0.010123
6.1979568E-07,-0.010122
6.1984568E-07,-0.010120
6.1989568E-07,-0.010117
6.1994568E-07,-0.010113
6.1999568E-07,-0.010110
6.2004568E-07,-0.010106
6.2009568E-07,-0.010103
6.2014568E-07,-0.010100
6.2019568E-07,-0.010098
6.2024568E-07,-0.010097
6.2029568E-07,-0.010096
6.2034568E-07,-0.010097
6.2039568E-07,-0.010098
6.2044568E-07,-0.010100
6.2049568E-07,-0.010102
6.2054568E-07,-0.010106
6.2059568E-07,-0.010109
6.2064568E-07,-0.010114
6.2069568E-07,-0.010118
6.2074568E-07,-0.010122
6.2079568E-07,-0.010127
6.2084568E-07,-0.010131
6.2089568E-07,-0.010136
6.2094568E-07,-0.010140
6.2099568E-07,-0.010144
6.2104568E-07,-0.010149
6.2109568E-07,-0.010154
6.2114568E-07,-0.010159
6.2119568E-07,-0.010165
6.2124568E-07,-0.010171
6.2129568E-07,-0.010177
6.2134568E-07,-0.010184
6.2139568E-07,-0.010192
6.2144568E-07,-0.010201
6.2149568E-07,-0.010210
6.2154568E-07,-0.010220
6.2159568E-07,-0.010230
6.2164568E-07,-0.010240
6.2169568E-07,-0.010251
6.2174568E-07,-0.010261
6.2179568E-07,-0.010271
6.2184568E-07,-0.010280
6.2189568E-07,-0.010289
6.2194568E-07,-0.010296
6.2199568E-07,-0.010303
6.2204568E-07,-0.010308
6.2209568E-07,-0.010312
6.2214568E-07,-0.010315
6.2219568E-07,-0.010317
6.2224568E-07,-0.010317
6.2229568E-07,-0.010316
6.2234568E-07,-0.010315
6.2239568E-07,-0.010313
6.2244568E-07,-0.010310
6.2249568E-07,-0.010306
6.2254568E-07,-0.010303
6.2259568E-07,-0.010299
6.2264568E-07,-0.010296
6.2269568E-07,-0.010293
6.2274568E-07,-0.010290
6.2279568E-07,-0.010288
6.2284568E-07,-0.010287
6.2289568E-07,-0.010286
6.2294568E-07,-0.010285
6.2299568E-07,-0.010285
6.2304568E-07,-0.010285
6.2309568E-07,-0.010286
6.2314568E-07,-0.010287
6.2319568E-07,-0.010287
6.2324568E-07,-0.010288
6.2329568E-07,-0.010288
6.2334568E-07,-0.010287
6.2339568E-07,-0.010286
6.2344568E-07,-0.010284
6.2349568E-07,-0.010282
6.2354568E-07,-0.010278
6.2359568E-07,-0.010274
6.2364568E-07,-0.010269
6.2369568E-07,-0.010263
6.2374568E-07,-0.010256
6.2379568E-07,-0.010248
6.2384568E-07,-0.010240
6.2389568E-07,-0.010232
6.2394568E-07,-0.010224
6.2399568E-07,-0.010215
6.2404568E-07,-0.010206
6.2409568E-07,-0.010198
6.2414568E-07,-0.010190
6.2419568E-07,-0.010182
6.2424568E-07,-0.010175
6.2429568E-07,-0.010169
6.2434568E-07,-0.010163
6.2439568E-07,-0.010157
6.2444568E-07,-0.010153
6.2449568E-07,-0.010148
6.2454568E-07,-0.010144
6.2459568E-07,-0.010141
6.2464568E-07,-0.010137
6.2469568E-07,-0.010134
6.2474568E-07,-0.010131
6.2479568E-07,-0.010127
6.2484568E-07,-0.010124
6.2489568E-07,-0.010120
6.2494568E-07,-0.010116
6.2499568E-07,-0.010112
6.2504568E-07,-0.010108
6.2509568E-07,-0.010103
6.2514568E-07,-0.010099
6.2519568E-07,-0.010094
6.2524568E-07,-0.010090
6.2529568E-07,-0.010086
6.2534568E-07,-0.010083
6.2539568E-07,-0.010080
6.2544568E-07,-0.010078
6.2549568E-07,-0.010077
6.2554568E-07,-0.010076
6.2559568E-07,-0.010077
6.2564568E-07,-0.010078
6.2569568E-07,-0.010080
6.2574568E-07,-0.010083
6.2579568E-07,-0.010087
6.2584568E-07,-0.010091
6.2589568E-07,-0.010096
6.2594568E-07,-0.010100
6.2599568E-07,-0.010105
6.2604568E-07,-0.010109
6.2609568E-07,-0.010113
6.2614568E-07,-0.010116
6.2619568E-07,-0.010119
6.2624568E-07,-0.010121
6.2629568E-07,-0.010122
6.2634568E-07,-0.010122
6.2639568E-07,-0.010121
6.2644568E-07,-0.010119
6.2649568E-07,-0.010117
6.2654568E-07,-0.010115
6.2659568E-07,-0.010112
6.2664568E-07,-0.010109
6.2669568E-07,-0.010106
6.2674568E-07,-0.010104
6.2679568E-07,-0.010102
6.2684568E-07,-0.010101
6.2689568E-07,-0.010101
6.2694568E-07,-0.010102
6.2699568E-07,-0.010104
6.2704568E-07,-0.010108
6.2709568E-07,-0.010112
6.2714568E-07,-0.010117
6.2719568E-07,-0.010122
6.2724568E-07,-0.010128
6.2729568E-07,-0.010135
6.2734568E-07,-0.010142
6.2739568E-07,-0.010148
6.2744568E-07,-0.010154
6.2749568E-07,-0.010160
6.2754568E-07,-0.010165
6.2759568E-07,-0.010169
6.2764568E-07,-0.010173
6.2769568E-07,-0.010176
6.2774568E-07,-0.010178
6.2779568E-07,-0.010179
6.2784568E-07,-0.010180
6.2789568E-07,-0.010181
6.2794568E-07,-0.010181
6.2799568E-07,-0.010182
6.2804568E-07,-0.010182
6.2809568E-07,-0.010184
6.2814568E-07,-0.010185
6.2819568E-07,-0.010188
6.2824568E-07,-0.010192
6.2829568E-07,-0.010196
6.2834568E-07,-0.010201
6.2839568E-07,-0.010207
6.2844568E-07,-0.010214
6.2849568E-07,-0.010222
6.2854568E-07,-0.010230
6.2859568E-07,-0.010238
6.2864568E-07,-0.010247
6.2869568E-07,-0.010255
6.2874568E-07,-0.010264
6.2879568E-07,-0.010272
6.2884568E-07,-0.010280
6.2889568E-07,-0.010288
6.2894568E-07,-0.010295
6.2899568E-07,-0.010301
6.2904568E-07,-0.010307
6.2909568E-07,-0.010313
6.2914568E-07,-0.010319
6.2919568E-07,-0.010324
6.2924568E-07,-0.010329
6.2929568E-07,-0.010334
6.2934568E-07,-0.010339
6.2939568E-07,-0.010344
6.2944568E-07,-0.010348
6.2949568E-07,-0.010353
6.2954568E-07,-0.010358
6.2959568E-07,-0.010362
6.2964568E-07,-0.010366
6.2969568E-07,-0.010369
6.2974568E-07,-0.010371
6.2979568E-07,-0.010373
6.2984568E-07,-0.010373
6.2989568E-07,-0.010372
6.2994568E-07,-0.010370
6.2999568E-07,-0.010365
6.3004568E-07,-0.010360
6.3009568E-07,-0.010352
6.3014568E-07,-0.010343
6.3019568E-07,-0.010332
6.3024568E-07,-0.010320
6.3029568E-07,-0.010306
6.3034568E-07,-0.010292
6.3039568E-07,-0.010277
6.3044568E-07,-0.010261
6.3049568E-07,-0.010246
6.3054568E-07,-0.010230
6.3059568E-07,-0.010215
6.3064568E-07,-0.010201
6.3069568E-07,-0.010187
6.3074568E-07,-0.010175
6.3079568E-07,-0.010163
6.3084568E-07,-0.010153
6.3089568E-07,-0.010144
6.3094568E-07,-0.010136
6.3099568E-07,-0.010130
6.3104568E-07,-0.010124
6.3109568E-07,-0.010119
6.3114568E-07,-0.010115
6.3119568E-07,-0.010111
6.3124568E-07,-0.010108
6.3129568E-07,-0.010104
6.3134568E-07,-0.010101
6.3139568E-07,-0.010097
6.3144568E-07,-0.010093
6.3149568E-07,-0.010089
6.3154568E-07,-0.010085
6.3159568E-07,-0.010081
6.3164568E-07,-0.010076
6.3169568E-07,-0.010072
6.3174568E-07,-0.010067
6.3179568E-07,-0.010063
6.3184568E-07,-0.010060
6.3189568E-07,-0.010057
6.3194568E-07,-0.010055
6.3199568E-07,-0.010054
6.3204568E-07,-0.010055
6.3209568E-07,-0.010056
6.3214568E-07,-0.010058
6.3219568E-07,-0.010062
6.3224568E-07,-0.010067
6.3229568E-07,-0.010072
6.3234568E-07,-0.010078
6.3239568E-07,-0.010085
6.3244568E-07,-0.010093
6.3249568E-07,-0.010100
6.3254568E-07,-0.010107
6.3259568E-07,-0.010114
6.3264568E-07,-0.010120
6.3269568E-07,-0.010125
6.3274568E-07,-0.010128
6.3279568E-07,-0.010131
6.3284568E-07,-0.010132
6.3289568E-07,-0.010132
6.3294568E-07,-0.010130
6.3299568E-07,-0.010126
6.3304568E-07,-0.010121
6.3309568E-07,-0.010115
6.3314568E-07,-0.010108
6.3319568E-07,-0.010100
6.3324568E-07,-0.010091
6.3329568E-07,-0.010082
6.3334568E-07,-0.010072
6.3339568E-07,-0.010063
6.3344568E-07,-0.010054
6.3349568E-07,-0.010046
6.3354568E-07,-0.010039
6.3359568E-07,-0.010033
6.3364568E-07,-0.010027
6.3369568E-07,-0.010023
6.3374568E-07,-0.010020
6.3379568E-07,-0.010019
6.3384568E-07,-0.010018
6.3389568E-07,-0.010019
6.3394568E-07,-0.010021
6.3399568E-07,-0.010024
6.3404568E-07,-0.010028
6.3409568E-07,-0.010033
6.3414568E-07,-0.010038
6.3419568E-07,-0.010044
6.3424568E-07,-0.010050
6.3429568E-07,-0.010057
6.3434568E-07,-0.010064
6.3439568E-07,-0.010072
6.3444568E-07,-0.010080
6.3449568E-07,-0.010088
6.3454568E-07,-0.010097
6.3459568E-07,-0.010106
6.3464568E-07,-0.010115
6.3469568E-07,-0.010126
6.3474568E-07,-0.010136
6.3479568E-07,-0.010147
6.3484568E-07,-0.010159
6.3489568E-07,-0.010171
6.3494568E-07,-0.010183
6.3499568E-07,-0.010196
6.3504568E-07,-0.010209
6.3509568E-07,-0.010222
6.3514568E-07,-0.010234
6.3519568E-07,-0.010247
6.3524568E-07,-0.010259
6.3529568E-07,-0.010270
6.3534568E-07,-0.010280
6.3539568E-07,-0.010290
6.3544568E-07,-0.010299
6.3549568E-07,-0.010306
6.3554568E-07,-0.010313
6.3559568E-07,-0.010318
6.3564568E-07,-0.010322
6.3569568E-07,-0.010326
6.3574568E-07,-0.010329
6.3579568E-07,-0.010332
6.3584568E-07,-0.010334
6.3589568E-07,-0.010336
6.3594568E-07,-0.010338
6.3599568E-07,-0.010341
6.3604568E-07,-0.010344
6.3609568E-07,-0.010347
6.3614568E-07,-0.010352
6.3619568E-07,-0.010357
6.3624568E-07,-0.010363
6.3629568E-07,-0.010370
6.3634568E-07,-0.010377
6.3639568E-07,-0.010385
6.3644568E-07,-0.010393
6.3649568E-07,-0.010401
6.3654568E-07,-0.010409
6.3659568E-07,-0.010416
6.3664568E-07,-0.010422
6.3669568E-07,-0.010426
6.3674568E-07,-0.010430
6.3679568E-07,-0.010432
6.3684568E-07,-0.010432
6.3689568E-07,-0.010431
6.3694568E-07,-0.010427
6.3699568E-07,-0.010422
6.3704568E-07,-0.010415
6.3709568E-07,-0.010407
6.3714568E-07,-0.010397
6.3719568E-07,-0.010387
6.3724568E-07,-0.010375
6.3729568E-07,-0.010364
6.3734568E-07,-0.010352
6.3739568E-07,-0.010340
6.3744568E-07,-0.010328
6.3749568E-07,-0.010317
6.3754568E-07,-0.010306
6.3759568E-07,-0.010296
6.3764568E-07,-0.010287
6.3769568E-07,-0.010279
6.3774568E-07,-0.010271
6.3779568E-07,-0.010264
6.3784568E-07,-0.010258
6.3789568E-07,-0.010253
6.3794568E-07,-0.010248
6.3799568E-07,-0.010243
6.3804568E-07,-0.010238
6.3809568E-07,-0.010234
6.3814568E-07,-0.010230
6.3819568E-07,-0.010226
6.3824568E-07,-0.010222
6.3829568E-07,-0.010218
6.3834568E-07,-0.010215
6.3839568E-07,-0.010212
6.3844568E-07,-0.010209
6.3849568E-07,-0.010207
6.3854568E-07,-0.010206
6.3859568E-07,-0.010205
6.3864568E-07,-0.010204
6.3869568E-07,-0.010205
6.3874568E-07,-0.010206
6.3879568E-07,-0.010208
6.3884568E-07,-0.010211
6.3889568E-07,-0.010215
6.3894568E-07,-0.010218
6.3899568E-07,-0.010223
6.3904568E-07,-0.010227
6.3909568E-07,-0.010231
6.3914568E-07,-0.010236
6.3919568E-07,-0.010240
6.3924568E-07,-0.010243
6.3929568E-07,-0.010246
6.3934568E-07,-0.010249
6.3939568E-07,-0.010251
6.3944568E-07,-0.010252
6.3949568E-07,-0.010253
6.3954568E-07,-0.010253
6.3959568E-07,-0.010252
6.3964568E-07,-0.010252
6.3969568E-07,-0.010250
6.3974568E-07,-0.010249
6.3979568E-07,-0.010248
6.3984568E-07,-0.010247
6.3989568E-07,-0.010246
6.3994568E-07,-0.010245
6.3999568E-07,-0.010245
6.4004568E-07,-0.010246
6.4009568E-07,-0.010247
6.4014568E-07,-0.010249
6.4019568E-07,-0.010252
6.4024568E-07,-0.010255
6.4029568E-07,-0.010259
6.4034568E-07,-0.010263
6.4039568E-07,-0.010268
6.4044568E-07,-0.010274
6.4049568E-07,-0.010279
6.4054568E-07,-0.010285
6.4059568E-07,-0.010290
6.4064568E-07,-0.010295
6.4069568E-07,-0.010300
6.4074568E-07,-0.010305
6.4079568E-07,-0.010309
6.4084568E-07,-0.010313
6.4089568E-07,-0.010315
6.4094568E-07,-0.010317
6.4099568E-07,-0.010318
6.4104568E-07,-0.010318
6.4109568E-07,-0.010317
6.4114568E-07,-0.010315
6.4119568E-07,-0.010312
6.4124568E-07,-0.010308
6.4129568E-07,-0.010303
6.4134568E-07,-0.010298
6.4139568E-07,-0.010291
6.4144568E-07,-0.010284
6.4149568E-07,-0.010276
6.4154568E-07,-0.010268
6.4159568E-07,-0.010258
6.4164568E-07,-0.010249
6.4169568E-07,-0.010239
6.4174568E-07,-0.010228
6.4179568E-07,-0.010217
6.4184568E-07,-0.010206
6.4189568E-07,-0.010194
6.4194568E-07,-0.010182
6.4199568E-07,-0.010170
6.4204568E-07,-0.010157
6.4209568E-07,-0.010143
6.4214568E-07,-0.010130
6.4219568E-07,-0.010116
6.4224568E-07,-0.010101
6.4229568E-07,-0.010087
6.4234568E-07,-0.010072
6.4239568E-07,-0.010058
6.4244568E-07,-0.010044
6.4249568E-07,-0.010030
6.4254568E-07,-0.010017
6.4259568E-07,-0.010005
6.4264568E-07,-0.009994
6.4269568E-07,-0.009984
6.4274568E-07,-0.009975
6.4279568E-07,-0.009969
6.4284568E-07,-0.009964
6.4289568E-07,-0.009961
6.4294568E-07,-0.009961
6.4299568E-07,-0.009962
6.4304568E-07,-0.009965
6.4309568E-07,-0.009970
6.4314568E-07,-0.009977
6.4319568E-07,-0.009986
6.4324568E-07,-0.009995
6.4329568E-07,-0.010006
6.4334568E-07,-0.010017
6.4339568E-07,-0.010028
6.4344568E-07,-0.010040
6.4349568E-07,-0.010051
6.4354568E-07,-0.010062
6.4359568E-07,-0.010072
6.4364568E-07,-0.010081
6.4369568E-07,-0.010089
6.4374568E-07,-0.010095
6.4379568E-07,-0.010100
6.4384568E-07,-0.010104
6.4389568E-07,-0.010107
6.4394568E-07,-0.010108
6.4399568E-07,-0.010109
6.4404568E-07,-0.010108
6.4409568E-07,-0.010107
6.4414568E-07,-0.010105
6.4419568E-07,-0.010103
6.4424568E-07,-0.010100
6.4429568E-07,-0.010097
6.4434568E-07,-0.010095
6.4439568E-07,-0.010092
6.4444568E-07,-0.010090
6.4449568E-07,-0.010087
6.4454568E-07,-0.010086
6.4459568E-07,-0.010084
6.4464568E-07,-0.010083
6.4469568E-07,-0.010082
6.4474568E-07,-0.010082
6.4479568E-07,-0.010083
6.4484568E-07,-0.010084
6.4489568E-07,-0.010086
6.4494568E-07,-0.010088
6.4499568E-07,-0.010092
6.4504568E-07,-0.010096
6.4509568E-07,-0.010101
6.4514568E-07,-0.010107
6.4519568E-07,-0.010114
6.4524568E-07,-0.010123
6.4529568E-07,-0.010132
6.4534568E-07,-0.010142
6.4539568E-07,-0.010152
6.4544568E-07,-0.010164
6.4549568E-07,-0.010176
6.4554568E-07,-0.010188
6.4559568E-07,-0.010201
6.4564568E-07,-0.010213
6.4569568E-07,-0.010225
6.4574568E-07,-0.010236
6.4579568E-07,-0.010246
6.4584568E-07,-0.010255
6.4589568E-07,-0.010263
6.4594568E-07,-0.010269
6.4599568E-07,-0.010274
6.4604568E-07,-0.010277
6.4609568E-07,-0.010278
6.4614568E-07,-0.010278
6.4619568E-07,-0.010276
6.4624568E-07,-0.010273
6.4629568E-07,-0.010269
6.4634568E-07,-0.010263
6.4639568E-07,-0.010257
6.4644568E-07,-0.010251
6.4649568E-07,-0.010245
6.4654568E-07,-0.010239
6.4659568E-07,-0.010233
6.4664568E-07,-0.010228
6.4669568E-07,-0.010223
6.4674568E-07,-0.010219
6.4679568E-07,-0.010217
6.4684568E-07,-0.010215
6.4689568E-07,-0.010214
6.4694568E-07,-0.010214
6.4699568E-07,-0.010215
6.4704568E-07,-0.010216
6.4709568E-07,-0.010217
6.4714568E-07,-0.010219
6.4719568E-07,-0.010221
6.4724568E-07,-0.010223
6.4729568E-07,-0.010224
6.4734568E-07,-0.010226
6.4739568E-07,-0.010227
6.4744568E-07,-0.010227
6.4749568E-07,-0.010227
6.4754568E-07,-0.010226
6.4759568E-07,-0.010225
6.4764568E-07,-0.010223
6.4769568E-07,-0.010221
6.4774568E-07,-0.010219
6.4779568E-07,-0.010216
6.4784568E-07,-0.010214
6.4789568E-07,-0.010211
6.4794568E-07,-0.010209
6.4799568E-07,-0.010207
6.4804568E-07,-0.010205
6.4809568E-07,-0.010203
6.4814568E-07,-0.010202
6.4819568E-07,-0.010201
6.4824568E-07,-0.010200
6.4829568E-07,-0.010199
6.4834568E-07,-0.010199
6.4839568E-07,-0.010200
6.4844568E-07,-0.010200
6.4849568E-07,-0.010201
6.4854568E-07,-0.010202
6.4859568E-07,-0.010203
6.4864568E-07,-0.010204
6.4869568E-07,-0.010206
6.4874568E-07,-0.010207
6.4879568E-07,-0.010208
6.4884568E-07,-0.010210
6.4889568E-07,-0.010211
6.4894568E-07,-0.010213
6.4899568E-07,-0.010214
6.4904568E-07,-0.010216
6.4909568E-07,-0.010217
6.4914568E-07,-0.010218
6.4919568E-07,-0.010219
6.4924568E-07,-0.010220
6.4929568E-07,-0.010221
6.4934568E-07,-0.010221
6.4939568E-07,-0.010222
6.4944568E-07,-0.010223
6.4949568E-07,-0.010223
6.4954568E-07,-0.010223
6.4959568E-07,-0.010223
6.4964568E-07,-0.010223
6.4969568E-07,-0.010223
6.4974568E-07,-0.010223
6.4979568E-07,-0.010223
6.4984568E-07,-0.010223
6.4989568E-07,-0.010222
6.4994568E-07,-0.010222
6.4999568E-07,-0.010221
6.5004568E-07,-0.010221
6.5009568E-07,-0.010220
6.5014568E-07,-0.010219
6.5019568E-07,-0.010218
6.5024568E-07,-0.010216
6.5029568E-07,-0.010215
6.5034568E-07,-0.010213
6.5039568E-07,-0.010211
6.5044568E-07,-0.010209
6.5049568E-07,-0.010207
6.5054568E-07,-0.010205
6.5059568E-07,-0.010203
6.5064568E-07,-0.010201
6.5069568E-07,-0.010198
6.5074568E-07,-0.010197
6.5079568E-07,-0.010195
6.5084568E-07,-0.010193
6.5089568E-07,-0.010192
6.5094568E-07,-0.010192
6.5099568E-07,-0.010191
6.5104568E-07,-0.010191
6.5109568E-07,-0.010191
6.5114568E-07,-0.010191
6.5119568E-07,-0.010192
6.5124568E-07,-0.010192
6.5129568E-07,-0.010193
6.5134568E-07,-0.010194
6.5139568E-07,-0.010194
6.5144568E-07,-0.010194
6.5149568E-07,-0.010194
6.5154568E-07,-0.010194
6.5159568E-07,-0.010193
6.5164568E-07,-0.010192
6.5169568E-07,-0.010191
6.5174568E-07,-0.010189
6.5179568E-07,-0.010186
6.5184568E-07,-0.010184
6.5189568E-07,-0.010181
6.5194568E-07,-0.010179
6.5199568E-07,-0.010176
6.5204568E-07,-0.010174
6.5209568E-07,-0.010171
6.5214568E-07,-0.010169
6.5219568E-07,-0.010168
6.5224568E-07,-0.010167
6.5229568E-07,-0.010166
6.5234568E-07,-0.010165
6.5239568E-07,-0.010165
6.5244568E-07,-0.010165
6.5249568E-07,-0.010165
6.5254568E-07,-0.010165
6.5259568E-07,-0.010166
6.5264568E-07,-0.010166
6.5269568E-07,-0.010166
6.5274568E-07,-0.010165
6.5279568E-07,-0.010164
6.5284568E-07,-0.010163
6.5289568E-07,-0.010161
6.5294568E-07,-0.010158
6.5299568E-07,-0.010155
6.5304568E-07,-0.010152
6.5309568E-07,-0.010148
6.5314568E-07,-0.010143
6.5319568E-07,-0.010139
6.5324568E-07,-0.010134
6.5329568E-07,-0.010129
6.5334568E-07,-0.010124
6.5339568E-07,-0.010119
6.5344568E-07,-0.010115
6.5349568E-07,-0.010110
6.5354568E-07,-0.010106
6.5359568E-07,-0.010102
6.5364568E-07,-0.010098
6.5369568E-07,-0.010094
6.5374568E-07,-0.010091
6.5379568E-07,-0.010087
6.5384568E-07,-0.010082
6.5389568E-07,-0.010078
6.5394568E-07,-0.010073
6.5399568E-07,-0.010067
6.5404568E-07,-0.010061
6.5409568E-07,-0.010054
6.5414568E-07,-0.010046
6.5419568E-07,-0.010038
6.5424568E-07,-0.010029
6.5429568E-07,-0.010020
6.5434568E-07,-0.010010
6.5439568E-07,-0.009999
