LECROYWaveRunner‘N,20113,Waveform
Segments,1,SegmentSize,4002
Segment,TrigTime,TimeSinceSegment1
#1,12-Dec-2018 11:39:14,0                 
Time,Ampl
4.5692848E-07,-0.010117
4.5697848E-07,-0.010125
4.5702848E-07,-0.010134
4.5707848E-07,-0.010144
4.5712848E-07,-0.010154
4.5717848E-07,-0.010163
4.5722848E-07,-0.010171
4.5727848E-07,-0.010177
4.5732848E-07,-0.010180
4.5737848E-07,-0.010181
4.5742848E-07,-0.010180
4.5747848E-07,-0.010176
4.5752848E-07,-0.010171
4.5757848E-07,-0.010165
4.5762848E-07,-0.010158
4.5767848E-07,-0.010151
4.5772848E-07,-0.010145
4.5777848E-07,-0.010140
4.5782848E-07,-0.010138
4.5787848E-07,-0.010138
4.5792848E-07,-0.010142
4.5797848E-07,-0.010149
4.5802848E-07,-0.010160
4.5807848E-07,-0.010173
4.5812848E-07,-0.010190
4.5817848E-07,-0.010209
4.5822848E-07,-0.010230
4.5827848E-07,-0.010252
4.5832848E-07,-0.010274
4.5837848E-07,-0.010296
4.5842848E-07,-0.010316
4.5847848E-07,-0.010334
4.5852848E-07,-0.010348
4.5857848E-07,-0.010359
4.5862848E-07,-0.010366
4.5867848E-07,-0.010369
4.5872848E-07,-0.010367
4.5877848E-07,-0.010362
4.5882848E-07,-0.010353
4.5887848E-07,-0.010341
4.5892848E-07,-0.010327
4.5897848E-07,-0.010312
4.5902848E-07,-0.010296
4.5907848E-07,-0.010281
4.5912848E-07,-0.010268
4.5917848E-07,-0.010256
4.5922848E-07,-0.010248
4.5927848E-07,-0.010243
4.5932848E-07,-0.010242
4.5937848E-07,-0.010246
4.5942848E-07,-0.010253
4.5947848E-07,-0.010263
4.5952848E-07,-0.010277
4.5957848E-07,-0.010294
4.5962848E-07,-0.010311
4.5967848E-07,-0.010330
4.5972848E-07,-0.010348
4.5977848E-07,-0.010365
4.5982848E-07,-0.010380
4.5987848E-07,-0.010393
4.5992848E-07,-0.010401
4.5997848E-07,-0.010406
4.6002848E-07,-0.010406
4.6007848E-07,-0.010403
4.6012848E-07,-0.010395
4.6017848E-07,-0.010383
4.6022848E-07,-0.010369
4.6027848E-07,-0.010352
4.6032848E-07,-0.010333
4.6037848E-07,-0.010314
4.6042848E-07,-0.010294
4.6047848E-07,-0.010276
4.6052848E-07,-0.010259
4.6057848E-07,-0.010245
4.6062848E-07,-0.010234
4.6067848E-07,-0.010226
4.6072848E-07,-0.010221
4.6077848E-07,-0.010219
4.6082848E-07,-0.010221
4.6087848E-07,-0.010226
4.6092848E-07,-0.010232
4.6097848E-07,-0.010240
4.6102848E-07,-0.010249
4.6107848E-07,-0.010258
4.6112848E-07,-0.010266
4.6117848E-07,-0.010273
4.6122848E-07,-0.010278
4.6127848E-07,-0.010281
4.6132848E-07,-0.010282
4.6137848E-07,-0.010280
4.6142848E-07,-0.010276
4.6147848E-07,-0.010271
4.6152848E-07,-0.010263
4.6157848E-07,-0.010255
4.6162848E-07,-0.010247
4.6167848E-07,-0.010239
4.6172848E-07,-0.010233
4.6177848E-07,-0.010228
4.6182848E-07,-0.010226
4.6187848E-07,-0.010226
4.6192848E-07,-0.010230
4.6197848E-07,-0.010237
4.6202848E-07,-0.010248
4.6207848E-07,-0.010262
4.6212848E-07,-0.010278
4.6217848E-07,-0.010297
4.6222848E-07,-0.010316
4.6227848E-07,-0.010337
4.6232848E-07,-0.010357
4.6237848E-07,-0.010376
4.6242848E-07,-0.010393
4.6247848E-07,-0.010407
4.6252848E-07,-0.010418
4.6257848E-07,-0.010425
4.6262848E-07,-0.010428
4.6267848E-07,-0.010427
4.6272848E-07,-0.010421
4.6277848E-07,-0.010411
4.6282848E-07,-0.010398
4.6287848E-07,-0.010382
4.6292848E-07,-0.010365
4.6297848E-07,-0.010346
4.6302848E-07,-0.010326
4.6307848E-07,-0.010308
4.6312848E-07,-0.010291
4.6317848E-07,-0.010276
4.6322848E-07,-0.010264
4.6327848E-07,-0.010255
4.6332848E-07,-0.010250
4.6337848E-07,-0.010249
4.6342848E-07,-0.010252
4.6347848E-07,-0.010257
4.6352848E-07,-0.010266
4.6357848E-07,-0.010276
4.6362848E-07,-0.010288
4.6367848E-07,-0.010300
4.6372848E-07,-0.010312
4.6377848E-07,-0.010322
4.6382848E-07,-0.010331
4.6387848E-07,-0.010336
4.6392848E-07,-0.010337
4.6397848E-07,-0.010335
4.6402848E-07,-0.010329
4.6407848E-07,-0.010319
4.6412848E-07,-0.010304
4.6417848E-07,-0.010287
4.6422848E-07,-0.010266
4.6427848E-07,-0.010244
4.6432848E-07,-0.010220
4.6437848E-07,-0.010197
4.6442848E-07,-0.010174
4.6447848E-07,-0.010153
4.6452848E-07,-0.010134
4.6457848E-07,-0.010119
4.6462848E-07,-0.010108
4.6467848E-07,-0.010102
4.6472848E-07,-0.010100
4.6477848E-07,-0.010104
4.6482848E-07,-0.010111
4.6487848E-07,-0.010123
4.6492848E-07,-0.010138
4.6497848E-07,-0.010155
4.6502848E-07,-0.010174
4.6507848E-07,-0.010194
4.6512848E-07,-0.010214
4.6517848E-07,-0.010232
4.6522848E-07,-0.010248
4.6527848E-07,-0.010261
4.6532848E-07,-0.010271
4.6537848E-07,-0.010276
4.6542848E-07,-0.010277
4.6547848E-07,-0.010274
4.6552848E-07,-0.010267
4.6557848E-07,-0.010255
4.6562848E-07,-0.010241
4.6567848E-07,-0.010225
4.6572848E-07,-0.010206
4.6577848E-07,-0.010188
4.6582848E-07,-0.010169
4.6587848E-07,-0.010152
4.6592848E-07,-0.010137
4.6597848E-07,-0.010124
4.6602848E-07,-0.010115
4.6607848E-07,-0.010110
4.6612848E-07,-0.010108
4.6617848E-07,-0.010110
4.6622848E-07,-0.010116
4.6627848E-07,-0.010125
4.6632848E-07,-0.010137
4.6637848E-07,-0.010150
4.6642848E-07,-0.010165
4.6647848E-07,-0.010180
4.6652848E-07,-0.010195
4.6657848E-07,-0.010209
4.6662848E-07,-0.010221
4.6667848E-07,-0.010231
4.6672848E-07,-0.010238
4.6677848E-07,-0.010243
4.6682848E-07,-0.010245
4.6687848E-07,-0.010245
4.6692848E-07,-0.010243
4.6697848E-07,-0.010240
4.6702848E-07,-0.010236
4.6707848E-07,-0.010232
4.6712848E-07,-0.010228
4.6717848E-07,-0.010226
4.6722848E-07,-0.010226
4.6727848E-07,-0.010229
4.6732848E-07,-0.010234
4.6737848E-07,-0.010242
4.6742848E-07,-0.010253
4.6747848E-07,-0.010267
4.6752848E-07,-0.010283
4.6757848E-07,-0.010302
4.6762848E-07,-0.010321
4.6767848E-07,-0.010341
4.6772848E-07,-0.010360
4.6777848E-07,-0.010378
4.6782848E-07,-0.010394
4.6787848E-07,-0.010407
4.6792848E-07,-0.010416
4.6797848E-07,-0.010421
4.6802848E-07,-0.010422
4.6807848E-07,-0.010418
4.6812848E-07,-0.010410
4.6817848E-07,-0.010398
4.6822848E-07,-0.010383
4.6827848E-07,-0.010365
4.6832848E-07,-0.010346
4.6837848E-07,-0.010326
4.6842848E-07,-0.010307
4.6847848E-07,-0.010289
4.6852848E-07,-0.010273
4.6857848E-07,-0.010261
4.6862848E-07,-0.010252
4.6867848E-07,-0.010248
4.6872848E-07,-0.010248
4.6877848E-07,-0.010253
4.6882848E-07,-0.010262
4.6887848E-07,-0.010276
4.6892848E-07,-0.010292
4.6897848E-07,-0.010312
4.6902848E-07,-0.010333
4.6907848E-07,-0.010354
4.6912848E-07,-0.010376
4.6917848E-07,-0.010396
4.6922848E-07,-0.010414
4.6927848E-07,-0.010429
4.6932848E-07,-0.010441
4.6937848E-07,-0.010449
4.6942848E-07,-0.010453
4.6947848E-07,-0.010453
4.6952848E-07,-0.010449
4.6957848E-07,-0.010443
4.6962848E-07,-0.010433
4.6967848E-07,-0.010422
4.6972848E-07,-0.010409
4.6977848E-07,-0.010396
4.6982848E-07,-0.010384
4.6987848E-07,-0.010373
4.6992848E-07,-0.010365
4.6997848E-07,-0.010359
4.7002848E-07,-0.010356
4.7007848E-07,-0.010357
4.7012848E-07,-0.010361
4.7017848E-07,-0.010368
4.7022848E-07,-0.010377
4.7027848E-07,-0.010389
4.7032848E-07,-0.010403
4.7037848E-07,-0.010417
4.7042848E-07,-0.010430
4.7047848E-07,-0.010443
4.7052848E-07,-0.010454
4.7057848E-07,-0.010463
4.7062848E-07,-0.010469
4.7067848E-07,-0.010470
4.7072848E-07,-0.010468
4.7077848E-07,-0.010462
4.7082848E-07,-0.010452
4.7087848E-07,-0.010439
4.7092848E-07,-0.010422
4.7097848E-07,-0.010403
4.7102848E-07,-0.010382
4.7107848E-07,-0.010359
4.7112848E-07,-0.010337
4.7117848E-07,-0.010315
4.7122848E-07,-0.010294
4.7127848E-07,-0.010276
4.7132848E-07,-0.010260
4.7137848E-07,-0.010248
4.7142848E-07,-0.010239
4.7147848E-07,-0.010233
4.7152848E-07,-0.010231
4.7157848E-07,-0.010231
4.7162848E-07,-0.010235
4.7167848E-07,-0.010240
4.7172848E-07,-0.010247
4.7177848E-07,-0.010254
4.7182848E-07,-0.010261
4.7187848E-07,-0.010267
4.7192848E-07,-0.010272
4.7197848E-07,-0.010274
4.7202848E-07,-0.010273
4.7207848E-07,-0.010269
4.7212848E-07,-0.010261
4.7217848E-07,-0.010250
4.7222848E-07,-0.010236
4.7227848E-07,-0.010218
4.7232848E-07,-0.010199
4.7237848E-07,-0.010177
4.7242848E-07,-0.010155
4.7247848E-07,-0.010132
4.7252848E-07,-0.010110
4.7257848E-07,-0.010089
4.7262848E-07,-0.010071
4.7267848E-07,-0.010054
4.7272848E-07,-0.010042
4.7277848E-07,-0.010032
4.7282848E-07,-0.010026
4.7287848E-07,-0.010024
4.7292848E-07,-0.010025
4.7297848E-07,-0.010030
4.7302848E-07,-0.010037
4.7307848E-07,-0.010045
4.7312848E-07,-0.010055
4.7317848E-07,-0.010066
4.7322848E-07,-0.010076
4.7327848E-07,-0.010086
4.7332848E-07,-0.010093
4.7337848E-07,-0.010099
4.7342848E-07,-0.010103
4.7347848E-07,-0.010104
4.7352848E-07,-0.010102
4.7357848E-07,-0.010098
4.7362848E-07,-0.010091
4.7367848E-07,-0.010084
4.7372848E-07,-0.010075
4.7377848E-07,-0.010066
4.7382848E-07,-0.010057
4.7387848E-07,-0.010050
4.7392848E-07,-0.010045
4.7397848E-07,-0.010043
4.7402848E-07,-0.010044
4.7407848E-07,-0.010048
4.7412848E-07,-0.010056
4.7417848E-07,-0.010069
4.7422848E-07,-0.010085
4.7427848E-07,-0.010104
4.7432848E-07,-0.010126
4.7437848E-07,-0.010151
4.7442848E-07,-0.010177
4.7447848E-07,-0.010203
4.7452848E-07,-0.010229
4.7457848E-07,-0.010253
4.7462848E-07,-0.010275
4.7467848E-07,-0.010295
4.7472848E-07,-0.010311
4.7477848E-07,-0.010323
4.7482848E-07,-0.010331
4.7487848E-07,-0.010335
4.7492848E-07,-0.010334
4.7497848E-07,-0.010331
4.7502848E-07,-0.010324
4.7507848E-07,-0.010315
4.7512848E-07,-0.010304
4.7517848E-07,-0.010293
4.7522848E-07,-0.010282
4.7527848E-07,-0.010272
4.7532848E-07,-0.010264
4.7537848E-07,-0.010259
4.7542848E-07,-0.010256
4.7547848E-07,-0.010256
4.7552848E-07,-0.010260
4.7557848E-07,-0.010266
4.7562848E-07,-0.010276
4.7567848E-07,-0.010288
4.7572848E-07,-0.010301
4.7577848E-07,-0.010315
4.7582848E-07,-0.010330
4.7587848E-07,-0.010343
4.7592848E-07,-0.010355
4.7597848E-07,-0.010365
4.7602848E-07,-0.010372
4.7607848E-07,-0.010376
4.7612848E-07,-0.010375
4.7617848E-07,-0.010371
4.7622848E-07,-0.010364
4.7627848E-07,-0.010353
4.7632848E-07,-0.010339
4.7637848E-07,-0.010323
4.7642848E-07,-0.010305
4.7647848E-07,-0.010286
4.7652848E-07,-0.010267
4.7657848E-07,-0.010249
4.7662848E-07,-0.010233
4.7667848E-07,-0.010219
4.7672848E-07,-0.010207
4.7677848E-07,-0.010199
4.7682848E-07,-0.010193
4.7687848E-07,-0.010190
4.7692848E-07,-0.010191
4.7697848E-07,-0.010193
4.7702848E-07,-0.010198
4.7707848E-07,-0.010204
4.7712848E-07,-0.010210
4.7717848E-07,-0.010216
4.7722848E-07,-0.010222
4.7727848E-07,-0.010225
4.7732848E-07,-0.010227
4.7737848E-07,-0.010225
4.7742848E-07,-0.010221
4.7747848E-07,-0.010214
4.7752848E-07,-0.010204
4.7757848E-07,-0.010192
4.7762848E-07,-0.010177
4.7767848E-07,-0.010160
4.7772848E-07,-0.010143
4.7777848E-07,-0.010125
4.7782848E-07,-0.010108
4.7787848E-07,-0.010092
4.7792848E-07,-0.010078
4.7797848E-07,-0.010067
4.7802848E-07,-0.010060
4.7807848E-07,-0.010056
4.7812848E-07,-0.010056
4.7817848E-07,-0.010059
4.7822848E-07,-0.010066
4.7827848E-07,-0.010077
4.7832848E-07,-0.010090
4.7837848E-07,-0.010106
4.7842848E-07,-0.010123
4.7847848E-07,-0.010140
4.7852848E-07,-0.010158
4.7857848E-07,-0.010174
4.7862848E-07,-0.010189
4.7867848E-07,-0.010202
4.7872848E-07,-0.010211
4.7877848E-07,-0.010218
4.7882848E-07,-0.010222
4.7887848E-07,-0.010222
4.7892848E-07,-0.010220
4.7897848E-07,-0.010215
4.7902848E-07,-0.010208
4.7907848E-07,-0.010200
4.7912848E-07,-0.010191
4.7917848E-07,-0.010183
4.7922848E-07,-0.010176
4.7927848E-07,-0.010170
4.7932848E-07,-0.010167
4.7937848E-07,-0.010166
4.7942848E-07,-0.010169
4.7947848E-07,-0.010175
4.7952848E-07,-0.010185
4.7957848E-07,-0.010197
4.7962848E-07,-0.010213
4.7967848E-07,-0.010231
4.7972848E-07,-0.010250
4.7977848E-07,-0.010270
4.7982848E-07,-0.010291
4.7987848E-07,-0.010310
4.7992848E-07,-0.010327
4.7997848E-07,-0.010342
4.8002848E-07,-0.010353
4.8007848E-07,-0.010360
4.8012848E-07,-0.010363
4.8017848E-07,-0.010362
4.8022848E-07,-0.010355
4.8027848E-07,-0.010345
4.8032848E-07,-0.010330
4.8037848E-07,-0.010312
4.8042848E-07,-0.010291
4.8047848E-07,-0.010268
4.8052848E-07,-0.010244
4.8057848E-07,-0.010221
4.8062848E-07,-0.010198
4.8067848E-07,-0.010178
4.8072848E-07,-0.010160
4.8077848E-07,-0.010145
4.8082848E-07,-0.010135
4.8087848E-07,-0.010129
4.8092848E-07,-0.010128
4.8097848E-07,-0.010131
4.8102848E-07,-0.010139
4.8107848E-07,-0.010150
4.8112848E-07,-0.010165
4.8117848E-07,-0.010182
4.8122848E-07,-0.010201
4.8127848E-07,-0.010221
4.8132848E-07,-0.010242
4.8137848E-07,-0.010261
4.8142848E-07,-0.010280
4.8147848E-07,-0.010296
4.8152848E-07,-0.010310
4.8157848E-07,-0.010322
4.8162848E-07,-0.010331
4.8167848E-07,-0.010337
4.8172848E-07,-0.010341
4.8177848E-07,-0.010343
4.8182848E-07,-0.010343
4.8187848E-07,-0.010342
4.8192848E-07,-0.010341
4.8197848E-07,-0.010340
4.8202848E-07,-0.010340
4.8207848E-07,-0.010341
4.8212848E-07,-0.010344
4.8217848E-07,-0.010349
4.8222848E-07,-0.010355
4.8227848E-07,-0.010363
4.8232848E-07,-0.010373
4.8237848E-07,-0.010383
4.8242848E-07,-0.010395
4.8247848E-07,-0.010406
4.8252848E-07,-0.010417
4.8257848E-07,-0.010426
4.8262848E-07,-0.010433
4.8267848E-07,-0.010438
4.8272848E-07,-0.010439
4.8277848E-07,-0.010436
4.8282848E-07,-0.010430
4.8287848E-07,-0.010419
4.8292848E-07,-0.010405
4.8297848E-07,-0.010387
4.8302848E-07,-0.010366
4.8307848E-07,-0.010343
4.8312848E-07,-0.010317
4.8317848E-07,-0.010291
4.8322848E-07,-0.010264
4.8327848E-07,-0.010238
4.8332848E-07,-0.010214
4.8337848E-07,-0.010192
4.8342848E-07,-0.010173
4.8347848E-07,-0.010158
4.8352848E-07,-0.010146
4.8357848E-07,-0.010138
4.8362848E-07,-0.010134
4.8367848E-07,-0.010134
4.8372848E-07,-0.010137
4.8377848E-07,-0.010142
4.8382848E-07,-0.010150
4.8387848E-07,-0.010158
4.8392848E-07,-0.010168
4.8397848E-07,-0.010177
4.8402848E-07,-0.010185
4.8407848E-07,-0.010192
4.8412848E-07,-0.010197
4.8417848E-07,-0.010200
4.8422848E-07,-0.010201
4.8427848E-07,-0.010199
4.8432848E-07,-0.010195
4.8437848E-07,-0.010189
4.8442848E-07,-0.010181
4.8447848E-07,-0.010173
4.8452848E-07,-0.010165
4.8457848E-07,-0.010156
4.8462848E-07,-0.010149
4.8467848E-07,-0.010144
4.8472848E-07,-0.010141
4.8477848E-07,-0.010141
4.8482848E-07,-0.010143
4.8487848E-07,-0.010149
4.8492848E-07,-0.010159
4.8497848E-07,-0.010171
4.8502848E-07,-0.010186
4.8507848E-07,-0.010204
4.8512848E-07,-0.010224
4.8517848E-07,-0.010245
4.8522848E-07,-0.010266
4.8527848E-07,-0.010288
4.8532848E-07,-0.010309
4.8537848E-07,-0.010329
4.8542848E-07,-0.010348
4.8547848E-07,-0.010364
4.8552848E-07,-0.010378
4.8557848E-07,-0.010389
4.8562848E-07,-0.010398
4.8567848E-07,-0.010404
4.8572848E-07,-0.010408
4.8577848E-07,-0.010410
4.8582848E-07,-0.010411
4.8587848E-07,-0.010410
4.8592848E-07,-0.010409
4.8597848E-07,-0.010407
4.8602848E-07,-0.010406
4.8607848E-07,-0.010405
4.8612848E-07,-0.010405
4.8617848E-07,-0.010405
4.8622848E-07,-0.010407
4.8627848E-07,-0.010410
4.8632848E-07,-0.010413
4.8637848E-07,-0.010417
4.8642848E-07,-0.010421
4.8647848E-07,-0.010424
4.8652848E-07,-0.010426
4.8657848E-07,-0.010427
4.8662848E-07,-0.010426
4.8667848E-07,-0.010422
4.8672848E-07,-0.010416
4.8677848E-07,-0.010406
4.8682848E-07,-0.010394
4.8687848E-07,-0.010378
4.8692848E-07,-0.010359
4.8697848E-07,-0.010338
4.8702848E-07,-0.010314
4.8707848E-07,-0.010289
4.8712848E-07,-0.010263
4.8717848E-07,-0.010236
4.8722848E-07,-0.010210
4.8727848E-07,-0.010185
4.8732848E-07,-0.010162
4.8737848E-07,-0.010141
4.8742848E-07,-0.010123
4.8747848E-07,-0.010109
4.8752848E-07,-0.010098
4.8757848E-07,-0.010091
4.8762848E-07,-0.010088
4.8767848E-07,-0.010088
4.8772848E-07,-0.010091
4.8777848E-07,-0.010097
4.8782848E-07,-0.010105
4.8787848E-07,-0.010114
4.8792848E-07,-0.010123
4.8797848E-07,-0.010133
4.8802848E-07,-0.010141
4.8807848E-07,-0.010148
4.8812848E-07,-0.010152
4.8817848E-07,-0.010154
4.8822848E-07,-0.010154
4.8827848E-07,-0.010150
4.8832848E-07,-0.010144
4.8837848E-07,-0.010135
4.8842848E-07,-0.010125
4.8847848E-07,-0.010112
4.8852848E-07,-0.010098
4.8857848E-07,-0.010084
4.8862848E-07,-0.010071
4.8867848E-07,-0.010058
4.8872848E-07,-0.010047
4.8877848E-07,-0.010038
4.8882848E-07,-0.010032
4.8887848E-07,-0.010028
4.8892848E-07,-0.010028
4.8897848E-07,-0.010030
4.8902848E-07,-0.010036
4.8907848E-07,-0.010044
4.8912848E-07,-0.010054
4.8917848E-07,-0.010066
4.8922848E-07,-0.010078
4.8927848E-07,-0.010091
4.8932848E-07,-0.010103
4.8937848E-07,-0.010115
4.8942848E-07,-0.010124
4.8947848E-07,-0.010132
4.8952848E-07,-0.010136
4.8957848E-07,-0.010138
4.8962848E-07,-0.010138
4.8967848E-07,-0.010134
4.8972848E-07,-0.010128
4.8977848E-07,-0.010121
4.8982848E-07,-0.010112
4.8987848E-07,-0.010102
4.8992848E-07,-0.010092
4.8997848E-07,-0.010082
4.9002848E-07,-0.010075
4.9007848E-07,-0.010069
4.9012848E-07,-0.010065
4.9017848E-07,-0.010065
4.9022848E-07,-0.010068
4.9027848E-07,-0.010074
4.9032848E-07,-0.010084
4.9037848E-07,-0.010097
4.9042848E-07,-0.010112
4.9047848E-07,-0.010130
4.9052848E-07,-0.010149
4.9057848E-07,-0.010168
4.9062848E-07,-0.010188
4.9067848E-07,-0.010208
4.9072848E-07,-0.010226
4.9077848E-07,-0.010242
4.9082848E-07,-0.010255
4.9087848E-07,-0.010266
4.9092848E-07,-0.010274
4.9097848E-07,-0.010279
4.9102848E-07,-0.010282
4.9107848E-07,-0.010282
4.9112848E-07,-0.010280
4.9117848E-07,-0.010277
4.9122848E-07,-0.010274
4.9127848E-07,-0.010271
4.9132848E-07,-0.010268
4.9137848E-07,-0.010268
4.9142848E-07,-0.010269
4.9147848E-07,-0.010274
4.9152848E-07,-0.010282
4.9157848E-07,-0.010293
4.9162848E-07,-0.010307
4.9167848E-07,-0.010325
4.9172848E-07,-0.010347
4.9177848E-07,-0.010370
4.9182848E-07,-0.010396
4.9187848E-07,-0.010424
4.9192848E-07,-0.010452
4.9197848E-07,-0.010480
4.9202848E-07,-0.010508
4.9207848E-07,-0.010535
4.9212848E-07,-0.010561
4.9217848E-07,-0.010585
4.9222848E-07,-0.010606
4.9227848E-07,-0.010626
4.9232848E-07,-0.010644
4.9237848E-07,-0.010660
4.9242848E-07,-0.010675
4.9247848E-07,-0.010691
4.9252848E-07,-0.010706
4.9257848E-07,-0.010723
4.9262848E-07,-0.010742
4.9267848E-07,-0.010763
4.9272848E-07,-0.010789
4.9277848E-07,-0.010819
4.9282848E-07,-0.010854
4.9287848E-07,-0.010895
4.9292848E-07,-0.010941
4.9297848E-07,-0.010993
4.9302848E-07,-0.011052
4.9307848E-07,-0.011116
4.9312848E-07,-0.011185
4.9317848E-07,-0.011259
4.9322848E-07,-0.011337
4.9327848E-07,-0.011418
4.9332848E-07,-0.011503
4.9337848E-07,-0.011589
4.9342848E-07,-0.011676
4.9347848E-07,-0.011764
4.9352848E-07,-0.011852
4.9357848E-07,-0.011939
4.9362848E-07,-0.012026
4.9367848E-07,-0.012111
4.9372848E-07,-0.012196
4.9377848E-07,-0.012279
4.9382848E-07,-0.012362
4.9387848E-07,-0.012445
4.9392848E-07,-0.012527
4.9397848E-07,-0.012610
4.9402848E-07,-0.012694
4.9407848E-07,-0.012780
4.9412848E-07,-0.012867
4.9417848E-07,-0.012956
4.9422848E-07,-0.013048
4.9427848E-07,-0.013143
4.9432848E-07,-0.013240
4.9437848E-07,-0.013339
4.9442848E-07,-0.013440
4.9447848E-07,-0.013544
4.9452848E-07,-0.013648
4.9457848E-07,-0.013753
4.9462848E-07,-0.013857
4.9467848E-07,-0.013961
4.9472848E-07,-0.014063
4.9477848E-07,-0.014163
4.9482848E-07,-0.014260
4.9487848E-07,-0.014352
4.9492848E-07,-0.014441
4.9497848E-07,-0.014525
4.9502848E-07,-0.014605
4.9507848E-07,-0.014679
4.9512848E-07,-0.014749
4.9517848E-07,-0.014814
4.9522848E-07,-0.014875
4.9527848E-07,-0.014932
4.9532848E-07,-0.014985
4.9537848E-07,-0.015036
4.9542848E-07,-0.015085
4.9547848E-07,-0.015131
4.9552848E-07,-0.015177
4.9557848E-07,-0.015221
4.9562848E-07,-0.015266
4.9567848E-07,-0.015310
4.9572848E-07,-0.015353
4.9577848E-07,-0.015397
4.9582848E-07,-0.015440
4.9587848E-07,-0.015482
4.9592848E-07,-0.015523
4.9597848E-07,-0.015563
4.9602848E-07,-0.015600
4.9607848E-07,-0.015634
4.9612848E-07,-0.015666
4.9617848E-07,-0.015693
4.9622848E-07,-0.015716
4.9627848E-07,-0.015735
4.9632848E-07,-0.015748
4.9637848E-07,-0.015757
4.9642848E-07,-0.015761
4.9647848E-07,-0.015760
4.9652848E-07,-0.015754
4.9657848E-07,-0.015745
4.9662848E-07,-0.015731
4.9667848E-07,-0.015715
4.9672848E-07,-0.015697
4.9677848E-07,-0.015677
4.9682848E-07,-0.015656
4.9687848E-07,-0.015635
4.9692848E-07,-0.015614
4.9697848E-07,-0.015593
4.9702848E-07,-0.015572
4.9707848E-07,-0.015553
4.9712848E-07,-0.015534
4.9717848E-07,-0.015517
4.9722848E-07,-0.015499
4.9727848E-07,-0.015482
4.9732848E-07,-0.015464
4.9737848E-07,-0.015446
4.9742848E-07,-0.015427
4.9747848E-07,-0.015406
4.9752848E-07,-0.015383
4.9757848E-07,-0.015358
4.9762848E-07,-0.015331
4.9767848E-07,-0.015301
4.9772848E-07,-0.015269
4.9777848E-07,-0.015235
4.9782848E-07,-0.015199
4.9787848E-07,-0.015162
4.9792848E-07,-0.015124
4.9797848E-07,-0.015087
4.9802848E-07,-0.015049
4.9807848E-07,-0.015013
4.9812848E-07,-0.014979
4.9817848E-07,-0.014947
4.9822848E-07,-0.014917
4.9827848E-07,-0.014891
4.9832848E-07,-0.014868
4.9837848E-07,-0.014848
4.9842848E-07,-0.014831
4.9847848E-07,-0.014816
4.9852848E-07,-0.014804
4.9857848E-07,-0.014793
4.9862848E-07,-0.014783
4.9867848E-07,-0.014773
4.9872848E-07,-0.014763
4.9877848E-07,-0.014751
4.9882848E-07,-0.014737
4.9887848E-07,-0.014721
4.9892848E-07,-0.014702
4.9897848E-07,-0.014679
4.9902848E-07,-0.014652
4.9907848E-07,-0.014623
4.9912848E-07,-0.014589
4.9917848E-07,-0.014553
4.9922848E-07,-0.014515
4.9927848E-07,-0.014474
4.9932848E-07,-0.014432
4.9937848E-07,-0.014389
4.9942848E-07,-0.014346
4.9947848E-07,-0.014304
4.9952848E-07,-0.014263
4.9957848E-07,-0.014224
4.9962848E-07,-0.014187
4.9967848E-07,-0.014152
4.9972848E-07,-0.014120
4.9977848E-07,-0.014090
4.9982848E-07,-0.014063
4.9987848E-07,-0.014038
4.9992848E-07,-0.014015
4.9997848E-07,-0.013992
5.0002848E-07,-0.013971
5.0007848E-07,-0.013949
5.0012848E-07,-0.013927
5.0017848E-07,-0.013904
5.0022848E-07,-0.013880
5.0027848E-07,-0.013855
5.0032848E-07,-0.013827
5.0037848E-07,-0.013798
5.0042848E-07,-0.013767
5.0047848E-07,-0.013734
5.0052848E-07,-0.013700
5.0057848E-07,-0.013665
5.0062848E-07,-0.013630
5.0067848E-07,-0.013594
5.0072848E-07,-0.013559
5.0077848E-07,-0.013525
5.0082848E-07,-0.013493
5.0087848E-07,-0.013462
5.0092848E-07,-0.013433
5.0097848E-07,-0.013407
5.0102848E-07,-0.013383
5.0107848E-07,-0.013361
5.0112848E-07,-0.013342
5.0117848E-07,-0.013324
5.0122848E-07,-0.013308
5.0127848E-07,-0.013293
5.0132848E-07,-0.013277
5.0137848E-07,-0.013262
5.0142848E-07,-0.013246
5.0147848E-07,-0.013228
5.0152848E-07,-0.013209
5.0157848E-07,-0.013187
5.0162848E-07,-0.013162
5.0167848E-07,-0.013134
5.0172848E-07,-0.013103
5.0177848E-07,-0.013069
5.0182848E-07,-0.013032
5.0187848E-07,-0.012993
5.0192848E-07,-0.012951
5.0197848E-07,-0.012907
5.0202848E-07,-0.012862
5.0207848E-07,-0.012817
5.0212848E-07,-0.012771
5.0217848E-07,-0.012726
5.0222848E-07,-0.012682
5.0227848E-07,-0.012639
5.0232848E-07,-0.012598
5.0237848E-07,-0.012560
5.0242848E-07,-0.012523
5.0247848E-07,-0.012490
5.0252848E-07,-0.012458
5.0257848E-07,-0.012429
5.0262848E-07,-0.012401
5.0267848E-07,-0.012375
5.0272848E-07,-0.012350
5.0277848E-07,-0.012325
5.0282848E-07,-0.012300
5.0287848E-07,-0.012275
5.0292848E-07,-0.012249
5.0297848E-07,-0.012221
5.0302848E-07,-0.012192
5.0307848E-07,-0.012160
5.0312848E-07,-0.012127
5.0317848E-07,-0.012093
5.0322848E-07,-0.012056
5.0327848E-07,-0.012018
5.0332848E-07,-0.011980
5.0337848E-07,-0.011941
5.0342848E-07,-0.011902
5.0347848E-07,-0.011865
5.0352848E-07,-0.011828
5.0357848E-07,-0.011794
5.0362848E-07,-0.011763
5.0367848E-07,-0.011734
5.0372848E-07,-0.011709
5.0377848E-07,-0.011688
5.0382848E-07,-0.011670
5.0387848E-07,-0.011656
5.0392848E-07,-0.011646
5.0397848E-07,-0.011639
5.0402848E-07,-0.011636
5.0407848E-07,-0.011635
5.0412848E-07,-0.011636
5.0417848E-07,-0.011639
5.0422848E-07,-0.011643
5.0427848E-07,-0.011647
5.0432848E-07,-0.011652
5.0437848E-07,-0.011657
5.0442848E-07,-0.011662
5.0447848E-07,-0.011666
5.0452848E-07,-0.011669
5.0457848E-07,-0.011672
5.0462848E-07,-0.011675
5.0467848E-07,-0.011677
5.0472848E-07,-0.011680
5.0477848E-07,-0.011683
5.0482848E-07,-0.011688
5.0487848E-07,-0.011693
5.0492848E-07,-0.011700
5.0497848E-07,-0.011708
5.0502848E-07,-0.011718
5.0507848E-07,-0.011730
5.0512848E-07,-0.011743
5.0517848E-07,-0.011758
5.0522848E-07,-0.011774
5.0527848E-07,-0.011790
5.0532848E-07,-0.011807
5.0537848E-07,-0.011822
5.0542848E-07,-0.011837
5.0547848E-07,-0.011850
5.0552848E-07,-0.011860
5.0557848E-07,-0.011868
5.0562848E-07,-0.011872
5.0567848E-07,-0.011872
5.0572848E-07,-0.011869
5.0577848E-07,-0.011862
5.0582848E-07,-0.011851
5.0587848E-07,-0.011837
5.0592848E-07,-0.011820
5.0597848E-07,-0.011800
5.0602848E-07,-0.011779
5.0607848E-07,-0.011757
5.0612848E-07,-0.011734
5.0617848E-07,-0.011712
5.0622848E-07,-0.011691
5.0627848E-07,-0.011671
5.0632848E-07,-0.011654
5.0637848E-07,-0.011640
5.0642848E-07,-0.011629
5.0647848E-07,-0.011621
5.0652848E-07,-0.011615
5.0657848E-07,-0.011613
5.0662848E-07,-0.011614
5.0667848E-07,-0.011616
5.0672848E-07,-0.011620
5.0677848E-07,-0.011626
5.0682848E-07,-0.011632
5.0687848E-07,-0.011637
5.0692848E-07,-0.011643
5.0697848E-07,-0.011647
5.0702848E-07,-0.011650
5.0707848E-07,-0.011652
5.0712848E-07,-0.011652
5.0717848E-07,-0.011650
5.0722848E-07,-0.011647
5.0727848E-07,-0.011642
5.0732848E-07,-0.011636
5.0737848E-07,-0.011630
5.0742848E-07,-0.011623
5.0747848E-07,-0.011617
5.0752848E-07,-0.011612
5.0757848E-07,-0.011609
5.0762848E-07,-0.011606
5.0767848E-07,-0.011606
5.0772848E-07,-0.011608
5.0777848E-07,-0.011613
5.0782848E-07,-0.011619
5.0787848E-07,-0.011628
5.0792848E-07,-0.011638
5.0797848E-07,-0.011650
5.0802848E-07,-0.011663
5.0807848E-07,-0.011676
5.0812848E-07,-0.011689
5.0817848E-07,-0.011701
5.0822848E-07,-0.011713
5.0827848E-07,-0.011722
5.0832848E-07,-0.011729
5.0837848E-07,-0.011734
5.0842848E-07,-0.011736
5.0847848E-07,-0.011735
5.0852848E-07,-0.011731
5.0857848E-07,-0.011724
5.0862848E-07,-0.011715
5.0867848E-07,-0.011703
5.0872848E-07,-0.011689
5.0877848E-07,-0.011673
5.0882848E-07,-0.011657
5.0887848E-07,-0.011639
5.0892848E-07,-0.011622
5.0897848E-07,-0.011604
5.0902848E-07,-0.011588
5.0907848E-07,-0.011571
5.0912848E-07,-0.011556
5.0917848E-07,-0.011542
5.0922848E-07,-0.011529
5.0927848E-07,-0.011517
5.0932848E-07,-0.011506
5.0937848E-07,-0.011495
5.0942848E-07,-0.011484
5.0947848E-07,-0.011474
5.0952848E-07,-0.011462
5.0957848E-07,-0.011450
5.0962848E-07,-0.011437
5.0967848E-07,-0.011422
5.0972848E-07,-0.011405
5.0977848E-07,-0.011387
5.0982848E-07,-0.011366
5.0987848E-07,-0.011344
5.0992848E-07,-0.011320
5.0997848E-07,-0.011295
5.1002848E-07,-0.011269
5.1007848E-07,-0.011243
5.1012848E-07,-0.011217
5.1017848E-07,-0.011191
5.1022848E-07,-0.011166
5.1027848E-07,-0.011144
5.1032848E-07,-0.011123
5.1037848E-07,-0.011106
5.1042848E-07,-0.011091
5.1047848E-07,-0.011081
5.1052848E-07,-0.011073
5.1057848E-07,-0.011070
5.1062848E-07,-0.011071
5.1067848E-07,-0.011075
5.1072848E-07,-0.011083
5.1077848E-07,-0.011093
5.1082848E-07,-0.011106
5.1087848E-07,-0.011121
5.1092848E-07,-0.011137
5.1097848E-07,-0.011153
5.1102848E-07,-0.011170
5.1107848E-07,-0.011186
5.1112848E-07,-0.011201
5.1117848E-07,-0.011215
5.1122848E-07,-0.011227
5.1127848E-07,-0.011237
5.1132848E-07,-0.011245
5.1137848E-07,-0.011250
5.1142848E-07,-0.011253
5.1147848E-07,-0.011255
5.1152848E-07,-0.011255
5.1157848E-07,-0.011254
5.1162848E-07,-0.011252
5.1167848E-07,-0.011249
5.1172848E-07,-0.011246
5.1177848E-07,-0.011244
5.1182848E-07,-0.011242
5.1187848E-07,-0.011242
5.1192848E-07,-0.011242
5.1197848E-07,-0.011243
5.1202848E-07,-0.011245
5.1207848E-07,-0.011249
5.1212848E-07,-0.011252
5.1217848E-07,-0.011257
5.1222848E-07,-0.011261
5.1227848E-07,-0.011265
5.1232848E-07,-0.011268
5.1237848E-07,-0.011271
5.1242848E-07,-0.011272
5.1247848E-07,-0.011272
5.1252848E-07,-0.011270
5.1257848E-07,-0.011266
5.1262848E-07,-0.011261
5.1267848E-07,-0.011254
5.1272848E-07,-0.011246
5.1277848E-07,-0.011237
5.1282848E-07,-0.011227
5.1287848E-07,-0.011217
5.1292848E-07,-0.011207
5.1297848E-07,-0.011197
5.1302848E-07,-0.011189
5.1307848E-07,-0.011181
5.1312848E-07,-0.011175
5.1317848E-07,-0.011171
5.1322848E-07,-0.011168
5.1327848E-07,-0.011167
5.1332848E-07,-0.011167
5.1337848E-07,-0.011168
5.1342848E-07,-0.011170
5.1347848E-07,-0.011173
5.1352848E-07,-0.011175
5.1357848E-07,-0.011176
5.1362848E-07,-0.011177
5.1367848E-07,-0.011176
5.1372848E-07,-0.011173
5.1377848E-07,-0.011168
5.1382848E-07,-0.011161
5.1387848E-07,-0.011151
5.1392848E-07,-0.011140
5.1397848E-07,-0.011126
5.1402848E-07,-0.011110
5.1407848E-07,-0.011092
5.1412848E-07,-0.011074
5.1417848E-07,-0.011055
5.1422848E-07,-0.011036
5.1427848E-07,-0.011018
5.1432848E-07,-0.011000
5.1437848E-07,-0.010984
5.1442848E-07,-0.010970
5.1447848E-07,-0.010958
5.1452848E-07,-0.010948
5.1457848E-07,-0.010940
5.1462848E-07,-0.010934
5.1467848E-07,-0.010930
5.1472848E-07,-0.010928
5.1477848E-07,-0.010926
5.1482848E-07,-0.010925
5.1487848E-07,-0.010925
5.1492848E-07,-0.010924
5.1497848E-07,-0.010922
5.1502848E-07,-0.010918
5.1507848E-07,-0.010913
5.1512848E-07,-0.010906
5.1517848E-07,-0.010896
5.1522848E-07,-0.010885
5.1527848E-07,-0.010871
5.1532848E-07,-0.010855
5.1537848E-07,-0.010838
5.1542848E-07,-0.010819
5.1547848E-07,-0.010800
5.1552848E-07,-0.010780
5.1557848E-07,-0.010761
5.1562848E-07,-0.010742
5.1567848E-07,-0.010726
5.1572848E-07,-0.010711
5.1577848E-07,-0.010699
5.1582848E-07,-0.010689
5.1587848E-07,-0.010683
5.1592848E-07,-0.010680
5.1597848E-07,-0.010680
5.1602848E-07,-0.010683
5.1607848E-07,-0.010689
5.1612848E-07,-0.010697
5.1617848E-07,-0.010707
5.1622848E-07,-0.010719
5.1627848E-07,-0.010731
5.1632848E-07,-0.010744
5.1637848E-07,-0.010756
5.1642848E-07,-0.010768
5.1647848E-07,-0.010778
5.1652848E-07,-0.010786
5.1657848E-07,-0.010792
5.1662848E-07,-0.010796
5.1667848E-07,-0.010797
5.1672848E-07,-0.010796
5.1677848E-07,-0.010793
5.1682848E-07,-0.010788
5.1687848E-07,-0.010782
5.1692848E-07,-0.010774
5.1697848E-07,-0.010766
5.1702848E-07,-0.010757
5.1707848E-07,-0.010749
5.1712848E-07,-0.010742
5.1717848E-07,-0.010737
5.1722848E-07,-0.010733
5.1727848E-07,-0.010731
5.1732848E-07,-0.010732
5.1737848E-07,-0.010735
5.1742848E-07,-0.010741
5.1747848E-07,-0.010748
5.1752848E-07,-0.010758
5.1757848E-07,-0.010770
5.1762848E-07,-0.010783
5.1767848E-07,-0.010798
5.1772848E-07,-0.010812
5.1777848E-07,-0.010827
5.1782848E-07,-0.010842
5.1787848E-07,-0.010855
5.1792848E-07,-0.010867
5.1797848E-07,-0.010878
5.1802848E-07,-0.010887
5.1807848E-07,-0.010895
5.1812848E-07,-0.010900
5.1817848E-07,-0.010904
5.1822848E-07,-0.010906
5.1827848E-07,-0.010906
5.1832848E-07,-0.010906
5.1837848E-07,-0.010905
5.1842848E-07,-0.010904
5.1847848E-07,-0.010902
5.1852848E-07,-0.010901
5.1857848E-07,-0.010900
5.1862848E-07,-0.010901
5.1867848E-07,-0.010902
5.1872848E-07,-0.010904
5.1877848E-07,-0.010907
5.1882848E-07,-0.010910
5.1887848E-07,-0.010915
5.1892848E-07,-0.010919
5.1897848E-07,-0.010923
5.1902848E-07,-0.010927
5.1907848E-07,-0.010930
5.1912848E-07,-0.010931
5.1917848E-07,-0.010931
5.1922848E-07,-0.010928
5.1927848E-07,-0.010924
5.1932848E-07,-0.010917
5.1937848E-07,-0.010907
5.1942848E-07,-0.010895
5.1947848E-07,-0.010881
5.1952848E-07,-0.010865
5.1957848E-07,-0.010847
5.1962848E-07,-0.010828
5.1967848E-07,-0.010808
5.1972848E-07,-0.010788
5.1977848E-07,-0.010767
5.1982848E-07,-0.010748
5.1987848E-07,-0.010729
5.1992848E-07,-0.010711
5.1997848E-07,-0.010695
5.2002848E-07,-0.010681
5.2007848E-07,-0.010668
5.2012848E-07,-0.010656
5.2017848E-07,-0.010646
5.2022848E-07,-0.010637
5.2027848E-07,-0.010628
5.2032848E-07,-0.010620
5.2037848E-07,-0.010612
5.2042848E-07,-0.010603
5.2047848E-07,-0.010594
5.2052848E-07,-0.010583
5.2057848E-07,-0.010572
5.2062848E-07,-0.010559
5.2067848E-07,-0.010545
5.2072848E-07,-0.010530
5.2077848E-07,-0.010514
5.2082848E-07,-0.010498
5.2087848E-07,-0.010481
5.2092848E-07,-0.010465
5.2097848E-07,-0.010449
5.2102848E-07,-0.010435
5.2107848E-07,-0.010423
5.2112848E-07,-0.010412
5.2117848E-07,-0.010405
5.2122848E-07,-0.010400
5.2127848E-07,-0.010398
5.2132848E-07,-0.010399
5.2137848E-07,-0.010403
5.2142848E-07,-0.010410
5.2147848E-07,-0.010420
5.2152848E-07,-0.010431
5.2157848E-07,-0.010445
5.2162848E-07,-0.010459
5.2167848E-07,-0.010474
5.2172848E-07,-0.010489
5.2177848E-07,-0.010504
5.2182848E-07,-0.010518
5.2187848E-07,-0.010531
5.2192848E-07,-0.010542
5.2197848E-07,-0.010552
5.2202848E-07,-0.010561
5.2207848E-07,-0.010568
5.2212848E-07,-0.010573
5.2217848E-07,-0.010578
5.2222848E-07,-0.010581
5.2227848E-07,-0.010585
5.2232848E-07,-0.010589
5.2237848E-07,-0.010593
5.2242848E-07,-0.010598
5.2247848E-07,-0.010604
5.2252848E-07,-0.010612
5.2257848E-07,-0.010622
5.2262848E-07,-0.010634
5.2267848E-07,-0.010647
5.2272848E-07,-0.010662
5.2277848E-07,-0.010678
5.2282848E-07,-0.010695
5.2287848E-07,-0.010713
5.2292848E-07,-0.010731
5.2297848E-07,-0.010748
5.2302848E-07,-0.010764
5.2307848E-07,-0.010779
5.2312848E-07,-0.010792
5.2317848E-07,-0.010802
5.2322848E-07,-0.010809
5.2327848E-07,-0.010813
5.2332848E-07,-0.010814
5.2337848E-07,-0.010812
5.2342848E-07,-0.010807
5.2347848E-07,-0.010799
5.2352848E-07,-0.010788
5.2357848E-07,-0.010776
5.2362848E-07,-0.010762
5.2367848E-07,-0.010747
5.2372848E-07,-0.010731
5.2377848E-07,-0.010716
5.2382848E-07,-0.010702
5.2387848E-07,-0.010690
5.2392848E-07,-0.010679
5.2397848E-07,-0.010670
5.2402848E-07,-0.010664
5.2407848E-07,-0.010661
5.2412848E-07,-0.010661
5.2417848E-07,-0.010663
5.2422848E-07,-0.010667
5.2427848E-07,-0.010674
5.2432848E-07,-0.010682
5.2437848E-07,-0.010692
5.2442848E-07,-0.010702
5.2447848E-07,-0.010713
5.2452848E-07,-0.010723
5.2457848E-07,-0.010732
5.2462848E-07,-0.010740
5.2467848E-07,-0.010746
5.2472848E-07,-0.010750
5.2477848E-07,-0.010752
5.2482848E-07,-0.010752
5.2487848E-07,-0.010749
5.2492848E-07,-0.010743
5.2497848E-07,-0.010736
5.2502848E-07,-0.010727
5.2507848E-07,-0.010716
5.2512848E-07,-0.010704
5.2517848E-07,-0.010691
5.2522848E-07,-0.010678
5.2527848E-07,-0.010665
5.2532848E-07,-0.010652
5.2537848E-07,-0.010640
5.2542848E-07,-0.010629
5.2547848E-07,-0.010619
5.2552848E-07,-0.010610
5.2557848E-07,-0.010601
5.2562848E-07,-0.010594
5.2567848E-07,-0.010587
5.2572848E-07,-0.010580
5.2577848E-07,-0.010573
5.2582848E-07,-0.010567
5.2587848E-07,-0.010559
5.2592848E-07,-0.010551
5.2597848E-07,-0.010542
5.2602848E-07,-0.010532
5.2607848E-07,-0.010521
5.2612848E-07,-0.010509
5.2617848E-07,-0.010496
5.2622848E-07,-0.010483
5.2627848E-07,-0.010470
5.2632848E-07,-0.010457
5.2637848E-07,-0.010445
5.2642848E-07,-0.010434
5.2647848E-07,-0.010425
5.2652848E-07,-0.010418
5.2657848E-07,-0.010414
5.2662848E-07,-0.010414
5.2667848E-07,-0.010417
5.2672848E-07,-0.010423
5.2677848E-07,-0.010433
5.2682848E-07,-0.010447
5.2687848E-07,-0.010464
5.2692848E-07,-0.010483
5.2697848E-07,-0.010505
5.2702848E-07,-0.010529
5.2707848E-07,-0.010554
5.2712848E-07,-0.010580
5.2717848E-07,-0.010605
5.2722848E-07,-0.010629
5.2727848E-07,-0.010651
5.2732848E-07,-0.010672
5.2737848E-07,-0.010690
5.2742848E-07,-0.010705
5.2747848E-07,-0.010717
5.2752848E-07,-0.010726
5.2757848E-07,-0.010732
5.2762848E-07,-0.010735
5.2767848E-07,-0.010736
5.2772848E-07,-0.010735
5.2777848E-07,-0.010732
5.2782848E-07,-0.010729
5.2787848E-07,-0.010725
5.2792848E-07,-0.010722
5.2797848E-07,-0.010719
5.2802848E-07,-0.010718
5.2807848E-07,-0.010717
5.2812848E-07,-0.010718
5.2817848E-07,-0.010721
5.2822848E-07,-0.010725
5.2827848E-07,-0.010731
5.2832848E-07,-0.010738
5.2837848E-07,-0.010745
5.2842848E-07,-0.010752
5.2847848E-07,-0.010759
5.2852848E-07,-0.010766
5.2857848E-07,-0.010772
5.2862848E-07,-0.010776
5.2867848E-07,-0.010778
5.2872848E-07,-0.010778
5.2877848E-07,-0.010777
5.2882848E-07,-0.010774
5.2887848E-07,-0.010768
5.2892848E-07,-0.010762
5.2897848E-07,-0.010754
5.2902848E-07,-0.010746
5.2907848E-07,-0.010738
5.2912848E-07,-0.010730
5.2917848E-07,-0.010724
5.2922848E-07,-0.010719
5.2927848E-07,-0.010716
5.2932848E-07,-0.010715
5.2937848E-07,-0.010717
5.2942848E-07,-0.010721
5.2947848E-07,-0.010729
5.2952848E-07,-0.010738
5.2957848E-07,-0.010750
5.2962848E-07,-0.010764
5.2967848E-07,-0.010780
5.2972848E-07,-0.010796
5.2977848E-07,-0.010812
5.2982848E-07,-0.010828
5.2987848E-07,-0.010843
5.2992848E-07,-0.010857
5.2997848E-07,-0.010869
5.3002848E-07,-0.010878
5.3007848E-07,-0.010885
5.3012848E-07,-0.010889
5.3017848E-07,-0.010890
5.3022848E-07,-0.010889
5.3027848E-07,-0.010885
5.3032848E-07,-0.010879
5.3037848E-07,-0.010871
5.3042848E-07,-0.010862
5.3047848E-07,-0.010852
5.3052848E-07,-0.010842
5.3057848E-07,-0.010831
5.3062848E-07,-0.010822
5.3067848E-07,-0.010813
5.3072848E-07,-0.010805
5.3077848E-07,-0.010799
5.3082848E-07,-0.010794
5.3087848E-07,-0.010790
5.3092848E-07,-0.010788
5.3097848E-07,-0.010786
5.3102848E-07,-0.010785
5.3107848E-07,-0.010784
5.3112848E-07,-0.010782
5.3117848E-07,-0.010780
5.3122848E-07,-0.010777
5.3127848E-07,-0.010772
5.3132848E-07,-0.010765
5.3137848E-07,-0.010756
5.3142848E-07,-0.010744
5.3147848E-07,-0.010730
5.3152848E-07,-0.010714
5.3157848E-07,-0.010696
5.3162848E-07,-0.010676
5.3167848E-07,-0.010654
5.3172848E-07,-0.010632
5.3177848E-07,-0.010609
5.3182848E-07,-0.010585
5.3187848E-07,-0.010562
5.3192848E-07,-0.010540
5.3197848E-07,-0.010520
5.3202848E-07,-0.010501
5.3207848E-07,-0.010485
5.3212848E-07,-0.010471
5.3217848E-07,-0.010459
5.3222848E-07,-0.010450
5.3227848E-07,-0.010443
5.3232848E-07,-0.010438
5.3237848E-07,-0.010436
5.3242848E-07,-0.010434
5.3247848E-07,-0.010434
5.3252848E-07,-0.010435
5.3257848E-07,-0.010435
5.3262848E-07,-0.010435
5.3267848E-07,-0.010434
5.3272848E-07,-0.010433
5.3277848E-07,-0.010429
5.3282848E-07,-0.010424
5.3287848E-07,-0.010418
5.3292848E-07,-0.010409
5.3297848E-07,-0.010399
5.3302848E-07,-0.010388
5.3307848E-07,-0.010376
5.3312848E-07,-0.010363
5.3317848E-07,-0.010350
5.3322848E-07,-0.010337
5.3327848E-07,-0.010325
5.3332848E-07,-0.010314
5.3337848E-07,-0.010305
5.3342848E-07,-0.010297
5.3347848E-07,-0.010291
5.3352848E-07,-0.010287
5.3357848E-07,-0.010285
5.3362848E-07,-0.010284
5.3367848E-07,-0.010286
5.3372848E-07,-0.010289
5.3377848E-07,-0.010292
5.3382848E-07,-0.010296
5.3387848E-07,-0.010300
5.3392848E-07,-0.010304
5.3397848E-07,-0.010306
5.3402848E-07,-0.010308
5.3407848E-07,-0.010307
5.3412848E-07,-0.010305
5.3417848E-07,-0.010301
5.3422848E-07,-0.010295
5.3427848E-07,-0.010287
5.3432848E-07,-0.010278
5.3437848E-07,-0.010268
5.3442848E-07,-0.010257
5.3447848E-07,-0.010246
5.3452848E-07,-0.010235
5.3457848E-07,-0.010225
5.3462848E-07,-0.010216
5.3467848E-07,-0.010209
5.3472848E-07,-0.010204
5.3477848E-07,-0.010202
5.3482848E-07,-0.010202
5.3487848E-07,-0.010205
5.3492848E-07,-0.010211
5.3497848E-07,-0.010218
5.3502848E-07,-0.010228
5.3507848E-07,-0.010239
5.3512848E-07,-0.010252
5.3517848E-07,-0.010264
5.3522848E-07,-0.010277
5.3527848E-07,-0.010289
5.3532848E-07,-0.010300
5.3537848E-07,-0.010310
5.3542848E-07,-0.010317
5.3547848E-07,-0.010323
5.3552848E-07,-0.010327
5.3557848E-07,-0.010329
5.3562848E-07,-0.010328
5.3567848E-07,-0.010327
5.3572848E-07,-0.010324
5.3577848E-07,-0.010321
5.3582848E-07,-0.010318
5.3587848E-07,-0.010315
5.3592848E-07,-0.010314
5.3597848E-07,-0.010314
5.3602848E-07,-0.010317
5.3607848E-07,-0.010322
5.3612848E-07,-0.010331
5.3617848E-07,-0.010342
5.3622848E-07,-0.010356
5.3627848E-07,-0.010374
5.3632848E-07,-0.010394
5.3637848E-07,-0.010416
5.3642848E-07,-0.010440
5.3647848E-07,-0.010466
5.3652848E-07,-0.010493
5.3657848E-07,-0.010519
5.3662848E-07,-0.010546
5.3667848E-07,-0.010571
5.3672848E-07,-0.010595
5.3677848E-07,-0.010617
5.3682848E-07,-0.010637
5.3687848E-07,-0.010655
5.3692848E-07,-0.010671
5.3697848E-07,-0.010684
5.3702848E-07,-0.010696
5.3707848E-07,-0.010705
5.3712848E-07,-0.010714
5.3717848E-07,-0.010721
5.3722848E-07,-0.010728
5.3727848E-07,-0.010734
5.3732848E-07,-0.010741
5.3737848E-07,-0.010749
5.3742848E-07,-0.010758
5.3747848E-07,-0.010767
5.3752848E-07,-0.010778
5.3757848E-07,-0.010790
5.3762848E-07,-0.010803
5.3767848E-07,-0.010817
5.3772848E-07,-0.010831
5.3777848E-07,-0.010845
5.3782848E-07,-0.010859
5.3787848E-07,-0.010871
5.3792848E-07,-0.010883
5.3797848E-07,-0.010892
5.3802848E-07,-0.010900
5.3807848E-07,-0.010905
5.3812848E-07,-0.010907
5.3817848E-07,-0.010906
5.3822848E-07,-0.010902
5.3827848E-07,-0.010896
5.3832848E-07,-0.010887
5.3837848E-07,-0.010876
5.3842848E-07,-0.010863
5.3847848E-07,-0.010848
5.3852848E-07,-0.010833
5.3857848E-07,-0.010818
5.3862848E-07,-0.010802
5.3867848E-07,-0.010788
5.3872848E-07,-0.010774
5.3877848E-07,-0.010762
5.3882848E-07,-0.010751
5.3887848E-07,-0.010743
5.3892848E-07,-0.010736
5.3897848E-07,-0.010731
5.3902848E-07,-0.010727
5.3907848E-07,-0.010724
5.3912848E-07,-0.010722
5.3917848E-07,-0.010720
5.3922848E-07,-0.010718
5.3927848E-07,-0.010716
5.3932848E-07,-0.010712
5.3937848E-07,-0.010707
5.3942848E-07,-0.010699
5.3947848E-07,-0.010690
5.3952848E-07,-0.010678
5.3957848E-07,-0.010664
5.3962848E-07,-0.010648
5.3967848E-07,-0.010631
5.3972848E-07,-0.010612
5.3977848E-07,-0.010592
5.3982848E-07,-0.010571
5.3987848E-07,-0.010551
5.3992848E-07,-0.010532
5.3997848E-07,-0.010514
5.4002848E-07,-0.010499
5.4007848E-07,-0.010486
5.4012848E-07,-0.010477
5.4017848E-07,-0.010470
5.4022848E-07,-0.010468
5.4027848E-07,-0.010469
5.4032848E-07,-0.010473
5.4037848E-07,-0.010481
5.4042848E-07,-0.010492
5.4047848E-07,-0.010504
5.4052848E-07,-0.010518
5.4057848E-07,-0.010533
5.4062848E-07,-0.010548
5.4067848E-07,-0.010563
5.4072848E-07,-0.010576
5.4077848E-07,-0.010587
5.4082848E-07,-0.010595
5.4087848E-07,-0.010601
5.4092848E-07,-0.010603
5.4097848E-07,-0.010602
5.4102848E-07,-0.010598
5.4107848E-07,-0.010591
5.4112848E-07,-0.010581
5.4117848E-07,-0.010569
5.4122848E-07,-0.010555
5.4127848E-07,-0.010541
5.4132848E-07,-0.010526
5.4137848E-07,-0.010511
5.4142848E-07,-0.010498
5.4147848E-07,-0.010486
5.4152848E-07,-0.010476
5.4157848E-07,-0.010468
5.4162848E-07,-0.010463
5.4167848E-07,-0.010461
5.4172848E-07,-0.010461
5.4177848E-07,-0.010464
5.4182848E-07,-0.010468
5.4187848E-07,-0.010474
5.4192848E-07,-0.010481
5.4197848E-07,-0.010488
5.4202848E-07,-0.010495
5.4207848E-07,-0.010501
5.4212848E-07,-0.010505
5.4217848E-07,-0.010508
5.4222848E-07,-0.010509
5.4227848E-07,-0.010507
5.4232848E-07,-0.010503
5.4237848E-07,-0.010496
5.4242848E-07,-0.010488
5.4247848E-07,-0.010477
5.4252848E-07,-0.010465
5.4257848E-07,-0.010453
5.4262848E-07,-0.010440
5.4267848E-07,-0.010427
5.4272848E-07,-0.010415
5.4277848E-07,-0.010404
5.4282848E-07,-0.010396
5.4287848E-07,-0.010389
5.4292848E-07,-0.010385
5.4297848E-07,-0.010384
5.4302848E-07,-0.010385
5.4307848E-07,-0.010388
5.4312848E-07,-0.010393
5.4317848E-07,-0.010400
5.4322848E-07,-0.010408
5.4327848E-07,-0.010417
5.4332848E-07,-0.010426
5.4337848E-07,-0.010434
5.4342848E-07,-0.010441
5.4347848E-07,-0.010447
5.4352848E-07,-0.010451
5.4357848E-07,-0.010452
5.4362848E-07,-0.010451
5.4367848E-07,-0.010448
5.4372848E-07,-0.010443
5.4377848E-07,-0.010436
5.4382848E-07,-0.010427
5.4387848E-07,-0.010417
5.4392848E-07,-0.010406
5.4397848E-07,-0.010395
5.4402848E-07,-0.010385
5.4407848E-07,-0.010375
5.4412848E-07,-0.010367
5.4417848E-07,-0.010360
5.4422848E-07,-0.010355
5.4427848E-07,-0.010353
5.4432848E-07,-0.010352
5.4437848E-07,-0.010353
5.4442848E-07,-0.010356
5.4447848E-07,-0.010361
5.4452848E-07,-0.010366
5.4457848E-07,-0.010372
5.4462848E-07,-0.010378
5.4467848E-07,-0.010383
5.4472848E-07,-0.010388
5.4477848E-07,-0.010391
5.4482848E-07,-0.010393
5.4487848E-07,-0.010394
5.4492848E-07,-0.010392
5.4497848E-07,-0.010389
5.4502848E-07,-0.010384
5.4507848E-07,-0.010378
5.4512848E-07,-0.010371
5.4517848E-07,-0.010363
5.4522848E-07,-0.010356
5.4527848E-07,-0.010349
5.4532848E-07,-0.010343
5.4537848E-07,-0.010338
5.4542848E-07,-0.010336
5.4547848E-07,-0.010336
5.4552848E-07,-0.010338
5.4557848E-07,-0.010343
5.4562848E-07,-0.010350
5.4567848E-07,-0.010360
5.4572848E-07,-0.010371
5.4577848E-07,-0.010384
5.4582848E-07,-0.010399
5.4587848E-07,-0.010413
5.4592848E-07,-0.010428
5.4597848E-07,-0.010442
5.4602848E-07,-0.010454
5.4607848E-07,-0.010465
5.4612848E-07,-0.010473
5.4617848E-07,-0.010479
5.4622848E-07,-0.010481
5.4627848E-07,-0.010480
5.4632848E-07,-0.010477
5.4637848E-07,-0.010470
5.4642848E-07,-0.010461
5.4647848E-07,-0.010450
5.4652848E-07,-0.010438
5.4657848E-07,-0.010424
5.4662848E-07,-0.010411
5.4667848E-07,-0.010398
5.4672848E-07,-0.010386
5.4677848E-07,-0.010375
5.4682848E-07,-0.010367
5.4687848E-07,-0.010362
5.4692848E-07,-0.010359
5.4697848E-07,-0.010360
5.4702848E-07,-0.010364
5.4707848E-07,-0.010370
5.4712848E-07,-0.010379
5.4717848E-07,-0.010391
5.4722848E-07,-0.010404
5.4727848E-07,-0.010418
5.4732848E-07,-0.010433
5.4737848E-07,-0.010447
5.4742848E-07,-0.010461
5.4747848E-07,-0.010474
5.4752848E-07,-0.010485
5.4757848E-07,-0.010494
5.4762848E-07,-0.010500
5.4767848E-07,-0.010504
5.4772848E-07,-0.010506
5.4777848E-07,-0.010505
5.4782848E-07,-0.010502
5.4787848E-07,-0.010498
5.4792848E-07,-0.010492
5.4797848E-07,-0.010486
5.4802848E-07,-0.010479
5.4807848E-07,-0.010473
5.4812848E-07,-0.010468
5.4817848E-07,-0.010465
5.4822848E-07,-0.010463
5.4827848E-07,-0.010463
5.4832848E-07,-0.010465
5.4837848E-07,-0.010470
5.4842848E-07,-0.010476
5.4847848E-07,-0.010484
5.4852848E-07,-0.010493
5.4857848E-07,-0.010502
5.4862848E-07,-0.010511
5.4867848E-07,-0.010520
5.4872848E-07,-0.010528
5.4877848E-07,-0.010533
5.4882848E-07,-0.010536
5.4887848E-07,-0.010536
5.4892848E-07,-0.010532
5.4897848E-07,-0.010525
5.4902848E-07,-0.010514
5.4907848E-07,-0.010499
5.4912848E-07,-0.010481
5.4917848E-07,-0.010460
5.4922848E-07,-0.010437
5.4927848E-07,-0.010412
5.4932848E-07,-0.010386
5.4937848E-07,-0.010360
5.4942848E-07,-0.010335
5.4947848E-07,-0.010311
5.4952848E-07,-0.010289
5.4957848E-07,-0.010269
5.4962848E-07,-0.010253
5.4967848E-07,-0.010240
5.4972848E-07,-0.010230
5.4977848E-07,-0.010224
5.4982848E-07,-0.010220
5.4987848E-07,-0.010220
5.4992848E-07,-0.010222
5.4997848E-07,-0.010226
5.5002848E-07,-0.010230
5.5007848E-07,-0.010236
5.5012848E-07,-0.010241
5.5017848E-07,-0.010245
5.5022848E-07,-0.010248
5.5027848E-07,-0.010249
5.5032848E-07,-0.010248
5.5037848E-07,-0.010245
5.5042848E-07,-0.010240
5.5047848E-07,-0.010233
5.5052848E-07,-0.010224
5.5057848E-07,-0.010213
5.5062848E-07,-0.010202
5.5067848E-07,-0.010191
5.5072848E-07,-0.010179
5.5077848E-07,-0.010169
5.5082848E-07,-0.010160
5.5087848E-07,-0.010153
5.5092848E-07,-0.010147
5.5097848E-07,-0.010145
5.5102848E-07,-0.010144
5.5107848E-07,-0.010147
5.5112848E-07,-0.010151
5.5117848E-07,-0.010157
5.5122848E-07,-0.010165
5.5127848E-07,-0.010173
5.5132848E-07,-0.010182
5.5137848E-07,-0.010191
5.5142848E-07,-0.010198
5.5147848E-07,-0.010204
5.5152848E-07,-0.010208
5.5157848E-07,-0.010210
5.5162848E-07,-0.010209
5.5167848E-07,-0.010205
5.5172848E-07,-0.010198
5.5177848E-07,-0.010189
5.5182848E-07,-0.010178
5.5187848E-07,-0.010165
5.5192848E-07,-0.010151
5.5197848E-07,-0.010137
5.5202848E-07,-0.010123
5.5207848E-07,-0.010110
5.5212848E-07,-0.010098
5.5217848E-07,-0.010088
5.5222848E-07,-0.010081
5.5227848E-07,-0.010077
5.5232848E-07,-0.010077
5.5237848E-07,-0.010079
5.5242848E-07,-0.010085
5.5247848E-07,-0.010094
5.5252848E-07,-0.010106
5.5257848E-07,-0.010120
5.5262848E-07,-0.010135
5.5267848E-07,-0.010151
5.5272848E-07,-0.010167
5.5277848E-07,-0.010183
5.5282848E-07,-0.010198
5.5287848E-07,-0.010211
5.5292848E-07,-0.010222
5.5297848E-07,-0.010231
5.5302848E-07,-0.010236
5.5307848E-07,-0.010239
5.5312848E-07,-0.010239
5.5317848E-07,-0.010236
5.5322848E-07,-0.010232
5.5327848E-07,-0.010225
5.5332848E-07,-0.010218
5.5337848E-07,-0.010209
5.5342848E-07,-0.010201
5.5347848E-07,-0.010194
5.5352848E-07,-0.010187
5.5357848E-07,-0.010183
5.5362848E-07,-0.010181
5.5367848E-07,-0.010181
5.5372848E-07,-0.010183
5.5377848E-07,-0.010189
5.5382848E-07,-0.010197
5.5387848E-07,-0.010207
5.5392848E-07,-0.010219
5.5397848E-07,-0.010232
5.5402848E-07,-0.010247
5.5407848E-07,-0.010261
5.5412848E-07,-0.010275
5.5417848E-07,-0.010288
5.5422848E-07,-0.010300
5.5427848E-07,-0.010309
5.5432848E-07,-0.010316
5.5437848E-07,-0.010321
5.5442848E-07,-0.010323
5.5447848E-07,-0.010322
5.5452848E-07,-0.010318
5.5457848E-07,-0.010313
5.5462848E-07,-0.010305
5.5467848E-07,-0.010296
5.5472848E-07,-0.010286
5.5477848E-07,-0.010276
5.5482848E-07,-0.010266
5.5487848E-07,-0.010257
5.5492848E-07,-0.010250
5.5497848E-07,-0.010244
5.5502848E-07,-0.010240
5.5507848E-07,-0.010239
5.5512848E-07,-0.010240
5.5517848E-07,-0.010243
5.5522848E-07,-0.010248
5.5527848E-07,-0.010254
5.5532848E-07,-0.010262
5.5537848E-07,-0.010271
5.5542848E-07,-0.010280
5.5547848E-07,-0.010288
5.5552848E-07,-0.010296
5.5557848E-07,-0.010302
5.5562848E-07,-0.010307
5.5567848E-07,-0.010310
5.5572848E-07,-0.010310
5.5577848E-07,-0.010308
5.5582848E-07,-0.010304
5.5587848E-07,-0.010299
5.5592848E-07,-0.010291
5.5597848E-07,-0.010283
5.5602848E-07,-0.010275
5.5607848E-07,-0.010266
5.5612848E-07,-0.010259
5.5617848E-07,-0.010252
5.5622848E-07,-0.010248
5.5627848E-07,-0.010247
5.5632848E-07,-0.010248
5.5637848E-07,-0.010253
5.5642848E-07,-0.010261
5.5647848E-07,-0.010273
5.5652848E-07,-0.010287
5.5657848E-07,-0.010305
5.5662848E-07,-0.010324
5.5667848E-07,-0.010346
5.5672848E-07,-0.010368
5.5677848E-07,-0.010392
5.5682848E-07,-0.010414
5.5687848E-07,-0.010436
5.5692848E-07,-0.010457
5.5697848E-07,-0.010475
5.5702848E-07,-0.010491
5.5707848E-07,-0.010504
5.5712848E-07,-0.010514
5.5717848E-07,-0.010521
5.5722848E-07,-0.010526
5.5727848E-07,-0.010528
5.5732848E-07,-0.010528
5.5737848E-07,-0.010526
5.5742848E-07,-0.010523
5.5747848E-07,-0.010520
5.5752848E-07,-0.010518
5.5757848E-07,-0.010516
5.5762848E-07,-0.010515
5.5767848E-07,-0.010516
5.5772848E-07,-0.010518
5.5777848E-07,-0.010523
5.5782848E-07,-0.010529
5.5787848E-07,-0.010537
5.5792848E-07,-0.010547
5.5797848E-07,-0.010558
5.5802848E-07,-0.010569
5.5807848E-07,-0.010581
5.5812848E-07,-0.010591
5.5817848E-07,-0.010601
5.5822848E-07,-0.010610
5.5827848E-07,-0.010616
5.5832848E-07,-0.010619
5.5837848E-07,-0.010620
5.5842848E-07,-0.010618
5.5847848E-07,-0.010614
5.5852848E-07,-0.010606
5.5857848E-07,-0.010597
5.5862848E-07,-0.010585
5.5867848E-07,-0.010572
5.5872848E-07,-0.010558
5.5877848E-07,-0.010544
5.5882848E-07,-0.010531
5.5887848E-07,-0.010518
5.5892848E-07,-0.010508
5.5897848E-07,-0.010499
5.5902848E-07,-0.010493
5.5907848E-07,-0.010490
5.5912848E-07,-0.010489
5.5917848E-07,-0.010491
5.5922848E-07,-0.010496
5.5927848E-07,-0.010503
5.5932848E-07,-0.010512
5.5937848E-07,-0.010523
5.5942848E-07,-0.010534
5.5947848E-07,-0.010545
5.5952848E-07,-0.010555
5.5957848E-07,-0.010564
5.5962848E-07,-0.010572
5.5967848E-07,-0.010578
5.5972848E-07,-0.010581
5.5977848E-07,-0.010582
5.5982848E-07,-0.010580
5.5987848E-07,-0.010575
5.5992848E-07,-0.010568
5.5997848E-07,-0.010559
5.6002848E-07,-0.010549
5.6007848E-07,-0.010537
5.6012848E-07,-0.010525
5.6017848E-07,-0.010513
5.6022848E-07,-0.010502
5.6027848E-07,-0.010492
5.6032848E-07,-0.010483
5.6037848E-07,-0.010477
5.6042848E-07,-0.010473
5.6047848E-07,-0.010472
5.6052848E-07,-0.010473
5.6057848E-07,-0.010476
5.6062848E-07,-0.010481
5.6067848E-07,-0.010488
5.6072848E-07,-0.010497
5.6077848E-07,-0.010506
5.6082848E-07,-0.010515
5.6087848E-07,-0.010524
5.6092848E-07,-0.010532
5.6097848E-07,-0.010539
5.6102848E-07,-0.010545
5.6107848E-07,-0.010548
5.6112848E-07,-0.010550
5.6117848E-07,-0.010549
5.6122848E-07,-0.010547
5.6127848E-07,-0.010542
5.6132848E-07,-0.010536
5.6137848E-07,-0.010529
5.6142848E-07,-0.010521
5.6147848E-07,-0.010513
5.6152848E-07,-0.010505
5.6157848E-07,-0.010497
5.6162848E-07,-0.010491
5.6167848E-07,-0.010485
5.6172848E-07,-0.010481
5.6177848E-07,-0.010478
5.6182848E-07,-0.010477
5.6187848E-07,-0.010477
5.6192848E-07,-0.010478
5.6197848E-07,-0.010479
5.6202848E-07,-0.010481
5.6207848E-07,-0.010482
5.6212848E-07,-0.010483
5.6217848E-07,-0.010482
5.6222848E-07,-0.010478
5.6227848E-07,-0.010473
5.6232848E-07,-0.010465
5.6237848E-07,-0.010453
5.6242848E-07,-0.010439
5.6247848E-07,-0.010421
5.6252848E-07,-0.010400
5.6257848E-07,-0.010377
5.6262848E-07,-0.010351
5.6267848E-07,-0.010323
5.6272848E-07,-0.010295
5.6277848E-07,-0.010266
5.6282848E-07,-0.010237
5.6287848E-07,-0.010210
5.6292848E-07,-0.010184
5.6297848E-07,-0.010161
5.6302848E-07,-0.010140
5.6307848E-07,-0.010124
5.6312848E-07,-0.010110
5.6317848E-07,-0.010101
5.6322848E-07,-0.010096
5.6327848E-07,-0.010095
5.6332848E-07,-0.010097
5.6337848E-07,-0.010102
5.6342848E-07,-0.010110
5.6347848E-07,-0.010120
5.6352848E-07,-0.010131
5.6357848E-07,-0.010143
5.6362848E-07,-0.010155
5.6367848E-07,-0.010168
5.6372848E-07,-0.010179
5.6377848E-07,-0.010189
5.6382848E-07,-0.010198
5.6387848E-07,-0.010206
5.6392848E-07,-0.010212
5.6397848E-07,-0.010217
5.6402848E-07,-0.010221
5.6407848E-07,-0.010225
5.6412848E-07,-0.010228
5.6417848E-07,-0.010231
5.6422848E-07,-0.010235
5.6427848E-07,-0.010240
5.6432848E-07,-0.010247
5.6437848E-07,-0.010255
5.6442848E-07,-0.010266
5.6447848E-07,-0.010279
5.6452848E-07,-0.010294
5.6457848E-07,-0.010311
5.6462848E-07,-0.010330
5.6467848E-07,-0.010350
5.6472848E-07,-0.010372
5.6477848E-07,-0.010395
5.6482848E-07,-0.010417
5.6487848E-07,-0.010440
5.6492848E-07,-0.010462
5.6497848E-07,-0.010482
5.6502848E-07,-0.010501
5.6507848E-07,-0.010518
5.6512848E-07,-0.010533
5.6517848E-07,-0.010546
5.6522848E-07,-0.010556
5.6527848E-07,-0.010565
5.6532848E-07,-0.010573
5.6537848E-07,-0.010579
5.6542848E-07,-0.010585
5.6547848E-07,-0.010590
5.6552848E-07,-0.010596
5.6557848E-07,-0.010602
5.6562848E-07,-0.010609
5.6567848E-07,-0.010618
5.6572848E-07,-0.010628
5.6577848E-07,-0.010639
5.6582848E-07,-0.010652
5.6587848E-07,-0.010667
5.6592848E-07,-0.010682
5.6597848E-07,-0.010698
5.6602848E-07,-0.010713
5.6607848E-07,-0.010728
5.6612848E-07,-0.010742
5.6617848E-07,-0.010754
5.6622848E-07,-0.010763
5.6627848E-07,-0.010770
5.6632848E-07,-0.010773
5.6637848E-07,-0.010772
5.6642848E-07,-0.010767
5.6647848E-07,-0.010758
5.6652848E-07,-0.010746
5.6657848E-07,-0.010730
5.6662848E-07,-0.010710
5.6667848E-07,-0.010689
5.6672848E-07,-0.010665
5.6677848E-07,-0.010641
5.6682848E-07,-0.010616
5.6687848E-07,-0.010593
5.6692848E-07,-0.010570
5.6697848E-07,-0.010550
5.6702848E-07,-0.010533
5.6707848E-07,-0.010520
5.6712848E-07,-0.010510
5.6717848E-07,-0.010505
5.6722848E-07,-0.010504
5.6727848E-07,-0.010507
5.6732848E-07,-0.010513
5.6737848E-07,-0.010524
5.6742848E-07,-0.010537
5.6747848E-07,-0.010553
5.6752848E-07,-0.010571
5.6757848E-07,-0.010590
5.6762848E-07,-0.010609
5.6767848E-07,-0.010628
5.6772848E-07,-0.010646
5.6777848E-07,-0.010663
5.6782848E-07,-0.010678
5.6787848E-07,-0.010692
5.6792848E-07,-0.010703
5.6797848E-07,-0.010712
5.6802848E-07,-0.010720
5.6807848E-07,-0.010726
5.6812848E-07,-0.010730
5.6817848E-07,-0.010734
5.6822848E-07,-0.010737
5.6827848E-07,-0.010740
5.6832848E-07,-0.010744
5.6837848E-07,-0.010748
5.6842848E-07,-0.010753
5.6847848E-07,-0.010760
5.6852848E-07,-0.010768
5.6857848E-07,-0.010777
5.6862848E-07,-0.010786
5.6867848E-07,-0.010797
5.6872848E-07,-0.010808
5.6877848E-07,-0.010818
5.6882848E-07,-0.010828
5.6887848E-07,-0.010836
5.6892848E-07,-0.010843
5.6897848E-07,-0.010847
5.6902848E-07,-0.010848
5.6907848E-07,-0.010846
5.6912848E-07,-0.010841
5.6917848E-07,-0.010832
5.6922848E-07,-0.010819
5.6927848E-07,-0.010803
5.6932848E-07,-0.010784
5.6937848E-07,-0.010761
5.6942848E-07,-0.010737
5.6947848E-07,-0.010711
5.6952848E-07,-0.010684
5.6957848E-07,-0.010657
5.6962848E-07,-0.010630
5.6967848E-07,-0.010605
5.6972848E-07,-0.010581
5.6977848E-07,-0.010560
5.6982848E-07,-0.010542
5.6987848E-07,-0.010527
5.6992848E-07,-0.010514
5.6997848E-07,-0.010506
5.7002848E-07,-0.010500
5.7007848E-07,-0.010497
5.7012848E-07,-0.010497
5.7017848E-07,-0.010499
5.7022848E-07,-0.010502
5.7027848E-07,-0.010506
5.7032848E-07,-0.010511
5.7037848E-07,-0.010515
5.7042848E-07,-0.010519
5.7047848E-07,-0.010522
5.7052848E-07,-0.010524
5.7057848E-07,-0.010524
5.7062848E-07,-0.010522
5.7067848E-07,-0.010519
5.7072848E-07,-0.010515
5.7077848E-07,-0.010509
5.7082848E-07,-0.010502
5.7087848E-07,-0.010495
5.7092848E-07,-0.010487
5.7097848E-07,-0.010480
5.7102848E-07,-0.010474
5.7107848E-07,-0.010468
5.7112848E-07,-0.010463
5.7117848E-07,-0.010460
5.7122848E-07,-0.010457
5.7127848E-07,-0.010456
5.7132848E-07,-0.010455
5.7137848E-07,-0.010455
5.7142848E-07,-0.010456
5.7147848E-07,-0.010455
5.7152848E-07,-0.010454
5.7157848E-07,-0.010452
5.7162848E-07,-0.010447
5.7167848E-07,-0.010440
5.7172848E-07,-0.010431
5.7177848E-07,-0.010418
5.7182848E-07,-0.010403
5.7187848E-07,-0.010384
5.7192848E-07,-0.010362
5.7197848E-07,-0.010337
5.7202848E-07,-0.010310
5.7207848E-07,-0.010282
5.7212848E-07,-0.010252
5.7217848E-07,-0.010222
5.7222848E-07,-0.010192
5.7227848E-07,-0.010163
5.7232848E-07,-0.010136
5.7237848E-07,-0.010112
5.7242848E-07,-0.010090
5.7247848E-07,-0.010071
5.7252848E-07,-0.010057
5.7257848E-07,-0.010045
5.7262848E-07,-0.010038
5.7267848E-07,-0.010033
5.7272848E-07,-0.010032
5.7277848E-07,-0.010033
5.7282848E-07,-0.010036
5.7287848E-07,-0.010041
5.7292848E-07,-0.010046
5.7297848E-07,-0.010051
5.7302848E-07,-0.010056
5.7307848E-07,-0.010059
5.7312848E-07,-0.010061
5.7317848E-07,-0.010062
5.7322848E-07,-0.010060
5.7327848E-07,-0.010056
5.7332848E-07,-0.010051
5.7337848E-07,-0.010044
5.7342848E-07,-0.010036
5.7347848E-07,-0.010027
5.7352848E-07,-0.010019
5.7357848E-07,-0.010010
5.7362848E-07,-0.010004
5.7367848E-07,-0.009998
5.7372848E-07,-0.009996
5.7377848E-07,-0.009996
5.7382848E-07,-0.009999
5.7387848E-07,-0.010005
5.7392848E-07,-0.010014
5.7397848E-07,-0.010027
5.7402848E-07,-0.010042
5.7407848E-07,-0.010060
5.7412848E-07,-0.010079
5.7417848E-07,-0.010100
5.7422848E-07,-0.010122
5.7427848E-07,-0.010143
5.7432848E-07,-0.010164
5.7437848E-07,-0.010183
5.7442848E-07,-0.010200
5.7447848E-07,-0.010215
5.7452848E-07,-0.010227
5.7457848E-07,-0.010236
5.7462848E-07,-0.010242
5.7467848E-07,-0.010245
5.7472848E-07,-0.010246
5.7477848E-07,-0.010244
5.7482848E-07,-0.010240
5.7487848E-07,-0.010235
5.7492848E-07,-0.010229
5.7497848E-07,-0.010222
5.7502848E-07,-0.010216
5.7507848E-07,-0.010211
5.7512848E-07,-0.010207
5.7517848E-07,-0.010205
5.7522848E-07,-0.010205
5.7527848E-07,-0.010206
5.7532848E-07,-0.010210
5.7537848E-07,-0.010215
5.7542848E-07,-0.010222
5.7547848E-07,-0.010230
5.7552848E-07,-0.010239
5.7557848E-07,-0.010248
5.7562848E-07,-0.010257
5.7567848E-07,-0.010265
5.7572848E-07,-0.010271
5.7577848E-07,-0.010276
5.7582848E-07,-0.010279
5.7587848E-07,-0.010279
5.7592848E-07,-0.010277
5.7597848E-07,-0.010273
5.7602848E-07,-0.010266
5.7607848E-07,-0.010258
5.7612848E-07,-0.010248
5.7617848E-07,-0.010237
5.7622848E-07,-0.010225
5.7627848E-07,-0.010214
5.7632848E-07,-0.010203
5.7637848E-07,-0.010194
5.7642848E-07,-0.010186
5.7647848E-07,-0.010181
5.7652848E-07,-0.010179
5.7657848E-07,-0.010180
5.7662848E-07,-0.010184
5.7667848E-07,-0.010191
5.7672848E-07,-0.010201
5.7677848E-07,-0.010213
5.7682848E-07,-0.010228
5.7687848E-07,-0.010245
5.7692848E-07,-0.010262
5.7697848E-07,-0.010281
5.7702848E-07,-0.010299
5.7707848E-07,-0.010317
5.7712848E-07,-0.010334
5.7717848E-07,-0.010349
5.7722848E-07,-0.010362
5.7727848E-07,-0.010373
5.7732848E-07,-0.010382
5.7737848E-07,-0.010389
5.7742848E-07,-0.010394
5.7747848E-07,-0.010397
5.7752848E-07,-0.010398
5.7757848E-07,-0.010399
5.7762848E-07,-0.010400
5.7767848E-07,-0.010400
5.7772848E-07,-0.010401
5.7777848E-07,-0.010403
5.7782848E-07,-0.010407
5.7787848E-07,-0.010412
5.7792848E-07,-0.010419
5.7797848E-07,-0.010428
5.7802848E-07,-0.010439
5.7807848E-07,-0.010452
5.7812848E-07,-0.010465
5.7817848E-07,-0.010480
5.7822848E-07,-0.010494
5.7827848E-07,-0.010509
5.7832848E-07,-0.010522
5.7837848E-07,-0.010533
5.7842848E-07,-0.010542
5.7847848E-07,-0.010548
5.7852848E-07,-0.010551
5.7857848E-07,-0.010551
5.7862848E-07,-0.010547
5.7867848E-07,-0.010540
5.7872848E-07,-0.010529
5.7877848E-07,-0.010516
5.7882848E-07,-0.010500
5.7887848E-07,-0.010482
5.7892848E-07,-0.010462
5.7897848E-07,-0.010443
5.7902848E-07,-0.010423
5.7907848E-07,-0.010404
5.7912848E-07,-0.010387
5.7917848E-07,-0.010372
5.7922848E-07,-0.010359
5.7927848E-07,-0.010350
5.7932848E-07,-0.010342
5.7937848E-07,-0.010338
5.7942848E-07,-0.010337
5.7947848E-07,-0.010338
5.7952848E-07,-0.010340
5.7957848E-07,-0.010344
5.7962848E-07,-0.010349
5.7967848E-07,-0.010354
5.7972848E-07,-0.010359
5.7977848E-07,-0.010363
5.7982848E-07,-0.010365
5.7987848E-07,-0.010365
5.7992848E-07,-0.010363
5.7997848E-07,-0.010358
5.8002848E-07,-0.010351
5.8007848E-07,-0.010342
5.8012848E-07,-0.010331
5.8017848E-07,-0.010318
5.8022848E-07,-0.010304
5.8027848E-07,-0.010290
5.8032848E-07,-0.010275
5.8037848E-07,-0.010261
5.8042848E-07,-0.010249
5.8047848E-07,-0.010237
5.8052848E-07,-0.010228
5.8057848E-07,-0.010221
5.8062848E-07,-0.010217
5.8067848E-07,-0.010215
5.8072848E-07,-0.010216
5.8077848E-07,-0.010218
5.8082848E-07,-0.010223
5.8087848E-07,-0.010229
5.8092848E-07,-0.010235
5.8097848E-07,-0.010242
5.8102848E-07,-0.010249
5.8107848E-07,-0.010254
5.8112848E-07,-0.010259
5.8117848E-07,-0.010261
5.8122848E-07,-0.010262
5.8127848E-07,-0.010260
5.8132848E-07,-0.010256
5.8137848E-07,-0.010250
5.8142848E-07,-0.010242
5.8147848E-07,-0.010233
5.8152848E-07,-0.010222
5.8157848E-07,-0.010211
5.8162848E-07,-0.010201
5.8167848E-07,-0.010191
5.8172848E-07,-0.010182
5.8177848E-07,-0.010176
5.8182848E-07,-0.010172
5.8187848E-07,-0.010171
5.8192848E-07,-0.010173
5.8197848E-07,-0.010179
5.8202848E-07,-0.010188
5.8207848E-07,-0.010200
5.8212848E-07,-0.010215
5.8217848E-07,-0.010232
5.8222848E-07,-0.010251
5.8227848E-07,-0.010272
5.8232848E-07,-0.010293
5.8237848E-07,-0.010315
5.8242848E-07,-0.010335
5.8247848E-07,-0.010355
5.8252848E-07,-0.010372
5.8257848E-07,-0.010387
5.8262848E-07,-0.010399
5.8267848E-07,-0.010409
5.8272848E-07,-0.010415
5.8277848E-07,-0.010419
5.8282848E-07,-0.010419
5.8287848E-07,-0.010418
5.8292848E-07,-0.010415
5.8297848E-07,-0.010410
5.8302848E-07,-0.010405
5.8307848E-07,-0.010399
5.8312848E-07,-0.010394
5.8317848E-07,-0.010389
5.8322848E-07,-0.010386
5.8327848E-07,-0.010384
5.8332848E-07,-0.010385
5.8337848E-07,-0.010387
5.8342848E-07,-0.010391
5.8347848E-07,-0.010397
5.8352848E-07,-0.010404
5.8357848E-07,-0.010412
5.8362848E-07,-0.010421
5.8367848E-07,-0.010429
5.8372848E-07,-0.010438
5.8377848E-07,-0.010445
5.8382848E-07,-0.010450
5.8387848E-07,-0.010453
5.8392848E-07,-0.010454
5.8397848E-07,-0.010452
5.8402848E-07,-0.010447
5.8407848E-07,-0.010439
5.8412848E-07,-0.010429
5.8417848E-07,-0.010415
5.8422848E-07,-0.010400
5.8427848E-07,-0.010383
5.8432848E-07,-0.010366
5.8437848E-07,-0.010348
5.8442848E-07,-0.010330
5.8447848E-07,-0.010313
5.8452848E-07,-0.010297
5.8457848E-07,-0.010284
5.8462848E-07,-0.010273
5.8467848E-07,-0.010265
5.8472848E-07,-0.010260
5.8477848E-07,-0.010258
5.8482848E-07,-0.010259
5.8487848E-07,-0.010263
5.8492848E-07,-0.010269
5.8497848E-07,-0.010276
5.8502848E-07,-0.010286
5.8507848E-07,-0.010295
5.8512848E-07,-0.010305
5.8517848E-07,-0.010315
5.8522848E-07,-0.010323
5.8527848E-07,-0.010330
5.8532848E-07,-0.010336
5.8537848E-07,-0.010339
5.8542848E-07,-0.010340
5.8547848E-07,-0.010340
5.8552848E-07,-0.010337
5.8557848E-07,-0.010333
5.8562848E-07,-0.010328
5.8567848E-07,-0.010323
5.8572848E-07,-0.010317
5.8577848E-07,-0.010312
5.8582848E-07,-0.010307
5.8587848E-07,-0.010304
5.8592848E-07,-0.010303
5.8597848E-07,-0.010305
5.8602848E-07,-0.010308
5.8607848E-07,-0.010314
5.8612848E-07,-0.010322
5.8617848E-07,-0.010331
5.8622848E-07,-0.010343
5.8627848E-07,-0.010355
5.8632848E-07,-0.010368
5.8637848E-07,-0.010381
5.8642848E-07,-0.010393
5.8647848E-07,-0.010403
5.8652848E-07,-0.010412
5.8657848E-07,-0.010418
5.8662848E-07,-0.010422
5.8667848E-07,-0.010422
5.8672848E-07,-0.010419
5.8677848E-07,-0.010413
5.8682848E-07,-0.010404
5.8687848E-07,-0.010392
5.8692848E-07,-0.010379
5.8697848E-07,-0.010363
5.8702848E-07,-0.010347
5.8707848E-07,-0.010331
5.8712848E-07,-0.010315
5.8717848E-07,-0.010300
5.8722848E-07,-0.010287
5.8727848E-07,-0.010277
5.8732848E-07,-0.010268
5.8737848E-07,-0.010263
5.8742848E-07,-0.010260
5.8747848E-07,-0.010260
5.8752848E-07,-0.010263
5.8757848E-07,-0.010268
5.8762848E-07,-0.010274
5.8767848E-07,-0.010282
5.8772848E-07,-0.010290
5.8777848E-07,-0.010298
5.8782848E-07,-0.010306
5.8787848E-07,-0.010312
5.8792848E-07,-0.010317
5.8797848E-07,-0.010319
5.8802848E-07,-0.010320
5.8807848E-07,-0.010318
5.8812848E-07,-0.010314
5.8817848E-07,-0.010308
5.8822848E-07,-0.010301
5.8827848E-07,-0.010292
5.8832848E-07,-0.010283
5.8837848E-07,-0.010274
5.8842848E-07,-0.010266
5.8847848E-07,-0.010260
5.8852848E-07,-0.010255
5.8857848E-07,-0.010253
5.8862848E-07,-0.010254
5.8867848E-07,-0.010258
5.8872848E-07,-0.010266
5.8877848E-07,-0.010277
5.8882848E-07,-0.010292
5.8887848E-07,-0.010309
5.8892848E-07,-0.010329
5.8897848E-07,-0.010351
5.8902848E-07,-0.010375
5.8907848E-07,-0.010399
5.8912848E-07,-0.010423
5.8917848E-07,-0.010447
5.8922848E-07,-0.010469
5.8927848E-07,-0.010489
5.8932848E-07,-0.010507
5.8937848E-07,-0.010522
5.8942848E-07,-0.010534
5.8947848E-07,-0.010544
5.8952848E-07,-0.010550
5.8957848E-07,-0.010553
5.8962848E-07,-0.010554
5.8967848E-07,-0.010553
5.8972848E-07,-0.010551
5.8977848E-07,-0.010547
5.8982848E-07,-0.010543
5.8987848E-07,-0.010538
5.8992848E-07,-0.010534
5.8997848E-07,-0.010530
5.9002848E-07,-0.010527
5.9007848E-07,-0.010525
5.9012848E-07,-0.010524
5.9017848E-07,-0.010524
5.9022848E-07,-0.010524
5.9027848E-07,-0.010524
5.9032848E-07,-0.010524
5.9037848E-07,-0.010524
5.9042848E-07,-0.010522
5.9047848E-07,-0.010518
5.9052848E-07,-0.010513
5.9057848E-07,-0.010504
5.9062848E-07,-0.010494
5.9067848E-07,-0.010480
5.9072848E-07,-0.010463
5.9077848E-07,-0.010444
5.9082848E-07,-0.010422
5.9087848E-07,-0.010399
5.9092848E-07,-0.010373
5.9097848E-07,-0.010347
5.9102848E-07,-0.010321
5.9107848E-07,-0.010296
5.9112848E-07,-0.010272
5.9117848E-07,-0.010250
5.9122848E-07,-0.010231
5.9127848E-07,-0.010216
5.9132848E-07,-0.010204
5.9137848E-07,-0.010197
5.9142848E-07,-0.010194
5.9147848E-07,-0.010195
5.9152848E-07,-0.010201
5.9157848E-07,-0.010210
5.9162848E-07,-0.010222
5.9167848E-07,-0.010237
5.9172848E-07,-0.010253
5.9177848E-07,-0.010271
5.9182848E-07,-0.010288
5.9187848E-07,-0.010305
5.9192848E-07,-0.010321
5.9197848E-07,-0.010335
5.9202848E-07,-0.010346
5.9207848E-07,-0.010355
5.9212848E-07,-0.010361
5.9217848E-07,-0.010364
5.9222848E-07,-0.010364
5.9227848E-07,-0.010363
5.9232848E-07,-0.010359
5.9237848E-07,-0.010354
5.9242848E-07,-0.010349
5.9247848E-07,-0.010343
5.9252848E-07,-0.010339
5.9257848E-07,-0.010336
5.9262848E-07,-0.010335
5.9267848E-07,-0.010337
5.9272848E-07,-0.010342
5.9277848E-07,-0.010350
5.9282848E-07,-0.010361
5.9287848E-07,-0.010375
5.9292848E-07,-0.010391
5.9297848E-07,-0.010409
5.9302848E-07,-0.010429
5.9307848E-07,-0.010450
5.9312848E-07,-0.010470
5.9317848E-07,-0.010490
5.9322848E-07,-0.010508
5.9327848E-07,-0.010524
5.9332848E-07,-0.010537
5.9337848E-07,-0.010547
5.9342848E-07,-0.010553
5.9347848E-07,-0.010555
5.9352848E-07,-0.010554
5.9357848E-07,-0.010549
5.9362848E-07,-0.010541
5.9367848E-07,-0.010530
5.9372848E-07,-0.010517
5.9377848E-07,-0.010502
5.9382848E-07,-0.010487
5.9387848E-07,-0.010471
5.9392848E-07,-0.010456
5.9397848E-07,-0.010442
5.9402848E-07,-0.010430
5.9407848E-07,-0.010419
5.9412848E-07,-0.010411
5.9417848E-07,-0.010405
5.9422848E-07,-0.010400
5.9427848E-07,-0.010398
5.9432848E-07,-0.010396
5.9437848E-07,-0.010395
5.9442848E-07,-0.010395
5.9447848E-07,-0.010394
5.9452848E-07,-0.010391
5.9457848E-07,-0.010387
5.9462848E-07,-0.010381
5.9467848E-07,-0.010372
5.9472848E-07,-0.010360
5.9477848E-07,-0.010346
5.9482848E-07,-0.010328
5.9487848E-07,-0.010308
5.9492848E-07,-0.010285
5.9497848E-07,-0.010261
5.9502848E-07,-0.010235
5.9507848E-07,-0.010209
5.9512848E-07,-0.010184
5.9517848E-07,-0.010159
5.9522848E-07,-0.010136
5.9527848E-07,-0.010116
5.9532848E-07,-0.010099
5.9537848E-07,-0.010085
5.9542848E-07,-0.010076
5.9547848E-07,-0.010070
5.9552848E-07,-0.010068
5.9557848E-07,-0.010069
5.9562848E-07,-0.010074
5.9567848E-07,-0.010082
5.9572848E-07,-0.010092
5.9577848E-07,-0.010104
5.9582848E-07,-0.010117
5.9587848E-07,-0.010129
5.9592848E-07,-0.010142
5.9597848E-07,-0.010154
5.9602848E-07,-0.010164
5.9607848E-07,-0.010173
5.9612848E-07,-0.010180
5.9617848E-07,-0.010184
5.9622848E-07,-0.010188
5.9627848E-07,-0.010189
5.9632848E-07,-0.010190
5.9637848E-07,-0.010189
5.9642848E-07,-0.010189
5.9647848E-07,-0.010188
5.9652848E-07,-0.010189
5.9657848E-07,-0.010191
5.9662848E-07,-0.010195
5.9667848E-07,-0.010201
5.9672848E-07,-0.010210
5.9677848E-07,-0.010221
5.9682848E-07,-0.010234
5.9687848E-07,-0.010250
5.9692848E-07,-0.010267
5.9697848E-07,-0.010286
5.9702848E-07,-0.010306
5.9707848E-07,-0.010326
5.9712848E-07,-0.010345
5.9717848E-07,-0.010363
5.9722848E-07,-0.010379
5.9727848E-07,-0.010393
5.9732848E-07,-0.010404
5.9737848E-07,-0.010411
5.9742848E-07,-0.010414
5.9747848E-07,-0.010414
5.9752848E-07,-0.010410
5.9757848E-07,-0.010403
5.9762848E-07,-0.010392
5.9767848E-07,-0.010379
5.9772848E-07,-0.010365
5.9777848E-07,-0.010349
5.9782848E-07,-0.010332
5.9787848E-07,-0.010316
5.9792848E-07,-0.010301
5.9797848E-07,-0.010288
5.9802848E-07,-0.010277
5.9807848E-07,-0.010268
5.9812848E-07,-0.010262
5.9817848E-07,-0.010260
5.9822848E-07,-0.010260
5.9827848E-07,-0.010263
5.9832848E-07,-0.010269
5.9837848E-07,-0.010277
5.9842848E-07,-0.010286
5.9847848E-07,-0.010296
5.9852848E-07,-0.010306
5.9857848E-07,-0.010315
5.9862848E-07,-0.010324
5.9867848E-07,-0.010331
5.9872848E-07,-0.010336
5.9877848E-07,-0.010339
5.9882848E-07,-0.010340
5.9887848E-07,-0.010338
5.9892848E-07,-0.010334
5.9897848E-07,-0.010329
5.9902848E-07,-0.010321
5.9907848E-07,-0.010313
5.9912848E-07,-0.010305
5.9917848E-07,-0.010297
5.9922848E-07,-0.010290
5.9927848E-07,-0.010284
5.9932848E-07,-0.010281
5.9937848E-07,-0.010280
5.9942848E-07,-0.010282
5.9947848E-07,-0.010288
5.9952848E-07,-0.010296
5.9957848E-07,-0.010308
5.9962848E-07,-0.010323
5.9967848E-07,-0.010340
5.9972848E-07,-0.010359
5.9977848E-07,-0.010379
5.9982848E-07,-0.010400
5.9987848E-07,-0.010420
5.9992848E-07,-0.010440
5.9997848E-07,-0.010457
6.0002848E-07,-0.010473
6.0007848E-07,-0.010486
6.0012848E-07,-0.010495
6.0017848E-07,-0.010501
6.0022848E-07,-0.010503
6.0027848E-07,-0.010502
6.0032848E-07,-0.010498
6.0037848E-07,-0.010491
6.0042848E-07,-0.010481
6.0047848E-07,-0.010470
6.0052848E-07,-0.010457
6.0057848E-07,-0.010443
6.0062848E-07,-0.010430
6.0067848E-07,-0.010417
6.0072848E-07,-0.010405
6.0077848E-07,-0.010395
6.0082848E-07,-0.010386
6.0087848E-07,-0.010379
6.0092848E-07,-0.010373
6.0097848E-07,-0.010369
6.0102848E-07,-0.010366
6.0107848E-07,-0.010364
6.0112848E-07,-0.010362
6.0117848E-07,-0.010360
6.0122848E-07,-0.010356
6.0127848E-07,-0.010351
6.0132848E-07,-0.010344
6.0137848E-07,-0.010334
6.0142848E-07,-0.010322
6.0147848E-07,-0.010306
6.0152848E-07,-0.010287
6.0157848E-07,-0.010266
6.0162848E-07,-0.010241
6.0167848E-07,-0.010215
6.0172848E-07,-0.010187
6.0177848E-07,-0.010157
6.0182848E-07,-0.010128
6.0187848E-07,-0.010100
6.0192848E-07,-0.010073
6.0197848E-07,-0.010048
6.0202848E-07,-0.010026
6.0207848E-07,-0.010007
6.0212848E-07,-0.009993
6.0217848E-07,-0.009982
6.0222848E-07,-0.009976
6.0227848E-07,-0.009973
6.0232848E-07,-0.009975
6.0237848E-07,-0.009980
6.0242848E-07,-0.009988
6.0247848E-07,-0.009997
6.0252848E-07,-0.010009
6.0257848E-07,-0.010021
6.0262848E-07,-0.010033
6.0267848E-07,-0.010044
6.0272848E-07,-0.010053
6.0277848E-07,-0.010061
6.0282848E-07,-0.010067
6.0287848E-07,-0.010069
6.0292848E-07,-0.010070
6.0297848E-07,-0.010068
6.0302848E-07,-0.010064
6.0307848E-07,-0.010058
6.0312848E-07,-0.010051
6.0317848E-07,-0.010043
6.0322848E-07,-0.010036
6.0327848E-07,-0.010029
6.0332848E-07,-0.010024
6.0337848E-07,-0.010020
6.0342848E-07,-0.010019
6.0347848E-07,-0.010020
6.0352848E-07,-0.010024
6.0357848E-07,-0.010031
6.0362848E-07,-0.010041
6.0367848E-07,-0.010053
6.0372848E-07,-0.010068
6.0377848E-07,-0.010083
6.0382848E-07,-0.010100
6.0387848E-07,-0.010117
6.0392848E-07,-0.010134
6.0397848E-07,-0.010150
6.0402848E-07,-0.010164
6.0407848E-07,-0.010176
6.0412848E-07,-0.010185
6.0417848E-07,-0.010192
6.0422848E-07,-0.010195
6.0427848E-07,-0.010195
6.0432848E-07,-0.010193
6.0437848E-07,-0.010188
6.0442848E-07,-0.010180
6.0447848E-07,-0.010171
6.0452848E-07,-0.010161
6.0457848E-07,-0.010150
6.0462848E-07,-0.010139
6.0467848E-07,-0.010129
6.0472848E-07,-0.010120
6.0477848E-07,-0.010112
6.0482848E-07,-0.010106
6.0487848E-07,-0.010102
6.0492848E-07,-0.010101
6.0497848E-07,-0.010101
6.0502848E-07,-0.010104
6.0507848E-07,-0.010108
6.0512848E-07,-0.010114
6.0517848E-07,-0.010121
6.0522848E-07,-0.010128
6.0527848E-07,-0.010135
6.0532848E-07,-0.010141
6.0537848E-07,-0.010147
6.0542848E-07,-0.010152
6.0547848E-07,-0.010155
6.0552848E-07,-0.010156
6.0557848E-07,-0.010156
6.0562848E-07,-0.010155
6.0567848E-07,-0.010152
6.0572848E-07,-0.010148
6.0577848E-07,-0.010144
6.0582848E-07,-0.010139
6.0587848E-07,-0.010135
6.0592848E-07,-0.010131
6.0597848E-07,-0.010129
6.0602848E-07,-0.010129
6.0607848E-07,-0.010130
6.0612848E-07,-0.010134
6.0617848E-07,-0.010141
6.0622848E-07,-0.010149
6.0627848E-07,-0.010160
6.0632848E-07,-0.010173
6.0637848E-07,-0.010188
6.0642848E-07,-0.010204
6.0647848E-07,-0.010220
6.0652848E-07,-0.010237
6.0657848E-07,-0.010253
6.0662848E-07,-0.010267
6.0667848E-07,-0.010280
6.0672848E-07,-0.010291
6.0677848E-07,-0.010299
6.0682848E-07,-0.010305
6.0687848E-07,-0.010308
6.0692848E-07,-0.010308
6.0697848E-07,-0.010306
6.0702848E-07,-0.010301
6.0707848E-07,-0.010295
6.0712848E-07,-0.010287
6.0717848E-07,-0.010280
6.0722848E-07,-0.010272
6.0727848E-07,-0.010266
6.0732848E-07,-0.010260
6.0737848E-07,-0.010257
6.0742848E-07,-0.010257
6.0747848E-07,-0.010259
6.0752848E-07,-0.010264
6.0757848E-07,-0.010273
6.0762848E-07,-0.010284
6.0767848E-07,-0.010297
6.0772848E-07,-0.010313
6.0777848E-07,-0.010330
6.0782848E-07,-0.010348
6.0787848E-07,-0.010366
6.0792848E-07,-0.010383
6.0797848E-07,-0.010399
6.0802848E-07,-0.010412
6.0807848E-07,-0.010423
6.0812848E-07,-0.010430
6.0817848E-07,-0.010434
6.0822848E-07,-0.010433
6.0827848E-07,-0.010429
6.0832848E-07,-0.010422
6.0837848E-07,-0.010411
6.0842848E-07,-0.010398
6.0847848E-07,-0.010382
6.0852848E-07,-0.010365
6.0857848E-07,-0.010348
6.0862848E-07,-0.010331
6.0867848E-07,-0.010315
6.0872848E-07,-0.010300
6.0877848E-07,-0.010288
6.0882848E-07,-0.010278
6.0887848E-07,-0.010271
6.0892848E-07,-0.010268
6.0897848E-07,-0.010267
6.0902848E-07,-0.010269
6.0907848E-07,-0.010273
6.0912848E-07,-0.010279
6.0917848E-07,-0.010287
6.0922848E-07,-0.010294
6.0927848E-07,-0.010302
6.0932848E-07,-0.010309
6.0937848E-07,-0.010314
6.0942848E-07,-0.010317
6.0947848E-07,-0.010317
6.0952848E-07,-0.010315
6.0957848E-07,-0.010310
6.0962848E-07,-0.010303
6.0967848E-07,-0.010293
6.0972848E-07,-0.010281
6.0977848E-07,-0.010268
6.0982848E-07,-0.010254
6.0987848E-07,-0.010241
6.0992848E-07,-0.010228
6.0997848E-07,-0.010216
6.1002848E-07,-0.010207
6.1007848E-07,-0.010201
6.1012848E-07,-0.010197
6.1017848E-07,-0.010198
6.1022848E-07,-0.010202
6.1027848E-07,-0.010209
6.1032848E-07,-0.010220
6.1037848E-07,-0.010234
6.1042848E-07,-0.010250
6.1047848E-07,-0.010268
6.1052848E-07,-0.010287
6.1057848E-07,-0.010306
6.1062848E-07,-0.010324
6.1067848E-07,-0.010341
6.1072848E-07,-0.010356
6.1077848E-07,-0.010368
6.1082848E-07,-0.010377
6.1087848E-07,-0.010383
6.1092848E-07,-0.010386
6.1097848E-07,-0.010385
6.1102848E-07,-0.010382
6.1107848E-07,-0.010376
6.1112848E-07,-0.010368
6.1117848E-07,-0.010359
6.1122848E-07,-0.010349
6.1127848E-07,-0.010340
6.1132848E-07,-0.010332
6.1137848E-07,-0.010326
6.1142848E-07,-0.010322
6.1147848E-07,-0.010321
6.1152848E-07,-0.010323
6.1157848E-07,-0.010329
6.1162848E-07,-0.010338
6.1167848E-07,-0.010351
6.1172848E-07,-0.010366
6.1177848E-07,-0.010384
6.1182848E-07,-0.010403
6.1187848E-07,-0.010423
6.1192848E-07,-0.010443
6.1197848E-07,-0.010463
6.1202848E-07,-0.010481
6.1207848E-07,-0.010497
6.1212848E-07,-0.010511
6.1217848E-07,-0.010520
6.1222848E-07,-0.010526
6.1227848E-07,-0.010529
6.1232848E-07,-0.010527
6.1237848E-07,-0.010521
6.1242848E-07,-0.010511
6.1247848E-07,-0.010499
6.1252848E-07,-0.010484
6.1257848E-07,-0.010466
6.1262848E-07,-0.010447
6.1267848E-07,-0.010428
6.1272848E-07,-0.010408
6.1277848E-07,-0.010389
6.1282848E-07,-0.010372
6.1287848E-07,-0.010355
6.1292848E-07,-0.010340
6.1297848E-07,-0.010327
6.1302848E-07,-0.010316
6.1307848E-07,-0.010307
6.1312848E-07,-0.010299
6.1317848E-07,-0.010292
6.1322848E-07,-0.010287
6.1327848E-07,-0.010281
6.1332848E-07,-0.010275
6.1337848E-07,-0.010268
6.1342848E-07,-0.010260
6.1347848E-07,-0.010251
6.1352848E-07,-0.010240
6.1357848E-07,-0.010227
6.1362848E-07,-0.010213
6.1367848E-07,-0.010196
6.1372848E-07,-0.010179
6.1377848E-07,-0.010160
6.1382848E-07,-0.010141
6.1387848E-07,-0.010122
6.1392848E-07,-0.010104
6.1397848E-07,-0.010088
6.1402848E-07,-0.010073
6.1407848E-07,-0.010062
6.1412848E-07,-0.010053
6.1417848E-07,-0.010049
6.1422848E-07,-0.010048
6.1427848E-07,-0.010052
6.1432848E-07,-0.010059
6.1437848E-07,-0.010071
6.1442848E-07,-0.010086
6.1447848E-07,-0.010104
6.1452848E-07,-0.010125
6.1457848E-07,-0.010147
6.1462848E-07,-0.010171
6.1467848E-07,-0.010195
6.1472848E-07,-0.010218
6.1477848E-07,-0.010241
6.1482848E-07,-0.010261
6.1487848E-07,-0.010279
6.1492848E-07,-0.010295
6.1497848E-07,-0.010308
6.1502848E-07,-0.010317
6.1507848E-07,-0.010324
6.1512848E-07,-0.010328
6.1517848E-07,-0.010330
6.1522848E-07,-0.010330
6.1527848E-07,-0.010329
6.1532848E-07,-0.010328
6.1537848E-07,-0.010326
6.1542848E-07,-0.010325
6.1547848E-07,-0.010325
6.1552848E-07,-0.010327
6.1557848E-07,-0.010331
6.1562848E-07,-0.010337
6.1567848E-07,-0.010345
6.1572848E-07,-0.010355
6.1577848E-07,-0.010368
6.1582848E-07,-0.010381
6.1587848E-07,-0.010396
6.1592848E-07,-0.010412
6.1597848E-07,-0.010427
6.1602848E-07,-0.010442
6.1607848E-07,-0.010455
6.1612848E-07,-0.010467
6.1617848E-07,-0.010477
6.1622848E-07,-0.010485
6.1627848E-07,-0.010490
6.1632848E-07,-0.010492
6.1637848E-07,-0.010492
6.1642848E-07,-0.010490
6.1647848E-07,-0.010486
6.1652848E-07,-0.010481
6.1657848E-07,-0.010476
6.1662848E-07,-0.010470
6.1667848E-07,-0.010466
6.1672848E-07,-0.010462
6.1677848E-07,-0.010461
6.1682848E-07,-0.010462
6.1687848E-07,-0.010466
6.1692848E-07,-0.010473
6.1697848E-07,-0.010483
6.1702848E-07,-0.010496
6.1707848E-07,-0.010511
6.1712848E-07,-0.010529
6.1717848E-07,-0.010549
6.1722848E-07,-0.010569
6.1727848E-07,-0.010590
6.1732848E-07,-0.010611
6.1737848E-07,-0.010630
6.1742848E-07,-0.010647
6.1747848E-07,-0.010662
6.1752848E-07,-0.010674
6.1757848E-07,-0.010683
6.1762848E-07,-0.010688
6.1767848E-07,-0.010689
6.1772848E-07,-0.010687
6.1777848E-07,-0.010682
6.1782848E-07,-0.010674
6.1787848E-07,-0.010663
6.1792848E-07,-0.010650
6.1797848E-07,-0.010637
6.1802848E-07,-0.010623
6.1807848E-07,-0.010609
6.1812848E-07,-0.010595
6.1817848E-07,-0.010583
6.1822848E-07,-0.010573
6.1827848E-07,-0.010564
6.1832848E-07,-0.010557
6.1837848E-07,-0.010552
6.1842848E-07,-0.010549
6.1847848E-07,-0.010547
6.1852848E-07,-0.010547
6.1857848E-07,-0.010547
6.1862848E-07,-0.010547
6.1867848E-07,-0.010546
6.1872848E-07,-0.010544
6.1877848E-07,-0.010541
6.1882848E-07,-0.010536
6.1887848E-07,-0.010528
6.1892848E-07,-0.010518
6.1897848E-07,-0.010505
6.1902848E-07,-0.010490
6.1907848E-07,-0.010472
6.1912848E-07,-0.010453
6.1917848E-07,-0.010432
6.1922848E-07,-0.010409
6.1927848E-07,-0.010387
6.1932848E-07,-0.010364
6.1937848E-07,-0.010343
6.1942848E-07,-0.010323
6.1947848E-07,-0.010304
6.1952848E-07,-0.010288
6.1957848E-07,-0.010274
6.1962848E-07,-0.010263
6.1967848E-07,-0.010255
6.1972848E-07,-0.010249
6.1977848E-07,-0.010246
6.1982848E-07,-0.010245
6.1987848E-07,-0.010246
6.1992848E-07,-0.010247
6.1997848E-07,-0.010250
6.2002848E-07,-0.010253
6.2007848E-07,-0.010255
6.2012848E-07,-0.010257
6.2017848E-07,-0.010258
6.2022848E-07,-0.010258
6.2027848E-07,-0.010257
6.2032848E-07,-0.010254
6.2037848E-07,-0.010250
6.2042848E-07,-0.010245
6.2047848E-07,-0.010240
6.2052848E-07,-0.010235
6.2057848E-07,-0.010231
6.2062848E-07,-0.010227
6.2067848E-07,-0.010226
6.2072848E-07,-0.010226
6.2077848E-07,-0.010229
6.2082848E-07,-0.010236
6.2087848E-07,-0.010245
6.2092848E-07,-0.010258
6.2097848E-07,-0.010274
6.2102848E-07,-0.010293
6.2107848E-07,-0.010315
6.2112848E-07,-0.010338
6.2117848E-07,-0.010364
6.2122848E-07,-0.010390
6.2127848E-07,-0.010416
6.2132848E-07,-0.010441
6.2137848E-07,-0.010465
6.2142848E-07,-0.010486
6.2147848E-07,-0.010505
6.2152848E-07,-0.010520
6.2157848E-07,-0.010531
6.2162848E-07,-0.010537
6.2167848E-07,-0.010540
6.2172848E-07,-0.010538
6.2177848E-07,-0.010532
6.2182848E-07,-0.010522
6.2187848E-07,-0.010510
6.2192848E-07,-0.010494
6.2197848E-07,-0.010478
6.2202848E-07,-0.010460
6.2207848E-07,-0.010442
6.2212848E-07,-0.010424
6.2217848E-07,-0.010407
6.2222848E-07,-0.010392
6.2227848E-07,-0.010380
6.2232848E-07,-0.010369
6.2237848E-07,-0.010361
6.2242848E-07,-0.010356
6.2247848E-07,-0.010352
6.2252848E-07,-0.010351
6.2257848E-07,-0.010352
6.2262848E-07,-0.010354
6.2267848E-07,-0.010357
6.2272848E-07,-0.010360
6.2277848E-07,-0.010362
6.2282848E-07,-0.010364
6.2287848E-07,-0.010365
6.2292848E-07,-0.010364
6.2297848E-07,-0.010361
6.2302848E-07,-0.010357
6.2307848E-07,-0.010352
6.2312848E-07,-0.010344
6.2317848E-07,-0.010336
6.2322848E-07,-0.010327
6.2327848E-07,-0.010318
6.2332848E-07,-0.010309
6.2337848E-07,-0.010300
6.2342848E-07,-0.010293
6.2347848E-07,-0.010288
6.2352848E-07,-0.010284
6.2357848E-07,-0.010283
6.2362848E-07,-0.010284
6.2367848E-07,-0.010287
6.2372848E-07,-0.010293
6.2377848E-07,-0.010300
6.2382848E-07,-0.010308
6.2387848E-07,-0.010317
6.2392848E-07,-0.010326
6.2397848E-07,-0.010335
6.2402848E-07,-0.010342
6.2407848E-07,-0.010347
6.2412848E-07,-0.010350
6.2417848E-07,-0.010350
6.2422848E-07,-0.010346
6.2427848E-07,-0.010339
6.2432848E-07,-0.010328
6.2437848E-07,-0.010314
6.2442848E-07,-0.010296
6.2447848E-07,-0.010276
6.2452848E-07,-0.010253
6.2457848E-07,-0.010229
6.2462848E-07,-0.010205
6.2467848E-07,-0.010180
6.2472848E-07,-0.010156
6.2477848E-07,-0.010134
6.2482848E-07,-0.010114
6.2487848E-07,-0.010097
6.2492848E-07,-0.010083
6.2497848E-07,-0.010073
6.2502848E-07,-0.010067
6.2507848E-07,-0.010065
6.2512848E-07,-0.010066
6.2517848E-07,-0.010071
6.2522848E-07,-0.010079
6.2527848E-07,-0.010089
6.2532848E-07,-0.010100
6.2537848E-07,-0.010113
6.2542848E-07,-0.010125
6.2547848E-07,-0.010137
6.2552848E-07,-0.010149
6.2557848E-07,-0.010158
6.2562848E-07,-0.010166
6.2567848E-07,-0.010171
6.2572848E-07,-0.010175
6.2577848E-07,-0.010176
6.2582848E-07,-0.010175
6.2587848E-07,-0.010172
6.2592848E-07,-0.010168
6.2597848E-07,-0.010163
6.2602848E-07,-0.010158
6.2607848E-07,-0.010153
6.2612848E-07,-0.010149
6.2617848E-07,-0.010146
6.2622848E-07,-0.010145
6.2627848E-07,-0.010146
6.2632848E-07,-0.010149
6.2637848E-07,-0.010154
6.2642848E-07,-0.010161
6.2647848E-07,-0.010169
6.2652848E-07,-0.010180
6.2657848E-07,-0.010191
6.2662848E-07,-0.010202
6.2667848E-07,-0.010214
6.2672848E-07,-0.010225
6.2677848E-07,-0.010234
6.2682848E-07,-0.010242
6.2687848E-07,-0.010248
6.2692848E-07,-0.010251
6.2697848E-07,-0.010252
6.2702848E-07,-0.010250
6.2707848E-07,-0.010245
6.2712848E-07,-0.010238
6.2717848E-07,-0.010229
6.2722848E-07,-0.010218
6.2727848E-07,-0.010206
6.2732848E-07,-0.010194
6.2737848E-07,-0.010182
6.2742848E-07,-0.010170
6.2747848E-07,-0.010160
6.2752848E-07,-0.010152
6.2757848E-07,-0.010146
6.2762848E-07,-0.010143
6.2767848E-07,-0.010143
6.2772848E-07,-0.010145
6.2777848E-07,-0.010151
6.2782848E-07,-0.010160
6.2787848E-07,-0.010171
6.2792848E-07,-0.010184
6.2797848E-07,-0.010199
6.2802848E-07,-0.010214
6.2807848E-07,-0.010230
6.2812848E-07,-0.010246
6.2817848E-07,-0.010262
6.2822848E-07,-0.010276
6.2827848E-07,-0.010288
6.2832848E-07,-0.010299
6.2837848E-07,-0.010308
6.2842848E-07,-0.010314
6.2847848E-07,-0.010318
6.2852848E-07,-0.010321
6.2857848E-07,-0.010322
6.2862848E-07,-0.010322
6.2867848E-07,-0.010320
6.2872848E-07,-0.010319
6.2877848E-07,-0.010318
6.2882848E-07,-0.010318
6.2887848E-07,-0.010319
6.2892848E-07,-0.010321
6.2897848E-07,-0.010326
6.2902848E-07,-0.010333
6.2907848E-07,-0.010341
6.2912848E-07,-0.010352
6.2917848E-07,-0.010365
6.2922848E-07,-0.010380
6.2927848E-07,-0.010395
6.2932848E-07,-0.010412
6.2937848E-07,-0.010429
6.2942848E-07,-0.010445
6.2947848E-07,-0.010460
6.2952848E-07,-0.010474
6.2957848E-07,-0.010486
6.2962848E-07,-0.010495
6.2967848E-07,-0.010502
6.2972848E-07,-0.010505
6.2977848E-07,-0.010505
6.2982848E-07,-0.010502
6.2987848E-07,-0.010497
6.2992848E-07,-0.010488
6.2997848E-07,-0.010477
6.3002848E-07,-0.010465
6.3007848E-07,-0.010451
6.3012848E-07,-0.010436
6.3017848E-07,-0.010422
6.3022848E-07,-0.010407
6.3027848E-07,-0.010394
6.3032848E-07,-0.010381
6.3037848E-07,-0.010370
6.3042848E-07,-0.010361
6.3047848E-07,-0.010354
6.3052848E-07,-0.010348
6.3057848E-07,-0.010344
6.3062848E-07,-0.010341
6.3067848E-07,-0.010339
6.3072848E-07,-0.010338
6.3077848E-07,-0.010336
6.3082848E-07,-0.010334
6.3087848E-07,-0.010332
6.3092848E-07,-0.010328
6.3097848E-07,-0.010322
6.3102848E-07,-0.010315
6.3107848E-07,-0.010307
6.3112848E-07,-0.010296
6.3117848E-07,-0.010284
6.3122848E-07,-0.010271
6.3127848E-07,-0.010257
6.3132848E-07,-0.010242
6.3137848E-07,-0.010228
6.3142848E-07,-0.010214
6.3147848E-07,-0.010201
6.3152848E-07,-0.010189
6.3157848E-07,-0.010180
6.3162848E-07,-0.010172
6.3167848E-07,-0.010167
6.3172848E-07,-0.010164
6.3177848E-07,-0.010163
6.3182848E-07,-0.010164
6.3187848E-07,-0.010166
6.3192848E-07,-0.010170
6.3197848E-07,-0.010174
6.3202848E-07,-0.010178
6.3207848E-07,-0.010182
6.3212848E-07,-0.010184
6.3217848E-07,-0.010184
6.3222848E-07,-0.010182
6.3227848E-07,-0.010177
6.3232848E-07,-0.010169
6.3237848E-07,-0.010159
6.3242848E-07,-0.010145
6.3247848E-07,-0.010129
6.3252848E-07,-0.010111
6.3257848E-07,-0.010091
6.3262848E-07,-0.010070
6.3267848E-07,-0.010049
6.3272848E-07,-0.010028
6.3277848E-07,-0.010008
6.3282848E-07,-0.009990
6.3287848E-07,-0.009975
6.3292848E-07,-0.009963
6.3297848E-07,-0.009954
6.3302848E-07,-0.009949
6.3307848E-07,-0.009948
6.3312848E-07,-0.009951
6.3317848E-07,-0.009957
6.3322848E-07,-0.009966
6.3327848E-07,-0.009978
6.3332848E-07,-0.009992
6.3337848E-07,-0.010007
6.3342848E-07,-0.010023
6.3347848E-07,-0.010039
6.3352848E-07,-0.010053
6.3357848E-07,-0.010066
6.3362848E-07,-0.010077
6.3367848E-07,-0.010086
6.3372848E-07,-0.010091
6.3377848E-07,-0.010094
6.3382848E-07,-0.010093
6.3387848E-07,-0.010089
6.3392848E-07,-0.010083
6.3397848E-07,-0.010075
6.3402848E-07,-0.010064
6.3407848E-07,-0.010053
6.3412848E-07,-0.010040
6.3417848E-07,-0.010028
6.3422848E-07,-0.010015
6.3427848E-07,-0.010004
6.3432848E-07,-0.009993
6.3437848E-07,-0.009984
6.3442848E-07,-0.009976
6.3447848E-07,-0.009970
6.3452848E-07,-0.009966
6.3457848E-07,-0.009962
6.3462848E-07,-0.009960
6.3467848E-07,-0.009958
6.3472848E-07,-0.009957
6.3477848E-07,-0.009956
6.3482848E-07,-0.009954
6.3487848E-07,-0.009951
6.3492848E-07,-0.009947
6.3497848E-07,-0.009942
6.3502848E-07,-0.009935
6.3507848E-07,-0.009927
6.3512848E-07,-0.009917
6.3517848E-07,-0.009906
6.3522848E-07,-0.009894
6.3527848E-07,-0.009882
6.3532848E-07,-0.009869
6.3537848E-07,-0.009857
6.3542848E-07,-0.009846
6.3547848E-07,-0.009836
6.3552848E-07,-0.009827
6.3557848E-07,-0.009821
6.3562848E-07,-0.009818
6.3567848E-07,-0.009817
6.3572848E-07,-0.009820
6.3577848E-07,-0.009825
6.3582848E-07,-0.009833
6.3587848E-07,-0.009844
6.3592848E-07,-0.009857
6.3597848E-07,-0.009872
6.3602848E-07,-0.009888
6.3607848E-07,-0.009905
6.3612848E-07,-0.009923
6.3617848E-07,-0.009940
6.3622848E-07,-0.009957
6.3627848E-07,-0.009972
6.3632848E-07,-0.009986
6.3637848E-07,-0.009998
6.3642848E-07,-0.010008
6.3647848E-07,-0.010016
6.3652848E-07,-0.010022
6.3657848E-07,-0.010026
6.3662848E-07,-0.010029
6.3667848E-07,-0.010030
6.3672848E-07,-0.010031
6.3677848E-07,-0.010031
6.3682848E-07,-0.010031
6.3687848E-07,-0.010032
6.3692848E-07,-0.010033
6.3697848E-07,-0.010036
6.3702848E-07,-0.010040
6.3707848E-07,-0.010046
6.3712848E-07,-0.010053
6.3717848E-07,-0.010062
6.3722848E-07,-0.010073
6.3727848E-07,-0.010085
6.3732848E-07,-0.010097
6.3737848E-07,-0.010111
6.3742848E-07,-0.010124
6.3747848E-07,-0.010138
6.3752848E-07,-0.010150
6.3757848E-07,-0.010162
6.3762848E-07,-0.010171
6.3767848E-07,-0.010180
6.3772848E-07,-0.010186
6.3777848E-07,-0.010190
6.3782848E-07,-0.010192
6.3787848E-07,-0.010193
6.3792848E-07,-0.010191
6.3797848E-07,-0.010189
6.3802848E-07,-0.010185
6.3807848E-07,-0.010181
6.3812848E-07,-0.010178
6.3817848E-07,-0.010174
6.3822848E-07,-0.010172
6.3827848E-07,-0.010171
6.3832848E-07,-0.010172
6.3837848E-07,-0.010174
6.3842848E-07,-0.010179
6.3847848E-07,-0.010186
6.3852848E-07,-0.010195
6.3857848E-07,-0.010206
6.3862848E-07,-0.010219
6.3867848E-07,-0.010232
6.3872848E-07,-0.010247
6.3877848E-07,-0.010262
6.3882848E-07,-0.010276
6.3887848E-07,-0.010290
6.3892848E-07,-0.010302
6.3897848E-07,-0.010313
6.3902848E-07,-0.010322
6.3907848E-07,-0.010329
6.3912848E-07,-0.010333
6.3917848E-07,-0.010335
6.3922848E-07,-0.010335
6.3927848E-07,-0.010333
6.3932848E-07,-0.010329
6.3937848E-07,-0.010324
6.3942848E-07,-0.010319
6.3947848E-07,-0.010313
6.3952848E-07,-0.010307
6.3957848E-07,-0.010302
6.3962848E-07,-0.010299
6.3967848E-07,-0.010296
6.3972848E-07,-0.010296
6.3977848E-07,-0.010297
6.3982848E-07,-0.010300
6.3987848E-07,-0.010304
6.3992848E-07,-0.010310
6.3997848E-07,-0.010317
6.4002848E-07,-0.010325
6.4007848E-07,-0.010334
6.4012848E-07,-0.010342
6.4017848E-07,-0.010350
6.4022848E-07,-0.010357
6.4027848E-07,-0.010363
6.4032848E-07,-0.010367
6.4037848E-07,-0.010369
6.4042848E-07,-0.010369
6.4047848E-07,-0.010367
6.4052848E-07,-0.010364
6.4057848E-07,-0.010359
6.4062848E-07,-0.010352
6.4067848E-07,-0.010345
6.4072848E-07,-0.010337
6.4077848E-07,-0.010330
6.4082848E-07,-0.010323
6.4087848E-07,-0.010317
6.4092848E-07,-0.010312
6.4097848E-07,-0.010309
6.4102848E-07,-0.010308
6.4107848E-07,-0.010309
6.4112848E-07,-0.010312
6.4117848E-07,-0.010317
6.4122848E-07,-0.010324
6.4127848E-07,-0.010333
6.4132848E-07,-0.010343
6.4137848E-07,-0.010353
6.4142848E-07,-0.010364
6.4147848E-07,-0.010374
6.4152848E-07,-0.010384
6.4157848E-07,-0.010393
6.4162848E-07,-0.010399
6.4167848E-07,-0.010404
6.4172848E-07,-0.010407
6.4177848E-07,-0.010408
6.4182848E-07,-0.010406
6.4187848E-07,-0.010402
6.4192848E-07,-0.010396
6.4197848E-07,-0.010388
6.4202848E-07,-0.010379
6.4207848E-07,-0.010368
6.4212848E-07,-0.010357
6.4217848E-07,-0.010346
6.4222848E-07,-0.010334
6.4227848E-07,-0.010323
6.4232848E-07,-0.010313
6.4237848E-07,-0.010303
6.4242848E-07,-0.010295
6.4247848E-07,-0.010287
6.4252848E-07,-0.010281
6.4257848E-07,-0.010276
6.4262848E-07,-0.010271
6.4267848E-07,-0.010268
6.4272848E-07,-0.010264
6.4277848E-07,-0.010261
6.4282848E-07,-0.010258
6.4287848E-07,-0.010254
6.4292848E-07,-0.010250
6.4297848E-07,-0.010245
6.4302848E-07,-0.010240
6.4307848E-07,-0.010233
6.4312848E-07,-0.010225
6.4317848E-07,-0.010217
6.4322848E-07,-0.010208
6.4327848E-07,-0.010198
6.4332848E-07,-0.010188
6.4337848E-07,-0.010179
6.4342848E-07,-0.010170
6.4347848E-07,-0.010161
6.4352848E-07,-0.010154
6.4357848E-07,-0.010148
6.4362848E-07,-0.010143
6.4367848E-07,-0.010140
6.4372848E-07,-0.010139
6.4377848E-07,-0.010139
6.4382848E-07,-0.010142
6.4387848E-07,-0.010145
6.4392848E-07,-0.010150
6.4397848E-07,-0.010156
6.4402848E-07,-0.010163
6.4407848E-07,-0.010170
6.4412848E-07,-0.010177
6.4417848E-07,-0.010183
6.4422848E-07,-0.010189
6.4427848E-07,-0.010194
6.4432848E-07,-0.010198
6.4437848E-07,-0.010201
6.4442848E-07,-0.010202
6.4447848E-07,-0.010201
6.4452848E-07,-0.010199
6.4457848E-07,-0.010196
6.4462848E-07,-0.010192
6.4467848E-07,-0.010187
6.4472848E-07,-0.010182
6.4477848E-07,-0.010177
6.4482848E-07,-0.010172
6.4487848E-07,-0.010168
6.4492848E-07,-0.010165
6.4497848E-07,-0.010163
6.4502848E-07,-0.010163
6.4507848E-07,-0.010165
6.4512848E-07,-0.010168
6.4517848E-07,-0.010174
6.4522848E-07,-0.010181
6.4527848E-07,-0.010190
6.4532848E-07,-0.010200
6.4537848E-07,-0.010212
6.4542848E-07,-0.010224
6.4547848E-07,-0.010237
6.4552848E-07,-0.010250
6.4557848E-07,-0.010263
6.4562848E-07,-0.010274
6.4567848E-07,-0.010285
6.4572848E-07,-0.010295
6.4577848E-07,-0.010303
6.4582848E-07,-0.010310
6.4587848E-07,-0.010315
6.4592848E-07,-0.010319
6.4597848E-07,-0.010322
6.4602848E-07,-0.010324
6.4607848E-07,-0.010325
6.4612848E-07,-0.010326
6.4617848E-07,-0.010326
6.4622848E-07,-0.010327
6.4627848E-07,-0.010329
6.4632848E-07,-0.010332
6.4637848E-07,-0.010336
6.4642848E-07,-0.010341
6.4647848E-07,-0.010348
6.4652848E-07,-0.010356
6.4657848E-07,-0.010365
6.4662848E-07,-0.010376
6.4667848E-07,-0.010387
6.4672848E-07,-0.010399
6.4677848E-07,-0.010412
6.4682848E-07,-0.010424
6.4687848E-07,-0.010435
6.4692848E-07,-0.010446
6.4697848E-07,-0.010455
6.4702848E-07,-0.010463
6.4707848E-07,-0.010469
6.4712848E-07,-0.010473
6.4717848E-07,-0.010475
6.4722848E-07,-0.010475
6.4727848E-07,-0.010473
6.4732848E-07,-0.010470
6.4737848E-07,-0.010466
6.4742848E-07,-0.010460
6.4747848E-07,-0.010453
6.4752848E-07,-0.010447
6.4757848E-07,-0.010440
6.4762848E-07,-0.010434
6.4767848E-07,-0.010428
6.4772848E-07,-0.010423
6.4777848E-07,-0.010419
6.4782848E-07,-0.010417
6.4787848E-07,-0.010415
6.4792848E-07,-0.010415
6.4797848E-07,-0.010416
6.4802848E-07,-0.010418
6.4807848E-07,-0.010420
6.4812848E-07,-0.010423
6.4817848E-07,-0.010425
6.4822848E-07,-0.010428
6.4827848E-07,-0.010430
6.4832848E-07,-0.010431
6.4837848E-07,-0.010432
6.4842848E-07,-0.010431
6.4847848E-07,-0.010430
6.4852848E-07,-0.010427
6.4857848E-07,-0.010424
6.4862848E-07,-0.010421
6.4867848E-07,-0.010416
6.4872848E-07,-0.010412
6.4877848E-07,-0.010408
6.4882848E-07,-0.010405
6.4887848E-07,-0.010402
6.4892848E-07,-0.010400
6.4897848E-07,-0.010400
6.4902848E-07,-0.010401
6.4907848E-07,-0.010404
6.4912848E-07,-0.010409
6.4917848E-07,-0.010415
6.4922848E-07,-0.010423
6.4927848E-07,-0.010432
6.4932848E-07,-0.010442
6.4937848E-07,-0.010453
6.4942848E-07,-0.010465
6.4947848E-07,-0.010477
6.4952848E-07,-0.010488
6.4957848E-07,-0.010499
6.4962848E-07,-0.010509
6.4967848E-07,-0.010518
6.4972848E-07,-0.010526
6.4977848E-07,-0.010532
6.4982848E-07,-0.010536
6.4987848E-07,-0.010539
6.4992848E-07,-0.010540
6.4997848E-07,-0.010540
6.5002848E-07,-0.010539
6.5007848E-07,-0.010536
6.5012848E-07,-0.010533
6.5017848E-07,-0.010530
6.5022848E-07,-0.010526
6.5027848E-07,-0.010523
6.5032848E-07,-0.010520
6.5037848E-07,-0.010518
6.5042848E-07,-0.010517
6.5047848E-07,-0.010516
6.5052848E-07,-0.010516
6.5057848E-07,-0.010517
6.5062848E-07,-0.010519
6.5067848E-07,-0.010521
6.5072848E-07,-0.010524
6.5077848E-07,-0.010527
6.5082848E-07,-0.010529
6.5087848E-07,-0.010531
6.5092848E-07,-0.010533
6.5097848E-07,-0.010533
6.5102848E-07,-0.010533
6.5107848E-07,-0.010531
6.5112848E-07,-0.010527
6.5117848E-07,-0.010522
6.5122848E-07,-0.010515
6.5127848E-07,-0.010507
6.5132848E-07,-0.010497
6.5137848E-07,-0.010487
6.5142848E-07,-0.010475
6.5147848E-07,-0.010462
6.5152848E-07,-0.010449
6.5157848E-07,-0.010436
6.5162848E-07,-0.010422
6.5167848E-07,-0.010409
6.5172848E-07,-0.010396
6.5177848E-07,-0.010384
6.5182848E-07,-0.010373
6.5187848E-07,-0.010363
6.5192848E-07,-0.010354
6.5197848E-07,-0.010345
6.5202848E-07,-0.010337
6.5207848E-07,-0.010330
6.5212848E-07,-0.010323
6.5217848E-07,-0.010317
6.5222848E-07,-0.010311
6.5227848E-07,-0.010304
6.5232848E-07,-0.010297
6.5237848E-07,-0.010290
6.5242848E-07,-0.010282
6.5247848E-07,-0.010273
6.5252848E-07,-0.010263
6.5257848E-07,-0.010252
6.5262848E-07,-0.010241
6.5267848E-07,-0.010229
6.5272848E-07,-0.010216
6.5277848E-07,-0.010202
6.5282848E-07,-0.010189
6.5287848E-07,-0.010175
6.5292848E-07,-0.010162
6.5297848E-07,-0.010149
6.5302848E-07,-0.010137
6.5307848E-07,-0.010126
6.5312848E-07,-0.010116
6.5317848E-07,-0.010107
6.5322848E-07,-0.010099
6.5327848E-07,-0.010092
6.5332848E-07,-0.010086
6.5337848E-07,-0.010082
6.5342848E-07,-0.010078
6.5347848E-07,-0.010074
6.5352848E-07,-0.010071
6.5357848E-07,-0.010068
6.5362848E-07,-0.010064
6.5367848E-07,-0.010059
6.5372848E-07,-0.010053
6.5377848E-07,-0.010046
6.5382848E-07,-0.010037
6.5387848E-07,-0.010026
6.5392848E-07,-0.010013
6.5397848E-07,-0.009998
6.5402848E-07,-0.009980
6.5407848E-07,-0.009960
6.5412848E-07,-0.009938
6.5417848E-07,-0.009914
6.5422848E-07,-0.009888
6.5427848E-07,-0.009861
6.5432848E-07,-0.009832
6.5437848E-07,-0.009803
