LECROYWaveRunner‘N,20113,Waveform
Segments,1,SegmentSize,4002
Segment,TrigTime,TimeSinceSegment1
#1,12-Dec-2018 11:23:10,0                 
Time,Ampl
4.5694009E-07,0.020120
4.5699009E-07,0.019000
4.5704009E-07,0.017880
4.5709009E-07,0.016619
4.5714009E-07,0.015079
4.5719009E-07,0.013539
4.5724009E-07,0.011859
4.5729009E-07,0.010038
4.5734009E-07,0.008078
4.5739009E-07,0.006258
4.5744009E-07,0.004297
4.5749009E-07,0.002477
4.5754009E-07,0.000657
4.5759009E-07,-0.001024
4.5764009E-07,-0.002424
4.5769009E-07,-0.003684
4.5774009E-07,-0.004804
4.5779009E-07,-0.005504
4.5784009E-07,-0.005924
4.5789009E-07,-0.006064
4.5794009E-07,-0.005784
4.5799009E-07,-0.005364
4.5804009E-07,-0.004664
4.5809009E-07,-0.003684
4.5814009E-07,-0.002424
4.5819009E-07,-0.001164
4.5824009E-07,0.000237
4.5829009E-07,0.001777
4.5834009E-07,0.003177
4.5839009E-07,0.004577
4.5844009E-07,0.005978
4.5849009E-07,0.007098
4.5854009E-07,0.008218
4.5859009E-07,0.008918
4.5864009E-07,0.009618
4.5869009E-07,0.009898
4.5874009E-07,0.010038
4.5879009E-07,0.009898
4.5884009E-07,0.009618
4.5889009E-07,0.009058
4.5894009E-07,0.008358
4.5899009E-07,0.007518
4.5904009E-07,0.006538
4.5909009E-07,0.005558
4.5914009E-07,0.004577
4.5919009E-07,0.003457
4.5924009E-07,0.002337
4.5929009E-07,0.001217
4.5934009E-07,0.000237
4.5939009E-07,-0.000744
4.5944009E-07,-0.001584
4.5949009E-07,-0.002564
4.5954009E-07,-0.003404
4.5959009E-07,-0.004244
4.5964009E-07,-0.005084
4.5969009E-07,-0.005924
4.5974009E-07,-0.006905
4.5979009E-07,-0.007885
4.5984009E-07,-0.009005
4.5989009E-07,-0.010125
4.5994009E-07,-0.011525
4.5999009E-07,-0.012926
4.6004009E-07,-0.014326
4.6009009E-07,-0.016006
4.6014009E-07,-0.017686
4.6019009E-07,-0.019367
4.6024009E-07,-0.021047
4.6029009E-07,-0.022727
4.6034009E-07,-0.024267
4.6039009E-07,-0.025668
4.6044009E-07,-0.027068
4.6049009E-07,-0.028048
4.6054009E-07,-0.028888
4.6059009E-07,-0.029588
4.6064009E-07,-0.029868
4.6069009E-07,-0.029728
4.6074009E-07,-0.029448
4.6079009E-07,-0.028888
4.6084009E-07,-0.027908
4.6089009E-07,-0.026788
4.6094009E-07,-0.025528
4.6099009E-07,-0.023987
4.6104009E-07,-0.022307
4.6109009E-07,-0.020627
4.6114009E-07,-0.018946
4.6119009E-07,-0.017126
4.6124009E-07,-0.015586
4.6129009E-07,-0.014046
4.6134009E-07,-0.012645
4.6139009E-07,-0.011385
4.6144009E-07,-0.010265
4.6149009E-07,-0.009425
4.6154009E-07,-0.008585
4.6159009E-07,-0.008025
4.6164009E-07,-0.007605
4.6169009E-07,-0.007185
4.6174009E-07,-0.006765
4.6179009E-07,-0.006484
4.6184009E-07,-0.006204
4.6189009E-07,-0.005924
4.6194009E-07,-0.005504
4.6199009E-07,-0.004944
4.6204009E-07,-0.004384
4.6209009E-07,-0.003824
4.6214009E-07,-0.002984
4.6219009E-07,-0.002144
4.6224009E-07,-0.001304
4.6229009E-07,-0.000323
4.6234009E-07,0.000517
4.6239009E-07,0.001497
4.6244009E-07,0.002337
4.6249009E-07,0.003037
4.6254009E-07,0.003737
4.6259009E-07,0.004297
4.6264009E-07,0.004717
4.6269009E-07,0.004997
4.6274009E-07,0.005137
4.6279009E-07,0.005137
4.6284009E-07,0.005137
4.6289009E-07,0.004857
4.6294009E-07,0.004717
4.6299009E-07,0.004437
4.6304009E-07,0.004157
4.6309009E-07,0.003877
4.6314009E-07,0.003597
4.6319009E-07,0.003457
4.6324009E-07,0.003317
4.6329009E-07,0.003317
4.6334009E-07,0.003317
4.6339009E-07,0.003457
4.6344009E-07,0.003457
4.6349009E-07,0.003597
4.6354009E-07,0.003597
4.6359009E-07,0.003597
4.6364009E-07,0.003457
4.6369009E-07,0.003177
4.6374009E-07,0.002757
4.6379009E-07,0.002197
4.6384009E-07,0.001497
4.6389009E-07,0.000517
4.6394009E-07,-0.000603
4.6399009E-07,-0.001864
4.6404009E-07,-0.003264
4.6409009E-07,-0.004664
4.6414009E-07,-0.006344
4.6419009E-07,-0.007885
4.6424009E-07,-0.009285
4.6429009E-07,-0.010685
4.6434009E-07,-0.011805
4.6439009E-07,-0.012785
4.6444009E-07,-0.013486
4.6449009E-07,-0.013766
4.6454009E-07,-0.013766
4.6459009E-07,-0.013346
4.6464009E-07,-0.012645
4.6469009E-07,-0.011525
4.6474009E-07,-0.010125
4.6479009E-07,-0.008305
4.6484009E-07,-0.006204
4.6489009E-07,-0.003964
4.6494009E-07,-0.001444
4.6499009E-07,0.001217
4.6504009E-07,0.003877
4.6509009E-07,0.006538
4.6514009E-07,0.009058
4.6519009E-07,0.011578
4.6524009E-07,0.014099
4.6529009E-07,0.016199
4.6534009E-07,0.018300
4.6539009E-07,0.019980
4.6544009E-07,0.021520
4.6549009E-07,0.022920
4.6554009E-07,0.023901
4.6559009E-07,0.024881
4.6564009E-07,0.025441
4.6569009E-07,0.025861
4.6574009E-07,0.026141
4.6579009E-07,0.026281
4.6584009E-07,0.026281
4.6589009E-07,0.026141
4.6594009E-07,0.025861
4.6599009E-07,0.025441
4.6604009E-07,0.024881
4.6609009E-07,0.024321
4.6614009E-07,0.023480
4.6619009E-07,0.022640
4.6624009E-07,0.021660
4.6629009E-07,0.020400
4.6634009E-07,0.019140
4.6639009E-07,0.017739
4.6644009E-07,0.016059
4.6649009E-07,0.014379
4.6654009E-07,0.012419
4.6659009E-07,0.010458
4.6664009E-07,0.008498
4.6669009E-07,0.006398
4.6674009E-07,0.004297
4.6679009E-07,0.002197
4.6684009E-07,0.000097
4.6689009E-07,-0.001724
4.6694009E-07,-0.003404
4.6699009E-07,-0.004944
4.6704009E-07,-0.006204
4.6709009E-07,-0.007325
4.6714009E-07,-0.007885
4.6719009E-07,-0.008305
4.6724009E-07,-0.008305
4.6729009E-07,-0.008025
4.6734009E-07,-0.007465
4.6739009E-07,-0.006484
4.6744009E-07,-0.005364
4.6749009E-07,-0.004104
4.6754009E-07,-0.002564
4.6759009E-07,-0.000884
4.6764009E-07,0.000657
4.6769009E-07,0.002337
4.6774009E-07,0.003877
4.6779009E-07,0.005277
4.6784009E-07,0.006398
4.6789009E-07,0.007238
4.6794009E-07,0.007938
4.6799009E-07,0.008218
4.6804009E-07,0.008218
4.6809009E-07,0.007938
4.6814009E-07,0.007378
4.6819009E-07,0.006398
4.6824009E-07,0.005277
4.6829009E-07,0.004017
4.6834009E-07,0.002477
4.6839009E-07,0.000937
4.6844009E-07,-0.000603
4.6849009E-07,-0.002144
4.6854009E-07,-0.003544
4.6859009E-07,-0.004804
4.6864009E-07,-0.005784
4.6869009E-07,-0.006624
4.6874009E-07,-0.007185
4.6879009E-07,-0.007465
4.6884009E-07,-0.007465
4.6889009E-07,-0.007325
4.6894009E-07,-0.006765
4.6899009E-07,-0.006064
4.6904009E-07,-0.005224
4.6909009E-07,-0.004244
4.6914009E-07,-0.003124
4.6919009E-07,-0.002004
4.6924009E-07,-0.000884
4.6929009E-07,0.000237
4.6934009E-07,0.001357
4.6939009E-07,0.002197
4.6944009E-07,0.003037
4.6949009E-07,0.003597
4.6954009E-07,0.004157
4.6959009E-07,0.004437
4.6964009E-07,0.004717
4.6969009E-07,0.004857
4.6974009E-07,0.004857
4.6979009E-07,0.004717
4.6984009E-07,0.004717
4.6989009E-07,0.004577
4.6994009E-07,0.004437
4.6999009E-07,0.004437
4.7004009E-07,0.004437
4.7009009E-07,0.004437
4.7014009E-07,0.004437
4.7019009E-07,0.004577
4.7024009E-07,0.004717
4.7029009E-07,0.004857
4.7034009E-07,0.004997
4.7039009E-07,0.005137
4.7044009E-07,0.005277
4.7049009E-07,0.005137
4.7054009E-07,0.005137
4.7059009E-07,0.004857
4.7064009E-07,0.004437
4.7069009E-07,0.003877
4.7074009E-07,0.003177
4.7079009E-07,0.002477
4.7084009E-07,0.001497
4.7089009E-07,0.000517
4.7094009E-07,-0.000463
4.7099009E-07,-0.001584
4.7104009E-07,-0.002564
4.7109009E-07,-0.003544
4.7114009E-07,-0.004384
4.7119009E-07,-0.005224
4.7124009E-07,-0.005784
4.7129009E-07,-0.006064
4.7134009E-07,-0.006344
4.7139009E-07,-0.006344
4.7144009E-07,-0.006204
4.7149009E-07,-0.005784
4.7154009E-07,-0.005364
4.7159009E-07,-0.004664
4.7164009E-07,-0.003964
4.7169009E-07,-0.003264
4.7174009E-07,-0.002424
4.7179009E-07,-0.001724
4.7184009E-07,-0.001164
4.7189009E-07,-0.000603
4.7194009E-07,-0.000183
4.7199009E-07,0.000097
4.7204009E-07,0.000237
4.7209009E-07,0.000097
4.7214009E-07,-0.000043
4.7219009E-07,-0.000463
4.7224009E-07,-0.000884
4.7229009E-07,-0.001304
4.7234009E-07,-0.001864
4.7239009E-07,-0.002284
4.7244009E-07,-0.002704
4.7249009E-07,-0.003124
4.7254009E-07,-0.003264
4.7259009E-07,-0.003264
4.7264009E-07,-0.003124
4.7269009E-07,-0.002844
4.7274009E-07,-0.002284
4.7279009E-07,-0.001444
4.7284009E-07,-0.000463
4.7289009E-07,0.000657
4.7294009E-07,0.001917
4.7299009E-07,0.003317
4.7304009E-07,0.004857
4.7309009E-07,0.006538
4.7314009E-07,0.008078
4.7319009E-07,0.009758
4.7324009E-07,0.011438
4.7329009E-07,0.012979
4.7334009E-07,0.014379
4.7339009E-07,0.015779
4.7344009E-07,0.017179
4.7349009E-07,0.018440
4.7354009E-07,0.019560
4.7359009E-07,0.020680
4.7364009E-07,0.021660
4.7369009E-07,0.022640
4.7374009E-07,0.023480
4.7379009E-07,0.024461
4.7384009E-07,0.025301
4.7389009E-07,0.026281
4.7394009E-07,0.027121
4.7399009E-07,0.028101
4.7404009E-07,0.029081
4.7409009E-07,0.030062
4.7414009E-07,0.031042
4.7419009E-07,0.032022
4.7424009E-07,0.033002
4.7429009E-07,0.033842
4.7434009E-07,0.034822
4.7439009E-07,0.035522
4.7444009E-07,0.036223
4.7449009E-07,0.036783
4.7454009E-07,0.037203
4.7459009E-07,0.037483
4.7464009E-07,0.037483
4.7469009E-07,0.037483
4.7474009E-07,0.037063
4.7479009E-07,0.036643
4.7484009E-07,0.035942
4.7489009E-07,0.034962
4.7494009E-07,0.033982
4.7499009E-07,0.032862
4.7504009E-07,0.031602
4.7509009E-07,0.030202
4.7514009E-07,0.028801
4.7519009E-07,0.027401
4.7524009E-07,0.026001
4.7529009E-07,0.024741
4.7534009E-07,0.023340
4.7539009E-07,0.022220
4.7544009E-07,0.021100
4.7549009E-07,0.019980
4.7554009E-07,0.019140
4.7559009E-07,0.018440
4.7564009E-07,0.017739
4.7569009E-07,0.017179
4.7574009E-07,0.016619
4.7579009E-07,0.016339
4.7584009E-07,0.015919
4.7589009E-07,0.015639
4.7594009E-07,0.015219
4.7599009E-07,0.014939
4.7604009E-07,0.014659
4.7609009E-07,0.014239
4.7614009E-07,0.013819
4.7619009E-07,0.013399
4.7624009E-07,0.012979
4.7629009E-07,0.012419
4.7634009E-07,0.011859
4.7639009E-07,0.011438
4.7644009E-07,0.010878
4.7649009E-07,0.010458
4.7654009E-07,0.010178
4.7659009E-07,0.009898
4.7664009E-07,0.009758
4.7669009E-07,0.009618
4.7674009E-07,0.009758
4.7679009E-07,0.009898
4.7684009E-07,0.010178
4.7689009E-07,0.010598
4.7694009E-07,0.011018
4.7699009E-07,0.011578
4.7704009E-07,0.011999
4.7709009E-07,0.012559
4.7714009E-07,0.012839
4.7719009E-07,0.013259
4.7724009E-07,0.013399
4.7729009E-07,0.013399
4.7734009E-07,0.013259
4.7739009E-07,0.012839
4.7744009E-07,0.012139
4.7749009E-07,0.011438
4.7754009E-07,0.010318
4.7759009E-07,0.009198
4.7764009E-07,0.007798
4.7769009E-07,0.006398
4.7774009E-07,0.004857
4.7779009E-07,0.003317
4.7784009E-07,0.001917
4.7789009E-07,0.000517
4.7794009E-07,-0.000744
4.7799009E-07,-0.001864
4.7804009E-07,-0.002704
4.7809009E-07,-0.003404
4.7814009E-07,-0.003824
4.7819009E-07,-0.003964
4.7824009E-07,-0.003964
4.7829009E-07,-0.003544
4.7834009E-07,-0.003124
4.7839009E-07,-0.002424
4.7844009E-07,-0.001584
4.7849009E-07,-0.000744
4.7854009E-07,0.000237
4.7859009E-07,0.001217
4.7864009E-07,0.002057
4.7869009E-07,0.002757
4.7874009E-07,0.003457
4.7879009E-07,0.003877
4.7884009E-07,0.004157
4.7889009E-07,0.004157
4.7894009E-07,0.004017
4.7899009E-07,0.003737
4.7904009E-07,0.003317
4.7909009E-07,0.002757
4.7914009E-07,0.002057
4.7919009E-07,0.001357
4.7924009E-07,0.000517
4.7929009E-07,-0.000323
4.7934009E-07,-0.001024
4.7939009E-07,-0.001724
4.7944009E-07,-0.002284
4.7949009E-07,-0.002844
4.7954009E-07,-0.003264
4.7959009E-07,-0.003404
4.7964009E-07,-0.003544
4.7969009E-07,-0.003544
4.7974009E-07,-0.003544
4.7979009E-07,-0.003264
4.7984009E-07,-0.003124
4.7989009E-07,-0.002704
4.7994009E-07,-0.002424
4.7999009E-07,-0.002004
4.8004009E-07,-0.001724
4.8009009E-07,-0.001304
4.8014009E-07,-0.000884
4.8019009E-07,-0.000603
4.8024009E-07,-0.000323
4.8029009E-07,0.000097
4.8034009E-07,0.000517
4.8039009E-07,0.000797
4.8044009E-07,0.001357
4.8049009E-07,0.001777
4.8054009E-07,0.002477
4.8059009E-07,0.003177
4.8064009E-07,0.004017
4.8069009E-07,0.004857
4.8074009E-07,0.005978
4.8079009E-07,0.007098
4.8084009E-07,0.008358
4.8089009E-07,0.009618
4.8094009E-07,0.011018
4.8099009E-07,0.012419
4.8104009E-07,0.013679
4.8109009E-07,0.015079
4.8114009E-07,0.016339
4.8119009E-07,0.017599
4.8124009E-07,0.018580
4.8129009E-07,0.019560
4.8134009E-07,0.020400
4.8139009E-07,0.021100
4.8144009E-07,0.021800
4.8149009E-07,0.022220
4.8154009E-07,0.022640
4.8159009E-07,0.022920
4.8164009E-07,0.023200
4.8169009E-07,0.023340
4.8174009E-07,0.023620
4.8179009E-07,0.024041
4.8184009E-07,0.024461
4.8189009E-07,0.025021
4.8194009E-07,0.025721
4.8199009E-07,0.026561
4.8204009E-07,0.027541
4.8209009E-07,0.028801
4.8214009E-07,0.030202
4.8219009E-07,0.031742
4.8224009E-07,0.033282
4.8229009E-07,0.035102
4.8234009E-07,0.036923
4.8239009E-07,0.038743
4.8244009E-07,0.040563
4.8249009E-07,0.042384
4.8254009E-07,0.044204
4.8259009E-07,0.045744
4.8264009E-07,0.047284
4.8269009E-07,0.048545
4.8274009E-07,0.049525
4.8279009E-07,0.050365
4.8284009E-07,0.051065
4.8289009E-07,0.051485
4.8294009E-07,0.051625
4.8299009E-07,0.051625
4.8304009E-07,0.051345
4.8309009E-07,0.051065
4.8314009E-07,0.050505
4.8319009E-07,0.049805
4.8324009E-07,0.048965
4.8329009E-07,0.048124
4.8334009E-07,0.047284
4.8339009E-07,0.046304
4.8344009E-07,0.045324
4.8349009E-07,0.044204
4.8354009E-07,0.043224
4.8359009E-07,0.042103
4.8364009E-07,0.040983
4.8369009E-07,0.039863
4.8374009E-07,0.038743
4.8379009E-07,0.037343
4.8384009E-07,0.035942
4.8389009E-07,0.034542
4.8394009E-07,0.032862
4.8399009E-07,0.031182
4.8404009E-07,0.029221
4.8409009E-07,0.027121
4.8414009E-07,0.024881
4.8419009E-07,0.022640
4.8424009E-07,0.020120
4.8429009E-07,0.017599
4.8434009E-07,0.014939
4.8439009E-07,0.012279
4.8444009E-07,0.009618
4.8449009E-07,0.006958
4.8454009E-07,0.004437
4.8459009E-07,0.002057
4.8464009E-07,-0.000183
4.8469009E-07,-0.002144
4.8474009E-07,-0.003824
4.8479009E-07,-0.005364
4.8484009E-07,-0.006624
4.8489009E-07,-0.007605
4.8494009E-07,-0.008305
4.8499009E-07,-0.008865
4.8504009E-07,-0.009145
4.8509009E-07,-0.009145
4.8514009E-07,-0.009005
4.8519009E-07,-0.008865
4.8524009E-07,-0.008445
4.8529009E-07,-0.008165
4.8534009E-07,-0.007885
4.8539009E-07,-0.007605
4.8544009E-07,-0.007465
4.8549009E-07,-0.007325
4.8554009E-07,-0.007325
4.8559009E-07,-0.007465
4.8564009E-07,-0.007745
4.8569009E-07,-0.008165
4.8574009E-07,-0.008725
4.8579009E-07,-0.009285
4.8584009E-07,-0.009845
4.8589009E-07,-0.010405
4.8594009E-07,-0.011105
4.8599009E-07,-0.011665
4.8604009E-07,-0.012085
4.8609009E-07,-0.012505
4.8614009E-07,-0.012785
4.8619009E-07,-0.012785
4.8624009E-07,-0.012785
4.8629009E-07,-0.012645
4.8634009E-07,-0.012365
4.8639009E-07,-0.011945
4.8644009E-07,-0.011385
4.8649009E-07,-0.010685
4.8654009E-07,-0.010125
4.8659009E-07,-0.009425
4.8664009E-07,-0.008725
4.8669009E-07,-0.008165
4.8674009E-07,-0.007465
4.8679009E-07,-0.007045
4.8684009E-07,-0.006624
4.8689009E-07,-0.006344
4.8694009E-07,-0.006064
4.8699009E-07,-0.005924
4.8704009E-07,-0.005924
4.8709009E-07,-0.005924
4.8714009E-07,-0.005924
4.8719009E-07,-0.005924
4.8724009E-07,-0.006064
4.8729009E-07,-0.006064
4.8734009E-07,-0.006064
4.8739009E-07,-0.005924
4.8744009E-07,-0.005784
4.8749009E-07,-0.005644
4.8754009E-07,-0.005364
4.8759009E-07,-0.005084
4.8764009E-07,-0.004804
4.8769009E-07,-0.004384
4.8774009E-07,-0.004104
4.8779009E-07,-0.003824
4.8784009E-07,-0.003544
4.8789009E-07,-0.003404
4.8794009E-07,-0.003404
4.8799009E-07,-0.003544
4.8804009E-07,-0.003824
4.8809009E-07,-0.004384
4.8814009E-07,-0.004944
4.8819009E-07,-0.005644
4.8824009E-07,-0.006624
4.8829009E-07,-0.007605
4.8834009E-07,-0.008725
4.8839009E-07,-0.009845
4.8844009E-07,-0.010965
4.8849009E-07,-0.012085
4.8854009E-07,-0.013206
4.8859009E-07,-0.014186
4.8864009E-07,-0.015026
4.8869009E-07,-0.015726
4.8874009E-07,-0.016146
4.8879009E-07,-0.016426
4.8884009E-07,-0.016566
4.8889009E-07,-0.016566
4.8894009E-07,-0.016286
4.8899009E-07,-0.015866
4.8904009E-07,-0.015306
4.8909009E-07,-0.014746
4.8914009E-07,-0.014046
4.8919009E-07,-0.013346
4.8924009E-07,-0.012645
4.8929009E-07,-0.011945
4.8934009E-07,-0.011385
4.8939009E-07,-0.010825
4.8944009E-07,-0.010545
4.8949009E-07,-0.010265
4.8954009E-07,-0.010125
4.8959009E-07,-0.010125
4.8964009E-07,-0.010265
4.8969009E-07,-0.010405
4.8974009E-07,-0.010685
4.8979009E-07,-0.011105
4.8984009E-07,-0.011525
4.8989009E-07,-0.011945
4.8994009E-07,-0.012365
4.8999009E-07,-0.012785
4.9004009E-07,-0.013066
4.9009009E-07,-0.013346
4.9014009E-07,-0.013626
4.9019009E-07,-0.013766
4.9024009E-07,-0.013766
4.9029009E-07,-0.013766
4.9034009E-07,-0.013766
4.9039009E-07,-0.013626
4.9044009E-07,-0.013486
4.9049009E-07,-0.013346
4.9054009E-07,-0.013206
4.9059009E-07,-0.013206
4.9064009E-07,-0.013206
4.9069009E-07,-0.013206
4.9074009E-07,-0.013346
4.9079009E-07,-0.013626
4.9084009E-07,-0.014046
4.9089009E-07,-0.014466
4.9094009E-07,-0.014886
4.9099009E-07,-0.015446
4.9104009E-07,-0.016146
4.9109009E-07,-0.016706
4.9114009E-07,-0.017266
4.9119009E-07,-0.017826
4.9124009E-07,-0.018386
4.9129009E-07,-0.018666
4.9134009E-07,-0.018946
4.9139009E-07,-0.018946
4.9144009E-07,-0.018806
4.9149009E-07,-0.018386
4.9154009E-07,-0.017826
4.9159009E-07,-0.016986
4.9164009E-07,-0.015866
4.9169009E-07,-0.014606
4.9174009E-07,-0.013066
4.9179009E-07,-0.011385
4.9184009E-07,-0.009425
4.9189009E-07,-0.007325
4.9194009E-07,-0.005084
4.9199009E-07,-0.002844
4.9204009E-07,-0.000463
4.9209009E-07,0.001917
4.9214009E-07,0.004437
4.9219009E-07,0.006818
4.9224009E-07,0.009198
4.9229009E-07,0.011438
4.9234009E-07,0.013819
4.9239009E-07,0.016059
4.9244009E-07,0.018160
4.9249009E-07,0.020400
4.9254009E-07,0.022500
4.9259009E-07,0.024741
4.9264009E-07,0.026981
4.9269009E-07,0.029221
4.9274009E-07,0.031602
4.9279009E-07,0.034262
4.9284009E-07,0.036923
4.9289009E-07,0.040003
4.9294009E-07,0.043084
4.9299009E-07,0.046584
4.9304009E-07,0.050225
4.9309009E-07,0.054145
4.9314009E-07,0.058346
4.9319009E-07,0.062827
4.9324009E-07,0.067588
4.9329009E-07,0.072488
4.9334009E-07,0.077529
4.9339009E-07,0.082990
4.9344009E-07,0.088451
4.9349009E-07,0.094192
4.9354009E-07,0.100213
4.9359009E-07,0.106234
4.9364009E-07,0.112535
4.9369009E-07,0.119116
4.9374009E-07,0.125837
4.9379009E-07,0.132838
4.9384009E-07,0.140119
4.9389009E-07,0.147821
4.9394009E-07,0.155802
4.9399009E-07,0.164203
4.9404009E-07,0.173025
4.9409009E-07,0.182266
4.9414009E-07,0.192208
4.9419009E-07,0.202570
4.9424009E-07,0.213491
4.9429009E-07,0.224973
4.9434009E-07,0.237015
4.9439009E-07,0.249477
4.9444009E-07,0.262640
4.9449009E-07,0.276362
4.9454009E-07,0.290504
4.9459009E-07,0.305066
4.9464009E-07,0.320049
4.9469009E-07,0.335311
4.9474009E-07,0.350994
4.9479009E-07,0.366957
4.9484009E-07,0.383199
4.9489009E-07,0.399442
4.9494009E-07,0.416105
4.9499009E-07,0.432767
4.9504009E-07,0.449570
4.9509009E-07,0.466373
4.9514009E-07,0.483316
4.9519009E-07,0.500398
4.9524009E-07,0.517481
4.9529009E-07,0.534564
4.9534009E-07,0.551787
4.9539009E-07,0.569010
4.9544009E-07,0.586232
4.9549009E-07,0.603455
4.9554009E-07,0.620538
4.9559009E-07,0.637621
4.9564009E-07,0.654704
4.9569009E-07,0.671506
4.9574009E-07,0.688309
4.9579009E-07,0.704692
4.9584009E-07,0.720934
4.9589009E-07,0.736897
4.9594009E-07,0.752440
4.9599009E-07,0.767562
4.9604009E-07,0.782264
4.9609009E-07,0.796407
4.9614009E-07,0.810129
4.9619009E-07,0.823291
4.9624009E-07,0.836033
4.9629009E-07,0.848075
4.9634009E-07,0.859697
4.9639009E-07,0.870759
4.9644009E-07,0.881261
4.9649009E-07,0.891342
4.9654009E-07,0.900864
4.9659009E-07,0.909965
4.9664009E-07,0.918647
4.9669009E-07,0.926768
4.9674009E-07,0.934609
4.9679009E-07,0.942031
4.9684009E-07,0.949032
4.9689009E-07,0.955753
4.9694009E-07,0.961914
4.9699009E-07,0.967795
4.9704009E-07,0.973256
4.9709009E-07,0.978156
4.9714009E-07,0.982637
4.9719009E-07,0.986698
4.9724009E-07,0.990198
4.9729009E-07,0.993279
4.9734009E-07,0.995799
4.9739009E-07,0.997620
4.9744009E-07,0.999020
4.9749009E-07,0.999720
4.9754009E-07,1.000000
4.9759009E-07,0.999580
4.9764009E-07,0.998740
4.9769009E-07,0.997340
4.9774009E-07,0.995379
4.9779009E-07,0.992859
4.9784009E-07,0.989918
4.9789009E-07,0.986558
4.9794009E-07,0.982777
4.9799009E-07,0.978717
4.9804009E-07,0.974236
4.9809009E-07,0.969475
4.9814009E-07,0.964434
4.9819009E-07,0.959113
4.9824009E-07,0.953652
4.9829009E-07,0.948052
4.9834009E-07,0.942171
4.9839009E-07,0.936150
4.9844009E-07,0.929849
4.9849009E-07,0.923548
4.9854009E-07,0.917106
4.9859009E-07,0.910525
4.9864009E-07,0.903944
4.9869009E-07,0.897083
4.9874009E-07,0.890222
4.9879009E-07,0.883221
4.9884009E-07,0.876080
4.9889009E-07,0.868799
4.9894009E-07,0.861517
4.9899009E-07,0.854236
4.9904009E-07,0.846815
4.9909009E-07,0.839394
4.9914009E-07,0.831973
4.9919009E-07,0.824411
4.9924009E-07,0.816990
4.9929009E-07,0.809569
4.9934009E-07,0.802288
4.9939009E-07,0.795007
4.9944009E-07,0.788005
4.9949009E-07,0.781004
4.9954009E-07,0.774143
4.9959009E-07,0.767562
4.9964009E-07,0.761121
4.9969009E-07,0.754960
4.9974009E-07,0.749079
4.9979009E-07,0.743198
4.9984009E-07,0.737737
4.9989009E-07,0.732416
4.9994009E-07,0.727235
4.9999009E-07,0.722195
5.0004009E-07,0.717434
5.0009009E-07,0.712673
5.0014009E-07,0.708052
5.0019009E-07,0.703432
5.0024009E-07,0.698951
5.0029009E-07,0.694470
5.0034009E-07,0.689849
5.0039009E-07,0.685229
5.0044009E-07,0.680608
5.0049009E-07,0.675987
5.0054009E-07,0.671086
5.0059009E-07,0.666325
5.0064009E-07,0.661425
5.0069009E-07,0.656524
5.0074009E-07,0.651623
5.0079009E-07,0.646582
5.0084009E-07,0.641681
5.0089009E-07,0.636781
5.0094009E-07,0.631880
5.0099009E-07,0.626979
5.0104009E-07,0.622218
5.0109009E-07,0.617457
5.0114009E-07,0.612697
5.0119009E-07,0.608076
5.0124009E-07,0.603315
5.0129009E-07,0.598694
5.0134009E-07,0.593934
5.0139009E-07,0.589173
5.0144009E-07,0.584412
5.0149009E-07,0.579511
5.0154009E-07,0.574330
5.0159009E-07,0.569150
5.0164009E-07,0.563689
5.0169009E-07,0.558228
5.0174009E-07,0.552487
5.0179009E-07,0.546606
5.0184009E-07,0.540585
5.0189009E-07,0.534564
5.0194009E-07,0.528543
5.0199009E-07,0.522382
5.0204009E-07,0.516361
5.0209009E-07,0.510480
5.0214009E-07,0.504739
5.0219009E-07,0.499138
5.0224009E-07,0.493817
5.0229009E-07,0.488776
5.0234009E-07,0.484016
5.0239009E-07,0.479675
5.0244009E-07,0.475614
5.0249009E-07,0.471834
5.0254009E-07,0.468333
5.0259009E-07,0.464973
5.0264009E-07,0.461892
5.0269009E-07,0.458952
5.0274009E-07,0.456151
5.0279009E-07,0.453351
5.0284009E-07,0.450410
5.0289009E-07,0.447470
5.0294009E-07,0.444249
5.0299009E-07,0.440889
5.0304009E-07,0.437248
5.0309009E-07,0.433327
5.0314009E-07,0.429267
5.0319009E-07,0.424786
5.0324009E-07,0.420025
5.0329009E-07,0.414984
5.0334009E-07,0.409664
5.0339009E-07,0.404203
5.0344009E-07,0.398602
5.0349009E-07,0.392861
5.0354009E-07,0.386980
5.0359009E-07,0.381099
5.0364009E-07,0.375078
5.0369009E-07,0.369337
5.0374009E-07,0.363456
5.0379009E-07,0.357855
5.0384009E-07,0.352254
5.0389009E-07,0.346793
5.0394009E-07,0.341612
5.0399009E-07,0.336432
5.0404009E-07,0.331531
5.0409009E-07,0.326630
5.0414009E-07,0.322009
5.0419009E-07,0.317388
5.0424009E-07,0.313048
5.0429009E-07,0.308707
5.0434009E-07,0.304646
5.0439009E-07,0.300586
5.0444009E-07,0.296805
5.0449009E-07,0.293024
5.0454009E-07,0.289524
5.0459009E-07,0.286163
5.0464009E-07,0.283083
5.0469009E-07,0.280002
5.0474009E-07,0.277342
5.0479009E-07,0.274822
5.0484009E-07,0.272581
5.0489009E-07,0.270621
5.0494009E-07,0.268941
5.0499009E-07,0.267540
5.0504009E-07,0.266280
5.0509009E-07,0.265300
5.0514009E-07,0.264460
5.0519009E-07,0.263900
5.0524009E-07,0.263620
5.0529009E-07,0.263340
5.0534009E-07,0.263200
5.0539009E-07,0.263200
5.0544009E-07,0.263340
5.0549009E-07,0.263480
5.0554009E-07,0.263620
5.0559009E-07,0.263760
5.0564009E-07,0.263900
5.0569009E-07,0.264040
5.0574009E-07,0.264180
5.0579009E-07,0.264180
5.0584009E-07,0.264320
5.0589009E-07,0.264320
5.0594009E-07,0.264460
5.0599009E-07,0.264600
5.0604009E-07,0.264600
5.0609009E-07,0.264880
5.0614009E-07,0.265020
5.0619009E-07,0.265300
5.0624009E-07,0.265580
5.0629009E-07,0.266000
5.0634009E-07,0.266420
5.0639009E-07,0.266980
5.0644009E-07,0.267540
5.0649009E-07,0.268240
5.0654009E-07,0.268801
5.0659009E-07,0.269641
5.0664009E-07,0.270341
5.0669009E-07,0.271041
5.0674009E-07,0.271601
5.0679009E-07,0.272161
5.0684009E-07,0.272721
5.0689009E-07,0.273141
5.0694009E-07,0.273421
5.0699009E-07,0.273561
5.0704009E-07,0.273561
5.0709009E-07,0.273561
5.0714009E-07,0.273281
5.0719009E-07,0.272861
5.0724009E-07,0.272441
5.0729009E-07,0.271881
5.0734009E-07,0.271181
5.0739009E-07,0.270481
5.0744009E-07,0.269641
5.0749009E-07,0.268941
5.0754009E-07,0.268100
5.0759009E-07,0.267400
5.0764009E-07,0.266700
5.0769009E-07,0.266140
5.0774009E-07,0.265580
5.0779009E-07,0.265160
5.0784009E-07,0.264740
5.0789009E-07,0.264460
5.0794009E-07,0.264180
5.0799009E-07,0.264040
5.0804009E-07,0.263760
5.0809009E-07,0.263480
5.0814009E-07,0.263340
5.0819009E-07,0.262920
5.0824009E-07,0.262499
5.0829009E-07,0.261939
5.0834009E-07,0.261239
5.0839009E-07,0.260399
5.0844009E-07,0.259419
5.0849009E-07,0.258159
5.0854009E-07,0.256759
5.0859009E-07,0.255358
5.0864009E-07,0.253678
5.0869009E-07,0.251858
5.0874009E-07,0.250037
5.0879009E-07,0.248077
5.0884009E-07,0.245977
5.0889009E-07,0.244016
5.0894009E-07,0.242056
5.0899009E-07,0.240096
5.0904009E-07,0.238276
5.0909009E-07,0.236455
5.0914009E-07,0.234775
5.0919009E-07,0.233095
5.0924009E-07,0.231414
5.0929009E-07,0.229874
5.0934009E-07,0.228334
5.0939009E-07,0.226794
5.0944009E-07,0.225113
5.0949009E-07,0.223433
5.0954009E-07,0.221613
5.0959009E-07,0.219652
5.0964009E-07,0.217552
5.0969009E-07,0.215312
5.0974009E-07,0.212651
5.0979009E-07,0.209991
5.0984009E-07,0.206910
5.0989009E-07,0.203830
5.0994009E-07,0.200329
5.0999009E-07,0.196829
5.1004009E-07,0.193048
5.1009009E-07,0.189268
5.1014009E-07,0.185347
5.1019009E-07,0.181426
5.1024009E-07,0.177506
5.1029009E-07,0.173445
5.1034009E-07,0.169664
5.1039009E-07,0.165884
5.1044009E-07,0.162103
5.1049009E-07,0.158462
5.1054009E-07,0.154962
5.1059009E-07,0.151601
5.1064009E-07,0.148381
5.1069009E-07,0.145160
5.1074009E-07,0.142080
5.1079009E-07,0.139139
5.1084009E-07,0.136199
5.1089009E-07,0.133398
5.1094009E-07,0.130598
5.1099009E-07,0.127797
5.1104009E-07,0.125137
5.1109009E-07,0.122477
5.1114009E-07,0.119956
5.1119009E-07,0.117576
5.1124009E-07,0.115335
5.1129009E-07,0.113235
5.1134009E-07,0.111415
5.1139009E-07,0.109735
5.1144009E-07,0.108474
5.1149009E-07,0.107354
5.1154009E-07,0.106654
5.1159009E-07,0.106374
5.1164009E-07,0.106374
5.1169009E-07,0.106794
5.1174009E-07,0.107494
5.1179009E-07,0.108614
5.1184009E-07,0.110015
5.1189009E-07,0.111695
5.1194009E-07,0.113655
5.1199009E-07,0.115756
5.1204009E-07,0.118136
5.1209009E-07,0.120516
5.1214009E-07,0.122897
5.1219009E-07,0.125417
5.1224009E-07,0.127938
5.1229009E-07,0.130318
5.1234009E-07,0.132698
5.1239009E-07,0.134939
5.1244009E-07,0.137179
5.1249009E-07,0.139139
5.1254009E-07,0.141100
5.1259009E-07,0.142920
5.1264009E-07,0.144600
5.1269009E-07,0.146281
5.1274009E-07,0.147821
5.1279009E-07,0.149361
5.1284009E-07,0.150901
5.1289009E-07,0.152301
5.1294009E-07,0.153702
5.1299009E-07,0.154962
5.1304009E-07,0.156362
5.1309009E-07,0.157482
5.1314009E-07,0.158603
5.1319009E-07,0.159583
5.1324009E-07,0.160563
5.1329009E-07,0.161123
5.1334009E-07,0.161683
5.1339009E-07,0.161823
5.1344009E-07,0.161823
5.1349009E-07,0.161543
5.1354009E-07,0.160843
5.1359009E-07,0.159863
5.1364009E-07,0.158603
5.1369009E-07,0.156922
5.1374009E-07,0.155102
5.1379009E-07,0.152862
5.1384009E-07,0.150481
5.1389009E-07,0.147821
5.1394009E-07,0.145160
5.1399009E-07,0.142220
5.1404009E-07,0.139419
5.1409009E-07,0.136619
5.1414009E-07,0.133818
5.1419009E-07,0.131298
5.1424009E-07,0.128778
5.1429009E-07,0.126677
5.1434009E-07,0.124717
5.1439009E-07,0.123177
5.1444009E-07,0.121776
5.1449009E-07,0.120796
5.1454009E-07,0.120236
5.1459009E-07,0.119816
5.1464009E-07,0.119816
5.1469009E-07,0.119956
5.1474009E-07,0.120376
5.1479009E-07,0.120936
5.1484009E-07,0.121636
5.1489009E-07,0.122337
5.1494009E-07,0.123177
5.1499009E-07,0.123877
5.1504009E-07,0.124437
5.1509009E-07,0.124997
5.1514009E-07,0.125277
5.1519009E-07,0.125417
5.1524009E-07,0.125417
5.1529009E-07,0.124997
5.1534009E-07,0.124437
5.1539009E-07,0.123597
5.1544009E-07,0.122617
5.1549009E-07,0.121356
5.1554009E-07,0.119816
5.1559009E-07,0.118276
5.1564009E-07,0.116456
5.1569009E-07,0.114775
5.1574009E-07,0.112815
5.1579009E-07,0.110995
5.1584009E-07,0.109174
5.1589009E-07,0.107354
5.1594009E-07,0.105674
5.1599009E-07,0.104134
5.1604009E-07,0.102593
5.1609009E-07,0.101333
5.1614009E-07,0.100073
5.1619009E-07,0.098953
5.1624009E-07,0.098113
5.1629009E-07,0.097272
5.1634009E-07,0.096572
5.1639009E-07,0.096012
5.1644009E-07,0.095452
5.1649009E-07,0.095032
5.1654009E-07,0.094612
5.1659009E-07,0.094332
5.1664009E-07,0.094052
5.1669009E-07,0.093912
5.1674009E-07,0.093772
5.1679009E-07,0.093632
5.1684009E-07,0.093632
5.1689009E-07,0.093772
5.1694009E-07,0.094052
5.1699009E-07,0.094472
5.1704009E-07,0.094892
5.1709009E-07,0.095592
5.1714009E-07,0.096432
5.1719009E-07,0.097413
5.1724009E-07,0.098533
5.1729009E-07,0.099793
5.1734009E-07,0.101193
5.1739009E-07,0.102593
5.1744009E-07,0.104134
5.1749009E-07,0.105674
5.1754009E-07,0.107074
5.1759009E-07,0.108474
5.1764009E-07,0.109875
5.1769009E-07,0.110995
5.1774009E-07,0.112115
5.1779009E-07,0.112815
5.1784009E-07,0.113515
5.1789009E-07,0.113795
5.1794009E-07,0.114075
5.1799009E-07,0.113935
5.1804009E-07,0.113655
5.1809009E-07,0.113235
5.1814009E-07,0.112535
5.1819009E-07,0.111835
5.1824009E-07,0.110995
5.1829009E-07,0.110155
5.1834009E-07,0.109174
5.1839009E-07,0.108334
5.1844009E-07,0.107494
5.1849009E-07,0.106654
5.1854009E-07,0.105954
5.1859009E-07,0.105394
5.1864009E-07,0.104834
5.1869009E-07,0.104274
5.1874009E-07,0.103714
5.1879009E-07,0.103293
5.1884009E-07,0.102733
5.1889009E-07,0.102173
5.1894009E-07,0.101613
5.1899009E-07,0.100913
5.1904009E-07,0.099933
5.1909009E-07,0.098953
5.1914009E-07,0.097833
5.1919009E-07,0.096572
5.1924009E-07,0.095032
5.1929009E-07,0.093492
5.1934009E-07,0.091952
5.1939009E-07,0.090271
5.1944009E-07,0.088591
5.1949009E-07,0.086911
5.1954009E-07,0.085371
5.1959009E-07,0.083830
5.1964009E-07,0.082570
5.1969009E-07,0.081450
5.1974009E-07,0.080610
5.1979009E-07,0.079910
5.1984009E-07,0.079490
5.1989009E-07,0.079350
5.1994009E-07,0.079350
5.1999009E-07,0.079630
5.2004009E-07,0.080050
5.2009009E-07,0.080470
5.2014009E-07,0.081170
5.2019009E-07,0.081730
5.2024009E-07,0.082430
5.2029009E-07,0.082990
5.2034009E-07,0.083550
5.2039009E-07,0.083970
5.2044009E-07,0.084390
5.2049009E-07,0.084670
5.2054009E-07,0.084810
5.2059009E-07,0.084810
5.2064009E-07,0.084810
5.2069009E-07,0.084810
5.2074009E-07,0.084670
5.2079009E-07,0.084670
5.2084009E-07,0.084670
5.2089009E-07,0.084810
5.2094009E-07,0.085091
5.2099009E-07,0.085511
5.2104009E-07,0.086071
5.2109009E-07,0.086911
5.2114009E-07,0.087751
5.2119009E-07,0.089011
5.2124009E-07,0.090271
5.2129009E-07,0.091812
5.2134009E-07,0.093352
5.2139009E-07,0.095032
5.2144009E-07,0.096572
5.2149009E-07,0.098253
5.2154009E-07,0.099793
5.2159009E-07,0.101193
5.2164009E-07,0.102453
5.2169009E-07,0.103434
5.2174009E-07,0.104274
5.2179009E-07,0.104694
5.2184009E-07,0.104974
5.2189009E-07,0.104834
5.2194009E-07,0.104414
5.2199009E-07,0.103714
5.2204009E-07,0.102733
5.2209009E-07,0.101613
5.2214009E-07,0.100213
5.2219009E-07,0.098813
5.2224009E-07,0.097132
5.2229009E-07,0.095592
5.2234009E-07,0.093912
5.2239009E-07,0.092232
5.2244009E-07,0.090691
5.2249009E-07,0.089291
5.2254009E-07,0.087891
5.2259009E-07,0.086771
5.2264009E-07,0.085791
5.2269009E-07,0.084950
5.2274009E-07,0.084250
5.2279009E-07,0.083690
5.2284009E-07,0.083270
5.2289009E-07,0.082850
5.2294009E-07,0.082570
5.2299009E-07,0.082290
5.2304009E-07,0.082010
5.2309009E-07,0.081730
5.2314009E-07,0.081450
5.2319009E-07,0.081030
5.2324009E-07,0.080610
5.2329009E-07,0.080050
5.2334009E-07,0.079350
5.2339009E-07,0.078789
5.2344009E-07,0.078089
5.2349009E-07,0.077249
5.2354009E-07,0.076549
5.2359009E-07,0.075989
5.2364009E-07,0.075429
5.2369009E-07,0.075009
5.2374009E-07,0.074729
5.2379009E-07,0.074589
5.2384009E-07,0.074729
5.2389009E-07,0.075149
5.2394009E-07,0.075709
5.2399009E-07,0.076549
5.2404009E-07,0.077529
5.2409009E-07,0.078649
5.2414009E-07,0.079910
5.2419009E-07,0.081310
5.2424009E-07,0.082850
5.2429009E-07,0.084390
5.2434009E-07,0.085791
5.2439009E-07,0.087051
5.2444009E-07,0.088311
5.2449009E-07,0.089291
5.2454009E-07,0.089991
5.2459009E-07,0.090551
5.2464009E-07,0.090831
5.2469009E-07,0.090831
5.2474009E-07,0.090551
5.2479009E-07,0.089991
5.2484009E-07,0.089291
5.2489009E-07,0.088311
5.2494009E-07,0.087331
5.2499009E-07,0.086071
5.2504009E-07,0.084810
5.2509009E-07,0.083410
5.2514009E-07,0.082010
5.2519009E-07,0.080750
5.2524009E-07,0.079350
5.2529009E-07,0.078089
5.2534009E-07,0.076829
5.2539009E-07,0.075709
5.2544009E-07,0.074449
5.2549009E-07,0.073329
5.2554009E-07,0.072068
5.2559009E-07,0.070808
5.2564009E-07,0.069408
5.2569009E-07,0.067868
5.2574009E-07,0.066327
5.2579009E-07,0.064367
5.2584009E-07,0.062407
5.2589009E-07,0.060166
5.2594009E-07,0.057926
5.2599009E-07,0.055406
5.2604009E-07,0.052745
5.2609009E-07,0.049945
5.2614009E-07,0.047284
5.2619009E-07,0.044484
5.2624009E-07,0.041823
5.2629009E-07,0.039443
5.2634009E-07,0.037063
5.2639009E-07,0.034962
5.2644009E-07,0.033282
5.2649009E-07,0.031742
5.2654009E-07,0.030622
5.2659009E-07,0.029921
5.2664009E-07,0.029361
5.2669009E-07,0.029221
5.2674009E-07,0.029361
5.2679009E-07,0.029781
5.2684009E-07,0.030342
5.2689009E-07,0.030902
5.2694009E-07,0.031602
5.2699009E-07,0.032442
5.2704009E-07,0.033142
5.2709009E-07,0.033702
5.2714009E-07,0.034122
5.2719009E-07,0.034402
5.2724009E-07,0.034542
5.2729009E-07,0.034542
5.2734009E-07,0.034262
5.2739009E-07,0.033842
5.2744009E-07,0.033422
5.2749009E-07,0.032862
5.2754009E-07,0.032302
5.2759009E-07,0.031602
5.2764009E-07,0.031182
5.2769009E-07,0.030762
5.2774009E-07,0.030482
5.2779009E-07,0.030482
5.2784009E-07,0.030622
5.2789009E-07,0.031042
5.2794009E-07,0.031742
5.2799009E-07,0.032582
5.2804009E-07,0.033702
5.2809009E-07,0.034962
5.2814009E-07,0.036363
5.2819009E-07,0.037763
5.2824009E-07,0.039443
5.2829009E-07,0.040983
5.2834009E-07,0.042664
5.2839009E-07,0.044204
5.2844009E-07,0.045604
5.2849009E-07,0.047144
5.2854009E-07,0.048405
5.2859009E-07,0.049525
5.2864009E-07,0.050645
5.2869009E-07,0.051765
5.2874009E-07,0.052745
5.2879009E-07,0.053585
5.2884009E-07,0.054566
5.2889009E-07,0.055546
5.2894009E-07,0.056666
5.2899009E-07,0.057786
5.2904009E-07,0.059046
5.2909009E-07,0.060306
5.2914009E-07,0.061847
5.2919009E-07,0.063527
5.2924009E-07,0.065347
5.2929009E-07,0.067168
5.2934009E-07,0.068988
5.2939009E-07,0.070948
5.2944009E-07,0.072909
5.2949009E-07,0.074729
5.2954009E-07,0.076549
5.2959009E-07,0.078089
5.2964009E-07,0.079490
5.2969009E-07,0.080470
5.2974009E-07,0.081310
5.2979009E-07,0.081870
5.2984009E-07,0.082010
5.2989009E-07,0.082010
5.2994009E-07,0.081450
5.2999009E-07,0.080750
5.3004009E-07,0.079770
5.3009009E-07,0.078509
5.3014009E-07,0.077249
5.3019009E-07,0.075709
5.3024009E-07,0.074029
5.3029009E-07,0.072488
5.3034009E-07,0.070948
5.3039009E-07,0.069408
5.3044009E-07,0.068148
5.3049009E-07,0.067028
5.3054009E-07,0.066047
5.3059009E-07,0.065347
5.3064009E-07,0.064787
5.3069009E-07,0.064507
5.3074009E-07,0.064507
5.3079009E-07,0.064647
5.3084009E-07,0.064927
5.3089009E-07,0.065347
5.3094009E-07,0.065907
5.3099009E-07,0.066467
5.3104009E-07,0.067028
5.3109009E-07,0.067448
5.3114009E-07,0.067728
5.3119009E-07,0.067868
5.3124009E-07,0.067868
5.3129009E-07,0.067728
5.3134009E-07,0.067308
5.3139009E-07,0.066607
5.3144009E-07,0.065767
5.3149009E-07,0.064787
5.3154009E-07,0.063527
5.3159009E-07,0.062127
5.3164009E-07,0.060727
5.3169009E-07,0.059186
5.3174009E-07,0.057646
5.3179009E-07,0.056106
5.3184009E-07,0.054706
5.3189009E-07,0.053305
5.3194009E-07,0.052185
5.3199009E-07,0.051065
5.3204009E-07,0.050225
5.3209009E-07,0.049525
5.3214009E-07,0.048965
5.3219009E-07,0.048545
5.3224009E-07,0.048264
5.3229009E-07,0.047984
5.3234009E-07,0.047844
5.3239009E-07,0.047844
5.3244009E-07,0.047704
5.3249009E-07,0.047564
5.3254009E-07,0.047424
5.3259009E-07,0.047144
5.3264009E-07,0.046864
5.3269009E-07,0.046444
5.3274009E-07,0.046024
5.3279009E-07,0.045604
5.3284009E-07,0.045044
5.3289009E-07,0.044624
5.3294009E-07,0.044204
5.3299009E-07,0.043924
5.3304009E-07,0.043784
5.3309009E-07,0.043784
5.3314009E-07,0.043924
5.3319009E-07,0.044344
5.3324009E-07,0.044904
5.3329009E-07,0.045884
5.3334009E-07,0.046864
5.3339009E-07,0.048124
5.3344009E-07,0.049525
5.3349009E-07,0.051065
5.3354009E-07,0.052605
5.3359009E-07,0.054005
5.3364009E-07,0.055546
5.3369009E-07,0.056806
5.3374009E-07,0.057926
5.3379009E-07,0.058906
5.3384009E-07,0.059466
5.3389009E-07,0.059886
5.3394009E-07,0.059886
5.3399009E-07,0.059606
5.3404009E-07,0.058906
5.3409009E-07,0.058206
5.3414009E-07,0.057086
5.3419009E-07,0.055966
5.3424009E-07,0.054566
5.3429009E-07,0.053305
5.3434009E-07,0.052045
5.3439009E-07,0.050925
5.3444009E-07,0.049805
5.3449009E-07,0.049105
5.3454009E-07,0.048545
5.3459009E-07,0.048264
5.3464009E-07,0.048264
5.3469009E-07,0.048405
5.3474009E-07,0.048965
5.3479009E-07,0.049665
5.3484009E-07,0.050505
5.3489009E-07,0.051485
5.3494009E-07,0.052605
5.3499009E-07,0.053585
5.3504009E-07,0.054566
5.3509009E-07,0.055406
5.3514009E-07,0.056106
5.3519009E-07,0.056666
5.3524009E-07,0.056946
5.3529009E-07,0.057086
5.3534009E-07,0.056946
5.3539009E-07,0.056666
5.3544009E-07,0.056246
5.3549009E-07,0.055686
5.3554009E-07,0.055126
5.3559009E-07,0.054566
5.3564009E-07,0.054005
5.3569009E-07,0.053585
5.3574009E-07,0.053305
5.3579009E-07,0.053305
5.3584009E-07,0.053445
5.3589009E-07,0.053865
5.3594009E-07,0.054566
5.3599009E-07,0.055266
5.3604009E-07,0.056386
5.3609009E-07,0.057506
5.3614009E-07,0.058626
5.3619009E-07,0.059886
5.3624009E-07,0.061007
5.3629009E-07,0.061987
5.3634009E-07,0.062827
5.3639009E-07,0.063387
5.3644009E-07,0.063667
5.3649009E-07,0.063527
5.3654009E-07,0.062967
5.3659009E-07,0.062127
5.3664009E-07,0.060867
5.3669009E-07,0.059186
5.3674009E-07,0.057086
5.3679009E-07,0.054706
5.3684009E-07,0.052045
5.3689009E-07,0.049245
5.3694009E-07,0.046304
5.3699009E-07,0.043364
5.3704009E-07,0.040283
5.3709009E-07,0.037343
5.3714009E-07,0.034682
5.3719009E-07,0.032022
5.3724009E-07,0.029781
5.3729009E-07,0.027681
5.3734009E-07,0.026001
5.3739009E-07,0.024601
5.3744009E-07,0.023480
5.3749009E-07,0.022780
5.3754009E-07,0.022220
5.3759009E-07,0.022080
5.3764009E-07,0.022080
5.3769009E-07,0.022360
5.3774009E-07,0.022780
5.3779009E-07,0.023340
5.3784009E-07,0.024041
5.3789009E-07,0.024881
5.3794009E-07,0.025721
5.3799009E-07,0.026701
5.3804009E-07,0.027681
5.3809009E-07,0.028801
5.3814009E-07,0.029921
5.3819009E-07,0.031042
5.3824009E-07,0.032302
5.3829009E-07,0.033562
5.3834009E-07,0.034962
5.3839009E-07,0.036363
5.3844009E-07,0.038043
5.3849009E-07,0.039723
5.3854009E-07,0.041543
5.3859009E-07,0.043504
5.3864009E-07,0.045464
5.3869009E-07,0.047564
5.3874009E-07,0.049805
5.3879009E-07,0.052045
5.3884009E-07,0.054145
5.3889009E-07,0.056246
5.3894009E-07,0.058346
5.3899009E-07,0.060306
5.3904009E-07,0.062127
5.3909009E-07,0.063667
5.3914009E-07,0.065067
5.3919009E-07,0.066187
5.3924009E-07,0.067028
5.3929009E-07,0.067728
5.3934009E-07,0.068148
5.3939009E-07,0.068148
5.3944009E-07,0.068148
5.3949009E-07,0.067728
5.3954009E-07,0.067308
5.3959009E-07,0.066607
5.3964009E-07,0.065907
5.3969009E-07,0.065207
5.3974009E-07,0.064367
5.3979009E-07,0.063667
5.3984009E-07,0.063107
5.3989009E-07,0.062547
5.3994009E-07,0.062127
5.3999009E-07,0.061847
5.4004009E-07,0.061847
5.4009009E-07,0.061987
5.4014009E-07,0.062127
5.4019009E-07,0.062547
5.4024009E-07,0.062967
5.4029009E-07,0.063527
5.4034009E-07,0.064087
5.4039009E-07,0.064647
5.4044009E-07,0.065207
5.4049009E-07,0.065487
5.4054009E-07,0.065767
5.4059009E-07,0.065767
5.4064009E-07,0.065627
5.4069009E-07,0.065347
5.4074009E-07,0.064787
5.4079009E-07,0.064087
5.4084009E-07,0.063107
5.4089009E-07,0.062127
5.4094009E-07,0.060867
5.4099009E-07,0.059606
5.4104009E-07,0.058206
5.4109009E-07,0.056946
5.4114009E-07,0.055686
5.4119009E-07,0.054425
5.4124009E-07,0.053445
5.4129009E-07,0.052465
5.4134009E-07,0.051625
5.4139009E-07,0.051065
5.4144009E-07,0.050505
5.4149009E-07,0.050225
5.4154009E-07,0.049945
5.4159009E-07,0.049805
5.4164009E-07,0.049665
5.4169009E-07,0.049525
5.4174009E-07,0.049385
5.4179009E-07,0.049105
5.4184009E-07,0.048825
5.4189009E-07,0.048264
5.4194009E-07,0.047564
5.4199009E-07,0.046724
5.4204009E-07,0.045884
5.4209009E-07,0.044764
5.4214009E-07,0.043504
5.4219009E-07,0.042244
5.4224009E-07,0.040983
5.4229009E-07,0.039863
5.4234009E-07,0.038743
5.4239009E-07,0.037763
5.4244009E-07,0.037063
5.4249009E-07,0.036503
5.4254009E-07,0.036223
5.4259009E-07,0.036082
5.4264009E-07,0.036363
5.4269009E-07,0.036923
5.4274009E-07,0.037623
5.4279009E-07,0.038603
5.4284009E-07,0.039723
5.4289009E-07,0.040843
5.4294009E-07,0.042103
5.4299009E-07,0.043224
5.4304009E-07,0.044344
5.4309009E-07,0.045184
5.4314009E-07,0.045884
5.4319009E-07,0.046444
5.4324009E-07,0.046584
5.4329009E-07,0.046584
5.4334009E-07,0.046304
5.4339009E-07,0.045744
5.4344009E-07,0.045044
5.4349009E-07,0.044064
5.4354009E-07,0.043084
5.4359009E-07,0.042103
5.4364009E-07,0.040983
5.4369009E-07,0.040143
5.4374009E-07,0.039303
5.4379009E-07,0.038743
5.4384009E-07,0.038323
5.4389009E-07,0.038183
5.4394009E-07,0.038323
5.4399009E-07,0.038743
5.4404009E-07,0.039303
5.4409009E-07,0.040143
5.4414009E-07,0.041123
5.4419009E-07,0.042103
5.4424009E-07,0.043224
5.4429009E-07,0.044344
5.4434009E-07,0.045324
5.4439009E-07,0.046164
5.4444009E-07,0.046864
5.4449009E-07,0.047284
5.4454009E-07,0.047564
5.4459009E-07,0.047424
5.4464009E-07,0.047144
5.4469009E-07,0.046584
5.4474009E-07,0.045744
5.4479009E-07,0.044764
5.4484009E-07,0.043504
5.4489009E-07,0.042244
5.4494009E-07,0.040983
5.4499009E-07,0.039863
5.4504009E-07,0.038743
5.4509009E-07,0.037763
5.4514009E-07,0.036923
5.4519009E-07,0.036363
5.4524009E-07,0.036082
5.4529009E-07,0.036082
5.4534009E-07,0.036363
5.4539009E-07,0.036923
5.4544009E-07,0.037623
5.4549009E-07,0.038603
5.4554009E-07,0.039583
5.4559009E-07,0.040843
5.4564009E-07,0.041963
5.4569009E-07,0.043084
5.4574009E-07,0.044204
5.4579009E-07,0.045184
5.4584009E-07,0.046024
5.4589009E-07,0.046584
5.4594009E-07,0.047004
5.4599009E-07,0.047004
5.4604009E-07,0.047004
5.4609009E-07,0.046584
5.4614009E-07,0.046024
5.4619009E-07,0.045324
5.4624009E-07,0.044344
5.4629009E-07,0.043364
5.4634009E-07,0.042384
5.4639009E-07,0.041263
5.4644009E-07,0.040143
5.4649009E-07,0.039163
5.4654009E-07,0.038183
5.4659009E-07,0.037483
5.4664009E-07,0.036783
5.4669009E-07,0.036223
5.4674009E-07,0.035802
5.4679009E-07,0.035522
5.4684009E-07,0.035242
5.4689009E-07,0.035242
5.4694009E-07,0.035102
5.4699009E-07,0.035102
5.4704009E-07,0.035102
5.4709009E-07,0.034962
5.4714009E-07,0.034822
5.4719009E-07,0.034682
5.4724009E-07,0.034262
5.4729009E-07,0.033842
5.4734009E-07,0.033282
5.4739009E-07,0.032582
5.4744009E-07,0.031742
5.4749009E-07,0.031042
5.4754009E-07,0.030062
5.4759009E-07,0.029221
5.4764009E-07,0.028381
5.4769009E-07,0.027681
5.4774009E-07,0.027121
5.4779009E-07,0.026561
5.4784009E-07,0.026281
5.4789009E-07,0.026281
5.4794009E-07,0.026561
5.4799009E-07,0.026981
5.4804009E-07,0.027681
5.4809009E-07,0.028521
5.4814009E-07,0.029641
5.4819009E-07,0.030902
5.4824009E-07,0.032302
5.4829009E-07,0.033842
5.4834009E-07,0.035382
5.4839009E-07,0.036923
5.4844009E-07,0.038323
5.4849009E-07,0.039723
5.4854009E-07,0.040843
5.4859009E-07,0.041963
5.4864009E-07,0.042664
5.4869009E-07,0.043224
5.4874009E-07,0.043644
5.4879009E-07,0.043784
5.4884009E-07,0.043644
5.4889009E-07,0.043504
5.4894009E-07,0.043224
5.4899009E-07,0.042944
5.4904009E-07,0.042524
5.4909009E-07,0.042244
5.4914009E-07,0.041963
5.4919009E-07,0.041963
5.4924009E-07,0.041963
5.4929009E-07,0.042244
5.4934009E-07,0.042804
5.4939009E-07,0.043504
5.4944009E-07,0.044484
5.4949009E-07,0.045604
5.4954009E-07,0.046864
5.4959009E-07,0.048124
5.4964009E-07,0.049525
5.4969009E-07,0.050925
5.4974009E-07,0.052185
5.4979009E-07,0.053445
5.4984009E-07,0.054425
5.4989009E-07,0.055266
5.4994009E-07,0.055826
5.4999009E-07,0.056246
5.5004009E-07,0.056246
5.5009009E-07,0.056106
5.5014009E-07,0.055686
5.5019009E-07,0.055126
5.5024009E-07,0.054425
5.5029009E-07,0.053585
5.5034009E-07,0.052745
5.5039009E-07,0.051905
5.5044009E-07,0.051205
5.5049009E-07,0.050645
5.5054009E-07,0.050225
5.5059009E-07,0.049945
5.5064009E-07,0.049945
5.5069009E-07,0.050225
5.5074009E-07,0.050645
5.5079009E-07,0.051345
5.5084009E-07,0.052045
5.5089009E-07,0.053025
5.5094009E-07,0.054005
5.5099009E-07,0.054846
5.5104009E-07,0.055686
5.5109009E-07,0.056386
5.5114009E-07,0.056946
5.5119009E-07,0.057086
5.5124009E-07,0.057086
5.5129009E-07,0.056806
5.5134009E-07,0.056106
5.5139009E-07,0.055126
5.5144009E-07,0.054005
5.5149009E-07,0.052465
5.5154009E-07,0.050925
5.5159009E-07,0.049105
5.5164009E-07,0.047424
5.5169009E-07,0.045604
5.5174009E-07,0.043924
5.5179009E-07,0.042524
5.5184009E-07,0.041263
5.5189009E-07,0.040143
5.5194009E-07,0.039443
5.5199009E-07,0.039023
5.5204009E-07,0.039023
5.5209009E-07,0.039163
5.5214009E-07,0.039723
5.5219009E-07,0.040423
5.5224009E-07,0.041263
5.5229009E-07,0.042244
5.5234009E-07,0.043364
5.5239009E-07,0.044344
5.5244009E-07,0.045324
5.5249009E-07,0.046164
5.5254009E-07,0.046724
5.5259009E-07,0.047144
5.5264009E-07,0.047284
5.5269009E-07,0.047284
5.5274009E-07,0.046864
5.5279009E-07,0.046304
5.5284009E-07,0.045464
5.5289009E-07,0.044484
5.5294009E-07,0.043364
5.5299009E-07,0.041963
5.5304009E-07,0.040703
5.5309009E-07,0.039303
5.5314009E-07,0.037903
5.5319009E-07,0.036643
5.5324009E-07,0.035382
5.5329009E-07,0.034262
5.5334009E-07,0.033282
5.5339009E-07,0.032302
5.5344009E-07,0.031602
5.5349009E-07,0.030902
5.5354009E-07,0.030342
5.5359009E-07,0.029781
5.5364009E-07,0.029221
5.5369009E-07,0.028661
5.5374009E-07,0.028101
5.5379009E-07,0.027401
5.5384009E-07,0.026701
5.5389009E-07,0.026001
5.5394009E-07,0.025161
5.5399009E-07,0.024181
5.5404009E-07,0.023200
5.5409009E-07,0.022220
5.5414009E-07,0.021240
5.5419009E-07,0.020120
5.5424009E-07,0.019280
5.5429009E-07,0.018300
5.5434009E-07,0.017599
5.5439009E-07,0.017039
5.5444009E-07,0.016759
5.5449009E-07,0.016479
5.5454009E-07,0.016619
5.5459009E-07,0.016899
5.5464009E-07,0.017459
5.5469009E-07,0.018160
5.5474009E-07,0.019000
5.5479009E-07,0.020120
5.5484009E-07,0.021240
5.5489009E-07,0.022500
5.5494009E-07,0.023620
5.5499009E-07,0.024881
5.5504009E-07,0.025861
5.5509009E-07,0.026841
5.5514009E-07,0.027401
5.5519009E-07,0.027821
5.5524009E-07,0.027961
5.5529009E-07,0.027821
5.5534009E-07,0.027401
5.5539009E-07,0.026561
5.5544009E-07,0.025441
5.5549009E-07,0.024041
5.5554009E-07,0.022360
5.5559009E-07,0.020540
5.5564009E-07,0.018580
5.5569009E-07,0.016479
5.5574009E-07,0.014519
5.5579009E-07,0.012419
5.5584009E-07,0.010598
5.5589009E-07,0.008918
5.5594009E-07,0.007378
5.5599009E-07,0.006118
5.5604009E-07,0.005137
5.5609009E-07,0.004437
5.5614009E-07,0.004017
5.5619009E-07,0.004017
5.5624009E-07,0.004157
5.5629009E-07,0.004577
5.5634009E-07,0.005277
5.5639009E-07,0.006118
5.5644009E-07,0.006958
5.5649009E-07,0.008078
5.5654009E-07,0.009058
5.5659009E-07,0.010038
5.5664009E-07,0.010878
5.5669009E-07,0.011719
5.5674009E-07,0.012419
5.5679009E-07,0.012839
5.5684009E-07,0.013259
5.5689009E-07,0.013539
5.5694009E-07,0.013819
5.5699009E-07,0.013959
5.5704009E-07,0.013959
5.5709009E-07,0.013959
5.5714009E-07,0.014099
5.5719009E-07,0.014239
5.5724009E-07,0.014519
5.5729009E-07,0.014799
5.5734009E-07,0.015359
5.5739009E-07,0.015919
5.5744009E-07,0.016619
5.5749009E-07,0.017459
5.5754009E-07,0.018300
5.5759009E-07,0.019280
5.5764009E-07,0.020260
5.5769009E-07,0.021100
5.5774009E-07,0.021940
5.5779009E-07,0.022640
5.5784009E-07,0.023060
5.5789009E-07,0.023340
5.5794009E-07,0.023340
5.5799009E-07,0.023060
5.5804009E-07,0.022500
5.5809009E-07,0.021660
5.5814009E-07,0.020680
5.5819009E-07,0.019420
5.5824009E-07,0.018160
5.5829009E-07,0.016619
5.5834009E-07,0.015219
5.5839009E-07,0.013819
5.5844009E-07,0.012419
5.5849009E-07,0.011298
5.5854009E-07,0.010318
5.5859009E-07,0.009618
5.5864009E-07,0.009198
5.5869009E-07,0.008918
5.5874009E-07,0.009058
5.5879009E-07,0.009478
5.5884009E-07,0.010038
5.5889009E-07,0.010878
5.5894009E-07,0.011859
5.5899009E-07,0.012839
5.5904009E-07,0.013959
5.5909009E-07,0.015079
5.5914009E-07,0.016059
5.5919009E-07,0.016899
5.5924009E-07,0.017599
5.5929009E-07,0.018160
5.5934009E-07,0.018580
5.5939009E-07,0.018720
5.5944009E-07,0.018720
5.5949009E-07,0.018580
5.5954009E-07,0.018300
5.5959009E-07,0.018020
5.5964009E-07,0.017739
5.5969009E-07,0.017459
5.5974009E-07,0.017319
5.5979009E-07,0.017319
5.5984009E-07,0.017599
5.5989009E-07,0.018020
5.5994009E-07,0.018720
5.5999009E-07,0.019700
5.6004009E-07,0.020960
5.6009009E-07,0.022500
5.6014009E-07,0.024181
5.6019009E-07,0.026001
5.6024009E-07,0.027821
5.6029009E-07,0.029781
5.6034009E-07,0.031742
5.6039009E-07,0.033562
5.6044009E-07,0.035382
5.6049009E-07,0.036783
5.6054009E-07,0.038183
5.6059009E-07,0.039163
5.6064009E-07,0.039863
5.6069009E-07,0.040423
5.6074009E-07,0.040563
5.6079009E-07,0.040423
5.6084009E-07,0.040283
5.6089009E-07,0.039723
5.6094009E-07,0.039163
5.6099009E-07,0.038463
5.6104009E-07,0.037903
5.6109009E-07,0.037203
5.6114009E-07,0.036643
5.6119009E-07,0.036223
5.6124009E-07,0.035942
5.6129009E-07,0.035802
5.6134009E-07,0.035802
5.6139009E-07,0.036082
5.6144009E-07,0.036503
5.6149009E-07,0.037203
5.6154009E-07,0.037903
5.6159009E-07,0.038883
5.6164009E-07,0.039863
5.6169009E-07,0.040843
5.6174009E-07,0.041963
5.6179009E-07,0.042944
5.6184009E-07,0.043924
5.6189009E-07,0.044904
5.6194009E-07,0.045744
5.6199009E-07,0.046444
5.6204009E-07,0.047004
5.6209009E-07,0.047564
5.6214009E-07,0.047984
5.6219009E-07,0.048405
5.6224009E-07,0.048685
5.6229009E-07,0.048965
5.6234009E-07,0.049245
5.6239009E-07,0.049525
5.6244009E-07,0.049805
5.6249009E-07,0.050225
5.6254009E-07,0.050785
5.6259009E-07,0.051485
5.6264009E-07,0.052185
5.6269009E-07,0.053025
5.6274009E-07,0.054005
5.6279009E-07,0.054986
5.6284009E-07,0.056106
5.6289009E-07,0.057366
5.6294009E-07,0.058486
5.6299009E-07,0.059746
5.6304009E-07,0.060867
5.6309009E-07,0.061987
5.6314009E-07,0.062967
5.6319009E-07,0.063807
5.6324009E-07,0.064367
5.6329009E-07,0.064927
5.6334009E-07,0.065207
5.6339009E-07,0.065347
5.6344009E-07,0.065207
5.6349009E-07,0.064927
5.6354009E-07,0.064367
5.6359009E-07,0.063807
5.6364009E-07,0.062967
5.6369009E-07,0.062127
5.6374009E-07,0.061147
5.6379009E-07,0.060166
5.6384009E-07,0.059186
5.6389009E-07,0.058066
5.6394009E-07,0.057086
5.6399009E-07,0.056246
5.6404009E-07,0.055406
5.6409009E-07,0.054706
5.6414009E-07,0.054005
5.6419009E-07,0.053445
5.6424009E-07,0.052885
5.6429009E-07,0.052465
5.6434009E-07,0.052045
5.6439009E-07,0.051625
5.6444009E-07,0.051065
5.6449009E-07,0.050645
5.6454009E-07,0.050085
5.6459009E-07,0.049385
5.6464009E-07,0.048685
5.6469009E-07,0.047844
5.6474009E-07,0.047004
5.6479009E-07,0.045884
5.6484009E-07,0.044904
5.6489009E-07,0.043784
5.6494009E-07,0.042804
5.6499009E-07,0.041683
5.6504009E-07,0.040703
5.6509009E-07,0.040003
5.6514009E-07,0.039303
5.6519009E-07,0.038883
5.6524009E-07,0.038603
5.6529009E-07,0.038603
5.6534009E-07,0.038883
5.6539009E-07,0.039303
5.6544009E-07,0.040003
5.6549009E-07,0.040843
5.6554009E-07,0.041823
5.6559009E-07,0.042944
5.6564009E-07,0.044064
5.6569009E-07,0.045184
5.6574009E-07,0.046164
5.6579009E-07,0.047004
5.6584009E-07,0.047564
5.6589009E-07,0.047844
5.6594009E-07,0.047844
5.6599009E-07,0.047564
5.6604009E-07,0.046864
5.6609009E-07,0.045744
5.6614009E-07,0.044484
5.6619009E-07,0.042804
5.6624009E-07,0.040983
5.6629009E-07,0.038883
5.6634009E-07,0.036783
5.6639009E-07,0.034822
5.6644009E-07,0.032722
5.6649009E-07,0.031042
5.6654009E-07,0.029501
5.6659009E-07,0.028381
5.6664009E-07,0.027541
5.6669009E-07,0.027261
5.6674009E-07,0.027401
5.6679009E-07,0.027961
5.6684009E-07,0.028941
5.6689009E-07,0.030482
5.6694009E-07,0.032302
5.6699009E-07,0.034542
5.6704009E-07,0.037063
5.6709009E-07,0.039723
5.6714009E-07,0.042384
5.6719009E-07,0.045184
5.6724009E-07,0.047984
5.6729009E-07,0.050505
5.6734009E-07,0.053025
5.6739009E-07,0.055266
5.6744009E-07,0.057226
5.6749009E-07,0.059046
5.6754009E-07,0.060446
5.6759009E-07,0.061707
5.6764009E-07,0.062687
5.6769009E-07,0.063527
5.6774009E-07,0.064227
5.6779009E-07,0.064647
5.6784009E-07,0.065067
5.6789009E-07,0.065347
5.6794009E-07,0.065767
5.6799009E-07,0.066047
5.6804009E-07,0.066327
5.6809009E-07,0.066607
5.6814009E-07,0.066888
5.6819009E-07,0.067168
5.6824009E-07,0.067308
5.6829009E-07,0.067588
5.6834009E-07,0.067588
5.6839009E-07,0.067448
5.6844009E-07,0.067308
5.6849009E-07,0.066888
5.6854009E-07,0.066187
5.6859009E-07,0.065347
5.6864009E-07,0.064367
5.6869009E-07,0.063107
5.6874009E-07,0.061567
5.6879009E-07,0.060026
5.6884009E-07,0.058206
5.6889009E-07,0.056386
5.6894009E-07,0.054566
5.6899009E-07,0.052745
5.6904009E-07,0.050925
5.6909009E-07,0.049245
5.6914009E-07,0.047704
5.6919009E-07,0.046444
5.6924009E-07,0.045324
5.6929009E-07,0.044484
5.6934009E-07,0.043924
5.6939009E-07,0.043644
5.6944009E-07,0.043504
5.6949009E-07,0.043644
5.6954009E-07,0.043924
5.6959009E-07,0.044204
5.6964009E-07,0.044764
5.6969009E-07,0.045184
5.6974009E-07,0.045604
5.6979009E-07,0.046024
5.6984009E-07,0.046304
5.6989009E-07,0.046444
5.6994009E-07,0.046444
5.6999009E-07,0.046164
5.7004009E-07,0.045744
5.7009009E-07,0.045044
5.7014009E-07,0.044344
5.7019009E-07,0.043224
5.7024009E-07,0.042103
5.7029009E-07,0.040843
5.7034009E-07,0.039583
5.7039009E-07,0.038183
5.7044009E-07,0.036783
5.7049009E-07,0.035382
5.7054009E-07,0.034122
5.7059009E-07,0.032862
5.7064009E-07,0.031742
5.7069009E-07,0.030762
5.7074009E-07,0.029781
5.7079009E-07,0.028941
5.7084009E-07,0.028241
5.7089009E-07,0.027681
5.7094009E-07,0.027121
5.7099009E-07,0.026561
5.7104009E-07,0.026001
5.7109009E-07,0.025441
5.7114009E-07,0.024881
5.7119009E-07,0.024181
5.7124009E-07,0.023340
5.7129009E-07,0.022360
5.7134009E-07,0.021380
5.7139009E-07,0.020260
5.7144009E-07,0.018860
5.7149009E-07,0.017459
5.7154009E-07,0.015919
5.7159009E-07,0.014239
5.7164009E-07,0.012559
5.7169009E-07,0.010738
5.7174009E-07,0.009058
5.7179009E-07,0.007378
5.7184009E-07,0.005698
5.7189009E-07,0.004297
5.7194009E-07,0.002897
5.7199009E-07,0.001777
5.7204009E-07,0.000797
5.7209009E-07,0.000097
5.7214009E-07,-0.000323
5.7219009E-07,-0.000463
5.7224009E-07,-0.000463
5.7229009E-07,-0.000183
5.7234009E-07,0.000237
5.7239009E-07,0.000797
5.7244009E-07,0.001637
5.7249009E-07,0.002617
5.7254009E-07,0.003597
5.7259009E-07,0.004717
5.7264009E-07,0.005838
5.7269009E-07,0.006958
5.7274009E-07,0.008078
5.7279009E-07,0.009198
5.7284009E-07,0.010178
5.7289009E-07,0.011158
5.7294009E-07,0.012139
5.7299009E-07,0.012979
5.7304009E-07,0.013959
5.7309009E-07,0.014799
5.7314009E-07,0.015779
5.7319009E-07,0.016619
5.7324009E-07,0.017599
5.7329009E-07,0.018580
5.7334009E-07,0.019560
5.7339009E-07,0.020680
5.7344009E-07,0.021800
5.7349009E-07,0.022920
5.7354009E-07,0.024041
5.7359009E-07,0.025161
5.7364009E-07,0.026141
5.7369009E-07,0.026981
5.7374009E-07,0.027681
5.7379009E-07,0.028101
5.7384009E-07,0.028381
5.7389009E-07,0.028381
5.7394009E-07,0.027961
5.7399009E-07,0.027261
5.7404009E-07,0.026281
5.7409009E-07,0.025021
5.7414009E-07,0.023340
5.7419009E-07,0.021520
5.7424009E-07,0.019420
5.7429009E-07,0.017179
5.7434009E-07,0.014799
5.7439009E-07,0.012419
5.7444009E-07,0.009898
5.7449009E-07,0.007658
5.7454009E-07,0.005417
5.7459009E-07,0.003457
5.7464009E-07,0.001637
5.7469009E-07,0.000097
5.7474009E-07,-0.001164
5.7479009E-07,-0.002144
5.7484009E-07,-0.002984
5.7489009E-07,-0.003404
5.7494009E-07,-0.003824
5.7499009E-07,-0.003964
5.7504009E-07,-0.004104
5.7509009E-07,-0.004244
5.7514009E-07,-0.004244
5.7519009E-07,-0.004524
5.7524009E-07,-0.004804
5.7529009E-07,-0.005224
5.7534009E-07,-0.005784
5.7539009E-07,-0.006624
5.7544009E-07,-0.007605
5.7549009E-07,-0.008725
5.7554009E-07,-0.010125
5.7559009E-07,-0.011525
5.7564009E-07,-0.012926
5.7569009E-07,-0.014326
5.7574009E-07,-0.015726
5.7579009E-07,-0.016986
5.7584009E-07,-0.018106
5.7589009E-07,-0.018946
5.7594009E-07,-0.019647
5.7599009E-07,-0.020067
5.7604009E-07,-0.020067
5.7609009E-07,-0.019927
5.7614009E-07,-0.019367
5.7619009E-07,-0.018666
5.7624009E-07,-0.017826
5.7629009E-07,-0.016706
5.7634009E-07,-0.015446
5.7639009E-07,-0.014186
5.7644009E-07,-0.012926
5.7649009E-07,-0.011665
5.7654009E-07,-0.010545
5.7659009E-07,-0.009425
5.7664009E-07,-0.008585
5.7669009E-07,-0.007885
5.7674009E-07,-0.007185
5.7679009E-07,-0.006765
5.7684009E-07,-0.006484
5.7689009E-07,-0.006204
5.7694009E-07,-0.006064
5.7699009E-07,-0.005924
5.7704009E-07,-0.005784
5.7709009E-07,-0.005504
5.7714009E-07,-0.005084
5.7719009E-07,-0.004664
5.7724009E-07,-0.003964
5.7729009E-07,-0.003124
5.7734009E-07,-0.002144
5.7739009E-07,-0.000884
5.7744009E-07,0.000657
5.7749009E-07,0.002197
5.7754009E-07,0.004017
5.7759009E-07,0.005838
5.7764009E-07,0.007658
5.7769009E-07,0.009618
5.7774009E-07,0.011438
5.7779009E-07,0.013259
5.7784009E-07,0.014799
5.7789009E-07,0.016339
5.7794009E-07,0.017599
5.7799009E-07,0.018580
5.7804009E-07,0.019420
5.7809009E-07,0.019980
5.7814009E-07,0.020260
5.7819009E-07,0.020400
5.7824009E-07,0.020260
5.7829009E-07,0.019980
5.7834009E-07,0.019560
5.7839009E-07,0.019140
5.7844009E-07,0.018580
5.7849009E-07,0.018020
5.7854009E-07,0.017319
5.7859009E-07,0.016759
5.7864009E-07,0.016339
5.7869009E-07,0.015919
5.7874009E-07,0.015499
5.7879009E-07,0.015219
5.7884009E-07,0.014939
5.7889009E-07,0.014939
5.7894009E-07,0.014799
5.7899009E-07,0.014799
5.7904009E-07,0.014659
5.7909009E-07,0.014659
5.7914009E-07,0.014519
5.7919009E-07,0.014379
5.7924009E-07,0.014099
5.7929009E-07,0.013819
5.7934009E-07,0.013259
5.7939009E-07,0.012699
5.7944009E-07,0.011999
5.7949009E-07,0.011158
5.7954009E-07,0.010318
5.7959009E-07,0.009198
5.7964009E-07,0.008078
5.7969009E-07,0.006958
5.7974009E-07,0.005838
5.7979009E-07,0.004857
5.7984009E-07,0.003877
5.7989009E-07,0.002897
5.7994009E-07,0.002197
5.7999009E-07,0.001637
5.8004009E-07,0.001217
5.8009009E-07,0.001077
5.8014009E-07,0.001217
5.8019009E-07,0.001497
5.8024009E-07,0.002197
5.8029009E-07,0.002897
5.8034009E-07,0.003877
5.8039009E-07,0.005137
5.8044009E-07,0.006398
5.8049009E-07,0.007938
5.8054009E-07,0.009478
5.8059009E-07,0.010878
5.8064009E-07,0.012419
5.8069009E-07,0.013959
5.8074009E-07,0.015359
5.8079009E-07,0.016619
5.8084009E-07,0.017739
5.8089009E-07,0.018720
5.8094009E-07,0.019420
5.8099009E-07,0.020120
5.8104009E-07,0.020540
5.8109009E-07,0.020820
5.8114009E-07,0.021100
5.8119009E-07,0.021100
5.8124009E-07,0.021100
5.8129009E-07,0.020960
5.8134009E-07,0.020820
5.8139009E-07,0.020680
5.8144009E-07,0.020540
5.8149009E-07,0.020400
5.8154009E-07,0.020260
5.8159009E-07,0.020120
5.8164009E-07,0.019980
5.8169009E-07,0.019840
5.8174009E-07,0.019560
5.8179009E-07,0.019280
5.8184009E-07,0.019000
5.8189009E-07,0.018580
5.8194009E-07,0.018020
5.8199009E-07,0.017319
5.8204009E-07,0.016619
5.8209009E-07,0.015779
5.8214009E-07,0.014799
5.8219009E-07,0.013679
5.8224009E-07,0.012699
5.8229009E-07,0.011578
5.8234009E-07,0.010458
5.8239009E-07,0.009478
5.8244009E-07,0.008638
5.8249009E-07,0.007938
5.8254009E-07,0.007518
5.8259009E-07,0.007378
5.8264009E-07,0.007378
5.8269009E-07,0.007798
5.8274009E-07,0.008498
5.8279009E-07,0.009478
5.8284009E-07,0.010738
5.8289009E-07,0.012279
5.8294009E-07,0.014099
5.8299009E-07,0.016059
5.8304009E-07,0.018020
5.8309009E-07,0.020120
5.8314009E-07,0.022220
5.8319009E-07,0.024321
5.8324009E-07,0.026281
5.8329009E-07,0.027961
5.8334009E-07,0.029501
5.8339009E-07,0.030902
5.8344009E-07,0.031882
5.8349009E-07,0.032722
5.8354009E-07,0.033282
5.8359009E-07,0.033702
5.8364009E-07,0.033702
5.8369009E-07,0.033702
5.8374009E-07,0.033562
5.8379009E-07,0.033282
5.8384009E-07,0.032862
5.8389009E-07,0.032582
5.8394009E-07,0.032302
5.8399009E-07,0.032022
5.8404009E-07,0.031742
5.8409009E-07,0.031742
5.8414009E-07,0.031602
5.8419009E-07,0.031742
5.8424009E-07,0.031742
5.8429009E-07,0.031882
5.8434009E-07,0.032022
5.8439009E-07,0.032162
5.8444009E-07,0.032302
5.8449009E-07,0.032302
5.8454009E-07,0.032162
5.8459009E-07,0.032022
5.8464009E-07,0.031602
5.8469009E-07,0.031182
5.8474009E-07,0.030482
5.8479009E-07,0.029781
5.8484009E-07,0.028941
5.8489009E-07,0.028101
5.8494009E-07,0.027121
5.8499009E-07,0.026141
5.8504009E-07,0.025301
5.8509009E-07,0.024461
5.8514009E-07,0.023760
5.8519009E-07,0.023200
5.8524009E-07,0.022780
5.8529009E-07,0.022640
5.8534009E-07,0.022640
5.8539009E-07,0.022920
5.8544009E-07,0.023340
5.8549009E-07,0.023901
5.8554009E-07,0.024741
5.8559009E-07,0.025721
5.8564009E-07,0.026701
5.8569009E-07,0.027681
5.8574009E-07,0.028801
5.8579009E-07,0.029921
5.8584009E-07,0.030902
5.8589009E-07,0.031882
5.8594009E-07,0.032582
5.8599009E-07,0.033282
5.8604009E-07,0.033842
5.8609009E-07,0.034262
5.8614009E-07,0.034402
5.8619009E-07,0.034542
5.8624009E-07,0.034402
5.8629009E-07,0.034262
5.8634009E-07,0.033982
5.8639009E-07,0.033562
5.8644009E-07,0.033282
5.8649009E-07,0.032722
5.8654009E-07,0.032302
5.8659009E-07,0.031882
5.8664009E-07,0.031462
5.8669009E-07,0.031042
5.8674009E-07,0.030622
5.8679009E-07,0.030342
5.8684009E-07,0.030062
5.8689009E-07,0.029781
5.8694009E-07,0.029641
5.8699009E-07,0.029501
5.8704009E-07,0.029361
5.8709009E-07,0.029221
5.8714009E-07,0.029081
5.8719009E-07,0.028801
5.8724009E-07,0.028661
5.8729009E-07,0.028381
5.8734009E-07,0.028101
5.8739009E-07,0.027821
5.8744009E-07,0.027401
5.8749009E-07,0.027121
5.8754009E-07,0.026561
5.8759009E-07,0.026141
5.8764009E-07,0.025721
5.8769009E-07,0.025301
5.8774009E-07,0.024741
5.8779009E-07,0.024321
5.8784009E-07,0.024041
5.8789009E-07,0.023620
5.8794009E-07,0.023340
5.8799009E-07,0.023200
5.8804009E-07,0.023060
5.8809009E-07,0.022920
5.8814009E-07,0.022920
5.8819009E-07,0.022920
5.8824009E-07,0.023060
5.8829009E-07,0.023340
5.8834009E-07,0.023480
5.8839009E-07,0.023760
5.8844009E-07,0.023901
5.8849009E-07,0.024181
5.8854009E-07,0.024461
5.8859009E-07,0.024601
5.8864009E-07,0.024741
5.8869009E-07,0.024881
5.8874009E-07,0.025021
5.8879009E-07,0.025021
5.8884009E-07,0.025021
5.8889009E-07,0.025021
5.8894009E-07,0.025021
5.8899009E-07,0.025021
5.8904009E-07,0.025161
5.8909009E-07,0.025161
5.8914009E-07,0.025441
5.8919009E-07,0.025721
5.8924009E-07,0.026141
5.8929009E-07,0.026701
5.8934009E-07,0.027401
5.8939009E-07,0.028241
5.8944009E-07,0.029221
5.8949009E-07,0.030342
5.8954009E-07,0.031742
5.8959009E-07,0.033002
5.8964009E-07,0.034542
5.8969009E-07,0.035942
5.8974009E-07,0.037483
5.8979009E-07,0.038743
5.8984009E-07,0.040003
5.8989009E-07,0.041123
5.8994009E-07,0.041963
5.8999009E-07,0.042524
5.9004009E-07,0.042804
5.9009009E-07,0.042804
5.9014009E-07,0.042524
5.9019009E-07,0.041823
5.9024009E-07,0.040843
5.9029009E-07,0.039583
5.9034009E-07,0.037903
5.9039009E-07,0.036082
5.9044009E-07,0.034122
5.9049009E-07,0.031882
5.9054009E-07,0.029641
5.9059009E-07,0.027401
5.9064009E-07,0.025161
5.9069009E-07,0.022920
5.9074009E-07,0.020820
5.9079009E-07,0.018720
5.9084009E-07,0.016899
5.9089009E-07,0.015219
5.9094009E-07,0.013679
5.9099009E-07,0.012279
5.9104009E-07,0.011158
5.9109009E-07,0.010038
5.9114009E-07,0.008918
5.9119009E-07,0.007938
5.9124009E-07,0.007098
5.9129009E-07,0.006118
5.9134009E-07,0.005137
5.9139009E-07,0.004157
5.9144009E-07,0.003177
5.9149009E-07,0.002057
5.9154009E-07,0.000937
5.9159009E-07,-0.000323
5.9164009E-07,-0.001584
5.9169009E-07,-0.002844
5.9174009E-07,-0.003964
5.9179009E-07,-0.005224
5.9184009E-07,-0.006204
5.9189009E-07,-0.007185
5.9194009E-07,-0.008025
5.9199009E-07,-0.008725
5.9204009E-07,-0.009145
5.9209009E-07,-0.009425
5.9214009E-07,-0.009425
5.9219009E-07,-0.009285
5.9224009E-07,-0.009005
5.9229009E-07,-0.008585
5.9234009E-07,-0.008025
5.9239009E-07,-0.007325
5.9244009E-07,-0.006484
5.9249009E-07,-0.005644
5.9254009E-07,-0.004804
5.9259009E-07,-0.003964
5.9264009E-07,-0.003264
5.9269009E-07,-0.002564
5.9274009E-07,-0.001864
5.9279009E-07,-0.001304
5.9284009E-07,-0.000884
5.9289009E-07,-0.000463
5.9294009E-07,-0.000183
5.9299009E-07,-0.000043
5.9304009E-07,0.000237
5.9309009E-07,0.000237
5.9314009E-07,0.000377
5.9319009E-07,0.000517
5.9324009E-07,0.000517
5.9329009E-07,0.000517
5.9334009E-07,0.000517
5.9339009E-07,0.000657
5.9344009E-07,0.000517
5.9349009E-07,0.000517
5.9354009E-07,0.000377
5.9359009E-07,0.000237
5.9364009E-07,-0.000043
5.9369009E-07,-0.000323
5.9374009E-07,-0.000884
5.9379009E-07,-0.001444
5.9384009E-07,-0.002284
5.9389009E-07,-0.003264
5.9394009E-07,-0.004384
5.9399009E-07,-0.005644
5.9404009E-07,-0.007045
5.9409009E-07,-0.008585
5.9414009E-07,-0.010265
5.9419009E-07,-0.012085
5.9424009E-07,-0.013906
5.9429009E-07,-0.015866
5.9434009E-07,-0.017686
5.9439009E-07,-0.019647
5.9444009E-07,-0.021467
5.9449009E-07,-0.023287
5.9454009E-07,-0.025108
5.9459009E-07,-0.026648
5.9464009E-07,-0.028048
5.9469009E-07,-0.029308
5.9474009E-07,-0.030288
5.9479009E-07,-0.031128
5.9484009E-07,-0.031829
5.9489009E-07,-0.032249
5.9494009E-07,-0.032389
5.9499009E-07,-0.032249
5.9504009E-07,-0.031969
5.9509009E-07,-0.031409
5.9514009E-07,-0.030568
5.9519009E-07,-0.029588
5.9524009E-07,-0.028328
5.9529009E-07,-0.026788
5.9534009E-07,-0.025108
5.9539009E-07,-0.023287
5.9544009E-07,-0.021327
5.9549009E-07,-0.019087
5.9554009E-07,-0.016846
5.9559009E-07,-0.014326
5.9564009E-07,-0.011805
5.9569009E-07,-0.009145
5.9574009E-07,-0.006344
5.9579009E-07,-0.003544
5.9584009E-07,-0.000744
5.9589009E-07,0.002197
5.9594009E-07,0.005137
5.9599009E-07,0.008218
5.9604009E-07,0.011158
5.9609009E-07,0.014099
5.9614009E-07,0.017039
5.9619009E-07,0.019840
5.9624009E-07,0.022640
5.9629009E-07,0.025441
5.9634009E-07,0.027961
5.9639009E-07,0.030482
5.9644009E-07,0.032862
5.9649009E-07,0.034962
5.9654009E-07,0.036923
5.9659009E-07,0.038603
5.9664009E-07,0.040143
5.9669009E-07,0.041403
5.9674009E-07,0.042384
5.9679009E-07,0.043084
5.9684009E-07,0.043644
5.9689009E-07,0.043784
5.9694009E-07,0.043784
5.9699009E-07,0.043504
5.9704009E-07,0.043084
5.9709009E-07,0.042384
5.9714009E-07,0.041683
5.9719009E-07,0.040843
5.9724009E-07,0.039863
5.9729009E-07,0.039023
5.9734009E-07,0.038043
5.9739009E-07,0.037343
5.9744009E-07,0.036643
5.9749009E-07,0.036082
5.9754009E-07,0.035662
5.9759009E-07,0.035382
5.9764009E-07,0.035382
5.9769009E-07,0.035522
5.9774009E-07,0.035942
5.9779009E-07,0.036363
5.9784009E-07,0.037063
5.9789009E-07,0.037903
5.9794009E-07,0.038743
5.9799009E-07,0.039583
5.9804009E-07,0.040563
5.9809009E-07,0.041543
5.9814009E-07,0.042384
5.9819009E-07,0.043364
5.9824009E-07,0.044064
5.9829009E-07,0.044764
5.9834009E-07,0.045464
5.9839009E-07,0.045884
5.9844009E-07,0.046304
5.9849009E-07,0.046724
5.9854009E-07,0.046864
5.9859009E-07,0.047004
5.9864009E-07,0.047144
5.9869009E-07,0.047284
5.9874009E-07,0.047144
5.9879009E-07,0.047144
5.9884009E-07,0.047004
5.9889009E-07,0.046724
5.9894009E-07,0.046444
5.9899009E-07,0.046164
5.9904009E-07,0.045604
5.9909009E-07,0.045044
5.9914009E-07,0.044204
5.9919009E-07,0.043224
5.9924009E-07,0.042103
5.9929009E-07,0.040843
5.9934009E-07,0.039303
5.9939009E-07,0.037483
5.9944009E-07,0.035522
5.9949009E-07,0.033422
5.9954009E-07,0.031182
5.9959009E-07,0.028941
5.9964009E-07,0.026421
5.9969009E-07,0.024041
5.9974009E-07,0.021660
5.9979009E-07,0.019280
5.9984009E-07,0.017039
5.9989009E-07,0.015079
5.9994009E-07,0.013259
5.9999009E-07,0.011719
6.0004009E-07,0.010318
6.0009009E-07,0.009338
6.0014009E-07,0.008638
6.0019009E-07,0.008218
6.0024009E-07,0.007938
6.0029009E-07,0.008078
6.0034009E-07,0.008358
6.0039009E-07,0.008778
6.0044009E-07,0.009478
6.0049009E-07,0.010178
6.0054009E-07,0.010878
6.0059009E-07,0.011719
6.0064009E-07,0.012419
6.0069009E-07,0.013119
6.0074009E-07,0.013819
6.0079009E-07,0.014379
6.0084009E-07,0.014799
6.0089009E-07,0.015079
6.0094009E-07,0.015359
6.0099009E-07,0.015499
6.0104009E-07,0.015499
6.0109009E-07,0.015499
6.0114009E-07,0.015359
6.0119009E-07,0.015219
6.0124009E-07,0.015079
6.0129009E-07,0.014939
6.0134009E-07,0.014659
6.0139009E-07,0.014519
6.0144009E-07,0.014379
6.0149009E-07,0.014239
6.0154009E-07,0.014239
6.0159009E-07,0.014099
6.0164009E-07,0.013959
6.0169009E-07,0.013819
6.0174009E-07,0.013819
6.0179009E-07,0.013539
6.0184009E-07,0.013399
6.0189009E-07,0.013119
6.0194009E-07,0.012839
6.0199009E-07,0.012419
6.0204009E-07,0.011999
6.0209009E-07,0.011438
6.0214009E-07,0.011018
6.0219009E-07,0.010318
6.0224009E-07,0.009758
6.0229009E-07,0.009058
6.0234009E-07,0.008358
6.0239009E-07,0.007798
6.0244009E-07,0.007098
6.0249009E-07,0.006398
6.0254009E-07,0.005838
6.0259009E-07,0.005137
6.0264009E-07,0.004577
6.0269009E-07,0.004017
6.0274009E-07,0.003457
6.0279009E-07,0.002897
6.0284009E-07,0.002477
6.0289009E-07,0.002057
6.0294009E-07,0.001637
6.0299009E-07,0.001217
6.0304009E-07,0.000797
6.0309009E-07,0.000377
6.0314009E-07,-0.000043
6.0319009E-07,-0.000323
6.0324009E-07,-0.000744
6.0329009E-07,-0.001024
6.0334009E-07,-0.001304
6.0339009E-07,-0.001724
6.0344009E-07,-0.002004
6.0349009E-07,-0.002284
6.0354009E-07,-0.002424
6.0359009E-07,-0.002704
6.0364009E-07,-0.002844
6.0369009E-07,-0.002984
6.0374009E-07,-0.003124
6.0379009E-07,-0.003264
6.0384009E-07,-0.003264
6.0389009E-07,-0.003264
6.0394009E-07,-0.003264
6.0399009E-07,-0.003124
6.0404009E-07,-0.002984
6.0409009E-07,-0.002844
6.0414009E-07,-0.002704
6.0419009E-07,-0.002424
6.0424009E-07,-0.002004
6.0429009E-07,-0.001724
6.0434009E-07,-0.001304
6.0439009E-07,-0.000744
6.0444009E-07,-0.000323
6.0449009E-07,0.000237
6.0454009E-07,0.000797
6.0459009E-07,0.001357
6.0464009E-07,0.002057
6.0469009E-07,0.002617
6.0474009E-07,0.003177
6.0479009E-07,0.003737
6.0484009E-07,0.004297
6.0489009E-07,0.004857
6.0494009E-07,0.005277
6.0499009E-07,0.005698
6.0504009E-07,0.006258
6.0509009E-07,0.006538
6.0514009E-07,0.006958
6.0519009E-07,0.007238
6.0524009E-07,0.007658
6.0529009E-07,0.007938
6.0534009E-07,0.008218
6.0539009E-07,0.008638
6.0544009E-07,0.008918
6.0549009E-07,0.009338
6.0554009E-07,0.009758
6.0559009E-07,0.010178
6.0564009E-07,0.010598
6.0569009E-07,0.011018
6.0574009E-07,0.011578
6.0579009E-07,0.011999
6.0584009E-07,0.012419
6.0589009E-07,0.012839
6.0594009E-07,0.013259
6.0599009E-07,0.013679
6.0604009E-07,0.013959
6.0609009E-07,0.014099
6.0614009E-07,0.014099
6.0619009E-07,0.014099
6.0624009E-07,0.013959
6.0629009E-07,0.013819
6.0634009E-07,0.013399
6.0639009E-07,0.012979
6.0644009E-07,0.012419
6.0649009E-07,0.011859
6.0654009E-07,0.011158
6.0659009E-07,0.010318
6.0664009E-07,0.009478
6.0669009E-07,0.008638
6.0674009E-07,0.007798
6.0679009E-07,0.006958
6.0684009E-07,0.006118
6.0689009E-07,0.005137
6.0694009E-07,0.004297
6.0699009E-07,0.003457
6.0704009E-07,0.002617
6.0709009E-07,0.001777
6.0714009E-07,0.001077
6.0719009E-07,0.000237
6.0724009E-07,-0.000463
6.0729009E-07,-0.001164
6.0734009E-07,-0.001864
6.0739009E-07,-0.002564
6.0744009E-07,-0.003124
6.0749009E-07,-0.003684
6.0754009E-07,-0.004104
6.0759009E-07,-0.004384
6.0764009E-07,-0.004664
6.0769009E-07,-0.004804
6.0774009E-07,-0.004804
6.0779009E-07,-0.004664
6.0784009E-07,-0.004244
6.0789009E-07,-0.003684
6.0794009E-07,-0.002984
6.0799009E-07,-0.002144
6.0804009E-07,-0.001024
6.0809009E-07,0.000237
6.0814009E-07,0.001497
6.0819009E-07,0.003037
6.0824009E-07,0.004717
6.0829009E-07,0.006398
6.0834009E-07,0.008218
6.0839009E-07,0.010038
6.0844009E-07,0.011859
6.0849009E-07,0.013539
6.0854009E-07,0.015219
6.0859009E-07,0.016899
6.0864009E-07,0.018300
6.0869009E-07,0.019700
6.0874009E-07,0.020960
6.0879009E-07,0.022080
6.0884009E-07,0.022920
6.0889009E-07,0.023760
6.0894009E-07,0.024321
6.0899009E-07,0.024881
6.0904009E-07,0.025301
6.0909009E-07,0.025581
6.0914009E-07,0.025721
6.0919009E-07,0.025861
6.0924009E-07,0.025861
6.0929009E-07,0.025721
6.0934009E-07,0.025721
6.0939009E-07,0.025581
6.0944009E-07,0.025441
6.0949009E-07,0.025161
6.0954009E-07,0.025021
6.0959009E-07,0.024741
6.0964009E-07,0.024461
6.0969009E-07,0.024181
6.0974009E-07,0.023901
6.0979009E-07,0.023480
6.0984009E-07,0.023200
6.0989009E-07,0.022780
6.0994009E-07,0.022360
6.0999009E-07,0.022080
6.1004009E-07,0.021660
6.1009009E-07,0.021380
6.1014009E-07,0.020960
6.1019009E-07,0.020820
6.1024009E-07,0.020540
6.1029009E-07,0.020400
6.1034009E-07,0.020260
6.1039009E-07,0.020120
6.1044009E-07,0.020120
6.1049009E-07,0.020120
6.1054009E-07,0.020260
6.1059009E-07,0.020260
6.1064009E-07,0.020400
6.1069009E-07,0.020400
6.1074009E-07,0.020540
6.1079009E-07,0.020540
6.1084009E-07,0.020540
6.1089009E-07,0.020540
6.1094009E-07,0.020400
6.1099009E-07,0.020120
6.1104009E-07,0.019840
6.1109009E-07,0.019420
6.1114009E-07,0.019000
6.1119009E-07,0.018440
6.1124009E-07,0.017739
6.1129009E-07,0.017039
6.1134009E-07,0.016339
6.1139009E-07,0.015499
6.1144009E-07,0.014659
6.1149009E-07,0.013959
6.1154009E-07,0.013119
6.1159009E-07,0.012279
6.1164009E-07,0.011578
6.1169009E-07,0.010878
6.1174009E-07,0.010318
6.1179009E-07,0.009758
6.1184009E-07,0.009198
6.1189009E-07,0.008778
6.1194009E-07,0.008358
6.1199009E-07,0.008078
6.1204009E-07,0.007798
6.1209009E-07,0.007378
6.1214009E-07,0.007098
6.1219009E-07,0.006818
6.1224009E-07,0.006538
6.1229009E-07,0.006258
6.1234009E-07,0.005838
6.1239009E-07,0.005277
6.1244009E-07,0.004717
6.1249009E-07,0.004157
6.1254009E-07,0.003457
6.1259009E-07,0.002617
6.1264009E-07,0.001777
6.1269009E-07,0.000797
6.1274009E-07,-0.000183
6.1279009E-07,-0.001304
6.1284009E-07,-0.002424
6.1289009E-07,-0.003544
6.1294009E-07,-0.004804
6.1299009E-07,-0.006064
6.1304009E-07,-0.007185
6.1309009E-07,-0.008445
6.1314009E-07,-0.009565
6.1319009E-07,-0.010685
6.1324009E-07,-0.011805
6.1329009E-07,-0.012785
6.1334009E-07,-0.013626
6.1339009E-07,-0.014466
6.1344009E-07,-0.015166
6.1349009E-07,-0.015726
6.1354009E-07,-0.016146
6.1359009E-07,-0.016426
6.1364009E-07,-0.016566
6.1369009E-07,-0.016566
6.1374009E-07,-0.016566
6.1379009E-07,-0.016426
6.1384009E-07,-0.016146
6.1389009E-07,-0.015726
6.1394009E-07,-0.015306
6.1399009E-07,-0.014746
6.1404009E-07,-0.014186
6.1409009E-07,-0.013486
6.1414009E-07,-0.012785
6.1419009E-07,-0.012085
6.1424009E-07,-0.011385
6.1429009E-07,-0.010545
6.1434009E-07,-0.009705
6.1439009E-07,-0.008865
6.1444009E-07,-0.007885
6.1449009E-07,-0.006905
6.1454009E-07,-0.005924
6.1459009E-07,-0.004804
6.1464009E-07,-0.003544
6.1469009E-07,-0.002424
6.1474009E-07,-0.001024
6.1479009E-07,0.000377
6.1484009E-07,0.001777
6.1489009E-07,0.003317
6.1494009E-07,0.004857
6.1499009E-07,0.006398
6.1504009E-07,0.007938
6.1509009E-07,0.009338
6.1514009E-07,0.010878
6.1519009E-07,0.012279
6.1524009E-07,0.013539
6.1529009E-07,0.014799
6.1534009E-07,0.015779
6.1539009E-07,0.016759
6.1544009E-07,0.017599
6.1549009E-07,0.018160
6.1554009E-07,0.018720
6.1559009E-07,0.019000
6.1564009E-07,0.019280
6.1569009E-07,0.019420
6.1574009E-07,0.019420
6.1579009E-07,0.019280
6.1584009E-07,0.019140
6.1589009E-07,0.019000
6.1594009E-07,0.018720
6.1599009E-07,0.018300
6.1604009E-07,0.018020
6.1609009E-07,0.017599
6.1614009E-07,0.017179
6.1619009E-07,0.016759
6.1624009E-07,0.016199
6.1629009E-07,0.015639
6.1634009E-07,0.015079
6.1639009E-07,0.014519
6.1644009E-07,0.013819
6.1649009E-07,0.013119
6.1654009E-07,0.012279
6.1659009E-07,0.011438
6.1664009E-07,0.010598
6.1669009E-07,0.009758
6.1674009E-07,0.009058
6.1679009E-07,0.008218
6.1684009E-07,0.007518
6.1689009E-07,0.006958
6.1694009E-07,0.006538
6.1699009E-07,0.006258
6.1704009E-07,0.006258
6.1709009E-07,0.006398
6.1714009E-07,0.006818
6.1719009E-07,0.007378
6.1724009E-07,0.008358
6.1729009E-07,0.009478
6.1734009E-07,0.010878
6.1739009E-07,0.012559
6.1744009E-07,0.014379
6.1749009E-07,0.016479
6.1754009E-07,0.018720
6.1759009E-07,0.020960
6.1764009E-07,0.023340
6.1769009E-07,0.025721
6.1774009E-07,0.028241
6.1779009E-07,0.030622
6.1784009E-07,0.032862
6.1789009E-07,0.035102
6.1794009E-07,0.037203
6.1799009E-07,0.039163
6.1804009E-07,0.040983
6.1809009E-07,0.042664
6.1814009E-07,0.044204
6.1819009E-07,0.045464
6.1824009E-07,0.046724
6.1829009E-07,0.047704
6.1834009E-07,0.048685
6.1839009E-07,0.049385
6.1844009E-07,0.049945
6.1849009E-07,0.050505
6.1854009E-07,0.050785
6.1859009E-07,0.051065
6.1864009E-07,0.051205
6.1869009E-07,0.051205
6.1874009E-07,0.051065
6.1879009E-07,0.050925
6.1884009E-07,0.050645
6.1889009E-07,0.050225
6.1894009E-07,0.049665
6.1899009E-07,0.049105
6.1904009E-07,0.048405
6.1909009E-07,0.047704
6.1914009E-07,0.047004
6.1919009E-07,0.046164
6.1924009E-07,0.045324
6.1929009E-07,0.044624
6.1934009E-07,0.043924
6.1939009E-07,0.043224
6.1944009E-07,0.042524
6.1949009E-07,0.041963
6.1954009E-07,0.041543
6.1959009E-07,0.041123
6.1964009E-07,0.040843
6.1969009E-07,0.040703
6.1974009E-07,0.040563
6.1979009E-07,0.040423
6.1984009E-07,0.040423
6.1989009E-07,0.040423
6.1994009E-07,0.040283
6.1999009E-07,0.040283
6.2004009E-07,0.040143
6.2009009E-07,0.039863
6.2014009E-07,0.039583
6.2019009E-07,0.039023
6.2024009E-07,0.038463
6.2029009E-07,0.037763
6.2034009E-07,0.036783
6.2039009E-07,0.035802
6.2044009E-07,0.034542
6.2049009E-07,0.033142
6.2054009E-07,0.031602
6.2059009E-07,0.029921
6.2064009E-07,0.028101
6.2069009E-07,0.026141
6.2074009E-07,0.024181
6.2079009E-07,0.022080
6.2084009E-07,0.019840
6.2089009E-07,0.017599
6.2094009E-07,0.015359
6.2099009E-07,0.012979
6.2104009E-07,0.010738
6.2109009E-07,0.008358
6.2114009E-07,0.005978
6.2119009E-07,0.003737
6.2124009E-07,0.001497
6.2129009E-07,-0.000744
6.2134009E-07,-0.002844
6.2139009E-07,-0.004804
6.2144009E-07,-0.006624
6.2149009E-07,-0.008305
6.2154009E-07,-0.009845
6.2159009E-07,-0.011245
6.2164009E-07,-0.012365
6.2169009E-07,-0.013206
6.2174009E-07,-0.013766
6.2179009E-07,-0.014186
6.2184009E-07,-0.014326
6.2189009E-07,-0.014186
6.2194009E-07,-0.013766
6.2199009E-07,-0.013066
6.2204009E-07,-0.012225
6.2209009E-07,-0.010965
6.2214009E-07,-0.009705
6.2219009E-07,-0.008165
6.2224009E-07,-0.006484
6.2229009E-07,-0.004664
6.2234009E-07,-0.002844
6.2239009E-07,-0.000744
6.2244009E-07,0.001217
6.2249009E-07,0.003317
6.2254009E-07,0.005277
6.2259009E-07,0.007238
6.2264009E-07,0.009198
6.2269009E-07,0.011018
6.2274009E-07,0.012699
6.2279009E-07,0.014379
6.2284009E-07,0.015779
6.2289009E-07,0.017039
6.2294009E-07,0.018160
6.2299009E-07,0.019140
6.2304009E-07,0.019840
6.2309009E-07,0.020400
6.2314009E-07,0.020680
6.2319009E-07,0.020820
6.2324009E-07,0.020820
6.2329009E-07,0.020540
6.2334009E-07,0.020120
6.2339009E-07,0.019560
6.2344009E-07,0.019000
6.2349009E-07,0.018160
6.2354009E-07,0.017319
6.2359009E-07,0.016479
6.2364009E-07,0.015639
6.2369009E-07,0.014659
6.2374009E-07,0.013819
6.2379009E-07,0.012979
6.2384009E-07,0.012279
6.2389009E-07,0.011578
6.2394009E-07,0.011018
6.2399009E-07,0.010598
6.2404009E-07,0.010178
6.2409009E-07,0.009898
6.2414009E-07,0.009758
6.2419009E-07,0.009758
6.2424009E-07,0.009758
6.2429009E-07,0.009758
6.2434009E-07,0.009898
6.2439009E-07,0.009898
6.2444009E-07,0.010038
6.2449009E-07,0.010178
6.2454009E-07,0.010178
6.2459009E-07,0.010178
6.2464009E-07,0.010178
6.2469009E-07,0.010038
6.2474009E-07,0.009758
6.2479009E-07,0.009618
6.2484009E-07,0.009198
6.2489009E-07,0.008918
6.2494009E-07,0.008498
6.2499009E-07,0.007938
6.2504009E-07,0.007518
6.2509009E-07,0.006958
6.2514009E-07,0.006398
6.2519009E-07,0.005838
6.2524009E-07,0.005277
6.2529009E-07,0.004577
6.2534009E-07,0.003877
6.2539009E-07,0.003177
6.2544009E-07,0.002337
6.2549009E-07,0.001497
6.2554009E-07,0.000517
6.2559009E-07,-0.000603
6.2564009E-07,-0.001724
6.2569009E-07,-0.002984
6.2574009E-07,-0.004244
6.2579009E-07,-0.005644
6.2584009E-07,-0.007185
6.2589009E-07,-0.008725
6.2594009E-07,-0.010265
6.2599009E-07,-0.011945
6.2604009E-07,-0.013486
6.2609009E-07,-0.014886
6.2614009E-07,-0.016286
6.2619009E-07,-0.017546
6.2624009E-07,-0.018666
6.2629009E-07,-0.019507
6.2634009E-07,-0.020207
6.2639009E-07,-0.020627
6.2644009E-07,-0.020767
6.2649009E-07,-0.020627
6.2654009E-07,-0.020207
6.2659009E-07,-0.019647
6.2664009E-07,-0.018666
6.2669009E-07,-0.017546
6.2674009E-07,-0.016146
6.2679009E-07,-0.014606
6.2684009E-07,-0.012926
6.2689009E-07,-0.010965
6.2694009E-07,-0.009005
6.2699009E-07,-0.006905
6.2704009E-07,-0.004664
6.2709009E-07,-0.002424
6.2714009E-07,-0.000183
6.2719009E-07,0.002197
6.2724009E-07,0.004577
6.2729009E-07,0.006958
6.2734009E-07,0.009198
6.2739009E-07,0.011578
6.2744009E-07,0.013819
6.2749009E-07,0.016059
6.2754009E-07,0.018300
6.2759009E-07,0.020540
6.2764009E-07,0.022500
6.2769009E-07,0.024461
6.2774009E-07,0.026281
6.2779009E-07,0.027961
6.2784009E-07,0.029501
6.2789009E-07,0.030762
6.2794009E-07,0.031882
6.2799009E-07,0.032582
6.2804009E-07,0.033142
6.2809009E-07,0.033422
6.2814009E-07,0.033282
6.2819009E-07,0.033002
6.2824009E-07,0.032302
6.2829009E-07,0.031462
6.2834009E-07,0.030342
6.2839009E-07,0.028941
6.2844009E-07,0.027401
6.2849009E-07,0.025721
6.2854009E-07,0.024041
6.2859009E-07,0.022220
6.2864009E-07,0.020540
6.2869009E-07,0.018860
6.2874009E-07,0.017179
6.2879009E-07,0.015779
6.2884009E-07,0.014519
6.2889009E-07,0.013399
6.2894009E-07,0.012559
6.2899009E-07,0.011999
6.2904009E-07,0.011719
6.2909009E-07,0.011578
6.2914009E-07,0.011719
6.2919009E-07,0.011999
6.2924009E-07,0.012559
6.2929009E-07,0.013119
6.2934009E-07,0.013959
6.2939009E-07,0.014799
6.2944009E-07,0.015639
6.2949009E-07,0.016619
6.2954009E-07,0.017459
6.2959009E-07,0.018300
6.2964009E-07,0.019000
6.2969009E-07,0.019700
6.2974009E-07,0.020260
6.2979009E-07,0.020820
6.2984009E-07,0.021100
6.2989009E-07,0.021240
6.2994009E-07,0.021240
6.2999009E-07,0.021240
6.3004009E-07,0.020960
6.3009009E-07,0.020680
6.3014009E-07,0.020120
6.3019009E-07,0.019560
6.3024009E-07,0.018860
6.3029009E-07,0.018020
6.3034009E-07,0.017179
6.3039009E-07,0.016199
6.3044009E-07,0.015079
6.3049009E-07,0.013819
6.3054009E-07,0.012699
6.3059009E-07,0.011298
6.3064009E-07,0.009898
6.3069009E-07,0.008498
6.3074009E-07,0.007098
6.3079009E-07,0.005558
6.3084009E-07,0.004157
6.3089009E-07,0.002617
6.3094009E-07,0.001217
6.3099009E-07,-0.000183
6.3104009E-07,-0.001444
6.3109009E-07,-0.002704
6.3114009E-07,-0.003824
6.3119009E-07,-0.004804
6.3124009E-07,-0.005504
6.3129009E-07,-0.006204
6.3134009E-07,-0.006624
6.3139009E-07,-0.006765
6.3144009E-07,-0.006765
6.3149009E-07,-0.006484
6.3154009E-07,-0.006064
6.3159009E-07,-0.005364
6.3164009E-07,-0.004384
6.3169009E-07,-0.003264
6.3174009E-07,-0.002004
6.3179009E-07,-0.000603
6.3184009E-07,0.001077
6.3189009E-07,0.002757
6.3194009E-07,0.004437
6.3199009E-07,0.006258
6.3204009E-07,0.008078
6.3209009E-07,0.009898
6.3214009E-07,0.011578
6.3219009E-07,0.013119
6.3224009E-07,0.014519
6.3229009E-07,0.015919
6.3234009E-07,0.016899
6.3239009E-07,0.017880
6.3244009E-07,0.018440
6.3249009E-07,0.018860
6.3254009E-07,0.019140
6.3259009E-07,0.019140
6.3264009E-07,0.019000
6.3269009E-07,0.018720
6.3274009E-07,0.018160
6.3279009E-07,0.017599
6.3284009E-07,0.017039
6.3289009E-07,0.016339
6.3294009E-07,0.015639
6.3299009E-07,0.014939
6.3304009E-07,0.014379
6.3309009E-07,0.013819
6.3314009E-07,0.013539
6.3319009E-07,0.013119
6.3324009E-07,0.012979
6.3329009E-07,0.012979
6.3334009E-07,0.012979
6.3339009E-07,0.013119
6.3344009E-07,0.013259
6.3349009E-07,0.013539
6.3354009E-07,0.013679
6.3359009E-07,0.013819
6.3364009E-07,0.013959
6.3369009E-07,0.013959
6.3374009E-07,0.013819
6.3379009E-07,0.013539
6.3384009E-07,0.013119
6.3389009E-07,0.012419
6.3394009E-07,0.011578
6.3399009E-07,0.010598
6.3404009E-07,0.009478
6.3409009E-07,0.008078
6.3414009E-07,0.006678
6.3419009E-07,0.004997
6.3424009E-07,0.003457
6.3429009E-07,0.001637
6.3434009E-07,-0.000043
6.3439009E-07,-0.001724
6.3444009E-07,-0.003404
6.3449009E-07,-0.004944
6.3454009E-07,-0.006484
6.3459009E-07,-0.007885
6.3464009E-07,-0.009145
6.3469009E-07,-0.010265
6.3474009E-07,-0.011245
6.3479009E-07,-0.012085
6.3484009E-07,-0.012785
6.3489009E-07,-0.013346
6.3494009E-07,-0.013766
6.3499009E-07,-0.014046
6.3504009E-07,-0.014326
6.3509009E-07,-0.014326
6.3514009E-07,-0.014326
6.3519009E-07,-0.014186
6.3524009E-07,-0.013906
6.3529009E-07,-0.013626
6.3534009E-07,-0.013206
6.3539009E-07,-0.012645
6.3544009E-07,-0.011945
6.3549009E-07,-0.011245
6.3554009E-07,-0.010405
6.3559009E-07,-0.009425
6.3564009E-07,-0.008445
6.3569009E-07,-0.007465
6.3574009E-07,-0.006344
6.3579009E-07,-0.005224
6.3584009E-07,-0.004104
6.3589009E-07,-0.003124
6.3594009E-07,-0.002144
6.3599009E-07,-0.001444
6.3604009E-07,-0.000744
6.3609009E-07,-0.000323
6.3614009E-07,-0.000043
6.3619009E-07,-0.000043
6.3624009E-07,-0.000323
6.3629009E-07,-0.000884
6.3634009E-07,-0.001724
6.3639009E-07,-0.002844
6.3644009E-07,-0.004244
6.3649009E-07,-0.005784
6.3654009E-07,-0.007465
6.3659009E-07,-0.009425
6.3664009E-07,-0.011385
6.3669009E-07,-0.013346
6.3674009E-07,-0.015446
6.3679009E-07,-0.017406
6.3684009E-07,-0.019087
6.3689009E-07,-0.020767
6.3694009E-07,-0.022307
6.3699009E-07,-0.023427
6.3704009E-07,-0.024407
6.3709009E-07,-0.024967
6.3714009E-07,-0.025248
6.3719009E-07,-0.025388
6.3724009E-07,-0.025108
6.3729009E-07,-0.024547
6.3734009E-07,-0.023847
6.3739009E-07,-0.022867
6.3744009E-07,-0.021607
6.3749009E-07,-0.020347
6.3754009E-07,-0.018946
6.3759009E-07,-0.017266
6.3764009E-07,-0.015726
6.3769009E-07,-0.014046
6.3774009E-07,-0.012365
6.3779009E-07,-0.010685
6.3784009E-07,-0.009005
6.3789009E-07,-0.007325
6.3794009E-07,-0.005504
6.3799009E-07,-0.003824
6.3804009E-07,-0.002004
6.3809009E-07,-0.000323
6.3814009E-07,0.001497
6.3819009E-07,0.003457
6.3824009E-07,0.005417
6.3829009E-07,0.007378
6.3834009E-07,0.009338
6.3839009E-07,0.011438
6.3844009E-07,0.013539
6.3849009E-07,0.015639
6.3854009E-07,0.017739
6.3859009E-07,0.019840
6.3864009E-07,0.021940
6.3869009E-07,0.023901
6.3874009E-07,0.025721
6.3879009E-07,0.027401
6.3884009E-07,0.028941
6.3889009E-07,0.030202
6.3894009E-07,0.031322
6.3899009E-07,0.032302
6.3904009E-07,0.033002
6.3909009E-07,0.033562
6.3914009E-07,0.033842
6.3919009E-07,0.033842
6.3924009E-07,0.033842
6.3929009E-07,0.033562
6.3934009E-07,0.033282
6.3939009E-07,0.032862
6.3944009E-07,0.032442
6.3949009E-07,0.031882
6.3954009E-07,0.031462
6.3959009E-07,0.030902
6.3964009E-07,0.030622
6.3969009E-07,0.030202
6.3974009E-07,0.030062
6.3979009E-07,0.029921
6.3984009E-07,0.029921
6.3989009E-07,0.030062
6.3994009E-07,0.030202
6.3999009E-07,0.030622
6.4004009E-07,0.030902
6.4009009E-07,0.031322
6.4014009E-07,0.031742
6.4019009E-07,0.032162
6.4024009E-07,0.032582
6.4029009E-07,0.032862
6.4034009E-07,0.033142
6.4039009E-07,0.033282
6.4044009E-07,0.033422
6.4049009E-07,0.033282
6.4054009E-07,0.033142
6.4059009E-07,0.032862
6.4064009E-07,0.032442
6.4069009E-07,0.031882
6.4074009E-07,0.031322
6.4079009E-07,0.030622
6.4084009E-07,0.029921
6.4089009E-07,0.029221
6.4094009E-07,0.028381
6.4099009E-07,0.027681
6.4104009E-07,0.026981
6.4109009E-07,0.026421
6.4114009E-07,0.025861
6.4119009E-07,0.025441
6.4124009E-07,0.025021
6.4129009E-07,0.024741
6.4134009E-07,0.024461
6.4139009E-07,0.024321
6.4144009E-07,0.024181
6.4149009E-07,0.024041
6.4154009E-07,0.023901
6.4159009E-07,0.023760
6.4164009E-07,0.023480
6.4169009E-07,0.023060
6.4174009E-07,0.022500
6.4179009E-07,0.021940
6.4184009E-07,0.021100
6.4189009E-07,0.020120
6.4194009E-07,0.019140
6.4199009E-07,0.017880
6.4204009E-07,0.016619
6.4209009E-07,0.015219
6.4214009E-07,0.013679
6.4219009E-07,0.012139
6.4224009E-07,0.010598
6.4229009E-07,0.009058
6.4234009E-07,0.007658
6.4239009E-07,0.006258
6.4244009E-07,0.004857
6.4249009E-07,0.003737
6.4254009E-07,0.002617
6.4259009E-07,0.001497
6.4264009E-07,0.000657
6.4269009E-07,-0.000183
6.4274009E-07,-0.001024
6.4279009E-07,-0.001864
6.4284009E-07,-0.002564
6.4289009E-07,-0.003404
6.4294009E-07,-0.004244
6.4299009E-07,-0.005224
6.4304009E-07,-0.006204
6.4309009E-07,-0.007325
6.4314009E-07,-0.008585
6.4319009E-07,-0.009985
6.4324009E-07,-0.011525
6.4329009E-07,-0.013066
6.4334009E-07,-0.014746
6.4339009E-07,-0.016566
6.4344009E-07,-0.018246
6.4349009E-07,-0.019927
6.4354009E-07,-0.021607
6.4359009E-07,-0.023147
6.4364009E-07,-0.024547
6.4369009E-07,-0.025808
6.4374009E-07,-0.026928
6.4379009E-07,-0.027768
6.4384009E-07,-0.028608
6.4389009E-07,-0.029168
6.4394009E-07,-0.029588
6.4399009E-07,-0.029868
6.4404009E-07,-0.030148
6.4409009E-07,-0.030288
6.4414009E-07,-0.030288
6.4419009E-07,-0.030428
6.4424009E-07,-0.030428
6.4429009E-07,-0.030568
6.4434009E-07,-0.030708
6.4439009E-07,-0.030848
6.4444009E-07,-0.031128
6.4449009E-07,-0.031549
6.4454009E-07,-0.031829
6.4459009E-07,-0.032249
6.4464009E-07,-0.032669
6.4469009E-07,-0.033089
6.4474009E-07,-0.033369
6.4479009E-07,-0.033509
6.4484009E-07,-0.033649
6.4489009E-07,-0.033509
6.4494009E-07,-0.033229
6.4499009E-07,-0.032669
6.4504009E-07,-0.031969
6.4509009E-07,-0.031128
6.4514009E-07,-0.029868
6.4519009E-07,-0.028468
6.4524009E-07,-0.026928
6.4529009E-07,-0.025248
6.4534009E-07,-0.023287
6.4539009E-07,-0.021467
6.4544009E-07,-0.019367
6.4549009E-07,-0.017406
6.4554009E-07,-0.015306
6.4559009E-07,-0.013486
6.4564009E-07,-0.011525
6.4569009E-07,-0.009845
6.4574009E-07,-0.008165
6.4579009E-07,-0.006624
6.4584009E-07,-0.005224
6.4589009E-07,-0.003964
6.4594009E-07,-0.002844
6.4599009E-07,-0.001724
6.4604009E-07,-0.000884
6.4609009E-07,0.000097
6.4614009E-07,0.000797
6.4619009E-07,0.001637
6.4624009E-07,0.002337
6.4629009E-07,0.003177
6.4634009E-07,0.003877
6.4639009E-07,0.004717
6.4644009E-07,0.005417
6.4649009E-07,0.006118
6.4654009E-07,0.006958
6.4659009E-07,0.007658
6.4664009E-07,0.008358
6.4669009E-07,0.009058
6.4674009E-07,0.009758
6.4679009E-07,0.010318
6.4684009E-07,0.010738
6.4689009E-07,0.011298
6.4694009E-07,0.011578
6.4699009E-07,0.011999
6.4704009E-07,0.012279
6.4709009E-07,0.012419
6.4714009E-07,0.012699
6.4719009E-07,0.012839
6.4724009E-07,0.013119
6.4729009E-07,0.013399
6.4734009E-07,0.013819
6.4739009E-07,0.014239
6.4744009E-07,0.014939
6.4749009E-07,0.015779
6.4754009E-07,0.016619
6.4759009E-07,0.017880
6.4764009E-07,0.019280
6.4769009E-07,0.020820
6.4774009E-07,0.022640
6.4779009E-07,0.024601
6.4784009E-07,0.026701
6.4789009E-07,0.029081
6.4794009E-07,0.031462
6.4799009E-07,0.033982
6.4804009E-07,0.036643
6.4809009E-07,0.039163
6.4814009E-07,0.041683
6.4819009E-07,0.044204
6.4824009E-07,0.046584
6.4829009E-07,0.048685
6.4834009E-07,0.050785
6.4839009E-07,0.052465
6.4844009E-07,0.053865
6.4849009E-07,0.055126
6.4854009E-07,0.055966
6.4859009E-07,0.056666
6.4864009E-07,0.056946
6.4869009E-07,0.056946
6.4874009E-07,0.056806
6.4879009E-07,0.056246
6.4884009E-07,0.055686
6.4889009E-07,0.054846
6.4894009E-07,0.054005
6.4899009E-07,0.052885
6.4904009E-07,0.051905
6.4909009E-07,0.050785
6.4914009E-07,0.049805
6.4919009E-07,0.048685
6.4924009E-07,0.047704
6.4929009E-07,0.046724
6.4934009E-07,0.045884
6.4939009E-07,0.045044
6.4944009E-07,0.044204
6.4949009E-07,0.043364
6.4954009E-07,0.042524
6.4959009E-07,0.041543
6.4964009E-07,0.040563
6.4969009E-07,0.039583
6.4974009E-07,0.038323
6.4979009E-07,0.037063
6.4984009E-07,0.035522
6.4989009E-07,0.033982
6.4994009E-07,0.032162
6.4999009E-07,0.030202
6.5004009E-07,0.028241
6.5009009E-07,0.026001
6.5014009E-07,0.023760
6.5019009E-07,0.021520
6.5024009E-07,0.019140
6.5029009E-07,0.016899
6.5034009E-07,0.014659
6.5039009E-07,0.012559
6.5044009E-07,0.010458
6.5049009E-07,0.008498
6.5054009E-07,0.006678
6.5059009E-07,0.004997
6.5064009E-07,0.003457
6.5069009E-07,0.002057
6.5074009E-07,0.000797
6.5079009E-07,-0.000463
6.5084009E-07,-0.001584
6.5089009E-07,-0.002564
6.5094009E-07,-0.003544
6.5099009E-07,-0.004524
6.5104009E-07,-0.005504
6.5109009E-07,-0.006484
6.5114009E-07,-0.007325
6.5119009E-07,-0.008305
6.5124009E-07,-0.009145
6.5129009E-07,-0.010125
6.5134009E-07,-0.010825
6.5139009E-07,-0.011525
6.5144009E-07,-0.012085
6.5149009E-07,-0.012505
6.5154009E-07,-0.012645
6.5159009E-07,-0.012645
6.5164009E-07,-0.012365
6.5169009E-07,-0.011805
6.5174009E-07,-0.011105
6.5179009E-07,-0.009985
6.5184009E-07,-0.008725
6.5189009E-07,-0.007185
6.5194009E-07,-0.005364
6.5199009E-07,-0.003404
6.5204009E-07,-0.001444
6.5209009E-07,0.000657
6.5214009E-07,0.002897
6.5219009E-07,0.004997
6.5224009E-07,0.006958
6.5229009E-07,0.008778
6.5234009E-07,0.010458
6.5239009E-07,0.011999
6.5244009E-07,0.013259
6.5249009E-07,0.014099
6.5254009E-07,0.014939
6.5259009E-07,0.015359
6.5264009E-07,0.015499
6.5269009E-07,0.015499
6.5274009E-07,0.015359
6.5279009E-07,0.014939
6.5284009E-07,0.014519
6.5289009E-07,0.013959
6.5294009E-07,0.013399
6.5299009E-07,0.012699
6.5304009E-07,0.011999
6.5309009E-07,0.011298
6.5314009E-07,0.010458
6.5319009E-07,0.009618
6.5324009E-07,0.008778
6.5329009E-07,0.007798
6.5334009E-07,0.006538
6.5339009E-07,0.004997
6.5344009E-07,0.003317
6.5349009E-07,0.001077
6.5354009E-07,-0.001584
6.5359009E-07,-0.004804
6.5364009E-07,-0.008725
6.5369009E-07,-0.013346
6.5374009E-07,-0.018806
6.5379009E-07,-0.024967
6.5384009E-07,-0.032109
6.5389009E-07,-0.040090
6.5394009E-07,-0.049051
6.5399009E-07,-0.058853
6.5404009E-07,-0.069635
6.5409009E-07,-0.081117
6.5414009E-07,-0.093439
6.5419009E-07,-0.106461
6.5424009E-07,-0.120043
6.5429009E-07,-0.134185
6.5434009E-07,-0.148608
6.5439009E-07,-0.163450
