LECROYWaveRunner‘N,20113,Waveform
Segments,1,SegmentSize,4002
Segment,TrigTime,TimeSinceSegment1
#1,12-Dec-2018 11:31:09,0                 
Time,Ampl
4.5692725E-07,0.005314
4.5697725E-07,0.005245
4.5702725E-07,0.005245
4.5707725E-07,0.005177
4.5712725E-07,0.005177
4.5717725E-07,0.005177
4.5722725E-07,0.005245
4.5727725E-07,0.005245
4.5732725E-07,0.005245
4.5737725E-07,0.005314
4.5742725E-07,0.005314
4.5747725E-07,0.005382
4.5752725E-07,0.005451
4.5757725E-07,0.005519
4.5762725E-07,0.005656
4.5767725E-07,0.005861
4.5772725E-07,0.006135
4.5777725E-07,0.006409
4.5782725E-07,0.006751
4.5787725E-07,0.007230
4.5792725E-07,0.007709
4.5797725E-07,0.008324
4.5802725E-07,0.008940
4.5807725E-07,0.009624
4.5812725E-07,0.010308
4.5817725E-07,0.011061
4.5822725E-07,0.011745
4.5827725E-07,0.012429
4.5832725E-07,0.013114
4.5837725E-07,0.013661
4.5842725E-07,0.014140
4.5847725E-07,0.014550
4.5852725E-07,0.014824
4.5857725E-07,0.014961
4.5862725E-07,0.015029
4.5867725E-07,0.014893
4.5872725E-07,0.014687
4.5877725E-07,0.014414
4.5882725E-07,0.014003
4.5887725E-07,0.013456
4.5892725E-07,0.012908
4.5897725E-07,0.012293
4.5902725E-07,0.011608
4.5907725E-07,0.010856
4.5912725E-07,0.010172
4.5917725E-07,0.009419
4.5922725E-07,0.008666
4.5927725E-07,0.007845
4.5932725E-07,0.007093
4.5937725E-07,0.006272
4.5942725E-07,0.005451
4.5947725E-07,0.004630
4.5952725E-07,0.003809
4.5957725E-07,0.002919
4.5962725E-07,0.002030
4.5967725E-07,0.001140
4.5972725E-07,0.000182
4.5977725E-07,-0.000707
4.5982725E-07,-0.001665
4.5987725E-07,-0.002554
4.5992725E-07,-0.003444
4.5997725E-07,-0.004333
4.6002725E-07,-0.005086
4.6007725E-07,-0.005770
4.6012725E-07,-0.006386
4.6017725E-07,-0.006933
4.6022725E-07,-0.007344
4.6027725E-07,-0.007686
4.6032725E-07,-0.007891
4.6037725E-07,-0.008028
4.6042725E-07,-0.008096
4.6047725E-07,-0.008096
4.6052725E-07,-0.008028
4.6057725E-07,-0.007960
4.6062725E-07,-0.007823
4.6067725E-07,-0.007686
4.6072725E-07,-0.007618
4.6077725E-07,-0.007481
4.6082725E-07,-0.007481
4.6087725E-07,-0.007412
4.6092725E-07,-0.007481
4.6097725E-07,-0.007549
4.6102725E-07,-0.007686
4.6107725E-07,-0.007823
4.6112725E-07,-0.007960
4.6117725E-07,-0.008165
4.6122725E-07,-0.008302
4.6127725E-07,-0.008507
4.6132725E-07,-0.008644
4.6137725E-07,-0.008781
4.6142725E-07,-0.008917
4.6147725E-07,-0.009054
4.6152725E-07,-0.009123
4.6157725E-07,-0.009191
4.6162725E-07,-0.009191
4.6167725E-07,-0.009260
4.6172725E-07,-0.009328
4.6177725E-07,-0.009465
4.6182725E-07,-0.009602
4.6187725E-07,-0.009739
4.6192725E-07,-0.010012
4.6197725E-07,-0.010217
4.6202725E-07,-0.010560
4.6207725E-07,-0.010902
4.6212725E-07,-0.011244
4.6217725E-07,-0.011654
4.6222725E-07,-0.011996
4.6227725E-07,-0.012407
4.6232725E-07,-0.012749
4.6237725E-07,-0.013023
4.6242725E-07,-0.013228
4.6247725E-07,-0.013296
4.6252725E-07,-0.013365
4.6257725E-07,-0.013296
4.6262725E-07,-0.013160
4.6267725E-07,-0.012886
4.6272725E-07,-0.012544
4.6277725E-07,-0.012202
4.6282725E-07,-0.011723
4.6287725E-07,-0.011244
4.6292725E-07,-0.010765
4.6297725E-07,-0.010286
4.6302725E-07,-0.009807
4.6307725E-07,-0.009396
4.6312725E-07,-0.008986
4.6317725E-07,-0.008712
4.6322725E-07,-0.008439
4.6327725E-07,-0.008302
4.6332725E-07,-0.008165
4.6337725E-07,-0.008165
4.6342725E-07,-0.008165
4.6347725E-07,-0.008233
4.6352725E-07,-0.008302
4.6357725E-07,-0.008439
4.6362725E-07,-0.008507
4.6367725E-07,-0.008575
4.6372725E-07,-0.008644
4.6377725E-07,-0.008644
4.6382725E-07,-0.008644
4.6387725E-07,-0.008575
4.6392725E-07,-0.008439
4.6397725E-07,-0.008302
4.6402725E-07,-0.008096
4.6407725E-07,-0.007891
4.6412725E-07,-0.007618
4.6417725E-07,-0.007344
4.6422725E-07,-0.007070
4.6427725E-07,-0.006796
4.6432725E-07,-0.006523
4.6437725E-07,-0.006181
4.6442725E-07,-0.005975
4.6447725E-07,-0.005702
4.6452725E-07,-0.005428
4.6457725E-07,-0.005223
4.6462725E-07,-0.004949
4.6467725E-07,-0.004744
4.6472725E-07,-0.004470
4.6477725E-07,-0.004265
4.6482725E-07,-0.003991
4.6487725E-07,-0.003718
4.6492725E-07,-0.003444
4.6497725E-07,-0.003170
4.6502725E-07,-0.002828
4.6507725E-07,-0.002486
4.6512725E-07,-0.002076
4.6517725E-07,-0.001665
4.6522725E-07,-0.001254
4.6527725E-07,-0.000844
4.6532725E-07,-0.000365
4.6537725E-07,0.000182
4.6542725E-07,0.000730
4.6547725E-07,0.001345
4.6552725E-07,0.002030
4.6557725E-07,0.002714
4.6562725E-07,0.003466
4.6567725E-07,0.004288
4.6572725E-07,0.005177
4.6577725E-07,0.006135
4.6582725E-07,0.007161
4.6587725E-07,0.008256
4.6592725E-07,0.009419
4.6597725E-07,0.010582
4.6602725E-07,0.011745
4.6607725E-07,0.012908
4.6612725E-07,0.014072
4.6617725E-07,0.015235
4.6622725E-07,0.016329
4.6627725E-07,0.017356
4.6632725E-07,0.018245
4.6637725E-07,0.019066
4.6642725E-07,0.019819
4.6647725E-07,0.020366
4.6652725E-07,0.020845
4.6657725E-07,0.021187
4.6662725E-07,0.021392
4.6667725E-07,0.021461
4.6672725E-07,0.021461
4.6677725E-07,0.021324
4.6682725E-07,0.021119
4.6687725E-07,0.020914
4.6692725E-07,0.020640
4.6697725E-07,0.020298
4.6702725E-07,0.019956
4.6707725E-07,0.019614
4.6712725E-07,0.019271
4.6717725E-07,0.018998
4.6722725E-07,0.018656
4.6727725E-07,0.018314
4.6732725E-07,0.018040
4.6737725E-07,0.017698
4.6742725E-07,0.017424
4.6747725E-07,0.017082
4.6752725E-07,0.016740
4.6757725E-07,0.016329
4.6762725E-07,0.015919
4.6767725E-07,0.015508
4.6772725E-07,0.015029
4.6777725E-07,0.014550
4.6782725E-07,0.014003
4.6787725E-07,0.013524
4.6792725E-07,0.013045
4.6797725E-07,0.012635
4.6802725E-07,0.012224
4.6807725E-07,0.011882
4.6812725E-07,0.011608
4.6817725E-07,0.011472
4.6822725E-07,0.011403
4.6827725E-07,0.011403
4.6832725E-07,0.011540
4.6837725E-07,0.011745
4.6842725E-07,0.012019
4.6847725E-07,0.012361
4.6852725E-07,0.012772
4.6857725E-07,0.013251
4.6862725E-07,0.013661
4.6867725E-07,0.014140
4.6872725E-07,0.014619
4.6877725E-07,0.015029
4.6882725E-07,0.015440
4.6887725E-07,0.015782
4.6892725E-07,0.016056
4.6897725E-07,0.016329
4.6902725E-07,0.016535
4.6907725E-07,0.016740
4.6912725E-07,0.016945
4.6917725E-07,0.017150
4.6922725E-07,0.017356
4.6927725E-07,0.017629
4.6932725E-07,0.017971
4.6937725E-07,0.018382
4.6942725E-07,0.018861
4.6947725E-07,0.019408
4.6952725E-07,0.020092
4.6957725E-07,0.020845
4.6962725E-07,0.021735
4.6967725E-07,0.022692
4.6972725E-07,0.023650
4.6977725E-07,0.024745
4.6982725E-07,0.025840
4.6987725E-07,0.026934
4.6992725E-07,0.028098
4.6997725E-07,0.029192
4.7002725E-07,0.030219
4.7007725E-07,0.031245
4.7012725E-07,0.032203
4.7017725E-07,0.033161
4.7022725E-07,0.033982
4.7027725E-07,0.034803
4.7032725E-07,0.035555
4.7037725E-07,0.036308
4.7042725E-07,0.036992
4.7047725E-07,0.037676
4.7052725E-07,0.038361
4.7057725E-07,0.038976
4.7062725E-07,0.039661
4.7067725E-07,0.040345
4.7072725E-07,0.041097
4.7077725E-07,0.041850
4.7082725E-07,0.042603
4.7087725E-07,0.043424
4.7092725E-07,0.044245
4.7097725E-07,0.045134
4.7102725E-07,0.045955
4.7107725E-07,0.046845
4.7112725E-07,0.047734
4.7117725E-07,0.048692
4.7122725E-07,0.049581
4.7127725E-07,0.050471
4.7132725E-07,0.051360
4.7137725E-07,0.052318
4.7142725E-07,0.053276
4.7147725E-07,0.054234
4.7152725E-07,0.055192
4.7157725E-07,0.056218
4.7162725E-07,0.057244
4.7167725E-07,0.058339
4.7172725E-07,0.059434
4.7177725E-07,0.060529
4.7182725E-07,0.061692
4.7187725E-07,0.062786
4.7192725E-07,0.063950
4.7197725E-07,0.065113
4.7202725E-07,0.066276
4.7207725E-07,0.067371
4.7212725E-07,0.068465
4.7217725E-07,0.069492
4.7222725E-07,0.070449
4.7227725E-07,0.071339
4.7232725E-07,0.072091
4.7237725E-07,0.072844
4.7242725E-07,0.073460
4.7247725E-07,0.074007
4.7252725E-07,0.074486
4.7257725E-07,0.074828
4.7262725E-07,0.075102
4.7267725E-07,0.075307
4.7272725E-07,0.075444
4.7277725E-07,0.075512
4.7282725E-07,0.075512
4.7287725E-07,0.075444
4.7292725E-07,0.075307
4.7297725E-07,0.075170
4.7302725E-07,0.074897
4.7307725E-07,0.074555
4.7312725E-07,0.074212
4.7317725E-07,0.073734
4.7322725E-07,0.073255
4.7327725E-07,0.072639
4.7332725E-07,0.072023
4.7337725E-07,0.071339
4.7342725E-07,0.070586
4.7347725E-07,0.069834
4.7352725E-07,0.069013
4.7357725E-07,0.068192
4.7362725E-07,0.067302
4.7367725E-07,0.066481
4.7372725E-07,0.065592
4.7377725E-07,0.064771
4.7382725E-07,0.063950
4.7387725E-07,0.063197
4.7392725E-07,0.062444
4.7397725E-07,0.061760
4.7402725E-07,0.061076
4.7407725E-07,0.060392
4.7412725E-07,0.059776
4.7417725E-07,0.059160
4.7422725E-07,0.058476
4.7427725E-07,0.057860
4.7432725E-07,0.057244
4.7437725E-07,0.056560
4.7442725E-07,0.055808
4.7447725E-07,0.055055
4.7452725E-07,0.054302
4.7457725E-07,0.053481
4.7462725E-07,0.052660
4.7467725E-07,0.051839
4.7472725E-07,0.050950
4.7477725E-07,0.050129
4.7482725E-07,0.049308
4.7487725E-07,0.048555
4.7492725E-07,0.047871
4.7497725E-07,0.047255
4.7502725E-07,0.046708
4.7507725E-07,0.046229
4.7512725E-07,0.045818
4.7517725E-07,0.045545
4.7522725E-07,0.045339
4.7527725E-07,0.045271
4.7532725E-07,0.045203
4.7537725E-07,0.045203
4.7542725E-07,0.045203
4.7547725E-07,0.045271
4.7552725E-07,0.045339
4.7557725E-07,0.045339
4.7562725E-07,0.045408
4.7567725E-07,0.045408
4.7572725E-07,0.045339
4.7577725E-07,0.045271
4.7582725E-07,0.045203
4.7587725E-07,0.045066
4.7592725E-07,0.044929
4.7597725E-07,0.044724
4.7602725E-07,0.044587
4.7607725E-07,0.044450
4.7612725E-07,0.044381
4.7617725E-07,0.044313
4.7622725E-07,0.044313
4.7627725E-07,0.044381
4.7632725E-07,0.044518
4.7637725E-07,0.044655
4.7642725E-07,0.044929
4.7647725E-07,0.045134
4.7652725E-07,0.045408
4.7657725E-07,0.045681
4.7662725E-07,0.045887
4.7667725E-07,0.046160
4.7672725E-07,0.046297
4.7677725E-07,0.046366
4.7682725E-07,0.046366
4.7687725E-07,0.046297
4.7692725E-07,0.046092
4.7697725E-07,0.045818
4.7702725E-07,0.045476
4.7707725E-07,0.045066
4.7712725E-07,0.044518
4.7717725E-07,0.043971
4.7722725E-07,0.043424
4.7727725E-07,0.042808
4.7732725E-07,0.042260
4.7737725E-07,0.041645
4.7742725E-07,0.041166
4.7747725E-07,0.040687
4.7752725E-07,0.040276
4.7757725E-07,0.039934
4.7762725E-07,0.039661
4.7767725E-07,0.039455
4.7772725E-07,0.039318
4.7777725E-07,0.039250
4.7782725E-07,0.039182
4.7787725E-07,0.039113
4.7792725E-07,0.039045
4.7797725E-07,0.038976
4.7802725E-07,0.038908
4.7807725E-07,0.038771
4.7812725E-07,0.038634
4.7817725E-07,0.038361
4.7822725E-07,0.038087
4.7827725E-07,0.037745
4.7832725E-07,0.037334
4.7837725E-07,0.036924
4.7842725E-07,0.036445
4.7847725E-07,0.035897
4.7852725E-07,0.035350
4.7857725E-07,0.034803
4.7862725E-07,0.034255
4.7867725E-07,0.033708
4.7872725E-07,0.033161
4.7877725E-07,0.032545
4.7882725E-07,0.032066
4.7887725E-07,0.031519
4.7892725E-07,0.031040
4.7897725E-07,0.030492
4.7902725E-07,0.030082
4.7907725E-07,0.029603
4.7912725E-07,0.029124
4.7917725E-07,0.028713
4.7922725E-07,0.028234
4.7927725E-07,0.027824
4.7932725E-07,0.027413
4.7937725E-07,0.027003
4.7942725E-07,0.026592
4.7947725E-07,0.026250
4.7952725E-07,0.025908
4.7957725E-07,0.025566
4.7962725E-07,0.025292
4.7967725E-07,0.025019
4.7972725E-07,0.024745
4.7977725E-07,0.024540
4.7982725E-07,0.024403
4.7987725E-07,0.024198
4.7992725E-07,0.024061
4.7997725E-07,0.023924
4.8002725E-07,0.023856
4.8007725E-07,0.023719
4.8012725E-07,0.023582
4.8017725E-07,0.023445
4.8022725E-07,0.023240
4.8027725E-07,0.023103
4.8032725E-07,0.022898
4.8037725E-07,0.022692
4.8042725E-07,0.022487
4.8047725E-07,0.022213
4.8052725E-07,0.022008
4.8057725E-07,0.021735
4.8062725E-07,0.021529
4.8067725E-07,0.021256
4.8072725E-07,0.021050
4.8077725E-07,0.020914
4.8082725E-07,0.020708
4.8087725E-07,0.020571
4.8092725E-07,0.020435
4.8097725E-07,0.020366
4.8102725E-07,0.020298
4.8107725E-07,0.020229
4.8112725E-07,0.020229
4.8117725E-07,0.020161
4.8122725E-07,0.020161
4.8127725E-07,0.020092
4.8132725E-07,0.020024
4.8137725E-07,0.020024
4.8142725E-07,0.019956
4.8147725E-07,0.019819
4.8152725E-07,0.019750
4.8157725E-07,0.019682
4.8162725E-07,0.019545
4.8167725E-07,0.019408
4.8172725E-07,0.019340
4.8177725E-07,0.019203
4.8182725E-07,0.019135
4.8187725E-07,0.019066
4.8192725E-07,0.018929
4.8197725E-07,0.018929
4.8202725E-07,0.018861
4.8207725E-07,0.018793
4.8212725E-07,0.018793
4.8217725E-07,0.018793
4.8222725E-07,0.018793
4.8227725E-07,0.018724
4.8232725E-07,0.018724
4.8237725E-07,0.018724
4.8242725E-07,0.018656
4.8247725E-07,0.018587
4.8252725E-07,0.018587
4.8257725E-07,0.018519
4.8262725E-07,0.018450
4.8267725E-07,0.018382
4.8272725E-07,0.018382
4.8277725E-07,0.018382
4.8282725E-07,0.018382
4.8287725E-07,0.018450
4.8292725E-07,0.018587
4.8297725E-07,0.018724
4.8302725E-07,0.018929
4.8307725E-07,0.019203
4.8312725E-07,0.019545
4.8317725E-07,0.019887
4.8322725E-07,0.020229
4.8327725E-07,0.020640
4.8332725E-07,0.020982
4.8337725E-07,0.021392
4.8342725E-07,0.021735
4.8347725E-07,0.022008
4.8352725E-07,0.022282
4.8357725E-07,0.022487
4.8362725E-07,0.022692
4.8367725E-07,0.022761
4.8372725E-07,0.022761
4.8377725E-07,0.022761
4.8382725E-07,0.022692
4.8387725E-07,0.022556
4.8392725E-07,0.022350
4.8397725E-07,0.022213
4.8402725E-07,0.022008
4.8407725E-07,0.021871
4.8412725E-07,0.021666
4.8417725E-07,0.021529
4.8422725E-07,0.021392
4.8427725E-07,0.021324
4.8432725E-07,0.021256
4.8437725E-07,0.021256
4.8442725E-07,0.021256
4.8447725E-07,0.021187
4.8452725E-07,0.021187
4.8457725E-07,0.021050
4.8462725E-07,0.020982
4.8467725E-07,0.020777
4.8472725E-07,0.020503
4.8477725E-07,0.020161
4.8482725E-07,0.019750
4.8487725E-07,0.019203
4.8492725E-07,0.018587
4.8497725E-07,0.017903
4.8502725E-07,0.017082
4.8507725E-07,0.016261
4.8512725E-07,0.015372
4.8517725E-07,0.014414
4.8522725E-07,0.013524
4.8527725E-07,0.012635
4.8532725E-07,0.011745
4.8537725E-07,0.010993
4.8542725E-07,0.010240
4.8547725E-07,0.009556
4.8552725E-07,0.009008
4.8557725E-07,0.008530
4.8562725E-07,0.008119
4.8567725E-07,0.007845
4.8572725E-07,0.007640
4.8577725E-07,0.007435
4.8582725E-07,0.007366
4.8587725E-07,0.007298
4.8592725E-07,0.007230
4.8597725E-07,0.007161
4.8602725E-07,0.007093
4.8607725E-07,0.006956
4.8612725E-07,0.006887
4.8617725E-07,0.006682
4.8622725E-07,0.006545
4.8627725E-07,0.006340
4.8632725E-07,0.006066
4.8637725E-07,0.005793
4.8642725E-07,0.005519
4.8647725E-07,0.005314
4.8652725E-07,0.005040
4.8657725E-07,0.004835
4.8662725E-07,0.004630
4.8667725E-07,0.004493
4.8672725E-07,0.004424
4.8677725E-07,0.004424
4.8682725E-07,0.004493
4.8687725E-07,0.004561
4.8692725E-07,0.004698
4.8697725E-07,0.004903
4.8702725E-07,0.005177
4.8707725E-07,0.005451
4.8712725E-07,0.005724
4.8717725E-07,0.006066
4.8722725E-07,0.006409
4.8727725E-07,0.006751
4.8732725E-07,0.007024
4.8737725E-07,0.007298
4.8742725E-07,0.007572
4.8747725E-07,0.007845
4.8752725E-07,0.008051
4.8757725E-07,0.008256
4.8762725E-07,0.008393
4.8767725E-07,0.008530
4.8772725E-07,0.008666
4.8777725E-07,0.008735
4.8782725E-07,0.008872
4.8787725E-07,0.008940
4.8792725E-07,0.009008
4.8797725E-07,0.009145
4.8802725E-07,0.009282
4.8807725E-07,0.009487
4.8812725E-07,0.009624
4.8817725E-07,0.009898
4.8822725E-07,0.010172
4.8827725E-07,0.010514
4.8832725E-07,0.010856
4.8837725E-07,0.011266
4.8842725E-07,0.011745
4.8847725E-07,0.012224
4.8852725E-07,0.012772
4.8857725E-07,0.013319
4.8862725E-07,0.013866
4.8867725E-07,0.014482
4.8872725E-07,0.015098
4.8877725E-07,0.015645
4.8882725E-07,0.016193
4.8887725E-07,0.016671
4.8892725E-07,0.017150
4.8897725E-07,0.017493
4.8902725E-07,0.017835
4.8907725E-07,0.018040
4.8912725E-07,0.018245
4.8917725E-07,0.018245
4.8922725E-07,0.018245
4.8927725E-07,0.018108
4.8932725E-07,0.017903
4.8937725E-07,0.017629
4.8942725E-07,0.017356
4.8947725E-07,0.017014
4.8952725E-07,0.016603
4.8957725E-07,0.016261
4.8962725E-07,0.015919
4.8967725E-07,0.015577
4.8972725E-07,0.015303
4.8977725E-07,0.015098
4.8982725E-07,0.014961
4.8987725E-07,0.014893
4.8992725E-07,0.014961
4.8997725E-07,0.015029
4.9002725E-07,0.015235
4.9007725E-07,0.015508
4.9012725E-07,0.015919
4.9017725E-07,0.016329
4.9022725E-07,0.016808
4.9027725E-07,0.017287
4.9032725E-07,0.017835
4.9037725E-07,0.018450
4.9042725E-07,0.019066
4.9047725E-07,0.019750
4.9052725E-07,0.020366
4.9057725E-07,0.021119
4.9062725E-07,0.021871
4.9067725E-07,0.022624
4.9072725E-07,0.023513
4.9077725E-07,0.024471
4.9082725E-07,0.025566
4.9087725E-07,0.026729
4.9092725E-07,0.028029
4.9097725E-07,0.029534
4.9102725E-07,0.031108
4.9107725E-07,0.032955
4.9112725E-07,0.034871
4.9117725E-07,0.037061
4.9122725E-07,0.039318
4.9127725E-07,0.041850
4.9132725E-07,0.044450
4.9137725E-07,0.047255
4.9142725E-07,0.050197
4.9147725E-07,0.053208
4.9152725E-07,0.056423
4.9157725E-07,0.059708
4.9162725E-07,0.063128
4.9167725E-07,0.066618
4.9172725E-07,0.070244
4.9177725E-07,0.074007
4.9182725E-07,0.077907
4.9187725E-07,0.081876
4.9192725E-07,0.086118
4.9197725E-07,0.090496
4.9202725E-07,0.095012
4.9207725E-07,0.099870
4.9212725E-07,0.104933
4.9217725E-07,0.110270
4.9222725E-07,0.115949
4.9227725E-07,0.121901
4.9232725E-07,0.128196
4.9237725E-07,0.134832
4.9242725E-07,0.141880
4.9247725E-07,0.149269
4.9252725E-07,0.157000
4.9257725E-07,0.165074
4.9262725E-07,0.173558
4.9267725E-07,0.182316
4.9272725E-07,0.191484
4.9277725E-07,0.200926
4.9282725E-07,0.210710
4.9287725E-07,0.220768
4.9292725E-07,0.231167
4.9297725E-07,0.241909
4.9302725E-07,0.252925
4.9307725E-07,0.264214
4.9312725E-07,0.275914
4.9317725E-07,0.287887
4.9322725E-07,0.300134
4.9327725E-07,0.312792
4.9332725E-07,0.325792
4.9337725E-07,0.339134
4.9342725E-07,0.352818
4.9347725E-07,0.366844
4.9352725E-07,0.381212
4.9357725E-07,0.395922
4.9362725E-07,0.410974
4.9367725E-07,0.426300
4.9372725E-07,0.441969
4.9377725E-07,0.457842
4.9382725E-07,0.473921
4.9387725E-07,0.490205
4.9392725E-07,0.506625
4.9397725E-07,0.523114
4.9402725E-07,0.539672
4.9407725E-07,0.556161
4.9412725E-07,0.572719
4.9417725E-07,0.589139
4.9422725E-07,0.605492
4.9427725E-07,0.621639
4.9432725E-07,0.637649
4.9437725E-07,0.653454
4.9442725E-07,0.668985
4.9447725E-07,0.684380
4.9452725E-07,0.699432
4.9457725E-07,0.714211
4.9462725E-07,0.728784
4.9467725E-07,0.743015
4.9472725E-07,0.756973
4.9477725E-07,0.770657
4.9482725E-07,0.783999
4.9487725E-07,0.797135
4.9492725E-07,0.809862
4.9497725E-07,0.822382
4.9502725E-07,0.834561
4.9507725E-07,0.846398
4.9512725E-07,0.857892
4.9517725E-07,0.869045
4.9522725E-07,0.879923
4.9527725E-07,0.890323
4.9532725E-07,0.900449
4.9537725E-07,0.910096
4.9542725E-07,0.919333
4.9547725E-07,0.928159
4.9552725E-07,0.936506
4.9557725E-07,0.944375
4.9562725E-07,0.951764
4.9567725E-07,0.958674
4.9572725E-07,0.965038
4.9577725E-07,0.970922
4.9582725E-07,0.976190
4.9587725E-07,0.980979
4.9592725E-07,0.985221
4.9597725E-07,0.988916
4.9602725E-07,0.992063
4.9607725E-07,0.994663
4.9612725E-07,0.996716
4.9617725E-07,0.998290
4.9622725E-07,0.999316
4.9627725E-07,0.999932
4.9632725E-07,1.000000
4.9637725E-07,0.999658
4.9642725E-07,0.998837
4.9647725E-07,0.997605
4.9652725E-07,0.995895
4.9657725E-07,0.993842
4.9662725E-07,0.991448
4.9667725E-07,0.988642
4.9672725E-07,0.985495
4.9677725E-07,0.982074
4.9682725E-07,0.978243
4.9687725E-07,0.974206
4.9692725E-07,0.969827
4.9697725E-07,0.965174
4.9702725E-07,0.960317
4.9707725E-07,0.955185
4.9712725E-07,0.949848
4.9717725E-07,0.944375
4.9722725E-07,0.938696
4.9727725E-07,0.932949
4.9732725E-07,0.927065
4.9737725E-07,0.921112
4.9742725E-07,0.915091
4.9747725E-07,0.909070
4.9752725E-07,0.903049
4.9757725E-07,0.897028
4.9762725E-07,0.891007
4.9767725E-07,0.885055
4.9772725E-07,0.879171
4.9777725E-07,0.873355
4.9782725E-07,0.867539
4.9787725E-07,0.861792
4.9792725E-07,0.856045
4.9797725E-07,0.850366
4.9802725E-07,0.844619
4.9807725E-07,0.838872
4.9812725E-07,0.833124
4.9817725E-07,0.827240
4.9822725E-07,0.821356
4.9827725E-07,0.815335
4.9832725E-07,0.809177
4.9837725E-07,0.802951
4.9842725E-07,0.796657
4.9847725E-07,0.790225
4.9852725E-07,0.783725
4.9857725E-07,0.777225
4.9862725E-07,0.770589
4.9867725E-07,0.764020
4.9872725E-07,0.757520
4.9877725E-07,0.751021
4.9882725E-07,0.744658
4.9887725E-07,0.738363
4.9892725E-07,0.732274
4.9897725E-07,0.726389
4.9902725E-07,0.720642
4.9907725E-07,0.715169
4.9912725E-07,0.709900
4.9917725E-07,0.704837
4.9922725E-07,0.699979
4.9927725E-07,0.695327
4.9932725E-07,0.690811
4.9937725E-07,0.686501
4.9942725E-07,0.682259
4.9947725E-07,0.678154
4.9952725E-07,0.674117
4.9957725E-07,0.670080
4.9962725E-07,0.666112
4.9967725E-07,0.662075
4.9972725E-07,0.658038
4.9977725E-07,0.654001
4.9982725E-07,0.649896
4.9987725E-07,0.645791
4.9992725E-07,0.641617
4.9997725E-07,0.637375
5.0002725E-07,0.633202
5.0007725E-07,0.628960
5.0012725E-07,0.624718
5.0017725E-07,0.620544
5.0022725E-07,0.616302
5.0027725E-07,0.612128
5.0032725E-07,0.608023
5.0037725E-07,0.603850
5.0042725E-07,0.599745
5.0047725E-07,0.595639
5.0052725E-07,0.591534
5.0057725E-07,0.587361
5.0062725E-07,0.583119
5.0067725E-07,0.578876
5.0072725E-07,0.574429
5.0077725E-07,0.569914
5.0082725E-07,0.565261
5.0087725E-07,0.560403
5.0092725E-07,0.555409
5.0097725E-07,0.550209
5.0102725E-07,0.544872
5.0107725E-07,0.539330
5.0112725E-07,0.533651
5.0117725E-07,0.527835
5.0122725E-07,0.521883
5.0127725E-07,0.515793
5.0132725E-07,0.509704
5.0137725E-07,0.503478
5.0142725E-07,0.497320
5.0147725E-07,0.491162
5.0152725E-07,0.485005
5.0157725E-07,0.478984
5.0162725E-07,0.472963
5.0167725E-07,0.467079
5.0172725E-07,0.461263
5.0177725E-07,0.455584
5.0182725E-07,0.449905
5.0187725E-07,0.444432
5.0192725E-07,0.438958
5.0197725E-07,0.433553
5.0202725E-07,0.428148
5.0207725E-07,0.422743
5.0212725E-07,0.417406
5.0217725E-07,0.412001
5.0222725E-07,0.406527
5.0227725E-07,0.400985
5.0232725E-07,0.395375
5.0237725E-07,0.389627
5.0242725E-07,0.383812
5.0247725E-07,0.377928
5.0252725E-07,0.371975
5.0257725E-07,0.365954
5.0262725E-07,0.359865
5.0267725E-07,0.353776
5.0272725E-07,0.347618
5.0277725E-07,0.341528
5.0282725E-07,0.335507
5.0287725E-07,0.329555
5.0292725E-07,0.323739
5.0297725E-07,0.317992
5.0302725E-07,0.312518
5.0307725E-07,0.307182
5.0312725E-07,0.302050
5.0317725E-07,0.297192
5.0322725E-07,0.292540
5.0327725E-07,0.288161
5.0332725E-07,0.283987
5.0337725E-07,0.280156
5.0342725E-07,0.276530
5.0347725E-07,0.273109
5.0352725E-07,0.269961
5.0357725E-07,0.267088
5.0362725E-07,0.264351
5.0367725E-07,0.261819
5.0372725E-07,0.259493
5.0377725E-07,0.257372
5.0382725E-07,0.255388
5.0387725E-07,0.253609
5.0392725E-07,0.251899
5.0397725E-07,0.250462
5.0402725E-07,0.249093
5.0407725E-07,0.247930
5.0412725E-07,0.246972
5.0417725E-07,0.246220
5.0422725E-07,0.245604
5.0427725E-07,0.245193
5.0432725E-07,0.244988
5.0437725E-07,0.245057
5.0442725E-07,0.245262
5.0447725E-07,0.245741
5.0452725E-07,0.246425
5.0457725E-07,0.247246
5.0462725E-07,0.248272
5.0467725E-07,0.249504
5.0472725E-07,0.250804
5.0477725E-07,0.252309
5.0482725E-07,0.253814
5.0487725E-07,0.255388
5.0492725E-07,0.257030
5.0497725E-07,0.258604
5.0502725E-07,0.260177
5.0507725E-07,0.261683
5.0512725E-07,0.263051
5.0517725E-07,0.264419
5.0522725E-07,0.265651
5.0527725E-07,0.266746
5.0532725E-07,0.267772
5.0537725E-07,0.268661
5.0542725E-07,0.269414
5.0547725E-07,0.270167
5.0552725E-07,0.270851
5.0557725E-07,0.271398
5.0562725E-07,0.271946
5.0567725E-07,0.272493
5.0572725E-07,0.273040
5.0577725E-07,0.273519
5.0582725E-07,0.273998
5.0587725E-07,0.274477
5.0592725E-07,0.274956
5.0597725E-07,0.275367
5.0602725E-07,0.275777
5.0607725E-07,0.276051
5.0612725E-07,0.276256
5.0617725E-07,0.276324
5.0622725E-07,0.276256
5.0627725E-07,0.276051
5.0632725E-07,0.275640
5.0637725E-07,0.274956
5.0642725E-07,0.274135
5.0647725E-07,0.273109
5.0652725E-07,0.271809
5.0657725E-07,0.270303
5.0662725E-07,0.268661
5.0667725E-07,0.266882
5.0672725E-07,0.264898
5.0677725E-07,0.262846
5.0682725E-07,0.260725
5.0687725E-07,0.258604
5.0692725E-07,0.256414
5.0697725E-07,0.254293
5.0702725E-07,0.252241
5.0707725E-07,0.250256
5.0712725E-07,0.248409
5.0717725E-07,0.246630
5.0722725E-07,0.244988
5.0727725E-07,0.243483
5.0732725E-07,0.242046
5.0737725E-07,0.240746
5.0742725E-07,0.239446
5.0747725E-07,0.238146
5.0752725E-07,0.236915
5.0757725E-07,0.235683
5.0762725E-07,0.234383
5.0767725E-07,0.233015
5.0772725E-07,0.231578
5.0777725E-07,0.230004
5.0782725E-07,0.228362
5.0787725E-07,0.226515
5.0792725E-07,0.224599
5.0797725E-07,0.222546
5.0802725E-07,0.220425
5.0807725E-07,0.218168
5.0812725E-07,0.215773
5.0817725E-07,0.213378
5.0822725E-07,0.210915
5.0827725E-07,0.208384
5.0832725E-07,0.205920
5.0837725E-07,0.203389
5.0842725E-07,0.200857
5.0847725E-07,0.198326
5.0852725E-07,0.195794
5.0857725E-07,0.193331
5.0862725E-07,0.190800
5.0867725E-07,0.188337
5.0872725E-07,0.185805
5.0877725E-07,0.183274
5.0882725E-07,0.180742
5.0887725E-07,0.178142
5.0892725E-07,0.175542
5.0897725E-07,0.172874
5.0902725E-07,0.170137
5.0907725E-07,0.167332
5.0912725E-07,0.164527
5.0917725E-07,0.161721
5.0922725E-07,0.158916
5.0927725E-07,0.156111
5.0932725E-07,0.153374
5.0937725E-07,0.150706
5.0942725E-07,0.148106
5.0947725E-07,0.145643
5.0952725E-07,0.143385
5.0957725E-07,0.141264
5.0962725E-07,0.139417
5.0967725E-07,0.137706
5.0972725E-07,0.136269
5.0977725E-07,0.135038
5.0982725E-07,0.134080
5.0987725E-07,0.133327
5.0992725E-07,0.132780
5.0997725E-07,0.132438
5.1002725E-07,0.132232
5.1007725E-07,0.132232
5.1012725E-07,0.132301
5.1017725E-07,0.132506
5.1022725E-07,0.132711
5.1027725E-07,0.132985
5.1032725E-07,0.133259
5.1037725E-07,0.133532
5.1042725E-07,0.133738
5.1047725E-07,0.133943
5.1052725E-07,0.134080
5.1057725E-07,0.134148
5.1062725E-07,0.134217
5.1067725E-07,0.134148
5.1072725E-07,0.134148
5.1077725E-07,0.134080
5.1082725E-07,0.134011
5.1087725E-07,0.133943
5.1092725E-07,0.133943
5.1097725E-07,0.134011
5.1102725E-07,0.134148
5.1107725E-07,0.134422
5.1112725E-07,0.134696
5.1117725E-07,0.135174
5.1122725E-07,0.135722
5.1127725E-07,0.136338
5.1132725E-07,0.137090
5.1137725E-07,0.137980
5.1142725E-07,0.138869
5.1147725E-07,0.139759
5.1152725E-07,0.140716
5.1157725E-07,0.141674
5.1162725E-07,0.142564
5.1167725E-07,0.143453
5.1172725E-07,0.144274
5.1177725E-07,0.144959
5.1182725E-07,0.145506
5.1187725E-07,0.145985
5.1192725E-07,0.146327
5.1197725E-07,0.146532
5.1202725E-07,0.146601
5.1207725E-07,0.146601
5.1212725E-07,0.146464
5.1217725E-07,0.146258
5.1222725E-07,0.145916
5.1227725E-07,0.145574
5.1232725E-07,0.145232
5.1237725E-07,0.144822
5.1242725E-07,0.144411
5.1247725E-07,0.144069
5.1252725E-07,0.143659
5.1257725E-07,0.143316
5.1262725E-07,0.142906
5.1267725E-07,0.142564
5.1272725E-07,0.142222
5.1277725E-07,0.141811
5.1282725E-07,0.141401
5.1287725E-07,0.140922
5.1292725E-07,0.140306
5.1297725E-07,0.139622
5.1302725E-07,0.138869
5.1307725E-07,0.137911
5.1312725E-07,0.136817
5.1317725E-07,0.135653
5.1322725E-07,0.134217
5.1327725E-07,0.132711
5.1332725E-07,0.131069
5.1337725E-07,0.129359
5.1342725E-07,0.127511
5.1347725E-07,0.125596
5.1352725E-07,0.123612
5.1357725E-07,0.121696
5.1362725E-07,0.119712
5.1367725E-07,0.117864
5.1372725E-07,0.116017
5.1377725E-07,0.114306
5.1382725E-07,0.112733
5.1387725E-07,0.111228
5.1392725E-07,0.109928
5.1397725E-07,0.108696
5.1402725E-07,0.107601
5.1407725E-07,0.106575
5.1412725E-07,0.105686
5.1417725E-07,0.104933
5.1422725E-07,0.104180
5.1427725E-07,0.103428
5.1432725E-07,0.102744
5.1437725E-07,0.102059
5.1442725E-07,0.101307
5.1447725E-07,0.100623
5.1452725E-07,0.099801
5.1457725E-07,0.098980
5.1462725E-07,0.098159
5.1467725E-07,0.097270
5.1472725E-07,0.096380
5.1477725E-07,0.095491
5.1482725E-07,0.094602
5.1487725E-07,0.093712
5.1492725E-07,0.092891
5.1497725E-07,0.092070
5.1502725E-07,0.091386
5.1507725E-07,0.090702
5.1512725E-07,0.090154
5.1517725E-07,0.089675
5.1522725E-07,0.089265
5.1527725E-07,0.088923
5.1532725E-07,0.088649
5.1537725E-07,0.088375
5.1542725E-07,0.088102
5.1547725E-07,0.087896
5.1552725E-07,0.087623
5.1557725E-07,0.087349
5.1562725E-07,0.087007
5.1567725E-07,0.086596
5.1572725E-07,0.086118
5.1577725E-07,0.085570
5.1582725E-07,0.084954
5.1587725E-07,0.084270
5.1592725E-07,0.083518
5.1597725E-07,0.082697
5.1602725E-07,0.081944
5.1607725E-07,0.081123
5.1612725E-07,0.080370
5.1617725E-07,0.079618
5.1622725E-07,0.079002
5.1627725E-07,0.078455
5.1632725E-07,0.078044
5.1637725E-07,0.077770
5.1642725E-07,0.077702
5.1647725E-07,0.077770
5.1652725E-07,0.077976
5.1657725E-07,0.078318
5.1662725E-07,0.078797
5.1667725E-07,0.079412
5.1672725E-07,0.080165
5.1677725E-07,0.081054
5.1682725E-07,0.081944
5.1687725E-07,0.082902
5.1692725E-07,0.083860
5.1697725E-07,0.084886
5.1702725E-07,0.085775
5.1707725E-07,0.086733
5.1712725E-07,0.087554
5.1717725E-07,0.088307
5.1722725E-07,0.089060
5.1727725E-07,0.089675
5.1732725E-07,0.090223
5.1737725E-07,0.090702
5.1742725E-07,0.091112
5.1747725E-07,0.091454
5.1752725E-07,0.091796
5.1757725E-07,0.092070
5.1762725E-07,0.092275
5.1767725E-07,0.092549
5.1772725E-07,0.092754
5.1777725E-07,0.092960
5.1782725E-07,0.093096
5.1787725E-07,0.093302
5.1792725E-07,0.093507
5.1797725E-07,0.093644
5.1802725E-07,0.093781
5.1807725E-07,0.093849
5.1812725E-07,0.093917
5.1817725E-07,0.093849
5.1822725E-07,0.093781
5.1827725E-07,0.093644
5.1832725E-07,0.093370
5.1837725E-07,0.092960
5.1842725E-07,0.092549
5.1847725E-07,0.092002
5.1852725E-07,0.091386
5.1857725E-07,0.090633
5.1862725E-07,0.089881
5.1867725E-07,0.089060
5.1872725E-07,0.088170
5.1877725E-07,0.087281
5.1882725E-07,0.086391
5.1887725E-07,0.085570
5.1892725E-07,0.084749
5.1897725E-07,0.083997
5.1902725E-07,0.083381
5.1907725E-07,0.082765
5.1912725E-07,0.082286
5.1917725E-07,0.081944
5.1922725E-07,0.081602
5.1927725E-07,0.081397
5.1932725E-07,0.081260
5.1937725E-07,0.081191
5.1942725E-07,0.081191
5.1947725E-07,0.081191
5.1952725E-07,0.081191
5.1957725E-07,0.081123
5.1962725E-07,0.081123
5.1967725E-07,0.080986
5.1972725E-07,0.080781
5.1977725E-07,0.080507
5.1982725E-07,0.080165
5.1987725E-07,0.079754
5.1992725E-07,0.079207
5.1997725E-07,0.078591
5.2002725E-07,0.077907
5.2007725E-07,0.077155
5.2012725E-07,0.076402
5.2017725E-07,0.075581
5.2022725E-07,0.074760
5.2027725E-07,0.073939
5.2032725E-07,0.073186
5.2037725E-07,0.072502
5.2042725E-07,0.071886
5.2047725E-07,0.071270
5.2052725E-07,0.070792
5.2057725E-07,0.070381
5.2062725E-07,0.070039
5.2067725E-07,0.069765
5.2072725E-07,0.069560
5.2077725E-07,0.069355
5.2082725E-07,0.069149
5.2087725E-07,0.069013
5.2092725E-07,0.068807
5.2097725E-07,0.068670
5.2102725E-07,0.068397
5.2107725E-07,0.068123
5.2112725E-07,0.067849
5.2117725E-07,0.067507
5.2122725E-07,0.067097
5.2127725E-07,0.066686
5.2132725E-07,0.066344
5.2137725E-07,0.065934
5.2142725E-07,0.065592
5.2147725E-07,0.065318
5.2152725E-07,0.065181
5.2157725E-07,0.065113
5.2162725E-07,0.065181
5.2167725E-07,0.065455
5.2172725E-07,0.065865
5.2177725E-07,0.066481
5.2182725E-07,0.067234
5.2187725E-07,0.068192
5.2192725E-07,0.069286
5.2197725E-07,0.070586
5.2202725E-07,0.071886
5.2207725E-07,0.073323
5.2212725E-07,0.074828
5.2217725E-07,0.076334
5.2222725E-07,0.077770
5.2227725E-07,0.079139
5.2232725E-07,0.080439
5.2237725E-07,0.081670
5.2242725E-07,0.082697
5.2247725E-07,0.083586
5.2252725E-07,0.084339
5.2257725E-07,0.084886
5.2262725E-07,0.085228
5.2267725E-07,0.085433
5.2272725E-07,0.085570
5.2277725E-07,0.085502
5.2282725E-07,0.085365
5.2287725E-07,0.085160
5.2292725E-07,0.084954
5.2297725E-07,0.084681
5.2302725E-07,0.084407
5.2307725E-07,0.084202
5.2312725E-07,0.083997
5.2317725E-07,0.083860
5.2322725E-07,0.083723
5.2327725E-07,0.083654
5.2332725E-07,0.083654
5.2337725E-07,0.083654
5.2342725E-07,0.083586
5.2347725E-07,0.083586
5.2352725E-07,0.083518
5.2357725E-07,0.083381
5.2362725E-07,0.083175
5.2367725E-07,0.082833
5.2372725E-07,0.082423
5.2377725E-07,0.081876
5.2382725E-07,0.081123
5.2387725E-07,0.080233
5.2392725E-07,0.079276
5.2397725E-07,0.078112
5.2402725E-07,0.076812
5.2407725E-07,0.075444
5.2412725E-07,0.073939
5.2417725E-07,0.072365
5.2422725E-07,0.070792
5.2427725E-07,0.069149
5.2432725E-07,0.067439
5.2437725E-07,0.065797
5.2442725E-07,0.064155
5.2447725E-07,0.062581
5.2452725E-07,0.061007
5.2457725E-07,0.059502
5.2462725E-07,0.057997
5.2467725E-07,0.056629
5.2472725E-07,0.055192
5.2477725E-07,0.053892
5.2482725E-07,0.052523
5.2487725E-07,0.051223
5.2492725E-07,0.049923
5.2497725E-07,0.048624
5.2502725E-07,0.047255
5.2507725E-07,0.045955
5.2512725E-07,0.044587
5.2517725E-07,0.043287
5.2522725E-07,0.041918
5.2527725E-07,0.040618
5.2532725E-07,0.039318
5.2537725E-07,0.038087
5.2542725E-07,0.036924
5.2547725E-07,0.035829
5.2552725E-07,0.034803
5.2557725E-07,0.033982
5.2562725E-07,0.033229
5.2567725E-07,0.032613
5.2572725E-07,0.032134
5.2577725E-07,0.031861
5.2582725E-07,0.031792
5.2587725E-07,0.031792
5.2592725E-07,0.031998
5.2597725E-07,0.032271
5.2602725E-07,0.032682
5.2607725E-07,0.033229
5.2612725E-07,0.033776
5.2617725E-07,0.034392
5.2622725E-07,0.035076
5.2627725E-07,0.035692
5.2632725E-07,0.036308
5.2637725E-07,0.036924
5.2642725E-07,0.037403
5.2647725E-07,0.037882
5.2652725E-07,0.038224
5.2657725E-07,0.038566
5.2662725E-07,0.038771
5.2667725E-07,0.038976
5.2672725E-07,0.039113
5.2677725E-07,0.039250
5.2682725E-07,0.039387
5.2687725E-07,0.039592
5.2692725E-07,0.039797
5.2697725E-07,0.040071
5.2702725E-07,0.040413
5.2707725E-07,0.040892
5.2712725E-07,0.041439
5.2717725E-07,0.042124
5.2722725E-07,0.042945
5.2727725E-07,0.043834
5.2732725E-07,0.044792
5.2737725E-07,0.045818
5.2742725E-07,0.046981
5.2747725E-07,0.048076
5.2752725E-07,0.049239
5.2757725E-07,0.050334
5.2762725E-07,0.051429
5.2767725E-07,0.052455
5.2772725E-07,0.053413
5.2777725E-07,0.054234
5.2782725E-07,0.054987
5.2787725E-07,0.055602
5.2792725E-07,0.056150
5.2797725E-07,0.056560
5.2802725E-07,0.056971
5.2807725E-07,0.057244
5.2812725E-07,0.057587
5.2817725E-07,0.057860
5.2822725E-07,0.058202
5.2827725E-07,0.058613
5.2832725E-07,0.059092
5.2837725E-07,0.059639
5.2842725E-07,0.060392
5.2847725E-07,0.061213
5.2852725E-07,0.062239
5.2857725E-07,0.063402
5.2862725E-07,0.064634
5.2867725E-07,0.066071
5.2872725E-07,0.067576
5.2877725E-07,0.069218
5.2882725E-07,0.070860
5.2887725E-07,0.072570
5.2892725E-07,0.074281
5.2897725E-07,0.075991
5.2902725E-07,0.077633
5.2907725E-07,0.079139
5.2912725E-07,0.080644
5.2917725E-07,0.081944
5.2922725E-07,0.083175
5.2927725E-07,0.084270
5.2932725E-07,0.085228
5.2937725E-07,0.086118
5.2942725E-07,0.086802
5.2947725E-07,0.087418
5.2952725E-07,0.087965
5.2957725E-07,0.088375
5.2962725E-07,0.088786
5.2967725E-07,0.089128
5.2972725E-07,0.089402
5.2977725E-07,0.089675
5.2982725E-07,0.089881
5.2987725E-07,0.090086
5.2992725E-07,0.090291
5.2997725E-07,0.090428
5.3002725E-07,0.090496
5.3007725E-07,0.090496
5.3012725E-07,0.090496
5.3017725E-07,0.090291
5.3022725E-07,0.090017
5.3027725E-07,0.089675
5.3032725E-07,0.089128
5.3037725E-07,0.088444
5.3042725E-07,0.087623
5.3047725E-07,0.086596
5.3052725E-07,0.085502
5.3057725E-07,0.084202
5.3062725E-07,0.082833
5.3067725E-07,0.081328
5.3072725E-07,0.079754
5.3077725E-07,0.078181
5.3082725E-07,0.076539
5.3087725E-07,0.074828
5.3092725E-07,0.073255
5.3097725E-07,0.071613
5.3102725E-07,0.070107
5.3107725E-07,0.068670
5.3112725E-07,0.067302
5.3117725E-07,0.066071
5.3122725E-07,0.064907
5.3127725E-07,0.063813
5.3132725E-07,0.062855
5.3137725E-07,0.061965
5.3142725E-07,0.061076
5.3147725E-07,0.060255
5.3152725E-07,0.059502
5.3157725E-07,0.058681
5.3162725E-07,0.057860
5.3167725E-07,0.056971
5.3172725E-07,0.056013
5.3177725E-07,0.055055
5.3182725E-07,0.053960
5.3187725E-07,0.052729
5.3192725E-07,0.051497
5.3197725E-07,0.050129
5.3202725E-07,0.048692
5.3207725E-07,0.047255
5.3212725E-07,0.045681
5.3217725E-07,0.044176
5.3222725E-07,0.042603
5.3227725E-07,0.041029
5.3232725E-07,0.039524
5.3237725E-07,0.038087
5.3242725E-07,0.036650
5.3247725E-07,0.035350
5.3252725E-07,0.034119
5.3257725E-07,0.033024
5.3262725E-07,0.031929
5.3267725E-07,0.030971
5.3272725E-07,0.030082
5.3277725E-07,0.029329
5.3282725E-07,0.028577
5.3287725E-07,0.027824
5.3292725E-07,0.027140
5.3297725E-07,0.026456
5.3302725E-07,0.025771
5.3307725E-07,0.025087
5.3312725E-07,0.024335
5.3317725E-07,0.023582
5.3322725E-07,0.022761
5.3327725E-07,0.021940
5.3332725E-07,0.021119
5.3337725E-07,0.020229
5.3342725E-07,0.019408
5.3347725E-07,0.018587
5.3352725E-07,0.017766
5.3357725E-07,0.017082
5.3362725E-07,0.016466
5.3367725E-07,0.015987
5.3372725E-07,0.015645
5.3377725E-07,0.015440
5.3382725E-07,0.015508
5.3387725E-07,0.015645
5.3392725E-07,0.016056
5.3397725E-07,0.016603
5.3402725E-07,0.017424
5.3407725E-07,0.018314
5.3412725E-07,0.019408
5.3417725E-07,0.020640
5.3422725E-07,0.021940
5.3427725E-07,0.023377
5.3432725E-07,0.024813
5.3437725E-07,0.026250
5.3442725E-07,0.027755
5.3447725E-07,0.029192
5.3452725E-07,0.030561
5.3457725E-07,0.031861
5.3462725E-07,0.033092
5.3467725E-07,0.034255
5.3472725E-07,0.035350
5.3477725E-07,0.036308
5.3482725E-07,0.037197
5.3487725E-07,0.038087
5.3492725E-07,0.038908
5.3497725E-07,0.039661
5.3502725E-07,0.040413
5.3507725E-07,0.041166
5.3512725E-07,0.041987
5.3517725E-07,0.042808
5.3522725E-07,0.043629
5.3527725E-07,0.044518
5.3532725E-07,0.045476
5.3537725E-07,0.046434
5.3542725E-07,0.047392
5.3547725E-07,0.048418
5.3552725E-07,0.049445
5.3557725E-07,0.050471
5.3562725E-07,0.051429
5.3567725E-07,0.052387
5.3572725E-07,0.053208
5.3577725E-07,0.053960
5.3582725E-07,0.054644
5.3587725E-07,0.055260
5.3592725E-07,0.055739
5.3597725E-07,0.056150
5.3602725E-07,0.056355
5.3607725E-07,0.056560
5.3612725E-07,0.056629
5.3617725E-07,0.056629
5.3622725E-07,0.056560
5.3627725E-07,0.056492
5.3632725E-07,0.056355
5.3637725E-07,0.056150
5.3642725E-07,0.056013
5.3647725E-07,0.055808
5.3652725E-07,0.055602
5.3657725E-07,0.055465
5.3662725E-07,0.055260
5.3667725E-07,0.055055
5.3672725E-07,0.054918
5.3677725E-07,0.054713
5.3682725E-07,0.054508
5.3687725E-07,0.054234
5.3692725E-07,0.053892
5.3697725E-07,0.053550
5.3702725E-07,0.053139
5.3707725E-07,0.052660
5.3712725E-07,0.052045
5.3717725E-07,0.051429
5.3722725E-07,0.050745
5.3727725E-07,0.049992
5.3732725E-07,0.049171
5.3737725E-07,0.048350
5.3742725E-07,0.047529
5.3747725E-07,0.046639
5.3752725E-07,0.045887
5.3757725E-07,0.045066
5.3762725E-07,0.044381
5.3767725E-07,0.043697
5.3772725E-07,0.043150
5.3777725E-07,0.042671
5.3782725E-07,0.042260
5.3787725E-07,0.041987
5.3792725E-07,0.041782
5.3797725E-07,0.041645
5.3802725E-07,0.041576
5.3807725E-07,0.041576
5.3812725E-07,0.041576
5.3817725E-07,0.041576
5.3822725E-07,0.041645
5.3827725E-07,0.041713
5.3832725E-07,0.041713
5.3837725E-07,0.041645
5.3842725E-07,0.041576
5.3847725E-07,0.041439
5.3852725E-07,0.041303
5.3857725E-07,0.041097
5.3862725E-07,0.040824
5.3867725E-07,0.040482
5.3872725E-07,0.040208
5.3877725E-07,0.039866
5.3882725E-07,0.039455
5.3887725E-07,0.039113
5.3892725E-07,0.038771
5.3897725E-07,0.038497
5.3902725E-07,0.038224
5.3907725E-07,0.037950
5.3912725E-07,0.037813
5.3917725E-07,0.037608
5.3922725E-07,0.037540
5.3927725E-07,0.037403
5.3932725E-07,0.037403
5.3937725E-07,0.037334
5.3942725E-07,0.037266
5.3947725E-07,0.037197
5.3952725E-07,0.037129
5.3957725E-07,0.036992
5.3962725E-07,0.036855
5.3967725E-07,0.036582
5.3972725E-07,0.036308
5.3977725E-07,0.035897
5.3982725E-07,0.035419
5.3987725E-07,0.034871
5.3992725E-07,0.034255
5.3997725E-07,0.033640
5.4002725E-07,0.032887
5.4007725E-07,0.032134
5.4012725E-07,0.031313
5.4017725E-07,0.030492
5.4022725E-07,0.029740
5.4027725E-07,0.028987
5.4032725E-07,0.028234
5.4037725E-07,0.027550
5.4042725E-07,0.027003
5.4047725E-07,0.026524
5.4052725E-07,0.026113
5.4057725E-07,0.025840
5.4062725E-07,0.025634
5.4067725E-07,0.025566
5.4072725E-07,0.025634
5.4077725E-07,0.025703
5.4082725E-07,0.025908
5.4087725E-07,0.026113
5.4092725E-07,0.026387
5.4097725E-07,0.026729
5.4102725E-07,0.027003
5.4107725E-07,0.027277
5.4112725E-07,0.027550
5.4117725E-07,0.027755
5.4122725E-07,0.027961
5.4127725E-07,0.028029
5.4132725E-07,0.028098
5.4137725E-07,0.028098
5.4142725E-07,0.027961
5.4147725E-07,0.027824
5.4152725E-07,0.027687
5.4157725E-07,0.027482
5.4162725E-07,0.027277
5.4167725E-07,0.027071
5.4172725E-07,0.026866
5.4177725E-07,0.026729
5.4182725E-07,0.026661
5.4187725E-07,0.026592
5.4192725E-07,0.026661
5.4197725E-07,0.026729
5.4202725E-07,0.026934
5.4207725E-07,0.027208
5.4212725E-07,0.027550
5.4217725E-07,0.027892
5.4222725E-07,0.028303
5.4227725E-07,0.028713
5.4232725E-07,0.029124
5.4237725E-07,0.029534
5.4242725E-07,0.029877
5.4247725E-07,0.030219
5.4252725E-07,0.030492
5.4257725E-07,0.030629
5.4262725E-07,0.030766
5.4267725E-07,0.030834
5.4272725E-07,0.030903
5.4277725E-07,0.030834
5.4282725E-07,0.030766
5.4287725E-07,0.030629
5.4292725E-07,0.030561
5.4297725E-07,0.030424
5.4302725E-07,0.030355
5.4307725E-07,0.030287
5.4312725E-07,0.030287
5.4317725E-07,0.030355
5.4322725E-07,0.030492
5.4327725E-07,0.030698
5.4332725E-07,0.030903
5.4337725E-07,0.031176
5.4342725E-07,0.031519
5.4347725E-07,0.031929
5.4352725E-07,0.032271
5.4357725E-07,0.032613
5.4362725E-07,0.032955
5.4367725E-07,0.033297
5.4372725E-07,0.033503
5.4377725E-07,0.033708
5.4382725E-07,0.033845
5.4387725E-07,0.033845
5.4392725E-07,0.033845
5.4397725E-07,0.033708
5.4402725E-07,0.033503
5.4407725E-07,0.033297
5.4412725E-07,0.033092
5.4417725E-07,0.032819
5.4422725E-07,0.032545
5.4427725E-07,0.032340
5.4432725E-07,0.032203
5.4437725E-07,0.032066
5.4442725E-07,0.032066
5.4447725E-07,0.032066
5.4452725E-07,0.032203
5.4457725E-07,0.032408
5.4462725E-07,0.032682
5.4467725E-07,0.033024
5.4472725E-07,0.033434
5.4477725E-07,0.033845
5.4482725E-07,0.034255
5.4487725E-07,0.034734
5.4492725E-07,0.035145
5.4497725E-07,0.035487
5.4502725E-07,0.035761
5.4507725E-07,0.035966
5.4512725E-07,0.036034
5.4517725E-07,0.036034
5.4522725E-07,0.035966
5.4527725E-07,0.035829
5.4532725E-07,0.035555
5.4537725E-07,0.035213
5.4542725E-07,0.034803
5.4547725E-07,0.034324
5.4552725E-07,0.033845
5.4557725E-07,0.033366
5.4562725E-07,0.032887
5.4567725E-07,0.032476
5.4572725E-07,0.032066
5.4577725E-07,0.031724
5.4582725E-07,0.031382
5.4587725E-07,0.031176
5.4592725E-07,0.031040
5.4597725E-07,0.030903
5.4602725E-07,0.030903
5.4607725E-07,0.030903
5.4612725E-07,0.030971
5.4617725E-07,0.031040
5.4622725E-07,0.031108
5.4627725E-07,0.031176
5.4632725E-07,0.031245
5.4637725E-07,0.031313
5.4642725E-07,0.031313
5.4647725E-07,0.031245
5.4652725E-07,0.031176
5.4657725E-07,0.030971
5.4662725E-07,0.030766
5.4667725E-07,0.030561
5.4672725E-07,0.030219
5.4677725E-07,0.029877
5.4682725E-07,0.029534
5.4687725E-07,0.029124
5.4692725E-07,0.028782
5.4697725E-07,0.028440
5.4702725E-07,0.028098
5.4707725E-07,0.027755
5.4712725E-07,0.027482
5.4717725E-07,0.027277
5.4722725E-07,0.027140
5.4727725E-07,0.027071
5.4732725E-07,0.027071
5.4737725E-07,0.027140
5.4742725E-07,0.027277
5.4747725E-07,0.027482
5.4752725E-07,0.027755
5.4757725E-07,0.028029
5.4762725E-07,0.028371
5.4767725E-07,0.028713
5.4772725E-07,0.029124
5.4777725E-07,0.029466
5.4782725E-07,0.029808
5.4787725E-07,0.030150
5.4792725E-07,0.030424
5.4797725E-07,0.030629
5.4802725E-07,0.030766
5.4807725E-07,0.030834
5.4812725E-07,0.030903
5.4817725E-07,0.030834
5.4822725E-07,0.030698
5.4827725E-07,0.030561
5.4832725E-07,0.030355
5.4837725E-07,0.030082
5.4842725E-07,0.029808
5.4847725E-07,0.029466
5.4852725E-07,0.029124
5.4857725E-07,0.028850
5.4862725E-07,0.028577
5.4867725E-07,0.028303
5.4872725E-07,0.028098
5.4877725E-07,0.027892
5.4882725E-07,0.027824
5.4887725E-07,0.027755
5.4892725E-07,0.027755
5.4897725E-07,0.027755
5.4902725E-07,0.027824
5.4907725E-07,0.027892
5.4912725E-07,0.028029
5.4917725E-07,0.028166
5.4922725E-07,0.028303
5.4927725E-07,0.028440
5.4932725E-07,0.028508
5.4937725E-07,0.028645
5.4942725E-07,0.028645
5.4947725E-07,0.028713
5.4952725E-07,0.028713
5.4957725E-07,0.028713
5.4962725E-07,0.028713
5.4967725E-07,0.028713
5.4972725E-07,0.028713
5.4977725E-07,0.028782
5.4982725E-07,0.028850
5.4987725E-07,0.028987
5.4992725E-07,0.029192
5.4997725E-07,0.029534
5.5002725E-07,0.029877
5.5007725E-07,0.030287
5.5012725E-07,0.030834
5.5017725E-07,0.031382
5.5022725E-07,0.032066
5.5027725E-07,0.032750
5.5032725E-07,0.033434
5.5037725E-07,0.034187
5.5042725E-07,0.034871
5.5047725E-07,0.035555
5.5052725E-07,0.036240
5.5057725E-07,0.036787
5.5062725E-07,0.037334
5.5067725E-07,0.037745
5.5072725E-07,0.038087
5.5077725E-07,0.038292
5.5082725E-07,0.038497
5.5087725E-07,0.038566
5.5092725E-07,0.038634
5.5097725E-07,0.038566
5.5102725E-07,0.038566
5.5107725E-07,0.038497
5.5112725E-07,0.038429
5.5117725E-07,0.038361
5.5122725E-07,0.038292
5.5127725E-07,0.038292
5.5132725E-07,0.038292
5.5137725E-07,0.038361
5.5142725E-07,0.038497
5.5147725E-07,0.038566
5.5152725E-07,0.038771
5.5157725E-07,0.038908
5.5162725E-07,0.039045
5.5167725E-07,0.039113
5.5172725E-07,0.039182
5.5177725E-07,0.039182
5.5182725E-07,0.039113
5.5187725E-07,0.038976
5.5192725E-07,0.038703
5.5197725E-07,0.038361
5.5202725E-07,0.037950
5.5207725E-07,0.037403
5.5212725E-07,0.036855
5.5217725E-07,0.036171
5.5222725E-07,0.035487
5.5227725E-07,0.034803
5.5232725E-07,0.034050
5.5237725E-07,0.033297
5.5242725E-07,0.032613
5.5247725E-07,0.031929
5.5252725E-07,0.031313
5.5257725E-07,0.030698
5.5262725E-07,0.030219
5.5267725E-07,0.029740
5.5272725E-07,0.029261
5.5277725E-07,0.028850
5.5282725E-07,0.028508
5.5287725E-07,0.028166
5.5292725E-07,0.027755
5.5297725E-07,0.027413
5.5302725E-07,0.027003
5.5307725E-07,0.026524
5.5312725E-07,0.025977
5.5317725E-07,0.025429
5.5322725E-07,0.024745
5.5327725E-07,0.024061
5.5332725E-07,0.023308
5.5337725E-07,0.022487
5.5342725E-07,0.021598
5.5347725E-07,0.020708
5.5352725E-07,0.019819
5.5357725E-07,0.018998
5.5362725E-07,0.018108
5.5367725E-07,0.017287
5.5372725E-07,0.016535
5.5377725E-07,0.015782
5.5382725E-07,0.015166
5.5387725E-07,0.014619
5.5392725E-07,0.014140
5.5397725E-07,0.013729
5.5402725E-07,0.013387
5.5407725E-07,0.013114
5.5412725E-07,0.012908
5.5417725E-07,0.012772
5.5422725E-07,0.012635
5.5427725E-07,0.012498
5.5432725E-07,0.012361
5.5437725E-07,0.012293
5.5442725E-07,0.012156
5.5447725E-07,0.012019
5.5452725E-07,0.011814
5.5457725E-07,0.011608
5.5462725E-07,0.011335
5.5467725E-07,0.011061
5.5472725E-07,0.010719
5.5477725E-07,0.010377
5.5482725E-07,0.009966
5.5487725E-07,0.009556
5.5492725E-07,0.009145
5.5497725E-07,0.008666
5.5502725E-07,0.008256
5.5507725E-07,0.007845
5.5512725E-07,0.007435
5.5517725E-07,0.007093
5.5522725E-07,0.006819
5.5527725E-07,0.006545
5.5532725E-07,0.006272
5.5537725E-07,0.006135
5.5542725E-07,0.006066
5.5547725E-07,0.005998
5.5552725E-07,0.005998
5.5557725E-07,0.006135
5.5562725E-07,0.006272
5.5567725E-07,0.006477
5.5572725E-07,0.006682
5.5577725E-07,0.006956
5.5582725E-07,0.007298
5.5587725E-07,0.007640
5.5592725E-07,0.007982
5.5597725E-07,0.008393
5.5602725E-07,0.008803
5.5607725E-07,0.009145
5.5612725E-07,0.009556
5.5617725E-07,0.009898
5.5622725E-07,0.010240
5.5627725E-07,0.010582
5.5632725E-07,0.010856
5.5637725E-07,0.011129
5.5642725E-07,0.011472
5.5647725E-07,0.011745
5.5652725E-07,0.012019
5.5657725E-07,0.012293
5.5662725E-07,0.012635
5.5667725E-07,0.012908
5.5672725E-07,0.013251
5.5677725E-07,0.013661
5.5682725E-07,0.014072
5.5687725E-07,0.014482
5.5692725E-07,0.014893
5.5697725E-07,0.015372
5.5702725E-07,0.015919
5.5707725E-07,0.016398
5.5712725E-07,0.016877
5.5717725E-07,0.017424
5.5722725E-07,0.017903
5.5727725E-07,0.018382
5.5732725E-07,0.018793
5.5737725E-07,0.019203
5.5742725E-07,0.019614
5.5747725E-07,0.019956
5.5752725E-07,0.020229
5.5757725E-07,0.020435
5.5762725E-07,0.020640
5.5767725E-07,0.020845
5.5772725E-07,0.020982
5.5777725E-07,0.021050
5.5782725E-07,0.021187
5.5787725E-07,0.021324
5.5792725E-07,0.021392
5.5797725E-07,0.021529
5.5802725E-07,0.021666
5.5807725E-07,0.021871
5.5812725E-07,0.022077
5.5817725E-07,0.022282
5.5822725E-07,0.022556
5.5827725E-07,0.022829
5.5832725E-07,0.023171
5.5837725E-07,0.023513
5.5842725E-07,0.023856
5.5847725E-07,0.024198
5.5852725E-07,0.024540
5.5857725E-07,0.024882
5.5862725E-07,0.025224
5.5867725E-07,0.025566
5.5872725E-07,0.025977
5.5877725E-07,0.026319
5.5882725E-07,0.026661
5.5887725E-07,0.027071
5.5892725E-07,0.027482
5.5897725E-07,0.027892
5.5902725E-07,0.028371
5.5907725E-07,0.028919
5.5912725E-07,0.029466
5.5917725E-07,0.030150
5.5922725E-07,0.030834
5.5927725E-07,0.031587
5.5932725E-07,0.032408
5.5937725E-07,0.033229
5.5942725E-07,0.034119
5.5947725E-07,0.035076
5.5952725E-07,0.035966
5.5957725E-07,0.036855
5.5962725E-07,0.037676
5.5967725E-07,0.038429
5.5972725E-07,0.039113
5.5977725E-07,0.039729
5.5982725E-07,0.040208
5.5987725E-07,0.040550
5.5992725E-07,0.040824
5.5997725E-07,0.040892
5.6002725E-07,0.040892
5.6007725E-07,0.040755
5.6012725E-07,0.040482
5.6017725E-07,0.040071
5.6022725E-07,0.039661
5.6027725E-07,0.039113
5.6032725E-07,0.038497
5.6037725E-07,0.037813
5.6042725E-07,0.037129
5.6047725E-07,0.036445
5.6052725E-07,0.035692
5.6057725E-07,0.034940
5.6062725E-07,0.034255
5.6067725E-07,0.033503
5.6072725E-07,0.032682
5.6077725E-07,0.031929
5.6082725E-07,0.031108
5.6087725E-07,0.030219
5.6092725E-07,0.029329
5.6097725E-07,0.028303
5.6102725E-07,0.027208
5.6107725E-07,0.026045
5.6112725E-07,0.024813
5.6117725E-07,0.023445
5.6122725E-07,0.022008
5.6127725E-07,0.020503
5.6132725E-07,0.018929
5.6137725E-07,0.017219
5.6142725E-07,0.015508
5.6147725E-07,0.013798
5.6152725E-07,0.012019
5.6157725E-07,0.010308
5.6162725E-07,0.008598
5.6167725E-07,0.006956
5.6172725E-07,0.005382
5.6177725E-07,0.003945
5.6182725E-07,0.002577
5.6187725E-07,0.001345
5.6192725E-07,0.000182
5.6197725E-07,-0.000776
5.6202725E-07,-0.001597
5.6207725E-07,-0.002281
5.6212725E-07,-0.002828
5.6217725E-07,-0.003239
5.6222725E-07,-0.003512
5.6227725E-07,-0.003718
5.6232725E-07,-0.003718
5.6237725E-07,-0.003649
5.6242725E-07,-0.003444
5.6247725E-07,-0.003170
5.6252725E-07,-0.002828
5.6257725E-07,-0.002349
5.6262725E-07,-0.001870
5.6267725E-07,-0.001254
5.6272725E-07,-0.000570
5.6277725E-07,0.000182
5.6282725E-07,0.000935
5.6287725E-07,0.001824
5.6292725E-07,0.002714
5.6297725E-07,0.003603
5.6302725E-07,0.004561
5.6307725E-07,0.005587
5.6312725E-07,0.006545
5.6317725E-07,0.007572
5.6322725E-07,0.008530
5.6327725E-07,0.009556
5.6332725E-07,0.010514
5.6337725E-07,0.011472
5.6342725E-07,0.012429
5.6347725E-07,0.013319
5.6352725E-07,0.014208
5.6357725E-07,0.015029
5.6362725E-07,0.015850
5.6367725E-07,0.016603
5.6372725E-07,0.017287
5.6377725E-07,0.017971
5.6382725E-07,0.018587
5.6387725E-07,0.019135
5.6392725E-07,0.019682
5.6397725E-07,0.020161
5.6402725E-07,0.020503
5.6407725E-07,0.020914
5.6412725E-07,0.021187
5.6417725E-07,0.021392
5.6422725E-07,0.021529
5.6427725E-07,0.021598
5.6432725E-07,0.021598
5.6437725E-07,0.021598
5.6442725E-07,0.021461
5.6447725E-07,0.021324
5.6452725E-07,0.021119
5.6457725E-07,0.020914
5.6462725E-07,0.020640
5.6467725E-07,0.020366
5.6472725E-07,0.020092
5.6477725E-07,0.019819
5.6482725E-07,0.019545
5.6487725E-07,0.019340
5.6492725E-07,0.019135
5.6497725E-07,0.018998
5.6502725E-07,0.018929
5.6507725E-07,0.018861
5.6512725E-07,0.018861
5.6517725E-07,0.018929
5.6522725E-07,0.018998
5.6527725E-07,0.019135
5.6532725E-07,0.019271
5.6537725E-07,0.019408
5.6542725E-07,0.019614
5.6547725E-07,0.019819
5.6552725E-07,0.019956
5.6557725E-07,0.020161
5.6562725E-07,0.020298
5.6567725E-07,0.020435
5.6572725E-07,0.020571
5.6577725E-07,0.020640
5.6582725E-07,0.020777
5.6587725E-07,0.020914
5.6592725E-07,0.020982
5.6597725E-07,0.021119
5.6602725E-07,0.021324
5.6607725E-07,0.021529
5.6612725E-07,0.021803
5.6617725E-07,0.022145
5.6622725E-07,0.022487
5.6627725E-07,0.022898
5.6632725E-07,0.023377
5.6637725E-07,0.023924
5.6642725E-07,0.024540
5.6647725E-07,0.025156
5.6652725E-07,0.025840
5.6657725E-07,0.026524
5.6662725E-07,0.027208
5.6667725E-07,0.027961
5.6672725E-07,0.028713
5.6677725E-07,0.029398
5.6682725E-07,0.030150
5.6687725E-07,0.030834
5.6692725E-07,0.031519
5.6697725E-07,0.032134
5.6702725E-07,0.032819
5.6707725E-07,0.033434
5.6712725E-07,0.034050
5.6717725E-07,0.034666
5.6722725E-07,0.035213
5.6727725E-07,0.035761
5.6732725E-07,0.036240
5.6737725E-07,0.036787
5.6742725E-07,0.037197
5.6747725E-07,0.037608
5.6752725E-07,0.037950
5.6757725E-07,0.038224
5.6762725E-07,0.038361
5.6767725E-07,0.038497
5.6772725E-07,0.038497
5.6777725E-07,0.038361
5.6782725E-07,0.038087
5.6787725E-07,0.037745
5.6792725E-07,0.037266
5.6797725E-07,0.036650
5.6802725E-07,0.035966
5.6807725E-07,0.035145
5.6812725E-07,0.034187
5.6817725E-07,0.033229
5.6822725E-07,0.032134
5.6827725E-07,0.031040
5.6832725E-07,0.029877
5.6837725E-07,0.028782
5.6842725E-07,0.027619
5.6847725E-07,0.026524
5.6852725E-07,0.025498
5.6857725E-07,0.024471
5.6862725E-07,0.023513
5.6867725E-07,0.022624
5.6872725E-07,0.021803
5.6877725E-07,0.021119
5.6882725E-07,0.020435
5.6887725E-07,0.019887
5.6892725E-07,0.019340
5.6897725E-07,0.018929
5.6902725E-07,0.018519
5.6907725E-07,0.018245
5.6912725E-07,0.017971
5.6917725E-07,0.017698
5.6922725E-07,0.017493
5.6927725E-07,0.017356
5.6932725E-07,0.017219
5.6937725E-07,0.017082
5.6942725E-07,0.017014
5.6947725E-07,0.016945
5.6952725E-07,0.016877
5.6957725E-07,0.016808
5.6962725E-07,0.016740
5.6967725E-07,0.016671
5.6972725E-07,0.016671
5.6977725E-07,0.016603
5.6982725E-07,0.016535
5.6987725E-07,0.016466
5.6992725E-07,0.016329
5.6997725E-07,0.016261
5.7002725E-07,0.016124
5.7007725E-07,0.015919
5.7012725E-07,0.015714
5.7017725E-07,0.015508
5.7022725E-07,0.015303
5.7027725E-07,0.015029
5.7032725E-07,0.014756
5.7037725E-07,0.014482
5.7042725E-07,0.014277
5.7047725E-07,0.014003
5.7052725E-07,0.013798
5.7057725E-07,0.013593
5.7062725E-07,0.013456
5.7067725E-07,0.013387
5.7072725E-07,0.013319
5.7077725E-07,0.013319
5.7082725E-07,0.013387
5.7087725E-07,0.013524
5.7092725E-07,0.013729
5.7097725E-07,0.013935
5.7102725E-07,0.014208
5.7107725E-07,0.014482
5.7112725E-07,0.014824
5.7117725E-07,0.015166
5.7122725E-07,0.015508
5.7127725E-07,0.015919
5.7132725E-07,0.016261
5.7137725E-07,0.016671
5.7142725E-07,0.017082
5.7147725E-07,0.017493
5.7152725E-07,0.017903
5.7157725E-07,0.018245
5.7162725E-07,0.018656
5.7167725E-07,0.019066
5.7172725E-07,0.019477
5.7177725E-07,0.019887
5.7182725E-07,0.020366
5.7187725E-07,0.020777
5.7192725E-07,0.021187
5.7197725E-07,0.021529
5.7202725E-07,0.021940
5.7207725E-07,0.022282
5.7212725E-07,0.022556
5.7217725E-07,0.022761
5.7222725E-07,0.022966
5.7227725E-07,0.023035
5.7232725E-07,0.022966
5.7237725E-07,0.022898
5.7242725E-07,0.022624
5.7247725E-07,0.022282
5.7252725E-07,0.021871
5.7257725E-07,0.021256
5.7262725E-07,0.020571
5.7267725E-07,0.019750
5.7272725E-07,0.018861
5.7277725E-07,0.017835
5.7282725E-07,0.016740
5.7287725E-07,0.015577
5.7292725E-07,0.014345
5.7297725E-07,0.013045
5.7302725E-07,0.011745
5.7307725E-07,0.010445
5.7312725E-07,0.009077
5.7317725E-07,0.007709
5.7322725E-07,0.006340
5.7327725E-07,0.004972
5.7332725E-07,0.003603
5.7337725E-07,0.002235
5.7342725E-07,0.000935
5.7347725E-07,-0.000297
5.7352725E-07,-0.001528
5.7357725E-07,-0.002691
5.7362725E-07,-0.003854
5.7367725E-07,-0.004881
5.7372725E-07,-0.005907
5.7377725E-07,-0.006796
5.7382725E-07,-0.007549
5.7387725E-07,-0.008302
5.7392725E-07,-0.008849
5.7397725E-07,-0.009260
5.7402725E-07,-0.009602
5.7407725E-07,-0.009739
5.7412725E-07,-0.009807
5.7417725E-07,-0.009670
5.7422725E-07,-0.009465
5.7427725E-07,-0.009054
5.7432725E-07,-0.008575
5.7437725E-07,-0.007960
5.7442725E-07,-0.007207
5.7447725E-07,-0.006454
5.7452725E-07,-0.005565
5.7457725E-07,-0.004607
5.7462725E-07,-0.003649
5.7467725E-07,-0.002623
5.7472725E-07,-0.001665
5.7477725E-07,-0.000639
5.7482725E-07,0.000388
5.7487725E-07,0.001345
5.7492725E-07,0.002303
5.7497725E-07,0.003261
5.7502725E-07,0.004151
5.7507725E-07,0.005040
5.7512725E-07,0.005861
5.7517725E-07,0.006751
5.7522725E-07,0.007503
5.7527725E-07,0.008324
5.7532725E-07,0.009077
5.7537725E-07,0.009830
5.7542725E-07,0.010514
5.7547725E-07,0.011198
5.7552725E-07,0.011814
5.7557725E-07,0.012429
5.7562725E-07,0.013045
5.7567725E-07,0.013524
5.7572725E-07,0.014003
5.7577725E-07,0.014482
5.7582725E-07,0.014824
5.7587725E-07,0.015166
5.7592725E-07,0.015440
5.7597725E-07,0.015645
5.7602725E-07,0.015850
5.7607725E-07,0.015987
5.7612725E-07,0.016124
5.7617725E-07,0.016261
5.7622725E-07,0.016398
5.7627725E-07,0.016466
5.7632725E-07,0.016603
5.7637725E-07,0.016740
5.7642725E-07,0.016945
5.7647725E-07,0.017150
5.7652725E-07,0.017356
5.7657725E-07,0.017561
5.7662725E-07,0.017835
5.7667725E-07,0.018040
5.7672725E-07,0.018314
5.7677725E-07,0.018519
5.7682725E-07,0.018793
5.7687725E-07,0.018929
5.7692725E-07,0.019066
5.7697725E-07,0.019135
5.7702725E-07,0.019203
5.7707725E-07,0.019135
5.7712725E-07,0.018998
5.7717725E-07,0.018793
5.7722725E-07,0.018519
5.7727725E-07,0.018177
5.7732725E-07,0.017766
5.7737725E-07,0.017287
5.7742725E-07,0.016740
5.7747725E-07,0.016124
5.7752725E-07,0.015508
5.7757725E-07,0.014893
5.7762725E-07,0.014208
5.7767725E-07,0.013593
5.7772725E-07,0.012908
5.7777725E-07,0.012224
5.7782725E-07,0.011608
5.7787725E-07,0.010993
5.7792725E-07,0.010377
5.7797725E-07,0.009830
5.7802725E-07,0.009282
5.7807725E-07,0.008735
5.7812725E-07,0.008324
5.7817725E-07,0.007914
5.7822725E-07,0.007503
5.7827725E-07,0.007161
5.7832725E-07,0.006887
5.7837725E-07,0.006682
5.7842725E-07,0.006545
5.7847725E-07,0.006477
5.7852725E-07,0.006477
5.7857725E-07,0.006545
5.7862725E-07,0.006682
5.7867725E-07,0.006819
5.7872725E-07,0.007093
5.7877725E-07,0.007366
5.7882725E-07,0.007709
5.7887725E-07,0.008119
5.7892725E-07,0.008530
5.7897725E-07,0.008940
5.7902725E-07,0.009351
5.7907725E-07,0.009693
5.7912725E-07,0.010103
5.7917725E-07,0.010445
5.7922725E-07,0.010719
5.7927725E-07,0.010993
5.7932725E-07,0.011198
5.7937725E-07,0.011403
5.7942725E-07,0.011540
5.7947725E-07,0.011608
5.7952725E-07,0.011677
5.7957725E-07,0.011745
5.7962725E-07,0.011745
5.7967725E-07,0.011814
5.7972725E-07,0.011882
5.7977725E-07,0.011951
5.7982725E-07,0.012087
5.7987725E-07,0.012224
5.7992725E-07,0.012429
5.7997725E-07,0.012635
5.8002725E-07,0.012908
5.8007725E-07,0.013182
5.8012725E-07,0.013524
5.8017725E-07,0.013798
5.8022725E-07,0.014140
5.8027725E-07,0.014414
5.8032725E-07,0.014619
5.8037725E-07,0.014824
5.8042725E-07,0.014961
5.8047725E-07,0.015029
5.8052725E-07,0.015029
5.8057725E-07,0.014893
5.8062725E-07,0.014756
5.8067725E-07,0.014482
5.8072725E-07,0.014208
5.8077725E-07,0.013798
5.8082725E-07,0.013387
5.8087725E-07,0.012977
5.8092725E-07,0.012498
5.8097725E-07,0.012019
5.8102725E-07,0.011608
5.8107725E-07,0.011129
5.8112725E-07,0.010787
5.8117725E-07,0.010377
5.8122725E-07,0.010103
5.8127725E-07,0.009830
5.8132725E-07,0.009624
5.8137725E-07,0.009487
5.8142725E-07,0.009351
5.8147725E-07,0.009282
5.8152725E-07,0.009282
5.8157725E-07,0.009282
5.8162725E-07,0.009282
5.8167725E-07,0.009351
5.8172725E-07,0.009351
5.8177725E-07,0.009419
5.8182725E-07,0.009419
5.8187725E-07,0.009487
5.8192725E-07,0.009487
5.8197725E-07,0.009556
5.8202725E-07,0.009556
5.8207725E-07,0.009624
5.8212725E-07,0.009624
5.8217725E-07,0.009624
5.8222725E-07,0.009693
5.8227725E-07,0.009693
5.8232725E-07,0.009761
5.8237725E-07,0.009830
5.8242725E-07,0.009830
5.8247725E-07,0.009898
5.8252725E-07,0.009966
5.8257725E-07,0.010035
5.8262725E-07,0.010035
5.8267725E-07,0.010103
5.8272725E-07,0.010172
5.8277725E-07,0.010172
5.8282725E-07,0.010240
5.8287725E-07,0.010240
5.8292725E-07,0.010308
5.8297725E-07,0.010308
5.8302725E-07,0.010377
5.8307725E-07,0.010377
5.8312725E-07,0.010445
5.8317725E-07,0.010582
5.8322725E-07,0.010651
5.8327725E-07,0.010787
5.8332725E-07,0.010924
5.8337725E-07,0.011129
5.8342725E-07,0.011335
5.8347725E-07,0.011540
5.8352725E-07,0.011814
5.8357725E-07,0.012019
5.8362725E-07,0.012293
5.8367725E-07,0.012566
5.8372725E-07,0.012840
5.8377725E-07,0.013045
5.8382725E-07,0.013319
5.8387725E-07,0.013524
5.8392725E-07,0.013661
5.8397725E-07,0.013866
5.8402725E-07,0.013935
5.8407725E-07,0.014072
5.8412725E-07,0.014072
5.8417725E-07,0.014072
5.8422725E-07,0.014072
5.8427725E-07,0.014003
5.8432725E-07,0.013935
5.8437725E-07,0.013798
5.8442725E-07,0.013661
5.8447725E-07,0.013524
5.8452725E-07,0.013319
5.8457725E-07,0.013045
5.8462725E-07,0.012840
5.8467725E-07,0.012566
5.8472725E-07,0.012224
5.8477725E-07,0.011882
5.8482725E-07,0.011540
5.8487725E-07,0.011198
5.8492725E-07,0.010787
5.8497725E-07,0.010377
5.8502725E-07,0.009966
5.8507725E-07,0.009556
5.8512725E-07,0.009214
5.8517725E-07,0.008803
5.8522725E-07,0.008461
5.8527725E-07,0.008119
5.8532725E-07,0.007845
5.8537725E-07,0.007640
5.8542725E-07,0.007503
5.8547725E-07,0.007366
5.8552725E-07,0.007298
5.8557725E-07,0.007298
5.8562725E-07,0.007366
5.8567725E-07,0.007435
5.8572725E-07,0.007572
5.8577725E-07,0.007709
5.8582725E-07,0.007845
5.8587725E-07,0.008051
5.8592725E-07,0.008187
5.8597725E-07,0.008256
5.8602725E-07,0.008324
5.8607725E-07,0.008393
5.8612725E-07,0.008393
5.8617725E-07,0.008324
5.8622725E-07,0.008187
5.8627725E-07,0.008051
5.8632725E-07,0.007777
5.8637725E-07,0.007572
5.8642725E-07,0.007230
5.8647725E-07,0.006956
5.8652725E-07,0.006614
5.8657725E-07,0.006340
5.8662725E-07,0.006066
5.8667725E-07,0.005793
5.8672725E-07,0.005519
5.8677725E-07,0.005314
5.8682725E-07,0.005177
5.8687725E-07,0.005040
5.8692725E-07,0.004972
5.8697725E-07,0.004903
5.8702725E-07,0.004903
5.8707725E-07,0.004972
5.8712725E-07,0.004972
5.8717725E-07,0.005040
5.8722725E-07,0.005109
5.8727725E-07,0.005109
5.8732725E-07,0.005177
5.8737725E-07,0.005245
5.8742725E-07,0.005314
5.8747725E-07,0.005382
5.8752725E-07,0.005519
5.8757725E-07,0.005587
5.8762725E-07,0.005724
5.8767725E-07,0.005930
5.8772725E-07,0.006135
5.8777725E-07,0.006409
5.8782725E-07,0.006751
5.8787725E-07,0.007161
5.8792725E-07,0.007640
5.8797725E-07,0.008187
5.8802725E-07,0.008872
5.8807725E-07,0.009556
5.8812725E-07,0.010308
5.8817725E-07,0.011198
5.8822725E-07,0.012087
5.8827725E-07,0.012977
5.8832725E-07,0.013935
5.8837725E-07,0.014893
5.8842725E-07,0.015919
5.8847725E-07,0.016877
5.8852725E-07,0.017903
5.8857725E-07,0.018861
5.8862725E-07,0.019887
5.8867725E-07,0.020845
5.8872725E-07,0.021803
5.8877725E-07,0.022761
5.8882725E-07,0.023787
5.8887725E-07,0.024745
5.8892725E-07,0.025703
5.8897725E-07,0.026661
5.8902725E-07,0.027619
5.8907725E-07,0.028577
5.8912725E-07,0.029534
5.8917725E-07,0.030492
5.8922725E-07,0.031382
5.8927725E-07,0.032271
5.8932725E-07,0.033092
5.8937725E-07,0.033776
5.8942725E-07,0.034461
5.8947725E-07,0.035008
5.8952725E-07,0.035419
5.8957725E-07,0.035692
5.8962725E-07,0.035897
5.8967725E-07,0.035897
5.8972725E-07,0.035692
5.8977725E-07,0.035419
5.8982725E-07,0.034940
5.8987725E-07,0.034255
5.8992725E-07,0.033503
5.8997725E-07,0.032545
5.9002725E-07,0.031450
5.9007725E-07,0.030287
5.9012725E-07,0.028987
5.9017725E-07,0.027619
5.9022725E-07,0.026182
5.9027725E-07,0.024677
5.9032725E-07,0.023171
5.9037725E-07,0.021598
5.9042725E-07,0.020024
5.9047725E-07,0.018450
5.9052725E-07,0.016945
5.9057725E-07,0.015440
5.9062725E-07,0.014003
5.9067725E-07,0.012635
5.9072725E-07,0.011335
5.9077725E-07,0.010035
5.9082725E-07,0.008940
5.9087725E-07,0.007845
5.9092725E-07,0.006887
5.9097725E-07,0.006066
5.9102725E-07,0.005314
5.9107725E-07,0.004698
5.9112725E-07,0.004219
5.9117725E-07,0.003809
5.9122725E-07,0.003535
5.9127725E-07,0.003330
5.9132725E-07,0.003261
5.9137725E-07,0.003330
5.9142725E-07,0.003398
5.9147725E-07,0.003603
5.9152725E-07,0.003877
5.9157725E-07,0.004151
5.9162725E-07,0.004493
5.9167725E-07,0.004903
5.9172725E-07,0.005314
5.9177725E-07,0.005724
5.9182725E-07,0.006135
5.9187725E-07,0.006545
5.9192725E-07,0.006956
5.9197725E-07,0.007366
5.9202725E-07,0.007777
5.9207725E-07,0.008187
5.9212725E-07,0.008530
5.9217725E-07,0.008872
5.9222725E-07,0.009214
5.9227725E-07,0.009556
5.9232725E-07,0.009898
5.9237725E-07,0.010240
5.9242725E-07,0.010514
5.9247725E-07,0.010787
5.9252725E-07,0.011129
5.9257725E-07,0.011335
5.9262725E-07,0.011608
5.9267725E-07,0.011882
5.9272725E-07,0.012087
5.9277725E-07,0.012224
5.9282725E-07,0.012429
5.9287725E-07,0.012498
5.9292725E-07,0.012635
5.9297725E-07,0.012703
5.9302725E-07,0.012703
5.9307725E-07,0.012703
5.9312725E-07,0.012703
5.9317725E-07,0.012635
5.9322725E-07,0.012566
5.9327725E-07,0.012498
5.9332725E-07,0.012429
5.9337725E-07,0.012293
5.9342725E-07,0.012224
5.9347725E-07,0.012087
5.9352725E-07,0.012019
5.9357725E-07,0.011882
5.9362725E-07,0.011745
5.9367725E-07,0.011608
5.9372725E-07,0.011472
5.9377725E-07,0.011266
5.9382725E-07,0.011061
5.9387725E-07,0.010856
5.9392725E-07,0.010514
5.9397725E-07,0.010172
5.9402725E-07,0.009761
5.9407725E-07,0.009282
5.9412725E-07,0.008803
5.9417725E-07,0.008187
5.9422725E-07,0.007572
5.9427725E-07,0.006887
5.9432725E-07,0.006203
5.9437725E-07,0.005451
5.9442725E-07,0.004698
5.9447725E-07,0.004014
5.9452725E-07,0.003261
5.9457725E-07,0.002577
5.9462725E-07,0.001961
5.9467725E-07,0.001414
5.9472725E-07,0.000867
5.9477725E-07,0.000456
5.9482725E-07,0.000114
5.9487725E-07,-0.000160
5.9492725E-07,-0.000297
5.9497725E-07,-0.000365
5.9502725E-07,-0.000365
5.9507725E-07,-0.000297
5.9512725E-07,-0.000160
5.9517725E-07,0.000045
5.9522725E-07,0.000319
5.9527725E-07,0.000593
5.9532725E-07,0.000935
5.9537725E-07,0.001345
5.9542725E-07,0.001756
5.9547725E-07,0.002167
5.9552725E-07,0.002577
5.9557725E-07,0.002988
5.9562725E-07,0.003466
5.9567725E-07,0.003945
5.9572725E-07,0.004424
5.9577725E-07,0.004903
5.9582725E-07,0.005382
5.9587725E-07,0.005861
5.9592725E-07,0.006272
5.9597725E-07,0.006751
5.9602725E-07,0.007161
5.9607725E-07,0.007503
5.9612725E-07,0.007845
5.9617725E-07,0.008051
5.9622725E-07,0.008256
5.9627725E-07,0.008324
5.9632725E-07,0.008324
5.9637725E-07,0.008256
5.9642725E-07,0.008051
5.9647725E-07,0.007777
5.9652725E-07,0.007435
5.9657725E-07,0.007024
5.9662725E-07,0.006545
5.9667725E-07,0.005998
5.9672725E-07,0.005451
5.9677725E-07,0.004903
5.9682725E-07,0.004356
5.9687725E-07,0.003877
5.9692725E-07,0.003466
5.9697725E-07,0.003124
5.9702725E-07,0.002851
5.9707725E-07,0.002714
5.9712725E-07,0.002714
5.9717725E-07,0.002851
5.9722725E-07,0.003124
5.9727725E-07,0.003535
5.9732725E-07,0.004014
5.9737725E-07,0.004630
5.9742725E-07,0.005314
5.9747725E-07,0.006066
5.9752725E-07,0.006887
5.9757725E-07,0.007709
5.9762725E-07,0.008530
5.9767725E-07,0.009419
5.9772725E-07,0.010240
5.9777725E-07,0.010993
5.9782725E-07,0.011677
5.9787725E-07,0.012361
5.9792725E-07,0.012908
5.9797725E-07,0.013387
5.9802725E-07,0.013798
5.9807725E-07,0.014140
5.9812725E-07,0.014414
5.9817725E-07,0.014619
5.9822725E-07,0.014756
5.9827725E-07,0.014893
5.9832725E-07,0.014893
5.9837725E-07,0.014893
5.9842725E-07,0.014893
5.9847725E-07,0.014824
5.9852725E-07,0.014824
5.9857725E-07,0.014687
5.9862725E-07,0.014619
5.9867725E-07,0.014550
5.9872725E-07,0.014482
5.9877725E-07,0.014345
5.9882725E-07,0.014277
5.9887725E-07,0.014208
5.9892725E-07,0.014140
5.9897725E-07,0.014072
5.9902725E-07,0.014003
5.9907725E-07,0.014003
5.9912725E-07,0.013935
5.9917725E-07,0.013935
5.9922725E-07,0.013935
5.9927725E-07,0.014003
5.9932725E-07,0.014003
5.9937725E-07,0.014072
5.9942725E-07,0.014140
5.9947725E-07,0.014277
5.9952725E-07,0.014345
5.9957725E-07,0.014482
5.9962725E-07,0.014619
5.9967725E-07,0.014687
5.9972725E-07,0.014756
5.9977725E-07,0.014824
5.9982725E-07,0.014893
5.9987725E-07,0.014824
5.9992725E-07,0.014756
5.9997725E-07,0.014687
6.0002725E-07,0.014482
6.0007725E-07,0.014277
6.0012725E-07,0.013935
6.0017725E-07,0.013524
6.0022725E-07,0.013114
6.0027725E-07,0.012566
6.0032725E-07,0.011951
6.0037725E-07,0.011266
6.0042725E-07,0.010514
6.0047725E-07,0.009693
6.0052725E-07,0.008872
6.0057725E-07,0.007982
6.0062725E-07,0.007024
6.0067725E-07,0.006066
6.0072725E-07,0.005109
6.0077725E-07,0.004151
6.0082725E-07,0.003261
6.0087725E-07,0.002303
6.0092725E-07,0.001482
6.0097725E-07,0.000661
6.0102725E-07,-0.000091
6.0107725E-07,-0.000707
6.0112725E-07,-0.001254
6.0117725E-07,-0.001665
6.0122725E-07,-0.001939
6.0127725E-07,-0.002144
6.0132725E-07,-0.002144
6.0137725E-07,-0.002076
6.0142725E-07,-0.001870
6.0147725E-07,-0.001528
6.0152725E-07,-0.001118
6.0157725E-07,-0.000570
6.0162725E-07,0.000114
6.0167725E-07,0.000798
6.0172725E-07,0.001619
6.0177725E-07,0.002440
6.0182725E-07,0.003261
6.0187725E-07,0.004082
6.0192725E-07,0.004972
6.0197725E-07,0.005793
6.0202725E-07,0.006545
6.0207725E-07,0.007298
6.0212725E-07,0.007982
6.0217725E-07,0.008666
6.0222725E-07,0.009214
6.0227725E-07,0.009761
6.0232725E-07,0.010172
6.0237725E-07,0.010582
6.0242725E-07,0.010924
6.0247725E-07,0.011266
6.0252725E-07,0.011540
6.0257725E-07,0.011814
6.0262725E-07,0.012087
6.0267725E-07,0.012293
6.0272725E-07,0.012498
6.0277725E-07,0.012703
6.0282725E-07,0.012840
6.0287725E-07,0.013045
6.0292725E-07,0.013182
6.0297725E-07,0.013319
6.0302725E-07,0.013387
6.0307725E-07,0.013456
6.0312725E-07,0.013456
6.0317725E-07,0.013456
6.0322725E-07,0.013387
6.0327725E-07,0.013251
6.0332725E-07,0.013045
6.0337725E-07,0.012908
6.0342725E-07,0.012635
6.0347725E-07,0.012361
6.0352725E-07,0.012156
6.0357725E-07,0.011882
6.0362725E-07,0.011608
6.0367725E-07,0.011403
6.0372725E-07,0.011266
6.0377725E-07,0.011129
6.0382725E-07,0.011061
6.0387725E-07,0.011061
6.0392725E-07,0.011129
6.0397725E-07,0.011198
6.0402725E-07,0.011403
6.0407725E-07,0.011677
6.0412725E-07,0.011951
6.0417725E-07,0.012224
6.0422725E-07,0.012566
6.0427725E-07,0.012840
6.0432725E-07,0.013114
6.0437725E-07,0.013319
6.0442725E-07,0.013524
6.0447725E-07,0.013593
6.0452725E-07,0.013661
6.0457725E-07,0.013593
6.0462725E-07,0.013387
6.0467725E-07,0.013114
6.0472725E-07,0.012772
6.0477725E-07,0.012293
6.0482725E-07,0.011814
6.0487725E-07,0.011198
6.0492725E-07,0.010582
6.0497725E-07,0.009898
6.0502725E-07,0.009214
6.0507725E-07,0.008530
6.0512725E-07,0.007845
6.0517725E-07,0.007230
6.0522725E-07,0.006545
6.0527725E-07,0.005930
6.0532725E-07,0.005382
6.0537725E-07,0.004835
6.0542725E-07,0.004288
6.0547725E-07,0.003809
6.0552725E-07,0.003330
6.0557725E-07,0.002851
6.0562725E-07,0.002440
6.0567725E-07,0.002030
6.0572725E-07,0.001551
6.0577725E-07,0.001140
6.0582725E-07,0.000661
6.0587725E-07,0.000251
6.0592725E-07,-0.000228
6.0597725E-07,-0.000639
6.0602725E-07,-0.001118
6.0607725E-07,-0.001528
6.0612725E-07,-0.001939
6.0617725E-07,-0.002281
6.0622725E-07,-0.002623
6.0627725E-07,-0.002897
6.0632725E-07,-0.003102
6.0637725E-07,-0.003239
6.0642725E-07,-0.003307
6.0647725E-07,-0.003239
6.0652725E-07,-0.003102
6.0657725E-07,-0.002897
6.0662725E-07,-0.002554
6.0667725E-07,-0.002144
6.0672725E-07,-0.001597
6.0677725E-07,-0.000981
6.0682725E-07,-0.000297
6.0687725E-07,0.000456
6.0692725E-07,0.001345
6.0697725E-07,0.002235
6.0702725E-07,0.003193
6.0707725E-07,0.004151
6.0712725E-07,0.005177
6.0717725E-07,0.006203
6.0722725E-07,0.007230
6.0727725E-07,0.008187
6.0732725E-07,0.009145
6.0737725E-07,0.010103
6.0742725E-07,0.010993
6.0747725E-07,0.011814
6.0752725E-07,0.012566
6.0757725E-07,0.013319
6.0762725E-07,0.013935
6.0767725E-07,0.014482
6.0772725E-07,0.014961
6.0777725E-07,0.015372
6.0782725E-07,0.015714
6.0787725E-07,0.015987
6.0792725E-07,0.016193
6.0797725E-07,0.016329
6.0802725E-07,0.016398
6.0807725E-07,0.016466
6.0812725E-07,0.016466
6.0817725E-07,0.016398
6.0822725E-07,0.016329
6.0827725E-07,0.016261
6.0832725E-07,0.016124
6.0837725E-07,0.015987
6.0842725E-07,0.015782
6.0847725E-07,0.015577
6.0852725E-07,0.015372
6.0857725E-07,0.015166
6.0862725E-07,0.014893
6.0867725E-07,0.014619
6.0872725E-07,0.014277
6.0877725E-07,0.013935
6.0882725E-07,0.013593
6.0887725E-07,0.013251
6.0892725E-07,0.012908
6.0897725E-07,0.012498
6.0902725E-07,0.012087
6.0907725E-07,0.011745
6.0912725E-07,0.011335
6.0917725E-07,0.010993
6.0922725E-07,0.010651
6.0927725E-07,0.010308
6.0932725E-07,0.010035
6.0937725E-07,0.009761
6.0942725E-07,0.009487
6.0947725E-07,0.009214
6.0952725E-07,0.009008
6.0957725E-07,0.008735
6.0962725E-07,0.008461
6.0967725E-07,0.008187
6.0972725E-07,0.007845
6.0977725E-07,0.007435
6.0982725E-07,0.007024
6.0987725E-07,0.006477
6.0992725E-07,0.005861
6.0997725E-07,0.005177
6.1002725E-07,0.004356
6.1007725E-07,0.003398
6.1012725E-07,0.002372
6.1017725E-07,0.001277
6.1022725E-07,0.000114
6.1027725E-07,-0.001118
6.1032725E-07,-0.002486
6.1037725E-07,-0.003786
6.1042725E-07,-0.005154
6.1047725E-07,-0.006454
6.1052725E-07,-0.007754
6.1057725E-07,-0.008986
6.1062725E-07,-0.010149
6.1067725E-07,-0.011244
6.1072725E-07,-0.012270
6.1077725E-07,-0.013091
6.1082725E-07,-0.013844
6.1087725E-07,-0.014459
6.1092725E-07,-0.014938
6.1097725E-07,-0.015349
6.1102725E-07,-0.015623
6.1107725E-07,-0.015828
6.1112725E-07,-0.015896
6.1117725E-07,-0.015896
6.1122725E-07,-0.015896
6.1127725E-07,-0.015828
6.1132725E-07,-0.015691
6.1137725E-07,-0.015486
6.1142725E-07,-0.015349
6.1147725E-07,-0.015144
6.1152725E-07,-0.014938
6.1157725E-07,-0.014665
6.1162725E-07,-0.014391
6.1167725E-07,-0.014117
6.1172725E-07,-0.013775
6.1177725E-07,-0.013433
6.1182725E-07,-0.013091
6.1187725E-07,-0.012681
6.1192725E-07,-0.012202
6.1197725E-07,-0.011723
6.1202725E-07,-0.011244
6.1207725E-07,-0.010696
6.1212725E-07,-0.010149
6.1217725E-07,-0.009602
6.1222725E-07,-0.009123
6.1227725E-07,-0.008644
6.1232725E-07,-0.008165
6.1237725E-07,-0.007754
6.1242725E-07,-0.007481
6.1247725E-07,-0.007275
6.1252725E-07,-0.007139
6.1257725E-07,-0.007139
6.1262725E-07,-0.007207
6.1267725E-07,-0.007412
6.1272725E-07,-0.007754
6.1277725E-07,-0.008165
6.1282725E-07,-0.008712
6.1287725E-07,-0.009396
6.1292725E-07,-0.010081
6.1297725E-07,-0.010902
6.1302725E-07,-0.011723
6.1307725E-07,-0.012612
6.1312725E-07,-0.013502
6.1317725E-07,-0.014391
6.1322725E-07,-0.015349
6.1327725E-07,-0.016238
6.1332725E-07,-0.017128
6.1337725E-07,-0.017949
6.1342725E-07,-0.018770
6.1347725E-07,-0.019523
6.1352725E-07,-0.020207
6.1357725E-07,-0.020823
6.1362725E-07,-0.021370
6.1367725E-07,-0.021849
6.1372725E-07,-0.022191
6.1377725E-07,-0.022465
6.1382725E-07,-0.022670
6.1387725E-07,-0.022807
6.1392725E-07,-0.022807
6.1397725E-07,-0.022738
6.1402725E-07,-0.022465
6.1407725E-07,-0.022191
6.1412725E-07,-0.021712
6.1417725E-07,-0.021165
6.1422725E-07,-0.020480
6.1427725E-07,-0.019659
6.1432725E-07,-0.018770
6.1437725E-07,-0.017744
6.1442725E-07,-0.016580
6.1447725E-07,-0.015417
6.1452725E-07,-0.014117
6.1457725E-07,-0.012817
6.1462725E-07,-0.011449
6.1467725E-07,-0.010081
6.1472725E-07,-0.008712
6.1477725E-07,-0.007344
6.1482725E-07,-0.006044
6.1487725E-07,-0.004744
6.1492725E-07,-0.003581
6.1497725E-07,-0.002486
6.1502725E-07,-0.001460
6.1507725E-07,-0.000502
6.1512725E-07,0.000251
6.1517725E-07,0.000935
6.1522725E-07,0.001551
6.1527725E-07,0.001961
6.1532725E-07,0.002372
6.1537725E-07,0.002645
6.1542725E-07,0.002782
6.1547725E-07,0.002919
6.1552725E-07,0.002988
6.1557725E-07,0.002988
6.1562725E-07,0.002988
6.1567725E-07,0.002988
6.1572725E-07,0.002988
6.1577725E-07,0.002988
6.1582725E-07,0.003056
6.1587725E-07,0.003124
6.1592725E-07,0.003261
6.1597725E-07,0.003466
6.1602725E-07,0.003672
6.1607725E-07,0.004014
6.1612725E-07,0.004424
6.1617725E-07,0.004903
6.1622725E-07,0.005382
6.1627725E-07,0.005998
6.1632725E-07,0.006614
6.1637725E-07,0.007366
6.1642725E-07,0.008119
6.1647725E-07,0.008872
6.1652725E-07,0.009693
6.1657725E-07,0.010582
6.1662725E-07,0.011472
6.1667725E-07,0.012361
6.1672725E-07,0.013251
6.1677725E-07,0.014140
6.1682725E-07,0.015029
6.1687725E-07,0.015919
6.1692725E-07,0.016740
6.1697725E-07,0.017561
6.1702725E-07,0.018382
6.1707725E-07,0.019135
6.1712725E-07,0.019887
6.1717725E-07,0.020571
6.1722725E-07,0.021187
6.1727725E-07,0.021735
6.1732725E-07,0.022282
6.1737725E-07,0.022692
6.1742725E-07,0.023035
6.1747725E-07,0.023308
6.1752725E-07,0.023513
6.1757725E-07,0.023582
6.1762725E-07,0.023582
6.1767725E-07,0.023513
6.1772725E-07,0.023377
6.1777725E-07,0.023103
6.1782725E-07,0.022692
6.1787725E-07,0.022282
6.1792725E-07,0.021735
6.1797725E-07,0.021119
6.1802725E-07,0.020435
6.1807725E-07,0.019682
6.1812725E-07,0.018861
6.1817725E-07,0.018040
6.1822725E-07,0.017150
6.1827725E-07,0.016193
6.1832725E-07,0.015303
6.1837725E-07,0.014345
6.1842725E-07,0.013387
6.1847725E-07,0.012498
6.1852725E-07,0.011608
6.1857725E-07,0.010787
6.1862725E-07,0.009966
6.1867725E-07,0.009145
6.1872725E-07,0.008461
6.1877725E-07,0.007777
6.1882725E-07,0.007093
6.1887725E-07,0.006477
6.1892725E-07,0.005930
6.1897725E-07,0.005382
6.1902725E-07,0.004903
6.1907725E-07,0.004424
6.1912725E-07,0.004014
6.1917725E-07,0.003603
6.1922725E-07,0.003261
6.1927725E-07,0.002919
6.1932725E-07,0.002577
6.1937725E-07,0.002303
6.1942725E-07,0.002030
6.1947725E-07,0.001824
6.1952725E-07,0.001619
6.1957725E-07,0.001482
6.1962725E-07,0.001414
6.1967725E-07,0.001345
6.1972725E-07,0.001345
6.1977725E-07,0.001414
6.1982725E-07,0.001482
6.1987725E-07,0.001619
6.1992725E-07,0.001756
6.1997725E-07,0.001961
6.2002725E-07,0.002167
6.2007725E-07,0.002440
6.2012725E-07,0.002645
6.2017725E-07,0.002851
6.2022725E-07,0.003056
6.2027725E-07,0.003261
6.2032725E-07,0.003398
6.2037725E-07,0.003535
6.2042725E-07,0.003535
6.2047725E-07,0.003535
6.2052725E-07,0.003466
6.2057725E-07,0.003330
6.2062725E-07,0.003124
6.2067725E-07,0.002782
6.2072725E-07,0.002440
6.2077725E-07,0.002098
6.2082725E-07,0.001619
6.2087725E-07,0.001140
6.2092725E-07,0.000593
6.2097725E-07,-0.000023
6.2102725E-07,-0.000570
6.2107725E-07,-0.001186
6.2112725E-07,-0.001870
6.2117725E-07,-0.002486
6.2122725E-07,-0.003170
6.2127725E-07,-0.003854
6.2132725E-07,-0.004470
6.2137725E-07,-0.005154
6.2142725E-07,-0.005839
6.2147725E-07,-0.006591
6.2152725E-07,-0.007275
6.2157725E-07,-0.007960
6.2162725E-07,-0.008712
6.2167725E-07,-0.009396
6.2172725E-07,-0.010149
6.2177725E-07,-0.010833
6.2182725E-07,-0.011517
6.2187725E-07,-0.012202
6.2192725E-07,-0.012817
6.2197725E-07,-0.013433
6.2202725E-07,-0.013981
6.2207725E-07,-0.014459
6.2212725E-07,-0.014870
6.2217725E-07,-0.015212
6.2222725E-07,-0.015417
6.2227725E-07,-0.015623
6.2232725E-07,-0.015691
6.2237725E-07,-0.015623
6.2242725E-07,-0.015486
6.2247725E-07,-0.015281
6.2252725E-07,-0.015007
6.2257725E-07,-0.014596
6.2262725E-07,-0.014186
6.2267725E-07,-0.013638
6.2272725E-07,-0.013091
6.2277725E-07,-0.012475
6.2282725E-07,-0.011860
6.2287725E-07,-0.011175
6.2292725E-07,-0.010491
6.2297725E-07,-0.009807
6.2302725E-07,-0.009191
6.2307725E-07,-0.008507
6.2312725E-07,-0.007823
6.2317725E-07,-0.007207
6.2322725E-07,-0.006591
6.2327725E-07,-0.005975
6.2332725E-07,-0.005428
6.2337725E-07,-0.004812
6.2342725E-07,-0.004265
6.2347725E-07,-0.003718
6.2352725E-07,-0.003239
6.2357725E-07,-0.002691
6.2362725E-07,-0.002212
6.2367725E-07,-0.001802
6.2372725E-07,-0.001323
6.2377725E-07,-0.000981
6.2382725E-07,-0.000570
6.2387725E-07,-0.000297
6.2392725E-07,0.000045
6.2397725E-07,0.000251
6.2402725E-07,0.000388
6.2407725E-07,0.000524
6.2412725E-07,0.000593
6.2417725E-07,0.000524
6.2422725E-07,0.000456
6.2427725E-07,0.000319
6.2432725E-07,0.000045
6.2437725E-07,-0.000228
6.2442725E-07,-0.000570
6.2447725E-07,-0.000981
6.2452725E-07,-0.001460
6.2457725E-07,-0.001939
6.2462725E-07,-0.002486
6.2467725E-07,-0.003033
6.2472725E-07,-0.003649
6.2477725E-07,-0.004265
6.2482725E-07,-0.004881
6.2487725E-07,-0.005496
6.2492725E-07,-0.006044
6.2497725E-07,-0.006591
6.2502725E-07,-0.007139
6.2507725E-07,-0.007686
6.2512725E-07,-0.008096
6.2517725E-07,-0.008507
6.2522725E-07,-0.008849
6.2527725E-07,-0.009123
6.2532725E-07,-0.009328
6.2537725E-07,-0.009465
6.2542725E-07,-0.009533
6.2547725E-07,-0.009465
6.2552725E-07,-0.009328
6.2557725E-07,-0.009123
6.2562725E-07,-0.008781
6.2567725E-07,-0.008370
6.2572725E-07,-0.007823
6.2577725E-07,-0.007207
6.2582725E-07,-0.006454
6.2587725E-07,-0.005633
6.2592725E-07,-0.004744
6.2597725E-07,-0.003718
6.2602725E-07,-0.002623
6.2607725E-07,-0.001528
6.2612725E-07,-0.000297
6.2617725E-07,0.000935
6.2622725E-07,0.002235
6.2627725E-07,0.003603
6.2632725E-07,0.004903
6.2637725E-07,0.006203
6.2642725E-07,0.007503
6.2647725E-07,0.008735
6.2652725E-07,0.009966
6.2657725E-07,0.011129
6.2662725E-07,0.012156
6.2667725E-07,0.013114
6.2672725E-07,0.014003
6.2677725E-07,0.014756
6.2682725E-07,0.015372
6.2687725E-07,0.015850
6.2692725E-07,0.016261
6.2697725E-07,0.016466
6.2702725E-07,0.016603
6.2707725E-07,0.016603
6.2712725E-07,0.016466
6.2717725E-07,0.016261
6.2722725E-07,0.015919
6.2727725E-07,0.015577
6.2732725E-07,0.015098
6.2737725E-07,0.014619
6.2742725E-07,0.014072
6.2747725E-07,0.013593
6.2752725E-07,0.013045
6.2757725E-07,0.012566
6.2762725E-07,0.012087
6.2767725E-07,0.011677
6.2772725E-07,0.011266
6.2777725E-07,0.010924
6.2782725E-07,0.010719
6.2787725E-07,0.010514
6.2792725E-07,0.010377
6.2797725E-07,0.010240
6.2802725E-07,0.010172
6.2807725E-07,0.010172
6.2812725E-07,0.010172
6.2817725E-07,0.010172
6.2822725E-07,0.010172
6.2827725E-07,0.010172
6.2832725E-07,0.010103
6.2837725E-07,0.009966
6.2842725E-07,0.009830
6.2847725E-07,0.009693
6.2852725E-07,0.009419
6.2857725E-07,0.009145
6.2862725E-07,0.008735
6.2867725E-07,0.008393
6.2872725E-07,0.007914
6.2877725E-07,0.007435
6.2882725E-07,0.006956
6.2887725E-07,0.006409
6.2892725E-07,0.005861
6.2897725E-07,0.005382
6.2902725E-07,0.004835
6.2907725E-07,0.004356
6.2912725E-07,0.003877
6.2917725E-07,0.003466
6.2922725E-07,0.003056
6.2927725E-07,0.002714
6.2932725E-07,0.002440
6.2937725E-07,0.002167
6.2942725E-07,0.001961
6.2947725E-07,0.001756
6.2952725E-07,0.001551
6.2957725E-07,0.001414
6.2962725E-07,0.001277
6.2967725E-07,0.001209
6.2972725E-07,0.001072
6.2977725E-07,0.001003
6.2982725E-07,0.000867
6.2987725E-07,0.000798
6.2992725E-07,0.000661
6.2997725E-07,0.000593
6.3002725E-07,0.000456
6.3007725E-07,0.000319
6.3012725E-07,0.000182
6.3017725E-07,0.000045
6.3022725E-07,-0.000091
6.3027725E-07,-0.000297
6.3032725E-07,-0.000502
6.3037725E-07,-0.000707
6.3042725E-07,-0.000912
6.3047725E-07,-0.001186
6.3052725E-07,-0.001460
6.3057725E-07,-0.001733
6.3062725E-07,-0.002076
6.3067725E-07,-0.002418
6.3072725E-07,-0.002828
6.3077725E-07,-0.003239
6.3082725E-07,-0.003718
6.3087725E-07,-0.004197
6.3092725E-07,-0.004744
6.3097725E-07,-0.005223
6.3102725E-07,-0.005770
6.3107725E-07,-0.006249
6.3112725E-07,-0.006796
6.3117725E-07,-0.007275
6.3122725E-07,-0.007754
6.3127725E-07,-0.008165
6.3132725E-07,-0.008575
6.3137725E-07,-0.008917
6.3142725E-07,-0.009191
6.3147725E-07,-0.009396
6.3152725E-07,-0.009533
6.3157725E-07,-0.009670
6.3162725E-07,-0.009670
6.3167725E-07,-0.009670
6.3172725E-07,-0.009602
6.3177725E-07,-0.009533
6.3182725E-07,-0.009396
6.3187725E-07,-0.009260
6.3192725E-07,-0.009123
6.3197725E-07,-0.008917
6.3202725E-07,-0.008781
6.3207725E-07,-0.008644
6.3212725E-07,-0.008507
6.3217725E-07,-0.008370
6.3222725E-07,-0.008302
6.3227725E-07,-0.008165
6.3232725E-07,-0.008096
6.3237725E-07,-0.007960
6.3242725E-07,-0.007891
6.3247725E-07,-0.007754
6.3252725E-07,-0.007618
6.3257725E-07,-0.007412
6.3262725E-07,-0.007139
6.3267725E-07,-0.006865
6.3272725E-07,-0.006523
6.3277725E-07,-0.006112
6.3282725E-07,-0.005702
6.3287725E-07,-0.005154
6.3292725E-07,-0.004607
6.3297725E-07,-0.004060
6.3302725E-07,-0.003444
6.3307725E-07,-0.002760
6.3312725E-07,-0.002144
6.3317725E-07,-0.001528
6.3322725E-07,-0.000912
6.3327725E-07,-0.000365
6.3332725E-07,0.000114
6.3337725E-07,0.000524
6.3342725E-07,0.000867
6.3347725E-07,0.001140
6.3352725E-07,0.001345
6.3357725E-07,0.001414
6.3362725E-07,0.001414
6.3367725E-07,0.001277
6.3372725E-07,0.001140
6.3377725E-07,0.000935
6.3382725E-07,0.000661
6.3387725E-07,0.000319
6.3392725E-07,-0.000091
6.3397725E-07,-0.000433
6.3402725E-07,-0.000844
6.3407725E-07,-0.001186
6.3412725E-07,-0.001528
6.3417725E-07,-0.001870
6.3422725E-07,-0.002144
6.3427725E-07,-0.002418
6.3432725E-07,-0.002623
6.3437725E-07,-0.002760
6.3442725E-07,-0.002897
6.3447725E-07,-0.002965
6.3452725E-07,-0.003033
6.3457725E-07,-0.003033
6.3462725E-07,-0.002965
6.3467725E-07,-0.002897
6.3472725E-07,-0.002828
6.3477725E-07,-0.002760
6.3482725E-07,-0.002623
6.3487725E-07,-0.002554
6.3492725E-07,-0.002418
6.3497725E-07,-0.002212
6.3502725E-07,-0.002076
6.3507725E-07,-0.001870
6.3512725E-07,-0.001665
6.3517725E-07,-0.001460
6.3522725E-07,-0.001186
6.3527725E-07,-0.000912
6.3532725E-07,-0.000639
6.3537725E-07,-0.000297
6.3542725E-07,0.000045
6.3547725E-07,0.000388
6.3552725E-07,0.000798
6.3557725E-07,0.001209
6.3562725E-07,0.001619
6.3567725E-07,0.001961
6.3572725E-07,0.002303
6.3577725E-07,0.002645
6.3582725E-07,0.002919
6.3587725E-07,0.003193
6.3592725E-07,0.003330
6.3597725E-07,0.003466
6.3602725E-07,0.003466
6.3607725E-07,0.003398
6.3612725E-07,0.003193
6.3617725E-07,0.002988
6.3622725E-07,0.002645
6.3627725E-07,0.002235
6.3632725E-07,0.001688
6.3637725E-07,0.001140
6.3642725E-07,0.000524
6.3647725E-07,-0.000160
6.3652725E-07,-0.000844
6.3657725E-07,-0.001597
6.3662725E-07,-0.002349
6.3667725E-07,-0.003033
6.3672725E-07,-0.003718
6.3677725E-07,-0.004402
6.3682725E-07,-0.005018
6.3687725E-07,-0.005633
6.3692725E-07,-0.006181
6.3697725E-07,-0.006660
6.3702725E-07,-0.007139
6.3707725E-07,-0.007549
6.3712725E-07,-0.007960
6.3717725E-07,-0.008370
6.3722725E-07,-0.008712
6.3727725E-07,-0.009123
6.3732725E-07,-0.009465
6.3737725E-07,-0.009875
6.3742725E-07,-0.010286
6.3747725E-07,-0.010696
6.3752725E-07,-0.011175
6.3757725E-07,-0.011723
6.3762725E-07,-0.012202
6.3767725E-07,-0.012749
6.3772725E-07,-0.013365
6.3777725E-07,-0.013912
6.3782725E-07,-0.014459
6.3787725E-07,-0.015007
6.3792725E-07,-0.015486
6.3797725E-07,-0.015965
6.3802725E-07,-0.016307
6.3807725E-07,-0.016649
6.3812725E-07,-0.016923
6.3817725E-07,-0.017059
6.3822725E-07,-0.017128
6.3827725E-07,-0.017059
6.3832725E-07,-0.016991
6.3837725E-07,-0.016786
6.3842725E-07,-0.016512
6.3847725E-07,-0.016170
6.3852725E-07,-0.015828
6.3857725E-07,-0.015417
6.3862725E-07,-0.014938
6.3867725E-07,-0.014459
6.3872725E-07,-0.014049
6.3877725E-07,-0.013570
6.3882725E-07,-0.013160
6.3887725E-07,-0.012749
6.3892725E-07,-0.012407
6.3897725E-07,-0.012065
6.3902725E-07,-0.011791
6.3907725E-07,-0.011517
6.3912725E-07,-0.011312
6.3917725E-07,-0.011175
6.3922725E-07,-0.010970
6.3927725E-07,-0.010833
6.3932725E-07,-0.010696
6.3937725E-07,-0.010560
6.3942725E-07,-0.010423
6.3947725E-07,-0.010286
6.3952725E-07,-0.010149
6.3957725E-07,-0.009944
6.3962725E-07,-0.009807
6.3967725E-07,-0.009602
6.3972725E-07,-0.009396
6.3977725E-07,-0.009191
6.3982725E-07,-0.008986
6.3987725E-07,-0.008849
6.3992725E-07,-0.008644
6.3997725E-07,-0.008507
6.4002725E-07,-0.008439
6.4007725E-07,-0.008370
6.4012725E-07,-0.008302
6.4017725E-07,-0.008370
6.4022725E-07,-0.008370
6.4027725E-07,-0.008507
6.4032725E-07,-0.008644
6.4037725E-07,-0.008781
6.4042725E-07,-0.008986
6.4047725E-07,-0.009191
6.4052725E-07,-0.009396
6.4057725E-07,-0.009533
6.4062725E-07,-0.009739
6.4067725E-07,-0.009875
6.4072725E-07,-0.009944
6.4077725E-07,-0.010081
6.4082725E-07,-0.010081
6.4087725E-07,-0.010081
6.4092725E-07,-0.010012
6.4097725E-07,-0.009944
6.4102725E-07,-0.009875
6.4107725E-07,-0.009807
6.4112725E-07,-0.009670
6.4117725E-07,-0.009602
6.4122725E-07,-0.009602
6.4127725E-07,-0.009602
6.4132725E-07,-0.009602
6.4137725E-07,-0.009739
6.4142725E-07,-0.009944
6.4147725E-07,-0.010217
6.4152725E-07,-0.010628
6.4157725E-07,-0.011107
6.4162725E-07,-0.011586
6.4167725E-07,-0.012202
6.4172725E-07,-0.012886
6.4177725E-07,-0.013570
6.4182725E-07,-0.014254
6.4187725E-07,-0.015007
6.4192725E-07,-0.015691
6.4197725E-07,-0.016307
6.4202725E-07,-0.016923
6.4207725E-07,-0.017402
6.4212725E-07,-0.017812
6.4217725E-07,-0.018086
6.4222725E-07,-0.018291
6.4227725E-07,-0.018359
6.4232725E-07,-0.018291
6.4237725E-07,-0.018154
6.4242725E-07,-0.017880
6.4247725E-07,-0.017470
6.4252725E-07,-0.017059
6.4257725E-07,-0.016512
6.4262725E-07,-0.015965
6.4267725E-07,-0.015417
6.4272725E-07,-0.014802
6.4277725E-07,-0.014186
6.4282725E-07,-0.013638
6.4287725E-07,-0.013160
6.4292725E-07,-0.012681
6.4297725E-07,-0.012202
6.4302725E-07,-0.011860
6.4307725E-07,-0.011517
6.4312725E-07,-0.011244
6.4317725E-07,-0.011038
6.4322725E-07,-0.010833
6.4327725E-07,-0.010696
6.4332725E-07,-0.010560
6.4337725E-07,-0.010423
6.4342725E-07,-0.010354
6.4347725E-07,-0.010217
6.4352725E-07,-0.010149
6.4357725E-07,-0.010012
6.4362725E-07,-0.009875
6.4367725E-07,-0.009807
6.4372725E-07,-0.009670
6.4377725E-07,-0.009602
6.4382725E-07,-0.009533
6.4387725E-07,-0.009465
6.4392725E-07,-0.009396
6.4397725E-07,-0.009396
6.4402725E-07,-0.009396
6.4407725E-07,-0.009465
6.4412725E-07,-0.009533
6.4417725E-07,-0.009670
6.4422725E-07,-0.009739
6.4427725E-07,-0.009875
6.4432725E-07,-0.009944
6.4437725E-07,-0.010012
6.4442725E-07,-0.010012
6.4447725E-07,-0.010012
6.4452725E-07,-0.009875
6.4457725E-07,-0.009602
6.4462725E-07,-0.009328
6.4467725E-07,-0.008849
6.4472725E-07,-0.008302
6.4477725E-07,-0.007549
6.4482725E-07,-0.006728
6.4487725E-07,-0.005839
6.4492725E-07,-0.004744
6.4497725E-07,-0.003649
6.4502725E-07,-0.002486
6.4507725E-07,-0.001254
6.4512725E-07,-0.000023
6.4517725E-07,0.001209
6.4522725E-07,0.002440
6.4527725E-07,0.003603
6.4532725E-07,0.004630
6.4537725E-07,0.005587
6.4542725E-07,0.006477
6.4547725E-07,0.007161
6.4552725E-07,0.007777
6.4557725E-07,0.008256
6.4562725E-07,0.008598
6.4567725E-07,0.008872
6.4572725E-07,0.009008
6.4577725E-07,0.009077
6.4582725E-07,0.009077
6.4587725E-07,0.009077
6.4592725E-07,0.009008
6.4597725E-07,0.008940
6.4602725E-07,0.008940
6.4607725E-07,0.009008
6.4612725E-07,0.009077
6.4617725E-07,0.009214
6.4622725E-07,0.009419
6.4627725E-07,0.009761
6.4632725E-07,0.010103
6.4637725E-07,0.010514
6.4642725E-07,0.010993
6.4647725E-07,0.011472
6.4652725E-07,0.011951
6.4657725E-07,0.012498
6.4662725E-07,0.012977
6.4667725E-07,0.013387
6.4672725E-07,0.013798
6.4677725E-07,0.014140
6.4682725E-07,0.014345
6.4687725E-07,0.014482
6.4692725E-07,0.014550
6.4697725E-07,0.014482
6.4702725E-07,0.014414
6.4707725E-07,0.014208
6.4712725E-07,0.013935
6.4717725E-07,0.013661
6.4722725E-07,0.013319
6.4727725E-07,0.012977
6.4732725E-07,0.012635
6.4737725E-07,0.012361
6.4742725E-07,0.012156
6.4747725E-07,0.012019
6.4752725E-07,0.011951
6.4757725E-07,0.012019
6.4762725E-07,0.012156
6.4767725E-07,0.012429
6.4772725E-07,0.012772
6.4777725E-07,0.013251
6.4782725E-07,0.013798
6.4787725E-07,0.014482
6.4792725E-07,0.015166
6.4797725E-07,0.015919
6.4802725E-07,0.016671
6.4807725E-07,0.017493
6.4812725E-07,0.018245
6.4817725E-07,0.019066
6.4822725E-07,0.019750
6.4827725E-07,0.020435
6.4832725E-07,0.021050
6.4837725E-07,0.021666
6.4842725E-07,0.022145
6.4847725E-07,0.022556
6.4852725E-07,0.022898
6.4857725E-07,0.023171
6.4862725E-07,0.023445
6.4867725E-07,0.023650
6.4872725E-07,0.023719
6.4877725E-07,0.023856
6.4882725E-07,0.023856
6.4887725E-07,0.023856
6.4892725E-07,0.023856
6.4897725E-07,0.023787
6.4902725E-07,0.023650
6.4907725E-07,0.023445
6.4912725E-07,0.023171
6.4917725E-07,0.022898
6.4922725E-07,0.022487
6.4927725E-07,0.021940
6.4932725E-07,0.021392
6.4937725E-07,0.020640
6.4942725E-07,0.019819
6.4947725E-07,0.018929
6.4952725E-07,0.017903
6.4957725E-07,0.016740
6.4962725E-07,0.015508
6.4967725E-07,0.014277
6.4972725E-07,0.012908
6.4977725E-07,0.011540
6.4982725E-07,0.010172
6.4987725E-07,0.008803
6.4992725E-07,0.007435
6.4997725E-07,0.006203
6.5002725E-07,0.004972
6.5007725E-07,0.003809
6.5012725E-07,0.002782
6.5017725E-07,0.001824
6.5022725E-07,0.000935
6.5027725E-07,0.000182
6.5032725E-07,-0.000502
6.5037725E-07,-0.001118
6.5042725E-07,-0.001665
6.5047725E-07,-0.002144
6.5052725E-07,-0.002623
6.5057725E-07,-0.003102
6.5062725E-07,-0.003581
6.5067725E-07,-0.004060
6.5072725E-07,-0.004539
6.5077725E-07,-0.005086
6.5082725E-07,-0.005702
6.5087725E-07,-0.006318
6.5092725E-07,-0.006933
6.5097725E-07,-0.007549
6.5102725E-07,-0.008165
6.5107725E-07,-0.008781
6.5112725E-07,-0.009328
6.5117725E-07,-0.009807
6.5122725E-07,-0.010149
6.5127725E-07,-0.010423
6.5132725E-07,-0.010628
6.5137725E-07,-0.010628
6.5142725E-07,-0.010491
6.5147725E-07,-0.010217
6.5152725E-07,-0.009875
6.5157725E-07,-0.009328
6.5162725E-07,-0.008712
6.5167725E-07,-0.008028
6.5172725E-07,-0.007275
6.5177725E-07,-0.006523
6.5182725E-07,-0.005770
6.5187725E-07,-0.005018
6.5192725E-07,-0.004333
6.5197725E-07,-0.003718
6.5202725E-07,-0.003170
6.5207725E-07,-0.002760
6.5212725E-07,-0.002486
6.5217725E-07,-0.002281
6.5222725E-07,-0.002212
6.5227725E-07,-0.002212
6.5232725E-07,-0.002349
6.5237725E-07,-0.002554
6.5242725E-07,-0.002828
6.5247725E-07,-0.003170
6.5252725E-07,-0.003444
6.5257725E-07,-0.003718
6.5262725E-07,-0.003991
6.5267725E-07,-0.004197
6.5272725E-07,-0.004402
6.5277725E-07,-0.004470
6.5282725E-07,-0.004470
6.5287725E-07,-0.004470
6.5292725E-07,-0.004333
6.5297725E-07,-0.004197
6.5302725E-07,-0.003991
6.5307725E-07,-0.003786
6.5312725E-07,-0.003581
6.5317725E-07,-0.003444
6.5322725E-07,-0.003307
6.5327725E-07,-0.003307
6.5332725E-07,-0.003307
6.5337725E-07,-0.003444
6.5342725E-07,-0.003649
6.5347725E-07,-0.003991
6.5352725E-07,-0.004402
6.5357725E-07,-0.004881
6.5362725E-07,-0.005428
6.5367725E-07,-0.006044
6.5372725E-07,-0.006660
6.5377725E-07,-0.007344
6.5382725E-07,-0.007960
6.5387725E-07,-0.008507
6.5392725E-07,-0.009054
6.5397725E-07,-0.009533
6.5402725E-07,-0.009875
6.5407725E-07,-0.010149
6.5412725E-07,-0.010286
6.5417725E-07,-0.010354
6.5422725E-07,-0.010286
6.5427725E-07,-0.010149
6.5432725E-07,-0.009944
6.5437725E-07,-0.009670
