LECROYWaveRunner‘N,20113,Waveform
Segments,1,SegmentSize,4002
Segment,TrigTime,TimeSinceSegment1
#1,12-Dec-2018 11:33:19,0                 
Time,Ampl
4.5692101E-07,-0.000341
4.5697101E-07,-0.000205
4.5702101E-07,-0.000205
4.5707101E-07,-0.000341
4.5712101E-07,-0.000477
4.5717101E-07,-0.000885
4.5722101E-07,-0.001428
4.5727101E-07,-0.002108
4.5732101E-07,-0.002787
4.5737101E-07,-0.003739
4.5742101E-07,-0.004826
4.5747101E-07,-0.005913
4.5752101E-07,-0.007136
4.5757101E-07,-0.008359
4.5762101E-07,-0.009582
4.5767101E-07,-0.010805
4.5772101E-07,-0.012028
4.5777101E-07,-0.013251
4.5782101E-07,-0.014339
4.5787101E-07,-0.015290
4.5792101E-07,-0.016105
4.5797101E-07,-0.016921
4.5802101E-07,-0.017464
4.5807101E-07,-0.018008
4.5812101E-07,-0.018415
4.5817101E-07,-0.018687
4.5822101E-07,-0.018959
4.5827101E-07,-0.019231
4.5832101E-07,-0.019367
4.5837101E-07,-0.019503
4.5842101E-07,-0.019774
4.5847101E-07,-0.020046
4.5852101E-07,-0.020318
4.5857101E-07,-0.020726
4.5862101E-07,-0.021269
4.5867101E-07,-0.021813
4.5872101E-07,-0.022492
4.5877101E-07,-0.023172
4.5882101E-07,-0.023987
4.5887101E-07,-0.024803
4.5892101E-07,-0.025618
4.5897101E-07,-0.026298
4.5902101E-07,-0.027113
4.5907101E-07,-0.027656
4.5912101E-07,-0.028200
4.5917101E-07,-0.028472
4.5922101E-07,-0.028608
4.5927101E-07,-0.028608
4.5932101E-07,-0.028472
4.5937101E-07,-0.028064
4.5942101E-07,-0.027521
4.5947101E-07,-0.026841
4.5952101E-07,-0.026026
4.5957101E-07,-0.025074
4.5962101E-07,-0.023987
4.5967101E-07,-0.022764
4.5972101E-07,-0.021541
4.5977101E-07,-0.020318
4.5982101E-07,-0.019095
4.5987101E-07,-0.017872
4.5992101E-07,-0.016649
4.5997101E-07,-0.015562
4.6002101E-07,-0.014474
4.6007101E-07,-0.013387
4.6012101E-07,-0.012436
4.6017101E-07,-0.011621
4.6022101E-07,-0.010805
4.6027101E-07,-0.009990
4.6032101E-07,-0.009310
4.6037101E-07,-0.008495
4.6042101E-07,-0.007815
4.6047101E-07,-0.007136
4.6052101E-07,-0.006456
4.6057101E-07,-0.005777
4.6062101E-07,-0.004962
4.6067101E-07,-0.004146
4.6072101E-07,-0.003467
4.6077101E-07,-0.002651
4.6082101E-07,-0.001836
4.6087101E-07,-0.001021
4.6092101E-07,-0.000205
4.6097101E-07,0.000610
4.6102101E-07,0.001426
4.6107101E-07,0.002105
4.6112101E-07,0.002785
4.6117101E-07,0.003464
4.6122101E-07,0.004144
4.6127101E-07,0.004823
4.6132101E-07,0.005367
4.6137101E-07,0.006046
4.6142101E-07,0.006726
4.6147101E-07,0.007405
4.6152101E-07,0.008085
4.6157101E-07,0.008764
4.6162101E-07,0.009715
4.6167101E-07,0.010667
4.6172101E-07,0.011618
4.6177101E-07,0.012841
4.6182101E-07,0.014200
4.6187101E-07,0.015559
4.6192101E-07,0.017054
4.6197101E-07,0.018685
4.6202101E-07,0.020451
4.6207101E-07,0.022218
4.6212101E-07,0.024120
4.6217101E-07,0.025887
4.6222101E-07,0.027790
4.6227101E-07,0.029556
4.6232101E-07,0.031187
4.6237101E-07,0.032818
4.6242101E-07,0.034177
4.6247101E-07,0.035400
4.6252101E-07,0.036351
4.6257101E-07,0.037031
4.6262101E-07,0.037574
4.6267101E-07,0.037846
4.6272101E-07,0.037710
4.6277101E-07,0.037438
4.6282101E-07,0.036759
4.6287101E-07,0.035944
4.6292101E-07,0.034856
4.6297101E-07,0.033633
4.6302101E-07,0.032138
4.6307101E-07,0.030508
4.6312101E-07,0.028877
4.6317101E-07,0.027110
4.6322101E-07,0.025208
4.6327101E-07,0.023305
4.6332101E-07,0.021402
4.6337101E-07,0.019636
4.6342101E-07,0.017869
4.6347101E-07,0.016102
4.6352101E-07,0.014336
4.6357101E-07,0.012841
4.6362101E-07,0.011210
4.6367101E-07,0.009851
4.6372101E-07,0.008492
4.6377101E-07,0.007133
4.6382101E-07,0.005910
4.6387101E-07,0.004687
4.6392101E-07,0.003600
4.6397101E-07,0.002513
4.6402101E-07,0.001561
4.6407101E-07,0.000474
4.6412101E-07,-0.000341
4.6417101E-07,-0.001156
4.6422101E-07,-0.001972
4.6427101E-07,-0.002651
4.6432101E-07,-0.003195
4.6437101E-07,-0.003603
4.6442101E-07,-0.004010
4.6447101E-07,-0.004146
4.6452101E-07,-0.004282
4.6457101E-07,-0.004146
4.6462101E-07,-0.003874
4.6467101E-07,-0.003467
4.6472101E-07,-0.002923
4.6477101E-07,-0.002244
4.6482101E-07,-0.001428
4.6487101E-07,-0.000477
4.6492101E-07,0.000610
4.6497101E-07,0.001561
4.6502101E-07,0.002649
4.6507101E-07,0.003736
4.6512101E-07,0.004823
4.6517101E-07,0.005774
4.6522101E-07,0.006726
4.6527101E-07,0.007405
4.6532101E-07,0.008085
4.6537101E-07,0.008628
4.6542101E-07,0.009036
4.6547101E-07,0.009308
4.6552101E-07,0.009308
4.6557101E-07,0.009308
4.6562101E-07,0.009172
4.6567101E-07,0.008900
4.6572101E-07,0.008492
4.6577101E-07,0.007949
4.6582101E-07,0.007405
4.6587101E-07,0.006861
4.6592101E-07,0.006182
4.6597101E-07,0.005502
4.6602101E-07,0.004823
4.6607101E-07,0.004144
4.6612101E-07,0.003328
4.6617101E-07,0.002513
4.6622101E-07,0.001697
4.6627101E-07,0.000746
4.6632101E-07,-0.000205
4.6637101E-07,-0.001156
4.6642101E-07,-0.002244
4.6647101E-07,-0.003331
4.6652101E-07,-0.004418
4.6657101E-07,-0.005641
4.6662101E-07,-0.006864
4.6667101E-07,-0.007951
4.6672101E-07,-0.009174
4.6677101E-07,-0.010262
4.6682101E-07,-0.011349
4.6687101E-07,-0.012300
4.6692101E-07,-0.012980
4.6697101E-07,-0.013659
4.6702101E-07,-0.014067
4.6707101E-07,-0.014339
4.6712101E-07,-0.014203
4.6717101E-07,-0.014067
4.6722101E-07,-0.013523
4.6727101E-07,-0.012844
4.6732101E-07,-0.012028
4.6737101E-07,-0.010941
4.6742101E-07,-0.009718
4.6747101E-07,-0.008495
4.6752101E-07,-0.007136
4.6757101E-07,-0.005913
4.6762101E-07,-0.004554
4.6767101E-07,-0.003467
4.6772101E-07,-0.002380
4.6777101E-07,-0.001564
4.6782101E-07,-0.000885
4.6787101E-07,-0.000477
4.6792101E-07,-0.000341
4.6797101E-07,-0.000341
4.6802101E-07,-0.000749
4.6807101E-07,-0.001292
4.6812101E-07,-0.001972
4.6817101E-07,-0.002923
4.6822101E-07,-0.004010
4.6827101E-07,-0.005233
4.6832101E-07,-0.006456
4.6837101E-07,-0.007680
4.6842101E-07,-0.008903
4.6847101E-07,-0.009990
4.6852101E-07,-0.011077
4.6857101E-07,-0.011892
4.6862101E-07,-0.012572
4.6867101E-07,-0.013115
4.6872101E-07,-0.013251
4.6877101E-07,-0.013387
4.6882101E-07,-0.013115
4.6887101E-07,-0.012708
4.6892101E-07,-0.012164
4.6897101E-07,-0.011349
4.6902101E-07,-0.010398
4.6907101E-07,-0.009446
4.6912101E-07,-0.008223
4.6917101E-07,-0.007000
4.6922101E-07,-0.005641
4.6927101E-07,-0.004282
4.6932101E-07,-0.002923
4.6937101E-07,-0.001564
4.6942101E-07,-0.000341
4.6947101E-07,0.001018
4.6952101E-07,0.002241
4.6957101E-07,0.003328
4.6962101E-07,0.004415
4.6967101E-07,0.005502
4.6972101E-07,0.006318
4.6977101E-07,0.007269
4.6982101E-07,0.007949
4.6987101E-07,0.008628
4.6992101E-07,0.009172
4.6997101E-07,0.009579
4.7002101E-07,0.009987
4.7007101E-07,0.010123
4.7012101E-07,0.010123
4.7017101E-07,0.010123
4.7022101E-07,0.009715
4.7027101E-07,0.009308
4.7032101E-07,0.008628
4.7037101E-07,0.007813
4.7042101E-07,0.006726
4.7047101E-07,0.005502
4.7052101E-07,0.004008
4.7057101E-07,0.002377
4.7062101E-07,0.000610
4.7067101E-07,-0.001292
4.7072101E-07,-0.003195
4.7077101E-07,-0.005233
4.7082101E-07,-0.007272
4.7087101E-07,-0.009310
4.7092101E-07,-0.011349
4.7097101E-07,-0.013115
4.7102101E-07,-0.014882
4.7107101E-07,-0.016377
4.7112101E-07,-0.017600
4.7117101E-07,-0.018551
4.7122101E-07,-0.019367
4.7127101E-07,-0.019774
4.7132101E-07,-0.019910
4.7137101E-07,-0.019774
4.7142101E-07,-0.019503
4.7147101E-07,-0.018823
4.7152101E-07,-0.018008
4.7157101E-07,-0.017056
4.7162101E-07,-0.015969
4.7167101E-07,-0.014746
4.7172101E-07,-0.013523
4.7177101E-07,-0.012436
4.7182101E-07,-0.011349
4.7187101E-07,-0.010262
4.7192101E-07,-0.009446
4.7197101E-07,-0.008767
4.7202101E-07,-0.008223
4.7207101E-07,-0.007951
4.7212101E-07,-0.007815
4.7217101E-07,-0.007815
4.7222101E-07,-0.008087
4.7227101E-07,-0.008359
4.7232101E-07,-0.008631
4.7237101E-07,-0.009039
4.7242101E-07,-0.009446
4.7247101E-07,-0.009854
4.7252101E-07,-0.010126
4.7257101E-07,-0.010262
4.7262101E-07,-0.010398
4.7267101E-07,-0.010262
4.7272101E-07,-0.009990
4.7277101E-07,-0.009446
4.7282101E-07,-0.008767
4.7287101E-07,-0.007951
4.7292101E-07,-0.007136
4.7297101E-07,-0.006049
4.7302101E-07,-0.004962
4.7307101E-07,-0.003874
4.7312101E-07,-0.002787
4.7317101E-07,-0.001700
4.7322101E-07,-0.000749
4.7327101E-07,0.000067
4.7332101E-07,0.000746
4.7337101E-07,0.001290
4.7342101E-07,0.001697
4.7347101E-07,0.001833
4.7352101E-07,0.001969
4.7357101E-07,0.001833
4.7362101E-07,0.001561
4.7367101E-07,0.001290
4.7372101E-07,0.001018
4.7377101E-07,0.000610
4.7382101E-07,0.000202
4.7387101E-07,-0.000205
4.7392101E-07,-0.000477
4.7397101E-07,-0.000749
4.7402101E-07,-0.001021
4.7407101E-07,-0.001156
4.7412101E-07,-0.001156
4.7417101E-07,-0.001156
4.7422101E-07,-0.001021
4.7427101E-07,-0.000885
4.7432101E-07,-0.000749
4.7437101E-07,-0.000613
4.7442101E-07,-0.000613
4.7447101E-07,-0.000613
4.7452101E-07,-0.000749
4.7457101E-07,-0.000885
4.7462101E-07,-0.001292
4.7467101E-07,-0.001700
4.7472101E-07,-0.002244
4.7477101E-07,-0.002923
4.7482101E-07,-0.003739
4.7487101E-07,-0.004690
4.7492101E-07,-0.005505
4.7497101E-07,-0.006456
4.7502101E-07,-0.007408
4.7507101E-07,-0.008359
4.7512101E-07,-0.009174
4.7517101E-07,-0.009990
4.7522101E-07,-0.010533
4.7527101E-07,-0.011077
4.7532101E-07,-0.011485
4.7537101E-07,-0.011756
4.7542101E-07,-0.011892
4.7547101E-07,-0.011892
4.7552101E-07,-0.011756
4.7557101E-07,-0.011621
4.7562101E-07,-0.011349
4.7567101E-07,-0.011077
4.7572101E-07,-0.010805
4.7577101E-07,-0.010533
4.7582101E-07,-0.010398
4.7587101E-07,-0.010262
4.7592101E-07,-0.010262
4.7597101E-07,-0.010262
4.7602101E-07,-0.010398
4.7607101E-07,-0.010669
4.7612101E-07,-0.010941
4.7617101E-07,-0.011349
4.7622101E-07,-0.011621
4.7627101E-07,-0.012028
4.7632101E-07,-0.012300
4.7637101E-07,-0.012572
4.7642101E-07,-0.012708
4.7647101E-07,-0.012708
4.7652101E-07,-0.012572
4.7657101E-07,-0.012300
4.7662101E-07,-0.011892
4.7667101E-07,-0.011213
4.7672101E-07,-0.010398
4.7677101E-07,-0.009310
4.7682101E-07,-0.008223
4.7687101E-07,-0.006864
4.7692101E-07,-0.005505
4.7697101E-07,-0.004146
4.7702101E-07,-0.002651
4.7707101E-07,-0.001156
4.7712101E-07,0.000338
4.7717101E-07,0.001697
4.7722101E-07,0.002920
4.7727101E-07,0.004008
4.7732101E-07,0.004959
4.7737101E-07,0.005774
4.7742101E-07,0.006454
4.7747101E-07,0.006997
4.7752101E-07,0.007269
4.7757101E-07,0.007541
4.7762101E-07,0.007541
4.7767101E-07,0.007541
4.7772101E-07,0.007541
4.7777101E-07,0.007405
4.7782101E-07,0.007133
4.7787101E-07,0.006997
4.7792101E-07,0.006861
4.7797101E-07,0.006590
4.7802101E-07,0.006454
4.7807101E-07,0.006182
4.7812101E-07,0.006046
4.7817101E-07,0.005910
4.7822101E-07,0.005638
4.7827101E-07,0.005367
4.7832101E-07,0.004959
4.7837101E-07,0.004551
4.7842101E-07,0.003872
4.7847101E-07,0.003192
4.7852101E-07,0.002241
4.7857101E-07,0.001154
4.7862101E-07,-0.000069
4.7867101E-07,-0.001564
4.7872101E-07,-0.003195
4.7877101E-07,-0.004962
4.7882101E-07,-0.006864
4.7887101E-07,-0.008903
4.7892101E-07,-0.011077
4.7897101E-07,-0.013251
4.7902101E-07,-0.015562
4.7907101E-07,-0.017736
4.7912101E-07,-0.020046
4.7917101E-07,-0.022085
4.7922101E-07,-0.024123
4.7927101E-07,-0.026162
4.7932101E-07,-0.027928
4.7937101E-07,-0.029559
4.7942101E-07,-0.031054
4.7947101E-07,-0.032549
4.7952101E-07,-0.033772
4.7957101E-07,-0.034995
4.7962101E-07,-0.036082
4.7967101E-07,-0.037033
4.7972101E-07,-0.037985
4.7977101E-07,-0.038936
4.7982101E-07,-0.039887
4.7987101E-07,-0.040703
4.7992101E-07,-0.041518
4.7997101E-07,-0.042469
4.8002101E-07,-0.043149
4.8007101E-07,-0.043964
4.8012101E-07,-0.044644
4.8017101E-07,-0.045187
4.8022101E-07,-0.045595
4.8027101E-07,-0.045731
4.8032101E-07,-0.045731
4.8037101E-07,-0.045459
4.8042101E-07,-0.045051
4.8047101E-07,-0.044100
4.8052101E-07,-0.043013
4.8057101E-07,-0.041518
4.8062101E-07,-0.039751
4.8067101E-07,-0.037577
4.8072101E-07,-0.035267
4.8077101E-07,-0.032549
4.8082101E-07,-0.029695
4.8087101E-07,-0.026705
4.8092101E-07,-0.023580
4.8097101E-07,-0.020454
4.8102101E-07,-0.017328
4.8107101E-07,-0.014339
4.8112101E-07,-0.011485
4.8117101E-07,-0.008903
4.8122101E-07,-0.006456
4.8127101E-07,-0.004418
4.8132101E-07,-0.002651
4.8137101E-07,-0.001292
4.8142101E-07,-0.000205
4.8147101E-07,0.000610
4.8152101E-07,0.001018
4.8157101E-07,0.001154
4.8162101E-07,0.001018
4.8167101E-07,0.000610
4.8172101E-07,0.000202
4.8177101E-07,-0.000477
4.8182101E-07,-0.001292
4.8187101E-07,-0.002108
4.8192101E-07,-0.002923
4.8197101E-07,-0.003739
4.8202101E-07,-0.004554
4.8207101E-07,-0.005369
4.8212101E-07,-0.006185
4.8217101E-07,-0.006864
4.8222101E-07,-0.007680
4.8227101E-07,-0.008359
4.8232101E-07,-0.009174
4.8237101E-07,-0.009990
4.8242101E-07,-0.010805
4.8247101E-07,-0.011756
4.8252101E-07,-0.012844
4.8257101E-07,-0.013931
4.8262101E-07,-0.015154
4.8267101E-07,-0.016377
4.8272101E-07,-0.017736
4.8277101E-07,-0.019095
4.8282101E-07,-0.020454
4.8287101E-07,-0.021813
4.8292101E-07,-0.023036
4.8297101E-07,-0.024123
4.8302101E-07,-0.025074
4.8307101E-07,-0.025890
4.8312101E-07,-0.026433
4.8317101E-07,-0.026705
4.8322101E-07,-0.026705
4.8327101E-07,-0.026298
4.8332101E-07,-0.025754
4.8337101E-07,-0.024803
4.8342101E-07,-0.023580
4.8347101E-07,-0.022221
4.8352101E-07,-0.020590
4.8357101E-07,-0.018687
4.8362101E-07,-0.016785
4.8367101E-07,-0.014746
4.8372101E-07,-0.012572
4.8377101E-07,-0.010533
4.8382101E-07,-0.008495
4.8387101E-07,-0.006592
4.8392101E-07,-0.004826
4.8397101E-07,-0.003195
4.8402101E-07,-0.001836
4.8407101E-07,-0.000613
4.8412101E-07,0.000474
4.8417101E-07,0.001290
4.8422101E-07,0.001969
4.8427101E-07,0.002377
4.8432101E-07,0.002649
4.8437101E-07,0.002785
4.8442101E-07,0.002785
4.8447101E-07,0.002785
4.8452101E-07,0.002649
4.8457101E-07,0.002377
4.8462101E-07,0.001969
4.8467101E-07,0.001697
4.8472101E-07,0.001290
4.8477101E-07,0.000746
4.8482101E-07,0.000202
4.8487101E-07,-0.000477
4.8492101E-07,-0.001156
4.8497101E-07,-0.001972
4.8502101E-07,-0.002923
4.8507101E-07,-0.003874
4.8512101E-07,-0.005098
4.8517101E-07,-0.006321
4.8522101E-07,-0.007680
4.8527101E-07,-0.009174
4.8532101E-07,-0.010669
4.8537101E-07,-0.012164
4.8542101E-07,-0.013795
4.8547101E-07,-0.015290
4.8552101E-07,-0.016649
4.8557101E-07,-0.018008
4.8562101E-07,-0.019095
4.8567101E-07,-0.020046
4.8572101E-07,-0.020726
4.8577101E-07,-0.021133
4.8582101E-07,-0.021269
4.8587101E-07,-0.021133
4.8592101E-07,-0.020590
4.8597101E-07,-0.019639
4.8602101E-07,-0.018551
4.8607101E-07,-0.017056
4.8612101E-07,-0.015426
4.8617101E-07,-0.013523
4.8622101E-07,-0.011485
4.8627101E-07,-0.009446
4.8632101E-07,-0.007272
4.8637101E-07,-0.005098
4.8642101E-07,-0.003059
4.8647101E-07,-0.001156
4.8652101E-07,0.000610
4.8657101E-07,0.002105
4.8662101E-07,0.003328
4.8667101E-07,0.004415
4.8672101E-07,0.005095
4.8677101E-07,0.005502
4.8682101E-07,0.005774
4.8687101E-07,0.005638
4.8692101E-07,0.005367
4.8697101E-07,0.004959
4.8702101E-07,0.004279
4.8707101E-07,0.003600
4.8712101E-07,0.002785
4.8717101E-07,0.001969
4.8722101E-07,0.001018
4.8727101E-07,0.000202
4.8732101E-07,-0.000477
4.8737101E-07,-0.001292
4.8742101E-07,-0.001972
4.8747101E-07,-0.002651
4.8752101E-07,-0.003195
4.8757101E-07,-0.003874
4.8762101E-07,-0.004418
4.8767101E-07,-0.005098
4.8772101E-07,-0.005913
4.8777101E-07,-0.006728
4.8782101E-07,-0.007680
4.8787101E-07,-0.008903
4.8792101E-07,-0.010126
4.8797101E-07,-0.011621
4.8802101E-07,-0.013115
4.8807101E-07,-0.014882
4.8812101E-07,-0.016785
4.8817101E-07,-0.018687
4.8822101E-07,-0.020726
4.8827101E-07,-0.022900
4.8832101E-07,-0.024939
4.8837101E-07,-0.026977
4.8842101E-07,-0.028880
4.8847101E-07,-0.030646
4.8852101E-07,-0.032277
4.8857101E-07,-0.033772
4.8862101E-07,-0.034995
4.8867101E-07,-0.035946
4.8872101E-07,-0.036898
4.8877101E-07,-0.037441
4.8882101E-07,-0.037849
4.8887101E-07,-0.038121
4.8892101E-07,-0.038256
4.8897101E-07,-0.038256
4.8902101E-07,-0.038121
4.8907101E-07,-0.037985
4.8912101E-07,-0.037849
4.8917101E-07,-0.037713
4.8922101E-07,-0.037577
4.8927101E-07,-0.037441
4.8932101E-07,-0.037441
4.8937101E-07,-0.037441
4.8942101E-07,-0.037577
4.8947101E-07,-0.037577
4.8952101E-07,-0.037713
4.8957101E-07,-0.037713
4.8962101E-07,-0.037713
4.8967101E-07,-0.037577
4.8972101E-07,-0.037441
4.8977101E-07,-0.037033
4.8982101E-07,-0.036490
4.8987101E-07,-0.035674
4.8992101E-07,-0.034723
4.8997101E-07,-0.033636
4.9002101E-07,-0.032277
4.9007101E-07,-0.030782
4.9012101E-07,-0.029151
4.9017101E-07,-0.027521
4.9022101E-07,-0.025754
4.9027101E-07,-0.023851
4.9032101E-07,-0.022085
4.9037101E-07,-0.020454
4.9042101E-07,-0.018823
4.9047101E-07,-0.017464
4.9052101E-07,-0.016241
4.9057101E-07,-0.015290
4.9062101E-07,-0.014474
4.9067101E-07,-0.014067
4.9072101E-07,-0.013795
4.9077101E-07,-0.013795
4.9082101E-07,-0.013931
4.9087101E-07,-0.014203
4.9092101E-07,-0.014746
4.9097101E-07,-0.015154
4.9102101E-07,-0.015698
4.9107101E-07,-0.016241
4.9112101E-07,-0.016649
4.9117101E-07,-0.017056
4.9122101E-07,-0.017192
4.9127101E-07,-0.017056
4.9132101E-07,-0.016785
4.9137101E-07,-0.016241
4.9142101E-07,-0.015426
4.9147101E-07,-0.014339
4.9152101E-07,-0.013115
4.9157101E-07,-0.011621
4.9162101E-07,-0.009854
4.9167101E-07,-0.007951
4.9172101E-07,-0.005913
4.9177101E-07,-0.003739
4.9182101E-07,-0.001564
4.9187101E-07,0.000746
4.9192101E-07,0.003192
4.9197101E-07,0.005502
4.9202101E-07,0.007949
4.9207101E-07,0.010395
4.9212101E-07,0.012841
4.9217101E-07,0.015287
4.9222101E-07,0.017869
4.9227101E-07,0.020451
4.9232101E-07,0.023033
4.9237101E-07,0.025751
4.9242101E-07,0.028469
4.9247101E-07,0.031459
4.9252101E-07,0.034449
4.9257101E-07,0.037574
4.9262101E-07,0.040836
4.9267101E-07,0.044233
4.9272101E-07,0.047767
4.9277101E-07,0.051300
4.9282101E-07,0.054969
4.9287101E-07,0.058774
4.9292101E-07,0.062579
4.9297101E-07,0.066385
4.9302101E-07,0.070326
4.9307101E-07,0.074131
4.9312101E-07,0.078072
4.9317101E-07,0.081877
4.9322101E-07,0.085818
4.9327101E-07,0.089759
4.9332101E-07,0.093700
4.9337101E-07,0.097777
4.9342101E-07,0.101990
4.9347101E-07,0.106338
4.9352101E-07,0.111095
4.9357101E-07,0.115987
4.9362101E-07,0.121151
4.9367101E-07,0.126859
4.9372101E-07,0.132974
4.9377101E-07,0.139633
4.9382101E-07,0.146836
4.9387101E-07,0.154718
4.9392101E-07,0.163144
4.9397101E-07,0.172113
4.9402101E-07,0.181761
4.9407101E-07,0.192090
4.9412101E-07,0.202961
4.9417101E-07,0.214513
4.9422101E-07,0.226472
4.9427101E-07,0.238974
4.9432101E-07,0.251885
4.9437101E-07,0.265203
4.9442101E-07,0.278928
4.9447101E-07,0.292926
4.9452101E-07,0.307059
4.9457101E-07,0.321464
4.9462101E-07,0.336005
4.9467101E-07,0.350682
4.9472101E-07,0.365495
4.9477101E-07,0.380308
4.9482101E-07,0.395256
4.9487101E-07,0.410205
4.9492101E-07,0.425290
4.9497101E-07,0.440510
4.9502101E-07,0.455731
4.9507101E-07,0.471223
4.9512101E-07,0.486715
4.9517101E-07,0.502344
4.9522101E-07,0.517972
4.9527101E-07,0.533872
4.9532101E-07,0.549772
4.9537101E-07,0.565808
4.9542101E-07,0.581979
4.9547101E-07,0.598015
4.9552101E-07,0.614187
4.9557101E-07,0.630223
4.9562101E-07,0.646123
4.9567101E-07,0.661887
4.9572101E-07,0.677651
4.9577101E-07,0.693008
4.9582101E-07,0.708092
4.9587101E-07,0.723041
4.9592101E-07,0.737582
4.9597101E-07,0.751851
4.9602101E-07,0.765713
4.9607101E-07,0.779167
4.9612101E-07,0.792349
4.9617101E-07,0.805259
4.9622101E-07,0.817762
4.9627101E-07,0.829992
4.9632101E-07,0.841951
4.9637101E-07,0.853638
4.9642101E-07,0.864918
4.9647101E-07,0.876062
4.9652101E-07,0.886797
4.9657101E-07,0.897397
4.9662101E-07,0.907590
4.9667101E-07,0.917510
4.9672101E-07,0.927023
4.9677101E-07,0.936128
4.9682101E-07,0.944690
4.9687101E-07,0.952844
4.9692101E-07,0.960454
4.9697101E-07,0.967521
4.9702101E-07,0.973908
4.9707101E-07,0.979615
4.9712101E-07,0.984644
4.9717101E-07,0.988992
4.9722101E-07,0.992526
4.9727101E-07,0.995379
4.9732101E-07,0.997554
4.9737101E-07,0.998913
4.9742101E-07,0.999864
4.9747101E-07,1.000000
4.9752101E-07,0.999728
4.9757101E-07,0.998913
4.9762101E-07,0.997690
4.9767101E-07,0.996195
4.9772101E-07,0.994292
4.9777101E-07,0.992254
4.9782101E-07,0.989944
4.9787101E-07,0.987497
4.9792101E-07,0.985051
4.9797101E-07,0.982333
4.9802101E-07,0.979615
4.9807101E-07,0.976762
4.9812101E-07,0.973908
4.9817101E-07,0.970782
4.9822101E-07,0.967521
4.9827101E-07,0.964123
4.9832101E-07,0.960454
4.9837101E-07,0.956513
4.9842101E-07,0.952164
4.9847101E-07,0.947679
4.9852101E-07,0.942651
4.9857101E-07,0.937487
4.9862101E-07,0.931779
4.9867101E-07,0.925800
4.9872101E-07,0.919549
4.9877101E-07,0.913026
4.9882101E-07,0.906231
4.9887101E-07,0.899164
4.9892101E-07,0.892097
4.9897101E-07,0.884895
4.9902101E-07,0.877692
4.9907101E-07,0.870626
4.9912101E-07,0.863559
4.9917101E-07,0.856492
4.9922101E-07,0.849833
4.9927101E-07,0.843174
4.9932101E-07,0.836923
4.9937101E-07,0.830672
4.9942101E-07,0.824828
4.9947101E-07,0.818985
4.9952101E-07,0.813413
4.9957101E-07,0.807977
4.9962101E-07,0.802677
4.9967101E-07,0.797377
4.9972101E-07,0.792077
4.9977101E-07,0.786777
4.9982101E-07,0.781477
4.9987101E-07,0.776177
4.9992101E-07,0.770741
4.9997101E-07,0.765169
5.0002101E-07,0.759597
5.0007101E-07,0.753890
5.0012101E-07,0.748182
5.0017101E-07,0.742338
5.0022101E-07,0.736631
5.0027101E-07,0.730923
5.0032101E-07,0.725215
5.0037101E-07,0.719779
5.0042101E-07,0.714344
5.0047101E-07,0.709179
5.0052101E-07,0.704151
5.0057101E-07,0.699259
5.0062101E-07,0.694638
5.0067101E-07,0.690290
5.0072101E-07,0.686077
5.0077101E-07,0.682000
5.0082101E-07,0.678195
5.0087101E-07,0.674390
5.0092101E-07,0.670720
5.0097101E-07,0.667051
5.0102101E-07,0.663518
5.0107101E-07,0.659849
5.0112101E-07,0.656179
5.0117101E-07,0.652374
5.0122101E-07,0.648433
5.0127101E-07,0.644356
5.0132101E-07,0.640279
5.0137101E-07,0.635931
5.0142101E-07,0.631582
5.0147101E-07,0.626962
5.0152101E-07,0.622341
5.0157101E-07,0.617585
5.0162101E-07,0.612828
5.0167101E-07,0.608072
5.0172101E-07,0.603315
5.0177101E-07,0.598559
5.0182101E-07,0.593803
5.0187101E-07,0.589046
5.0192101E-07,0.584290
5.0197101E-07,0.579669
5.0202101E-07,0.575049
5.0207101E-07,0.570428
5.0212101E-07,0.565808
5.0217101E-07,0.561187
5.0222101E-07,0.556431
5.0227101E-07,0.551538
5.0232101E-07,0.546510
5.0237101E-07,0.541346
5.0242101E-07,0.535910
5.0247101E-07,0.530338
5.0252101E-07,0.524359
5.0257101E-07,0.518244
5.0262101E-07,0.511720
5.0267101E-07,0.505062
5.0272101E-07,0.497995
5.0277101E-07,0.490656
5.0282101E-07,0.483182
5.0287101E-07,0.475436
5.0292101E-07,0.467554
5.0297101E-07,0.459400
5.0302101E-07,0.451246
5.0307101E-07,0.443092
5.0312101E-07,0.434803
5.0317101E-07,0.426513
5.0322101E-07,0.418359
5.0327101E-07,0.410205
5.0332101E-07,0.402187
5.0337101E-07,0.394305
5.0342101E-07,0.386559
5.0347101E-07,0.378813
5.0352101E-07,0.371338
5.0357101E-07,0.364136
5.0362101E-07,0.356933
5.0367101E-07,0.349867
5.0372101E-07,0.343072
5.0377101E-07,0.336413
5.0382101E-07,0.330026
5.0387101E-07,0.323638
5.0392101E-07,0.317523
5.0397101E-07,0.311679
5.0402101E-07,0.305972
5.0407101E-07,0.300672
5.0412101E-07,0.295508
5.0417101E-07,0.290615
5.0422101E-07,0.285995
5.0427101E-07,0.281782
5.0432101E-07,0.277841
5.0437101E-07,0.274308
5.0442101E-07,0.271046
5.0447101E-07,0.268192
5.0452101E-07,0.265610
5.0457101E-07,0.263436
5.0462101E-07,0.261533
5.0467101E-07,0.259903
5.0472101E-07,0.258408
5.0477101E-07,0.257185
5.0482101E-07,0.256233
5.0487101E-07,0.255282
5.0492101E-07,0.254331
5.0497101E-07,0.253515
5.0502101E-07,0.252700
5.0507101E-07,0.251749
5.0512101E-07,0.250661
5.0517101E-07,0.249574
5.0522101E-07,0.248351
5.0527101E-07,0.246992
5.0532101E-07,0.245497
5.0537101E-07,0.244003
5.0542101E-07,0.242372
5.0547101E-07,0.240605
5.0552101E-07,0.238974
5.0557101E-07,0.237344
5.0562101E-07,0.235713
5.0567101E-07,0.234354
5.0572101E-07,0.232995
5.0577101E-07,0.232044
5.0582101E-07,0.231228
5.0587101E-07,0.230685
5.0592101E-07,0.230549
5.0597101E-07,0.230685
5.0602101E-07,0.231228
5.0607101E-07,0.231908
5.0612101E-07,0.232995
5.0617101E-07,0.234354
5.0622101E-07,0.235985
5.0627101E-07,0.237751
5.0632101E-07,0.239654
5.0637101E-07,0.241692
5.0642101E-07,0.243731
5.0647101E-07,0.245905
5.0652101E-07,0.247944
5.0657101E-07,0.249982
5.0662101E-07,0.251885
5.0667101E-07,0.253515
5.0672101E-07,0.255146
5.0677101E-07,0.256505
5.0682101E-07,0.257864
5.0687101E-07,0.258815
5.0692101E-07,0.259767
5.0697101E-07,0.260446
5.0702101E-07,0.260990
5.0707101E-07,0.261533
5.0712101E-07,0.261805
5.0717101E-07,0.261941
5.0722101E-07,0.262077
5.0727101E-07,0.262077
5.0732101E-07,0.261941
5.0737101E-07,0.261669
5.0742101E-07,0.261397
5.0747101E-07,0.260990
5.0752101E-07,0.260446
5.0757101E-07,0.259767
5.0762101E-07,0.258951
5.0767101E-07,0.257864
5.0772101E-07,0.256777
5.0777101E-07,0.255418
5.0782101E-07,0.253923
5.0787101E-07,0.252292
5.0792101E-07,0.250390
5.0797101E-07,0.248487
5.0802101E-07,0.246449
5.0807101E-07,0.244274
5.0812101E-07,0.242100
5.0817101E-07,0.239926
5.0822101E-07,0.237751
5.0827101E-07,0.235577
5.0832101E-07,0.233538
5.0837101E-07,0.231636
5.0842101E-07,0.229869
5.0847101E-07,0.228238
5.0852101E-07,0.226744
5.0857101E-07,0.225385
5.0862101E-07,0.224297
5.0867101E-07,0.223210
5.0872101E-07,0.222259
5.0877101E-07,0.221308
5.0882101E-07,0.220492
5.0887101E-07,0.219677
5.0892101E-07,0.218726
5.0897101E-07,0.217638
5.0902101E-07,0.216415
5.0907101E-07,0.215056
5.0912101E-07,0.213561
5.0917101E-07,0.211659
5.0922101E-07,0.209620
5.0927101E-07,0.207310
5.0932101E-07,0.204592
5.0937101E-07,0.201738
5.0942101E-07,0.198749
5.0947101E-07,0.195351
5.0952101E-07,0.191954
5.0957101E-07,0.188420
5.0962101E-07,0.184751
5.0967101E-07,0.181082
5.0972101E-07,0.177549
5.0977101E-07,0.174015
5.0982101E-07,0.170482
5.0987101E-07,0.167220
5.0992101E-07,0.164095
5.0997101E-07,0.161105
5.1002101E-07,0.158387
5.1007101E-07,0.155941
5.1012101E-07,0.153631
5.1017101E-07,0.151592
5.1022101E-07,0.149826
5.1027101E-07,0.148195
5.1032101E-07,0.146700
5.1037101E-07,0.145477
5.1042101E-07,0.144390
5.1047101E-07,0.143438
5.1052101E-07,0.142623
5.1057101E-07,0.141808
5.1062101E-07,0.141264
5.1067101E-07,0.140856
5.1072101E-07,0.140449
5.1077101E-07,0.140177
5.1082101E-07,0.140041
5.1087101E-07,0.140041
5.1092101E-07,0.140177
5.1097101E-07,0.140313
5.1102101E-07,0.140720
5.1107101E-07,0.141128
5.1112101E-07,0.141672
5.1117101E-07,0.142351
5.1122101E-07,0.143031
5.1127101E-07,0.143710
5.1132101E-07,0.144526
5.1137101E-07,0.145341
5.1142101E-07,0.146020
5.1147101E-07,0.146700
5.1152101E-07,0.147244
5.1157101E-07,0.147787
5.1162101E-07,0.148059
5.1167101E-07,0.148059
5.1172101E-07,0.147923
5.1177101E-07,0.147515
5.1182101E-07,0.146972
5.1187101E-07,0.146156
5.1192101E-07,0.145069
5.1197101E-07,0.143846
5.1202101E-07,0.142351
5.1207101E-07,0.140856
5.1212101E-07,0.139226
5.1217101E-07,0.137595
5.1222101E-07,0.135828
5.1227101E-07,0.134197
5.1232101E-07,0.132567
5.1237101E-07,0.131072
5.1242101E-07,0.129713
5.1247101E-07,0.128490
5.1252101E-07,0.127538
5.1257101E-07,0.126587
5.1262101E-07,0.126044
5.1267101E-07,0.125500
5.1272101E-07,0.125228
5.1277101E-07,0.125092
5.1282101E-07,0.124956
5.1287101E-07,0.125092
5.1292101E-07,0.125092
5.1297101E-07,0.125092
5.1302101E-07,0.125092
5.1307101E-07,0.124956
5.1312101E-07,0.124820
5.1317101E-07,0.124549
5.1322101E-07,0.124005
5.1327101E-07,0.123461
5.1332101E-07,0.122782
5.1337101E-07,0.121831
5.1342101E-07,0.120879
5.1347101E-07,0.119792
5.1352101E-07,0.118569
5.1357101E-07,0.117346
5.1362101E-07,0.115987
5.1367101E-07,0.114764
5.1372101E-07,0.113541
5.1377101E-07,0.112454
5.1382101E-07,0.111367
5.1387101E-07,0.110415
5.1392101E-07,0.109464
5.1397101E-07,0.108785
5.1402101E-07,0.108105
5.1407101E-07,0.107561
5.1412101E-07,0.107018
5.1417101E-07,0.106610
5.1422101E-07,0.106202
5.1427101E-07,0.105931
5.1432101E-07,0.105523
5.1437101E-07,0.105115
5.1442101E-07,0.104708
5.1447101E-07,0.104300
5.1452101E-07,0.103756
5.1457101E-07,0.103077
5.1462101E-07,0.102397
5.1467101E-07,0.101718
5.1472101E-07,0.100902
5.1477101E-07,0.100087
5.1482101E-07,0.099136
5.1487101E-07,0.098185
5.1492101E-07,0.097369
5.1497101E-07,0.096418
5.1502101E-07,0.095602
5.1507101E-07,0.094787
5.1512101E-07,0.093972
5.1517101E-07,0.093292
5.1522101E-07,0.092749
5.1527101E-07,0.092069
5.1532101E-07,0.091526
5.1537101E-07,0.090982
5.1542101E-07,0.090438
5.1547101E-07,0.089895
5.1552101E-07,0.089215
5.1557101E-07,0.088536
5.1562101E-07,0.087720
5.1567101E-07,0.086769
5.1572101E-07,0.085818
5.1577101E-07,0.084595
5.1582101E-07,0.083372
5.1587101E-07,0.081877
5.1592101E-07,0.080246
5.1597101E-07,0.078615
5.1602101E-07,0.076713
5.1607101E-07,0.074946
5.1612101E-07,0.073044
5.1617101E-07,0.071005
5.1622101E-07,0.069102
5.1627101E-07,0.067336
5.1632101E-07,0.065569
5.1637101E-07,0.063938
5.1642101E-07,0.062444
5.1647101E-07,0.061085
5.1652101E-07,0.059997
5.1657101E-07,0.059046
5.1662101E-07,0.058231
5.1667101E-07,0.057687
5.1672101E-07,0.057279
5.1677101E-07,0.056872
5.1682101E-07,0.056736
5.1687101E-07,0.056600
5.1692101E-07,0.056600
5.1697101E-07,0.056600
5.1702101E-07,0.056600
5.1707101E-07,0.056464
5.1712101E-07,0.056464
5.1717101E-07,0.056192
5.1722101E-07,0.055920
5.1727101E-07,0.055513
5.1732101E-07,0.055105
5.1737101E-07,0.054561
5.1742101E-07,0.054018
5.1747101E-07,0.053338
5.1752101E-07,0.052659
5.1757101E-07,0.051979
5.1762101E-07,0.051300
5.1767101E-07,0.050620
5.1772101E-07,0.050213
5.1777101E-07,0.049805
5.1782101E-07,0.049533
5.1787101E-07,0.049261
5.1792101E-07,0.049261
5.1797101E-07,0.049397
5.1802101E-07,0.049805
5.1807101E-07,0.050213
5.1812101E-07,0.050756
5.1817101E-07,0.051300
5.1822101E-07,0.052115
5.1827101E-07,0.052795
5.1832101E-07,0.053610
5.1837101E-07,0.054426
5.1842101E-07,0.055377
5.1847101E-07,0.056192
5.1852101E-07,0.056872
5.1857101E-07,0.057687
5.1862101E-07,0.058367
5.1867101E-07,0.059182
5.1872101E-07,0.059861
5.1877101E-07,0.060677
5.1882101E-07,0.061356
5.1887101E-07,0.062172
5.1892101E-07,0.063123
5.1897101E-07,0.064074
5.1902101E-07,0.065161
5.1907101E-07,0.066249
5.1912101E-07,0.067608
5.1917101E-07,0.068967
5.1922101E-07,0.070461
5.1927101E-07,0.071956
5.1932101E-07,0.073587
5.1937101E-07,0.075218
5.1942101E-07,0.076849
5.1947101E-07,0.078344
5.1952101E-07,0.079838
5.1957101E-07,0.081333
5.1962101E-07,0.082556
5.1967101E-07,0.083779
5.1972101E-07,0.084731
5.1977101E-07,0.085410
5.1982101E-07,0.086090
5.1987101E-07,0.086497
5.1992101E-07,0.086633
5.1997101E-07,0.086633
5.2002101E-07,0.086633
5.2007101E-07,0.086361
5.2012101E-07,0.085954
5.2017101E-07,0.085546
5.2022101E-07,0.085138
5.2027101E-07,0.084595
5.2032101E-07,0.084187
5.2037101E-07,0.083779
5.2042101E-07,0.083236
5.2047101E-07,0.082964
5.2052101E-07,0.082556
5.2057101E-07,0.082285
5.2062101E-07,0.082013
5.2067101E-07,0.081741
5.2072101E-07,0.081469
5.2077101E-07,0.081197
5.2082101E-07,0.080790
5.2087101E-07,0.080382
5.2092101E-07,0.079838
5.2097101E-07,0.079295
5.2102101E-07,0.078479
5.2107101E-07,0.077664
5.2112101E-07,0.076577
5.2117101E-07,0.075490
5.2122101E-07,0.074267
5.2127101E-07,0.072908
5.2132101E-07,0.071549
5.2137101E-07,0.070054
5.2142101E-07,0.068559
5.2147101E-07,0.067064
5.2152101E-07,0.065569
5.2157101E-07,0.064074
5.2162101E-07,0.062715
5.2167101E-07,0.061356
5.2172101E-07,0.060133
5.2177101E-07,0.058910
5.2182101E-07,0.057823
5.2187101E-07,0.056872
5.2192101E-07,0.055920
5.2197101E-07,0.055105
5.2202101E-07,0.054154
5.2207101E-07,0.053338
5.2212101E-07,0.052523
5.2217101E-07,0.051572
5.2222101E-07,0.050620
5.2227101E-07,0.049533
5.2232101E-07,0.048310
5.2237101E-07,0.047087
5.2242101E-07,0.045592
5.2247101E-07,0.044097
5.2252101E-07,0.042467
5.2257101E-07,0.040700
5.2262101E-07,0.038933
5.2267101E-07,0.037167
5.2272101E-07,0.035264
5.2277101E-07,0.033497
5.2282101E-07,0.031731
5.2287101E-07,0.029964
5.2292101E-07,0.028469
5.2297101E-07,0.026974
5.2302101E-07,0.025751
5.2307101E-07,0.024664
5.2312101E-07,0.023713
5.2317101E-07,0.023033
5.2322101E-07,0.022490
5.2327101E-07,0.022082
5.2332101E-07,0.021946
5.2337101E-07,0.021810
5.2342101E-07,0.021946
5.2347101E-07,0.022082
5.2352101E-07,0.022354
5.2357101E-07,0.022626
5.2362101E-07,0.022897
5.2367101E-07,0.023169
5.2372101E-07,0.023577
5.2377101E-07,0.023849
5.2382101E-07,0.024120
5.2387101E-07,0.024256
5.2392101E-07,0.024528
5.2397101E-07,0.024800
5.2402101E-07,0.025072
5.2407101E-07,0.025344
5.2412101E-07,0.025751
5.2417101E-07,0.026159
5.2422101E-07,0.026838
5.2427101E-07,0.027518
5.2432101E-07,0.028333
5.2437101E-07,0.029285
5.2442101E-07,0.030372
5.2447101E-07,0.031731
5.2452101E-07,0.033090
5.2457101E-07,0.034585
5.2462101E-07,0.036215
5.2467101E-07,0.037982
5.2472101E-07,0.039749
5.2477101E-07,0.041515
5.2482101E-07,0.043282
5.2487101E-07,0.044913
5.2492101E-07,0.046544
5.2497101E-07,0.048038
5.2502101E-07,0.049261
5.2507101E-07,0.050485
5.2512101E-07,0.051436
5.2517101E-07,0.052251
5.2522101E-07,0.052931
5.2527101E-07,0.053338
5.2532101E-07,0.053610
5.2537101E-07,0.053746
5.2542101E-07,0.053610
5.2547101E-07,0.053474
5.2552101E-07,0.053202
5.2557101E-07,0.052931
5.2562101E-07,0.052523
5.2567101E-07,0.052115
5.2572101E-07,0.051708
5.2577101E-07,0.051300
5.2582101E-07,0.051028
5.2587101E-07,0.050756
5.2592101E-07,0.050485
5.2597101E-07,0.050349
5.2602101E-07,0.050077
5.2607101E-07,0.050077
5.2612101E-07,0.049941
5.2617101E-07,0.049805
5.2622101E-07,0.049805
5.2627101E-07,0.049669
5.2632101E-07,0.049533
5.2637101E-07,0.049261
5.2642101E-07,0.048990
5.2647101E-07,0.048582
5.2652101E-07,0.048174
5.2657101E-07,0.047631
5.2662101E-07,0.046951
5.2667101E-07,0.046136
5.2672101E-07,0.045320
5.2677101E-07,0.044369
5.2682101E-07,0.043282
5.2687101E-07,0.042195
5.2692101E-07,0.041108
5.2697101E-07,0.040020
5.2702101E-07,0.038797
5.2707101E-07,0.037710
5.2712101E-07,0.036487
5.2717101E-07,0.035400
5.2722101E-07,0.034313
5.2727101E-07,0.033226
5.2732101E-07,0.032274
5.2737101E-07,0.031323
5.2742101E-07,0.030372
5.2747101E-07,0.029556
5.2752101E-07,0.028605
5.2757101E-07,0.027926
5.2762101E-07,0.027110
5.2767101E-07,0.026431
5.2772101E-07,0.025751
5.2777101E-07,0.025208
5.2782101E-07,0.024664
5.2787101E-07,0.024392
5.2792101E-07,0.024120
5.2797101E-07,0.023849
5.2802101E-07,0.023849
5.2807101E-07,0.024120
5.2812101E-07,0.024392
5.2817101E-07,0.024936
5.2822101E-07,0.025751
5.2827101E-07,0.026702
5.2832101E-07,0.027790
5.2837101E-07,0.029149
5.2842101E-07,0.030779
5.2847101E-07,0.032546
5.2852101E-07,0.034449
5.2857101E-07,0.036487
5.2862101E-07,0.038526
5.2867101E-07,0.040700
5.2872101E-07,0.042874
5.2877101E-07,0.045049
5.2882101E-07,0.047223
5.2887101E-07,0.049261
5.2892101E-07,0.051164
5.2897101E-07,0.052931
5.2902101E-07,0.054561
5.2907101E-07,0.056192
5.2912101E-07,0.057551
5.2917101E-07,0.058774
5.2922101E-07,0.059861
5.2927101E-07,0.060813
5.2932101E-07,0.061764
5.2937101E-07,0.062579
5.2942101E-07,0.063395
5.2947101E-07,0.064074
5.2952101E-07,0.064890
5.2957101E-07,0.065705
5.2962101E-07,0.066520
5.2967101E-07,0.067336
5.2972101E-07,0.068287
5.2977101E-07,0.069238
5.2982101E-07,0.070190
5.2987101E-07,0.071277
5.2992101E-07,0.072228
5.2997101E-07,0.073315
5.3002101E-07,0.074267
5.3007101E-07,0.075082
5.3012101E-07,0.075897
5.3017101E-07,0.076441
5.3022101E-07,0.076985
5.3027101E-07,0.077256
5.3032101E-07,0.077392
5.3037101E-07,0.077392
5.3042101E-07,0.077120
5.3047101E-07,0.076577
5.3052101E-07,0.076033
5.3057101E-07,0.075082
5.3062101E-07,0.074131
5.3067101E-07,0.073044
5.3072101E-07,0.071820
5.3077101E-07,0.070461
5.3082101E-07,0.069102
5.3087101E-07,0.067608
5.3092101E-07,0.066249
5.3097101E-07,0.064754
5.3102101E-07,0.063395
5.3107101E-07,0.061900
5.3112101E-07,0.060541
5.3117101E-07,0.059318
5.3122101E-07,0.057959
5.3127101E-07,0.056736
5.3132101E-07,0.055513
5.3137101E-07,0.054290
5.3142101E-07,0.052931
5.3147101E-07,0.051708
5.3152101E-07,0.050349
5.3157101E-07,0.049126
5.3162101E-07,0.047631
5.3167101E-07,0.046272
5.3172101E-07,0.044777
5.3177101E-07,0.043282
5.3182101E-07,0.041651
5.3187101E-07,0.040156
5.3192101E-07,0.038661
5.3197101E-07,0.037031
5.3202101E-07,0.035672
5.3207101E-07,0.034177
5.3212101E-07,0.032818
5.3217101E-07,0.031595
5.3222101E-07,0.030508
5.3227101E-07,0.029420
5.3232101E-07,0.028469
5.3237101E-07,0.027654
5.3242101E-07,0.026974
5.3247101E-07,0.026295
5.3252101E-07,0.025751
5.3257101E-07,0.025208
5.3262101E-07,0.024664
5.3267101E-07,0.024120
5.3272101E-07,0.023577
5.3277101E-07,0.022897
5.3282101E-07,0.022082
5.3287101E-07,0.021131
5.3292101E-07,0.020044
5.3297101E-07,0.018685
5.3302101E-07,0.017326
5.3307101E-07,0.015695
5.3312101E-07,0.013928
5.3317101E-07,0.012026
5.3322101E-07,0.010123
5.3327101E-07,0.008085
5.3332101E-07,0.005910
5.3337101E-07,0.003872
5.3342101E-07,0.001833
5.3347101E-07,-0.000069
5.3352101E-07,-0.001836
5.3357101E-07,-0.003467
5.3362101E-07,-0.004826
5.3367101E-07,-0.006049
5.3372101E-07,-0.007000
5.3377101E-07,-0.007815
5.3382101E-07,-0.008359
5.3387101E-07,-0.008631
5.3392101E-07,-0.008767
5.3397101E-07,-0.008631
5.3402101E-07,-0.008495
5.3407101E-07,-0.008223
5.3412101E-07,-0.007815
5.3417101E-07,-0.007544
5.3422101E-07,-0.007272
5.3427101E-07,-0.007000
5.3432101E-07,-0.006864
5.3437101E-07,-0.006864
5.3442101E-07,-0.007000
5.3447101E-07,-0.007272
5.3452101E-07,-0.007680
5.3457101E-07,-0.008087
5.3462101E-07,-0.008767
5.3467101E-07,-0.009446
5.3472101E-07,-0.010126
5.3477101E-07,-0.010805
5.3482101E-07,-0.011485
5.3487101E-07,-0.012028
5.3492101E-07,-0.012572
5.3497101E-07,-0.012844
5.3502101E-07,-0.012980
5.3507101E-07,-0.012980
5.3512101E-07,-0.012844
5.3517101E-07,-0.012436
5.3522101E-07,-0.011892
5.3527101E-07,-0.011077
5.3532101E-07,-0.010262
5.3537101E-07,-0.009310
5.3542101E-07,-0.008223
5.3547101E-07,-0.007272
5.3552101E-07,-0.006185
5.3557101E-07,-0.005233
5.3562101E-07,-0.004282
5.3567101E-07,-0.003467
5.3572101E-07,-0.002787
5.3577101E-07,-0.002244
5.3582101E-07,-0.001836
5.3587101E-07,-0.001564
5.3592101E-07,-0.001428
5.3597101E-07,-0.001428
5.3602101E-07,-0.001700
5.3607101E-07,-0.001836
5.3612101E-07,-0.002244
5.3617101E-07,-0.002515
5.3622101E-07,-0.002923
5.3627101E-07,-0.003331
5.3632101E-07,-0.003603
5.3637101E-07,-0.003874
5.3642101E-07,-0.004146
5.3647101E-07,-0.004146
5.3652101E-07,-0.004282
5.3657101E-07,-0.004146
5.3662101E-07,-0.004010
5.3667101E-07,-0.003739
5.3672101E-07,-0.003331
5.3677101E-07,-0.002923
5.3682101E-07,-0.002380
5.3687101E-07,-0.001836
5.3692101E-07,-0.001292
5.3697101E-07,-0.000613
5.3702101E-07,0.000067
5.3707101E-07,0.000882
5.3712101E-07,0.001697
5.3717101E-07,0.002513
5.3722101E-07,0.003464
5.3727101E-07,0.004415
5.3732101E-07,0.005502
5.3737101E-07,0.006726
5.3742101E-07,0.008085
5.3747101E-07,0.009444
5.3752101E-07,0.010938
5.3757101E-07,0.012433
5.3762101E-07,0.014200
5.3767101E-07,0.015967
5.3772101E-07,0.017733
5.3777101E-07,0.019636
5.3782101E-07,0.021538
5.3787101E-07,0.023305
5.3792101E-07,0.025208
5.3797101E-07,0.026974
5.3802101E-07,0.028605
5.3807101E-07,0.030236
5.3812101E-07,0.031595
5.3817101E-07,0.032818
5.3822101E-07,0.033905
5.3827101E-07,0.034856
5.3832101E-07,0.035672
5.3837101E-07,0.036351
5.3842101E-07,0.036759
5.3847101E-07,0.037167
5.3852101E-07,0.037438
5.3857101E-07,0.037574
5.3862101E-07,0.037710
5.3867101E-07,0.037846
5.3872101E-07,0.037982
5.3877101E-07,0.038254
5.3882101E-07,0.038390
5.3887101E-07,0.038661
5.3892101E-07,0.039069
5.3897101E-07,0.039613
5.3902101E-07,0.040156
5.3907101E-07,0.040700
5.3912101E-07,0.041379
5.3917101E-07,0.042195
5.3922101E-07,0.042874
5.3927101E-07,0.043690
5.3932101E-07,0.044505
5.3937101E-07,0.045185
5.3942101E-07,0.045864
5.3947101E-07,0.046544
5.3952101E-07,0.046951
5.3957101E-07,0.047495
5.3962101E-07,0.047767
5.3967101E-07,0.047902
5.3972101E-07,0.048038
5.3977101E-07,0.048038
5.3982101E-07,0.047902
5.3987101E-07,0.047767
5.3992101E-07,0.047495
5.3997101E-07,0.047087
5.4002101E-07,0.046815
5.4007101E-07,0.046408
5.4012101E-07,0.046000
5.4017101E-07,0.045456
5.4022101E-07,0.045049
5.4027101E-07,0.044505
5.4032101E-07,0.043961
5.4037101E-07,0.043418
5.4042101E-07,0.042738
5.4047101E-07,0.042059
5.4052101E-07,0.041244
5.4057101E-07,0.040428
5.4062101E-07,0.039341
5.4067101E-07,0.038254
5.4072101E-07,0.036895
5.4077101E-07,0.035400
5.4082101E-07,0.033769
5.4087101E-07,0.031867
5.4092101E-07,0.029964
5.4097101E-07,0.027790
5.4102101E-07,0.025479
5.4107101E-07,0.023169
5.4112101E-07,0.020859
5.4117101E-07,0.018413
5.4122101E-07,0.015967
5.4127101E-07,0.013656
5.4132101E-07,0.011346
5.4137101E-07,0.009172
5.4142101E-07,0.007269
5.4147101E-07,0.005502
5.4152101E-07,0.003872
5.4157101E-07,0.002513
5.4162101E-07,0.001290
5.4167101E-07,0.000338
5.4172101E-07,-0.000477
5.4177101E-07,-0.001021
5.4182101E-07,-0.001564
5.4187101E-07,-0.001836
5.4192101E-07,-0.002108
5.4197101E-07,-0.002244
5.4202101E-07,-0.002515
5.4207101E-07,-0.002651
5.4212101E-07,-0.002923
5.4217101E-07,-0.003331
5.4222101E-07,-0.003739
5.4227101E-07,-0.004282
5.4232101E-07,-0.004962
5.4237101E-07,-0.005641
5.4242101E-07,-0.006456
5.4247101E-07,-0.007408
5.4252101E-07,-0.008359
5.4257101E-07,-0.009174
5.4262101E-07,-0.010126
5.4267101E-07,-0.010805
5.4272101E-07,-0.011485
5.4277101E-07,-0.012028
5.4282101E-07,-0.012436
5.4287101E-07,-0.012572
5.4292101E-07,-0.012436
5.4297101E-07,-0.012164
5.4302101E-07,-0.011756
5.4307101E-07,-0.010941
5.4312101E-07,-0.010126
5.4317101E-07,-0.009039
5.4322101E-07,-0.007815
5.4327101E-07,-0.006592
5.4332101E-07,-0.005233
5.4337101E-07,-0.003874
5.4342101E-07,-0.002651
5.4347101E-07,-0.001292
5.4352101E-07,-0.000069
5.4357101E-07,0.001018
5.4362101E-07,0.002105
5.4367101E-07,0.002920
5.4372101E-07,0.003736
5.4377101E-07,0.004551
5.4382101E-07,0.005231
5.4387101E-07,0.005774
5.4392101E-07,0.006318
5.4397101E-07,0.006861
5.4402101E-07,0.007405
5.4407101E-07,0.008085
5.4412101E-07,0.008764
5.4417101E-07,0.009444
5.4422101E-07,0.010123
5.4427101E-07,0.011074
5.4432101E-07,0.011890
5.4437101E-07,0.012841
5.4442101E-07,0.013656
5.4447101E-07,0.014472
5.4452101E-07,0.015287
5.4457101E-07,0.015967
5.4462101E-07,0.016510
5.4467101E-07,0.016782
5.4472101E-07,0.016918
5.4477101E-07,0.016782
5.4482101E-07,0.016374
5.4487101E-07,0.015695
5.4492101E-07,0.014744
5.4497101E-07,0.013520
5.4502101E-07,0.012161
5.4507101E-07,0.010667
5.4512101E-07,0.009036
5.4517101E-07,0.007269
5.4522101E-07,0.005502
5.4527101E-07,0.003736
5.4532101E-07,0.002105
5.4537101E-07,0.000746
5.4542101E-07,-0.000477
5.4547101E-07,-0.001428
5.4552101E-07,-0.002108
5.4557101E-07,-0.002515
5.4562101E-07,-0.002651
5.4567101E-07,-0.002380
5.4572101E-07,-0.001836
5.4577101E-07,-0.001021
5.4582101E-07,0.000067
5.4587101E-07,0.001290
5.4592101E-07,0.002649
5.4597101E-07,0.004144
5.4602101E-07,0.005502
5.4607101E-07,0.006861
5.4612101E-07,0.008085
5.4617101E-07,0.009172
5.4622101E-07,0.009987
5.4627101E-07,0.010667
5.4632101E-07,0.010938
5.4637101E-07,0.011074
5.4642101E-07,0.010802
5.4647101E-07,0.010395
5.4652101E-07,0.009715
5.4657101E-07,0.008900
5.4662101E-07,0.007813
5.4667101E-07,0.006590
5.4672101E-07,0.005367
5.4677101E-07,0.004008
5.4682101E-07,0.002785
5.4687101E-07,0.001561
5.4692101E-07,0.000338
5.4697101E-07,-0.000749
5.4702101E-07,-0.001700
5.4707101E-07,-0.002515
5.4712101E-07,-0.003195
5.4717101E-07,-0.003739
5.4722101E-07,-0.004146
5.4727101E-07,-0.004418
5.4732101E-07,-0.004554
5.4737101E-07,-0.004690
5.4742101E-07,-0.004826
5.4747101E-07,-0.004826
5.4752101E-07,-0.004826
5.4757101E-07,-0.004826
5.4762101E-07,-0.004962
5.4767101E-07,-0.004962
5.4772101E-07,-0.004962
5.4777101E-07,-0.004962
5.4782101E-07,-0.004962
5.4787101E-07,-0.004826
5.4792101E-07,-0.004690
5.4797101E-07,-0.004418
5.4802101E-07,-0.004010
5.4807101E-07,-0.003467
5.4812101E-07,-0.002787
5.4817101E-07,-0.001836
5.4822101E-07,-0.000749
5.4827101E-07,0.000610
5.4832101E-07,0.002105
5.4837101E-07,0.003736
5.4842101E-07,0.005638
5.4847101E-07,0.007541
5.4852101E-07,0.009579
5.4857101E-07,0.011754
5.4862101E-07,0.013792
5.4867101E-07,0.015831
5.4872101E-07,0.017733
5.4877101E-07,0.019636
5.4882101E-07,0.021267
5.4887101E-07,0.022626
5.4892101E-07,0.023849
5.4897101E-07,0.024800
5.4902101E-07,0.025479
5.4907101E-07,0.026023
5.4912101E-07,0.026295
5.4917101E-07,0.026295
5.4922101E-07,0.026159
5.4927101E-07,0.025751
5.4932101E-07,0.025344
5.4937101E-07,0.024936
5.4942101E-07,0.024392
5.4947101E-07,0.023849
5.4952101E-07,0.023441
5.4957101E-07,0.023033
5.4962101E-07,0.022761
5.4967101E-07,0.022626
5.4972101E-07,0.022490
5.4977101E-07,0.022626
5.4982101E-07,0.022761
5.4987101E-07,0.022897
5.4992101E-07,0.023169
5.4997101E-07,0.023441
5.5002101E-07,0.023713
5.5007101E-07,0.023985
5.5012101E-07,0.024120
5.5017101E-07,0.024256
5.5022101E-07,0.024256
5.5027101E-07,0.024120
5.5032101E-07,0.023713
5.5037101E-07,0.023305
5.5042101E-07,0.022761
5.5047101E-07,0.022218
5.5052101E-07,0.021402
5.5057101E-07,0.020723
5.5062101E-07,0.019908
5.5067101E-07,0.019092
5.5072101E-07,0.018413
5.5077101E-07,0.017869
5.5082101E-07,0.017326
5.5087101E-07,0.017054
5.5092101E-07,0.016918
5.5097101E-07,0.016918
5.5102101E-07,0.017054
5.5107101E-07,0.017461
5.5112101E-07,0.018005
5.5117101E-07,0.018685
5.5122101E-07,0.019500
5.5127101E-07,0.020451
5.5132101E-07,0.021402
5.5137101E-07,0.022354
5.5142101E-07,0.023305
5.5147101E-07,0.024256
5.5152101E-07,0.025072
5.5157101E-07,0.025751
5.5162101E-07,0.026431
5.5167101E-07,0.027110
5.5172101E-07,0.027518
5.5177101E-07,0.027926
5.5182101E-07,0.028197
5.5187101E-07,0.028469
5.5192101E-07,0.028605
5.5197101E-07,0.028741
5.5202101E-07,0.029013
5.5207101E-07,0.029149
5.5212101E-07,0.029420
5.5217101E-07,0.029828
5.5222101E-07,0.030236
5.5227101E-07,0.030644
5.5232101E-07,0.031187
5.5237101E-07,0.031867
5.5242101E-07,0.032546
5.5247101E-07,0.033226
5.5252101E-07,0.033769
5.5257101E-07,0.034449
5.5262101E-07,0.034992
5.5267101E-07,0.035400
5.5272101E-07,0.035808
5.5277101E-07,0.035944
5.5282101E-07,0.036079
5.5287101E-07,0.035808
5.5292101E-07,0.035536
5.5297101E-07,0.034992
5.5302101E-07,0.034449
5.5307101E-07,0.033633
5.5312101E-07,0.032682
5.5317101E-07,0.031731
5.5322101E-07,0.030779
5.5327101E-07,0.029692
5.5332101E-07,0.028605
5.5337101E-07,0.027654
5.5342101E-07,0.026838
5.5347101E-07,0.026159
5.5352101E-07,0.025479
5.5357101E-07,0.025072
5.5362101E-07,0.024800
5.5367101E-07,0.024664
5.5372101E-07,0.024664
5.5377101E-07,0.024664
5.5382101E-07,0.024936
5.5387101E-07,0.025208
5.5392101E-07,0.025479
5.5397101E-07,0.025751
5.5402101E-07,0.026023
5.5407101E-07,0.026295
5.5412101E-07,0.026431
5.5417101E-07,0.026295
5.5422101E-07,0.026159
5.5427101E-07,0.025887
5.5432101E-07,0.025479
5.5437101E-07,0.024936
5.5442101E-07,0.024256
5.5447101E-07,0.023577
5.5452101E-07,0.022761
5.5457101E-07,0.021810
5.5462101E-07,0.020995
5.5467101E-07,0.020179
5.5472101E-07,0.019500
5.5477101E-07,0.018820
5.5482101E-07,0.018277
5.5487101E-07,0.017869
5.5492101E-07,0.017597
5.5497101E-07,0.017461
5.5502101E-07,0.017597
5.5507101E-07,0.017733
5.5512101E-07,0.018005
5.5517101E-07,0.018277
5.5522101E-07,0.018685
5.5527101E-07,0.019092
5.5532101E-07,0.019500
5.5537101E-07,0.019772
5.5542101E-07,0.019908
5.5547101E-07,0.019908
5.5552101E-07,0.019772
5.5557101E-07,0.019364
5.5562101E-07,0.018820
5.5567101E-07,0.018005
5.5572101E-07,0.017054
5.5577101E-07,0.015967
5.5582101E-07,0.014608
5.5587101E-07,0.013249
5.5592101E-07,0.011618
5.5597101E-07,0.010123
5.5602101E-07,0.008492
5.5607101E-07,0.006861
5.5612101E-07,0.005367
5.5617101E-07,0.003872
5.5622101E-07,0.002649
5.5627101E-07,0.001426
5.5632101E-07,0.000474
5.5637101E-07,-0.000477
5.5642101E-07,-0.001156
5.5647101E-07,-0.001836
5.5652101E-07,-0.002244
5.5657101E-07,-0.002651
5.5662101E-07,-0.002923
5.5667101E-07,-0.003195
5.5672101E-07,-0.003467
5.5677101E-07,-0.003739
5.5682101E-07,-0.004010
5.5687101E-07,-0.004418
5.5692101E-07,-0.004690
5.5697101E-07,-0.004962
5.5702101E-07,-0.005369
5.5707101E-07,-0.005641
5.5712101E-07,-0.005913
5.5717101E-07,-0.006049
5.5722101E-07,-0.006049
5.5727101E-07,-0.005913
5.5732101E-07,-0.005505
5.5737101E-07,-0.004962
5.5742101E-07,-0.004010
5.5747101E-07,-0.002923
5.5752101E-07,-0.001428
5.5757101E-07,0.000202
5.5762101E-07,0.002241
5.5767101E-07,0.004551
5.5772101E-07,0.006997
5.5777101E-07,0.009579
5.5782101E-07,0.012433
5.5787101E-07,0.015151
5.5792101E-07,0.017869
5.5797101E-07,0.020587
5.5802101E-07,0.023033
5.5807101E-07,0.025344
5.5812101E-07,0.027382
5.5817101E-07,0.029013
5.5822101E-07,0.030372
5.5827101E-07,0.031459
5.5832101E-07,0.032002
5.5837101E-07,0.032274
5.5842101E-07,0.032138
5.5847101E-07,0.031595
5.5852101E-07,0.030915
5.5857101E-07,0.029964
5.5862101E-07,0.028741
5.5867101E-07,0.027382
5.5872101E-07,0.026023
5.5877101E-07,0.024664
5.5882101E-07,0.023305
5.5887101E-07,0.021946
5.5892101E-07,0.020723
5.5897101E-07,0.019636
5.5902101E-07,0.018549
5.5907101E-07,0.017733
5.5912101E-07,0.016918
5.5917101E-07,0.016102
5.5922101E-07,0.015423
5.5927101E-07,0.014744
5.5932101E-07,0.014064
5.5937101E-07,0.013385
5.5942101E-07,0.012569
5.5947101E-07,0.011618
5.5952101E-07,0.010531
5.5957101E-07,0.009308
5.5962101E-07,0.007949
5.5967101E-07,0.006454
5.5972101E-07,0.004959
5.5977101E-07,0.003192
5.5982101E-07,0.001561
5.5987101E-07,-0.000205
5.5992101E-07,-0.001972
5.5997101E-07,-0.003739
5.6002101E-07,-0.005233
5.6007101E-07,-0.006728
5.6012101E-07,-0.007951
5.6017101E-07,-0.008903
5.6022101E-07,-0.009854
5.6027101E-07,-0.010398
5.6032101E-07,-0.010805
5.6037101E-07,-0.010941
5.6042101E-07,-0.010805
5.6047101E-07,-0.010533
5.6052101E-07,-0.010126
5.6057101E-07,-0.009582
5.6062101E-07,-0.009039
5.6067101E-07,-0.008359
5.6072101E-07,-0.007680
5.6077101E-07,-0.006864
5.6082101E-07,-0.006185
5.6087101E-07,-0.005505
5.6092101E-07,-0.004962
5.6097101E-07,-0.004282
5.6102101E-07,-0.003739
5.6107101E-07,-0.003195
5.6112101E-07,-0.002651
5.6117101E-07,-0.001972
5.6122101E-07,-0.001292
5.6127101E-07,-0.000613
5.6132101E-07,0.000202
5.6137101E-07,0.001154
5.6142101E-07,0.002105
5.6147101E-07,0.003192
5.6152101E-07,0.004551
5.6157101E-07,0.005774
5.6162101E-07,0.007269
5.6167101E-07,0.008628
5.6172101E-07,0.010123
5.6177101E-07,0.011618
5.6182101E-07,0.012977
5.6187101E-07,0.014200
5.6192101E-07,0.015151
5.6197101E-07,0.016102
5.6202101E-07,0.016646
5.6207101E-07,0.017054
5.6212101E-07,0.017054
5.6217101E-07,0.016782
5.6222101E-07,0.016238
5.6227101E-07,0.015423
5.6232101E-07,0.014200
5.6237101E-07,0.012841
5.6242101E-07,0.011210
5.6247101E-07,0.009444
5.6252101E-07,0.007405
5.6257101E-07,0.005367
5.6262101E-07,0.003328
5.6267101E-07,0.001290
5.6272101E-07,-0.000613
5.6277101E-07,-0.002515
5.6282101E-07,-0.004282
5.6287101E-07,-0.005913
5.6292101E-07,-0.007408
5.6297101E-07,-0.008631
5.6302101E-07,-0.009718
5.6307101E-07,-0.010669
5.6312101E-07,-0.011485
5.6317101E-07,-0.012164
5.6322101E-07,-0.012708
5.6327101E-07,-0.013251
5.6332101E-07,-0.013795
5.6337101E-07,-0.014339
5.6342101E-07,-0.014882
5.6347101E-07,-0.015562
5.6352101E-07,-0.016377
5.6357101E-07,-0.017192
5.6362101E-07,-0.018144
5.6367101E-07,-0.019095
5.6372101E-07,-0.020182
5.6377101E-07,-0.021405
5.6382101E-07,-0.022628
5.6387101E-07,-0.023715
5.6392101E-07,-0.024939
5.6397101E-07,-0.025890
5.6402101E-07,-0.026705
5.6407101E-07,-0.027385
5.6412101E-07,-0.027928
5.6417101E-07,-0.028064
5.6422101E-07,-0.028064
5.6427101E-07,-0.027656
5.6432101E-07,-0.027113
5.6437101E-07,-0.026162
5.6442101E-07,-0.024939
5.6447101E-07,-0.023580
5.6452101E-07,-0.021949
5.6457101E-07,-0.020182
5.6462101E-07,-0.018280
5.6467101E-07,-0.016241
5.6472101E-07,-0.014339
5.6477101E-07,-0.012436
5.6482101E-07,-0.010533
5.6487101E-07,-0.008767
5.6492101E-07,-0.007136
5.6497101E-07,-0.005777
5.6502101E-07,-0.004418
5.6507101E-07,-0.003331
5.6512101E-07,-0.002515
5.6517101E-07,-0.001700
5.6522101E-07,-0.001156
5.6527101E-07,-0.000749
5.6532101E-07,-0.000341
5.6537101E-07,0.000067
5.6542101E-07,0.000338
5.6547101E-07,0.000610
5.6552101E-07,0.001018
5.6557101E-07,0.001426
5.6562101E-07,0.001833
5.6567101E-07,0.002377
5.6572101E-07,0.003056
5.6577101E-07,0.003736
5.6582101E-07,0.004415
5.6587101E-07,0.005231
5.6592101E-07,0.006046
5.6597101E-07,0.006726
5.6602101E-07,0.007405
5.6607101E-07,0.007949
5.6612101E-07,0.008492
5.6617101E-07,0.008900
5.6622101E-07,0.009036
5.6627101E-07,0.009172
5.6632101E-07,0.009172
5.6637101E-07,0.009036
5.6642101E-07,0.008764
5.6647101E-07,0.008492
5.6652101E-07,0.008220
5.6657101E-07,0.007949
5.6662101E-07,0.007677
5.6667101E-07,0.007541
5.6672101E-07,0.007405
5.6677101E-07,0.007541
5.6682101E-07,0.007949
5.6687101E-07,0.008492
5.6692101E-07,0.009172
5.6697101E-07,0.010123
5.6702101E-07,0.011346
5.6707101E-07,0.012705
5.6712101E-07,0.014200
5.6717101E-07,0.015831
5.6722101E-07,0.017461
5.6727101E-07,0.019228
5.6732101E-07,0.020859
5.6737101E-07,0.022490
5.6742101E-07,0.023985
5.6747101E-07,0.025344
5.6752101E-07,0.026567
5.6757101E-07,0.027518
5.6762101E-07,0.028333
5.6767101E-07,0.029013
5.6772101E-07,0.029420
5.6777101E-07,0.029828
5.6782101E-07,0.029964
5.6787101E-07,0.029964
5.6792101E-07,0.029964
5.6797101E-07,0.029828
5.6802101E-07,0.029692
5.6807101E-07,0.029692
5.6812101E-07,0.029556
5.6817101E-07,0.029692
5.6822101E-07,0.029692
5.6827101E-07,0.029964
5.6832101E-07,0.030236
5.6837101E-07,0.030508
5.6842101E-07,0.030779
5.6847101E-07,0.031187
5.6852101E-07,0.031459
5.6857101E-07,0.031731
5.6862101E-07,0.032002
5.6867101E-07,0.032002
5.6872101E-07,0.031867
5.6877101E-07,0.031595
5.6882101E-07,0.031187
5.6887101E-07,0.030508
5.6892101E-07,0.029692
5.6897101E-07,0.028605
5.6902101E-07,0.027382
5.6907101E-07,0.026023
5.6912101E-07,0.024528
5.6917101E-07,0.022897
5.6922101E-07,0.021267
5.6927101E-07,0.019636
5.6932101E-07,0.018005
5.6937101E-07,0.016374
5.6942101E-07,0.015015
5.6947101E-07,0.013656
5.6952101E-07,0.012569
5.6957101E-07,0.011482
5.6962101E-07,0.010667
5.6967101E-07,0.010123
5.6972101E-07,0.009579
5.6977101E-07,0.009172
5.6982101E-07,0.009036
5.6987101E-07,0.008764
5.6992101E-07,0.008764
5.6997101E-07,0.008628
5.7002101E-07,0.008492
5.7007101E-07,0.008356
5.7012101E-07,0.008220
5.7017101E-07,0.007949
5.7022101E-07,0.007541
5.7027101E-07,0.006997
5.7032101E-07,0.006454
5.7037101E-07,0.005774
5.7042101E-07,0.004959
5.7047101E-07,0.004144
5.7052101E-07,0.003328
5.7057101E-07,0.002377
5.7062101E-07,0.001561
5.7067101E-07,0.000746
5.7072101E-07,0.000067
5.7077101E-07,-0.000613
5.7082101E-07,-0.001021
5.7087101E-07,-0.001428
5.7092101E-07,-0.001700
5.7097101E-07,-0.001836
5.7102101E-07,-0.001972
5.7107101E-07,-0.001836
5.7112101E-07,-0.001700
5.7117101E-07,-0.001564
5.7122101E-07,-0.001428
5.7127101E-07,-0.001292
5.7132101E-07,-0.001156
5.7137101E-07,-0.001156
5.7142101E-07,-0.001292
5.7147101E-07,-0.001428
5.7152101E-07,-0.001836
5.7157101E-07,-0.002380
5.7162101E-07,-0.003059
5.7167101E-07,-0.003739
5.7172101E-07,-0.004690
5.7177101E-07,-0.005641
5.7182101E-07,-0.006592
5.7187101E-07,-0.007544
5.7192101E-07,-0.008495
5.7197101E-07,-0.009446
5.7202101E-07,-0.010262
5.7207101E-07,-0.010805
5.7212101E-07,-0.011213
5.7217101E-07,-0.011485
5.7222101E-07,-0.011485
5.7227101E-07,-0.011213
5.7232101E-07,-0.010805
5.7237101E-07,-0.010126
5.7242101E-07,-0.009174
5.7247101E-07,-0.008087
5.7252101E-07,-0.007000
5.7257101E-07,-0.005641
5.7262101E-07,-0.004418
5.7267101E-07,-0.003059
5.7272101E-07,-0.001836
5.7277101E-07,-0.000749
5.7282101E-07,0.000202
5.7287101E-07,0.001154
5.7292101E-07,0.001697
5.7297101E-07,0.002105
5.7302101E-07,0.002377
5.7307101E-07,0.002241
5.7312101E-07,0.002105
5.7317101E-07,0.001697
5.7322101E-07,0.001154
5.7327101E-07,0.000474
5.7332101E-07,-0.000205
5.7337101E-07,-0.000885
5.7342101E-07,-0.001700
5.7347101E-07,-0.002244
5.7352101E-07,-0.002923
5.7357101E-07,-0.003331
5.7362101E-07,-0.003603
5.7367101E-07,-0.003874
5.7372101E-07,-0.003874
5.7377101E-07,-0.003739
5.7382101E-07,-0.003467
5.7387101E-07,-0.003195
5.7392101E-07,-0.002787
5.7397101E-07,-0.002244
5.7402101E-07,-0.001836
5.7407101E-07,-0.001292
5.7412101E-07,-0.000885
5.7417101E-07,-0.000477
5.7422101E-07,-0.000205
5.7427101E-07,0.000067
5.7432101E-07,0.000067
5.7437101E-07,0.000067
5.7442101E-07,0.000067
5.7447101E-07,-0.000069
5.7452101E-07,-0.000205
5.7457101E-07,-0.000341
5.7462101E-07,-0.000477
5.7467101E-07,-0.000477
5.7472101E-07,-0.000477
5.7477101E-07,-0.000205
5.7482101E-07,0.000202
5.7487101E-07,0.000746
5.7492101E-07,0.001561
5.7497101E-07,0.002513
5.7502101E-07,0.003600
5.7507101E-07,0.004823
5.7512101E-07,0.006318
5.7517101E-07,0.007813
5.7522101E-07,0.009308
5.7527101E-07,0.010938
5.7532101E-07,0.012433
5.7537101E-07,0.013792
5.7542101E-07,0.015151
5.7547101E-07,0.016238
5.7552101E-07,0.017054
5.7557101E-07,0.017869
5.7562101E-07,0.018277
5.7567101E-07,0.018413
5.7572101E-07,0.018413
5.7577101E-07,0.018141
5.7582101E-07,0.017733
5.7587101E-07,0.017054
5.7592101E-07,0.016374
5.7597101E-07,0.015559
5.7602101E-07,0.014744
5.7607101E-07,0.013928
5.7612101E-07,0.012977
5.7617101E-07,0.012297
5.7622101E-07,0.011618
5.7627101E-07,0.011074
5.7632101E-07,0.010667
5.7637101E-07,0.010259
5.7642101E-07,0.009987
5.7647101E-07,0.009851
5.7652101E-07,0.009851
5.7657101E-07,0.009851
5.7662101E-07,0.009851
5.7667101E-07,0.009715
5.7672101E-07,0.009715
5.7677101E-07,0.009579
5.7682101E-07,0.009308
5.7687101E-07,0.008900
5.7692101E-07,0.008492
5.7697101E-07,0.007949
5.7702101E-07,0.007133
5.7707101E-07,0.006454
5.7712101E-07,0.005502
5.7717101E-07,0.004551
5.7722101E-07,0.003600
5.7727101E-07,0.002513
5.7732101E-07,0.001561
5.7737101E-07,0.000610
5.7742101E-07,-0.000205
5.7747101E-07,-0.000885
5.7752101E-07,-0.001564
5.7757101E-07,-0.001972
5.7762101E-07,-0.002380
5.7767101E-07,-0.002515
5.7772101E-07,-0.002515
5.7777101E-07,-0.002515
5.7782101E-07,-0.002380
5.7787101E-07,-0.002108
5.7792101E-07,-0.001836
5.7797101E-07,-0.001564
5.7802101E-07,-0.001292
5.7807101E-07,-0.001156
5.7812101E-07,-0.000885
5.7817101E-07,-0.000749
5.7822101E-07,-0.000749
5.7827101E-07,-0.000885
5.7832101E-07,-0.001021
5.7837101E-07,-0.001292
5.7842101E-07,-0.001700
5.7847101E-07,-0.002108
5.7852101E-07,-0.002651
5.7857101E-07,-0.003059
5.7862101E-07,-0.003603
5.7867101E-07,-0.004146
5.7872101E-07,-0.004554
5.7877101E-07,-0.004962
5.7882101E-07,-0.005233
5.7887101E-07,-0.005505
5.7892101E-07,-0.005641
5.7897101E-07,-0.005641
5.7902101E-07,-0.005641
5.7907101E-07,-0.005505
5.7912101E-07,-0.005233
5.7917101E-07,-0.004962
5.7922101E-07,-0.004826
5.7927101E-07,-0.004554
5.7932101E-07,-0.004418
5.7937101E-07,-0.004282
5.7942101E-07,-0.004282
5.7947101E-07,-0.004282
5.7952101E-07,-0.004554
5.7957101E-07,-0.004962
5.7962101E-07,-0.005505
5.7967101E-07,-0.006185
5.7972101E-07,-0.007000
5.7977101E-07,-0.007951
5.7982101E-07,-0.009039
5.7987101E-07,-0.010126
5.7992101E-07,-0.011213
5.7997101E-07,-0.012300
5.8002101E-07,-0.013387
5.8007101E-07,-0.014339
5.8012101E-07,-0.015290
5.8017101E-07,-0.015969
5.8022101E-07,-0.016377
5.8027101E-07,-0.016649
5.8032101E-07,-0.016785
5.8037101E-07,-0.016513
5.8042101E-07,-0.016241
5.8047101E-07,-0.015562
5.8052101E-07,-0.014746
5.8057101E-07,-0.013795
5.8062101E-07,-0.012572
5.8067101E-07,-0.011349
5.8072101E-07,-0.010126
5.8077101E-07,-0.008767
5.8082101E-07,-0.007408
5.8087101E-07,-0.006049
5.8092101E-07,-0.004826
5.8097101E-07,-0.003603
5.8102101E-07,-0.002515
5.8107101E-07,-0.001564
5.8112101E-07,-0.000613
5.8117101E-07,0.000202
5.8122101E-07,0.000882
5.8127101E-07,0.001561
5.8132101E-07,0.002241
5.8137101E-07,0.002785
5.8142101E-07,0.003464
5.8147101E-07,0.004144
5.8152101E-07,0.004823
5.8157101E-07,0.005502
5.8162101E-07,0.006182
5.8167101E-07,0.006997
5.8172101E-07,0.007813
5.8177101E-07,0.008628
5.8182101E-07,0.009444
5.8187101E-07,0.010123
5.8192101E-07,0.010802
5.8197101E-07,0.011346
5.8202101E-07,0.011754
5.8207101E-07,0.012026
5.8212101E-07,0.012026
5.8217101E-07,0.011754
5.8222101E-07,0.011210
5.8227101E-07,0.010531
5.8232101E-07,0.009579
5.8237101E-07,0.008356
5.8242101E-07,0.006997
5.8247101E-07,0.005367
5.8252101E-07,0.003600
5.8257101E-07,0.001697
5.8262101E-07,-0.000069
5.8267101E-07,-0.002108
5.8272101E-07,-0.004010
5.8277101E-07,-0.005777
5.8282101E-07,-0.007544
5.8287101E-07,-0.009174
5.8292101E-07,-0.010669
5.8297101E-07,-0.012028
5.8302101E-07,-0.013251
5.8307101E-07,-0.014474
5.8312101E-07,-0.015562
5.8317101E-07,-0.016513
5.8322101E-07,-0.017464
5.8327101E-07,-0.018415
5.8332101E-07,-0.019503
5.8337101E-07,-0.020590
5.8342101E-07,-0.021677
5.8347101E-07,-0.022900
5.8352101E-07,-0.024259
5.8357101E-07,-0.025754
5.8362101E-07,-0.027249
5.8367101E-07,-0.028744
5.8372101E-07,-0.030374
5.8377101E-07,-0.032005
5.8382101E-07,-0.033500
5.8387101E-07,-0.034859
5.8392101E-07,-0.036218
5.8397101E-07,-0.037169
5.8402101E-07,-0.037985
5.8407101E-07,-0.038528
5.8412101E-07,-0.038664
5.8417101E-07,-0.038392
5.8422101E-07,-0.037849
5.8427101E-07,-0.037033
5.8432101E-07,-0.035810
5.8437101E-07,-0.034180
5.8442101E-07,-0.032413
5.8447101E-07,-0.030374
5.8452101E-07,-0.028200
5.8457101E-07,-0.025890
5.8462101E-07,-0.023580
5.8467101E-07,-0.021269
5.8472101E-07,-0.018959
5.8477101E-07,-0.016921
5.8482101E-07,-0.015018
5.8487101E-07,-0.013251
5.8492101E-07,-0.011892
5.8497101E-07,-0.010669
5.8502101E-07,-0.009718
5.8507101E-07,-0.009174
5.8512101E-07,-0.008767
5.8517101E-07,-0.008631
5.8522101E-07,-0.008767
5.8527101E-07,-0.009174
5.8532101E-07,-0.009582
5.8537101E-07,-0.010262
5.8542101E-07,-0.010941
5.8547101E-07,-0.011621
5.8552101E-07,-0.012436
5.8557101E-07,-0.013115
5.8562101E-07,-0.013795
5.8567101E-07,-0.014474
5.8572101E-07,-0.015154
5.8577101E-07,-0.015698
5.8582101E-07,-0.016241
5.8587101E-07,-0.016513
5.8592101E-07,-0.016921
5.8597101E-07,-0.017192
5.8602101E-07,-0.017464
5.8607101E-07,-0.017600
5.8612101E-07,-0.017736
5.8617101E-07,-0.017736
5.8622101E-07,-0.017736
5.8627101E-07,-0.017736
5.8632101E-07,-0.017736
5.8637101E-07,-0.017600
5.8642101E-07,-0.017328
5.8647101E-07,-0.017056
5.8652101E-07,-0.016649
5.8657101E-07,-0.016105
5.8662101E-07,-0.015562
5.8667101E-07,-0.014746
5.8672101E-07,-0.013931
5.8677101E-07,-0.012844
5.8682101E-07,-0.011621
5.8687101E-07,-0.010262
5.8692101E-07,-0.008903
5.8697101E-07,-0.007272
5.8702101E-07,-0.005641
5.8707101E-07,-0.003874
5.8712101E-07,-0.002108
5.8717101E-07,-0.000341
5.8722101E-07,0.001290
5.8727101E-07,0.002920
5.8732101E-07,0.004415
5.8737101E-07,0.005774
5.8742101E-07,0.006997
5.8747101E-07,0.007949
5.8752101E-07,0.008764
5.8757101E-07,0.009308
5.8762101E-07,0.009579
5.8767101E-07,0.009579
5.8772101E-07,0.009444
5.8777101E-07,0.009036
5.8782101E-07,0.008492
5.8787101E-07,0.007813
5.8792101E-07,0.006997
5.8797101E-07,0.006046
5.8802101E-07,0.005231
5.8807101E-07,0.004415
5.8812101E-07,0.003600
5.8817101E-07,0.002920
5.8822101E-07,0.002513
5.8827101E-07,0.002241
5.8832101E-07,0.002105
5.8837101E-07,0.002241
5.8842101E-07,0.002649
5.8847101E-07,0.003192
5.8852101E-07,0.004008
5.8857101E-07,0.005095
5.8862101E-07,0.006318
5.8867101E-07,0.007677
5.8872101E-07,0.009172
5.8877101E-07,0.010667
5.8882101E-07,0.012297
5.8887101E-07,0.013928
5.8892101E-07,0.015559
5.8897101E-07,0.017054
5.8902101E-07,0.018549
5.8907101E-07,0.019908
5.8912101E-07,0.021131
5.8917101E-07,0.022354
5.8922101E-07,0.023441
5.8927101E-07,0.024528
5.8932101E-07,0.025479
5.8937101E-07,0.026431
5.8942101E-07,0.027246
5.8947101E-07,0.028197
5.8952101E-07,0.029149
5.8957101E-07,0.029964
5.8962101E-07,0.030915
5.8967101E-07,0.031867
5.8972101E-07,0.032682
5.8977101E-07,0.033633
5.8982101E-07,0.034449
5.8987101E-07,0.035264
5.8992101E-07,0.035808
5.8997101E-07,0.036351
5.9002101E-07,0.036759
5.9007101E-07,0.036759
5.9012101E-07,0.036623
5.9017101E-07,0.036215
5.9022101E-07,0.035536
5.9027101E-07,0.034449
5.9032101E-07,0.033090
5.9037101E-07,0.031595
5.9042101E-07,0.029692
5.9047101E-07,0.027518
5.9052101E-07,0.025208
5.9057101E-07,0.022761
5.9062101E-07,0.020315
5.9067101E-07,0.017733
5.9072101E-07,0.015015
5.9077101E-07,0.012569
5.9082101E-07,0.010123
5.9087101E-07,0.007677
5.9092101E-07,0.005502
5.9097101E-07,0.003600
5.9102101E-07,0.001697
5.9107101E-07,0.000067
5.9112101E-07,-0.001428
5.9117101E-07,-0.002787
5.9122101E-07,-0.004010
5.9127101E-07,-0.005233
5.9132101E-07,-0.006321
5.9137101E-07,-0.007408
5.9142101E-07,-0.008495
5.9147101E-07,-0.009582
5.9152101E-07,-0.010805
5.9157101E-07,-0.012028
5.9162101E-07,-0.013251
5.9167101E-07,-0.014474
5.9172101E-07,-0.015833
5.9177101E-07,-0.017192
5.9182101E-07,-0.018551
5.9187101E-07,-0.019774
5.9192101E-07,-0.020998
5.9197101E-07,-0.022085
5.9202101E-07,-0.022900
5.9207101E-07,-0.023715
5.9212101E-07,-0.024123
5.9217101E-07,-0.024395
5.9222101E-07,-0.024531
5.9227101E-07,-0.024259
5.9232101E-07,-0.023987
5.9237101E-07,-0.023308
5.9242101E-07,-0.022628
5.9247101E-07,-0.021677
5.9252101E-07,-0.020726
5.9257101E-07,-0.019639
5.9262101E-07,-0.018551
5.9267101E-07,-0.017600
5.9272101E-07,-0.016649
5.9277101E-07,-0.015833
5.9282101E-07,-0.015018
5.9287101E-07,-0.014474
5.9292101E-07,-0.014203
5.9297101E-07,-0.013931
5.9302101E-07,-0.013931
5.9307101E-07,-0.014067
5.9312101E-07,-0.014339
5.9317101E-07,-0.014746
5.9322101E-07,-0.015290
5.9327101E-07,-0.015833
5.9332101E-07,-0.016377
5.9337101E-07,-0.016921
5.9342101E-07,-0.017600
5.9347101E-07,-0.018008
5.9352101E-07,-0.018415
5.9357101E-07,-0.018823
5.9362101E-07,-0.019095
5.9367101E-07,-0.019095
5.9372101E-07,-0.019095
5.9377101E-07,-0.019095
5.9382101E-07,-0.018823
5.9387101E-07,-0.018551
5.9392101E-07,-0.018144
5.9397101E-07,-0.017736
5.9402101E-07,-0.017192
5.9407101E-07,-0.016785
5.9412101E-07,-0.016377
5.9417101E-07,-0.015969
5.9422101E-07,-0.015562
5.9427101E-07,-0.015290
5.9432101E-07,-0.015154
5.9437101E-07,-0.015154
5.9442101E-07,-0.015154
5.9447101E-07,-0.015290
5.9452101E-07,-0.015426
5.9457101E-07,-0.015833
5.9462101E-07,-0.016241
5.9467101E-07,-0.016785
5.9472101E-07,-0.017464
5.9477101E-07,-0.018144
5.9482101E-07,-0.018959
5.9487101E-07,-0.019774
5.9492101E-07,-0.020726
5.9497101E-07,-0.021541
5.9502101E-07,-0.022492
5.9507101E-07,-0.023580
5.9512101E-07,-0.024531
5.9517101E-07,-0.025618
5.9522101E-07,-0.026705
5.9527101E-07,-0.027928
5.9532101E-07,-0.029015
5.9537101E-07,-0.030239
5.9542101E-07,-0.031462
5.9547101E-07,-0.032685
5.9552101E-07,-0.034044
5.9557101E-07,-0.035267
5.9562101E-07,-0.036626
5.9567101E-07,-0.037849
5.9572101E-07,-0.039072
5.9577101E-07,-0.040159
5.9582101E-07,-0.041246
5.9587101E-07,-0.042198
5.9592101E-07,-0.043013
5.9597101E-07,-0.043556
5.9602101E-07,-0.044100
5.9607101E-07,-0.044236
5.9612101E-07,-0.044372
5.9617101E-07,-0.044100
5.9622101E-07,-0.043692
5.9627101E-07,-0.042877
5.9632101E-07,-0.042062
5.9637101E-07,-0.040839
5.9642101E-07,-0.039615
5.9647101E-07,-0.038121
5.9652101E-07,-0.036490
5.9657101E-07,-0.034723
5.9662101E-07,-0.032821
5.9667101E-07,-0.031054
5.9672101E-07,-0.029151
5.9677101E-07,-0.027249
5.9682101E-07,-0.025482
5.9687101E-07,-0.023715
5.9692101E-07,-0.022085
5.9697101E-07,-0.020590
5.9702101E-07,-0.019095
5.9707101E-07,-0.017600
5.9712101E-07,-0.016377
5.9717101E-07,-0.015018
5.9722101E-07,-0.013795
5.9727101E-07,-0.012572
5.9732101E-07,-0.011349
5.9737101E-07,-0.010126
5.9742101E-07,-0.008903
5.9747101E-07,-0.007680
5.9752101E-07,-0.006321
5.9757101E-07,-0.004962
5.9762101E-07,-0.003603
5.9767101E-07,-0.002108
5.9772101E-07,-0.000613
5.9777101E-07,0.000746
5.9782101E-07,0.002105
5.9787101E-07,0.003464
5.9792101E-07,0.004687
5.9797101E-07,0.005774
5.9802101E-07,0.006726
5.9807101E-07,0.007541
5.9812101E-07,0.008085
5.9817101E-07,0.008492
5.9822101E-07,0.008764
5.9827101E-07,0.008764
5.9832101E-07,0.008628
5.9837101E-07,0.008356
5.9842101E-07,0.007949
5.9847101E-07,0.007405
5.9852101E-07,0.006726
5.9857101E-07,0.006046
5.9862101E-07,0.005367
5.9867101E-07,0.004687
5.9872101E-07,0.004144
5.9877101E-07,0.003600
5.9882101E-07,0.003056
5.9887101E-07,0.002649
5.9892101E-07,0.002377
5.9897101E-07,0.002105
5.9902101E-07,0.001969
5.9907101E-07,0.001969
5.9912101E-07,0.001969
5.9917101E-07,0.001969
5.9922101E-07,0.001969
5.9927101E-07,0.002105
5.9932101E-07,0.002105
5.9937101E-07,0.002105
5.9942101E-07,0.002105
5.9947101E-07,0.001969
5.9952101E-07,0.001833
5.9957101E-07,0.001697
5.9962101E-07,0.001697
5.9967101E-07,0.001561
5.9972101E-07,0.001426
5.9977101E-07,0.001426
5.9982101E-07,0.001426
5.9987101E-07,0.001697
5.9992101E-07,0.001969
5.9997101E-07,0.002377
6.0002101E-07,0.002920
6.0007101E-07,0.003600
6.0012101E-07,0.004551
6.0017101E-07,0.005502
6.0022101E-07,0.006726
6.0027101E-07,0.007949
6.0032101E-07,0.009172
6.0037101E-07,0.010395
6.0042101E-07,0.011618
6.0047101E-07,0.012841
6.0052101E-07,0.013928
6.0057101E-07,0.014879
6.0062101E-07,0.015559
6.0067101E-07,0.016102
6.0072101E-07,0.016374
6.0077101E-07,0.016374
6.0082101E-07,0.016102
6.0087101E-07,0.015559
6.0092101E-07,0.014744
6.0097101E-07,0.013656
6.0102101E-07,0.012297
6.0107101E-07,0.010802
6.0112101E-07,0.009036
6.0117101E-07,0.007133
6.0122101E-07,0.005231
6.0127101E-07,0.003192
6.0132101E-07,0.001154
6.0137101E-07,-0.001021
6.0142101E-07,-0.002923
6.0147101E-07,-0.004962
6.0152101E-07,-0.006728
6.0157101E-07,-0.008495
6.0162101E-07,-0.009990
6.0167101E-07,-0.011485
6.0172101E-07,-0.012708
6.0177101E-07,-0.013931
6.0182101E-07,-0.014882
6.0187101E-07,-0.015698
6.0192101E-07,-0.016377
6.0197101E-07,-0.017056
6.0202101E-07,-0.017464
6.0207101E-07,-0.018008
6.0212101E-07,-0.018415
6.0217101E-07,-0.018687
6.0222101E-07,-0.018959
6.0227101E-07,-0.019367
6.0232101E-07,-0.019639
6.0237101E-07,-0.020046
6.0242101E-07,-0.020318
6.0247101E-07,-0.020726
6.0252101E-07,-0.021269
6.0257101E-07,-0.021677
6.0262101E-07,-0.022221
6.0267101E-07,-0.022764
6.0272101E-07,-0.023172
6.0277101E-07,-0.023851
6.0282101E-07,-0.024395
6.0287101E-07,-0.024803
6.0292101E-07,-0.025346
6.0297101E-07,-0.025890
6.0302101E-07,-0.026298
6.0307101E-07,-0.026705
6.0312101E-07,-0.026977
6.0317101E-07,-0.027249
6.0322101E-07,-0.027385
6.0327101E-07,-0.027385
6.0332101E-07,-0.027385
6.0337101E-07,-0.027385
6.0342101E-07,-0.027113
6.0347101E-07,-0.026841
6.0352101E-07,-0.026569
6.0357101E-07,-0.026162
6.0362101E-07,-0.025618
6.0367101E-07,-0.025074
6.0372101E-07,-0.024531
6.0377101E-07,-0.023851
6.0382101E-07,-0.023172
6.0387101E-07,-0.022492
6.0392101E-07,-0.021677
6.0397101E-07,-0.020998
6.0402101E-07,-0.020182
6.0407101E-07,-0.019367
6.0412101E-07,-0.018687
6.0417101E-07,-0.017872
6.0422101E-07,-0.017056
6.0427101E-07,-0.016377
6.0432101E-07,-0.015698
6.0437101E-07,-0.014882
6.0442101E-07,-0.014339
6.0447101E-07,-0.013659
6.0452101E-07,-0.013115
6.0457101E-07,-0.012572
6.0462101E-07,-0.012164
6.0467101E-07,-0.011756
6.0472101E-07,-0.011349
6.0477101E-07,-0.011077
6.0482101E-07,-0.010941
6.0487101E-07,-0.010805
6.0492101E-07,-0.010805
6.0497101E-07,-0.010805
6.0502101E-07,-0.010941
6.0507101E-07,-0.011077
6.0512101E-07,-0.011349
6.0517101E-07,-0.011485
6.0522101E-07,-0.011756
6.0527101E-07,-0.012028
6.0532101E-07,-0.012164
6.0537101E-07,-0.012436
6.0542101E-07,-0.012572
6.0547101E-07,-0.012708
6.0552101E-07,-0.012708
6.0557101E-07,-0.012708
6.0562101E-07,-0.012572
6.0567101E-07,-0.012436
6.0572101E-07,-0.012300
6.0577101E-07,-0.012028
6.0582101E-07,-0.011756
6.0587101E-07,-0.011485
6.0592101E-07,-0.011077
6.0597101E-07,-0.010805
6.0602101E-07,-0.010398
6.0607101E-07,-0.010126
6.0612101E-07,-0.009854
6.0617101E-07,-0.009582
6.0622101E-07,-0.009446
6.0627101E-07,-0.009174
6.0632101E-07,-0.009174
6.0637101E-07,-0.009039
6.0642101E-07,-0.009174
6.0647101E-07,-0.009174
6.0652101E-07,-0.009310
6.0657101E-07,-0.009446
6.0662101E-07,-0.009582
6.0667101E-07,-0.009854
6.0672101E-07,-0.010126
6.0677101E-07,-0.010398
6.0682101E-07,-0.010669
6.0687101E-07,-0.011077
6.0692101E-07,-0.011349
6.0697101E-07,-0.011756
6.0702101E-07,-0.012164
6.0707101E-07,-0.012572
6.0712101E-07,-0.013115
6.0717101E-07,-0.013523
6.0722101E-07,-0.014067
6.0727101E-07,-0.014610
6.0732101E-07,-0.015154
6.0737101E-07,-0.015698
6.0742101E-07,-0.016377
6.0747101E-07,-0.016921
6.0752101E-07,-0.017464
6.0757101E-07,-0.018008
6.0762101E-07,-0.018551
6.0767101E-07,-0.019095
6.0772101E-07,-0.019503
6.0777101E-07,-0.019774
6.0782101E-07,-0.020046
6.0787101E-07,-0.020318
6.0792101E-07,-0.020318
6.0797101E-07,-0.020318
6.0802101E-07,-0.020318
6.0807101E-07,-0.020182
6.0812101E-07,-0.019910
6.0817101E-07,-0.019639
6.0822101E-07,-0.019367
6.0827101E-07,-0.018959
6.0832101E-07,-0.018551
6.0837101E-07,-0.018280
6.0842101E-07,-0.017872
6.0847101E-07,-0.017464
6.0852101E-07,-0.017056
6.0857101E-07,-0.016785
6.0862101E-07,-0.016513
6.0867101E-07,-0.016241
6.0872101E-07,-0.015969
6.0877101E-07,-0.015698
6.0882101E-07,-0.015426
6.0887101E-07,-0.015154
6.0892101E-07,-0.015018
6.0897101E-07,-0.014746
6.0902101E-07,-0.014474
6.0907101E-07,-0.014203
6.0912101E-07,-0.013795
6.0917101E-07,-0.013387
6.0922101E-07,-0.012980
6.0927101E-07,-0.012572
6.0932101E-07,-0.012164
6.0937101E-07,-0.011621
6.0942101E-07,-0.011077
6.0947101E-07,-0.010533
6.0952101E-07,-0.010126
6.0957101E-07,-0.009582
6.0962101E-07,-0.009039
6.0967101E-07,-0.008631
6.0972101E-07,-0.008223
6.0977101E-07,-0.007815
6.0982101E-07,-0.007408
6.0987101E-07,-0.007000
6.0992101E-07,-0.006728
6.0997101E-07,-0.006321
6.1002101E-07,-0.006049
6.1007101E-07,-0.005641
6.1012101E-07,-0.005233
6.1017101E-07,-0.004826
6.1022101E-07,-0.004418
6.1027101E-07,-0.003874
6.1032101E-07,-0.003331
6.1037101E-07,-0.002651
6.1042101E-07,-0.001972
6.1047101E-07,-0.001292
6.1052101E-07,-0.000477
6.1057101E-07,0.000338
6.1062101E-07,0.001154
6.1067101E-07,0.001969
6.1072101E-07,0.002785
6.1077101E-07,0.003600
6.1082101E-07,0.004279
6.1087101E-07,0.004959
6.1092101E-07,0.005502
6.1097101E-07,0.006046
6.1102101E-07,0.006454
6.1107101E-07,0.006590
6.1112101E-07,0.006726
6.1117101E-07,0.006726
6.1122101E-07,0.006590
6.1127101E-07,0.006454
6.1132101E-07,0.006046
6.1137101E-07,0.005638
6.1142101E-07,0.005095
6.1147101E-07,0.004551
6.1152101E-07,0.004008
6.1157101E-07,0.003464
6.1162101E-07,0.002785
6.1167101E-07,0.002241
6.1172101E-07,0.001697
6.1177101E-07,0.001154
6.1182101E-07,0.000746
6.1187101E-07,0.000202
6.1192101E-07,-0.000069
6.1197101E-07,-0.000477
6.1202101E-07,-0.000749
6.1207101E-07,-0.001021
6.1212101E-07,-0.001292
6.1217101E-07,-0.001564
6.1222101E-07,-0.001836
6.1227101E-07,-0.002108
6.1232101E-07,-0.002380
6.1237101E-07,-0.002787
6.1242101E-07,-0.003331
6.1247101E-07,-0.003874
6.1252101E-07,-0.004554
6.1257101E-07,-0.005369
6.1262101E-07,-0.006185
6.1267101E-07,-0.007272
6.1272101E-07,-0.008495
6.1277101E-07,-0.009718
6.1282101E-07,-0.011213
6.1287101E-07,-0.012708
6.1292101E-07,-0.014474
6.1297101E-07,-0.016241
6.1302101E-07,-0.018008
6.1307101E-07,-0.019910
6.1312101E-07,-0.021813
6.1317101E-07,-0.023851
6.1322101E-07,-0.025754
6.1327101E-07,-0.027656
6.1332101E-07,-0.029559
6.1337101E-07,-0.031462
6.1342101E-07,-0.033092
6.1347101E-07,-0.034723
6.1352101E-07,-0.036354
6.1357101E-07,-0.037713
6.1362101E-07,-0.038936
6.1367101E-07,-0.040023
6.1372101E-07,-0.040974
6.1377101E-07,-0.041790
6.1382101E-07,-0.042469
6.1387101E-07,-0.042877
6.1392101E-07,-0.043285
6.1397101E-07,-0.043421
6.1402101E-07,-0.043556
6.1407101E-07,-0.043421
6.1412101E-07,-0.043285
6.1417101E-07,-0.042877
6.1422101E-07,-0.042469
6.1427101E-07,-0.041926
6.1432101E-07,-0.041382
6.1437101E-07,-0.040703
6.1442101E-07,-0.040023
6.1447101E-07,-0.039208
6.1452101E-07,-0.038392
6.1457101E-07,-0.037713
6.1462101E-07,-0.036898
6.1467101E-07,-0.036218
6.1472101E-07,-0.035403
6.1477101E-07,-0.034859
6.1482101E-07,-0.034315
6.1487101E-07,-0.033772
6.1492101E-07,-0.033364
6.1497101E-07,-0.033092
6.1502101E-07,-0.032821
6.1507101E-07,-0.032685
6.1512101E-07,-0.032685
6.1517101E-07,-0.032685
6.1522101E-07,-0.032685
6.1527101E-07,-0.032685
6.1532101E-07,-0.032821
6.1537101E-07,-0.032821
6.1542101E-07,-0.032821
6.1547101E-07,-0.032685
6.1552101E-07,-0.032413
6.1557101E-07,-0.032005
6.1562101E-07,-0.031462
6.1567101E-07,-0.030782
6.1572101E-07,-0.029831
6.1577101E-07,-0.028744
6.1582101E-07,-0.027385
6.1587101E-07,-0.025890
6.1592101E-07,-0.024123
6.1597101E-07,-0.022221
6.1602101E-07,-0.020182
6.1607101E-07,-0.018008
6.1612101E-07,-0.015698
6.1617101E-07,-0.013387
6.1622101E-07,-0.011077
6.1627101E-07,-0.008767
6.1632101E-07,-0.006456
6.1637101E-07,-0.004282
6.1642101E-07,-0.002108
6.1647101E-07,-0.000069
6.1652101E-07,0.001833
6.1657101E-07,0.003600
6.1662101E-07,0.005231
6.1667101E-07,0.006861
6.1672101E-07,0.008220
6.1677101E-07,0.009579
6.1682101E-07,0.010802
6.1687101E-07,0.011890
6.1692101E-07,0.012977
6.1697101E-07,0.013928
6.1702101E-07,0.014879
6.1707101E-07,0.015695
6.1712101E-07,0.016510
6.1717101E-07,0.017054
6.1722101E-07,0.017597
6.1727101E-07,0.018005
6.1732101E-07,0.018277
6.1737101E-07,0.018413
6.1742101E-07,0.018277
6.1747101E-07,0.018005
6.1752101E-07,0.017326
6.1757101E-07,0.016510
6.1762101E-07,0.015559
6.1767101E-07,0.014200
6.1772101E-07,0.012569
6.1777101E-07,0.010667
6.1782101E-07,0.008492
6.1787101E-07,0.006182
6.1792101E-07,0.003600
6.1797101E-07,0.000882
6.1802101E-07,-0.001972
6.1807101E-07,-0.004826
6.1812101E-07,-0.007815
6.1817101E-07,-0.010669
6.1822101E-07,-0.013523
6.1827101E-07,-0.016241
6.1832101E-07,-0.018823
6.1837101E-07,-0.021133
6.1842101E-07,-0.023172
6.1847101E-07,-0.025074
6.1852101E-07,-0.026569
6.1857101E-07,-0.027928
6.1862101E-07,-0.028880
6.1867101E-07,-0.029423
6.1872101E-07,-0.029695
6.1877101E-07,-0.029695
6.1882101E-07,-0.029423
6.1887101E-07,-0.028880
6.1892101E-07,-0.028064
6.1897101E-07,-0.026977
6.1902101E-07,-0.025754
6.1907101E-07,-0.024395
6.1912101E-07,-0.022764
6.1917101E-07,-0.021133
6.1922101E-07,-0.019503
6.1927101E-07,-0.017736
6.1932101E-07,-0.015969
6.1937101E-07,-0.014339
6.1942101E-07,-0.012708
6.1947101E-07,-0.011077
6.1952101E-07,-0.009718
6.1957101E-07,-0.008495
6.1962101E-07,-0.007408
6.1967101E-07,-0.006592
6.1972101E-07,-0.005913
6.1977101E-07,-0.005505
6.1982101E-07,-0.005369
6.1987101E-07,-0.005369
6.1992101E-07,-0.005777
6.1997101E-07,-0.006321
6.2002101E-07,-0.007136
6.2007101E-07,-0.008087
6.2012101E-07,-0.009310
6.2017101E-07,-0.010669
6.2022101E-07,-0.012300
6.2027101E-07,-0.014067
6.2032101E-07,-0.015969
6.2037101E-07,-0.017872
6.2042101E-07,-0.019910
6.2047101E-07,-0.021813
6.2052101E-07,-0.023851
6.2057101E-07,-0.025890
6.2062101E-07,-0.027792
6.2067101E-07,-0.029695
6.2072101E-07,-0.031326
6.2077101E-07,-0.032956
6.2082101E-07,-0.034315
6.2087101E-07,-0.035539
6.2092101E-07,-0.036626
6.2097101E-07,-0.037441
6.2102101E-07,-0.037985
6.2107101E-07,-0.038392
6.2112101E-07,-0.038664
6.2117101E-07,-0.038664
6.2122101E-07,-0.038392
6.2127101E-07,-0.037985
6.2132101E-07,-0.037441
6.2137101E-07,-0.036762
6.2142101E-07,-0.035946
6.2147101E-07,-0.035131
6.2152101E-07,-0.034044
6.2157101E-07,-0.033092
6.2162101E-07,-0.032005
6.2167101E-07,-0.030918
6.2172101E-07,-0.029831
6.2177101E-07,-0.028744
6.2182101E-07,-0.027792
6.2187101E-07,-0.026841
6.2192101E-07,-0.025890
6.2197101E-07,-0.024939
6.2202101E-07,-0.024123
6.2207101E-07,-0.023308
6.2212101E-07,-0.022492
6.2217101E-07,-0.021677
6.2222101E-07,-0.020862
6.2227101E-07,-0.020182
6.2232101E-07,-0.019367
6.2237101E-07,-0.018551
6.2242101E-07,-0.017600
6.2247101E-07,-0.016785
6.2252101E-07,-0.015833
6.2257101E-07,-0.014746
6.2262101E-07,-0.013795
6.2267101E-07,-0.012708
6.2272101E-07,-0.011621
6.2277101E-07,-0.010669
6.2282101E-07,-0.009582
6.2287101E-07,-0.008631
6.2292101E-07,-0.007680
6.2297101E-07,-0.006864
6.2302101E-07,-0.006049
6.2307101E-07,-0.005505
6.2312101E-07,-0.004962
6.2317101E-07,-0.004554
6.2322101E-07,-0.004282
6.2327101E-07,-0.004146
6.2332101E-07,-0.004146
6.2337101E-07,-0.004282
6.2342101E-07,-0.004418
6.2347101E-07,-0.004554
6.2352101E-07,-0.004826
6.2357101E-07,-0.005098
6.2362101E-07,-0.005369
6.2367101E-07,-0.005641
6.2372101E-07,-0.005777
6.2377101E-07,-0.005777
6.2382101E-07,-0.005913
6.2387101E-07,-0.005777
6.2392101E-07,-0.005641
6.2397101E-07,-0.005505
6.2402101E-07,-0.005233
6.2407101E-07,-0.004962
6.2412101E-07,-0.004554
6.2417101E-07,-0.004282
6.2422101E-07,-0.004010
6.2427101E-07,-0.003874
6.2432101E-07,-0.003739
6.2437101E-07,-0.003739
6.2442101E-07,-0.003874
6.2447101E-07,-0.004146
6.2452101E-07,-0.004554
6.2457101E-07,-0.005098
6.2462101E-07,-0.005777
6.2467101E-07,-0.006592
6.2472101E-07,-0.007544
6.2477101E-07,-0.008495
6.2482101E-07,-0.009446
6.2487101E-07,-0.010398
6.2492101E-07,-0.011485
6.2497101E-07,-0.012436
6.2502101E-07,-0.013387
6.2507101E-07,-0.014203
6.2512101E-07,-0.015018
6.2517101E-07,-0.015833
6.2522101E-07,-0.016513
6.2527101E-07,-0.017056
6.2532101E-07,-0.017600
6.2537101E-07,-0.018144
6.2542101E-07,-0.018687
6.2547101E-07,-0.019231
6.2552101E-07,-0.019774
6.2557101E-07,-0.020318
6.2562101E-07,-0.020862
6.2567101E-07,-0.021405
6.2572101E-07,-0.021949
6.2577101E-07,-0.022628
6.2582101E-07,-0.023172
6.2587101E-07,-0.023851
6.2592101E-07,-0.024395
6.2597101E-07,-0.024803
6.2602101E-07,-0.025210
6.2607101E-07,-0.025482
6.2612101E-07,-0.025618
6.2617101E-07,-0.025618
6.2622101E-07,-0.025346
6.2627101E-07,-0.024939
6.2632101E-07,-0.024395
6.2637101E-07,-0.023580
6.2642101E-07,-0.022764
6.2647101E-07,-0.021677
6.2652101E-07,-0.020454
6.2657101E-07,-0.019231
6.2662101E-07,-0.017872
6.2667101E-07,-0.016513
6.2672101E-07,-0.015290
6.2677101E-07,-0.014067
6.2682101E-07,-0.012844
6.2687101E-07,-0.011756
6.2692101E-07,-0.010805
6.2697101E-07,-0.009990
6.2702101E-07,-0.009310
6.2707101E-07,-0.008767
6.2712101E-07,-0.008359
6.2717101E-07,-0.008087
6.2722101E-07,-0.007815
6.2727101E-07,-0.007544
6.2732101E-07,-0.007408
6.2737101E-07,-0.007272
6.2742101E-07,-0.007000
6.2747101E-07,-0.006728
6.2752101E-07,-0.006321
6.2757101E-07,-0.005777
6.2762101E-07,-0.005233
6.2767101E-07,-0.004554
6.2772101E-07,-0.003739
6.2777101E-07,-0.002787
6.2782101E-07,-0.001700
6.2787101E-07,-0.000613
6.2792101E-07,0.000474
6.2797101E-07,0.001697
6.2802101E-07,0.002920
6.2807101E-07,0.004279
6.2812101E-07,0.005367
6.2817101E-07,0.006590
6.2822101E-07,0.007677
6.2827101E-07,0.008764
6.2832101E-07,0.009715
6.2837101E-07,0.010531
6.2842101E-07,0.011210
6.2847101E-07,0.011890
6.2852101E-07,0.012569
6.2857101E-07,0.012977
6.2862101E-07,0.013520
6.2867101E-07,0.013792
6.2872101E-07,0.014200
6.2877101E-07,0.014472
6.2882101E-07,0.014744
6.2887101E-07,0.015015
6.2892101E-07,0.015287
6.2897101E-07,0.015559
6.2902101E-07,0.015831
6.2907101E-07,0.016238
6.2912101E-07,0.016510
6.2917101E-07,0.016918
6.2922101E-07,0.017190
6.2927101E-07,0.017597
6.2932101E-07,0.017869
6.2937101E-07,0.018277
6.2942101E-07,0.018549
6.2947101E-07,0.018956
6.2952101E-07,0.019228
6.2957101E-07,0.019500
6.2962101E-07,0.019636
6.2967101E-07,0.019908
6.2972101E-07,0.019908
6.2977101E-07,0.020044
6.2982101E-07,0.020179
6.2987101E-07,0.020179
6.2992101E-07,0.020179
6.2997101E-07,0.020179
6.3002101E-07,0.020179
6.3007101E-07,0.020315
6.3012101E-07,0.020451
6.3017101E-07,0.020587
6.3022101E-07,0.020723
6.3027101E-07,0.021131
6.3032101E-07,0.021402
6.3037101E-07,0.021946
6.3042101E-07,0.022490
6.3047101E-07,0.023033
6.3052101E-07,0.023577
6.3057101E-07,0.024120
6.3062101E-07,0.024664
6.3067101E-07,0.025072
6.3072101E-07,0.025344
6.3077101E-07,0.025344
6.3082101E-07,0.025208
6.3087101E-07,0.024800
6.3092101E-07,0.023985
6.3097101E-07,0.022897
6.3102101E-07,0.021267
6.3107101E-07,0.019364
6.3112101E-07,0.017054
6.3117101E-07,0.014200
6.3122101E-07,0.010938
6.3127101E-07,0.007269
6.3132101E-07,0.003328
6.3137101E-07,-0.000885
6.3142101E-07,-0.005369
6.3147101E-07,-0.009990
6.3152101E-07,-0.014746
6.3157101E-07,-0.019639
6.3162101E-07,-0.024259
6.3167101E-07,-0.028880
6.3172101E-07,-0.033228
6.3177101E-07,-0.037441
6.3182101E-07,-0.041246
6.3187101E-07,-0.044644
6.3192101E-07,-0.047769
6.3197101E-07,-0.050487
6.3202101E-07,-0.052798
6.3207101E-07,-0.054564
6.3212101E-07,-0.056059
6.3217101E-07,-0.057146
6.3222101E-07,-0.057962
6.3227101E-07,-0.058369
6.3232101E-07,-0.058505
6.3237101E-07,-0.058369
6.3242101E-07,-0.058098
6.3247101E-07,-0.057554
6.3252101E-07,-0.056874
6.3257101E-07,-0.056059
6.3262101E-07,-0.054972
6.3267101E-07,-0.053885
6.3272101E-07,-0.052662
6.3277101E-07,-0.051303
6.3282101E-07,-0.049808
6.3287101E-07,-0.048177
6.3292101E-07,-0.046410
6.3297101E-07,-0.044508
6.3302101E-07,-0.042469
6.3307101E-07,-0.040295
6.3312101E-07,-0.037985
6.3317101E-07,-0.035674
6.3322101E-07,-0.033228
6.3327101E-07,-0.030782
6.3332101E-07,-0.028200
6.3337101E-07,-0.025890
6.3342101E-07,-0.023444
6.3347101E-07,-0.021269
6.3352101E-07,-0.019231
6.3357101E-07,-0.017328
6.3362101E-07,-0.015833
6.3367101E-07,-0.014474
6.3372101E-07,-0.013387
6.3377101E-07,-0.012572
6.3382101E-07,-0.012164
6.3387101E-07,-0.012028
6.3392101E-07,-0.012164
6.3397101E-07,-0.012572
6.3402101E-07,-0.013251
6.3407101E-07,-0.014067
6.3412101E-07,-0.015154
6.3417101E-07,-0.016241
6.3422101E-07,-0.017600
6.3427101E-07,-0.019095
6.3432101E-07,-0.020590
6.3437101E-07,-0.022085
6.3442101E-07,-0.023580
6.3447101E-07,-0.025210
6.3452101E-07,-0.026841
6.3457101E-07,-0.028336
6.3462101E-07,-0.029967
6.3467101E-07,-0.031598
6.3472101E-07,-0.033092
6.3477101E-07,-0.034723
6.3482101E-07,-0.036354
6.3487101E-07,-0.037849
6.3492101E-07,-0.039344
6.3497101E-07,-0.040839
6.3502101E-07,-0.042333
6.3507101E-07,-0.043556
6.3512101E-07,-0.044780
6.3517101E-07,-0.045867
6.3522101E-07,-0.046682
6.3527101E-07,-0.047362
6.3532101E-07,-0.047769
6.3537101E-07,-0.047905
6.3542101E-07,-0.047769
6.3547101E-07,-0.047226
6.3552101E-07,-0.046410
6.3557101E-07,-0.045323
6.3562101E-07,-0.043828
6.3567101E-07,-0.042062
6.3572101E-07,-0.039887
6.3577101E-07,-0.037577
6.3582101E-07,-0.035131
6.3587101E-07,-0.032413
6.3592101E-07,-0.029559
6.3597101E-07,-0.026841
6.3602101E-07,-0.023987
6.3607101E-07,-0.021269
6.3612101E-07,-0.018551
6.3617101E-07,-0.016105
6.3622101E-07,-0.013931
6.3627101E-07,-0.012028
6.3632101E-07,-0.010262
6.3637101E-07,-0.008903
6.3642101E-07,-0.007815
6.3647101E-07,-0.007000
6.3652101E-07,-0.006456
6.3657101E-07,-0.006185
6.3662101E-07,-0.006185
6.3667101E-07,-0.006456
6.3672101E-07,-0.006864
6.3677101E-07,-0.007408
6.3682101E-07,-0.008087
6.3687101E-07,-0.008767
6.3692101E-07,-0.009582
6.3697101E-07,-0.010398
6.3702101E-07,-0.011077
6.3707101E-07,-0.011756
6.3712101E-07,-0.012436
6.3717101E-07,-0.012980
6.3722101E-07,-0.013523
6.3727101E-07,-0.013931
6.3732101E-07,-0.014203
6.3737101E-07,-0.014474
6.3742101E-07,-0.014746
6.3747101E-07,-0.015018
6.3752101E-07,-0.015290
6.3757101E-07,-0.015562
6.3762101E-07,-0.015833
6.3767101E-07,-0.016105
6.3772101E-07,-0.016513
6.3777101E-07,-0.017056
6.3782101E-07,-0.017600
6.3787101E-07,-0.018144
6.3792101E-07,-0.018823
6.3797101E-07,-0.019503
6.3802101E-07,-0.020182
6.3807101E-07,-0.020998
6.3812101E-07,-0.021541
6.3817101E-07,-0.022085
6.3822101E-07,-0.022628
6.3827101E-07,-0.022900
6.3832101E-07,-0.023036
6.3837101E-07,-0.023036
6.3842101E-07,-0.022764
6.3847101E-07,-0.022356
6.3852101E-07,-0.021677
6.3857101E-07,-0.020726
6.3862101E-07,-0.019639
6.3867101E-07,-0.018415
6.3872101E-07,-0.017056
6.3877101E-07,-0.015426
6.3882101E-07,-0.013795
6.3887101E-07,-0.012164
6.3892101E-07,-0.010398
6.3897101E-07,-0.008631
6.3902101E-07,-0.007000
6.3907101E-07,-0.005233
6.3912101E-07,-0.003739
6.3917101E-07,-0.002108
6.3922101E-07,-0.000749
6.3927101E-07,0.000746
6.3932101E-07,0.002105
6.3937101E-07,0.003464
6.3942101E-07,0.004687
6.3947101E-07,0.006046
6.3952101E-07,0.007541
6.3957101E-07,0.008900
6.3962101E-07,0.010395
6.3967101E-07,0.012026
6.3972101E-07,0.013656
6.3977101E-07,0.015423
6.3982101E-07,0.017326
6.3987101E-07,0.019092
6.3992101E-07,0.020995
6.3997101E-07,0.022761
6.4002101E-07,0.024528
6.4007101E-07,0.026023
6.4012101E-07,0.027518
6.4017101E-07,0.028741
6.4022101E-07,0.029692
6.4027101E-07,0.030372
6.4032101E-07,0.030779
6.4037101E-07,0.030915
6.4042101E-07,0.030644
6.4047101E-07,0.030236
6.4052101E-07,0.029420
6.4057101E-07,0.028333
6.4062101E-07,0.027110
6.4067101E-07,0.025751
6.4072101E-07,0.024256
6.4077101E-07,0.022626
6.4082101E-07,0.021131
6.4087101E-07,0.019636
6.4092101E-07,0.018141
6.4097101E-07,0.016918
6.4102101E-07,0.015695
6.4107101E-07,0.014744
6.4112101E-07,0.013792
6.4117101E-07,0.013113
6.4122101E-07,0.012569
6.4127101E-07,0.012026
6.4132101E-07,0.011618
6.4137101E-07,0.011346
6.4142101E-07,0.010938
6.4147101E-07,0.010395
6.4152101E-07,0.009851
6.4157101E-07,0.009172
6.4162101E-07,0.008356
6.4167101E-07,0.007405
6.4172101E-07,0.006318
6.4177101E-07,0.004959
6.4182101E-07,0.003600
6.4187101E-07,0.002105
6.4192101E-07,0.000474
6.4197101E-07,-0.001156
6.4202101E-07,-0.002787
6.4207101E-07,-0.004282
6.4212101E-07,-0.005777
6.4217101E-07,-0.007136
6.4222101E-07,-0.008359
6.4227101E-07,-0.009446
6.4232101E-07,-0.010398
6.4237101E-07,-0.011077
6.4242101E-07,-0.011621
6.4247101E-07,-0.012164
6.4252101E-07,-0.012572
6.4257101E-07,-0.012844
6.4262101E-07,-0.013115
6.4267101E-07,-0.013523
6.4272101E-07,-0.013931
6.4277101E-07,-0.014474
6.4282101E-07,-0.015154
6.4287101E-07,-0.016105
6.4292101E-07,-0.017328
6.4297101E-07,-0.018687
6.4302101E-07,-0.020318
6.4307101E-07,-0.022221
6.4312101E-07,-0.024259
6.4317101E-07,-0.026433
6.4322101E-07,-0.028880
6.4327101E-07,-0.031326
6.4332101E-07,-0.033772
6.4337101E-07,-0.036218
6.4342101E-07,-0.038528
6.4347101E-07,-0.040703
6.4352101E-07,-0.042605
6.4357101E-07,-0.044372
6.4362101E-07,-0.045731
6.4367101E-07,-0.046954
6.4372101E-07,-0.047769
6.4377101E-07,-0.048313
6.4382101E-07,-0.048449
6.4387101E-07,-0.048449
6.4392101E-07,-0.048041
6.4397101E-07,-0.047498
6.4402101E-07,-0.046682
6.4407101E-07,-0.045867
6.4412101E-07,-0.044915
6.4417101E-07,-0.043964
6.4422101E-07,-0.042877
6.4427101E-07,-0.042062
6.4432101E-07,-0.041110
6.4437101E-07,-0.040431
6.4442101E-07,-0.039887
6.4447101E-07,-0.039344
6.4452101E-07,-0.039072
6.4457101E-07,-0.038936
6.4462101E-07,-0.038800
6.4467101E-07,-0.038800
6.4472101E-07,-0.038936
6.4477101E-07,-0.039072
6.4482101E-07,-0.039344
6.4487101E-07,-0.039344
6.4492101E-07,-0.039480
6.4497101E-07,-0.039480
6.4502101E-07,-0.039344
6.4507101E-07,-0.038936
6.4512101E-07,-0.038528
6.4517101E-07,-0.037849
6.4522101E-07,-0.037033
6.4527101E-07,-0.036082
6.4532101E-07,-0.034995
6.4537101E-07,-0.033636
6.4542101E-07,-0.032277
6.4547101E-07,-0.030782
6.4552101E-07,-0.029151
6.4557101E-07,-0.027385
6.4562101E-07,-0.025754
6.4567101E-07,-0.023987
6.4572101E-07,-0.022356
6.4577101E-07,-0.020726
6.4582101E-07,-0.019095
6.4587101E-07,-0.017464
6.4592101E-07,-0.015969
6.4597101E-07,-0.014474
6.4602101E-07,-0.013115
6.4607101E-07,-0.011756
6.4612101E-07,-0.010533
6.4617101E-07,-0.009174
6.4622101E-07,-0.007951
6.4627101E-07,-0.006728
6.4632101E-07,-0.005505
6.4637101E-07,-0.004146
6.4642101E-07,-0.002923
6.4647101E-07,-0.001700
6.4652101E-07,-0.000477
6.4657101E-07,0.000610
6.4662101E-07,0.001697
6.4667101E-07,0.002785
6.4672101E-07,0.003600
6.4677101E-07,0.004415
6.4682101E-07,0.004959
6.4687101E-07,0.005231
6.4692101E-07,0.005367
6.4697101E-07,0.005231
6.4702101E-07,0.004959
6.4707101E-07,0.004415
6.4712101E-07,0.003600
6.4717101E-07,0.002649
6.4722101E-07,0.001426
6.4727101E-07,0.000202
6.4732101E-07,-0.001156
6.4737101E-07,-0.002515
6.4742101E-07,-0.003874
6.4747101E-07,-0.005098
6.4752101E-07,-0.006185
6.4757101E-07,-0.007136
6.4762101E-07,-0.007815
6.4767101E-07,-0.008359
6.4772101E-07,-0.008631
6.4777101E-07,-0.008495
6.4782101E-07,-0.008359
6.4787101E-07,-0.007815
6.4792101E-07,-0.007136
6.4797101E-07,-0.006456
6.4802101E-07,-0.005641
6.4807101E-07,-0.004826
6.4812101E-07,-0.004010
6.4817101E-07,-0.003331
6.4822101E-07,-0.002923
6.4827101E-07,-0.002651
6.4832101E-07,-0.002651
6.4837101E-07,-0.002923
6.4842101E-07,-0.003467
6.4847101E-07,-0.004282
6.4852101E-07,-0.005505
6.4857101E-07,-0.006864
6.4862101E-07,-0.008359
6.4867101E-07,-0.010126
6.4872101E-07,-0.012028
6.4877101E-07,-0.013931
6.4882101E-07,-0.015698
6.4887101E-07,-0.017464
6.4892101E-07,-0.019095
6.4897101E-07,-0.020454
6.4902101E-07,-0.021541
6.4907101E-07,-0.022492
6.4912101E-07,-0.023036
6.4917101E-07,-0.023444
6.4922101E-07,-0.023444
6.4927101E-07,-0.023308
6.4932101E-07,-0.022900
6.4937101E-07,-0.022356
6.4942101E-07,-0.021677
6.4947101E-07,-0.020862
6.4952101E-07,-0.020182
6.4957101E-07,-0.019367
6.4962101E-07,-0.018687
6.4967101E-07,-0.018144
6.4972101E-07,-0.017600
6.4977101E-07,-0.017328
6.4982101E-07,-0.017192
6.4987101E-07,-0.017192
6.4992101E-07,-0.017328
6.4997101E-07,-0.017464
6.5002101E-07,-0.017872
6.5007101E-07,-0.018144
6.5012101E-07,-0.018551
6.5017101E-07,-0.018959
6.5022101E-07,-0.019231
6.5027101E-07,-0.019503
6.5032101E-07,-0.019639
6.5037101E-07,-0.019639
6.5042101E-07,-0.019639
6.5047101E-07,-0.019367
6.5052101E-07,-0.019095
6.5057101E-07,-0.018687
6.5062101E-07,-0.018144
6.5067101E-07,-0.017464
6.5072101E-07,-0.016785
6.5077101E-07,-0.016105
6.5082101E-07,-0.015426
6.5087101E-07,-0.014746
6.5092101E-07,-0.014067
6.5097101E-07,-0.013387
6.5102101E-07,-0.012844
6.5107101E-07,-0.012300
6.5112101E-07,-0.011756
6.5117101E-07,-0.011213
6.5122101E-07,-0.010805
6.5127101E-07,-0.010262
6.5132101E-07,-0.009854
6.5137101E-07,-0.009310
6.5142101E-07,-0.008767
6.5147101E-07,-0.008223
6.5152101E-07,-0.007544
6.5157101E-07,-0.006728
6.5162101E-07,-0.005913
6.5167101E-07,-0.004962
6.5172101E-07,-0.004010
6.5177101E-07,-0.003059
6.5182101E-07,-0.001972
6.5187101E-07,-0.000885
6.5192101E-07,0.000202
6.5197101E-07,0.001154
6.5202101E-07,0.001969
6.5207101E-07,0.002785
6.5212101E-07,0.003328
6.5217101E-07,0.003736
6.5222101E-07,0.004008
6.5227101E-07,0.004008
6.5232101E-07,0.003736
6.5237101E-07,0.003192
6.5242101E-07,0.002513
6.5247101E-07,0.001561
6.5252101E-07,0.000338
6.5257101E-07,-0.001021
6.5262101E-07,-0.002515
6.5267101E-07,-0.004282
6.5272101E-07,-0.006049
6.5277101E-07,-0.007815
6.5282101E-07,-0.009718
6.5287101E-07,-0.011621
6.5292101E-07,-0.013523
6.5297101E-07,-0.015426
6.5302101E-07,-0.017056
6.5307101E-07,-0.018687
6.5312101E-07,-0.020182
6.5317101E-07,-0.021541
6.5322101E-07,-0.022764
6.5327101E-07,-0.023851
6.5332101E-07,-0.024939
6.5337101E-07,-0.025754
6.5342101E-07,-0.026705
6.5347101E-07,-0.027521
6.5352101E-07,-0.028336
6.5357101E-07,-0.029287
6.5362101E-07,-0.030239
6.5367101E-07,-0.031326
6.5372101E-07,-0.032685
6.5377101E-07,-0.034180
6.5382101E-07,-0.035946
6.5387101E-07,-0.037985
6.5392101E-07,-0.040295
6.5397101E-07,-0.042877
6.5402101E-07,-0.045731
6.5407101E-07,-0.048992
6.5412101E-07,-0.052526
6.5417101E-07,-0.056331
6.5422101E-07,-0.060408
6.5427101E-07,-0.064621
6.5432101E-07,-0.068969
6.5437101E-07,-0.073454
