LECROYWaveRunner‘N,20113,Waveform
Segments,1,SegmentSize,4002
Segment,TrigTime,TimeSinceSegment1
#1,12-Dec-2018 11:40:52,0                 
Time,Ampl
4.5690678E-07,-0.019080
4.5695678E-07,-0.019839
4.5700678E-07,-0.020407
4.5705678E-07,-0.020976
4.5710678E-07,-0.021355
4.5715678E-07,-0.021355
4.5720678E-07,-0.021355
4.5725678E-07,-0.020976
4.5730678E-07,-0.020597
4.5735678E-07,-0.019839
4.5740678E-07,-0.018891
4.5745678E-07,-0.017564
4.5750678E-07,-0.016426
4.5755678E-07,-0.014910
4.5760678E-07,-0.013393
4.5765678E-07,-0.011877
4.5770678E-07,-0.010360
4.5775678E-07,-0.008844
4.5780678E-07,-0.007517
4.5785678E-07,-0.006380
4.5790678E-07,-0.005432
4.5795678E-07,-0.004674
4.5800678E-07,-0.004105
4.5805678E-07,-0.003915
4.5810678E-07,-0.003915
4.5815678E-07,-0.004105
4.5820678E-07,-0.004674
4.5825678E-07,-0.005432
4.5830678E-07,-0.006380
4.5835678E-07,-0.007327
4.5840678E-07,-0.008465
4.5845678E-07,-0.009602
4.5850678E-07,-0.010740
4.5855678E-07,-0.011877
4.5860678E-07,-0.012635
4.5865678E-07,-0.013393
4.5870678E-07,-0.013962
4.5875678E-07,-0.014152
4.5880678E-07,-0.014152
4.5885678E-07,-0.013773
4.5890678E-07,-0.013393
4.5895678E-07,-0.012446
4.5900678E-07,-0.011498
4.5905678E-07,-0.010360
4.5910678E-07,-0.009034
4.5915678E-07,-0.007517
4.5920678E-07,-0.006190
4.5925678E-07,-0.004674
4.5930678E-07,-0.003347
4.5935678E-07,-0.002209
4.5940678E-07,-0.001262
4.5945678E-07,-0.000503
4.5950678E-07,0.000255
4.5955678E-07,0.000445
4.5960678E-07,0.000634
4.5965678E-07,0.000634
4.5970678E-07,0.000445
4.5975678E-07,0.000065
4.5980678E-07,-0.000314
4.5985678E-07,-0.000693
4.5990678E-07,-0.001072
4.5995678E-07,-0.001451
4.6000678E-07,-0.001451
4.6005678E-07,-0.001451
4.6010678E-07,-0.001072
4.6015678E-07,-0.000503
4.6020678E-07,0.000255
4.6025678E-07,0.001392
4.6030678E-07,0.002719
4.6035678E-07,0.004236
4.6040678E-07,0.005942
4.6045678E-07,0.007837
4.6050678E-07,0.009733
4.6055678E-07,0.011818
4.6060678E-07,0.013714
4.6065678E-07,0.015420
4.6070678E-07,0.017126
4.6075678E-07,0.018642
4.6080678E-07,0.019780
4.6085678E-07,0.020728
4.6090678E-07,0.021675
4.6095678E-07,0.022244
4.6100678E-07,0.022623
4.6105678E-07,0.022813
4.6110678E-07,0.022813
4.6115678E-07,0.023002
4.6120678E-07,0.023002
4.6125678E-07,0.023192
4.6130678E-07,0.023381
4.6135678E-07,0.023571
4.6140678E-07,0.024140
4.6145678E-07,0.024708
4.6150678E-07,0.025656
4.6155678E-07,0.026604
4.6160678E-07,0.027931
4.6165678E-07,0.029258
4.6170678E-07,0.030585
4.6175678E-07,0.031912
4.6180678E-07,0.033239
4.6185678E-07,0.034566
4.6190678E-07,0.035513
4.6195678E-07,0.036461
4.6200678E-07,0.036840
4.6205678E-07,0.037030
4.6210678E-07,0.036840
4.6215678E-07,0.036272
4.6220678E-07,0.035134
4.6225678E-07,0.033807
4.6230678E-07,0.031912
4.6235678E-07,0.030016
4.6240678E-07,0.027552
4.6245678E-07,0.025087
4.6250678E-07,0.022244
4.6255678E-07,0.019590
4.6260678E-07,0.016747
4.6265678E-07,0.013903
4.6270678E-07,0.011250
4.6275678E-07,0.008596
4.6280678E-07,0.006321
4.6285678E-07,0.004046
4.6290678E-07,0.001961
4.6295678E-07,0.000255
4.6300678E-07,-0.001451
4.6305678E-07,-0.002968
4.6310678E-07,-0.004295
4.6315678E-07,-0.005432
4.6320678E-07,-0.006759
4.6325678E-07,-0.007707
4.6330678E-07,-0.008844
4.6335678E-07,-0.009981
4.6340678E-07,-0.011119
4.6345678E-07,-0.012256
4.6350678E-07,-0.013393
4.6355678E-07,-0.014531
4.6360678E-07,-0.015668
4.6365678E-07,-0.016806
4.6370678E-07,-0.017943
4.6375678E-07,-0.018891
4.6380678E-07,-0.019649
4.6385678E-07,-0.020218
4.6390678E-07,-0.020597
4.6395678E-07,-0.020786
4.6400678E-07,-0.020786
4.6405678E-07,-0.020407
4.6410678E-07,-0.019649
4.6415678E-07,-0.018701
4.6420678E-07,-0.017564
4.6425678E-07,-0.016237
4.6430678E-07,-0.014531
4.6435678E-07,-0.012825
4.6440678E-07,-0.010929
4.6445678E-07,-0.009034
4.6450678E-07,-0.006948
4.6455678E-07,-0.005053
4.6460678E-07,-0.003347
4.6465678E-07,-0.001641
4.6470678E-07,-0.000124
4.6475678E-07,0.001203
4.6480678E-07,0.002151
4.6485678E-07,0.003098
4.6490678E-07,0.003477
4.6495678E-07,0.003857
4.6500678E-07,0.003857
4.6505678E-07,0.003667
4.6510678E-07,0.003288
4.6515678E-07,0.002719
4.6520678E-07,0.001961
4.6525678E-07,0.001203
4.6530678E-07,0.000255
4.6535678E-07,-0.000503
4.6540678E-07,-0.001451
4.6545678E-07,-0.002209
4.6550678E-07,-0.002968
4.6555678E-07,-0.003726
4.6560678E-07,-0.004295
4.6565678E-07,-0.004674
4.6570678E-07,-0.004863
4.6575678E-07,-0.005242
4.6580678E-07,-0.005242
4.6585678E-07,-0.005242
4.6590678E-07,-0.005242
4.6595678E-07,-0.005242
4.6600678E-07,-0.005053
4.6605678E-07,-0.005053
4.6610678E-07,-0.005053
4.6615678E-07,-0.005053
4.6620678E-07,-0.005242
4.6625678E-07,-0.005432
4.6630678E-07,-0.005811
4.6635678E-07,-0.006190
4.6640678E-07,-0.006569
4.6645678E-07,-0.007138
4.6650678E-07,-0.007707
4.6655678E-07,-0.008465
4.6660678E-07,-0.009034
4.6665678E-07,-0.009602
4.6670678E-07,-0.010171
4.6675678E-07,-0.010550
4.6680678E-07,-0.010740
4.6685678E-07,-0.010929
4.6690678E-07,-0.011119
4.6695678E-07,-0.010929
4.6700678E-07,-0.010740
4.6705678E-07,-0.010550
4.6710678E-07,-0.010171
4.6715678E-07,-0.009602
4.6720678E-07,-0.009223
4.6725678E-07,-0.008844
4.6730678E-07,-0.008465
4.6735678E-07,-0.008275
4.6740678E-07,-0.008275
4.6745678E-07,-0.008275
4.6750678E-07,-0.008654
4.6755678E-07,-0.009223
4.6760678E-07,-0.009981
4.6765678E-07,-0.010929
4.6770678E-07,-0.012067
4.6775678E-07,-0.013204
4.6780678E-07,-0.014720
4.6785678E-07,-0.016047
4.6790678E-07,-0.017374
4.6795678E-07,-0.018701
4.6800678E-07,-0.019839
4.6805678E-07,-0.020786
4.6810678E-07,-0.021355
4.6815678E-07,-0.021734
4.6820678E-07,-0.021924
4.6825678E-07,-0.021545
4.6830678E-07,-0.020976
4.6835678E-07,-0.020028
4.6840678E-07,-0.018701
4.6845678E-07,-0.017185
4.6850678E-07,-0.015479
4.6855678E-07,-0.013583
4.6860678E-07,-0.011687
4.6865678E-07,-0.009981
4.6870678E-07,-0.008275
4.6875678E-07,-0.006569
4.6880678E-07,-0.005242
4.6885678E-07,-0.004295
4.6890678E-07,-0.003536
4.6895678E-07,-0.003157
4.6900678E-07,-0.003157
4.6905678E-07,-0.003536
4.6910678E-07,-0.004105
4.6915678E-07,-0.005053
4.6920678E-07,-0.006190
4.6925678E-07,-0.007517
4.6930678E-07,-0.009034
4.6935678E-07,-0.010360
4.6940678E-07,-0.011877
4.6945678E-07,-0.013204
4.6950678E-07,-0.014531
4.6955678E-07,-0.015479
4.6960678E-07,-0.016426
4.6965678E-07,-0.016995
4.6970678E-07,-0.017374
4.6975678E-07,-0.017564
4.6980678E-07,-0.017564
4.6985678E-07,-0.017374
4.6990678E-07,-0.017185
4.6995678E-07,-0.016806
4.7000678E-07,-0.016237
4.7005678E-07,-0.015858
4.7010678E-07,-0.015289
4.7015678E-07,-0.014910
4.7020678E-07,-0.014531
4.7025678E-07,-0.014341
4.7030678E-07,-0.014152
4.7035678E-07,-0.013962
4.7040678E-07,-0.013773
4.7045678E-07,-0.013583
4.7050678E-07,-0.013583
4.7055678E-07,-0.013393
4.7060678E-07,-0.013204
4.7065678E-07,-0.012825
4.7070678E-07,-0.012256
4.7075678E-07,-0.011498
4.7080678E-07,-0.010550
4.7085678E-07,-0.009413
4.7090678E-07,-0.008086
4.7095678E-07,-0.006380
4.7100678E-07,-0.004674
4.7105678E-07,-0.002588
4.7110678E-07,-0.000503
4.7115678E-07,0.001582
4.7120678E-07,0.003857
4.7125678E-07,0.006131
4.7130678E-07,0.008406
4.7135678E-07,0.010681
4.7140678E-07,0.012576
4.7145678E-07,0.014472
4.7150678E-07,0.016178
4.7155678E-07,0.017505
4.7160678E-07,0.018832
4.7165678E-07,0.019780
4.7170678E-07,0.020538
4.7175678E-07,0.020917
4.7180678E-07,0.021107
4.7185678E-07,0.021107
4.7190678E-07,0.021107
4.7195678E-07,0.020728
4.7200678E-07,0.020348
4.7205678E-07,0.019780
4.7210678E-07,0.019211
4.7215678E-07,0.018642
4.7220678E-07,0.018074
4.7225678E-07,0.017315
4.7230678E-07,0.016747
4.7235678E-07,0.016178
4.7240678E-07,0.015799
4.7245678E-07,0.015230
4.7250678E-07,0.014851
4.7255678E-07,0.014282
4.7260678E-07,0.013903
4.7265678E-07,0.013335
4.7270678E-07,0.012956
4.7275678E-07,0.012387
4.7280678E-07,0.011818
4.7285678E-07,0.011060
4.7290678E-07,0.010302
4.7295678E-07,0.009354
4.7300678E-07,0.008217
4.7305678E-07,0.007079
4.7310678E-07,0.005942
4.7315678E-07,0.004615
4.7320678E-07,0.003098
4.7325678E-07,0.001771
4.7330678E-07,0.000255
4.7335678E-07,-0.001072
4.7340678E-07,-0.002209
4.7345678E-07,-0.003347
4.7350678E-07,-0.004295
4.7355678E-07,-0.005053
4.7360678E-07,-0.005432
4.7365678E-07,-0.005621
4.7370678E-07,-0.005621
4.7375678E-07,-0.005242
4.7380678E-07,-0.004484
4.7385678E-07,-0.003536
4.7390678E-07,-0.002399
4.7395678E-07,-0.001262
4.7400678E-07,0.000255
4.7405678E-07,0.001582
4.7410678E-07,0.003098
4.7415678E-07,0.004425
4.7420678E-07,0.005563
4.7425678E-07,0.006700
4.7430678E-07,0.007269
4.7435678E-07,0.007837
4.7440678E-07,0.007837
4.7445678E-07,0.007648
4.7450678E-07,0.006890
4.7455678E-07,0.005942
4.7460678E-07,0.004615
4.7465678E-07,0.003098
4.7470678E-07,0.001392
4.7475678E-07,-0.000693
4.7480678E-07,-0.002588
4.7485678E-07,-0.004674
4.7490678E-07,-0.006569
4.7495678E-07,-0.008465
4.7500678E-07,-0.010171
4.7505678E-07,-0.011498
4.7510678E-07,-0.012825
4.7515678E-07,-0.013583
4.7520678E-07,-0.014341
4.7525678E-07,-0.014720
4.7530678E-07,-0.014720
4.7535678E-07,-0.014720
4.7540678E-07,-0.014531
4.7545678E-07,-0.014152
4.7550678E-07,-0.013773
4.7555678E-07,-0.013393
4.7560678E-07,-0.013014
4.7565678E-07,-0.012635
4.7570678E-07,-0.012635
4.7575678E-07,-0.012635
4.7580678E-07,-0.012825
4.7585678E-07,-0.013014
4.7590678E-07,-0.013583
4.7595678E-07,-0.013962
4.7600678E-07,-0.014531
4.7605678E-07,-0.015099
4.7610678E-07,-0.015668
4.7615678E-07,-0.016047
4.7620678E-07,-0.016426
4.7625678E-07,-0.016426
4.7630678E-07,-0.016237
4.7635678E-07,-0.015858
4.7640678E-07,-0.015099
4.7645678E-07,-0.014152
4.7650678E-07,-0.013014
4.7655678E-07,-0.011687
4.7660678E-07,-0.009981
4.7665678E-07,-0.008465
4.7670678E-07,-0.006569
4.7675678E-07,-0.004863
4.7680678E-07,-0.003157
4.7685678E-07,-0.001641
4.7690678E-07,-0.000314
4.7695678E-07,0.000824
4.7700678E-07,0.001771
4.7705678E-07,0.002530
4.7710678E-07,0.002909
4.7715678E-07,0.003098
4.7720678E-07,0.003098
4.7725678E-07,0.002909
4.7730678E-07,0.002719
4.7735678E-07,0.002340
4.7740678E-07,0.001961
4.7745678E-07,0.001771
4.7750678E-07,0.001771
4.7755678E-07,0.001771
4.7760678E-07,0.001961
4.7765678E-07,0.002530
4.7770678E-07,0.003288
4.7775678E-07,0.004236
4.7780678E-07,0.005373
4.7785678E-07,0.006700
4.7790678E-07,0.008027
4.7795678E-07,0.009543
4.7800678E-07,0.011060
4.7805678E-07,0.012387
4.7810678E-07,0.013714
4.7815678E-07,0.014851
4.7820678E-07,0.015799
4.7825678E-07,0.016368
4.7830678E-07,0.016747
4.7835678E-07,0.016747
4.7840678E-07,0.016557
4.7845678E-07,0.016178
4.7850678E-07,0.015420
4.7855678E-07,0.014662
4.7860678E-07,0.013714
4.7865678E-07,0.012576
4.7870678E-07,0.011629
4.7875678E-07,0.010870
4.7880678E-07,0.010112
4.7885678E-07,0.009543
4.7890678E-07,0.009354
4.7895678E-07,0.009164
4.7900678E-07,0.009354
4.7905678E-07,0.009923
4.7910678E-07,0.010681
4.7915678E-07,0.011439
4.7920678E-07,0.012576
4.7925678E-07,0.013714
4.7930678E-07,0.014851
4.7935678E-07,0.015989
4.7940678E-07,0.016936
4.7945678E-07,0.017884
4.7950678E-07,0.018453
4.7955678E-07,0.018642
4.7960678E-07,0.018642
4.7965678E-07,0.018453
4.7970678E-07,0.017695
4.7975678E-07,0.016747
4.7980678E-07,0.015420
4.7985678E-07,0.013903
4.7990678E-07,0.012197
4.7995678E-07,0.010112
4.8000678E-07,0.008217
4.8005678E-07,0.006131
4.8010678E-07,0.004236
4.8015678E-07,0.002340
4.8020678E-07,0.000824
4.8025678E-07,-0.000503
4.8030678E-07,-0.001641
4.8035678E-07,-0.002399
4.8040678E-07,-0.002778
4.8045678E-07,-0.002778
4.8050678E-07,-0.002588
4.8055678E-07,-0.002020
4.8060678E-07,-0.001262
4.8065678E-07,-0.000314
4.8070678E-07,0.000824
4.8075678E-07,0.001961
4.8080678E-07,0.002909
4.8085678E-07,0.003857
4.8090678E-07,0.004804
4.8095678E-07,0.005373
4.8100678E-07,0.005752
4.8105678E-07,0.005752
4.8110678E-07,0.005373
4.8115678E-07,0.004804
4.8120678E-07,0.003857
4.8125678E-07,0.002719
4.8130678E-07,0.001392
4.8135678E-07,-0.000314
4.8140678E-07,-0.002020
4.8145678E-07,-0.003726
4.8150678E-07,-0.005432
4.8155678E-07,-0.007138
4.8160678E-07,-0.008654
4.8165678E-07,-0.009792
4.8170678E-07,-0.010929
4.8175678E-07,-0.011498
4.8180678E-07,-0.011877
4.8185678E-07,-0.012067
4.8190678E-07,-0.011877
4.8195678E-07,-0.011308
4.8200678E-07,-0.010740
4.8205678E-07,-0.009792
4.8210678E-07,-0.008844
4.8215678E-07,-0.007707
4.8220678E-07,-0.006759
4.8225678E-07,-0.005811
4.8230678E-07,-0.004863
4.8235678E-07,-0.004295
4.8240678E-07,-0.003726
4.8245678E-07,-0.003536
4.8250678E-07,-0.003536
4.8255678E-07,-0.003726
4.8260678E-07,-0.004105
4.8265678E-07,-0.004674
4.8270678E-07,-0.005242
4.8275678E-07,-0.006001
4.8280678E-07,-0.006569
4.8285678E-07,-0.007138
4.8290678E-07,-0.007707
4.8295678E-07,-0.007896
4.8300678E-07,-0.008086
4.8305678E-07,-0.008086
4.8310678E-07,-0.007707
4.8315678E-07,-0.007327
4.8320678E-07,-0.006759
4.8325678E-07,-0.006001
4.8330678E-07,-0.005432
4.8335678E-07,-0.004674
4.8340678E-07,-0.004105
4.8345678E-07,-0.003726
4.8350678E-07,-0.003726
4.8355678E-07,-0.004105
4.8360678E-07,-0.004863
4.8365678E-07,-0.006001
4.8370678E-07,-0.007707
4.8375678E-07,-0.009981
4.8380678E-07,-0.012635
4.8385678E-07,-0.015668
4.8390678E-07,-0.019080
4.8395678E-07,-0.022871
4.8400678E-07,-0.026663
4.8405678E-07,-0.030454
4.8410678E-07,-0.034245
4.8415678E-07,-0.037847
4.8420678E-07,-0.040880
4.8425678E-07,-0.043534
4.8430678E-07,-0.045619
4.8435678E-07,-0.046946
4.8440678E-07,-0.047704
4.8445678E-07,-0.047704
4.8450678E-07,-0.046946
4.8455678E-07,-0.045429
4.8460678E-07,-0.043155
4.8465678E-07,-0.040501
4.8470678E-07,-0.037278
4.8475678E-07,-0.033676
4.8480678E-07,-0.029885
4.8485678E-07,-0.025904
4.8490678E-07,-0.022113
4.8495678E-07,-0.018322
4.8500678E-07,-0.014910
4.8505678E-07,-0.011687
4.8510678E-07,-0.009034
4.8515678E-07,-0.006759
4.8520678E-07,-0.005053
4.8525678E-07,-0.003726
4.8530678E-07,-0.002778
4.8535678E-07,-0.002399
4.8540678E-07,-0.002209
4.8545678E-07,-0.002209
4.8550678E-07,-0.002399
4.8555678E-07,-0.002778
4.8560678E-07,-0.002968
4.8565678E-07,-0.002968
4.8570678E-07,-0.002968
4.8575678E-07,-0.002588
4.8580678E-07,-0.001830
4.8585678E-07,-0.000693
4.8590678E-07,0.000634
4.8595678E-07,0.002151
4.8600678E-07,0.004236
4.8605678E-07,0.006321
4.8610678E-07,0.008596
4.8615678E-07,0.010870
4.8620678E-07,0.013145
4.8625678E-07,0.015420
4.8630678E-07,0.017505
4.8635678E-07,0.019211
4.8640678E-07,0.020728
4.8645678E-07,0.021865
4.8650678E-07,0.022623
4.8655678E-07,0.022813
4.8660678E-07,0.022813
4.8665678E-07,0.022434
4.8670678E-07,0.021675
4.8675678E-07,0.020538
4.8680678E-07,0.019401
4.8685678E-07,0.017884
4.8690678E-07,0.016557
4.8695678E-07,0.015041
4.8700678E-07,0.013714
4.8705678E-07,0.012576
4.8710678E-07,0.011439
4.8715678E-07,0.010491
4.8720678E-07,0.009923
4.8725678E-07,0.009543
4.8730678E-07,0.009354
4.8735678E-07,0.009354
4.8740678E-07,0.009543
4.8745678E-07,0.009733
4.8750678E-07,0.009923
4.8755678E-07,0.010302
4.8760678E-07,0.010302
4.8765678E-07,0.010491
4.8770678E-07,0.010302
4.8775678E-07,0.009923
4.8780678E-07,0.009354
4.8785678E-07,0.008596
4.8790678E-07,0.007458
4.8795678E-07,0.006321
4.8800678E-07,0.004804
4.8805678E-07,0.003098
4.8810678E-07,0.001582
4.8815678E-07,-0.000124
4.8820678E-07,-0.001830
4.8825678E-07,-0.003347
4.8830678E-07,-0.004674
4.8835678E-07,-0.005811
4.8840678E-07,-0.006759
4.8845678E-07,-0.007327
4.8850678E-07,-0.007707
4.8855678E-07,-0.007517
4.8860678E-07,-0.007327
4.8865678E-07,-0.006759
4.8870678E-07,-0.006001
4.8875678E-07,-0.005242
4.8880678E-07,-0.004295
4.8885678E-07,-0.003347
4.8890678E-07,-0.002588
4.8895678E-07,-0.002020
4.8900678E-07,-0.001641
4.8905678E-07,-0.001641
4.8910678E-07,-0.001830
4.8915678E-07,-0.002588
4.8920678E-07,-0.003726
4.8925678E-07,-0.005053
4.8930678E-07,-0.006759
4.8935678E-07,-0.008844
4.8940678E-07,-0.011119
4.8945678E-07,-0.013583
4.8950678E-07,-0.016047
4.8955678E-07,-0.018512
4.8960678E-07,-0.020786
4.8965678E-07,-0.022871
4.8970678E-07,-0.024578
4.8975678E-07,-0.026094
4.8980678E-07,-0.027231
4.8985678E-07,-0.027800
4.8990678E-07,-0.027990
4.8995678E-07,-0.027990
4.9000678E-07,-0.027421
4.9005678E-07,-0.026663
4.9010678E-07,-0.025525
4.9015678E-07,-0.024388
4.9020678E-07,-0.023251
4.9025678E-07,-0.022113
4.9030678E-07,-0.021165
4.9035678E-07,-0.020407
4.9040678E-07,-0.019839
4.9045678E-07,-0.019839
4.9050678E-07,-0.020028
4.9055678E-07,-0.020597
4.9060678E-07,-0.021545
4.9065678E-07,-0.022871
4.9070678E-07,-0.024388
4.9075678E-07,-0.026094
4.9080678E-07,-0.027800
4.9085678E-07,-0.029506
4.9090678E-07,-0.031023
4.9095678E-07,-0.032160
4.9100678E-07,-0.032918
4.9105678E-07,-0.033297
4.9110678E-07,-0.032918
4.9115678E-07,-0.031970
4.9120678E-07,-0.030454
4.9125678E-07,-0.028179
4.9130678E-07,-0.025336
4.9135678E-07,-0.021924
4.9140678E-07,-0.017943
4.9145678E-07,-0.013583
4.9150678E-07,-0.008844
4.9155678E-07,-0.003726
4.9160678E-07,0.001203
4.9165678E-07,0.006321
4.9170678E-07,0.011439
4.9175678E-07,0.016178
4.9180678E-07,0.020728
4.9185678E-07,0.025087
4.9190678E-07,0.029068
4.9195678E-07,0.032670
4.9200678E-07,0.036082
4.9205678E-07,0.039115
4.9210678E-07,0.042148
4.9215678E-07,0.044991
4.9220678E-07,0.048024
4.9225678E-07,0.051057
4.9230678E-07,0.054280
4.9235678E-07,0.057882
4.9240678E-07,0.061862
4.9245678E-07,0.066412
4.9250678E-07,0.071530
4.9255678E-07,0.077217
4.9260678E-07,0.083662
4.9265678E-07,0.090676
4.9270678E-07,0.098258
4.9275678E-07,0.106409
4.9280678E-07,0.115129
4.9285678E-07,0.124417
4.9290678E-07,0.134085
4.9295678E-07,0.144132
4.9300678E-07,0.154558
4.9305678E-07,0.165173
4.9310678E-07,0.176168
4.9315678E-07,0.187352
4.9320678E-07,0.198725
4.9325678E-07,0.210478
4.9330678E-07,0.222421
4.9335678E-07,0.234552
4.9340678E-07,0.247253
4.9345678E-07,0.260522
4.9350678E-07,0.274171
4.9355678E-07,0.288577
4.9360678E-07,0.303553
4.9365678E-07,0.319476
4.9370678E-07,0.335968
4.9375678E-07,0.353407
4.9380678E-07,0.371795
4.9385678E-07,0.390751
4.9390678E-07,0.410655
4.9395678E-07,0.431317
4.9400678E-07,0.452358
4.9405678E-07,0.474158
4.9410678E-07,0.496147
4.9415678E-07,0.518325
4.9420678E-07,0.540694
4.9425678E-07,0.562872
4.9430678E-07,0.584861
4.9435678E-07,0.606471
4.9440678E-07,0.627513
4.9445678E-07,0.647985
4.9450678E-07,0.667699
4.9455678E-07,0.686656
4.9460678E-07,0.704853
4.9465678E-07,0.722103
4.9470678E-07,0.738595
4.9475678E-07,0.754139
4.9480678E-07,0.768925
4.9485678E-07,0.783142
4.9490678E-07,0.796601
4.9495678E-07,0.809302
4.9500678E-07,0.821623
4.9505678E-07,0.833565
4.9510678E-07,0.845129
4.9515678E-07,0.856313
4.9520678E-07,0.867118
4.9525678E-07,0.877923
4.9530678E-07,0.888349
4.9535678E-07,0.898585
4.9540678E-07,0.908442
4.9545678E-07,0.918110
4.9550678E-07,0.927588
4.9555678E-07,0.936497
4.9560678E-07,0.945027
4.9565678E-07,0.952989
4.9570678E-07,0.960382
4.9575678E-07,0.967206
4.9580678E-07,0.973272
4.9585678E-07,0.978769
4.9590678E-07,0.983508
4.9595678E-07,0.987679
4.9600678E-07,0.991091
4.9605678E-07,0.993744
4.9610678E-07,0.996019
4.9615678E-07,0.997536
4.9620678E-07,0.998673
4.9625678E-07,0.999431
4.9630678E-07,0.999810
4.9635678E-07,1.000000
4.9640678E-07,1.000000
4.9645678E-07,0.999810
4.9650678E-07,0.999621
4.9655678E-07,0.999431
4.9660678E-07,0.999052
4.9665678E-07,0.998673
4.9670678E-07,0.998104
4.9675678E-07,0.997536
4.9680678E-07,0.996777
4.9685678E-07,0.995830
4.9690678E-07,0.994503
4.9695678E-07,0.992986
4.9700678E-07,0.990901
4.9705678E-07,0.988247
4.9710678E-07,0.985025
4.9715678E-07,0.981233
4.9720678E-07,0.976684
4.9725678E-07,0.971566
4.9730678E-07,0.965879
4.9735678E-07,0.959813
4.9740678E-07,0.952989
4.9745678E-07,0.945786
4.9750678E-07,0.938393
4.9755678E-07,0.930621
4.9760678E-07,0.922849
4.9765678E-07,0.915077
4.9770678E-07,0.907494
4.9775678E-07,0.899912
4.9780678E-07,0.892898
4.9785678E-07,0.886074
4.9790678E-07,0.879629
4.9795678E-07,0.873752
4.9800678E-07,0.868255
4.9805678E-07,0.863137
4.9810678E-07,0.858208
4.9815678E-07,0.853659
4.9820678E-07,0.849299
4.9825678E-07,0.844939
4.9830678E-07,0.840579
4.9835678E-07,0.836030
4.9840678E-07,0.831291
4.9845678E-07,0.826173
4.9850678E-07,0.820865
4.9855678E-07,0.814988
4.9860678E-07,0.808922
4.9865678E-07,0.802288
4.9870678E-07,0.795464
4.9875678E-07,0.788071
4.9880678E-07,0.780678
4.9885678E-07,0.773285
4.9890678E-07,0.765703
4.9895678E-07,0.758310
4.9900678E-07,0.751106
4.9905678E-07,0.744282
4.9910678E-07,0.737837
4.9915678E-07,0.731771
4.9920678E-07,0.726463
4.9925678E-07,0.721535
4.9930678E-07,0.717175
4.9935678E-07,0.713384
4.9940678E-07,0.709972
4.9945678E-07,0.706939
4.9950678E-07,0.704285
4.9955678E-07,0.701631
4.9960678E-07,0.699167
4.9965678E-07,0.696702
4.9970678E-07,0.694048
4.9975678E-07,0.691015
4.9980678E-07,0.687793
4.9985678E-07,0.684002
4.9990678E-07,0.680021
4.9995678E-07,0.675471
5.0000678E-07,0.670543
5.0005678E-07,0.665425
5.0010678E-07,0.659927
5.0015678E-07,0.654241
5.0020678E-07,0.648554
5.0025678E-07,0.642867
5.0030678E-07,0.637370
5.0035678E-07,0.632062
5.0040678E-07,0.627133
5.0045678E-07,0.622773
5.0050678E-07,0.618793
5.0055678E-07,0.615381
5.0060678E-07,0.612348
5.0065678E-07,0.610073
5.0070678E-07,0.607988
5.0075678E-07,0.606471
5.0080678E-07,0.605144
5.0085678E-07,0.603817
5.0090678E-07,0.602680
5.0095678E-07,0.601353
5.0100678E-07,0.599647
5.0105678E-07,0.597751
5.0110678E-07,0.595287
5.0115678E-07,0.592254
5.0120678E-07,0.588463
5.0125678E-07,0.583913
5.0130678E-07,0.578795
5.0135678E-07,0.572919
5.0140678E-07,0.566284
5.0145678E-07,0.559081
5.0150678E-07,0.551309
5.0155678E-07,0.543158
5.0160678E-07,0.534817
5.0165678E-07,0.526097
5.0170678E-07,0.517378
5.0175678E-07,0.508847
5.0180678E-07,0.500317
5.0185678E-07,0.491976
5.0190678E-07,0.484015
5.0195678E-07,0.476243
5.0200678E-07,0.468850
5.0205678E-07,0.461836
5.0210678E-07,0.455012
5.0215678E-07,0.448377
5.0220678E-07,0.441932
5.0225678E-07,0.435677
5.0230678E-07,0.429421
5.0235678E-07,0.422976
5.0240678E-07,0.416531
5.0245678E-07,0.409896
5.0250678E-07,0.402883
5.0255678E-07,0.395490
5.0260678E-07,0.387907
5.0265678E-07,0.380135
5.0270678E-07,0.371795
5.0275678E-07,0.363454
5.0280678E-07,0.354924
5.0285678E-07,0.346393
5.0290678E-07,0.337863
5.0295678E-07,0.329523
5.0300678E-07,0.321561
5.0305678E-07,0.313789
5.0310678E-07,0.306396
5.0315678E-07,0.299761
5.0320678E-07,0.293506
5.0325678E-07,0.288009
5.0330678E-07,0.283080
5.0335678E-07,0.278720
5.0340678E-07,0.274929
5.0345678E-07,0.271896
5.0350678E-07,0.269242
5.0355678E-07,0.266967
5.0360678E-07,0.264882
5.0365678E-07,0.263176
5.0370678E-07,0.261470
5.0375678E-07,0.259954
5.0380678E-07,0.258248
5.0385678E-07,0.256542
5.0390678E-07,0.254456
5.0395678E-07,0.252371
5.0400678E-07,0.250096
5.0405678E-07,0.247632
5.0410678E-07,0.245168
5.0415678E-07,0.242514
5.0420678E-07,0.240050
5.0425678E-07,0.237396
5.0430678E-07,0.235121
5.0435678E-07,0.233226
5.0440678E-07,0.231519
5.0445678E-07,0.230382
5.0450678E-07,0.229624
5.0455678E-07,0.229434
5.0460678E-07,0.230003
5.0465678E-07,0.230951
5.0470678E-07,0.232467
5.0475678E-07,0.234552
5.0480678E-07,0.237017
5.0485678E-07,0.239860
5.0490678E-07,0.243083
5.0495678E-07,0.246305
5.0500678E-07,0.249528
5.0505678E-07,0.252750
5.0510678E-07,0.255783
5.0515678E-07,0.258627
5.0520678E-07,0.261091
5.0525678E-07,0.263176
5.0530678E-07,0.264882
5.0535678E-07,0.266209
5.0540678E-07,0.266967
5.0545678E-07,0.267536
5.0550678E-07,0.267726
5.0555678E-07,0.267726
5.0560678E-07,0.267726
5.0565678E-07,0.267536
5.0570678E-07,0.267536
5.0575678E-07,0.267726
5.0580678E-07,0.268105
5.0585678E-07,0.268863
5.0590678E-07,0.270000
5.0595678E-07,0.271706
5.0600678E-07,0.273602
5.0605678E-07,0.276066
5.0610678E-07,0.278720
5.0615678E-07,0.281564
5.0620678E-07,0.284597
5.0625678E-07,0.287630
5.0630678E-07,0.290663
5.0635678E-07,0.293316
5.0640678E-07,0.295781
5.0645678E-07,0.297487
5.0650678E-07,0.298814
5.0655678E-07,0.299193
5.0660678E-07,0.299003
5.0665678E-07,0.298055
5.0670678E-07,0.296160
5.0675678E-07,0.293695
5.0680678E-07,0.290283
5.0685678E-07,0.286492
5.0690678E-07,0.282132
5.0695678E-07,0.277393
5.0700678E-07,0.272275
5.0705678E-07,0.267157
5.0710678E-07,0.262039
5.0715678E-07,0.257110
5.0720678E-07,0.252561
5.0725678E-07,0.248201
5.0730678E-07,0.244410
5.0735678E-07,0.241187
5.0740678E-07,0.238344
5.0745678E-07,0.236069
5.0750678E-07,0.234173
5.0755678E-07,0.232657
5.0760678E-07,0.231330
5.0765678E-07,0.230382
5.0770678E-07,0.229434
5.0775678E-07,0.228486
5.0780678E-07,0.227539
5.0785678E-07,0.226401
5.0790678E-07,0.224885
5.0795678E-07,0.223179
5.0800678E-07,0.221283
5.0805678E-07,0.219008
5.0810678E-07,0.216355
5.0815678E-07,0.213322
5.0820678E-07,0.210289
5.0825678E-07,0.207256
5.0830678E-07,0.204033
5.0835678E-07,0.201000
5.0840678E-07,0.198346
5.0845678E-07,0.195692
5.0850678E-07,0.193607
5.0855678E-07,0.192091
5.0860678E-07,0.190764
5.0865678E-07,0.190195
5.0870678E-07,0.190195
5.0875678E-07,0.190385
5.0880678E-07,0.191333
5.0885678E-07,0.192470
5.0890678E-07,0.193797
5.0895678E-07,0.195503
5.0900678E-07,0.197019
5.0905678E-07,0.198725
5.0910678E-07,0.200052
5.0915678E-07,0.201190
5.0920678E-07,0.201948
5.0925678E-07,0.202327
5.0930678E-07,0.202137
5.0935678E-07,0.201569
5.0940678E-07,0.200431
5.0945678E-07,0.198915
5.0950678E-07,0.197019
5.0955678E-07,0.194934
5.0960678E-07,0.192470
5.0965678E-07,0.189816
5.0970678E-07,0.187162
5.0975678E-07,0.184508
5.0980678E-07,0.182044
5.0985678E-07,0.179959
5.0990678E-07,0.177874
5.0995678E-07,0.176357
5.1000678E-07,0.175030
5.1005678E-07,0.173893
5.1010678E-07,0.173324
5.1015678E-07,0.172756
5.1020678E-07,0.172566
5.1025678E-07,0.172376
5.1030678E-07,0.172187
5.1035678E-07,0.171997
5.1040678E-07,0.171618
5.1045678E-07,0.170860
5.1050678E-07,0.169912
5.1055678E-07,0.168396
5.1060678E-07,0.166690
5.1065678E-07,0.164415
5.1070678E-07,0.161951
5.1075678E-07,0.158918
5.1080678E-07,0.155695
5.1085678E-07,0.152093
5.1090678E-07,0.148492
5.1095678E-07,0.144890
5.1100678E-07,0.141288
5.1105678E-07,0.138066
5.1110678E-07,0.135033
5.1115678E-07,0.132569
5.1120678E-07,0.130483
5.1125678E-07,0.128967
5.1130678E-07,0.128209
5.1135678E-07,0.127830
5.1140678E-07,0.128209
5.1145678E-07,0.128967
5.1150678E-07,0.130104
5.1155678E-07,0.131810
5.1160678E-07,0.133516
5.1165678E-07,0.135412
5.1170678E-07,0.137308
5.1175678E-07,0.139014
5.1180678E-07,0.140530
5.1185678E-07,0.141668
5.1190678E-07,0.142236
5.1195678E-07,0.142236
5.1200678E-07,0.141857
5.1205678E-07,0.140720
5.1210678E-07,0.139014
5.1215678E-07,0.136739
5.1220678E-07,0.134275
5.1225678E-07,0.131242
5.1230678E-07,0.128019
5.1235678E-07,0.124607
5.1240678E-07,0.121384
5.1245678E-07,0.118162
5.1250678E-07,0.115129
5.1255678E-07,0.112475
5.1260678E-07,0.110390
5.1265678E-07,0.108494
5.1270678E-07,0.107357
5.1275678E-07,0.106599
5.1280678E-07,0.106409
5.1285678E-07,0.106599
5.1290678E-07,0.107167
5.1295678E-07,0.107736
5.1300678E-07,0.108684
5.1305678E-07,0.109442
5.1310678E-07,0.110011
5.1315678E-07,0.110390
5.1320678E-07,0.110390
5.1325678E-07,0.110011
5.1330678E-07,0.108873
5.1335678E-07,0.107357
5.1340678E-07,0.105082
5.1345678E-07,0.102428
5.1350678E-07,0.099206
5.1355678E-07,0.095415
5.1360678E-07,0.091434
5.1365678E-07,0.087263
5.1370678E-07,0.083093
5.1375678E-07,0.079112
5.1380678E-07,0.075132
5.1385678E-07,0.071719
5.1390678E-07,0.068687
5.1395678E-07,0.066222
5.1400678E-07,0.064327
5.1405678E-07,0.063189
5.1410678E-07,0.062621
5.1415678E-07,0.062621
5.1420678E-07,0.063379
5.1425678E-07,0.064327
5.1430678E-07,0.065843
5.1435678E-07,0.067360
5.1440678E-07,0.069066
5.1445678E-07,0.070772
5.1450678E-07,0.072288
5.1455678E-07,0.073426
5.1460678E-07,0.074184
5.1465678E-07,0.074563
5.1470678E-07,0.074373
5.1475678E-07,0.073805
5.1480678E-07,0.072667
5.1485678E-07,0.071151
5.1490678E-07,0.069066
5.1495678E-07,0.066980
5.1500678E-07,0.064706
5.1505678E-07,0.062241
5.1510678E-07,0.060156
5.1515678E-07,0.058261
5.1520678E-07,0.056555
5.1525678E-07,0.055417
5.1530678E-07,0.054849
5.1535678E-07,0.054659
5.1540678E-07,0.055228
5.1545678E-07,0.056175
5.1550678E-07,0.057692
5.1555678E-07,0.059588
5.1560678E-07,0.061673
5.1565678E-07,0.064137
5.1570678E-07,0.066601
5.1575678E-07,0.069066
5.1580678E-07,0.071340
5.1585678E-07,0.073236
5.1590678E-07,0.074942
5.1595678E-07,0.076079
5.1600678E-07,0.076648
5.1605678E-07,0.076838
5.1610678E-07,0.076648
5.1615678E-07,0.075890
5.1620678E-07,0.074752
5.1625678E-07,0.073426
5.1630678E-07,0.071909
5.1635678E-07,0.070393
5.1640678E-07,0.068876
5.1645678E-07,0.067549
5.1650678E-07,0.066791
5.1655678E-07,0.066222
5.1660678E-07,0.066222
5.1665678E-07,0.066791
5.1670678E-07,0.068118
5.1675678E-07,0.069824
5.1680678E-07,0.072099
5.1685678E-07,0.074752
5.1690678E-07,0.077785
5.1695678E-07,0.081008
5.1700678E-07,0.084420
5.1705678E-07,0.087832
5.1710678E-07,0.091055
5.1715678E-07,0.093898
5.1720678E-07,0.096362
5.1725678E-07,0.098068
5.1730678E-07,0.099395
5.1735678E-07,0.099964
5.1740678E-07,0.099964
5.1745678E-07,0.099016
5.1750678E-07,0.097689
5.1755678E-07,0.095604
5.1760678E-07,0.093140
5.1765678E-07,0.090296
5.1770678E-07,0.087074
5.1775678E-07,0.083851
5.1780678E-07,0.080629
5.1785678E-07,0.077406
5.1790678E-07,0.074563
5.1795678E-07,0.072099
5.1800678E-07,0.069824
5.1805678E-07,0.068118
5.1810678E-07,0.066791
5.1815678E-07,0.065843
5.1820678E-07,0.065274
5.1825678E-07,0.065085
5.1830678E-07,0.065085
5.1835678E-07,0.065274
5.1840678E-07,0.065274
5.1845678E-07,0.065464
5.1850678E-07,0.065085
5.1855678E-07,0.064706
5.1860678E-07,0.063758
5.1865678E-07,0.062431
5.1870678E-07,0.060535
5.1875678E-07,0.058071
5.1880678E-07,0.055228
5.1885678E-07,0.051816
5.1890678E-07,0.048214
5.1895678E-07,0.044233
5.1900678E-07,0.040063
5.1905678E-07,0.036082
5.1910678E-07,0.032101
5.1915678E-07,0.028310
5.1920678E-07,0.024898
5.1925678E-07,0.022054
5.1930678E-07,0.019780
5.1935678E-07,0.018263
5.1940678E-07,0.017505
5.1945678E-07,0.017505
5.1950678E-07,0.018074
5.1955678E-07,0.019590
5.1960678E-07,0.021675
5.1965678E-07,0.024329
5.1970678E-07,0.027362
5.1975678E-07,0.030964
5.1980678E-07,0.034566
5.1985678E-07,0.038357
5.1990678E-07,0.041958
5.1995678E-07,0.045560
5.2000678E-07,0.048972
5.2005678E-07,0.051816
5.2010678E-07,0.054469
5.2015678E-07,0.056555
5.2020678E-07,0.058261
5.2025678E-07,0.059588
5.2030678E-07,0.060535
5.2035678E-07,0.061104
5.2040678E-07,0.061483
5.2045678E-07,0.061673
5.2050678E-07,0.061673
5.2055678E-07,0.061862
5.2060678E-07,0.061862
5.2065678E-07,0.062241
5.2070678E-07,0.062621
5.2075678E-07,0.063189
5.2080678E-07,0.064137
5.2085678E-07,0.065085
5.2090678E-07,0.066222
5.2095678E-07,0.067360
5.2100678E-07,0.068497
5.2105678E-07,0.069634
5.2110678E-07,0.070393
5.2115678E-07,0.070961
5.2120678E-07,0.071151
5.2125678E-07,0.070772
5.2130678E-07,0.070013
5.2135678E-07,0.068497
5.2140678E-07,0.066601
5.2145678E-07,0.063947
5.2150678E-07,0.060914
5.2155678E-07,0.057313
5.2160678E-07,0.053332
5.2165678E-07,0.048972
5.2170678E-07,0.044612
5.2175678E-07,0.040442
5.2180678E-07,0.036272
5.2185678E-07,0.032480
5.2190678E-07,0.029068
5.2195678E-07,0.026225
5.2200678E-07,0.024140
5.2205678E-07,0.022813
5.2210678E-07,0.022244
5.2215678E-07,0.022623
5.2220678E-07,0.023761
5.2225678E-07,0.025656
5.2230678E-07,0.028120
5.2235678E-07,0.031153
5.2240678E-07,0.034566
5.2245678E-07,0.038357
5.2250678E-07,0.042338
5.2255678E-07,0.046129
5.2260678E-07,0.049730
5.2265678E-07,0.053142
5.2270678E-07,0.055986
5.2275678E-07,0.058450
5.2280678E-07,0.060156
5.2285678E-07,0.061294
5.2290678E-07,0.061862
5.2295678E-07,0.061862
5.2300678E-07,0.061294
5.2305678E-07,0.060346
5.2310678E-07,0.058829
5.2315678E-07,0.057313
5.2320678E-07,0.055607
5.2325678E-07,0.053711
5.2330678E-07,0.052195
5.2335678E-07,0.050678
5.2340678E-07,0.049541
5.2345678E-07,0.048593
5.2350678E-07,0.048214
5.2355678E-07,0.048024
5.2360678E-07,0.048403
5.2365678E-07,0.048972
5.2370678E-07,0.049730
5.2375678E-07,0.050868
5.2380678E-07,0.052005
5.2385678E-07,0.053142
5.2390678E-07,0.054469
5.2395678E-07,0.055417
5.2400678E-07,0.056365
5.2405678E-07,0.056934
5.2410678E-07,0.057123
5.2415678E-07,0.057123
5.2420678E-07,0.056934
5.2425678E-07,0.056365
5.2430678E-07,0.055607
5.2435678E-07,0.054849
5.2440678E-07,0.053711
5.2445678E-07,0.052763
5.2450678E-07,0.051816
5.2455678E-07,0.051057
5.2460678E-07,0.050489
5.2465678E-07,0.049920
5.2470678E-07,0.049730
5.2475678E-07,0.049920
5.2480678E-07,0.050110
5.2485678E-07,0.050678
5.2490678E-07,0.051247
5.2495678E-07,0.051816
5.2500678E-07,0.052384
5.2505678E-07,0.052953
5.2510678E-07,0.053142
5.2515678E-07,0.053142
5.2520678E-07,0.052574
5.2525678E-07,0.051626
5.2530678E-07,0.050110
5.2535678E-07,0.048024
5.2540678E-07,0.045370
5.2545678E-07,0.042148
5.2550678E-07,0.038546
5.2555678E-07,0.034566
5.2560678E-07,0.030206
5.2565678E-07,0.025846
5.2570678E-07,0.021296
5.2575678E-07,0.016936
5.2580678E-07,0.012766
5.2585678E-07,0.008975
5.2590678E-07,0.005563
5.2595678E-07,0.002909
5.2600678E-07,0.000824
5.2605678E-07,-0.000503
5.2610678E-07,-0.001262
5.2615678E-07,-0.001072
5.2620678E-07,-0.000503
5.2625678E-07,0.000824
5.2630678E-07,0.002719
5.2635678E-07,0.004804
5.2640678E-07,0.007079
5.2645678E-07,0.009543
5.2650678E-07,0.012008
5.2655678E-07,0.014282
5.2660678E-07,0.016178
5.2665678E-07,0.017695
5.2670678E-07,0.018642
5.2675678E-07,0.019022
5.2680678E-07,0.019022
5.2685678E-07,0.018263
5.2690678E-07,0.017126
5.2695678E-07,0.015420
5.2700678E-07,0.013335
5.2705678E-07,0.011060
5.2710678E-07,0.008596
5.2715678E-07,0.006321
5.2720678E-07,0.003857
5.2725678E-07,0.001771
5.2730678E-07,0.000065
5.2735678E-07,-0.001262
5.2740678E-07,-0.002020
5.2745678E-07,-0.002209
5.2750678E-07,-0.001830
5.2755678E-07,-0.000882
5.2760678E-07,0.000445
5.2765678E-07,0.002530
5.2770678E-07,0.004804
5.2775678E-07,0.007458
5.2780678E-07,0.010302
5.2785678E-07,0.013335
5.2790678E-07,0.016178
5.2795678E-07,0.019022
5.2800678E-07,0.021675
5.2805678E-07,0.023950
5.2810678E-07,0.026035
5.2815678E-07,0.027741
5.2820678E-07,0.029068
5.2825678E-07,0.030206
5.2830678E-07,0.030964
5.2835678E-07,0.031533
5.2840678E-07,0.031912
5.2845678E-07,0.032291
5.2850678E-07,0.032859
5.2855678E-07,0.033428
5.2860678E-07,0.034376
5.2865678E-07,0.035703
5.2870678E-07,0.037409
5.2875678E-07,0.039494
5.2880678E-07,0.041958
5.2885678E-07,0.044991
5.2890678E-07,0.048593
5.2895678E-07,0.052384
5.2900678E-07,0.056365
5.2905678E-07,0.060725
5.2910678E-07,0.064895
5.2915678E-07,0.069255
5.2920678E-07,0.073236
5.2925678E-07,0.077027
5.2930678E-07,0.080439
5.2935678E-07,0.083283
5.2940678E-07,0.085368
5.2945678E-07,0.087074
5.2950678E-07,0.088022
5.2955678E-07,0.088401
5.2960678E-07,0.088211
5.2965678E-07,0.087263
5.2970678E-07,0.086126
5.2975678E-07,0.084420
5.2980678E-07,0.082714
5.2985678E-07,0.080629
5.2990678E-07,0.078733
5.2995678E-07,0.077027
5.3000678E-07,0.075321
5.3005678E-07,0.073994
5.3010678E-07,0.073046
5.3015678E-07,0.072478
5.3020678E-07,0.072288
5.3025678E-07,0.072478
5.3030678E-07,0.072857
5.3035678E-07,0.073615
5.3040678E-07,0.074373
5.3045678E-07,0.075321
5.3050678E-07,0.075890
5.3055678E-07,0.076459
5.3060678E-07,0.076648
5.3065678E-07,0.076459
5.3070678E-07,0.075511
5.3075678E-07,0.074184
5.3080678E-07,0.072288
5.3085678E-07,0.069634
5.3090678E-07,0.066222
5.3095678E-07,0.062431
5.3100678E-07,0.058071
5.3105678E-07,0.053332
5.3110678E-07,0.048403
5.3115678E-07,0.043096
5.3120678E-07,0.037788
5.3125678E-07,0.032670
5.3130678E-07,0.027741
5.3135678E-07,0.023002
5.3140678E-07,0.018642
5.3145678E-07,0.014851
5.3150678E-07,0.011439
5.3155678E-07,0.008596
5.3160678E-07,0.006131
5.3165678E-07,0.004046
5.3170678E-07,0.002530
5.3175678E-07,0.001392
5.3180678E-07,0.000255
5.3185678E-07,-0.000503
5.3190678E-07,-0.001451
5.3195678E-07,-0.002209
5.3200678E-07,-0.003157
5.3205678E-07,-0.004295
5.3210678E-07,-0.005621
5.3215678E-07,-0.006948
5.3220678E-07,-0.008654
5.3225678E-07,-0.010550
5.3230678E-07,-0.012446
5.3235678E-07,-0.014531
5.3240678E-07,-0.016426
5.3245678E-07,-0.018132
5.3250678E-07,-0.019839
5.3255678E-07,-0.021165
5.3260678E-07,-0.022113
5.3265678E-07,-0.022492
5.3270678E-07,-0.022492
5.3275678E-07,-0.021924
5.3280678E-07,-0.020786
5.3285678E-07,-0.019080
5.3290678E-07,-0.016995
5.3295678E-07,-0.014531
5.3300678E-07,-0.011687
5.3305678E-07,-0.008654
5.3310678E-07,-0.005242
5.3315678E-07,-0.002020
5.3320678E-07,0.001013
5.3325678E-07,0.004046
5.3330678E-07,0.006890
5.3335678E-07,0.009164
5.3340678E-07,0.011060
5.3345678E-07,0.012576
5.3350678E-07,0.013714
5.3355678E-07,0.014282
5.3360678E-07,0.014472
5.3365678E-07,0.014282
5.3370678E-07,0.013903
5.3375678E-07,0.013335
5.3380678E-07,0.012576
5.3385678E-07,0.012008
5.3390678E-07,0.011439
5.3395678E-07,0.011060
5.3400678E-07,0.011060
5.3405678E-07,0.011250
5.3410678E-07,0.012008
5.3415678E-07,0.013145
5.3420678E-07,0.014662
5.3425678E-07,0.016557
5.3430678E-07,0.018832
5.3435678E-07,0.021296
5.3440678E-07,0.023950
5.3445678E-07,0.026604
5.3450678E-07,0.029447
5.3455678E-07,0.031912
5.3460678E-07,0.034186
5.3465678E-07,0.036272
5.3470678E-07,0.037788
5.3475678E-07,0.038925
5.3480678E-07,0.039305
5.3485678E-07,0.039305
5.3490678E-07,0.038736
5.3495678E-07,0.037598
5.3500678E-07,0.036082
5.3505678E-07,0.033997
5.3510678E-07,0.031722
5.3515678E-07,0.029068
5.3520678E-07,0.026414
5.3525678E-07,0.023571
5.3530678E-07,0.020917
5.3535678E-07,0.018453
5.3540678E-07,0.016178
5.3545678E-07,0.014282
5.3550678E-07,0.012576
5.3555678E-07,0.011250
5.3560678E-07,0.010491
5.3565678E-07,0.009923
5.3570678E-07,0.009733
5.3575678E-07,0.009733
5.3580678E-07,0.009733
5.3585678E-07,0.010112
5.3590678E-07,0.010302
5.3595678E-07,0.010302
5.3600678E-07,0.010302
5.3605678E-07,0.010112
5.3610678E-07,0.009354
5.3615678E-07,0.008596
5.3620678E-07,0.007269
5.3625678E-07,0.005752
5.3630678E-07,0.003857
5.3635678E-07,0.001771
5.3640678E-07,-0.000314
5.3645678E-07,-0.002399
5.3650678E-07,-0.004674
5.3655678E-07,-0.006380
5.3660678E-07,-0.008086
5.3665678E-07,-0.009223
5.3670678E-07,-0.009792
5.3675678E-07,-0.009792
5.3680678E-07,-0.009034
5.3685678E-07,-0.007707
5.3690678E-07,-0.005621
5.3695678E-07,-0.002778
5.3700678E-07,0.000634
5.3705678E-07,0.004425
5.3710678E-07,0.008785
5.3715678E-07,0.013524
5.3720678E-07,0.018263
5.3725678E-07,0.023002
5.3730678E-07,0.027741
5.3735678E-07,0.032291
5.3740678E-07,0.036461
5.3745678E-07,0.040063
5.3750678E-07,0.043096
5.3755678E-07,0.045750
5.3760678E-07,0.047645
5.3765678E-07,0.049162
5.3770678E-07,0.049920
5.3775678E-07,0.050299
5.3780678E-07,0.050489
5.3785678E-07,0.050299
5.3790678E-07,0.049920
5.3795678E-07,0.049730
5.3800678E-07,0.049541
5.3805678E-07,0.049541
5.3810678E-07,0.049920
5.3815678E-07,0.050868
5.3820678E-07,0.052005
5.3825678E-07,0.053711
5.3830678E-07,0.055986
5.3835678E-07,0.058450
5.3840678E-07,0.061483
5.3845678E-07,0.064516
5.3850678E-07,0.067739
5.3855678E-07,0.070961
5.3860678E-07,0.073994
5.3865678E-07,0.076838
5.3870678E-07,0.079302
5.3875678E-07,0.081198
5.3880678E-07,0.082524
5.3885678E-07,0.083093
5.3890678E-07,0.083093
5.3895678E-07,0.082335
5.3900678E-07,0.081008
5.3905678E-07,0.078923
5.3910678E-07,0.076269
5.3915678E-07,0.073426
5.3920678E-07,0.070013
5.3925678E-07,0.066412
5.3930678E-07,0.062810
5.3935678E-07,0.059398
5.3940678E-07,0.055986
5.3945678E-07,0.052953
5.3950678E-07,0.050110
5.3955678E-07,0.047645
5.3960678E-07,0.045750
5.3965678E-07,0.044233
5.3970678E-07,0.043096
5.3975678E-07,0.042338
5.3980678E-07,0.041958
5.3985678E-07,0.041579
5.3990678E-07,0.041390
5.3995678E-07,0.041200
5.4000678E-07,0.040821
5.4005678E-07,0.040252
5.4010678E-07,0.039494
5.4015678E-07,0.038357
5.4020678E-07,0.037030
5.4025678E-07,0.035134
5.4030678E-07,0.032859
5.4035678E-07,0.030206
5.4040678E-07,0.027362
5.4045678E-07,0.024329
5.4050678E-07,0.021107
5.4055678E-07,0.017884
5.4060678E-07,0.014851
5.4065678E-07,0.011818
5.4070678E-07,0.009164
5.4075678E-07,0.007079
5.4080678E-07,0.005373
5.4085678E-07,0.004046
5.4090678E-07,0.003477
5.4095678E-07,0.003477
5.4100678E-07,0.003857
5.4105678E-07,0.004804
5.4110678E-07,0.006321
5.4115678E-07,0.008217
5.4120678E-07,0.010302
5.4125678E-07,0.012766
5.4130678E-07,0.015041
5.4135678E-07,0.017505
5.4140678E-07,0.019780
5.4145678E-07,0.021865
5.4150678E-07,0.023571
5.4155678E-07,0.025087
5.4160678E-07,0.026225
5.4165678E-07,0.026983
5.4170678E-07,0.027362
5.4175678E-07,0.027362
5.4180678E-07,0.027173
5.4185678E-07,0.026604
5.4190678E-07,0.025846
5.4195678E-07,0.025087
5.4200678E-07,0.024140
5.4205678E-07,0.023381
5.4210678E-07,0.022623
5.4215678E-07,0.022054
5.4220678E-07,0.021675
5.4225678E-07,0.021486
5.4230678E-07,0.021486
5.4235678E-07,0.021675
5.4240678E-07,0.021865
5.4245678E-07,0.022244
5.4250678E-07,0.022813
5.4255678E-07,0.023192
5.4260678E-07,0.023761
5.4265678E-07,0.023950
5.4270678E-07,0.023950
5.4275678E-07,0.023761
5.4280678E-07,0.023381
5.4285678E-07,0.022434
5.4290678E-07,0.021296
5.4295678E-07,0.019969
5.4300678E-07,0.018263
5.4305678E-07,0.016368
5.4310678E-07,0.014282
5.4315678E-07,0.012197
5.4320678E-07,0.010112
5.4325678E-07,0.008217
5.4330678E-07,0.006510
5.4335678E-07,0.004994
5.4340678E-07,0.003857
5.4345678E-07,0.003288
5.4350678E-07,0.003288
5.4355678E-07,0.003667
5.4360678E-07,0.004615
5.4365678E-07,0.006131
5.4370678E-07,0.008217
5.4375678E-07,0.010681
5.4380678E-07,0.013524
5.4385678E-07,0.016557
5.4390678E-07,0.019780
5.4395678E-07,0.023002
5.4400678E-07,0.026225
5.4405678E-07,0.029258
5.4410678E-07,0.032101
5.4415678E-07,0.034376
5.4420678E-07,0.036272
5.4425678E-07,0.037598
5.4430678E-07,0.038546
5.4435678E-07,0.038925
5.4440678E-07,0.038736
5.4445678E-07,0.037978
5.4450678E-07,0.036840
5.4455678E-07,0.035324
5.4460678E-07,0.033618
5.4465678E-07,0.031722
5.4470678E-07,0.029637
5.4475678E-07,0.027741
5.4480678E-07,0.025846
5.4485678E-07,0.023950
5.4490678E-07,0.022434
5.4495678E-07,0.021296
5.4500678E-07,0.020348
5.4505678E-07,0.019780
5.4510678E-07,0.019401
5.4515678E-07,0.019211
5.4520678E-07,0.019211
5.4525678E-07,0.019211
5.4530678E-07,0.019401
5.4535678E-07,0.019401
5.4540678E-07,0.019211
5.4545678E-07,0.018832
5.4550678E-07,0.018263
5.4555678E-07,0.017315
5.4560678E-07,0.016178
5.4565678E-07,0.014472
5.4570678E-07,0.012576
5.4575678E-07,0.010491
5.4580678E-07,0.008027
5.4585678E-07,0.005563
5.4590678E-07,0.002909
5.4595678E-07,0.000445
5.4600678E-07,-0.002020
5.4605678E-07,-0.004105
5.4610678E-07,-0.006001
5.4615678E-07,-0.007327
5.4620678E-07,-0.008086
5.4625678E-07,-0.008654
5.4630678E-07,-0.008465
5.4635678E-07,-0.007707
5.4640678E-07,-0.006759
5.4645678E-07,-0.005242
5.4650678E-07,-0.003347
5.4655678E-07,-0.001262
5.4660678E-07,0.000824
5.4665678E-07,0.002909
5.4670678E-07,0.004994
5.4675678E-07,0.006700
5.4680678E-07,0.008217
5.4685678E-07,0.009354
5.4690678E-07,0.009923
5.4695678E-07,0.009923
5.4700678E-07,0.009543
5.4705678E-07,0.008785
5.4710678E-07,0.007458
5.4715678E-07,0.005752
5.4720678E-07,0.003857
5.4725678E-07,0.001771
5.4730678E-07,-0.000314
5.4735678E-07,-0.002209
5.4740678E-07,-0.003915
5.4745678E-07,-0.005432
5.4750678E-07,-0.006569
5.4755678E-07,-0.007138
5.4760678E-07,-0.007138
5.4765678E-07,-0.006759
5.4770678E-07,-0.005621
5.4775678E-07,-0.004105
5.4780678E-07,-0.002020
5.4785678E-07,0.000255
5.4790678E-07,0.003098
5.4795678E-07,0.005942
5.4800678E-07,0.008975
5.4805678E-07,0.011818
5.4810678E-07,0.014662
5.4815678E-07,0.017315
5.4820678E-07,0.019590
5.4825678E-07,0.021486
5.4830678E-07,0.023002
5.4835678E-07,0.023950
5.4840678E-07,0.024519
5.4845678E-07,0.024708
5.4850678E-07,0.024519
5.4855678E-07,0.024140
5.4860678E-07,0.023381
5.4865678E-07,0.022244
5.4870678E-07,0.021296
5.4875678E-07,0.020159
5.4880678E-07,0.019211
5.4885678E-07,0.018263
5.4890678E-07,0.017505
5.4895678E-07,0.016936
5.4900678E-07,0.016557
5.4905678E-07,0.016557
5.4910678E-07,0.016557
5.4915678E-07,0.016747
5.4920678E-07,0.017126
5.4925678E-07,0.017505
5.4930678E-07,0.017884
5.4935678E-07,0.018263
5.4940678E-07,0.018453
5.4945678E-07,0.018642
5.4950678E-07,0.018642
5.4955678E-07,0.018453
5.4960678E-07,0.018074
5.4965678E-07,0.017315
5.4970678E-07,0.016557
5.4975678E-07,0.015609
5.4980678E-07,0.014662
5.4985678E-07,0.013714
5.4990678E-07,0.012766
5.4995678E-07,0.012008
5.5000678E-07,0.011250
5.5005678E-07,0.011060
5.5010678E-07,0.010870
5.5015678E-07,0.011250
5.5020678E-07,0.012008
5.5025678E-07,0.013145
5.5030678E-07,0.014851
5.5035678E-07,0.016747
5.5040678E-07,0.019211
5.5045678E-07,0.021675
5.5050678E-07,0.024519
5.5055678E-07,0.027552
5.5060678E-07,0.030585
5.5065678E-07,0.033428
5.5070678E-07,0.036272
5.5075678E-07,0.038736
5.5080678E-07,0.040821
5.5085678E-07,0.042527
5.5090678E-07,0.043854
5.5095678E-07,0.044612
5.5100678E-07,0.044991
5.5105678E-07,0.044612
5.5110678E-07,0.044044
5.5115678E-07,0.042906
5.5120678E-07,0.041390
5.5125678E-07,0.039494
5.5130678E-07,0.037598
5.5135678E-07,0.035513
5.5140678E-07,0.033618
5.5145678E-07,0.031722
5.5150678E-07,0.030016
5.5155678E-07,0.028689
5.5160678E-07,0.027552
5.5165678E-07,0.026983
5.5170678E-07,0.026794
5.5175678E-07,0.027173
5.5180678E-07,0.027931
5.5185678E-07,0.028879
5.5190678E-07,0.030395
5.5195678E-07,0.031912
5.5200678E-07,0.033807
5.5205678E-07,0.035513
5.5210678E-07,0.037409
5.5215678E-07,0.038925
5.5220678E-07,0.040252
5.5225678E-07,0.041200
5.5230678E-07,0.041769
5.5235678E-07,0.041958
5.5240678E-07,0.041579
5.5245678E-07,0.040821
5.5250678E-07,0.039684
5.5255678E-07,0.037978
5.5260678E-07,0.035892
5.5265678E-07,0.033618
5.5270678E-07,0.031153
5.5275678E-07,0.028689
5.5280678E-07,0.026225
5.5285678E-07,0.023950
5.5290678E-07,0.021675
5.5295678E-07,0.019780
5.5300678E-07,0.018263
5.5305678E-07,0.017126
5.5310678E-07,0.016368
5.5315678E-07,0.015989
5.5320678E-07,0.015989
5.5325678E-07,0.016368
5.5330678E-07,0.016936
5.5335678E-07,0.017695
5.5340678E-07,0.018453
5.5345678E-07,0.019401
5.5350678E-07,0.020159
5.5355678E-07,0.020917
5.5360678E-07,0.021296
5.5365678E-07,0.021675
5.5370678E-07,0.021486
5.5375678E-07,0.021296
5.5380678E-07,0.020728
5.5385678E-07,0.019780
5.5390678E-07,0.018832
5.5395678E-07,0.017695
5.5400678E-07,0.016557
5.5405678E-07,0.015420
5.5410678E-07,0.014282
5.5415678E-07,0.013335
5.5420678E-07,0.012766
5.5425678E-07,0.012576
5.5430678E-07,0.012576
5.5435678E-07,0.012956
5.5440678E-07,0.013714
5.5445678E-07,0.014851
5.5450678E-07,0.016178
5.5455678E-07,0.017695
5.5460678E-07,0.019401
5.5465678E-07,0.021107
5.5470678E-07,0.022813
5.5475678E-07,0.024140
5.5480678E-07,0.025277
5.5485678E-07,0.026035
5.5490678E-07,0.026414
5.5495678E-07,0.026225
5.5500678E-07,0.025467
5.5505678E-07,0.024140
5.5510678E-07,0.022434
5.5515678E-07,0.019969
5.5520678E-07,0.017315
5.5525678E-07,0.014093
5.5530678E-07,0.010870
5.5535678E-07,0.007269
5.5540678E-07,0.003667
5.5545678E-07,0.000255
5.5550678E-07,-0.003157
5.5555678E-07,-0.006190
5.5560678E-07,-0.009034
5.5565678E-07,-0.011308
5.5570678E-07,-0.013204
5.5575678E-07,-0.014720
5.5580678E-07,-0.015858
5.5585678E-07,-0.016426
5.5590678E-07,-0.016806
5.5595678E-07,-0.016806
5.5600678E-07,-0.016616
5.5605678E-07,-0.016237
5.5610678E-07,-0.015858
5.5615678E-07,-0.015479
5.5620678E-07,-0.015099
5.5625678E-07,-0.014910
5.5630678E-07,-0.015099
5.5635678E-07,-0.015289
5.5640678E-07,-0.015858
5.5645678E-07,-0.016426
5.5650678E-07,-0.017374
5.5655678E-07,-0.018512
5.5660678E-07,-0.019459
5.5665678E-07,-0.020597
5.5670678E-07,-0.021734
5.5675678E-07,-0.022682
5.5680678E-07,-0.023440
5.5685678E-07,-0.024009
5.5690678E-07,-0.024198
5.5695678E-07,-0.024009
5.5700678E-07,-0.023440
5.5705678E-07,-0.022682
5.5710678E-07,-0.021545
5.5715678E-07,-0.020028
5.5720678E-07,-0.018322
5.5725678E-07,-0.016426
5.5730678E-07,-0.014341
5.5735678E-07,-0.012446
5.5740678E-07,-0.010550
5.5745678E-07,-0.008654
5.5750678E-07,-0.007138
5.5755678E-07,-0.005811
5.5760678E-07,-0.004863
5.5765678E-07,-0.004295
5.5770678E-07,-0.004105
5.5775678E-07,-0.004295
5.5780678E-07,-0.004863
5.5785678E-07,-0.005811
5.5790678E-07,-0.006948
5.5795678E-07,-0.008275
5.5800678E-07,-0.009602
5.5805678E-07,-0.011119
5.5810678E-07,-0.012635
5.5815678E-07,-0.013962
5.5820678E-07,-0.015099
5.5825678E-07,-0.016047
5.5830678E-07,-0.016616
5.5835678E-07,-0.016995
5.5840678E-07,-0.016995
5.5845678E-07,-0.016806
5.5850678E-07,-0.016237
5.5855678E-07,-0.015479
5.5860678E-07,-0.014720
5.5865678E-07,-0.013773
5.5870678E-07,-0.012825
5.5875678E-07,-0.012067
5.5880678E-07,-0.011498
5.5885678E-07,-0.011308
5.5890678E-07,-0.011308
5.5895678E-07,-0.012067
5.5900678E-07,-0.013014
5.5905678E-07,-0.014720
5.5910678E-07,-0.016806
5.5915678E-07,-0.019459
5.5920678E-07,-0.022682
5.5925678E-07,-0.026094
5.5930678E-07,-0.029885
5.5935678E-07,-0.033866
5.5940678E-07,-0.037847
5.5945678E-07,-0.041828
5.5950678E-07,-0.045619
5.5955678E-07,-0.049220
5.5960678E-07,-0.052253
5.5965678E-07,-0.054718
5.5970678E-07,-0.056613
5.5975678E-07,-0.057940
5.5980678E-07,-0.058509
5.5985678E-07,-0.058130
5.5990678E-07,-0.057182
5.5995678E-07,-0.055666
5.6000678E-07,-0.053391
5.6005678E-07,-0.050547
5.6010678E-07,-0.047325
5.6015678E-07,-0.043723
5.6020678E-07,-0.039932
5.6025678E-07,-0.035951
5.6030678E-07,-0.031970
5.6035678E-07,-0.027990
5.6040678E-07,-0.024198
5.6045678E-07,-0.020597
5.6050678E-07,-0.017185
5.6055678E-07,-0.014152
5.6060678E-07,-0.011308
5.6065678E-07,-0.008844
5.6070678E-07,-0.006380
5.6075678E-07,-0.004295
5.6080678E-07,-0.002209
5.6085678E-07,-0.000124
5.6090678E-07,0.001961
5.6095678E-07,0.004046
5.6100678E-07,0.006321
5.6105678E-07,0.008596
5.6110678E-07,0.011250
5.6115678E-07,0.013903
5.6120678E-07,0.016747
5.6125678E-07,0.019590
5.6130678E-07,0.022623
5.6135678E-07,0.025467
5.6140678E-07,0.028120
5.6145678E-07,0.030774
5.6150678E-07,0.032859
5.6155678E-07,0.034566
5.6160678E-07,0.035703
5.6165678E-07,0.036461
5.6170678E-07,0.036461
5.6175678E-07,0.035703
5.6180678E-07,0.034376
5.6185678E-07,0.032480
5.6190678E-07,0.030016
5.6195678E-07,0.027173
5.6200678E-07,0.023761
5.6205678E-07,0.019969
5.6210678E-07,0.016178
5.6215678E-07,0.012197
5.6220678E-07,0.008217
5.6225678E-07,0.004615
5.6230678E-07,0.001203
5.6235678E-07,-0.002020
5.6240678E-07,-0.004674
5.6245678E-07,-0.006948
5.6250678E-07,-0.008844
5.6255678E-07,-0.010171
5.6260678E-07,-0.011119
5.6265678E-07,-0.011687
5.6270678E-07,-0.011877
5.6275678E-07,-0.012067
5.6280678E-07,-0.011877
5.6285678E-07,-0.011877
5.6290678E-07,-0.011877
5.6295678E-07,-0.011877
5.6300678E-07,-0.012067
5.6305678E-07,-0.012635
5.6310678E-07,-0.013393
5.6315678E-07,-0.014341
5.6320678E-07,-0.015668
5.6325678E-07,-0.017185
5.6330678E-07,-0.018701
5.6335678E-07,-0.020407
5.6340678E-07,-0.022113
5.6345678E-07,-0.023819
5.6350678E-07,-0.025336
5.6355678E-07,-0.026473
5.6360678E-07,-0.027231
5.6365678E-07,-0.027800
5.6370678E-07,-0.027800
5.6375678E-07,-0.027421
5.6380678E-07,-0.026473
5.6385678E-07,-0.024957
5.6390678E-07,-0.023251
5.6395678E-07,-0.021165
5.6400678E-07,-0.018701
5.6405678E-07,-0.016047
5.6410678E-07,-0.013393
5.6415678E-07,-0.010550
5.6420678E-07,-0.007896
5.6425678E-07,-0.005432
5.6430678E-07,-0.003347
5.6435678E-07,-0.001451
5.6440678E-07,0.000065
5.6445678E-07,0.001203
5.6450678E-07,0.001771
5.6455678E-07,0.002151
5.6460678E-07,0.002151
5.6465678E-07,0.001771
5.6470678E-07,0.001203
5.6475678E-07,0.000445
5.6480678E-07,-0.000314
5.6485678E-07,-0.001072
5.6490678E-07,-0.001641
5.6495678E-07,-0.002209
5.6500678E-07,-0.002399
5.6505678E-07,-0.002209
5.6510678E-07,-0.001830
5.6515678E-07,-0.001072
5.6520678E-07,0.000065
5.6525678E-07,0.001582
5.6530678E-07,0.003288
5.6535678E-07,0.005184
5.6540678E-07,0.007269
5.6545678E-07,0.009354
5.6550678E-07,0.011439
5.6555678E-07,0.013335
5.6560678E-07,0.014851
5.6565678E-07,0.016368
5.6570678E-07,0.017315
5.6575678E-07,0.018074
5.6580678E-07,0.018263
5.6585678E-07,0.018074
5.6590678E-07,0.017505
5.6595678E-07,0.016368
5.6600678E-07,0.015230
5.6605678E-07,0.013714
5.6610678E-07,0.012008
5.6615678E-07,0.010302
5.6620678E-07,0.008785
5.6625678E-07,0.007269
5.6630678E-07,0.006131
5.6635678E-07,0.005373
5.6640678E-07,0.004804
5.6645678E-07,0.004994
5.6650678E-07,0.005563
5.6655678E-07,0.006700
5.6660678E-07,0.008217
5.6665678E-07,0.010491
5.6670678E-07,0.012956
5.6675678E-07,0.015989
5.6680678E-07,0.019211
5.6685678E-07,0.022434
5.6690678E-07,0.026035
5.6695678E-07,0.029447
5.6700678E-07,0.032670
5.6705678E-07,0.035703
5.6710678E-07,0.038357
5.6715678E-07,0.040821
5.6720678E-07,0.042717
5.6725678E-07,0.044044
5.6730678E-07,0.044991
5.6735678E-07,0.045370
5.6740678E-07,0.045181
5.6745678E-07,0.044802
5.6750678E-07,0.043854
5.6755678E-07,0.042717
5.6760678E-07,0.041390
5.6765678E-07,0.039873
5.6770678E-07,0.038357
5.6775678E-07,0.036651
5.6780678E-07,0.035134
5.6785678E-07,0.033618
5.6790678E-07,0.032291
5.6795678E-07,0.031153
5.6800678E-07,0.030016
5.6805678E-07,0.029068
5.6810678E-07,0.028120
5.6815678E-07,0.027173
5.6820678E-07,0.026225
5.6825678E-07,0.025277
5.6830678E-07,0.023950
5.6835678E-07,0.022623
5.6840678E-07,0.020728
5.6845678E-07,0.018832
5.6850678E-07,0.016368
5.6855678E-07,0.013714
5.6860678E-07,0.010681
5.6865678E-07,0.007269
5.6870678E-07,0.003667
5.6875678E-07,-0.000124
5.6880678E-07,-0.003915
5.6885678E-07,-0.007707
5.6890678E-07,-0.011498
5.6895678E-07,-0.015099
5.6900678E-07,-0.018322
5.6905678E-07,-0.021355
5.6910678E-07,-0.023819
5.6915678E-07,-0.025715
5.6920678E-07,-0.027231
5.6925678E-07,-0.027990
5.6930678E-07,-0.028369
5.6935678E-07,-0.028369
5.6940678E-07,-0.027611
5.6945678E-07,-0.026663
5.6950678E-07,-0.025336
5.6955678E-07,-0.023630
5.6960678E-07,-0.021924
5.6965678E-07,-0.020028
5.6970678E-07,-0.018322
5.6975678E-07,-0.016426
5.6980678E-07,-0.014910
5.6985678E-07,-0.013393
5.6990678E-07,-0.012256
5.6995678E-07,-0.011308
5.7000678E-07,-0.010550
5.7005678E-07,-0.009792
5.7010678E-07,-0.009413
5.7015678E-07,-0.008844
5.7020678E-07,-0.008465
5.7025678E-07,-0.007896
5.7030678E-07,-0.007327
5.7035678E-07,-0.006380
5.7040678E-07,-0.005432
5.7045678E-07,-0.003915
5.7050678E-07,-0.002209
5.7055678E-07,-0.000314
5.7060678E-07,0.001961
5.7065678E-07,0.004615
5.7070678E-07,0.007269
5.7075678E-07,0.010302
5.7080678E-07,0.013145
5.7085678E-07,0.016178
5.7090678E-07,0.019022
5.7095678E-07,0.021865
5.7100678E-07,0.024329
5.7105678E-07,0.026414
5.7110678E-07,0.028310
5.7115678E-07,0.029637
5.7120678E-07,0.030395
5.7125678E-07,0.030964
5.7130678E-07,0.030774
5.7135678E-07,0.030395
5.7140678E-07,0.029447
5.7145678E-07,0.028310
5.7150678E-07,0.026604
5.7155678E-07,0.024898
5.7160678E-07,0.023002
5.7165678E-07,0.020917
5.7170678E-07,0.018642
5.7175678E-07,0.016368
5.7180678E-07,0.014282
5.7185678E-07,0.012008
5.7190678E-07,0.009923
5.7195678E-07,0.007837
5.7200678E-07,0.005752
5.7205678E-07,0.003667
5.7210678E-07,0.001582
5.7215678E-07,-0.000503
5.7220678E-07,-0.002588
5.7225678E-07,-0.004674
5.7230678E-07,-0.006948
5.7235678E-07,-0.009223
5.7240678E-07,-0.011687
5.7245678E-07,-0.014152
5.7250678E-07,-0.016616
5.7255678E-07,-0.019080
5.7260678E-07,-0.021545
5.7265678E-07,-0.023819
5.7270678E-07,-0.025904
5.7275678E-07,-0.027800
5.7280678E-07,-0.029317
5.7285678E-07,-0.030454
5.7290678E-07,-0.031212
5.7295678E-07,-0.031402
5.7300678E-07,-0.031212
5.7305678E-07,-0.030264
5.7310678E-07,-0.028937
5.7315678E-07,-0.026852
5.7320678E-07,-0.024388
5.7325678E-07,-0.021355
5.7330678E-07,-0.017943
5.7335678E-07,-0.014341
5.7340678E-07,-0.010360
5.7345678E-07,-0.006190
5.7350678E-07,-0.002020
5.7355678E-07,0.002151
5.7360678E-07,0.006131
5.7365678E-07,0.009733
5.7370678E-07,0.012956
5.7375678E-07,0.015609
5.7380678E-07,0.017695
5.7385678E-07,0.019211
5.7390678E-07,0.019969
5.7395678E-07,0.020159
5.7400678E-07,0.019401
5.7405678E-07,0.018074
5.7410678E-07,0.016178
5.7415678E-07,0.013524
5.7420678E-07,0.010302
5.7425678E-07,0.006700
5.7430678E-07,0.002719
5.7435678E-07,-0.001641
5.7440678E-07,-0.006190
5.7445678E-07,-0.010929
5.7450678E-07,-0.015668
5.7455678E-07,-0.020407
5.7460678E-07,-0.024957
5.7465678E-07,-0.029506
5.7470678E-07,-0.033866
5.7475678E-07,-0.038226
5.7480678E-07,-0.042207
5.7485678E-07,-0.046188
5.7490678E-07,-0.049979
5.7495678E-07,-0.053580
5.7500678E-07,-0.057182
5.7505678E-07,-0.060784
5.7510678E-07,-0.064385
5.7515678E-07,-0.067987
5.7520678E-07,-0.071589
5.7525678E-07,-0.075190
5.7530678E-07,-0.078792
5.7535678E-07,-0.082394
5.7540678E-07,-0.085995
5.7545678E-07,-0.089597
5.7550678E-07,-0.093009
5.7555678E-07,-0.096042
5.7560678E-07,-0.098885
5.7565678E-07,-0.101350
5.7570678E-07,-0.103245
5.7575678E-07,-0.104572
5.7580678E-07,-0.105520
5.7585678E-07,-0.105710
5.7590678E-07,-0.105141
5.7595678E-07,-0.104004
5.7600678E-07,-0.102298
5.7605678E-07,-0.100023
5.7610678E-07,-0.097179
5.7615678E-07,-0.093767
5.7620678E-07,-0.090166
5.7625678E-07,-0.086185
5.7630678E-07,-0.082015
5.7635678E-07,-0.077844
5.7640678E-07,-0.073863
5.7645678E-07,-0.070072
5.7650678E-07,-0.066281
5.7655678E-07,-0.063058
5.7660678E-07,-0.060215
5.7665678E-07,-0.057561
5.7670678E-07,-0.055476
5.7675678E-07,-0.053770
5.7680678E-07,-0.052443
5.7685678E-07,-0.051495
5.7690678E-07,-0.050737
5.7695678E-07,-0.049979
5.7700678E-07,-0.049410
5.7705678E-07,-0.048841
5.7710678E-07,-0.048083
5.7715678E-07,-0.047135
5.7720678E-07,-0.045998
5.7725678E-07,-0.044671
5.7730678E-07,-0.042965
5.7735678E-07,-0.041069
5.7740678E-07,-0.038795
5.7745678E-07,-0.036330
5.7750678E-07,-0.033676
5.7755678E-07,-0.030833
5.7760678E-07,-0.027990
5.7765678E-07,-0.025146
5.7770678E-07,-0.022303
5.7775678E-07,-0.019839
5.7780678E-07,-0.017564
5.7785678E-07,-0.015479
5.7790678E-07,-0.013773
5.7795678E-07,-0.012446
5.7800678E-07,-0.011498
5.7805678E-07,-0.010740
5.7810678E-07,-0.010360
5.7815678E-07,-0.010171
5.7820678E-07,-0.010171
5.7825678E-07,-0.010171
5.7830678E-07,-0.010171
5.7835678E-07,-0.010171
5.7840678E-07,-0.009981
5.7845678E-07,-0.009413
5.7850678E-07,-0.008654
5.7855678E-07,-0.007707
5.7860678E-07,-0.006190
5.7865678E-07,-0.004484
5.7870678E-07,-0.002588
5.7875678E-07,-0.000124
5.7880678E-07,0.002340
5.7885678E-07,0.004994
5.7890678E-07,0.007648
5.7895678E-07,0.010112
5.7900678E-07,0.012766
5.7905678E-07,0.014851
5.7910678E-07,0.016936
5.7915678E-07,0.018453
5.7920678E-07,0.019780
5.7925678E-07,0.020538
5.7930678E-07,0.020917
5.7935678E-07,0.020728
5.7940678E-07,0.020348
5.7945678E-07,0.019590
5.7950678E-07,0.018453
5.7955678E-07,0.017315
5.7960678E-07,0.015989
5.7965678E-07,0.014662
5.7970678E-07,0.013524
5.7975678E-07,0.012387
5.7980678E-07,0.011629
5.7985678E-07,0.011250
5.7990678E-07,0.011060
5.7995678E-07,0.011250
5.8000678E-07,0.011818
5.8005678E-07,0.012766
5.8010678E-07,0.013903
5.8015678E-07,0.015230
5.8020678E-07,0.016747
5.8025678E-07,0.018263
5.8030678E-07,0.019780
5.8035678E-07,0.021296
5.8040678E-07,0.022434
5.8045678E-07,0.023192
5.8050678E-07,0.023571
5.8055678E-07,0.023571
5.8060678E-07,0.023192
5.8065678E-07,0.022054
5.8070678E-07,0.020538
5.8075678E-07,0.018642
5.8080678E-07,0.016178
5.8085678E-07,0.013524
5.8090678E-07,0.010491
5.8095678E-07,0.007079
5.8100678E-07,0.003857
5.8105678E-07,0.000445
5.8110678E-07,-0.002588
5.8115678E-07,-0.005621
5.8120678E-07,-0.008275
5.8125678E-07,-0.010550
5.8130678E-07,-0.012446
5.8135678E-07,-0.013773
5.8140678E-07,-0.014531
5.8145678E-07,-0.014910
5.8150678E-07,-0.014910
5.8155678E-07,-0.014341
5.8160678E-07,-0.013583
5.8165678E-07,-0.012446
5.8170678E-07,-0.011119
5.8175678E-07,-0.009792
5.8180678E-07,-0.008275
5.8185678E-07,-0.006759
5.8190678E-07,-0.005432
5.8195678E-07,-0.004484
5.8200678E-07,-0.003536
5.8205678E-07,-0.002968
5.8210678E-07,-0.002588
5.8215678E-07,-0.002399
5.8220678E-07,-0.002588
5.8225678E-07,-0.002778
5.8230678E-07,-0.003347
5.8235678E-07,-0.003915
5.8240678E-07,-0.004295
5.8245678E-07,-0.004674
5.8250678E-07,-0.005053
5.8255678E-07,-0.005053
5.8260678E-07,-0.004863
5.8265678E-07,-0.004295
5.8270678E-07,-0.003536
5.8275678E-07,-0.002399
5.8280678E-07,-0.000882
5.8285678E-07,0.000824
5.8290678E-07,0.002909
5.8295678E-07,0.004994
5.8300678E-07,0.007269
5.8305678E-07,0.009354
5.8310678E-07,0.011439
5.8315678E-07,0.013335
5.8320678E-07,0.015041
5.8325678E-07,0.016178
5.8330678E-07,0.016936
5.8335678E-07,0.017315
5.8340678E-07,0.017126
5.8345678E-07,0.016368
5.8350678E-07,0.015230
5.8355678E-07,0.013524
5.8360678E-07,0.011629
5.8365678E-07,0.009164
5.8370678E-07,0.006700
5.8375678E-07,0.004046
5.8380678E-07,0.001203
5.8385678E-07,-0.001262
5.8390678E-07,-0.003726
5.8395678E-07,-0.006001
5.8400678E-07,-0.007896
5.8405678E-07,-0.009413
5.8410678E-07,-0.010550
5.8415678E-07,-0.011119
5.8420678E-07,-0.011498
5.8425678E-07,-0.011308
5.8430678E-07,-0.010929
5.8435678E-07,-0.010171
5.8440678E-07,-0.009223
5.8445678E-07,-0.008275
5.8450678E-07,-0.007138
5.8455678E-07,-0.006190
5.8460678E-07,-0.005432
5.8465678E-07,-0.004674
5.8470678E-07,-0.004295
5.8475678E-07,-0.004105
5.8480678E-07,-0.004295
5.8485678E-07,-0.004674
5.8490678E-07,-0.005242
5.8495678E-07,-0.006190
5.8500678E-07,-0.007138
5.8505678E-07,-0.008275
5.8510678E-07,-0.009413
5.8515678E-07,-0.010360
5.8520678E-07,-0.011498
5.8525678E-07,-0.012256
5.8530678E-07,-0.013014
5.8535678E-07,-0.013583
5.8540678E-07,-0.013773
5.8545678E-07,-0.013962
5.8550678E-07,-0.013962
5.8555678E-07,-0.013773
5.8560678E-07,-0.013583
5.8565678E-07,-0.013393
5.8570678E-07,-0.013204
5.8575678E-07,-0.013393
5.8580678E-07,-0.013583
5.8585678E-07,-0.014152
5.8590678E-07,-0.014910
5.8595678E-07,-0.016047
5.8600678E-07,-0.017564
5.8605678E-07,-0.019459
5.8610678E-07,-0.021545
5.8615678E-07,-0.023819
5.8620678E-07,-0.026284
5.8625678E-07,-0.028748
5.8630678E-07,-0.031212
5.8635678E-07,-0.033676
5.8640678E-07,-0.035572
5.8645678E-07,-0.037278
5.8650678E-07,-0.038605
5.8655678E-07,-0.039174
5.8660678E-07,-0.039174
5.8665678E-07,-0.038605
5.8670678E-07,-0.037468
5.8675678E-07,-0.035572
5.8680678E-07,-0.032918
5.8685678E-07,-0.029885
5.8690678E-07,-0.026473
5.8695678E-07,-0.022492
5.8700678E-07,-0.018322
5.8705678E-07,-0.014152
5.8710678E-07,-0.009792
5.8715678E-07,-0.005621
5.8720678E-07,-0.001641
5.8725678E-07,0.001961
5.8730678E-07,0.005184
5.8735678E-07,0.008027
5.8740678E-07,0.010112
5.8745678E-07,0.011818
5.8750678E-07,0.013145
5.8755678E-07,0.013714
5.8760678E-07,0.014093
5.8765678E-07,0.013903
5.8770678E-07,0.013335
5.8775678E-07,0.012576
5.8780678E-07,0.011629
5.8785678E-07,0.010681
5.8790678E-07,0.009543
5.8795678E-07,0.008785
5.8800678E-07,0.008027
5.8805678E-07,0.007458
5.8810678E-07,0.007269
5.8815678E-07,0.007269
5.8820678E-07,0.007648
5.8825678E-07,0.008217
5.8830678E-07,0.009164
5.8835678E-07,0.010302
5.8840678E-07,0.011629
5.8845678E-07,0.013145
5.8850678E-07,0.014851
5.8855678E-07,0.016557
5.8860678E-07,0.018074
5.8865678E-07,0.019780
5.8870678E-07,0.021296
5.8875678E-07,0.022623
5.8880678E-07,0.023761
5.8885678E-07,0.024708
5.8890678E-07,0.025277
5.8895678E-07,0.025846
5.8900678E-07,0.026225
5.8905678E-07,0.026414
5.8910678E-07,0.026414
5.8915678E-07,0.026414
5.8920678E-07,0.026414
5.8925678E-07,0.026225
5.8930678E-07,0.026225
5.8935678E-07,0.026225
5.8940678E-07,0.026414
5.8945678E-07,0.026794
5.8950678E-07,0.027173
5.8955678E-07,0.027741
5.8960678E-07,0.028310
5.8965678E-07,0.029068
5.8970678E-07,0.030016
5.8975678E-07,0.030774
5.8980678E-07,0.031533
5.8985678E-07,0.032291
5.8990678E-07,0.032859
5.8995678E-07,0.033239
5.9000678E-07,0.033239
5.9005678E-07,0.033049
5.9010678E-07,0.032670
5.9015678E-07,0.031722
5.9020678E-07,0.030395
5.9025678E-07,0.028879
5.9030678E-07,0.026983
5.9035678E-07,0.024898
5.9040678E-07,0.022623
5.9045678E-07,0.019969
5.9050678E-07,0.017505
5.9055678E-07,0.014851
5.9060678E-07,0.012387
5.9065678E-07,0.010112
5.9070678E-07,0.008027
5.9075678E-07,0.006131
5.9080678E-07,0.004425
5.9085678E-07,0.003098
5.9090678E-07,0.002151
5.9095678E-07,0.001582
5.9100678E-07,0.001203
5.9105678E-07,0.000824
5.9110678E-07,0.000824
5.9115678E-07,0.000824
5.9120678E-07,0.000824
5.9125678E-07,0.000634
5.9130678E-07,0.000255
5.9135678E-07,-0.000314
5.9140678E-07,-0.001262
5.9145678E-07,-0.002399
5.9150678E-07,-0.004105
5.9155678E-07,-0.006190
5.9160678E-07,-0.008465
5.9165678E-07,-0.011308
5.9170678E-07,-0.014152
5.9175678E-07,-0.017374
5.9180678E-07,-0.020786
5.9185678E-07,-0.024198
5.9190678E-07,-0.027421
5.9195678E-07,-0.030454
5.9200678E-07,-0.033487
5.9205678E-07,-0.035951
5.9210678E-07,-0.038226
5.9215678E-07,-0.039932
5.9220678E-07,-0.041259
5.9225678E-07,-0.042017
5.9230678E-07,-0.042396
5.9235678E-07,-0.042396
5.9240678E-07,-0.042017
5.9245678E-07,-0.041259
5.9250678E-07,-0.040311
5.9255678E-07,-0.039174
5.9260678E-07,-0.038036
5.9265678E-07,-0.036709
5.9270678E-07,-0.035572
5.9275678E-07,-0.034624
5.9280678E-07,-0.033676
5.9285678E-07,-0.033108
5.9290678E-07,-0.032539
5.9295678E-07,-0.032160
5.9300678E-07,-0.031970
5.9305678E-07,-0.031781
5.9310678E-07,-0.031781
5.9315678E-07,-0.031781
5.9320678E-07,-0.031591
5.9325678E-07,-0.031402
5.9330678E-07,-0.031023
5.9335678E-07,-0.030264
5.9340678E-07,-0.029506
5.9345678E-07,-0.028558
5.9350678E-07,-0.027231
5.9355678E-07,-0.025715
5.9360678E-07,-0.024198
5.9365678E-07,-0.022303
5.9370678E-07,-0.020597
5.9375678E-07,-0.018891
5.9380678E-07,-0.017185
5.9385678E-07,-0.015668
5.9390678E-07,-0.014531
5.9395678E-07,-0.013583
5.9400678E-07,-0.012825
5.9405678E-07,-0.012635
5.9410678E-07,-0.012825
5.9415678E-07,-0.013204
5.9420678E-07,-0.014152
5.9425678E-07,-0.015289
5.9430678E-07,-0.016616
5.9435678E-07,-0.018132
5.9440678E-07,-0.019839
5.9445678E-07,-0.021355
5.9450678E-07,-0.022871
5.9455678E-07,-0.024198
5.9460678E-07,-0.025336
5.9465678E-07,-0.026094
5.9470678E-07,-0.026473
5.9475678E-07,-0.026284
5.9480678E-07,-0.025904
5.9485678E-07,-0.025146
5.9490678E-07,-0.023819
5.9495678E-07,-0.022303
5.9500678E-07,-0.020407
5.9505678E-07,-0.018322
5.9510678E-07,-0.016237
5.9515678E-07,-0.013962
5.9520678E-07,-0.011877
5.9525678E-07,-0.009981
5.9530678E-07,-0.008086
5.9535678E-07,-0.006759
5.9540678E-07,-0.005621
5.9545678E-07,-0.005053
5.9550678E-07,-0.004674
5.9555678E-07,-0.004863
5.9560678E-07,-0.005621
5.9565678E-07,-0.006569
5.9570678E-07,-0.007896
5.9575678E-07,-0.009602
5.9580678E-07,-0.011498
5.9585678E-07,-0.013583
5.9590678E-07,-0.015668
5.9595678E-07,-0.017753
5.9600678E-07,-0.019839
5.9605678E-07,-0.021734
5.9610678E-07,-0.023440
5.9615678E-07,-0.024767
5.9620678E-07,-0.025904
5.9625678E-07,-0.026852
5.9630678E-07,-0.027231
5.9635678E-07,-0.027421
5.9640678E-07,-0.027231
5.9645678E-07,-0.026852
5.9650678E-07,-0.026284
5.9655678E-07,-0.025525
5.9660678E-07,-0.024388
5.9665678E-07,-0.023251
5.9670678E-07,-0.022113
5.9675678E-07,-0.020976
5.9680678E-07,-0.019649
5.9685678E-07,-0.018512
5.9690678E-07,-0.017185
5.9695678E-07,-0.016047
5.9700678E-07,-0.014720
5.9705678E-07,-0.013583
5.9710678E-07,-0.012256
5.9715678E-07,-0.010740
5.9720678E-07,-0.009223
5.9725678E-07,-0.007327
5.9730678E-07,-0.005432
5.9735678E-07,-0.002968
5.9740678E-07,-0.000314
5.9745678E-07,0.002530
5.9750678E-07,0.005752
5.9755678E-07,0.009354
5.9760678E-07,0.013145
5.9765678E-07,0.017315
5.9770678E-07,0.021486
5.9775678E-07,0.025846
5.9780678E-07,0.030016
5.9785678E-07,0.034186
5.9790678E-07,0.038167
5.9795678E-07,0.041769
5.9800678E-07,0.044991
5.9805678E-07,0.047835
5.9810678E-07,0.050110
5.9815678E-07,0.051626
5.9820678E-07,0.052574
5.9825678E-07,0.052763
5.9830678E-07,0.052384
5.9835678E-07,0.051436
5.9840678E-07,0.049730
5.9845678E-07,0.047645
5.9850678E-07,0.045370
5.9855678E-07,0.042527
5.9860678E-07,0.039684
5.9865678E-07,0.036651
5.9870678E-07,0.033807
5.9875678E-07,0.031153
5.9880678E-07,0.028689
5.9885678E-07,0.026414
5.9890678E-07,0.024708
5.9895678E-07,0.023192
5.9900678E-07,0.022244
5.9905678E-07,0.021486
5.9910678E-07,0.021296
5.9915678E-07,0.021296
5.9920678E-07,0.021296
5.9925678E-07,0.021675
5.9930678E-07,0.021865
5.9935678E-07,0.022054
5.9940678E-07,0.022054
5.9945678E-07,0.021865
5.9950678E-07,0.021296
5.9955678E-07,0.020538
5.9960678E-07,0.019211
5.9965678E-07,0.017505
5.9970678E-07,0.015609
5.9975678E-07,0.013145
5.9980678E-07,0.010681
5.9985678E-07,0.007837
5.9990678E-07,0.004994
5.9995678E-07,0.002151
6.0000678E-07,-0.000693
6.0005678E-07,-0.003347
6.0010678E-07,-0.005621
6.0015678E-07,-0.007707
6.0020678E-07,-0.009413
6.0025678E-07,-0.010740
6.0030678E-07,-0.011498
6.0035678E-07,-0.012067
6.0040678E-07,-0.012067
6.0045678E-07,-0.011877
6.0050678E-07,-0.011308
6.0055678E-07,-0.010550
6.0060678E-07,-0.009602
6.0065678E-07,-0.008465
6.0070678E-07,-0.007327
6.0075678E-07,-0.006380
6.0080678E-07,-0.005432
6.0085678E-07,-0.004674
6.0090678E-07,-0.003915
6.0095678E-07,-0.003347
6.0100678E-07,-0.002778
6.0105678E-07,-0.002588
6.0110678E-07,-0.002209
6.0115678E-07,-0.002020
6.0120678E-07,-0.001641
6.0125678E-07,-0.001262
6.0130678E-07,-0.000693
6.0135678E-07,-0.000124
6.0140678E-07,0.000824
6.0145678E-07,0.001771
6.0150678E-07,0.003098
6.0155678E-07,0.004615
6.0160678E-07,0.006131
6.0165678E-07,0.007837
6.0170678E-07,0.009543
6.0175678E-07,0.011250
6.0180678E-07,0.012766
6.0185678E-07,0.014093
6.0190678E-07,0.015041
6.0195678E-07,0.015799
6.0200678E-07,0.015989
6.0205678E-07,0.015609
6.0210678E-07,0.014851
6.0215678E-07,0.013335
6.0220678E-07,0.011439
6.0225678E-07,0.008975
6.0230678E-07,0.005942
6.0235678E-07,0.002530
6.0240678E-07,-0.001262
6.0245678E-07,-0.005432
6.0250678E-07,-0.009602
6.0255678E-07,-0.013962
6.0260678E-07,-0.018322
6.0265678E-07,-0.022492
6.0270678E-07,-0.026284
6.0275678E-07,-0.029885
6.0280678E-07,-0.033108
6.0285678E-07,-0.035951
6.0290678E-07,-0.038226
6.0295678E-07,-0.039932
6.0300678E-07,-0.041259
6.0305678E-07,-0.042207
6.0310678E-07,-0.042586
6.0315678E-07,-0.042586
6.0320678E-07,-0.042396
6.0325678E-07,-0.041828
6.0330678E-07,-0.041259
6.0335678E-07,-0.040311
6.0340678E-07,-0.039553
6.0345678E-07,-0.038605
6.0350678E-07,-0.037847
6.0355678E-07,-0.037089
6.0360678E-07,-0.036520
6.0365678E-07,-0.035951
6.0370678E-07,-0.035762
6.0375678E-07,-0.035383
6.0380678E-07,-0.035383
6.0385678E-07,-0.035193
6.0390678E-07,-0.035193
6.0395678E-07,-0.035193
6.0400678E-07,-0.035003
6.0405678E-07,-0.035003
6.0410678E-07,-0.034624
6.0415678E-07,-0.034245
6.0420678E-07,-0.033676
6.0425678E-07,-0.032918
6.0430678E-07,-0.032160
6.0435678E-07,-0.031212
6.0440678E-07,-0.030075
6.0445678E-07,-0.029127
6.0450678E-07,-0.027990
6.0455678E-07,-0.027231
6.0460678E-07,-0.026473
6.0465678E-07,-0.025904
6.0470678E-07,-0.025715
6.0475678E-07,-0.025904
6.0480678E-07,-0.026473
6.0485678E-07,-0.027421
6.0490678E-07,-0.028937
6.0495678E-07,-0.030833
6.0500678E-07,-0.033108
6.0505678E-07,-0.035762
6.0510678E-07,-0.038795
6.0515678E-07,-0.042207
6.0520678E-07,-0.045808
6.0525678E-07,-0.049410
6.0530678E-07,-0.053201
6.0535678E-07,-0.056803
6.0540678E-07,-0.060215
6.0545678E-07,-0.063248
6.0550678E-07,-0.066091
6.0555678E-07,-0.068366
6.0560678E-07,-0.070262
6.0565678E-07,-0.071589
6.0570678E-07,-0.072347
6.0575678E-07,-0.072536
6.0580678E-07,-0.072347
6.0585678E-07,-0.071778
6.0590678E-07,-0.070641
6.0595678E-07,-0.069314
6.0600678E-07,-0.067797
6.0605678E-07,-0.066091
6.0610678E-07,-0.064385
6.0615678E-07,-0.062679
6.0620678E-07,-0.060973
6.0625678E-07,-0.059457
6.0630678E-07,-0.058319
6.0635678E-07,-0.057182
6.0640678E-07,-0.056234
6.0645678E-07,-0.055476
6.0650678E-07,-0.054907
6.0655678E-07,-0.054528
6.0660678E-07,-0.053960
6.0665678E-07,-0.053391
6.0670678E-07,-0.052822
6.0675678E-07,-0.051874
6.0680678E-07,-0.050737
6.0685678E-07,-0.049031
6.0690678E-07,-0.047135
6.0695678E-07,-0.044861
6.0700678E-07,-0.042207
6.0705678E-07,-0.038984
6.0710678E-07,-0.035572
6.0715678E-07,-0.031970
6.0720678E-07,-0.028179
6.0725678E-07,-0.024388
6.0730678E-07,-0.020597
6.0735678E-07,-0.016995
6.0740678E-07,-0.013773
6.0745678E-07,-0.010929
6.0750678E-07,-0.008654
6.0755678E-07,-0.006948
6.0760678E-07,-0.005811
6.0765678E-07,-0.005432
6.0770678E-07,-0.005811
6.0775678E-07,-0.006569
6.0780678E-07,-0.008086
6.0785678E-07,-0.010171
6.0790678E-07,-0.012446
6.0795678E-07,-0.015099
6.0800678E-07,-0.017943
6.0805678E-07,-0.020786
6.0810678E-07,-0.023630
6.0815678E-07,-0.026284
6.0820678E-07,-0.028748
6.0825678E-07,-0.030643
6.0830678E-07,-0.032350
6.0835678E-07,-0.033487
6.0840678E-07,-0.034245
6.0845678E-07,-0.034624
6.0850678E-07,-0.034624
6.0855678E-07,-0.034245
6.0860678E-07,-0.033676
6.0865678E-07,-0.032918
6.0870678E-07,-0.032160
6.0875678E-07,-0.031212
6.0880678E-07,-0.030643
6.0885678E-07,-0.030075
6.0890678E-07,-0.029696
6.0895678E-07,-0.029696
6.0900678E-07,-0.029885
6.0905678E-07,-0.030264
6.0910678E-07,-0.030833
6.0915678E-07,-0.031781
6.0920678E-07,-0.032729
6.0925678E-07,-0.033676
6.0930678E-07,-0.034814
6.0935678E-07,-0.035762
6.0940678E-07,-0.036520
6.0945678E-07,-0.037089
6.0950678E-07,-0.037278
6.0955678E-07,-0.037278
6.0960678E-07,-0.036899
6.0965678E-07,-0.036141
6.0970678E-07,-0.035193
6.0975678E-07,-0.033866
6.0980678E-07,-0.032350
6.0985678E-07,-0.030833
6.0990678E-07,-0.029127
6.0995678E-07,-0.027611
6.1000678E-07,-0.026094
6.1005678E-07,-0.024767
6.1010678E-07,-0.023819
6.1015678E-07,-0.023251
6.1020678E-07,-0.023061
6.1025678E-07,-0.023251
6.1030678E-07,-0.024009
6.1035678E-07,-0.025146
6.1040678E-07,-0.026852
6.1045678E-07,-0.028748
6.1050678E-07,-0.031212
6.1055678E-07,-0.033676
6.1060678E-07,-0.036520
6.1065678E-07,-0.039363
6.1070678E-07,-0.042017
6.1075678E-07,-0.044671
6.1080678E-07,-0.047135
6.1085678E-07,-0.049220
6.1090678E-07,-0.050927
6.1095678E-07,-0.052064
6.1100678E-07,-0.052822
6.1105678E-07,-0.053201
6.1110678E-07,-0.053012
6.1115678E-07,-0.052443
6.1120678E-07,-0.051495
6.1125678E-07,-0.050168
6.1130678E-07,-0.048462
6.1135678E-07,-0.046756
6.1140678E-07,-0.044861
6.1145678E-07,-0.043155
6.1150678E-07,-0.041259
6.1155678E-07,-0.039742
6.1160678E-07,-0.038415
6.1165678E-07,-0.037468
6.1170678E-07,-0.036709
6.1175678E-07,-0.036330
6.1180678E-07,-0.036330
6.1185678E-07,-0.036709
6.1190678E-07,-0.037278
6.1195678E-07,-0.038226
6.1200678E-07,-0.039363
6.1205678E-07,-0.040501
6.1210678E-07,-0.041638
6.1215678E-07,-0.042965
6.1220678E-07,-0.043913
6.1225678E-07,-0.044861
6.1230678E-07,-0.045619
6.1235678E-07,-0.045998
6.1240678E-07,-0.045998
6.1245678E-07,-0.045619
6.1250678E-07,-0.045050
6.1255678E-07,-0.044102
6.1260678E-07,-0.042965
6.1265678E-07,-0.041448
6.1270678E-07,-0.039932
6.1275678E-07,-0.038226
6.1280678E-07,-0.036709
6.1285678E-07,-0.035193
6.1290678E-07,-0.033676
6.1295678E-07,-0.032539
6.1300678E-07,-0.031591
6.1305678E-07,-0.030833
6.1310678E-07,-0.030643
6.1315678E-07,-0.030643
6.1320678E-07,-0.030833
6.1325678E-07,-0.031402
6.1330678E-07,-0.032160
6.1335678E-07,-0.033108
6.1340678E-07,-0.034245
6.1345678E-07,-0.035193
6.1350678E-07,-0.036141
6.1355678E-07,-0.037089
6.1360678E-07,-0.037657
6.1365678E-07,-0.038036
6.1370678E-07,-0.038036
6.1375678E-07,-0.037657
6.1380678E-07,-0.037089
6.1385678E-07,-0.036141
6.1390678E-07,-0.034814
6.1395678E-07,-0.033297
6.1400678E-07,-0.031781
6.1405678E-07,-0.030075
6.1410678E-07,-0.028369
6.1415678E-07,-0.026852
6.1420678E-07,-0.025525
6.1425678E-07,-0.024388
6.1430678E-07,-0.023630
6.1435678E-07,-0.023440
6.1440678E-07,-0.023440
6.1445678E-07,-0.024009
6.1450678E-07,-0.024957
6.1455678E-07,-0.026473
6.1460678E-07,-0.028179
6.1465678E-07,-0.030075
6.1470678E-07,-0.032160
6.1475678E-07,-0.034435
6.1480678E-07,-0.036709
6.1485678E-07,-0.038795
6.1490678E-07,-0.040690
6.1495678E-07,-0.042207
6.1500678E-07,-0.043534
6.1505678E-07,-0.044292
6.1510678E-07,-0.044671
6.1515678E-07,-0.044671
6.1520678E-07,-0.044292
6.1525678E-07,-0.043534
6.1530678E-07,-0.042586
6.1535678E-07,-0.041448
6.1540678E-07,-0.040122
6.1545678E-07,-0.038795
6.1550678E-07,-0.037468
6.1555678E-07,-0.036330
6.1560678E-07,-0.035572
6.1565678E-07,-0.035003
6.1570678E-07,-0.034814
6.1575678E-07,-0.034814
6.1580678E-07,-0.035383
6.1585678E-07,-0.036330
6.1590678E-07,-0.037278
6.1595678E-07,-0.038795
6.1600678E-07,-0.040122
6.1605678E-07,-0.041638
6.1610678E-07,-0.043155
6.1615678E-07,-0.044481
6.1620678E-07,-0.045619
6.1625678E-07,-0.046377
6.1630678E-07,-0.046756
6.1635678E-07,-0.046756
6.1640678E-07,-0.046377
6.1645678E-07,-0.045429
6.1650678E-07,-0.044292
6.1655678E-07,-0.042586
6.1660678E-07,-0.040501
6.1665678E-07,-0.038415
6.1670678E-07,-0.035951
6.1675678E-07,-0.033487
6.1680678E-07,-0.031212
6.1685678E-07,-0.028937
6.1690678E-07,-0.026852
6.1695678E-07,-0.024957
6.1700678E-07,-0.023630
6.1705678E-07,-0.022492
6.1710678E-07,-0.021734
6.1715678E-07,-0.021355
6.1720678E-07,-0.021165
6.1725678E-07,-0.021545
6.1730678E-07,-0.021924
6.1735678E-07,-0.022492
6.1740678E-07,-0.023251
6.1745678E-07,-0.024009
6.1750678E-07,-0.024578
6.1755678E-07,-0.024957
6.1760678E-07,-0.025336
6.1765678E-07,-0.025336
6.1770678E-07,-0.024957
6.1775678E-07,-0.024198
6.1780678E-07,-0.023251
6.1785678E-07,-0.022113
6.1790678E-07,-0.020597
6.1795678E-07,-0.018891
6.1800678E-07,-0.016995
6.1805678E-07,-0.014910
6.1810678E-07,-0.012825
6.1815678E-07,-0.010929
6.1820678E-07,-0.009034
6.1825678E-07,-0.007327
6.1830678E-07,-0.005811
6.1835678E-07,-0.004674
6.1840678E-07,-0.003536
6.1845678E-07,-0.002778
6.1850678E-07,-0.002399
6.1855678E-07,-0.002020
6.1860678E-07,-0.002020
6.1865678E-07,-0.002020
6.1870678E-07,-0.002209
6.1875678E-07,-0.002209
6.1880678E-07,-0.002399
6.1885678E-07,-0.002209
6.1890678E-07,-0.002020
6.1895678E-07,-0.001830
6.1900678E-07,-0.001262
6.1905678E-07,-0.000314
6.1910678E-07,0.000634
6.1915678E-07,0.001771
6.1920678E-07,0.003098
6.1925678E-07,0.004425
6.1930678E-07,0.005942
6.1935678E-07,0.007269
6.1940678E-07,0.008596
6.1945678E-07,0.009733
6.1950678E-07,0.010491
6.1955678E-07,0.010870
6.1960678E-07,0.011060
6.1965678E-07,0.010491
6.1970678E-07,0.009733
6.1975678E-07,0.008217
6.1980678E-07,0.006321
6.1985678E-07,0.003857
6.1990678E-07,0.001013
6.1995678E-07,-0.002209
6.2000678E-07,-0.005621
6.2005678E-07,-0.009413
6.2010678E-07,-0.013393
6.2015678E-07,-0.017374
6.2020678E-07,-0.021355
6.2025678E-07,-0.025146
6.2030678E-07,-0.028748
6.2035678E-07,-0.031970
6.2040678E-07,-0.035003
6.2045678E-07,-0.037657
6.2050678E-07,-0.039932
6.2055678E-07,-0.041638
6.2060678E-07,-0.043155
6.2065678E-07,-0.044292
6.2070678E-07,-0.045240
6.2075678E-07,-0.045808
6.2080678E-07,-0.046188
6.2085678E-07,-0.046567
6.2090678E-07,-0.046946
6.2095678E-07,-0.047325
6.2100678E-07,-0.047894
6.2105678E-07,-0.048462
6.2110678E-07,-0.049410
6.2115678E-07,-0.050358
6.2120678E-07,-0.051495
6.2125678E-07,-0.053012
6.2130678E-07,-0.054528
6.2135678E-07,-0.056045
6.2140678E-07,-0.057561
6.2145678E-07,-0.059078
6.2150678E-07,-0.060215
6.2155678E-07,-0.061352
6.2160678E-07,-0.062111
6.2165678E-07,-0.062490
6.2170678E-07,-0.062300
6.2175678E-07,-0.061921
6.2180678E-07,-0.060784
6.2185678E-07,-0.059457
6.2190678E-07,-0.057561
6.2195678E-07,-0.055286
6.2200678E-07,-0.052822
6.2205678E-07,-0.050168
6.2210678E-07,-0.047325
6.2215678E-07,-0.044671
6.2220678E-07,-0.042017
6.2225678E-07,-0.039742
6.2230678E-07,-0.037657
6.2235678E-07,-0.036141
6.2240678E-07,-0.035003
6.2245678E-07,-0.034435
6.2250678E-07,-0.034435
6.2255678E-07,-0.035003
6.2260678E-07,-0.036141
6.2265678E-07,-0.037468
6.2270678E-07,-0.039174
6.2275678E-07,-0.041259
6.2280678E-07,-0.043344
6.2285678E-07,-0.045429
6.2290678E-07,-0.047514
6.2295678E-07,-0.049220
6.2300678E-07,-0.050737
6.2305678E-07,-0.051874
6.2310678E-07,-0.052633
6.2315678E-07,-0.053012
6.2320678E-07,-0.052822
6.2325678E-07,-0.052253
6.2330678E-07,-0.051306
6.2335678E-07,-0.050168
6.2340678E-07,-0.048652
6.2345678E-07,-0.047325
6.2350678E-07,-0.045808
6.2355678E-07,-0.044481
6.2360678E-07,-0.043344
6.2365678E-07,-0.042586
6.2370678E-07,-0.042207
6.2375678E-07,-0.042207
6.2380678E-07,-0.042775
6.2385678E-07,-0.043723
6.2390678E-07,-0.045050
6.2395678E-07,-0.046946
6.2400678E-07,-0.049031
6.2405678E-07,-0.051306
6.2410678E-07,-0.053770
6.2415678E-07,-0.056234
6.2420678E-07,-0.058509
6.2425678E-07,-0.060784
6.2430678E-07,-0.062679
6.2435678E-07,-0.064196
6.2440678E-07,-0.065333
6.2445678E-07,-0.066091
6.2450678E-07,-0.066471
6.2455678E-07,-0.066091
6.2460678E-07,-0.065523
6.2465678E-07,-0.064575
6.2470678E-07,-0.063248
6.2475678E-07,-0.061732
6.2480678E-07,-0.060025
6.2485678E-07,-0.058319
6.2490678E-07,-0.056613
6.2495678E-07,-0.054907
6.2500678E-07,-0.053391
6.2505678E-07,-0.052064
6.2510678E-07,-0.051116
6.2515678E-07,-0.050168
6.2520678E-07,-0.049600
6.2525678E-07,-0.049220
6.2530678E-07,-0.048841
6.2535678E-07,-0.048652
6.2540678E-07,-0.048652
6.2545678E-07,-0.048462
6.2550678E-07,-0.048083
6.2555678E-07,-0.047704
6.2560678E-07,-0.046946
6.2565678E-07,-0.045998
6.2570678E-07,-0.044671
6.2575678E-07,-0.043155
6.2580678E-07,-0.041259
6.2585678E-07,-0.038984
6.2590678E-07,-0.036330
6.2595678E-07,-0.033676
6.2600678E-07,-0.030833
6.2605678E-07,-0.027800
6.2610678E-07,-0.024957
6.2615678E-07,-0.022113
6.2620678E-07,-0.019459
6.2625678E-07,-0.017185
6.2630678E-07,-0.015099
6.2635678E-07,-0.013583
6.2640678E-07,-0.012635
6.2645678E-07,-0.012067
6.2650678E-07,-0.012067
6.2655678E-07,-0.012446
6.2660678E-07,-0.013393
6.2665678E-07,-0.014910
6.2670678E-07,-0.016616
6.2675678E-07,-0.018701
6.2680678E-07,-0.020976
6.2685678E-07,-0.023440
6.2690678E-07,-0.025904
6.2695678E-07,-0.028179
6.2700678E-07,-0.030454
6.2705678E-07,-0.032350
6.2710678E-07,-0.033866
6.2715678E-07,-0.035193
6.2720678E-07,-0.035951
6.2725678E-07,-0.036141
6.2730678E-07,-0.036141
6.2735678E-07,-0.035572
6.2740678E-07,-0.034624
6.2745678E-07,-0.033487
6.2750678E-07,-0.031970
6.2755678E-07,-0.030264
6.2760678E-07,-0.028369
6.2765678E-07,-0.026663
6.2770678E-07,-0.024957
6.2775678E-07,-0.023440
6.2780678E-07,-0.021924
6.2785678E-07,-0.020976
6.2790678E-07,-0.020028
6.2795678E-07,-0.019459
6.2800678E-07,-0.019270
6.2805678E-07,-0.019459
6.2810678E-07,-0.019649
6.2815678E-07,-0.020218
6.2820678E-07,-0.020786
6.2825678E-07,-0.021545
6.2830678E-07,-0.022113
6.2835678E-07,-0.022682
6.2840678E-07,-0.023061
6.2845678E-07,-0.023061
6.2850678E-07,-0.022871
6.2855678E-07,-0.022492
6.2860678E-07,-0.021545
6.2865678E-07,-0.020407
6.2870678E-07,-0.018891
6.2875678E-07,-0.017185
6.2880678E-07,-0.015289
6.2885678E-07,-0.013204
6.2890678E-07,-0.011119
6.2895678E-07,-0.009223
6.2900678E-07,-0.007327
6.2905678E-07,-0.005811
6.2910678E-07,-0.004674
6.2915678E-07,-0.003915
6.2920678E-07,-0.003536
6.2925678E-07,-0.003726
6.2930678E-07,-0.004484
6.2935678E-07,-0.005621
6.2940678E-07,-0.007138
6.2945678E-07,-0.009223
6.2950678E-07,-0.011498
6.2955678E-07,-0.013962
6.2960678E-07,-0.016616
6.2965678E-07,-0.019270
6.2970678E-07,-0.021924
6.2975678E-07,-0.024198
6.2980678E-07,-0.026473
6.2985678E-07,-0.028179
6.2990678E-07,-0.029696
6.2995678E-07,-0.030833
6.3000678E-07,-0.031591
6.3005678E-07,-0.031970
6.3010678E-07,-0.032160
6.3015678E-07,-0.031970
6.3020678E-07,-0.031781
6.3025678E-07,-0.031402
6.3030678E-07,-0.031023
6.3035678E-07,-0.030833
6.3040678E-07,-0.030833
6.3045678E-07,-0.031023
6.3050678E-07,-0.031591
6.3055678E-07,-0.032350
6.3060678E-07,-0.033487
6.3065678E-07,-0.035003
6.3070678E-07,-0.036899
6.3075678E-07,-0.038795
6.3080678E-07,-0.040880
6.3085678E-07,-0.043155
6.3090678E-07,-0.045429
6.3095678E-07,-0.047325
6.3100678E-07,-0.049220
6.3105678E-07,-0.050737
6.3110678E-07,-0.051874
6.3115678E-07,-0.052633
6.3120678E-07,-0.052822
6.3125678E-07,-0.052633
6.3130678E-07,-0.051874
6.3135678E-07,-0.050927
6.3140678E-07,-0.049410
6.3145678E-07,-0.047704
6.3150678E-07,-0.045998
6.3155678E-07,-0.044102
6.3160678E-07,-0.042207
6.3165678E-07,-0.040501
6.3170678E-07,-0.038984
6.3175678E-07,-0.037847
6.3180678E-07,-0.037278
6.3185678E-07,-0.036899
6.3190678E-07,-0.037089
6.3195678E-07,-0.037468
6.3200678E-07,-0.038415
6.3205678E-07,-0.039742
6.3210678E-07,-0.041259
6.3215678E-07,-0.042965
6.3220678E-07,-0.044671
6.3225678E-07,-0.046377
6.3230678E-07,-0.047894
6.3235678E-07,-0.049031
6.3240678E-07,-0.049789
6.3245678E-07,-0.050168
6.3250678E-07,-0.050168
6.3255678E-07,-0.049410
6.3260678E-07,-0.048273
6.3265678E-07,-0.046567
6.3270678E-07,-0.044292
6.3275678E-07,-0.041638
6.3280678E-07,-0.038795
6.3285678E-07,-0.035572
6.3290678E-07,-0.032160
6.3295678E-07,-0.028748
6.3300678E-07,-0.025525
6.3305678E-07,-0.022303
6.3310678E-07,-0.019459
6.3315678E-07,-0.016995
6.3320678E-07,-0.014910
6.3325678E-07,-0.013014
6.3330678E-07,-0.011687
6.3335678E-07,-0.010929
6.3340678E-07,-0.010360
6.3345678E-07,-0.010171
6.3350678E-07,-0.010171
6.3355678E-07,-0.010550
6.3360678E-07,-0.010929
6.3365678E-07,-0.011119
6.3370678E-07,-0.011498
6.3375678E-07,-0.011687
6.3380678E-07,-0.011498
6.3385678E-07,-0.011119
6.3390678E-07,-0.010360
6.3395678E-07,-0.009413
6.3400678E-07,-0.008086
6.3405678E-07,-0.006380
6.3410678E-07,-0.004484
6.3415678E-07,-0.002209
6.3420678E-07,0.000065
6.3425678E-07,0.002340
6.3430678E-07,0.004615
6.3435678E-07,0.006890
6.3440678E-07,0.008975
6.3445678E-07,0.010870
6.3450678E-07,0.012197
6.3455678E-07,0.013335
6.3460678E-07,0.014093
6.3465678E-07,0.014472
6.3470678E-07,0.014282
6.3475678E-07,0.013714
6.3480678E-07,0.012956
6.3485678E-07,0.011818
6.3490678E-07,0.010491
6.3495678E-07,0.009164
6.3500678E-07,0.007648
6.3505678E-07,0.006131
6.3510678E-07,0.004804
6.3515678E-07,0.003857
6.3520678E-07,0.002909
6.3525678E-07,0.002530
6.3530678E-07,0.002340
6.3535678E-07,0.002530
6.3540678E-07,0.003098
6.3545678E-07,0.004046
6.3550678E-07,0.004994
6.3555678E-07,0.006321
6.3560678E-07,0.007648
6.3565678E-07,0.009164
6.3570678E-07,0.010302
6.3575678E-07,0.011439
6.3580678E-07,0.012197
6.3585678E-07,0.012387
6.3590678E-07,0.012387
6.3595678E-07,0.011818
6.3600678E-07,0.010681
6.3605678E-07,0.008975
6.3610678E-07,0.006700
6.3615678E-07,0.004046
6.3620678E-07,0.001013
6.3625678E-07,-0.002209
6.3630678E-07,-0.005621
6.3635678E-07,-0.009223
6.3640678E-07,-0.012825
6.3645678E-07,-0.016047
6.3650678E-07,-0.019270
6.3655678E-07,-0.021924
6.3660678E-07,-0.024009
6.3665678E-07,-0.025715
6.3670678E-07,-0.026852
6.3675678E-07,-0.027611
6.3680678E-07,-0.027611
6.3685678E-07,-0.027231
6.3690678E-07,-0.026473
6.3695678E-07,-0.025146
6.3700678E-07,-0.023819
6.3705678E-07,-0.022303
6.3710678E-07,-0.020976
6.3715678E-07,-0.019459
6.3720678E-07,-0.018322
6.3725678E-07,-0.017374
6.3730678E-07,-0.016806
6.3735678E-07,-0.016806
6.3740678E-07,-0.016995
6.3745678E-07,-0.017564
6.3750678E-07,-0.018701
6.3755678E-07,-0.020028
6.3760678E-07,-0.021734
6.3765678E-07,-0.023630
6.3770678E-07,-0.025525
6.3775678E-07,-0.027421
6.3780678E-07,-0.029317
6.3785678E-07,-0.031212
6.3790678E-07,-0.032729
6.3795678E-07,-0.034056
6.3800678E-07,-0.035193
6.3805678E-07,-0.036141
6.3810678E-07,-0.036709
6.3815678E-07,-0.037278
6.3820678E-07,-0.037657
6.3825678E-07,-0.037847
6.3830678E-07,-0.038226
6.3835678E-07,-0.038605
6.3840678E-07,-0.039363
6.3845678E-07,-0.040311
6.3850678E-07,-0.041448
6.3855678E-07,-0.042965
6.3860678E-07,-0.044861
6.3865678E-07,-0.047325
6.3870678E-07,-0.049789
6.3875678E-07,-0.052633
6.3880678E-07,-0.055855
6.3885678E-07,-0.058888
6.3890678E-07,-0.061921
6.3895678E-07,-0.064954
6.3900678E-07,-0.067608
6.3905678E-07,-0.069883
6.3910678E-07,-0.071589
6.3915678E-07,-0.072726
6.3920678E-07,-0.073105
6.3925678E-07,-0.072916
6.3930678E-07,-0.071778
6.3935678E-07,-0.070072
6.3940678E-07,-0.067608
6.3945678E-07,-0.064764
6.3950678E-07,-0.061163
6.3955678E-07,-0.057182
6.3960678E-07,-0.053012
6.3965678E-07,-0.048652
6.3970678E-07,-0.044292
6.3975678E-07,-0.040122
6.3980678E-07,-0.036141
6.3985678E-07,-0.032729
6.3990678E-07,-0.029506
6.3995678E-07,-0.026852
6.4000678E-07,-0.024767
6.4005678E-07,-0.023251
6.4010678E-07,-0.022303
6.4015678E-07,-0.021734
6.4020678E-07,-0.021545
6.4025678E-07,-0.021734
6.4030678E-07,-0.021924
6.4035678E-07,-0.022492
6.4040678E-07,-0.022871
6.4045678E-07,-0.023251
6.4050678E-07,-0.023440
6.4055678E-07,-0.023440
6.4060678E-07,-0.023061
6.4065678E-07,-0.022492
6.4070678E-07,-0.021545
6.4075678E-07,-0.020407
6.4080678E-07,-0.019080
6.4085678E-07,-0.017564
6.4090678E-07,-0.015858
6.4095678E-07,-0.014152
6.4100678E-07,-0.012635
6.4105678E-07,-0.011308
6.4110678E-07,-0.009981
6.4115678E-07,-0.009223
6.4120678E-07,-0.008654
6.4125678E-07,-0.008654
6.4130678E-07,-0.009034
6.4135678E-07,-0.009602
6.4140678E-07,-0.010740
6.4145678E-07,-0.012256
6.4150678E-07,-0.013962
6.4155678E-07,-0.016047
6.4160678E-07,-0.018132
6.4165678E-07,-0.020218
6.4170678E-07,-0.022303
6.4175678E-07,-0.024198
6.4180678E-07,-0.025904
6.4185678E-07,-0.027421
6.4190678E-07,-0.028558
6.4195678E-07,-0.029127
6.4200678E-07,-0.029506
6.4205678E-07,-0.029506
6.4210678E-07,-0.028937
6.4215678E-07,-0.028179
6.4220678E-07,-0.027042
6.4225678E-07,-0.025904
6.4230678E-07,-0.024388
6.4235678E-07,-0.023061
6.4240678E-07,-0.021545
6.4245678E-07,-0.020218
6.4250678E-07,-0.018891
6.4255678E-07,-0.017943
6.4260678E-07,-0.017185
6.4265678E-07,-0.016806
6.4270678E-07,-0.016616
6.4275678E-07,-0.016616
6.4280678E-07,-0.016995
6.4285678E-07,-0.017374
6.4290678E-07,-0.017943
6.4295678E-07,-0.018512
6.4300678E-07,-0.019080
6.4305678E-07,-0.019649
6.4310678E-07,-0.019839
6.4315678E-07,-0.019839
6.4320678E-07,-0.019459
6.4325678E-07,-0.018701
6.4330678E-07,-0.017374
6.4335678E-07,-0.015858
6.4340678E-07,-0.013773
6.4345678E-07,-0.011498
6.4350678E-07,-0.008844
6.4355678E-07,-0.005811
6.4360678E-07,-0.002778
6.4365678E-07,0.000255
6.4370678E-07,0.003098
6.4375678E-07,0.005942
6.4380678E-07,0.008406
6.4385678E-07,0.010302
6.4390678E-07,0.011818
6.4395678E-07,0.012766
6.4400678E-07,0.012956
6.4405678E-07,0.012576
6.4410678E-07,0.011629
6.4415678E-07,0.009923
6.4420678E-07,0.007837
6.4425678E-07,0.005184
6.4430678E-07,0.002340
6.4435678E-07,-0.000882
6.4440678E-07,-0.004295
6.4445678E-07,-0.007517
6.4450678E-07,-0.010740
6.4455678E-07,-0.013583
6.4460678E-07,-0.016237
6.4465678E-07,-0.018322
6.4470678E-07,-0.020028
6.4475678E-07,-0.021355
6.4480678E-07,-0.022113
6.4485678E-07,-0.022492
6.4490678E-07,-0.022492
6.4495678E-07,-0.022113
6.4500678E-07,-0.021545
6.4505678E-07,-0.020786
6.4510678E-07,-0.020218
6.4515678E-07,-0.019649
6.4520678E-07,-0.019270
6.4525678E-07,-0.019080
6.4530678E-07,-0.019459
6.4535678E-07,-0.020218
6.4540678E-07,-0.021165
6.4545678E-07,-0.022682
6.4550678E-07,-0.024578
6.4555678E-07,-0.026663
6.4560678E-07,-0.028937
6.4565678E-07,-0.031212
6.4570678E-07,-0.033676
6.4575678E-07,-0.035951
6.4580678E-07,-0.037847
6.4585678E-07,-0.039553
6.4590678E-07,-0.040690
6.4595678E-07,-0.041448
6.4600678E-07,-0.041638
6.4605678E-07,-0.041069
6.4610678E-07,-0.040122
6.4615678E-07,-0.038605
6.4620678E-07,-0.036709
6.4625678E-07,-0.034435
6.4630678E-07,-0.031970
6.4635678E-07,-0.029127
6.4640678E-07,-0.026473
6.4645678E-07,-0.024009
6.4650678E-07,-0.021545
6.4655678E-07,-0.019649
6.4660678E-07,-0.018132
6.4665678E-07,-0.016995
6.4670678E-07,-0.016426
6.4675678E-07,-0.016426
6.4680678E-07,-0.016995
6.4685678E-07,-0.017943
6.4690678E-07,-0.019270
6.4695678E-07,-0.020976
6.4700678E-07,-0.022871
6.4705678E-07,-0.024767
6.4710678E-07,-0.026663
6.4715678E-07,-0.028369
6.4720678E-07,-0.029885
6.4725678E-07,-0.031023
6.4730678E-07,-0.031781
6.4735678E-07,-0.032160
6.4740678E-07,-0.031970
6.4745678E-07,-0.031212
6.4750678E-07,-0.030264
6.4755678E-07,-0.028748
6.4760678E-07,-0.027042
6.4765678E-07,-0.025146
6.4770678E-07,-0.023061
6.4775678E-07,-0.020976
6.4780678E-07,-0.019080
6.4785678E-07,-0.017374
6.4790678E-07,-0.016047
6.4795678E-07,-0.014910
6.4800678E-07,-0.014341
6.4805678E-07,-0.014152
6.4810678E-07,-0.014531
6.4815678E-07,-0.015099
6.4820678E-07,-0.016237
6.4825678E-07,-0.017564
6.4830678E-07,-0.019270
6.4835678E-07,-0.020976
6.4840678E-07,-0.022871
6.4845678E-07,-0.024578
6.4850678E-07,-0.026094
6.4855678E-07,-0.027421
6.4860678E-07,-0.028558
6.4865678E-07,-0.029317
6.4870678E-07,-0.029506
6.4875678E-07,-0.029506
6.4880678E-07,-0.028937
6.4885678E-07,-0.028179
6.4890678E-07,-0.027042
6.4895678E-07,-0.025715
6.4900678E-07,-0.024198
6.4905678E-07,-0.022682
6.4910678E-07,-0.021165
6.4915678E-07,-0.019839
6.4920678E-07,-0.018701
6.4925678E-07,-0.017943
6.4930678E-07,-0.017374
6.4935678E-07,-0.017374
6.4940678E-07,-0.017753
6.4945678E-07,-0.018701
6.4950678E-07,-0.020028
6.4955678E-07,-0.021734
6.4960678E-07,-0.023630
6.4965678E-07,-0.025904
6.4970678E-07,-0.028179
6.4975678E-07,-0.030643
6.4980678E-07,-0.033108
6.4985678E-07,-0.035383
6.4990678E-07,-0.037278
6.4995678E-07,-0.038984
6.5000678E-07,-0.040311
6.5005678E-07,-0.041259
6.5010678E-07,-0.041638
6.5015678E-07,-0.041638
6.5020678E-07,-0.041259
6.5025678E-07,-0.040501
6.5030678E-07,-0.039174
6.5035678E-07,-0.037847
6.5040678E-07,-0.036141
6.5045678E-07,-0.034435
6.5050678E-07,-0.032729
6.5055678E-07,-0.031212
6.5060678E-07,-0.029696
6.5065678E-07,-0.028558
6.5070678E-07,-0.027800
6.5075678E-07,-0.027231
6.5080678E-07,-0.027042
6.5085678E-07,-0.027042
6.5090678E-07,-0.027611
6.5095678E-07,-0.028179
6.5100678E-07,-0.029127
6.5105678E-07,-0.030075
6.5110678E-07,-0.031023
6.5115678E-07,-0.031970
6.5120678E-07,-0.032539
6.5125678E-07,-0.033108
6.5130678E-07,-0.033108
6.5135678E-07,-0.032729
6.5140678E-07,-0.031970
6.5145678E-07,-0.030643
6.5150678E-07,-0.028937
6.5155678E-07,-0.026663
6.5160678E-07,-0.024009
6.5165678E-07,-0.021165
6.5170678E-07,-0.018132
6.5175678E-07,-0.014910
6.5180678E-07,-0.011687
6.5185678E-07,-0.008654
6.5190678E-07,-0.006001
6.5195678E-07,-0.003726
6.5200678E-07,-0.001830
6.5205678E-07,-0.000503
6.5210678E-07,0.000065
6.5215678E-07,0.000065
6.5220678E-07,-0.000503
6.5225678E-07,-0.001830
6.5230678E-07,-0.003536
6.5235678E-07,-0.005811
6.5240678E-07,-0.008465
6.5245678E-07,-0.011308
6.5250678E-07,-0.014341
6.5255678E-07,-0.017185
6.5260678E-07,-0.020028
6.5265678E-07,-0.022682
6.5270678E-07,-0.024767
6.5275678E-07,-0.026473
6.5280678E-07,-0.027800
6.5285678E-07,-0.028558
6.5290678E-07,-0.028748
6.5295678E-07,-0.028369
6.5300678E-07,-0.027611
6.5305678E-07,-0.026473
6.5310678E-07,-0.025146
6.5315678E-07,-0.023630
6.5320678E-07,-0.021924
6.5325678E-07,-0.020407
6.5330678E-07,-0.018891
6.5335678E-07,-0.017753
6.5340678E-07,-0.016806
6.5345678E-07,-0.016237
6.5350678E-07,-0.015858
6.5355678E-07,-0.015858
6.5360678E-07,-0.016237
6.5365678E-07,-0.016616
6.5370678E-07,-0.017374
6.5375678E-07,-0.018132
6.5380678E-07,-0.018891
6.5385678E-07,-0.019459
6.5390678E-07,-0.019649
6.5395678E-07,-0.019649
6.5400678E-07,-0.019459
6.5405678E-07,-0.018512
6.5410678E-07,-0.017374
6.5415678E-07,-0.015668
6.5420678E-07,-0.013583
6.5425678E-07,-0.011119
6.5430678E-07,-0.008275
6.5435678E-07,-0.005242
