LECROYWaveRunner‘N,20113,Waveform
Segments,1,SegmentSize,4002
Segment,TrigTime,TimeSinceSegment1
#1,12-Dec-2018 11:31:38,0                 
Time,Ampl
4.5691324E-07,0.001870
4.5696324E-07,0.001105
4.5701324E-07,0.000450
4.5706324E-07,-0.000205
4.5711324E-07,-0.000751
4.5716324E-07,-0.001078
4.5721324E-07,-0.001406
4.5726324E-07,-0.001515
4.5731324E-07,-0.001406
4.5736324E-07,-0.001187
4.5741324E-07,-0.000860
4.5746324E-07,-0.000423
4.5751324E-07,0.000123
4.5756324E-07,0.000669
4.5761324E-07,0.001215
4.5766324E-07,0.001760
4.5771324E-07,0.002306
4.5776324E-07,0.002634
4.5781324E-07,0.002961
4.5786324E-07,0.003070
4.5791324E-07,0.002961
4.5796324E-07,0.002743
4.5801324E-07,0.002306
4.5806324E-07,0.001651
4.5811324E-07,0.000887
4.5816324E-07,-0.000096
4.5821324E-07,-0.001078
4.5826324E-07,-0.002170
4.5831324E-07,-0.003261
4.5836324E-07,-0.004462
4.5841324E-07,-0.005554
4.5846324E-07,-0.006536
4.5851324E-07,-0.007410
4.5856324E-07,-0.008174
4.5861324E-07,-0.008720
4.5866324E-07,-0.009157
4.5871324E-07,-0.009375
4.5876324E-07,-0.009484
4.5881324E-07,-0.009484
4.5886324E-07,-0.009375
4.5891324E-07,-0.009157
4.5896324E-07,-0.008938
4.5901324E-07,-0.008720
4.5906324E-07,-0.008611
4.5911324E-07,-0.008502
4.5916324E-07,-0.008502
4.5921324E-07,-0.008720
4.5926324E-07,-0.009047
4.5931324E-07,-0.009484
4.5936324E-07,-0.010139
4.5941324E-07,-0.011012
4.5946324E-07,-0.011886
4.5951324E-07,-0.012977
4.5956324E-07,-0.014069
4.5961324E-07,-0.015161
4.5966324E-07,-0.016143
4.5971324E-07,-0.017126
4.5976324E-07,-0.017890
4.5981324E-07,-0.018545
4.5986324E-07,-0.018982
4.5991324E-07,-0.019091
4.5996324E-07,-0.019091
4.6001324E-07,-0.018763
4.6006324E-07,-0.018218
4.6011324E-07,-0.017344
4.6016324E-07,-0.016362
4.6021324E-07,-0.015270
4.6026324E-07,-0.013960
4.6031324E-07,-0.012650
4.6036324E-07,-0.011231
4.6041324E-07,-0.009921
4.6046324E-07,-0.008611
4.6051324E-07,-0.007519
4.6056324E-07,-0.006427
4.6061324E-07,-0.005554
4.6066324E-07,-0.004790
4.6071324E-07,-0.004244
4.6076324E-07,-0.003807
4.6081324E-07,-0.003371
4.6086324E-07,-0.003152
4.6091324E-07,-0.002934
4.6096324E-07,-0.002716
4.6101324E-07,-0.002388
4.6106324E-07,-0.002061
4.6111324E-07,-0.001515
4.6116324E-07,-0.000860
4.6121324E-07,-0.000096
4.6126324E-07,0.000887
4.6131324E-07,0.002088
4.6136324E-07,0.003398
4.6141324E-07,0.004817
4.6146324E-07,0.006345
4.6151324E-07,0.007983
4.6156324E-07,0.009511
4.6161324E-07,0.011040
4.6166324E-07,0.012568
4.6171324E-07,0.013769
4.6176324E-07,0.014970
4.6181324E-07,0.015843
4.6186324E-07,0.016389
4.6191324E-07,0.016716
4.6196324E-07,0.016716
4.6201324E-07,0.016389
4.6206324E-07,0.015843
4.6211324E-07,0.015079
4.6216324E-07,0.014096
4.6221324E-07,0.012896
4.6226324E-07,0.011476
4.6231324E-07,0.010166
4.6236324E-07,0.008638
4.6241324E-07,0.007219
4.6246324E-07,0.005909
4.6251324E-07,0.004708
4.6256324E-07,0.003616
4.6261324E-07,0.002743
4.6266324E-07,0.001979
4.6271324E-07,0.001433
4.6276324E-07,0.001105
4.6281324E-07,0.000887
4.6286324E-07,0.000887
4.6291324E-07,0.000996
4.6296324E-07,0.001324
4.6301324E-07,0.001651
4.6306324E-07,0.001979
4.6311324E-07,0.002415
4.6316324E-07,0.002743
4.6321324E-07,0.003180
4.6326324E-07,0.003507
4.6331324E-07,0.003725
4.6336324E-07,0.003944
4.6341324E-07,0.004053
4.6346324E-07,0.004053
4.6351324E-07,0.004053
4.6356324E-07,0.003944
4.6361324E-07,0.003944
4.6366324E-07,0.003835
4.6371324E-07,0.003835
4.6376324E-07,0.003725
4.6381324E-07,0.003835
4.6386324E-07,0.003835
4.6391324E-07,0.004053
4.6396324E-07,0.004271
4.6401324E-07,0.004599
4.6406324E-07,0.004926
4.6411324E-07,0.005363
4.6416324E-07,0.005800
4.6421324E-07,0.006236
4.6426324E-07,0.006673
4.6431324E-07,0.007110
4.6436324E-07,0.007437
4.6441324E-07,0.007655
4.6446324E-07,0.007655
4.6451324E-07,0.007655
4.6456324E-07,0.007437
4.6461324E-07,0.007000
4.6466324E-07,0.006455
4.6471324E-07,0.005690
4.6476324E-07,0.004817
4.6481324E-07,0.003835
4.6486324E-07,0.002743
4.6491324E-07,0.001651
4.6496324E-07,0.000450
4.6501324E-07,-0.000641
4.6506324E-07,-0.001733
4.6511324E-07,-0.002606
4.6516324E-07,-0.003371
4.6521324E-07,-0.004026
4.6526324E-07,-0.004353
4.6531324E-07,-0.004462
4.6536324E-07,-0.004244
4.6541324E-07,-0.003807
4.6546324E-07,-0.003152
4.6551324E-07,-0.002279
4.6556324E-07,-0.001187
4.6561324E-07,0.000123
4.6566324E-07,0.001433
4.6571324E-07,0.002852
4.6576324E-07,0.004271
4.6581324E-07,0.005581
4.6586324E-07,0.006891
4.6591324E-07,0.007983
4.6596324E-07,0.008856
4.6601324E-07,0.009511
4.6606324E-07,0.009948
4.6611324E-07,0.010057
4.6616324E-07,0.009948
4.6621324E-07,0.009621
4.6626324E-07,0.008965
4.6631324E-07,0.008092
4.6636324E-07,0.007110
4.6641324E-07,0.005909
4.6646324E-07,0.004599
4.6651324E-07,0.003289
4.6656324E-07,0.001979
4.6661324E-07,0.000669
4.6666324E-07,-0.000641
4.6671324E-07,-0.001842
4.6676324E-07,-0.002934
4.6681324E-07,-0.003916
4.6686324E-07,-0.004681
4.6691324E-07,-0.005445
4.6696324E-07,-0.006100
4.6701324E-07,-0.006755
4.6706324E-07,-0.007301
4.6711324E-07,-0.007737
4.6716324E-07,-0.008174
4.6721324E-07,-0.008720
4.6726324E-07,-0.009266
4.6731324E-07,-0.009812
4.6736324E-07,-0.010357
4.6741324E-07,-0.011012
4.6746324E-07,-0.011667
4.6751324E-07,-0.012322
4.6756324E-07,-0.013087
4.6761324E-07,-0.013632
4.6766324E-07,-0.014287
4.6771324E-07,-0.014724
4.6776324E-07,-0.015052
4.6781324E-07,-0.015161
4.6786324E-07,-0.015161
4.6791324E-07,-0.014942
4.6796324E-07,-0.014506
4.6801324E-07,-0.013851
4.6806324E-07,-0.012977
4.6811324E-07,-0.011995
4.6816324E-07,-0.010794
4.6821324E-07,-0.009484
4.6826324E-07,-0.008174
4.6831324E-07,-0.006755
4.6836324E-07,-0.005445
4.6841324E-07,-0.004244
4.6846324E-07,-0.003261
4.6851324E-07,-0.002388
4.6856324E-07,-0.001733
4.6861324E-07,-0.001296
4.6866324E-07,-0.001187
4.6871324E-07,-0.001406
4.6876324E-07,-0.001842
4.6881324E-07,-0.002606
4.6886324E-07,-0.003480
4.6891324E-07,-0.004571
4.6896324E-07,-0.005881
4.6901324E-07,-0.007191
4.6906324E-07,-0.008611
4.6911324E-07,-0.009921
4.6916324E-07,-0.011231
4.6921324E-07,-0.012432
4.6926324E-07,-0.013414
4.6931324E-07,-0.014287
4.6936324E-07,-0.014942
4.6941324E-07,-0.015379
4.6946324E-07,-0.015488
4.6951324E-07,-0.015597
4.6956324E-07,-0.015379
4.6961324E-07,-0.015052
4.6966324E-07,-0.014724
4.6971324E-07,-0.014287
4.6976324E-07,-0.013742
4.6981324E-07,-0.013305
4.6986324E-07,-0.012868
4.6991324E-07,-0.012541
4.6996324E-07,-0.012432
4.7001324E-07,-0.012322
4.7006324E-07,-0.012432
4.7011324E-07,-0.012650
4.7016324E-07,-0.013087
4.7021324E-07,-0.013523
4.7026324E-07,-0.014178
4.7031324E-07,-0.014833
4.7036324E-07,-0.015488
4.7041324E-07,-0.016253
4.7046324E-07,-0.016798
4.7051324E-07,-0.017344
4.7056324E-07,-0.017781
4.7061324E-07,-0.018108
4.7066324E-07,-0.018218
4.7071324E-07,-0.018108
4.7076324E-07,-0.017890
4.7081324E-07,-0.017453
4.7086324E-07,-0.016908
4.7091324E-07,-0.016143
4.7096324E-07,-0.015270
4.7101324E-07,-0.014287
4.7106324E-07,-0.013305
4.7111324E-07,-0.012322
4.7116324E-07,-0.011340
4.7121324E-07,-0.010357
4.7126324E-07,-0.009484
4.7131324E-07,-0.008720
4.7136324E-07,-0.008065
4.7141324E-07,-0.007519
4.7146324E-07,-0.007191
4.7151324E-07,-0.006864
4.7156324E-07,-0.006755
4.7161324E-07,-0.006646
4.7166324E-07,-0.006646
4.7171324E-07,-0.006755
4.7176324E-07,-0.006755
4.7181324E-07,-0.006755
4.7186324E-07,-0.006755
4.7191324E-07,-0.006536
4.7196324E-07,-0.006318
4.7201324E-07,-0.005991
4.7206324E-07,-0.005554
4.7211324E-07,-0.004899
4.7216324E-07,-0.004135
4.7221324E-07,-0.003371
4.7226324E-07,-0.002388
4.7231324E-07,-0.001406
4.7236324E-07,-0.000423
4.7241324E-07,0.000559
4.7246324E-07,0.001433
4.7251324E-07,0.002306
4.7256324E-07,0.003070
4.7261324E-07,0.003725
4.7266324E-07,0.004053
4.7271324E-07,0.004380
4.7276324E-07,0.004380
4.7281324E-07,0.004271
4.7286324E-07,0.003944
4.7291324E-07,0.003507
4.7296324E-07,0.002852
4.7301324E-07,0.002197
4.7306324E-07,0.001433
4.7311324E-07,0.000669
4.7316324E-07,-0.000096
4.7321324E-07,-0.000751
4.7326324E-07,-0.001406
4.7331324E-07,-0.001733
4.7336324E-07,-0.002061
4.7341324E-07,-0.002170
4.7346324E-07,-0.002061
4.7351324E-07,-0.001733
4.7356324E-07,-0.001296
4.7361324E-07,-0.000641
4.7366324E-07,0.000014
4.7371324E-07,0.000778
4.7376324E-07,0.001542
4.7381324E-07,0.002306
4.7386324E-07,0.003070
4.7391324E-07,0.003616
4.7396324E-07,0.003944
4.7401324E-07,0.004162
4.7406324E-07,0.004162
4.7411324E-07,0.003835
4.7416324E-07,0.003289
4.7421324E-07,0.002525
4.7426324E-07,0.001542
4.7431324E-07,0.000232
4.7436324E-07,-0.001078
4.7441324E-07,-0.002606
4.7446324E-07,-0.004244
4.7451324E-07,-0.005772
4.7456324E-07,-0.007410
4.7461324E-07,-0.008829
4.7466324E-07,-0.010248
4.7471324E-07,-0.011449
4.7476324E-07,-0.012432
4.7481324E-07,-0.013196
4.7486324E-07,-0.013851
4.7491324E-07,-0.014178
4.7496324E-07,-0.014397
4.7501324E-07,-0.014397
4.7506324E-07,-0.014178
4.7511324E-07,-0.013960
4.7516324E-07,-0.013632
4.7521324E-07,-0.013305
4.7526324E-07,-0.012977
4.7531324E-07,-0.012650
4.7536324E-07,-0.012541
4.7541324E-07,-0.012432
4.7546324E-07,-0.012541
4.7551324E-07,-0.012650
4.7556324E-07,-0.013087
4.7561324E-07,-0.013523
4.7566324E-07,-0.014069
4.7571324E-07,-0.014833
4.7576324E-07,-0.015488
4.7581324E-07,-0.016253
4.7586324E-07,-0.017017
4.7591324E-07,-0.017781
4.7596324E-07,-0.018436
4.7601324E-07,-0.018982
4.7606324E-07,-0.019418
4.7611324E-07,-0.019746
4.7616324E-07,-0.019964
4.7621324E-07,-0.020073
4.7626324E-07,-0.020073
4.7631324E-07,-0.020073
4.7636324E-07,-0.020073
4.7641324E-07,-0.019964
4.7646324E-07,-0.019964
4.7651324E-07,-0.020073
4.7656324E-07,-0.020292
4.7661324E-07,-0.020619
4.7666324E-07,-0.021165
4.7671324E-07,-0.021929
4.7676324E-07,-0.022803
4.7681324E-07,-0.023894
4.7686324E-07,-0.025095
4.7691324E-07,-0.026514
4.7696324E-07,-0.027934
4.7701324E-07,-0.029462
4.7706324E-07,-0.030990
4.7711324E-07,-0.032519
4.7716324E-07,-0.033829
4.7721324E-07,-0.035030
4.7726324E-07,-0.036012
4.7731324E-07,-0.036776
4.7736324E-07,-0.037213
4.7741324E-07,-0.037431
4.7746324E-07,-0.037213
4.7751324E-07,-0.036776
4.7756324E-07,-0.035903
4.7761324E-07,-0.034811
4.7766324E-07,-0.033392
4.7771324E-07,-0.031754
4.7776324E-07,-0.029899
4.7781324E-07,-0.027934
4.7786324E-07,-0.025859
4.7791324E-07,-0.023676
4.7796324E-07,-0.021602
4.7801324E-07,-0.019418
4.7806324E-07,-0.017344
4.7811324E-07,-0.015488
4.7816324E-07,-0.013632
4.7821324E-07,-0.011886
4.7826324E-07,-0.010357
4.7831324E-07,-0.008938
4.7836324E-07,-0.007628
4.7841324E-07,-0.006427
4.7846324E-07,-0.005336
4.7851324E-07,-0.004244
4.7856324E-07,-0.003261
4.7861324E-07,-0.002279
4.7866324E-07,-0.001296
4.7871324E-07,-0.000205
4.7876324E-07,0.000778
4.7881324E-07,0.001760
4.7886324E-07,0.002852
4.7891324E-07,0.003944
4.7896324E-07,0.005035
4.7901324E-07,0.006018
4.7906324E-07,0.007000
4.7911324E-07,0.007765
4.7916324E-07,0.008529
4.7921324E-07,0.009075
4.7926324E-07,0.009511
4.7931324E-07,0.009730
4.7936324E-07,0.009621
4.7941324E-07,0.009293
4.7946324E-07,0.008747
4.7951324E-07,0.007983
4.7956324E-07,0.007000
4.7961324E-07,0.005690
4.7966324E-07,0.004271
4.7971324E-07,0.002743
4.7976324E-07,0.001105
4.7981324E-07,-0.000532
4.7986324E-07,-0.002279
4.7991324E-07,-0.003916
4.7996324E-07,-0.005445
4.8001324E-07,-0.006864
4.8006324E-07,-0.008174
4.8011324E-07,-0.009266
4.8016324E-07,-0.010139
4.8021324E-07,-0.010903
4.8026324E-07,-0.011449
4.8031324E-07,-0.011886
4.8036324E-07,-0.012104
4.8041324E-07,-0.012322
4.8046324E-07,-0.012322
4.8051324E-07,-0.012432
4.8056324E-07,-0.012541
4.8061324E-07,-0.012759
4.8066324E-07,-0.012977
4.8071324E-07,-0.013414
4.8076324E-07,-0.014069
4.8081324E-07,-0.014833
4.8086324E-07,-0.015707
4.8091324E-07,-0.016798
4.8096324E-07,-0.018108
4.8101324E-07,-0.019418
4.8106324E-07,-0.020947
4.8111324E-07,-0.022366
4.8116324E-07,-0.023785
4.8121324E-07,-0.025204
4.8126324E-07,-0.026514
4.8131324E-07,-0.027497
4.8136324E-07,-0.028370
4.8141324E-07,-0.029025
4.8146324E-07,-0.029353
4.8151324E-07,-0.029353
4.8156324E-07,-0.029134
4.8161324E-07,-0.028589
4.8166324E-07,-0.027824
4.8171324E-07,-0.026842
4.8176324E-07,-0.025641
4.8181324E-07,-0.024331
4.8186324E-07,-0.023021
4.8191324E-07,-0.021602
4.8196324E-07,-0.020292
4.8201324E-07,-0.019091
4.8206324E-07,-0.017999
4.8211324E-07,-0.017126
4.8216324E-07,-0.016471
4.8221324E-07,-0.016034
4.8226324E-07,-0.015816
4.8231324E-07,-0.015925
4.8236324E-07,-0.016143
4.8241324E-07,-0.016689
4.8246324E-07,-0.017344
4.8251324E-07,-0.018108
4.8256324E-07,-0.018982
4.8261324E-07,-0.019855
4.8266324E-07,-0.020838
4.8271324E-07,-0.021711
4.8276324E-07,-0.022475
4.8281324E-07,-0.023130
4.8286324E-07,-0.023676
4.8291324E-07,-0.024113
4.8296324E-07,-0.024440
4.8301324E-07,-0.024549
4.8306324E-07,-0.024659
4.8311324E-07,-0.024659
4.8316324E-07,-0.024659
4.8321324E-07,-0.024549
4.8326324E-07,-0.024440
4.8331324E-07,-0.024440
4.8336324E-07,-0.024549
4.8341324E-07,-0.024659
4.8346324E-07,-0.024877
4.8351324E-07,-0.025204
4.8356324E-07,-0.025641
4.8361324E-07,-0.026078
4.8366324E-07,-0.026733
4.8371324E-07,-0.027279
4.8376324E-07,-0.027934
4.8381324E-07,-0.028479
4.8386324E-07,-0.029025
4.8391324E-07,-0.029462
4.8396324E-07,-0.029680
4.8401324E-07,-0.029789
4.8406324E-07,-0.029571
4.8411324E-07,-0.029244
4.8416324E-07,-0.028698
4.8421324E-07,-0.027824
4.8426324E-07,-0.026733
4.8431324E-07,-0.025423
4.8436324E-07,-0.023894
4.8441324E-07,-0.022257
4.8446324E-07,-0.020401
4.8451324E-07,-0.018545
4.8456324E-07,-0.016580
4.8461324E-07,-0.014724
4.8466324E-07,-0.012759
4.8471324E-07,-0.011012
4.8476324E-07,-0.009266
4.8481324E-07,-0.007628
4.8486324E-07,-0.006209
4.8491324E-07,-0.004790
4.8496324E-07,-0.003698
4.8501324E-07,-0.002606
4.8506324E-07,-0.001624
4.8511324E-07,-0.000751
4.8516324E-07,0.000014
4.8521324E-07,0.000778
4.8526324E-07,0.001542
4.8531324E-07,0.002306
4.8536324E-07,0.003180
4.8541324E-07,0.004053
4.8546324E-07,0.005035
4.8551324E-07,0.006018
4.8556324E-07,0.007110
4.8561324E-07,0.008310
4.8566324E-07,0.009511
4.8571324E-07,0.010712
4.8576324E-07,0.011913
4.8581324E-07,0.013005
4.8586324E-07,0.013878
4.8591324E-07,0.014751
4.8596324E-07,0.015297
4.8601324E-07,0.015734
4.8606324E-07,0.015843
4.8611324E-07,0.015625
4.8616324E-07,0.015188
4.8621324E-07,0.014424
4.8626324E-07,0.013332
4.8631324E-07,0.012022
4.8636324E-07,0.010494
4.8641324E-07,0.008747
4.8646324E-07,0.006891
4.8651324E-07,0.005035
4.8656324E-07,0.003180
4.8661324E-07,0.001324
4.8666324E-07,-0.000423
4.8671324E-07,-0.001951
4.8676324E-07,-0.003261
4.8681324E-07,-0.004244
4.8686324E-07,-0.004899
4.8691324E-07,-0.005226
4.8696324E-07,-0.005226
4.8701324E-07,-0.004899
4.8706324E-07,-0.004244
4.8711324E-07,-0.003261
4.8716324E-07,-0.001951
4.8721324E-07,-0.000532
4.8726324E-07,0.000996
4.8731324E-07,0.002634
4.8736324E-07,0.004271
4.8741324E-07,0.005909
4.8746324E-07,0.007437
4.8751324E-07,0.008856
4.8756324E-07,0.010057
4.8761324E-07,0.011040
4.8766324E-07,0.011804
4.8771324E-07,0.012350
4.8776324E-07,0.012677
4.8781324E-07,0.012896
4.8786324E-07,0.012896
4.8791324E-07,0.012786
4.8796324E-07,0.012568
4.8801324E-07,0.012350
4.8806324E-07,0.012131
4.8811324E-07,0.012022
4.8816324E-07,0.012131
4.8821324E-07,0.012241
4.8826324E-07,0.012568
4.8831324E-07,0.013114
4.8836324E-07,0.013769
4.8841324E-07,0.014642
4.8846324E-07,0.015734
4.8851324E-07,0.016935
4.8856324E-07,0.018136
4.8861324E-07,0.019337
4.8866324E-07,0.020647
4.8871324E-07,0.021738
4.8876324E-07,0.022830
4.8881324E-07,0.023703
4.8886324E-07,0.024249
4.8891324E-07,0.024686
4.8896324E-07,0.024686
4.8901324E-07,0.024467
4.8906324E-07,0.023922
4.8911324E-07,0.023157
4.8916324E-07,0.022066
4.8921324E-07,0.020647
4.8926324E-07,0.019118
4.8931324E-07,0.017371
4.8936324E-07,0.015516
4.8941324E-07,0.013660
4.8946324E-07,0.011695
4.8951324E-07,0.009730
4.8956324E-07,0.007765
4.8961324E-07,0.005909
4.8966324E-07,0.004053
4.8971324E-07,0.002415
4.8976324E-07,0.000778
4.8981324E-07,-0.000751
4.8986324E-07,-0.002279
4.8991324E-07,-0.003698
4.8996324E-07,-0.005117
4.9001324E-07,-0.006536
4.9006324E-07,-0.007956
4.9011324E-07,-0.009375
4.9016324E-07,-0.010903
4.9021324E-07,-0.012541
4.9026324E-07,-0.014178
4.9031324E-07,-0.015925
4.9036324E-07,-0.017672
4.9041324E-07,-0.019418
4.9046324E-07,-0.021165
4.9051324E-07,-0.022912
4.9056324E-07,-0.024549
4.9061324E-07,-0.025969
4.9066324E-07,-0.027388
4.9071324E-07,-0.028479
4.9076324E-07,-0.029244
4.9081324E-07,-0.029789
4.9086324E-07,-0.030117
4.9091324E-07,-0.030008
4.9096324E-07,-0.029571
4.9101324E-07,-0.028807
4.9106324E-07,-0.027715
4.9111324E-07,-0.026405
4.9116324E-07,-0.024659
4.9121324E-07,-0.022803
4.9126324E-07,-0.020728
4.9131324E-07,-0.018545
4.9136324E-07,-0.016143
4.9141324E-07,-0.013851
4.9146324E-07,-0.011340
4.9151324E-07,-0.008938
4.9156324E-07,-0.006536
4.9161324E-07,-0.004244
4.9166324E-07,-0.002061
4.9171324E-07,0.000123
4.9176324E-07,0.002197
4.9181324E-07,0.004271
4.9186324E-07,0.006236
4.9191324E-07,0.008201
4.9196324E-07,0.010166
4.9201324E-07,0.012131
4.9206324E-07,0.014206
4.9211324E-07,0.016280
4.9216324E-07,0.018354
4.9221324E-07,0.020647
4.9226324E-07,0.023048
4.9231324E-07,0.025559
4.9236324E-07,0.028070
4.9241324E-07,0.030799
4.9246324E-07,0.033638
4.9251324E-07,0.036476
4.9256324E-07,0.039424
4.9261324E-07,0.042371
4.9266324E-07,0.045428
4.9271324E-07,0.048485
4.9276324E-07,0.051541
4.9281324E-07,0.054598
4.9286324E-07,0.057655
4.9291324E-07,0.060821
4.9296324E-07,0.063987
4.9301324E-07,0.067152
4.9306324E-07,0.070537
4.9311324E-07,0.074030
4.9316324E-07,0.077851
4.9321324E-07,0.081781
4.9326324E-07,0.086148
4.9331324E-07,0.090842
4.9336324E-07,0.095973
4.9341324E-07,0.101541
4.9346324E-07,0.107654
4.9351324E-07,0.114313
4.9356324E-07,0.121519
4.9361324E-07,0.129270
4.9366324E-07,0.137676
4.9371324E-07,0.146518
4.9376324E-07,0.155907
4.9381324E-07,0.165841
4.9386324E-07,0.176103
4.9391324E-07,0.186801
4.9396324E-07,0.197828
4.9401324E-07,0.209181
4.9406324E-07,0.220644
4.9411324E-07,0.232216
4.9416324E-07,0.244006
4.9421324E-07,0.255796
4.9426324E-07,0.267586
4.9431324E-07,0.279486
4.9436324E-07,0.291276
4.9441324E-07,0.303066
4.9446324E-07,0.314857
4.9451324E-07,0.326647
4.9456324E-07,0.338546
4.9461324E-07,0.350446
4.9466324E-07,0.362454
4.9471324E-07,0.374681
4.9476324E-07,0.387126
4.9481324E-07,0.399790
4.9486324E-07,0.412672
4.9491324E-07,0.425881
4.9496324E-07,0.439309
4.9501324E-07,0.452955
4.9506324E-07,0.466929
4.9511324E-07,0.481230
4.9516324E-07,0.495640
4.9521324E-07,0.510269
4.9526324E-07,0.524897
4.9531324E-07,0.539744
4.9536324E-07,0.554482
4.9541324E-07,0.569220
4.9546324E-07,0.583848
4.9551324E-07,0.598259
4.9556324E-07,0.612560
4.9561324E-07,0.626752
4.9566324E-07,0.640616
4.9571324E-07,0.654262
4.9576324E-07,0.667690
4.9581324E-07,0.681009
4.9586324E-07,0.694109
4.9591324E-07,0.707100
4.9596324E-07,0.719982
4.9601324E-07,0.732864
4.9606324E-07,0.745637
4.9611324E-07,0.758519
4.9616324E-07,0.771291
4.9621324E-07,0.784282
4.9626324E-07,0.797164
4.9631324E-07,0.810155
4.9636324E-07,0.823147
4.9641324E-07,0.836138
4.9646324E-07,0.849020
4.9651324E-07,0.861683
4.9656324E-07,0.874128
4.9661324E-07,0.886246
4.9666324E-07,0.898036
4.9671324E-07,0.909281
4.9676324E-07,0.919979
4.9681324E-07,0.930023
4.9686324E-07,0.939411
4.9691324E-07,0.947926
4.9696324E-07,0.955787
4.9701324E-07,0.962773
4.9706324E-07,0.969105
4.9711324E-07,0.974564
4.9716324E-07,0.979258
4.9721324E-07,0.983297
4.9726324E-07,0.986681
4.9731324E-07,0.989411
4.9736324E-07,0.991812
4.9741324E-07,0.993668
4.9746324E-07,0.995197
4.9751324E-07,0.996507
4.9756324E-07,0.997489
4.9761324E-07,0.998253
4.9766324E-07,0.998908
4.9771324E-07,0.999454
4.9776324E-07,0.999782
4.9781324E-07,1.000000
4.9786324E-07,0.999891
4.9791324E-07,0.999672
4.9796324E-07,0.999236
4.9801324E-07,0.998472
4.9806324E-07,0.997271
4.9811324E-07,0.995742
4.9816324E-07,0.993777
4.9821324E-07,0.991376
4.9826324E-07,0.988428
4.9831324E-07,0.985044
4.9836324E-07,0.981223
4.9841324E-07,0.976856
4.9846324E-07,0.972162
4.9851324E-07,0.967031
4.9856324E-07,0.961573
4.9861324E-07,0.955896
4.9866324E-07,0.949892
4.9871324E-07,0.943887
4.9876324E-07,0.937665
4.9881324E-07,0.931551
4.9886324E-07,0.925438
4.9891324E-07,0.919324
4.9896324E-07,0.913320
4.9901324E-07,0.907534
4.9906324E-07,0.901748
4.9911324E-07,0.896180
4.9916324E-07,0.890722
4.9921324E-07,0.885264
4.9926324E-07,0.879805
4.9931324E-07,0.874456
4.9936324E-07,0.868997
4.9941324E-07,0.863539
4.9946324E-07,0.857862
4.9951324E-07,0.851967
4.9956324E-07,0.845963
4.9961324E-07,0.839740
4.9966324E-07,0.833299
4.9971324E-07,0.826640
4.9976324E-07,0.819762
4.9981324E-07,0.812775
4.9986324E-07,0.805570
4.9991324E-07,0.798365
4.9996324E-07,0.791051
5.0001324E-07,0.783846
5.0006324E-07,0.776641
5.0011324E-07,0.769654
5.0016324E-07,0.762776
5.0021324E-07,0.756117
5.0026324E-07,0.749785
5.0031324E-07,0.743781
5.0036324E-07,0.738104
5.0041324E-07,0.732646
5.0046324E-07,0.727624
5.0051324E-07,0.722820
5.0056324E-07,0.718344
5.0061324E-07,0.714087
5.0066324E-07,0.710048
5.0071324E-07,0.706118
5.0076324E-07,0.702187
5.0081324E-07,0.698367
5.0086324E-07,0.694436
5.0091324E-07,0.690397
5.0096324E-07,0.686249
5.0101324E-07,0.681991
5.0106324E-07,0.677515
5.0111324E-07,0.672821
5.0116324E-07,0.668018
5.0121324E-07,0.662996
5.0126324E-07,0.657756
5.0131324E-07,0.652406
5.0136324E-07,0.647057
5.0141324E-07,0.641599
5.0146324E-07,0.636140
5.0151324E-07,0.630791
5.0156324E-07,0.625442
5.0161324E-07,0.620311
5.0166324E-07,0.615289
5.0171324E-07,0.610486
5.0176324E-07,0.605791
5.0181324E-07,0.601425
5.0186324E-07,0.597167
5.0191324E-07,0.593019
5.0196324E-07,0.589089
5.0201324E-07,0.585268
5.0206324E-07,0.581338
5.0211324E-07,0.577517
5.0216324E-07,0.573696
5.0221324E-07,0.569657
5.0226324E-07,0.565617
5.0231324E-07,0.561251
5.0236324E-07,0.556775
5.0241324E-07,0.552190
5.0246324E-07,0.547277
5.0251324E-07,0.542146
5.0256324E-07,0.536906
5.0261324E-07,0.531557
5.0266324E-07,0.525989
5.0271324E-07,0.520421
5.0276324E-07,0.514854
5.0281324E-07,0.509395
5.0286324E-07,0.503937
5.0291324E-07,0.498697
5.0296324E-07,0.493566
5.0301324E-07,0.488762
5.0306324E-07,0.484068
5.0311324E-07,0.479592
5.0316324E-07,0.475335
5.0321324E-07,0.471295
5.0326324E-07,0.467475
5.0331324E-07,0.463654
5.0336324E-07,0.459942
5.0341324E-07,0.456339
5.0346324E-07,0.452628
5.0351324E-07,0.448807
5.0356324E-07,0.444877
5.0361324E-07,0.440728
5.0366324E-07,0.436471
5.0371324E-07,0.431995
5.0376324E-07,0.427300
5.0381324E-07,0.422497
5.0386324E-07,0.417475
5.0391324E-07,0.412344
5.0396324E-07,0.407213
5.0401324E-07,0.402192
5.0406324E-07,0.397170
5.0411324E-07,0.392366
5.0416324E-07,0.387781
5.0421324E-07,0.383524
5.0426324E-07,0.379594
5.0431324E-07,0.376100
5.0436324E-07,0.373043
5.0441324E-07,0.370423
5.0446324E-07,0.368240
5.0451324E-07,0.366493
5.0456324E-07,0.365074
5.0461324E-07,0.363982
5.0466324E-07,0.363218
5.0471324E-07,0.362563
5.0476324E-07,0.362017
5.0481324E-07,0.361581
5.0486324E-07,0.361035
5.0491324E-07,0.360380
5.0496324E-07,0.359507
5.0501324E-07,0.358415
5.0506324E-07,0.356996
5.0511324E-07,0.355467
5.0516324E-07,0.353502
5.0521324E-07,0.351428
5.0526324E-07,0.349136
5.0531324E-07,0.346625
5.0536324E-07,0.344005
5.0541324E-07,0.341275
5.0546324E-07,0.338655
5.0551324E-07,0.336144
5.0556324E-07,0.333852
5.0561324E-07,0.331778
5.0566324E-07,0.329922
5.0571324E-07,0.328393
5.0576324E-07,0.327193
5.0581324E-07,0.326428
5.0586324E-07,0.325992
5.0591324E-07,0.325883
5.0596324E-07,0.326101
5.0601324E-07,0.326538
5.0606324E-07,0.327193
5.0611324E-07,0.328066
5.0616324E-07,0.329048
5.0621324E-07,0.330031
5.0626324E-07,0.331013
5.0631324E-07,0.331996
5.0636324E-07,0.332869
5.0641324E-07,0.333634
5.0646324E-07,0.334289
5.0651324E-07,0.334834
5.0656324E-07,0.335271
5.0661324E-07,0.335599
5.0666324E-07,0.335926
5.0671324E-07,0.336144
5.0676324E-07,0.336363
5.0681324E-07,0.336581
5.0686324E-07,0.336799
5.0691324E-07,0.337127
5.0696324E-07,0.337454
5.0701324E-07,0.338000
5.0706324E-07,0.338546
5.0711324E-07,0.339092
5.0716324E-07,0.339856
5.0721324E-07,0.340511
5.0726324E-07,0.341166
5.0731324E-07,0.341712
5.0736324E-07,0.342258
5.0741324E-07,0.342585
5.0746324E-07,0.342695
5.0751324E-07,0.342476
5.0756324E-07,0.342040
5.0761324E-07,0.341275
5.0766324E-07,0.340184
5.0771324E-07,0.338874
5.0776324E-07,0.337127
5.0781324E-07,0.335053
5.0786324E-07,0.332760
5.0791324E-07,0.330140
5.0796324E-07,0.327411
5.0801324E-07,0.324573
5.0806324E-07,0.321734
5.0811324E-07,0.318787
5.0816324E-07,0.315948
5.0821324E-07,0.313328
5.0826324E-07,0.310817
5.0831324E-07,0.308416
5.0836324E-07,0.306451
5.0841324E-07,0.304595
5.0846324E-07,0.303175
5.0851324E-07,0.301975
5.0856324E-07,0.300992
5.0861324E-07,0.300228
5.0866324E-07,0.299682
5.0871324E-07,0.299245
5.0876324E-07,0.298918
5.0881324E-07,0.298481
5.0886324E-07,0.298154
5.0891324E-07,0.297717
5.0896324E-07,0.297062
5.0901324E-07,0.296298
5.0906324E-07,0.295315
5.0911324E-07,0.294005
5.0916324E-07,0.292477
5.0921324E-07,0.290621
5.0926324E-07,0.288547
5.0931324E-07,0.286254
5.0936324E-07,0.283853
5.0941324E-07,0.281123
5.0946324E-07,0.278394
5.0951324E-07,0.275556
5.0956324E-07,0.272608
5.0961324E-07,0.269770
5.0966324E-07,0.266931
5.0971324E-07,0.264311
5.0976324E-07,0.261691
5.0981324E-07,0.259290
5.0986324E-07,0.256997
5.0991324E-07,0.254923
5.0996324E-07,0.252849
5.1001324E-07,0.250993
5.1006324E-07,0.249246
5.1011324E-07,0.247499
5.1016324E-07,0.245643
5.1021324E-07,0.243897
5.1026324E-07,0.242041
5.1031324E-07,0.240076
5.1036324E-07,0.237892
5.1041324E-07,0.235600
5.1046324E-07,0.233089
5.1051324E-07,0.230360
5.1056324E-07,0.227521
5.1061324E-07,0.224465
5.1066324E-07,0.221299
5.1071324E-07,0.218133
5.1076324E-07,0.214749
5.1081324E-07,0.211474
5.1086324E-07,0.208308
5.1091324E-07,0.205142
5.1096324E-07,0.202194
5.1101324E-07,0.199356
5.1106324E-07,0.196845
5.1111324E-07,0.194552
5.1116324E-07,0.192587
5.1121324E-07,0.190841
5.1126324E-07,0.189312
5.1131324E-07,0.188002
5.1136324E-07,0.186911
5.1141324E-07,0.186037
5.1146324E-07,0.185164
5.1151324E-07,0.184400
5.1156324E-07,0.183636
5.1161324E-07,0.182762
5.1166324E-07,0.181780
5.1171324E-07,0.180688
5.1176324E-07,0.179378
5.1181324E-07,0.177850
5.1186324E-07,0.176212
5.1191324E-07,0.174356
5.1196324E-07,0.172391
5.1201324E-07,0.170208
5.1206324E-07,0.167915
5.1211324E-07,0.165623
5.1216324E-07,0.163330
5.1221324E-07,0.161147
5.1226324E-07,0.158963
5.1231324E-07,0.156998
5.1236324E-07,0.155252
5.1241324E-07,0.153614
5.1246324E-07,0.152304
5.1251324E-07,0.151103
5.1256324E-07,0.150230
5.1261324E-07,0.149575
5.1266324E-07,0.149029
5.1271324E-07,0.148592
5.1276324E-07,0.148374
5.1281324E-07,0.148047
5.1286324E-07,0.147828
5.1291324E-07,0.147501
5.1296324E-07,0.147064
5.1301324E-07,0.146518
5.1306324E-07,0.145754
5.1311324E-07,0.144771
5.1316324E-07,0.143680
5.1321324E-07,0.142479
5.1326324E-07,0.141060
5.1331324E-07,0.139422
5.1336324E-07,0.137785
5.1341324E-07,0.136147
5.1346324E-07,0.134400
5.1351324E-07,0.132763
5.1356324E-07,0.131235
5.1361324E-07,0.129815
5.1366324E-07,0.128724
5.1371324E-07,0.127741
5.1376324E-07,0.126977
5.1381324E-07,0.126540
5.1386324E-07,0.126322
5.1391324E-07,0.126322
5.1396324E-07,0.126540
5.1401324E-07,0.126868
5.1406324E-07,0.127414
5.1411324E-07,0.127959
5.1416324E-07,0.128615
5.1421324E-07,0.129270
5.1426324E-07,0.129815
5.1431324E-07,0.130252
5.1436324E-07,0.130580
5.1441324E-07,0.130798
5.1446324E-07,0.130798
5.1451324E-07,0.130689
5.1456324E-07,0.130361
5.1461324E-07,0.129925
5.1466324E-07,0.129379
5.1471324E-07,0.128833
5.1476324E-07,0.128178
5.1481324E-07,0.127632
5.1486324E-07,0.127086
5.1491324E-07,0.126649
5.1496324E-07,0.126431
5.1501324E-07,0.126322
5.1506324E-07,0.126431
5.1511324E-07,0.126759
5.1516324E-07,0.127304
5.1521324E-07,0.128178
5.1526324E-07,0.129160
5.1531324E-07,0.130252
5.1536324E-07,0.131562
5.1541324E-07,0.132981
5.1546324E-07,0.134400
5.1551324E-07,0.135710
5.1556324E-07,0.137021
5.1561324E-07,0.138221
5.1566324E-07,0.139204
5.1571324E-07,0.139968
5.1576324E-07,0.140514
5.1581324E-07,0.140841
5.1586324E-07,0.140841
5.1591324E-07,0.140623
5.1596324E-07,0.140077
5.1601324E-07,0.139422
5.1606324E-07,0.138440
5.1611324E-07,0.137348
5.1616324E-07,0.136256
5.1621324E-07,0.135055
5.1626324E-07,0.133855
5.1631324E-07,0.132654
5.1636324E-07,0.131671
5.1641324E-07,0.130798
5.1646324E-07,0.130143
5.1651324E-07,0.129706
5.1656324E-07,0.129488
5.1661324E-07,0.129488
5.1666324E-07,0.129706
5.1671324E-07,0.130252
5.1676324E-07,0.130907
5.1681324E-07,0.131671
5.1686324E-07,0.132654
5.1691324E-07,0.133745
5.1696324E-07,0.134837
5.1701324E-07,0.135929
5.1706324E-07,0.137021
5.1711324E-07,0.138003
5.1716324E-07,0.138986
5.1721324E-07,0.139859
5.1726324E-07,0.140623
5.1731324E-07,0.141278
5.1736324E-07,0.141933
5.1741324E-07,0.142479
5.1746324E-07,0.143025
5.1751324E-07,0.143571
5.1756324E-07,0.144226
5.1761324E-07,0.144881
5.1766324E-07,0.145754
5.1771324E-07,0.146737
5.1776324E-07,0.147937
5.1781324E-07,0.149357
5.1786324E-07,0.150885
5.1791324E-07,0.152632
5.1796324E-07,0.154488
5.1801324E-07,0.156453
5.1806324E-07,0.158527
5.1811324E-07,0.160710
5.1816324E-07,0.162784
5.1821324E-07,0.164749
5.1826324E-07,0.166605
5.1831324E-07,0.168243
5.1836324E-07,0.169662
5.1841324E-07,0.170754
5.1846324E-07,0.171518
5.1851324E-07,0.171845
5.1856324E-07,0.171955
5.1861324E-07,0.171627
5.1866324E-07,0.171081
5.1871324E-07,0.170099
5.1876324E-07,0.169007
5.1881324E-07,0.167697
5.1886324E-07,0.166387
5.1891324E-07,0.164968
5.1896324E-07,0.163549
5.1901324E-07,0.162239
5.1906324E-07,0.161038
5.1911324E-07,0.160164
5.1916324E-07,0.159400
5.1921324E-07,0.158854
5.1926324E-07,0.158636
5.1931324E-07,0.158636
5.1936324E-07,0.158745
5.1941324E-07,0.159073
5.1946324E-07,0.159509
5.1951324E-07,0.159946
5.1956324E-07,0.160383
5.1961324E-07,0.160601
5.1966324E-07,0.160819
5.1971324E-07,0.160710
5.1976324E-07,0.160273
5.1981324E-07,0.159618
5.1986324E-07,0.158636
5.1991324E-07,0.157217
5.1996324E-07,0.155579
5.2001324E-07,0.153505
5.2006324E-07,0.151212
5.2011324E-07,0.148702
5.2016324E-07,0.146082
5.2021324E-07,0.143352
5.2026324E-07,0.140514
5.2031324E-07,0.137894
5.2036324E-07,0.135274
5.2041324E-07,0.132981
5.2046324E-07,0.130798
5.2051324E-07,0.128942
5.2056324E-07,0.127414
5.2061324E-07,0.126213
5.2066324E-07,0.125339
5.2071324E-07,0.124684
5.2076324E-07,0.124357
5.2081324E-07,0.124139
5.2086324E-07,0.124139
5.2091324E-07,0.124139
5.2096324E-07,0.124248
5.2101324E-07,0.124357
5.2106324E-07,0.124357
5.2111324E-07,0.124139
5.2116324E-07,0.123811
5.2121324E-07,0.123265
5.2126324E-07,0.122392
5.2131324E-07,0.121409
5.2136324E-07,0.120209
5.2141324E-07,0.118789
5.2146324E-07,0.117261
5.2151324E-07,0.115514
5.2156324E-07,0.113768
5.2161324E-07,0.112021
5.2166324E-07,0.110274
5.2171324E-07,0.108637
5.2176324E-07,0.107108
5.2181324E-07,0.105798
5.2186324E-07,0.104597
5.2191324E-07,0.103724
5.2196324E-07,0.102960
5.2201324E-07,0.102414
5.2206324E-07,0.102086
5.2211324E-07,0.101868
5.2216324E-07,0.101759
5.2221324E-07,0.101759
5.2226324E-07,0.101759
5.2231324E-07,0.101759
5.2236324E-07,0.101650
5.2241324E-07,0.101322
5.2246324E-07,0.100995
5.2251324E-07,0.100340
5.2256324E-07,0.099466
5.2261324E-07,0.098375
5.2266324E-07,0.097065
5.2271324E-07,0.095536
5.2276324E-07,0.093790
5.2281324E-07,0.091825
5.2286324E-07,0.089750
5.2291324E-07,0.087458
5.2296324E-07,0.085274
5.2301324E-07,0.082982
5.2306324E-07,0.080689
5.2311324E-07,0.078506
5.2316324E-07,0.076541
5.2321324E-07,0.074576
5.2326324E-07,0.072829
5.2331324E-07,0.071192
5.2336324E-07,0.069773
5.2341324E-07,0.068572
5.2346324E-07,0.067371
5.2351324E-07,0.066388
5.2356324E-07,0.065515
5.2361324E-07,0.064751
5.2366324E-07,0.063877
5.2371324E-07,0.063113
5.2376324E-07,0.062240
5.2381324E-07,0.061367
5.2386324E-07,0.060275
5.2391324E-07,0.059183
5.2396324E-07,0.057982
5.2401324E-07,0.056672
5.2406324E-07,0.055253
5.2411324E-07,0.053834
5.2416324E-07,0.052415
5.2421324E-07,0.050886
5.2426324E-07,0.049576
5.2431324E-07,0.048266
5.2436324E-07,0.047175
5.2441324E-07,0.046301
5.2446324E-07,0.045646
5.2451324E-07,0.045319
5.2456324E-07,0.045319
5.2461324E-07,0.045537
5.2466324E-07,0.046192
5.2471324E-07,0.047065
5.2476324E-07,0.048375
5.2481324E-07,0.049795
5.2486324E-07,0.051541
5.2491324E-07,0.053506
5.2496324E-07,0.055471
5.2501324E-07,0.057546
5.2506324E-07,0.059729
5.2511324E-07,0.061694
5.2516324E-07,0.063659
5.2521324E-07,0.065406
5.2526324E-07,0.066934
5.2531324E-07,0.068244
5.2536324E-07,0.069336
5.2541324E-07,0.070100
5.2546324E-07,0.070755
5.2551324E-07,0.071083
5.2556324E-07,0.071192
5.2561324E-07,0.071083
5.2566324E-07,0.070973
5.2571324E-07,0.070646
5.2576324E-07,0.070318
5.2581324E-07,0.069991
5.2586324E-07,0.069663
5.2591324E-07,0.069445
5.2596324E-07,0.069227
5.2601324E-07,0.069008
5.2606324E-07,0.068899
5.2611324E-07,0.068899
5.2616324E-07,0.069008
5.2621324E-07,0.069008
5.2626324E-07,0.069008
5.2631324E-07,0.069008
5.2636324E-07,0.068899
5.2641324E-07,0.068572
5.2646324E-07,0.068135
5.2651324E-07,0.067589
5.2656324E-07,0.066716
5.2661324E-07,0.065733
5.2666324E-07,0.064423
5.2671324E-07,0.063004
5.2676324E-07,0.061257
5.2681324E-07,0.059511
5.2686324E-07,0.057546
5.2691324E-07,0.055581
5.2696324E-07,0.053616
5.2701324E-07,0.051650
5.2706324E-07,0.049795
5.2711324E-07,0.048048
5.2716324E-07,0.046520
5.2721324E-07,0.045210
5.2726324E-07,0.044118
5.2731324E-07,0.043244
5.2736324E-07,0.042699
5.2741324E-07,0.042480
5.2746324E-07,0.042371
5.2751324E-07,0.042589
5.2756324E-07,0.042917
5.2761324E-07,0.043354
5.2766324E-07,0.043900
5.2771324E-07,0.044555
5.2776324E-07,0.045210
5.2781324E-07,0.045865
5.2786324E-07,0.046410
5.2791324E-07,0.046847
5.2796324E-07,0.047284
5.2801324E-07,0.047611
5.2806324E-07,0.047830
5.2811324E-07,0.048048
5.2816324E-07,0.048157
5.2821324E-07,0.048266
5.2826324E-07,0.048375
5.2831324E-07,0.048594
5.2836324E-07,0.048812
5.2841324E-07,0.049249
5.2846324E-07,0.049904
5.2851324E-07,0.050668
5.2856324E-07,0.051650
5.2861324E-07,0.052851
5.2866324E-07,0.054161
5.2871324E-07,0.055799
5.2876324E-07,0.057546
5.2881324E-07,0.059401
5.2886324E-07,0.061367
5.2891324E-07,0.063441
5.2896324E-07,0.065515
5.2901324E-07,0.067480
5.2906324E-07,0.069445
5.2911324E-07,0.071192
5.2916324E-07,0.072720
5.2921324E-07,0.074139
5.2926324E-07,0.075340
5.2931324E-07,0.076213
5.2936324E-07,0.076868
5.2941324E-07,0.077414
5.2946324E-07,0.077633
5.2951324E-07,0.077742
5.2956324E-07,0.077633
5.2961324E-07,0.077414
5.2966324E-07,0.077196
5.2971324E-07,0.076978
5.2976324E-07,0.076759
5.2981324E-07,0.076650
5.2986324E-07,0.076541
5.2991324E-07,0.076650
5.2996324E-07,0.076759
5.3001324E-07,0.077087
5.3006324E-07,0.077524
5.3011324E-07,0.078069
5.3016324E-07,0.078724
5.3021324E-07,0.079379
5.3026324E-07,0.080034
5.3031324E-07,0.080689
5.3036324E-07,0.081235
5.3041324E-07,0.081672
5.3046324E-07,0.081999
5.3051324E-07,0.081999
5.3056324E-07,0.081890
5.3061324E-07,0.081454
5.3066324E-07,0.080799
5.3071324E-07,0.079816
5.3076324E-07,0.078615
5.3081324E-07,0.077305
5.3086324E-07,0.075668
5.3091324E-07,0.074030
5.3096324E-07,0.072174
5.3101324E-07,0.070428
5.3106324E-07,0.068681
5.3111324E-07,0.066934
5.3116324E-07,0.065406
5.3121324E-07,0.064096
5.3126324E-07,0.063004
5.3131324E-07,0.062131
5.3136324E-07,0.061585
5.3141324E-07,0.061257
5.3146324E-07,0.061257
5.3151324E-07,0.061476
5.3156324E-07,0.062022
5.3161324E-07,0.062677
5.3166324E-07,0.063441
5.3171324E-07,0.064423
5.3176324E-07,0.065406
5.3181324E-07,0.066279
5.3186324E-07,0.067152
5.3191324E-07,0.068026
5.3196324E-07,0.068572
5.3201324E-07,0.069008
5.3206324E-07,0.069227
5.3211324E-07,0.069227
5.3216324E-07,0.069008
5.3221324E-07,0.068572
5.3226324E-07,0.068026
5.3231324E-07,0.067262
5.3236324E-07,0.066388
5.3241324E-07,0.065406
5.3246324E-07,0.064423
5.3251324E-07,0.063441
5.3256324E-07,0.062458
5.3261324E-07,0.061585
5.3266324E-07,0.060930
5.3271324E-07,0.060275
5.3276324E-07,0.059729
5.3281324E-07,0.059401
5.3286324E-07,0.059074
5.3291324E-07,0.058965
5.3296324E-07,0.058856
5.3301324E-07,0.058746
5.3306324E-07,0.058637
5.3311324E-07,0.058528
5.3316324E-07,0.058201
5.3321324E-07,0.057873
5.3326324E-07,0.057327
5.3331324E-07,0.056563
5.3336324E-07,0.055581
5.3341324E-07,0.054489
5.3346324E-07,0.053070
5.3351324E-07,0.051432
5.3356324E-07,0.049685
5.3361324E-07,0.047830
5.3366324E-07,0.045755
5.3371324E-07,0.043681
5.3376324E-07,0.041607
5.3381324E-07,0.039533
5.3386324E-07,0.037459
5.3391324E-07,0.035603
5.3396324E-07,0.033856
5.3401324E-07,0.032218
5.3406324E-07,0.030908
5.3411324E-07,0.029598
5.3416324E-07,0.028616
5.3421324E-07,0.027633
5.3426324E-07,0.026978
5.3431324E-07,0.026323
5.3436324E-07,0.025668
5.3441324E-07,0.025122
5.3446324E-07,0.024577
5.3451324E-07,0.023922
5.3456324E-07,0.023267
5.3461324E-07,0.022502
5.3466324E-07,0.021520
5.3471324E-07,0.020537
5.3476324E-07,0.019337
5.3481324E-07,0.018027
5.3486324E-07,0.016607
5.3491324E-07,0.015188
5.3496324E-07,0.013769
5.3501324E-07,0.012350
5.3506324E-07,0.010931
5.3511324E-07,0.009621
5.3516324E-07,0.008529
5.3521324E-07,0.007546
5.3526324E-07,0.006891
5.3531324E-07,0.006345
5.3536324E-07,0.006127
5.3541324E-07,0.006236
5.3546324E-07,0.006564
5.3551324E-07,0.007110
5.3556324E-07,0.007874
5.3561324E-07,0.008856
5.3566324E-07,0.010057
5.3571324E-07,0.011258
5.3576324E-07,0.012568
5.3581324E-07,0.013987
5.3586324E-07,0.015297
5.3591324E-07,0.016607
5.3596324E-07,0.017808
5.3601324E-07,0.019009
5.3606324E-07,0.020101
5.3611324E-07,0.020974
5.3616324E-07,0.021847
5.3621324E-07,0.022612
5.3626324E-07,0.023267
5.3631324E-07,0.023922
5.3636324E-07,0.024577
5.3641324E-07,0.025232
5.3646324E-07,0.025887
5.3651324E-07,0.026651
5.3656324E-07,0.027524
5.3661324E-07,0.028507
5.3666324E-07,0.029598
5.3671324E-07,0.030799
5.3676324E-07,0.032109
5.3681324E-07,0.033419
5.3686324E-07,0.034838
5.3691324E-07,0.036258
5.3696324E-07,0.037786
5.3701324E-07,0.039096
5.3706324E-07,0.040406
5.3711324E-07,0.041716
5.3716324E-07,0.042699
5.3721324E-07,0.043572
5.3726324E-07,0.044336
5.3731324E-07,0.044773
5.3736324E-07,0.044991
5.3741324E-07,0.045100
5.3746324E-07,0.044991
5.3751324E-07,0.044664
5.3756324E-07,0.044227
5.3761324E-07,0.043572
5.3766324E-07,0.043026
5.3771324E-07,0.042371
5.3776324E-07,0.041825
5.3781324E-07,0.041279
5.3786324E-07,0.040843
5.3791324E-07,0.040624
5.3796324E-07,0.040624
5.3801324E-07,0.040734
5.3806324E-07,0.041170
5.3811324E-07,0.041716
5.3816324E-07,0.042589
5.3821324E-07,0.043681
5.3826324E-07,0.044882
5.3831324E-07,0.046192
5.3836324E-07,0.047720
5.3841324E-07,0.049249
5.3846324E-07,0.050777
5.3851324E-07,0.052306
5.3856324E-07,0.053725
5.3861324E-07,0.055035
5.3866324E-07,0.056236
5.3871324E-07,0.057218
5.3876324E-07,0.057982
5.3881324E-07,0.058528
5.3886324E-07,0.058856
5.3891324E-07,0.058965
5.3896324E-07,0.058965
5.3901324E-07,0.058746
5.3906324E-07,0.058310
5.3911324E-07,0.057873
5.3916324E-07,0.057327
5.3921324E-07,0.056781
5.3926324E-07,0.056236
5.3931324E-07,0.055690
5.3936324E-07,0.055362
5.3941324E-07,0.055035
5.3946324E-07,0.054816
5.3951324E-07,0.054707
5.3956324E-07,0.054816
5.3961324E-07,0.054926
5.3966324E-07,0.055253
5.3971324E-07,0.055581
5.3976324E-07,0.055908
5.3981324E-07,0.056236
5.3986324E-07,0.056563
5.3991324E-07,0.056781
5.3996324E-07,0.056891
5.4001324E-07,0.056891
5.4006324E-07,0.056781
5.4011324E-07,0.056454
5.4016324E-07,0.055908
5.4021324E-07,0.055253
5.4026324E-07,0.054380
5.4031324E-07,0.053506
5.4036324E-07,0.052415
5.4041324E-07,0.051323
5.4046324E-07,0.050122
5.4051324E-07,0.049030
5.4056324E-07,0.047939
5.4061324E-07,0.046956
5.4066324E-07,0.046083
5.4071324E-07,0.045428
5.4076324E-07,0.044882
5.4081324E-07,0.044555
5.4086324E-07,0.044445
5.4091324E-07,0.044445
5.4096324E-07,0.044555
5.4101324E-07,0.044882
5.4106324E-07,0.045210
5.4111324E-07,0.045646
5.4116324E-07,0.046083
5.4121324E-07,0.046520
5.4126324E-07,0.046847
5.4131324E-07,0.047065
5.4136324E-07,0.047175
5.4141324E-07,0.047065
5.4146324E-07,0.046738
5.4151324E-07,0.046301
5.4156324E-07,0.045646
5.4161324E-07,0.044773
5.4166324E-07,0.043681
5.4171324E-07,0.042480
5.4176324E-07,0.041170
5.4181324E-07,0.039751
5.4186324E-07,0.038223
5.4191324E-07,0.036694
5.4196324E-07,0.035275
5.4201324E-07,0.033747
5.4206324E-07,0.032328
5.4211324E-07,0.030908
5.4216324E-07,0.029708
5.4221324E-07,0.028507
5.4226324E-07,0.027415
5.4231324E-07,0.026323
5.4236324E-07,0.025450
5.4241324E-07,0.024467
5.4246324E-07,0.023594
5.4251324E-07,0.022721
5.4256324E-07,0.021847
5.4261324E-07,0.020974
5.4266324E-07,0.020101
5.4271324E-07,0.019227
5.4276324E-07,0.018245
5.4281324E-07,0.017262
5.4286324E-07,0.016280
5.4291324E-07,0.015297
5.4296324E-07,0.014315
5.4301324E-07,0.013441
5.4306324E-07,0.012677
5.4311324E-07,0.012022
5.4316324E-07,0.011586
5.4321324E-07,0.011258
5.4326324E-07,0.011258
5.4331324E-07,0.011367
5.4336324E-07,0.011804
5.4341324E-07,0.012459
5.4346324E-07,0.013332
5.4351324E-07,0.014424
5.4356324E-07,0.015843
5.4361324E-07,0.017262
5.4366324E-07,0.018900
5.4371324E-07,0.020647
5.4376324E-07,0.022393
5.4381324E-07,0.024140
5.4386324E-07,0.025777
5.4391324E-07,0.027415
5.4396324E-07,0.028834
5.4401324E-07,0.030144
5.4406324E-07,0.031127
5.4411324E-07,0.032000
5.4416324E-07,0.032655
5.4421324E-07,0.032983
5.4426324E-07,0.033092
5.4431324E-07,0.033092
5.4436324E-07,0.032873
5.4441324E-07,0.032437
5.4446324E-07,0.032000
5.4451324E-07,0.031345
5.4456324E-07,0.030799
5.4461324E-07,0.030144
5.4466324E-07,0.029598
5.4471324E-07,0.028943
5.4476324E-07,0.028507
5.4481324E-07,0.028070
5.4486324E-07,0.027852
5.4491324E-07,0.027633
5.4496324E-07,0.027524
5.4501324E-07,0.027415
5.4506324E-07,0.027415
5.4511324E-07,0.027415
5.4516324E-07,0.027415
5.4521324E-07,0.027306
5.4526324E-07,0.027197
5.4531324E-07,0.027088
5.4536324E-07,0.026760
5.4541324E-07,0.026432
5.4546324E-07,0.025887
5.4551324E-07,0.025341
5.4556324E-07,0.024686
5.4561324E-07,0.023922
5.4566324E-07,0.023048
5.4571324E-07,0.022284
5.4576324E-07,0.021411
5.4581324E-07,0.020756
5.4586324E-07,0.020101
5.4591324E-07,0.019555
5.4596324E-07,0.019227
5.4601324E-07,0.019118
5.4606324E-07,0.019227
5.4611324E-07,0.019555
5.4616324E-07,0.020101
5.4621324E-07,0.020865
5.4626324E-07,0.021847
5.4631324E-07,0.022939
5.4636324E-07,0.024249
5.4641324E-07,0.025668
5.4646324E-07,0.027197
5.4651324E-07,0.028725
5.4656324E-07,0.030144
5.4661324E-07,0.031454
5.4666324E-07,0.032764
5.4671324E-07,0.033856
5.4676324E-07,0.034729
5.4681324E-07,0.035494
5.4686324E-07,0.035930
5.4691324E-07,0.036258
5.4696324E-07,0.036476
5.4701324E-07,0.036367
5.4706324E-07,0.036258
5.4711324E-07,0.036039
5.4716324E-07,0.035712
5.4721324E-07,0.035384
5.4726324E-07,0.035166
5.4731324E-07,0.034948
5.4736324E-07,0.034948
5.4741324E-07,0.034948
5.4746324E-07,0.035166
5.4751324E-07,0.035603
5.4756324E-07,0.036149
5.4761324E-07,0.036804
5.4766324E-07,0.037568
5.4771324E-07,0.038441
5.4776324E-07,0.039424
5.4781324E-07,0.040297
5.4786324E-07,0.041170
5.4791324E-07,0.042044
5.4796324E-07,0.042699
5.4801324E-07,0.043135
5.4806324E-07,0.043463
5.4811324E-07,0.043572
5.4816324E-07,0.043354
5.4821324E-07,0.043026
5.4826324E-07,0.042371
5.4831324E-07,0.041607
5.4836324E-07,0.040624
5.4841324E-07,0.039642
5.4846324E-07,0.038441
5.4851324E-07,0.037240
5.4856324E-07,0.036149
5.4861324E-07,0.035057
5.4866324E-07,0.034074
5.4871324E-07,0.033310
5.4876324E-07,0.032655
5.4881324E-07,0.032328
5.4886324E-07,0.032218
5.4891324E-07,0.032218
5.4896324E-07,0.032546
5.4901324E-07,0.033092
5.4906324E-07,0.033747
5.4911324E-07,0.034511
5.4916324E-07,0.035384
5.4921324E-07,0.036258
5.4926324E-07,0.037131
5.4931324E-07,0.037895
5.4936324E-07,0.038550
5.4941324E-07,0.038987
5.4946324E-07,0.039205
5.4951324E-07,0.039205
5.4956324E-07,0.038987
5.4961324E-07,0.038441
5.4966324E-07,0.037677
5.4971324E-07,0.036585
5.4976324E-07,0.035384
5.4981324E-07,0.033856
5.4986324E-07,0.032218
5.4991324E-07,0.030363
5.4996324E-07,0.028507
5.5001324E-07,0.026542
5.5006324E-07,0.024577
5.5011324E-07,0.022721
5.5016324E-07,0.020865
5.5021324E-07,0.019118
5.5026324E-07,0.017481
5.5031324E-07,0.015952
5.5036324E-07,0.014533
5.5041324E-07,0.013332
5.5046324E-07,0.012241
5.5051324E-07,0.011149
5.5056324E-07,0.010276
5.5061324E-07,0.009402
5.5066324E-07,0.008747
5.5071324E-07,0.007983
5.5076324E-07,0.007437
5.5081324E-07,0.006782
5.5086324E-07,0.006236
5.5091324E-07,0.005690
5.5096324E-07,0.005145
5.5101324E-07,0.004708
5.5106324E-07,0.004271
5.5111324E-07,0.003944
5.5116324E-07,0.003616
5.5121324E-07,0.003398
5.5126324E-07,0.003180
5.5131324E-07,0.003180
5.5136324E-07,0.003289
5.5141324E-07,0.003398
5.5146324E-07,0.003725
5.5151324E-07,0.004053
5.5156324E-07,0.004490
5.5161324E-07,0.005035
5.5166324E-07,0.005581
5.5171324E-07,0.006127
5.5176324E-07,0.006673
5.5181324E-07,0.007110
5.5186324E-07,0.007437
5.5191324E-07,0.007765
5.5196324E-07,0.007874
5.5201324E-07,0.007765
5.5206324E-07,0.007546
5.5211324E-07,0.007110
5.5216324E-07,0.006455
5.5221324E-07,0.005581
5.5226324E-07,0.004490
5.5231324E-07,0.003289
5.5236324E-07,0.001979
5.5241324E-07,0.000559
5.5246324E-07,-0.000860
5.5251324E-07,-0.002388
5.5256324E-07,-0.003807
5.5261324E-07,-0.005226
5.5266324E-07,-0.006427
5.5271324E-07,-0.007410
5.5276324E-07,-0.008283
5.5281324E-07,-0.008829
5.5286324E-07,-0.009157
5.5291324E-07,-0.009157
5.5296324E-07,-0.008829
5.5301324E-07,-0.008283
5.5306324E-07,-0.007410
5.5311324E-07,-0.006209
5.5316324E-07,-0.004899
5.5321324E-07,-0.003371
5.5326324E-07,-0.001624
5.5331324E-07,0.000123
5.5336324E-07,0.001979
5.5341324E-07,0.003835
5.5346324E-07,0.005690
5.5351324E-07,0.007437
5.5356324E-07,0.009184
5.5361324E-07,0.010712
5.5366324E-07,0.012131
5.5371324E-07,0.013332
5.5376324E-07,0.014424
5.5381324E-07,0.015406
5.5386324E-07,0.016171
5.5391324E-07,0.016716
5.5396324E-07,0.017262
5.5401324E-07,0.017699
5.5406324E-07,0.018027
5.5411324E-07,0.018354
5.5416324E-07,0.018572
5.5421324E-07,0.018791
5.5426324E-07,0.018900
5.5431324E-07,0.019009
5.5436324E-07,0.019118
5.5441324E-07,0.019227
5.5446324E-07,0.019337
5.5451324E-07,0.019337
5.5456324E-07,0.019227
5.5461324E-07,0.019009
5.5466324E-07,0.018682
5.5471324E-07,0.018245
5.5476324E-07,0.017590
5.5481324E-07,0.016826
5.5486324E-07,0.015952
5.5491324E-07,0.014861
5.5496324E-07,0.013660
5.5501324E-07,0.012241
5.5506324E-07,0.010821
5.5511324E-07,0.009293
5.5516324E-07,0.007874
5.5521324E-07,0.006345
5.5526324E-07,0.004926
5.5531324E-07,0.003616
5.5536324E-07,0.002415
5.5541324E-07,0.001542
5.5546324E-07,0.000778
5.5551324E-07,0.000341
5.5556324E-07,0.000123
5.5561324E-07,0.000232
5.5566324E-07,0.000559
5.5571324E-07,0.001105
5.5576324E-07,0.001870
5.5581324E-07,0.002852
5.5586324E-07,0.004053
5.5591324E-07,0.005254
5.5596324E-07,0.006564
5.5601324E-07,0.007765
5.5606324E-07,0.008965
5.5611324E-07,0.010166
5.5616324E-07,0.011149
5.5621324E-07,0.011913
5.5626324E-07,0.012568
5.5631324E-07,0.013114
5.5636324E-07,0.013332
5.5641324E-07,0.013441
5.5646324E-07,0.013441
5.5651324E-07,0.013332
5.5656324E-07,0.013005
5.5661324E-07,0.012786
5.5666324E-07,0.012459
5.5671324E-07,0.012241
5.5676324E-07,0.012131
5.5681324E-07,0.012131
5.5686324E-07,0.012131
5.5691324E-07,0.012459
5.5696324E-07,0.012896
5.5701324E-07,0.013441
5.5706324E-07,0.014206
5.5711324E-07,0.015079
5.5716324E-07,0.015952
5.5721324E-07,0.017044
5.5726324E-07,0.018136
5.5731324E-07,0.019337
5.5736324E-07,0.020428
5.5741324E-07,0.021411
5.5746324E-07,0.022393
5.5751324E-07,0.023157
5.5756324E-07,0.023922
5.5761324E-07,0.024467
5.5766324E-07,0.024904
5.5771324E-07,0.025122
5.5776324E-07,0.025341
5.5781324E-07,0.025450
5.5786324E-07,0.025559
5.5791324E-07,0.025559
5.5796324E-07,0.025559
5.5801324E-07,0.025668
5.5806324E-07,0.025887
5.5811324E-07,0.026105
5.5816324E-07,0.026432
5.5821324E-07,0.026978
5.5826324E-07,0.027633
5.5831324E-07,0.028398
5.5836324E-07,0.029271
5.5841324E-07,0.030253
5.5846324E-07,0.031345
5.5851324E-07,0.032437
5.5856324E-07,0.033528
5.5861324E-07,0.034620
5.5866324E-07,0.035603
5.5871324E-07,0.036476
5.5876324E-07,0.037240
5.5881324E-07,0.037786
5.5886324E-07,0.038114
5.5891324E-07,0.038223
5.5896324E-07,0.038004
5.5901324E-07,0.037677
5.5906324E-07,0.037022
5.5911324E-07,0.036258
5.5916324E-07,0.035275
5.5921324E-07,0.034074
5.5926324E-07,0.032764
5.5931324E-07,0.031454
5.5936324E-07,0.030144
5.5941324E-07,0.028725
5.5946324E-07,0.027415
5.5951324E-07,0.026323
5.5956324E-07,0.025232
5.5961324E-07,0.024358
5.5966324E-07,0.023703
5.5971324E-07,0.023267
5.5976324E-07,0.023048
5.5981324E-07,0.022939
5.5986324E-07,0.023157
5.5991324E-07,0.023594
5.5996324E-07,0.024140
5.6001324E-07,0.024795
5.6006324E-07,0.025559
5.6011324E-07,0.026432
5.6016324E-07,0.027415
5.6021324E-07,0.028398
5.6026324E-07,0.029271
5.6031324E-07,0.030253
5.6036324E-07,0.031127
5.6041324E-07,0.031891
5.6046324E-07,0.032655
5.6051324E-07,0.033310
5.6056324E-07,0.033965
5.6061324E-07,0.034511
5.6066324E-07,0.035057
5.6071324E-07,0.035603
5.6076324E-07,0.036149
5.6081324E-07,0.036585
5.6086324E-07,0.037131
5.6091324E-07,0.037677
5.6096324E-07,0.038223
5.6101324E-07,0.038878
5.6106324E-07,0.039424
5.6111324E-07,0.040079
5.6116324E-07,0.040734
5.6121324E-07,0.041279
5.6126324E-07,0.041825
5.6131324E-07,0.042153
5.6136324E-07,0.042480
5.6141324E-07,0.042699
5.6146324E-07,0.042699
5.6151324E-07,0.042589
5.6156324E-07,0.042153
5.6161324E-07,0.041716
5.6166324E-07,0.040952
5.6171324E-07,0.040079
5.6176324E-07,0.038987
5.6181324E-07,0.037895
5.6186324E-07,0.036694
5.6191324E-07,0.035384
5.6196324E-07,0.034183
5.6201324E-07,0.032983
5.6206324E-07,0.031891
5.6211324E-07,0.031018
5.6216324E-07,0.030253
5.6221324E-07,0.029708
5.6226324E-07,0.029380
5.6231324E-07,0.029380
5.6236324E-07,0.029489
5.6241324E-07,0.029926
5.6246324E-07,0.030472
5.6251324E-07,0.031236
5.6256324E-07,0.032109
5.6261324E-07,0.032983
5.6266324E-07,0.033856
5.6271324E-07,0.034729
5.6276324E-07,0.035494
5.6281324E-07,0.036149
5.6286324E-07,0.036585
5.6291324E-07,0.036694
5.6296324E-07,0.036585
5.6301324E-07,0.036258
5.6306324E-07,0.035603
5.6311324E-07,0.034729
5.6316324E-07,0.033528
5.6321324E-07,0.032109
5.6326324E-07,0.030581
5.6331324E-07,0.028834
5.6336324E-07,0.027088
5.6341324E-07,0.025341
5.6346324E-07,0.023594
5.6351324E-07,0.021847
5.6356324E-07,0.020319
5.6361324E-07,0.018900
5.6366324E-07,0.017808
5.6371324E-07,0.016716
5.6376324E-07,0.015952
5.6381324E-07,0.015406
5.6386324E-07,0.014970
5.6391324E-07,0.014642
5.6396324E-07,0.014533
5.6401324E-07,0.014424
5.6406324E-07,0.014424
5.6411324E-07,0.014315
5.6416324E-07,0.014206
5.6421324E-07,0.013987
5.6426324E-07,0.013551
5.6431324E-07,0.013114
5.6436324E-07,0.012459
5.6441324E-07,0.011586
5.6446324E-07,0.010603
5.6451324E-07,0.009402
5.6456324E-07,0.008092
5.6461324E-07,0.006673
5.6466324E-07,0.005254
5.6471324E-07,0.003835
5.6476324E-07,0.002306
5.6481324E-07,0.000996
5.6486324E-07,-0.000314
5.6491324E-07,-0.001406
5.6496324E-07,-0.002388
5.6501324E-07,-0.003261
5.6506324E-07,-0.003807
5.6511324E-07,-0.004135
5.6516324E-07,-0.004353
5.6521324E-07,-0.004353
5.6526324E-07,-0.004244
5.6531324E-07,-0.003916
5.6536324E-07,-0.003480
5.6541324E-07,-0.002934
5.6546324E-07,-0.002388
5.6551324E-07,-0.001733
5.6556324E-07,-0.001078
5.6561324E-07,-0.000532
5.6566324E-07,0.000123
5.6571324E-07,0.000669
5.6576324E-07,0.001215
5.6581324E-07,0.001651
5.6586324E-07,0.002197
5.6591324E-07,0.002634
5.6596324E-07,0.003070
5.6601324E-07,0.003507
5.6606324E-07,0.003944
5.6611324E-07,0.004490
5.6616324E-07,0.005035
5.6621324E-07,0.005690
5.6626324E-07,0.006455
5.6631324E-07,0.007219
5.6636324E-07,0.008092
5.6641324E-07,0.009075
5.6646324E-07,0.010057
5.6651324E-07,0.011040
5.6656324E-07,0.012022
5.6661324E-07,0.013114
5.6666324E-07,0.014096
5.6671324E-07,0.014970
5.6676324E-07,0.015843
5.6681324E-07,0.016607
5.6686324E-07,0.017153
5.6691324E-07,0.017699
5.6696324E-07,0.018027
5.6701324E-07,0.018245
5.6706324E-07,0.018354
5.6711324E-07,0.018245
5.6716324E-07,0.018136
5.6721324E-07,0.018027
5.6726324E-07,0.017808
5.6731324E-07,0.017590
5.6736324E-07,0.017481
5.6741324E-07,0.017371
5.6746324E-07,0.017371
5.6751324E-07,0.017590
5.6756324E-07,0.017808
5.6761324E-07,0.018354
5.6766324E-07,0.019118
5.6771324E-07,0.019992
5.6776324E-07,0.021083
5.6781324E-07,0.022393
5.6786324E-07,0.023812
5.6791324E-07,0.025341
5.6796324E-07,0.026978
5.6801324E-07,0.028616
5.6806324E-07,0.030363
5.6811324E-07,0.032000
5.6816324E-07,0.033528
5.6821324E-07,0.034948
5.6826324E-07,0.036149
5.6831324E-07,0.037240
5.6836324E-07,0.038004
5.6841324E-07,0.038550
5.6846324E-07,0.038769
5.6851324E-07,0.038769
5.6856324E-07,0.038550
5.6861324E-07,0.038004
5.6866324E-07,0.037349
5.6871324E-07,0.036585
5.6876324E-07,0.035603
5.6881324E-07,0.034620
5.6886324E-07,0.033747
5.6891324E-07,0.032764
5.6896324E-07,0.031891
5.6901324E-07,0.031236
5.6906324E-07,0.030690
5.6911324E-07,0.030253
5.6916324E-07,0.030035
5.6921324E-07,0.030035
5.6926324E-07,0.030253
5.6931324E-07,0.030581
5.6936324E-07,0.031127
5.6941324E-07,0.031673
5.6946324E-07,0.032328
5.6951324E-07,0.032983
5.6956324E-07,0.033528
5.6961324E-07,0.034074
5.6966324E-07,0.034402
5.6971324E-07,0.034620
5.6976324E-07,0.034620
5.6981324E-07,0.034402
5.6986324E-07,0.033965
5.6991324E-07,0.033310
5.6996324E-07,0.032437
5.7001324E-07,0.031345
5.7006324E-07,0.030144
5.7011324E-07,0.028725
5.7016324E-07,0.027197
5.7021324E-07,0.025668
5.7026324E-07,0.024140
5.7031324E-07,0.022612
5.7036324E-07,0.021192
5.7041324E-07,0.019773
5.7046324E-07,0.018572
5.7051324E-07,0.017481
5.7056324E-07,0.016498
5.7061324E-07,0.015734
5.7066324E-07,0.015079
5.7071324E-07,0.014424
5.7076324E-07,0.013987
5.7081324E-07,0.013551
5.7086324E-07,0.013223
5.7091324E-07,0.012896
5.7096324E-07,0.012459
5.7101324E-07,0.012022
5.7106324E-07,0.011586
5.7111324E-07,0.010931
5.7116324E-07,0.010276
5.7121324E-07,0.009511
5.7126324E-07,0.008747
5.7131324E-07,0.007874
5.7136324E-07,0.007000
5.7141324E-07,0.006127
5.7146324E-07,0.005254
5.7151324E-07,0.004490
5.7156324E-07,0.003835
5.7161324E-07,0.003289
5.7166324E-07,0.002961
5.7171324E-07,0.002743
5.7176324E-07,0.002852
5.7181324E-07,0.003070
5.7186324E-07,0.003398
5.7191324E-07,0.004053
5.7196324E-07,0.004708
5.7201324E-07,0.005581
5.7206324E-07,0.006564
5.7211324E-07,0.007546
5.7216324E-07,0.008529
5.7221324E-07,0.009402
5.7226324E-07,0.010276
5.7231324E-07,0.011040
5.7236324E-07,0.011586
5.7241324E-07,0.011913
5.7246324E-07,0.012131
5.7251324E-07,0.012241
5.7256324E-07,0.012022
5.7261324E-07,0.011695
5.7266324E-07,0.011149
5.7271324E-07,0.010603
5.7276324E-07,0.009839
5.7281324E-07,0.009075
5.7286324E-07,0.008310
5.7291324E-07,0.007546
5.7296324E-07,0.006782
5.7301324E-07,0.006127
5.7306324E-07,0.005690
5.7311324E-07,0.005254
5.7316324E-07,0.004926
5.7321324E-07,0.004817
5.7326324E-07,0.004926
5.7331324E-07,0.005035
5.7336324E-07,0.005254
5.7341324E-07,0.005581
5.7346324E-07,0.005909
5.7351324E-07,0.006345
5.7356324E-07,0.006673
5.7361324E-07,0.007000
5.7366324E-07,0.007328
5.7371324E-07,0.007437
5.7376324E-07,0.007546
5.7381324E-07,0.007437
5.7386324E-07,0.007219
5.7391324E-07,0.006891
5.7396324E-07,0.006345
5.7401324E-07,0.005800
5.7406324E-07,0.005145
5.7411324E-07,0.004490
5.7416324E-07,0.003835
5.7421324E-07,0.003180
5.7426324E-07,0.002525
5.7431324E-07,0.001979
5.7436324E-07,0.001542
5.7441324E-07,0.001324
5.7446324E-07,0.001105
5.7451324E-07,0.001215
5.7456324E-07,0.001433
5.7461324E-07,0.001760
5.7466324E-07,0.002306
5.7471324E-07,0.003070
5.7476324E-07,0.003835
5.7481324E-07,0.004708
5.7486324E-07,0.005690
5.7491324E-07,0.006564
5.7496324E-07,0.007546
5.7501324E-07,0.008420
5.7506324E-07,0.009184
5.7511324E-07,0.009839
5.7516324E-07,0.010276
5.7521324E-07,0.010603
5.7526324E-07,0.010821
5.7531324E-07,0.010821
5.7536324E-07,0.010603
5.7541324E-07,0.010385
5.7546324E-07,0.009839
5.7551324E-07,0.009293
5.7556324E-07,0.008638
5.7561324E-07,0.007983
5.7566324E-07,0.007219
5.7571324E-07,0.006455
5.7576324E-07,0.005800
5.7581324E-07,0.005145
5.7586324E-07,0.004599
5.7591324E-07,0.004053
5.7596324E-07,0.003725
5.7601324E-07,0.003398
5.7606324E-07,0.003180
5.7611324E-07,0.002961
5.7616324E-07,0.002852
5.7621324E-07,0.002852
5.7626324E-07,0.002852
5.7631324E-07,0.002743
5.7636324E-07,0.002743
5.7641324E-07,0.002634
5.7646324E-07,0.002525
5.7651324E-07,0.002306
5.7656324E-07,0.002088
5.7661324E-07,0.001760
5.7666324E-07,0.001433
5.7671324E-07,0.001105
5.7676324E-07,0.000778
5.7681324E-07,0.000450
5.7686324E-07,0.000123
5.7691324E-07,-0.000096
5.7696324E-07,-0.000314
5.7701324E-07,-0.000314
5.7706324E-07,-0.000205
5.7711324E-07,-0.000096
5.7716324E-07,0.000341
5.7721324E-07,0.000778
5.7726324E-07,0.001324
5.7731324E-07,0.002088
5.7736324E-07,0.002743
5.7741324E-07,0.003616
5.7746324E-07,0.004380
5.7751324E-07,0.005145
5.7756324E-07,0.005690
5.7761324E-07,0.006236
5.7766324E-07,0.006673
5.7771324E-07,0.006891
5.7776324E-07,0.006891
5.7781324E-07,0.006673
5.7786324E-07,0.006345
5.7791324E-07,0.005690
5.7796324E-07,0.004926
5.7801324E-07,0.004053
5.7806324E-07,0.002961
5.7811324E-07,0.001870
5.7816324E-07,0.000778
5.7821324E-07,-0.000205
5.7826324E-07,-0.001296
5.7831324E-07,-0.002061
5.7836324E-07,-0.002825
5.7841324E-07,-0.003371
5.7846324E-07,-0.003589
5.7851324E-07,-0.003698
5.7856324E-07,-0.003589
5.7861324E-07,-0.003152
5.7866324E-07,-0.002606
5.7871324E-07,-0.001951
5.7876324E-07,-0.001078
5.7881324E-07,-0.000205
5.7886324E-07,0.000778
5.7891324E-07,0.001651
5.7896324E-07,0.002525
5.7901324E-07,0.003289
5.7906324E-07,0.003835
5.7911324E-07,0.004162
5.7916324E-07,0.004380
5.7921324E-07,0.004380
5.7926324E-07,0.004162
5.7931324E-07,0.003725
5.7936324E-07,0.003180
5.7941324E-07,0.002525
5.7946324E-07,0.001760
5.7951324E-07,0.000996
5.7956324E-07,0.000232
5.7961324E-07,-0.000423
5.7966324E-07,-0.000860
5.7971324E-07,-0.001296
5.7976324E-07,-0.001406
5.7981324E-07,-0.001296
5.7986324E-07,-0.000969
5.7991324E-07,-0.000314
5.7996324E-07,0.000559
5.8001324E-07,0.001760
5.8006324E-07,0.003070
5.8011324E-07,0.004599
5.8016324E-07,0.006236
5.8021324E-07,0.008092
5.8026324E-07,0.009839
5.8031324E-07,0.011695
5.8036324E-07,0.013441
5.8041324E-07,0.015079
5.8046324E-07,0.016607
5.8051324E-07,0.018027
5.8056324E-07,0.019227
5.8061324E-07,0.020319
5.8066324E-07,0.021192
5.8071324E-07,0.021847
5.8076324E-07,0.022393
5.8081324E-07,0.022830
5.8086324E-07,0.023157
5.8091324E-07,0.023485
5.8096324E-07,0.023703
5.8101324E-07,0.024031
5.8106324E-07,0.024358
5.8111324E-07,0.024686
5.8116324E-07,0.025122
5.8121324E-07,0.025668
5.8126324E-07,0.026214
5.8131324E-07,0.026869
5.8136324E-07,0.027633
5.8141324E-07,0.028398
5.8146324E-07,0.029162
5.8151324E-07,0.029926
5.8156324E-07,0.030581
5.8161324E-07,0.031127
5.8166324E-07,0.031454
5.8171324E-07,0.031673
5.8176324E-07,0.031563
5.8181324E-07,0.031236
5.8186324E-07,0.030690
5.8191324E-07,0.029708
5.8196324E-07,0.028507
5.8201324E-07,0.027088
5.8206324E-07,0.025232
5.8211324E-07,0.023267
5.8216324E-07,0.020974
5.8221324E-07,0.018572
5.8226324E-07,0.016061
5.8231324E-07,0.013441
5.8236324E-07,0.010821
5.8241324E-07,0.008201
5.8246324E-07,0.005581
5.8251324E-07,0.003180
5.8256324E-07,0.000887
5.8261324E-07,-0.001187
5.8266324E-07,-0.003152
5.8271324E-07,-0.004790
5.8276324E-07,-0.006318
5.8281324E-07,-0.007519
5.8286324E-07,-0.008611
5.8291324E-07,-0.009375
5.8296324E-07,-0.010030
5.8301324E-07,-0.010576
5.8306324E-07,-0.010903
5.8311324E-07,-0.011231
5.8316324E-07,-0.011340
5.8321324E-07,-0.011558
5.8326324E-07,-0.011667
5.8331324E-07,-0.011667
5.8336324E-07,-0.011667
5.8341324E-07,-0.011667
5.8346324E-07,-0.011667
5.8351324E-07,-0.011667
5.8356324E-07,-0.011558
5.8361324E-07,-0.011340
5.8366324E-07,-0.011012
5.8371324E-07,-0.010576
5.8376324E-07,-0.010030
5.8381324E-07,-0.009375
5.8386324E-07,-0.008611
5.8391324E-07,-0.007628
5.8396324E-07,-0.006427
5.8401324E-07,-0.005117
5.8406324E-07,-0.003698
5.8411324E-07,-0.002170
5.8416324E-07,-0.000532
5.8421324E-07,0.001105
5.8426324E-07,0.002852
5.8431324E-07,0.004490
5.8436324E-07,0.006127
5.8441324E-07,0.007546
5.8446324E-07,0.008965
5.8451324E-07,0.010166
5.8456324E-07,0.011258
5.8461324E-07,0.012131
5.8466324E-07,0.012786
5.8471324E-07,0.013332
5.8476324E-07,0.013660
5.8481324E-07,0.013769
5.8486324E-07,0.013769
5.8491324E-07,0.013660
5.8496324E-07,0.013551
5.8501324E-07,0.013332
5.8506324E-07,0.013005
5.8511324E-07,0.012786
5.8516324E-07,0.012568
5.8521324E-07,0.012459
5.8526324E-07,0.012350
5.8531324E-07,0.012350
5.8536324E-07,0.012459
5.8541324E-07,0.012568
5.8546324E-07,0.012677
5.8551324E-07,0.012896
5.8556324E-07,0.013114
5.8561324E-07,0.013332
5.8566324E-07,0.013441
5.8571324E-07,0.013551
5.8576324E-07,0.013551
5.8581324E-07,0.013332
5.8586324E-07,0.013005
5.8591324E-07,0.012568
5.8596324E-07,0.011913
5.8601324E-07,0.011149
5.8606324E-07,0.010166
5.8611324E-07,0.009075
5.8616324E-07,0.007983
5.8621324E-07,0.006673
5.8626324E-07,0.005363
5.8631324E-07,0.004053
5.8636324E-07,0.002743
5.8641324E-07,0.001542
5.8646324E-07,0.000341
5.8651324E-07,-0.000751
5.8656324E-07,-0.001733
5.8661324E-07,-0.002606
5.8666324E-07,-0.003261
5.8671324E-07,-0.003807
5.8676324E-07,-0.004244
5.8681324E-07,-0.004571
5.8686324E-07,-0.004790
5.8691324E-07,-0.005008
5.8696324E-07,-0.005117
5.8701324E-07,-0.005226
5.8706324E-07,-0.005445
5.8711324E-07,-0.005554
5.8716324E-07,-0.005772
5.8721324E-07,-0.006100
5.8726324E-07,-0.006427
5.8731324E-07,-0.006755
5.8736324E-07,-0.007191
5.8741324E-07,-0.007737
5.8746324E-07,-0.008174
5.8751324E-07,-0.008611
5.8756324E-07,-0.009047
5.8761324E-07,-0.009266
5.8766324E-07,-0.009484
5.8771324E-07,-0.009484
5.8776324E-07,-0.009157
5.8781324E-07,-0.008720
5.8786324E-07,-0.008065
5.8791324E-07,-0.007082
5.8796324E-07,-0.005881
5.8801324E-07,-0.004462
5.8806324E-07,-0.002716
5.8811324E-07,-0.000860
5.8816324E-07,0.001105
5.8821324E-07,0.003289
5.8826324E-07,0.005472
5.8831324E-07,0.007655
5.8836324E-07,0.009730
5.8841324E-07,0.011804
5.8846324E-07,0.013660
5.8851324E-07,0.015297
5.8856324E-07,0.016716
5.8861324E-07,0.017808
5.8866324E-07,0.018682
5.8871324E-07,0.019227
5.8876324E-07,0.019555
5.8881324E-07,0.019555
5.8886324E-07,0.019337
5.8891324E-07,0.018900
5.8896324E-07,0.018354
5.8901324E-07,0.017699
5.8906324E-07,0.016935
5.8911324E-07,0.016280
5.8916324E-07,0.015516
5.8921324E-07,0.014970
5.8926324E-07,0.014533
5.8931324E-07,0.014315
5.8936324E-07,0.014315
5.8941324E-07,0.014424
5.8946324E-07,0.014751
5.8951324E-07,0.015406
5.8956324E-07,0.016171
5.8961324E-07,0.017153
5.8966324E-07,0.018136
5.8971324E-07,0.019337
5.8976324E-07,0.020647
5.8981324E-07,0.021847
5.8986324E-07,0.023157
5.8991324E-07,0.024358
5.8996324E-07,0.025450
5.9001324E-07,0.026323
5.9006324E-07,0.027197
5.9011324E-07,0.027852
5.9016324E-07,0.028288
5.9021324E-07,0.028616
5.9026324E-07,0.028725
5.9031324E-07,0.028725
5.9036324E-07,0.028507
5.9041324E-07,0.028179
5.9046324E-07,0.027743
5.9051324E-07,0.027306
5.9056324E-07,0.026651
5.9061324E-07,0.025996
5.9066324E-07,0.025341
5.9071324E-07,0.024686
5.9076324E-07,0.023922
5.9081324E-07,0.023157
5.9086324E-07,0.022393
5.9091324E-07,0.021629
5.9096324E-07,0.020865
5.9101324E-07,0.019992
5.9106324E-07,0.019227
5.9111324E-07,0.018354
5.9116324E-07,0.017371
5.9121324E-07,0.016498
5.9126324E-07,0.015516
5.9131324E-07,0.014533
5.9136324E-07,0.013551
5.9141324E-07,0.012568
5.9146324E-07,0.011586
5.9151324E-07,0.010603
5.9156324E-07,0.009839
5.9161324E-07,0.009075
5.9166324E-07,0.008420
5.9171324E-07,0.007874
5.9176324E-07,0.007546
5.9181324E-07,0.007328
5.9186324E-07,0.007328
5.9191324E-07,0.007546
5.9196324E-07,0.007874
5.9201324E-07,0.008310
5.9206324E-07,0.008965
5.9211324E-07,0.009730
5.9216324E-07,0.010494
5.9221324E-07,0.011367
5.9226324E-07,0.012241
5.9231324E-07,0.013005
5.9236324E-07,0.013769
5.9241324E-07,0.014424
5.9246324E-07,0.014861
5.9251324E-07,0.015188
5.9256324E-07,0.015297
5.9261324E-07,0.015188
5.9266324E-07,0.014861
5.9271324E-07,0.014424
5.9276324E-07,0.013660
5.9281324E-07,0.012786
5.9286324E-07,0.011695
5.9291324E-07,0.010603
5.9296324E-07,0.009293
5.9301324E-07,0.007983
5.9306324E-07,0.006673
5.9311324E-07,0.005363
5.9316324E-07,0.004053
5.9321324E-07,0.002852
5.9326324E-07,0.001870
5.9331324E-07,0.000887
5.9336324E-07,0.000123
5.9341324E-07,-0.000532
5.9346324E-07,-0.001078
5.9351324E-07,-0.001406
5.9356324E-07,-0.001624
5.9361324E-07,-0.001733
5.9366324E-07,-0.001733
5.9371324E-07,-0.001624
5.9376324E-07,-0.001515
5.9381324E-07,-0.001296
5.9386324E-07,-0.001187
5.9391324E-07,-0.000969
5.9396324E-07,-0.000860
5.9401324E-07,-0.000751
5.9406324E-07,-0.000641
5.9411324E-07,-0.000641
5.9416324E-07,-0.000751
5.9421324E-07,-0.000751
5.9426324E-07,-0.000860
5.9431324E-07,-0.000969
5.9436324E-07,-0.001078
5.9441324E-07,-0.001078
5.9446324E-07,-0.001187
5.9451324E-07,-0.001187
5.9456324E-07,-0.001078
5.9461324E-07,-0.000860
5.9466324E-07,-0.000641
5.9471324E-07,-0.000205
5.9476324E-07,0.000232
5.9481324E-07,0.000778
5.9486324E-07,0.001542
5.9491324E-07,0.002197
5.9496324E-07,0.003070
5.9501324E-07,0.003944
5.9506324E-07,0.004817
5.9511324E-07,0.005800
5.9516324E-07,0.006673
5.9521324E-07,0.007546
5.9526324E-07,0.008420
5.9531324E-07,0.009293
5.9536324E-07,0.010057
5.9541324E-07,0.010712
5.9546324E-07,0.011367
5.9551324E-07,0.011913
5.9556324E-07,0.012459
5.9561324E-07,0.012896
5.9566324E-07,0.013332
5.9571324E-07,0.013769
5.9576324E-07,0.014206
5.9581324E-07,0.014642
5.9586324E-07,0.015079
5.9591324E-07,0.015625
5.9596324E-07,0.016171
5.9601324E-07,0.016826
5.9606324E-07,0.017481
5.9611324E-07,0.018245
5.9616324E-07,0.019009
5.9621324E-07,0.019773
5.9626324E-07,0.020647
5.9631324E-07,0.021411
5.9636324E-07,0.022175
5.9641324E-07,0.022939
5.9646324E-07,0.023485
5.9651324E-07,0.024031
5.9656324E-07,0.024358
5.9661324E-07,0.024577
5.9666324E-07,0.024686
5.9671324E-07,0.024577
5.9676324E-07,0.024249
5.9681324E-07,0.023703
5.9686324E-07,0.023048
5.9691324E-07,0.022284
5.9696324E-07,0.021411
5.9701324E-07,0.020319
5.9706324E-07,0.019227
5.9711324E-07,0.018027
5.9716324E-07,0.016826
5.9721324E-07,0.015625
5.9726324E-07,0.014533
5.9731324E-07,0.013441
5.9736324E-07,0.012459
5.9741324E-07,0.011586
5.9746324E-07,0.010712
5.9751324E-07,0.010057
5.9756324E-07,0.009511
5.9761324E-07,0.008965
5.9766324E-07,0.008420
5.9771324E-07,0.007983
5.9776324E-07,0.007546
5.9781324E-07,0.007110
5.9786324E-07,0.006564
5.9791324E-07,0.006018
5.9796324E-07,0.005363
5.9801324E-07,0.004599
5.9806324E-07,0.003616
5.9811324E-07,0.002634
5.9816324E-07,0.001433
5.9821324E-07,0.000123
5.9826324E-07,-0.001296
5.9831324E-07,-0.002716
5.9836324E-07,-0.004244
5.9841324E-07,-0.005772
5.9846324E-07,-0.007191
5.9851324E-07,-0.008611
5.9856324E-07,-0.009921
5.9861324E-07,-0.011012
5.9866324E-07,-0.011995
5.9871324E-07,-0.012868
5.9876324E-07,-0.013414
5.9881324E-07,-0.013742
5.9886324E-07,-0.013851
5.9891324E-07,-0.013742
5.9896324E-07,-0.013414
5.9901324E-07,-0.012977
5.9906324E-07,-0.012322
5.9911324E-07,-0.011667
5.9916324E-07,-0.010794
5.9921324E-07,-0.009921
5.9926324E-07,-0.009047
5.9931324E-07,-0.008283
5.9936324E-07,-0.007410
5.9941324E-07,-0.006755
5.9946324E-07,-0.006100
5.9951324E-07,-0.005554
5.9956324E-07,-0.005226
5.9961324E-07,-0.004899
5.9966324E-07,-0.004681
5.9971324E-07,-0.004462
5.9976324E-07,-0.004462
5.9981324E-07,-0.004353
5.9986324E-07,-0.004353
5.9991324E-07,-0.004244
5.9996324E-07,-0.004135
6.0001324E-07,-0.004026
6.0006324E-07,-0.003698
6.0011324E-07,-0.003480
6.0016324E-07,-0.003043
6.0021324E-07,-0.002606
6.0026324E-07,-0.002061
6.0031324E-07,-0.001515
6.0036324E-07,-0.000860
6.0041324E-07,-0.000205
6.0046324E-07,0.000341
6.0051324E-07,0.000887
6.0056324E-07,0.001324
6.0061324E-07,0.001760
6.0066324E-07,0.001979
6.0071324E-07,0.002088
6.0076324E-07,0.002088
6.0081324E-07,0.001870
6.0086324E-07,0.001433
6.0091324E-07,0.000996
6.0096324E-07,0.000341
6.0101324E-07,-0.000532
6.0106324E-07,-0.001406
6.0111324E-07,-0.002279
6.0116324E-07,-0.003371
6.0121324E-07,-0.004353
6.0126324E-07,-0.005445
6.0131324E-07,-0.006427
6.0136324E-07,-0.007519
6.0141324E-07,-0.008392
6.0146324E-07,-0.009266
6.0151324E-07,-0.010030
6.0156324E-07,-0.010794
6.0161324E-07,-0.011449
6.0166324E-07,-0.011995
6.0171324E-07,-0.012541
6.0176324E-07,-0.012977
6.0181324E-07,-0.013305
6.0186324E-07,-0.013742
6.0191324E-07,-0.014069
6.0196324E-07,-0.014397
6.0201324E-07,-0.014724
6.0206324E-07,-0.015052
6.0211324E-07,-0.015270
6.0216324E-07,-0.015597
6.0221324E-07,-0.015925
6.0226324E-07,-0.016253
6.0231324E-07,-0.016580
6.0236324E-07,-0.016798
6.0241324E-07,-0.017017
6.0246324E-07,-0.017126
6.0251324E-07,-0.017235
6.0256324E-07,-0.017235
6.0261324E-07,-0.017126
6.0266324E-07,-0.016908
6.0271324E-07,-0.016580
6.0276324E-07,-0.016143
6.0281324E-07,-0.015707
6.0286324E-07,-0.015052
6.0291324E-07,-0.014397
6.0296324E-07,-0.013632
6.0301324E-07,-0.012868
6.0306324E-07,-0.012104
6.0311324E-07,-0.011231
6.0316324E-07,-0.010467
6.0321324E-07,-0.009812
6.0326324E-07,-0.009157
6.0331324E-07,-0.008720
6.0336324E-07,-0.008283
6.0341324E-07,-0.008065
6.0346324E-07,-0.008065
6.0351324E-07,-0.008174
6.0356324E-07,-0.008502
6.0361324E-07,-0.008938
6.0366324E-07,-0.009593
6.0371324E-07,-0.010467
6.0376324E-07,-0.011340
6.0381324E-07,-0.012541
6.0386324E-07,-0.013742
6.0391324E-07,-0.015052
6.0396324E-07,-0.016362
6.0401324E-07,-0.017781
6.0406324E-07,-0.019200
6.0411324E-07,-0.020619
6.0416324E-07,-0.022038
6.0421324E-07,-0.023348
6.0426324E-07,-0.024659
6.0431324E-07,-0.025859
6.0436324E-07,-0.026951
6.0441324E-07,-0.028043
6.0446324E-07,-0.029025
6.0451324E-07,-0.029899
6.0456324E-07,-0.030663
6.0461324E-07,-0.031427
6.0466324E-07,-0.032082
6.0471324E-07,-0.032628
6.0476324E-07,-0.033174
6.0481324E-07,-0.033610
6.0486324E-07,-0.033938
6.0491324E-07,-0.034265
6.0496324E-07,-0.034484
6.0501324E-07,-0.034593
6.0506324E-07,-0.034593
6.0511324E-07,-0.034484
6.0516324E-07,-0.034265
6.0521324E-07,-0.033829
6.0526324E-07,-0.033174
6.0531324E-07,-0.032409
6.0536324E-07,-0.031536
6.0541324E-07,-0.030335
6.0546324E-07,-0.029025
6.0551324E-07,-0.027497
6.0556324E-07,-0.025859
6.0561324E-07,-0.024113
6.0566324E-07,-0.022148
6.0571324E-07,-0.020183
6.0576324E-07,-0.018108
6.0581324E-07,-0.016143
6.0586324E-07,-0.014069
6.0591324E-07,-0.012104
6.0596324E-07,-0.010248
6.0601324E-07,-0.008611
6.0606324E-07,-0.006973
6.0611324E-07,-0.005554
6.0616324E-07,-0.004353
6.0621324E-07,-0.003371
6.0626324E-07,-0.002497
6.0631324E-07,-0.001842
6.0636324E-07,-0.001406
6.0641324E-07,-0.001078
6.0646324E-07,-0.000751
6.0651324E-07,-0.000641
6.0656324E-07,-0.000532
6.0661324E-07,-0.000532
6.0666324E-07,-0.000423
6.0671324E-07,-0.000423
6.0676324E-07,-0.000314
6.0681324E-07,-0.000096
6.0686324E-07,0.000014
6.0691324E-07,0.000341
6.0696324E-07,0.000559
6.0701324E-07,0.000887
6.0706324E-07,0.001105
6.0711324E-07,0.001433
6.0716324E-07,0.001651
6.0721324E-07,0.001760
6.0726324E-07,0.001870
6.0731324E-07,0.001651
6.0736324E-07,0.001433
6.0741324E-07,0.000996
6.0746324E-07,0.000341
6.0751324E-07,-0.000532
6.0756324E-07,-0.001624
6.0761324E-07,-0.002825
6.0766324E-07,-0.004244
6.0771324E-07,-0.005881
6.0776324E-07,-0.007519
6.0781324E-07,-0.009375
6.0786324E-07,-0.011231
6.0791324E-07,-0.013196
6.0796324E-07,-0.015052
6.0801324E-07,-0.017017
6.0806324E-07,-0.018763
6.0811324E-07,-0.020510
6.0816324E-07,-0.022038
6.0821324E-07,-0.023567
6.0826324E-07,-0.024877
6.0831324E-07,-0.025969
6.0836324E-07,-0.026951
6.0841324E-07,-0.027824
6.0846324E-07,-0.028479
6.0851324E-07,-0.029025
6.0856324E-07,-0.029571
6.0861324E-07,-0.029899
6.0866324E-07,-0.030117
6.0871324E-07,-0.030335
6.0876324E-07,-0.030444
6.0881324E-07,-0.030554
6.0886324E-07,-0.030554
6.0891324E-07,-0.030554
6.0896324E-07,-0.030444
6.0901324E-07,-0.030226
6.0906324E-07,-0.030117
6.0911324E-07,-0.029789
6.0916324E-07,-0.029353
6.0921324E-07,-0.028916
6.0926324E-07,-0.028261
6.0931324E-07,-0.027497
6.0936324E-07,-0.026624
6.0941324E-07,-0.025641
6.0946324E-07,-0.024440
6.0951324E-07,-0.023130
6.0956324E-07,-0.021711
6.0961324E-07,-0.020183
6.0966324E-07,-0.018654
6.0971324E-07,-0.017017
6.0976324E-07,-0.015379
6.0981324E-07,-0.013742
6.0986324E-07,-0.012213
6.0991324E-07,-0.010794
6.0996324E-07,-0.009484
6.1001324E-07,-0.008392
6.1006324E-07,-0.007519
6.1011324E-07,-0.006864
6.1016324E-07,-0.006318
6.1021324E-07,-0.006209
6.1026324E-07,-0.006209
6.1031324E-07,-0.006427
6.1036324E-07,-0.006973
6.1041324E-07,-0.007628
6.1046324E-07,-0.008502
6.1051324E-07,-0.009484
6.1056324E-07,-0.010467
6.1061324E-07,-0.011558
6.1066324E-07,-0.012650
6.1071324E-07,-0.013523
6.1076324E-07,-0.014397
6.1081324E-07,-0.015161
6.1086324E-07,-0.015597
6.1091324E-07,-0.015925
6.1096324E-07,-0.015925
6.1101324E-07,-0.015707
6.1106324E-07,-0.015270
6.1111324E-07,-0.014506
6.1116324E-07,-0.013523
6.1121324E-07,-0.012322
6.1126324E-07,-0.011012
6.1131324E-07,-0.009484
6.1136324E-07,-0.007956
6.1141324E-07,-0.006318
6.1146324E-07,-0.004681
6.1151324E-07,-0.003043
6.1156324E-07,-0.001515
6.1161324E-07,0.000014
6.1166324E-07,0.001324
6.1171324E-07,0.002415
6.1176324E-07,0.003398
6.1181324E-07,0.004162
6.1186324E-07,0.004817
6.1191324E-07,0.005145
6.1196324E-07,0.005363
6.1201324E-07,0.005472
6.1206324E-07,0.005363
6.1211324E-07,0.005145
6.1216324E-07,0.004817
6.1221324E-07,0.004380
6.1226324E-07,0.003944
6.1231324E-07,0.003398
6.1236324E-07,0.002743
6.1241324E-07,0.002197
6.1246324E-07,0.001542
6.1251324E-07,0.000887
6.1256324E-07,0.000232
6.1261324E-07,-0.000532
6.1266324E-07,-0.001296
6.1271324E-07,-0.002061
6.1276324E-07,-0.002934
6.1281324E-07,-0.003916
6.1286324E-07,-0.005008
6.1291324E-07,-0.006100
6.1296324E-07,-0.007410
6.1301324E-07,-0.008611
6.1306324E-07,-0.010030
6.1311324E-07,-0.011449
6.1316324E-07,-0.012868
6.1321324E-07,-0.014287
6.1326324E-07,-0.015597
6.1331324E-07,-0.017017
6.1336324E-07,-0.018218
6.1341324E-07,-0.019418
6.1346324E-07,-0.020401
6.1351324E-07,-0.021274
6.1356324E-07,-0.021929
6.1361324E-07,-0.022475
6.1366324E-07,-0.022912
6.1371324E-07,-0.023021
6.1376324E-07,-0.023130
6.1381324E-07,-0.023021
6.1386324E-07,-0.022803
6.1391324E-07,-0.022584
6.1396324E-07,-0.022257
6.1401324E-07,-0.021929
6.1406324E-07,-0.021602
6.1411324E-07,-0.021274
6.1416324E-07,-0.021056
6.1421324E-07,-0.020838
6.1426324E-07,-0.020728
6.1431324E-07,-0.020728
6.1436324E-07,-0.020838
6.1441324E-07,-0.020947
6.1446324E-07,-0.021165
6.1451324E-07,-0.021383
6.1456324E-07,-0.021602
6.1461324E-07,-0.021820
6.1466324E-07,-0.022038
6.1471324E-07,-0.022148
6.1476324E-07,-0.022038
6.1481324E-07,-0.021929
6.1486324E-07,-0.021602
6.1491324E-07,-0.021165
6.1496324E-07,-0.020510
6.1501324E-07,-0.019746
6.1506324E-07,-0.018873
6.1511324E-07,-0.017890
6.1516324E-07,-0.016689
6.1521324E-07,-0.015488
6.1526324E-07,-0.014287
6.1531324E-07,-0.013087
6.1536324E-07,-0.011995
6.1541324E-07,-0.010903
6.1546324E-07,-0.009921
6.1551324E-07,-0.009047
6.1556324E-07,-0.008283
6.1561324E-07,-0.007737
6.1566324E-07,-0.007410
6.1571324E-07,-0.007082
6.1576324E-07,-0.006973
6.1581324E-07,-0.006973
6.1586324E-07,-0.007082
6.1591324E-07,-0.007191
6.1596324E-07,-0.007301
6.1601324E-07,-0.007410
6.1606324E-07,-0.007519
6.1611324E-07,-0.007519
6.1616324E-07,-0.007410
6.1621324E-07,-0.007082
6.1626324E-07,-0.006646
6.1631324E-07,-0.006100
6.1636324E-07,-0.005336
6.1641324E-07,-0.004462
6.1646324E-07,-0.003371
6.1651324E-07,-0.002279
6.1656324E-07,-0.000969
6.1661324E-07,0.000341
6.1666324E-07,0.001651
6.1671324E-07,0.002961
6.1676324E-07,0.004271
6.1681324E-07,0.005472
6.1686324E-07,0.006564
6.1691324E-07,0.007546
6.1696324E-07,0.008420
6.1701324E-07,0.009075
6.1706324E-07,0.009511
6.1711324E-07,0.009839
6.1716324E-07,0.009948
6.1721324E-07,0.009948
6.1726324E-07,0.009839
6.1731324E-07,0.009621
6.1736324E-07,0.009293
6.1741324E-07,0.008856
6.1746324E-07,0.008420
6.1751324E-07,0.007983
6.1756324E-07,0.007546
6.1761324E-07,0.007219
6.1766324E-07,0.006891
6.1771324E-07,0.006673
6.1776324E-07,0.006455
6.1781324E-07,0.006236
6.1786324E-07,0.006236
6.1791324E-07,0.006127
6.1796324E-07,0.006127
6.1801324E-07,0.006127
6.1806324E-07,0.006018
6.1811324E-07,0.006018
6.1816324E-07,0.005800
6.1821324E-07,0.005581
6.1826324E-07,0.005145
6.1831324E-07,0.004708
6.1836324E-07,0.004053
6.1841324E-07,0.003180
6.1846324E-07,0.002306
6.1851324E-07,0.001215
6.1856324E-07,-0.000096
6.1861324E-07,-0.001406
6.1866324E-07,-0.002825
6.1871324E-07,-0.004353
6.1876324E-07,-0.005881
6.1881324E-07,-0.007410
6.1886324E-07,-0.008938
6.1891324E-07,-0.010467
6.1896324E-07,-0.011886
6.1901324E-07,-0.013196
6.1906324E-07,-0.014397
6.1911324E-07,-0.015488
6.1916324E-07,-0.016362
6.1921324E-07,-0.017235
6.1926324E-07,-0.017890
6.1931324E-07,-0.018436
6.1936324E-07,-0.018873
6.1941324E-07,-0.019309
6.1946324E-07,-0.019528
6.1951324E-07,-0.019855
6.1956324E-07,-0.020073
6.1961324E-07,-0.020401
6.1966324E-07,-0.020619
6.1971324E-07,-0.020947
6.1976324E-07,-0.021274
6.1981324E-07,-0.021711
6.1986324E-07,-0.022148
6.1991324E-07,-0.022584
6.1996324E-07,-0.023021
6.2001324E-07,-0.023567
6.2006324E-07,-0.024003
6.2011324E-07,-0.024440
6.2016324E-07,-0.024877
6.2021324E-07,-0.025204
6.2026324E-07,-0.025423
6.2031324E-07,-0.025532
6.2036324E-07,-0.025423
6.2041324E-07,-0.025314
6.2046324E-07,-0.024986
6.2051324E-07,-0.024659
6.2056324E-07,-0.024113
6.2061324E-07,-0.023567
6.2066324E-07,-0.022912
6.2071324E-07,-0.022148
6.2076324E-07,-0.021493
6.2081324E-07,-0.020838
6.2086324E-07,-0.020183
6.2091324E-07,-0.019528
6.2096324E-07,-0.019091
6.2101324E-07,-0.018654
6.2106324E-07,-0.018436
6.2111324E-07,-0.018327
6.2116324E-07,-0.018218
6.2121324E-07,-0.018327
6.2126324E-07,-0.018436
6.2131324E-07,-0.018654
6.2136324E-07,-0.018873
6.2141324E-07,-0.019091
6.2146324E-07,-0.019309
6.2151324E-07,-0.019528
6.2156324E-07,-0.019637
6.2161324E-07,-0.019746
6.2166324E-07,-0.019746
6.2171324E-07,-0.019637
6.2176324E-07,-0.019418
6.2181324E-07,-0.019091
6.2186324E-07,-0.018763
6.2191324E-07,-0.018327
6.2196324E-07,-0.017890
6.2201324E-07,-0.017344
6.2206324E-07,-0.016908
6.2211324E-07,-0.016471
6.2216324E-07,-0.016143
6.2221324E-07,-0.015816
6.2226324E-07,-0.015597
6.2231324E-07,-0.015597
6.2236324E-07,-0.015597
6.2241324E-07,-0.015816
6.2246324E-07,-0.016143
6.2251324E-07,-0.016580
6.2256324E-07,-0.017017
6.2261324E-07,-0.017672
6.2266324E-07,-0.018218
6.2271324E-07,-0.018873
6.2276324E-07,-0.019528
6.2281324E-07,-0.020073
6.2286324E-07,-0.020619
6.2291324E-07,-0.020947
6.2296324E-07,-0.021274
6.2301324E-07,-0.021493
6.2306324E-07,-0.021493
6.2311324E-07,-0.021383
6.2316324E-07,-0.021165
6.2321324E-07,-0.020838
6.2326324E-07,-0.020401
6.2331324E-07,-0.019855
6.2336324E-07,-0.019309
6.2341324E-07,-0.018763
6.2346324E-07,-0.018108
6.2351324E-07,-0.017563
6.2356324E-07,-0.017017
6.2361324E-07,-0.016580
6.2366324E-07,-0.016253
6.2371324E-07,-0.015925
6.2376324E-07,-0.015707
6.2381324E-07,-0.015707
6.2386324E-07,-0.015707
6.2391324E-07,-0.015816
6.2396324E-07,-0.016034
6.2401324E-07,-0.016253
6.2406324E-07,-0.016580
6.2411324E-07,-0.017017
6.2416324E-07,-0.017344
6.2421324E-07,-0.017672
6.2426324E-07,-0.017999
6.2431324E-07,-0.018218
6.2436324E-07,-0.018436
6.2441324E-07,-0.018654
6.2446324E-07,-0.018654
6.2451324E-07,-0.018654
6.2456324E-07,-0.018654
6.2461324E-07,-0.018545
6.2466324E-07,-0.018327
6.2471324E-07,-0.017999
6.2476324E-07,-0.017781
6.2481324E-07,-0.017453
6.2486324E-07,-0.017126
6.2491324E-07,-0.016689
6.2496324E-07,-0.016362
6.2501324E-07,-0.016034
6.2506324E-07,-0.015707
6.2511324E-07,-0.015270
6.2516324E-07,-0.015052
6.2521324E-07,-0.014724
6.2526324E-07,-0.014397
6.2531324E-07,-0.014069
6.2536324E-07,-0.013851
6.2541324E-07,-0.013523
6.2546324E-07,-0.013196
6.2551324E-07,-0.012759
6.2556324E-07,-0.012432
6.2561324E-07,-0.011886
6.2566324E-07,-0.011449
6.2571324E-07,-0.010794
6.2576324E-07,-0.010248
6.2581324E-07,-0.009593
6.2586324E-07,-0.008829
6.2591324E-07,-0.008174
6.2596324E-07,-0.007410
6.2601324E-07,-0.006646
6.2606324E-07,-0.005991
6.2611324E-07,-0.005336
6.2616324E-07,-0.004790
6.2621324E-07,-0.004353
6.2626324E-07,-0.004026
6.2631324E-07,-0.003807
6.2636324E-07,-0.003698
6.2641324E-07,-0.003807
6.2646324E-07,-0.004135
6.2651324E-07,-0.004571
6.2656324E-07,-0.005226
6.2661324E-07,-0.006100
6.2666324E-07,-0.006973
6.2671324E-07,-0.008065
6.2676324E-07,-0.009266
6.2681324E-07,-0.010576
6.2686324E-07,-0.011777
6.2691324E-07,-0.013087
6.2696324E-07,-0.014397
6.2701324E-07,-0.015597
6.2706324E-07,-0.016689
6.2711324E-07,-0.017781
6.2716324E-07,-0.018654
6.2721324E-07,-0.019309
6.2726324E-07,-0.019964
6.2731324E-07,-0.020292
6.2736324E-07,-0.020510
6.2741324E-07,-0.020619
6.2746324E-07,-0.020619
6.2751324E-07,-0.020401
6.2756324E-07,-0.020073
6.2761324E-07,-0.019637
6.2766324E-07,-0.019200
6.2771324E-07,-0.018654
6.2776324E-07,-0.018108
6.2781324E-07,-0.017563
6.2786324E-07,-0.017017
6.2791324E-07,-0.016471
6.2796324E-07,-0.015925
6.2801324E-07,-0.015270
6.2806324E-07,-0.014724
6.2811324E-07,-0.014178
6.2816324E-07,-0.013632
6.2821324E-07,-0.012977
6.2826324E-07,-0.012322
6.2831324E-07,-0.011558
6.2836324E-07,-0.010685
6.2841324E-07,-0.009812
6.2846324E-07,-0.008720
6.2851324E-07,-0.007628
6.2856324E-07,-0.006427
6.2861324E-07,-0.005117
6.2866324E-07,-0.003698
6.2871324E-07,-0.002279
6.2876324E-07,-0.000751
6.2881324E-07,0.000669
6.2886324E-07,0.002197
6.2891324E-07,0.003616
6.2896324E-07,0.004926
6.2901324E-07,0.006127
6.2906324E-07,0.007110
6.2911324E-07,0.008092
6.2916324E-07,0.008856
6.2921324E-07,0.009402
6.2926324E-07,0.009839
6.2931324E-07,0.010057
6.2936324E-07,0.010166
6.2941324E-07,0.010057
6.2946324E-07,0.009948
6.2951324E-07,0.009621
6.2956324E-07,0.009293
6.2961324E-07,0.008965
6.2966324E-07,0.008638
6.2971324E-07,0.008310
6.2976324E-07,0.008092
6.2981324E-07,0.007874
6.2986324E-07,0.007765
6.2991324E-07,0.007765
6.2996324E-07,0.007874
6.3001324E-07,0.008092
6.3006324E-07,0.008310
6.3011324E-07,0.008638
6.3016324E-07,0.009075
6.3021324E-07,0.009402
6.3026324E-07,0.009839
6.3031324E-07,0.010276
6.3036324E-07,0.010603
6.3041324E-07,0.010931
6.3046324E-07,0.011149
6.3051324E-07,0.011258
6.3056324E-07,0.011258
6.3061324E-07,0.011149
6.3066324E-07,0.011040
6.3071324E-07,0.010712
6.3076324E-07,0.010385
6.3081324E-07,0.009948
6.3086324E-07,0.009511
6.3091324E-07,0.008965
6.3096324E-07,0.008529
6.3101324E-07,0.007983
6.3106324E-07,0.007437
6.3111324E-07,0.007000
6.3116324E-07,0.006564
6.3121324E-07,0.006127
6.3126324E-07,0.005690
6.3131324E-07,0.005363
6.3136324E-07,0.004926
6.3141324E-07,0.004599
6.3146324E-07,0.004162
6.3151324E-07,0.003725
6.3156324E-07,0.003180
6.3161324E-07,0.002634
6.3166324E-07,0.001870
6.3171324E-07,0.000996
6.3176324E-07,0.000123
6.3181324E-07,-0.000969
6.3186324E-07,-0.002170
6.3191324E-07,-0.003480
6.3196324E-07,-0.004899
6.3201324E-07,-0.006318
6.3206324E-07,-0.007847
6.3211324E-07,-0.009266
6.3216324E-07,-0.010685
6.3221324E-07,-0.012104
6.3226324E-07,-0.013414
6.3231324E-07,-0.014506
6.3236324E-07,-0.015488
6.3241324E-07,-0.016253
6.3246324E-07,-0.016798
6.3251324E-07,-0.017126
6.3256324E-07,-0.017235
6.3261324E-07,-0.017126
6.3266324E-07,-0.016798
6.3271324E-07,-0.016253
6.3276324E-07,-0.015597
6.3281324E-07,-0.014833
6.3286324E-07,-0.014069
6.3291324E-07,-0.013196
6.3296324E-07,-0.012322
6.3301324E-07,-0.011449
6.3306324E-07,-0.010794
6.3311324E-07,-0.010139
6.3316324E-07,-0.009702
6.3321324E-07,-0.009375
6.3326324E-07,-0.009266
6.3331324E-07,-0.009266
6.3336324E-07,-0.009484
6.3341324E-07,-0.009812
6.3346324E-07,-0.010248
6.3351324E-07,-0.010903
6.3356324E-07,-0.011449
6.3361324E-07,-0.012104
6.3366324E-07,-0.012759
6.3371324E-07,-0.013305
6.3376324E-07,-0.013742
6.3381324E-07,-0.014069
6.3386324E-07,-0.014178
6.3391324E-07,-0.014178
6.3396324E-07,-0.013960
6.3401324E-07,-0.013523
6.3406324E-07,-0.012977
6.3411324E-07,-0.012213
6.3416324E-07,-0.011340
6.3421324E-07,-0.010357
6.3426324E-07,-0.009157
6.3431324E-07,-0.008065
6.3436324E-07,-0.006755
6.3441324E-07,-0.005554
6.3446324E-07,-0.004462
6.3451324E-07,-0.003371
6.3456324E-07,-0.002279
6.3461324E-07,-0.001406
6.3466324E-07,-0.000641
6.3471324E-07,0.000014
6.3476324E-07,0.000559
6.3481324E-07,0.000996
6.3486324E-07,0.001324
6.3491324E-07,0.001542
6.3496324E-07,0.001651
6.3501324E-07,0.001760
6.3506324E-07,0.001760
6.3511324E-07,0.001651
6.3516324E-07,0.001651
6.3521324E-07,0.001542
6.3526324E-07,0.001433
6.3531324E-07,0.001324
6.3536324E-07,0.001105
6.3541324E-07,0.000887
6.3546324E-07,0.000669
6.3551324E-07,0.000341
6.3556324E-07,-0.000205
6.3561324E-07,-0.000751
6.3566324E-07,-0.001515
6.3571324E-07,-0.002388
6.3576324E-07,-0.003371
6.3581324E-07,-0.004681
6.3586324E-07,-0.006100
6.3591324E-07,-0.007628
6.3596324E-07,-0.009375
6.3601324E-07,-0.011231
6.3606324E-07,-0.013196
6.3611324E-07,-0.015161
6.3616324E-07,-0.017235
6.3621324E-07,-0.019309
6.3626324E-07,-0.021274
6.3631324E-07,-0.023130
6.3636324E-07,-0.024877
6.3641324E-07,-0.026514
6.3646324E-07,-0.027824
6.3651324E-07,-0.028916
6.3656324E-07,-0.029789
6.3661324E-07,-0.030444
6.3666324E-07,-0.030772
6.3671324E-07,-0.030772
6.3676324E-07,-0.030554
6.3681324E-07,-0.030117
6.3686324E-07,-0.029462
6.3691324E-07,-0.028589
6.3696324E-07,-0.027606
6.3701324E-07,-0.026514
6.3706324E-07,-0.025314
6.3711324E-07,-0.024003
6.3716324E-07,-0.022803
6.3721324E-07,-0.021493
6.3726324E-07,-0.020292
6.3731324E-07,-0.019200
6.3736324E-07,-0.018108
6.3741324E-07,-0.017126
6.3746324E-07,-0.016143
6.3751324E-07,-0.015270
6.3756324E-07,-0.014397
6.3761324E-07,-0.013632
6.3766324E-07,-0.012759
6.3771324E-07,-0.011995
6.3776324E-07,-0.011231
6.3781324E-07,-0.010357
6.3786324E-07,-0.009484
6.3791324E-07,-0.008611
6.3796324E-07,-0.007628
6.3801324E-07,-0.006536
6.3806324E-07,-0.005445
6.3811324E-07,-0.004244
6.3816324E-07,-0.003043
6.3821324E-07,-0.001733
6.3826324E-07,-0.000423
6.3831324E-07,0.000778
6.3836324E-07,0.002088
6.3841324E-07,0.003289
6.3846324E-07,0.004380
6.3851324E-07,0.005472
6.3856324E-07,0.006455
6.3861324E-07,0.007219
6.3866324E-07,0.007983
6.3871324E-07,0.008638
6.3876324E-07,0.009184
6.3881324E-07,0.009621
6.3886324E-07,0.009948
6.3891324E-07,0.010166
6.3896324E-07,0.010276
6.3901324E-07,0.010385
6.3906324E-07,0.010385
6.3911324E-07,0.010385
6.3916324E-07,0.010385
6.3921324E-07,0.010276
6.3926324E-07,0.010276
6.3931324E-07,0.010166
6.3936324E-07,0.010057
6.3941324E-07,0.009948
6.3946324E-07,0.009839
6.3951324E-07,0.009621
6.3956324E-07,0.009402
6.3961324E-07,0.009075
6.3966324E-07,0.008747
6.3971324E-07,0.008201
6.3976324E-07,0.007655
6.3981324E-07,0.007000
6.3986324E-07,0.006127
6.3991324E-07,0.005145
6.3996324E-07,0.004162
6.4001324E-07,0.002961
6.4006324E-07,0.001651
6.4011324E-07,0.000341
6.4016324E-07,-0.001078
6.4021324E-07,-0.002497
6.4026324E-07,-0.003916
6.4031324E-07,-0.005336
6.4036324E-07,-0.006646
6.4041324E-07,-0.007737
6.4046324E-07,-0.008829
6.4051324E-07,-0.009702
6.4056324E-07,-0.010357
6.4061324E-07,-0.010903
6.4066324E-07,-0.011122
6.4071324E-07,-0.011231
6.4076324E-07,-0.011012
6.4081324E-07,-0.010685
6.4086324E-07,-0.010139
6.4091324E-07,-0.009484
6.4096324E-07,-0.008720
6.4101324E-07,-0.007737
6.4106324E-07,-0.006864
6.4111324E-07,-0.005881
6.4116324E-07,-0.004899
6.4121324E-07,-0.004026
6.4126324E-07,-0.003261
6.4131324E-07,-0.002497
6.4136324E-07,-0.001951
6.4141324E-07,-0.001515
6.4146324E-07,-0.001187
6.4151324E-07,-0.001078
6.4156324E-07,-0.000969
6.4161324E-07,-0.001078
6.4166324E-07,-0.001296
6.4171324E-07,-0.001624
6.4176324E-07,-0.001951
6.4181324E-07,-0.002388
6.4186324E-07,-0.002825
6.4191324E-07,-0.003261
6.4196324E-07,-0.003698
6.4201324E-07,-0.004135
6.4206324E-07,-0.004571
6.4211324E-07,-0.005008
6.4216324E-07,-0.005445
6.4221324E-07,-0.005881
6.4226324E-07,-0.006427
6.4231324E-07,-0.006973
6.4236324E-07,-0.007519
6.4241324E-07,-0.008283
6.4246324E-07,-0.009047
6.4251324E-07,-0.009921
6.4256324E-07,-0.011012
6.4261324E-07,-0.012104
6.4266324E-07,-0.013305
6.4271324E-07,-0.014724
6.4276324E-07,-0.016034
6.4281324E-07,-0.017563
6.4286324E-07,-0.018982
6.4291324E-07,-0.020401
6.4296324E-07,-0.021820
6.4301324E-07,-0.023130
6.4306324E-07,-0.024331
6.4311324E-07,-0.025314
6.4316324E-07,-0.026078
6.4321324E-07,-0.026624
6.4326324E-07,-0.026951
6.4331324E-07,-0.027060
6.4336324E-07,-0.026951
6.4341324E-07,-0.026624
6.4346324E-07,-0.026078
6.4351324E-07,-0.025314
6.4356324E-07,-0.024440
6.4361324E-07,-0.023458
6.4366324E-07,-0.022475
6.4371324E-07,-0.021493
6.4376324E-07,-0.020510
6.4381324E-07,-0.019637
6.4386324E-07,-0.018873
6.4391324E-07,-0.018327
6.4396324E-07,-0.017890
6.4401324E-07,-0.017781
6.4406324E-07,-0.017781
6.4411324E-07,-0.018108
6.4416324E-07,-0.018654
6.4421324E-07,-0.019418
6.4426324E-07,-0.020292
6.4431324E-07,-0.021383
6.4436324E-07,-0.022693
6.4441324E-07,-0.024003
6.4446324E-07,-0.025314
6.4451324E-07,-0.026733
6.4456324E-07,-0.028152
6.4461324E-07,-0.029571
6.4466324E-07,-0.030772
6.4471324E-07,-0.031973
6.4476324E-07,-0.033065
6.4481324E-07,-0.034047
6.4486324E-07,-0.034811
6.4491324E-07,-0.035466
6.4496324E-07,-0.036012
6.4501324E-07,-0.036449
6.4506324E-07,-0.036776
6.4511324E-07,-0.036885
6.4516324E-07,-0.036995
6.4521324E-07,-0.036995
6.4526324E-07,-0.036995
6.4531324E-07,-0.036776
6.4536324E-07,-0.036558
6.4541324E-07,-0.036230
6.4546324E-07,-0.035903
6.4551324E-07,-0.035466
6.4556324E-07,-0.034920
6.4561324E-07,-0.034265
6.4566324E-07,-0.033501
6.4571324E-07,-0.032628
6.4576324E-07,-0.031645
6.4581324E-07,-0.030444
6.4586324E-07,-0.029134
6.4591324E-07,-0.027715
6.4596324E-07,-0.026187
6.4601324E-07,-0.024440
6.4606324E-07,-0.022584
6.4611324E-07,-0.020728
6.4616324E-07,-0.018763
6.4621324E-07,-0.016689
6.4626324E-07,-0.014724
6.4631324E-07,-0.012759
6.4636324E-07,-0.010794
6.4641324E-07,-0.009047
6.4646324E-07,-0.007410
6.4651324E-07,-0.005881
6.4656324E-07,-0.004571
6.4661324E-07,-0.003589
6.4666324E-07,-0.002716
6.4671324E-07,-0.002170
6.4676324E-07,-0.001951
6.4681324E-07,-0.001842
6.4686324E-07,-0.002061
6.4691324E-07,-0.002497
6.4696324E-07,-0.003043
6.4701324E-07,-0.003807
6.4706324E-07,-0.004571
6.4711324E-07,-0.005554
6.4716324E-07,-0.006536
6.4721324E-07,-0.007519
6.4726324E-07,-0.008502
6.4731324E-07,-0.009375
6.4736324E-07,-0.010139
6.4741324E-07,-0.010794
6.4746324E-07,-0.011340
6.4751324E-07,-0.011777
6.4756324E-07,-0.012104
6.4761324E-07,-0.012213
6.4766324E-07,-0.012322
6.4771324E-07,-0.012213
6.4776324E-07,-0.012104
6.4781324E-07,-0.011886
6.4786324E-07,-0.011558
6.4791324E-07,-0.011340
6.4796324E-07,-0.011012
6.4801324E-07,-0.010794
6.4806324E-07,-0.010576
6.4811324E-07,-0.010357
6.4816324E-07,-0.010248
6.4821324E-07,-0.010139
6.4826324E-07,-0.010030
6.4831324E-07,-0.009921
6.4836324E-07,-0.009921
6.4841324E-07,-0.009921
6.4846324E-07,-0.009812
6.4851324E-07,-0.009702
6.4856324E-07,-0.009593
6.4861324E-07,-0.009375
6.4866324E-07,-0.009047
6.4871324E-07,-0.008720
6.4876324E-07,-0.008174
6.4881324E-07,-0.007628
6.4886324E-07,-0.007082
6.4891324E-07,-0.006427
6.4896324E-07,-0.005772
6.4901324E-07,-0.005008
6.4906324E-07,-0.004353
6.4911324E-07,-0.003807
6.4916324E-07,-0.003261
6.4921324E-07,-0.002825
6.4926324E-07,-0.002497
6.4931324E-07,-0.002279
6.4936324E-07,-0.002170
6.4941324E-07,-0.002279
6.4946324E-07,-0.002606
6.4951324E-07,-0.002934
6.4956324E-07,-0.003371
6.4961324E-07,-0.003916
6.4966324E-07,-0.004571
6.4971324E-07,-0.005226
6.4976324E-07,-0.005772
6.4981324E-07,-0.006427
6.4986324E-07,-0.006864
6.4991324E-07,-0.007301
6.4996324E-07,-0.007519
6.5001324E-07,-0.007628
6.5006324E-07,-0.007519
6.5011324E-07,-0.007301
6.5016324E-07,-0.006864
6.5021324E-07,-0.006318
6.5026324E-07,-0.005554
6.5031324E-07,-0.004790
6.5036324E-07,-0.003916
6.5041324E-07,-0.002934
6.5046324E-07,-0.002061
6.5051324E-07,-0.001078
6.5056324E-07,-0.000205
6.5061324E-07,0.000559
6.5066324E-07,0.001215
6.5071324E-07,0.001760
6.5076324E-07,0.002306
6.5081324E-07,0.002525
6.5086324E-07,0.002743
6.5091324E-07,0.002852
6.5096324E-07,0.002961
6.5101324E-07,0.002852
6.5106324E-07,0.002852
6.5111324E-07,0.002743
6.5116324E-07,0.002743
6.5121324E-07,0.002743
6.5126324E-07,0.002852
6.5131324E-07,0.002961
6.5136324E-07,0.003289
6.5141324E-07,0.003616
6.5146324E-07,0.004053
6.5151324E-07,0.004599
6.5156324E-07,0.005145
6.5161324E-07,0.005800
6.5166324E-07,0.006345
6.5171324E-07,0.006891
6.5176324E-07,0.007328
6.5181324E-07,0.007655
6.5186324E-07,0.007874
6.5191324E-07,0.007874
6.5196324E-07,0.007655
6.5201324E-07,0.007219
6.5206324E-07,0.006564
6.5211324E-07,0.005690
6.5216324E-07,0.004599
6.5221324E-07,0.003289
6.5226324E-07,0.001760
6.5231324E-07,0.000014
6.5236324E-07,-0.001842
6.5241324E-07,-0.003698
6.5246324E-07,-0.005663
6.5251324E-07,-0.007628
6.5256324E-07,-0.009484
6.5261324E-07,-0.011340
6.5266324E-07,-0.013196
6.5271324E-07,-0.014833
6.5276324E-07,-0.016362
6.5281324E-07,-0.017672
6.5286324E-07,-0.018873
6.5291324E-07,-0.019964
6.5296324E-07,-0.020838
6.5301324E-07,-0.021602
6.5306324E-07,-0.022257
6.5311324E-07,-0.022803
6.5316324E-07,-0.023239
6.5321324E-07,-0.023676
6.5326324E-07,-0.024003
6.5331324E-07,-0.024331
6.5336324E-07,-0.024549
6.5341324E-07,-0.024877
6.5346324E-07,-0.025095
6.5351324E-07,-0.025314
6.5356324E-07,-0.025423
6.5361324E-07,-0.025532
6.5366324E-07,-0.025532
6.5371324E-07,-0.025423
6.5376324E-07,-0.025204
6.5381324E-07,-0.024877
6.5386324E-07,-0.024331
6.5391324E-07,-0.023676
6.5396324E-07,-0.022803
6.5401324E-07,-0.021820
6.5406324E-07,-0.020510
6.5411324E-07,-0.019091
6.5416324E-07,-0.017453
6.5421324E-07,-0.015707
6.5426324E-07,-0.013851
6.5431324E-07,-0.011777
6.5436324E-07,-0.009812
