LECROYWaveRunner‘N,20113,Waveform
Segments,1,SegmentSize,4002
Segment,TrigTime,TimeSinceSegment1
#1,12-Dec-2018 11:24:44,0                 
Time,Ampl
4.5694430E-07,-0.000798
4.5699430E-07,0.000426
4.5704430E-07,0.001514
4.5709430E-07,0.002602
4.5714430E-07,0.003418
4.5719430E-07,0.004370
4.5724430E-07,0.005050
4.5729430E-07,0.005729
4.5734430E-07,0.006409
4.5739430E-07,0.006817
4.5744430E-07,0.007361
4.5749430E-07,0.007633
4.5754430E-07,0.007905
4.5759430E-07,0.008041
4.5764430E-07,0.008041
4.5769430E-07,0.008041
4.5774430E-07,0.007905
4.5779430E-07,0.007497
4.5784430E-07,0.007089
4.5789430E-07,0.006681
4.5794430E-07,0.006001
4.5799430E-07,0.005321
4.5804430E-07,0.004506
4.5809430E-07,0.003554
4.5814430E-07,0.002738
4.5819430E-07,0.001650
4.5824430E-07,0.000698
4.5829430E-07,-0.000390
4.5834430E-07,-0.001341
4.5839430E-07,-0.002429
4.5844430E-07,-0.003381
4.5849430E-07,-0.004333
4.5854430E-07,-0.005149
4.5859430E-07,-0.006101
4.5864430E-07,-0.006781
4.5869430E-07,-0.007460
4.5874430E-07,-0.008140
4.5879430E-07,-0.008684
4.5884430E-07,-0.009092
4.5889430E-07,-0.009364
4.5894430E-07,-0.009636
4.5899430E-07,-0.009772
4.5904430E-07,-0.009772
4.5909430E-07,-0.009500
4.5914430E-07,-0.009228
4.5919430E-07,-0.008820
4.5924430E-07,-0.008412
4.5929430E-07,-0.007732
4.5934430E-07,-0.006917
4.5939430E-07,-0.006101
4.5944430E-07,-0.005149
4.5949430E-07,-0.004197
4.5954430E-07,-0.003109
4.5959430E-07,-0.002021
4.5964430E-07,-0.000933
4.5969430E-07,0.000154
4.5974430E-07,0.001242
4.5979430E-07,0.002194
4.5984430E-07,0.003146
4.5989430E-07,0.003962
4.5994430E-07,0.004778
4.5999430E-07,0.005457
4.6004430E-07,0.006001
4.6009430E-07,0.006545
4.6014430E-07,0.006953
4.6019430E-07,0.007225
4.6024430E-07,0.007361
4.6029430E-07,0.007361
4.6034430E-07,0.007361
4.6039430E-07,0.007225
4.6044430E-07,0.006953
4.6049430E-07,0.006681
4.6054430E-07,0.006273
4.6059430E-07,0.005593
4.6064430E-07,0.004914
4.6069430E-07,0.004098
4.6074430E-07,0.003146
4.6079430E-07,0.001922
4.6084430E-07,0.000698
4.6089430E-07,-0.000798
4.6094430E-07,-0.002293
4.6099430E-07,-0.003925
4.6104430E-07,-0.005693
4.6109430E-07,-0.007596
4.6114430E-07,-0.009364
4.6119430E-07,-0.011268
4.6124430E-07,-0.013036
4.6129430E-07,-0.014667
4.6134430E-07,-0.016163
4.6139430E-07,-0.017523
4.6144430E-07,-0.018475
4.6149430E-07,-0.019291
4.6154430E-07,-0.019698
4.6159430E-07,-0.019834
4.6164430E-07,-0.019698
4.6169430E-07,-0.019155
4.6174430E-07,-0.018339
4.6179430E-07,-0.017115
4.6184430E-07,-0.015755
4.6189430E-07,-0.014259
4.6194430E-07,-0.012492
4.6199430E-07,-0.010724
4.6204430E-07,-0.008820
4.6209430E-07,-0.006917
4.6214430E-07,-0.005149
4.6219430E-07,-0.003517
4.6224430E-07,-0.002021
4.6229430E-07,-0.000662
4.6234430E-07,0.000562
4.6239430E-07,0.001514
4.6244430E-07,0.002330
4.6249430E-07,0.003010
4.6254430E-07,0.003554
4.6259430E-07,0.003962
4.6264430E-07,0.004234
4.6269430E-07,0.004506
4.6274430E-07,0.004778
4.6279430E-07,0.004914
4.6284430E-07,0.005186
4.6289430E-07,0.005593
4.6294430E-07,0.005865
4.6299430E-07,0.006273
4.6304430E-07,0.006681
4.6309430E-07,0.007089
4.6314430E-07,0.007497
4.6319430E-07,0.007905
4.6324430E-07,0.008313
4.6329430E-07,0.008585
4.6334430E-07,0.008721
4.6339430E-07,0.008857
4.6344430E-07,0.008721
4.6349430E-07,0.008585
4.6354430E-07,0.008313
4.6359430E-07,0.008041
4.6364430E-07,0.007497
4.6369430E-07,0.007089
4.6374430E-07,0.006545
4.6379430E-07,0.006137
4.6384430E-07,0.005865
4.6389430E-07,0.005593
4.6394430E-07,0.005457
4.6399430E-07,0.005457
4.6404430E-07,0.005729
4.6409430E-07,0.006001
4.6414430E-07,0.006681
4.6419430E-07,0.007361
4.6424430E-07,0.008313
4.6429430E-07,0.009265
4.6434430E-07,0.010353
4.6439430E-07,0.011441
4.6444430E-07,0.012528
4.6449430E-07,0.013616
4.6454430E-07,0.014568
4.6459430E-07,0.015248
4.6464430E-07,0.015928
4.6469430E-07,0.016336
4.6474430E-07,0.016472
4.6479430E-07,0.016336
4.6484430E-07,0.016064
4.6489430E-07,0.015656
4.6494430E-07,0.014976
4.6499430E-07,0.014024
4.6504430E-07,0.013072
4.6509430E-07,0.011984
4.6514430E-07,0.010761
4.6519430E-07,0.009537
4.6524430E-07,0.008313
4.6529430E-07,0.007089
4.6534430E-07,0.005865
4.6539430E-07,0.004642
4.6544430E-07,0.003554
4.6549430E-07,0.002466
4.6554430E-07,0.001514
4.6559430E-07,0.000562
4.6564430E-07,-0.000390
4.6569430E-07,-0.001341
4.6574430E-07,-0.002157
4.6579430E-07,-0.003109
4.6584430E-07,-0.004061
4.6589430E-07,-0.005013
4.6594430E-07,-0.005965
4.6599430E-07,-0.007052
4.6604430E-07,-0.008004
4.6609430E-07,-0.008956
4.6614430E-07,-0.010044
4.6619430E-07,-0.010996
4.6624430E-07,-0.011948
4.6629430E-07,-0.012900
4.6634430E-07,-0.013715
4.6639430E-07,-0.014395
4.6644430E-07,-0.014939
4.6649430E-07,-0.015483
4.6654430E-07,-0.015755
4.6659430E-07,-0.016027
4.6664430E-07,-0.016027
4.6669430E-07,-0.016027
4.6674430E-07,-0.015755
4.6679430E-07,-0.015347
4.6684430E-07,-0.014939
4.6689430E-07,-0.014395
4.6694430E-07,-0.013579
4.6699430E-07,-0.012900
4.6704430E-07,-0.011948
4.6709430E-07,-0.011132
4.6714430E-07,-0.010044
4.6719430E-07,-0.009092
4.6724430E-07,-0.008140
4.6729430E-07,-0.007052
4.6734430E-07,-0.006101
4.6739430E-07,-0.005013
4.6744430E-07,-0.004197
4.6749430E-07,-0.003245
4.6754430E-07,-0.002565
4.6759430E-07,-0.001885
4.6764430E-07,-0.001205
4.6769430E-07,-0.000798
4.6774430E-07,-0.000390
4.6779430E-07,-0.000254
4.6784430E-07,-0.000118
4.6789430E-07,-0.000254
4.6794430E-07,-0.000390
4.6799430E-07,-0.000662
4.6804430E-07,-0.001069
4.6809430E-07,-0.001341
4.6814430E-07,-0.001885
4.6819430E-07,-0.002293
4.6824430E-07,-0.002701
4.6829430E-07,-0.003109
4.6834430E-07,-0.003381
4.6839430E-07,-0.003653
4.6844430E-07,-0.003925
4.6849430E-07,-0.003925
4.6854430E-07,-0.003925
4.6859430E-07,-0.003789
4.6864430E-07,-0.003653
4.6869430E-07,-0.003517
4.6874430E-07,-0.003245
4.6879430E-07,-0.003109
4.6884430E-07,-0.002837
4.6889430E-07,-0.002701
4.6894430E-07,-0.002565
4.6899430E-07,-0.002565
4.6904430E-07,-0.002565
4.6909430E-07,-0.002565
4.6914430E-07,-0.002837
4.6919430E-07,-0.002973
4.6924430E-07,-0.003245
4.6929430E-07,-0.003381
4.6934430E-07,-0.003653
4.6939430E-07,-0.003653
4.6944430E-07,-0.003653
4.6949430E-07,-0.003517
4.6954430E-07,-0.003109
4.6959430E-07,-0.002701
4.6964430E-07,-0.002021
4.6969430E-07,-0.001069
4.6974430E-07,0.000018
4.6979430E-07,0.001242
4.6984430E-07,0.002602
4.6989430E-07,0.003962
4.6994430E-07,0.005457
4.6999430E-07,0.006953
4.7004430E-07,0.008177
4.7009430E-07,0.009401
4.7014430E-07,0.010489
4.7019430E-07,0.011169
4.7024430E-07,0.011712
4.7029430E-07,0.011984
4.7034430E-07,0.011848
4.7039430E-07,0.011576
4.7044430E-07,0.010897
4.7049430E-07,0.009945
4.7054430E-07,0.008857
4.7059430E-07,0.007633
4.7064430E-07,0.006273
4.7069430E-07,0.004778
4.7074430E-07,0.003282
4.7079430E-07,0.001786
4.7084430E-07,0.000290
4.7089430E-07,-0.001069
4.7094430E-07,-0.002429
4.7099430E-07,-0.003653
4.7104430E-07,-0.004741
4.7109430E-07,-0.005693
4.7114430E-07,-0.006781
4.7119430E-07,-0.007732
4.7124430E-07,-0.008820
4.7129430E-07,-0.009908
4.7134430E-07,-0.011132
4.7139430E-07,-0.012492
4.7144430E-07,-0.013987
4.7149430E-07,-0.015619
4.7154430E-07,-0.017523
4.7159430E-07,-0.019562
4.7164430E-07,-0.021738
4.7169430E-07,-0.024050
4.7174430E-07,-0.026361
4.7179430E-07,-0.028809
4.7184430E-07,-0.031121
4.7189430E-07,-0.033296
4.7194430E-07,-0.035472
4.7199430E-07,-0.037376
4.7204430E-07,-0.038871
4.7209430E-07,-0.040231
4.7214430E-07,-0.041183
4.7219430E-07,-0.041727
4.7224430E-07,-0.041999
4.7229430E-07,-0.041863
4.7234430E-07,-0.041319
4.7239430E-07,-0.040639
4.7244430E-07,-0.039551
4.7249430E-07,-0.038327
4.7254430E-07,-0.036832
4.7259430E-07,-0.035336
4.7264430E-07,-0.033704
4.7269430E-07,-0.032072
4.7274430E-07,-0.030441
4.7279430E-07,-0.028809
4.7284430E-07,-0.027177
4.7289430E-07,-0.025817
4.7294430E-07,-0.024458
4.7299430E-07,-0.023098
4.7304430E-07,-0.021874
4.7309430E-07,-0.020786
4.7314430E-07,-0.019698
4.7319430E-07,-0.018611
4.7324430E-07,-0.017387
4.7329430E-07,-0.016299
4.7334430E-07,-0.015075
4.7339430E-07,-0.013715
4.7344430E-07,-0.012356
4.7349430E-07,-0.010996
4.7354430E-07,-0.009364
4.7359430E-07,-0.007868
4.7364430E-07,-0.006237
4.7369430E-07,-0.004469
4.7374430E-07,-0.002837
4.7379430E-07,-0.001069
4.7384430E-07,0.000562
4.7389430E-07,0.002058
4.7394430E-07,0.003554
4.7399430E-07,0.004914
4.7404430E-07,0.006273
4.7409430E-07,0.007361
4.7414430E-07,0.008313
4.7419430E-07,0.008993
4.7424430E-07,0.009673
4.7429430E-07,0.010081
4.7434430E-07,0.010353
4.7439430E-07,0.010489
4.7444430E-07,0.010489
4.7449430E-07,0.010353
4.7454430E-07,0.009945
4.7459430E-07,0.009537
4.7464430E-07,0.008993
4.7469430E-07,0.008449
4.7474430E-07,0.007633
4.7479430E-07,0.006953
4.7484430E-07,0.006001
4.7489430E-07,0.005186
4.7494430E-07,0.004234
4.7499430E-07,0.003418
4.7504430E-07,0.002466
4.7509430E-07,0.001514
4.7514430E-07,0.000562
4.7519430E-07,-0.000254
4.7524430E-07,-0.001069
4.7529430E-07,-0.001749
4.7534430E-07,-0.002565
4.7539430E-07,-0.003109
4.7544430E-07,-0.003789
4.7549430E-07,-0.004333
4.7554430E-07,-0.004741
4.7559430E-07,-0.005149
4.7564430E-07,-0.005421
4.7569430E-07,-0.005693
4.7574430E-07,-0.005829
4.7579430E-07,-0.005965
4.7584430E-07,-0.006101
4.7589430E-07,-0.006101
4.7594430E-07,-0.006101
4.7599430E-07,-0.005965
4.7604430E-07,-0.005829
4.7609430E-07,-0.005557
4.7614430E-07,-0.005149
4.7619430E-07,-0.004741
4.7624430E-07,-0.004197
4.7629430E-07,-0.003517
4.7634430E-07,-0.002837
4.7639430E-07,-0.002021
4.7644430E-07,-0.001205
4.7649430E-07,-0.000254
4.7654430E-07,0.000698
4.7659430E-07,0.001650
4.7664430E-07,0.002602
4.7669430E-07,0.003554
4.7674430E-07,0.004370
4.7679430E-07,0.005050
4.7684430E-07,0.005593
4.7689430E-07,0.005865
4.7694430E-07,0.006137
4.7699430E-07,0.006137
4.7704430E-07,0.005865
4.7709430E-07,0.005321
4.7714430E-07,0.004778
4.7719430E-07,0.003962
4.7724430E-07,0.003010
4.7729430E-07,0.001922
4.7734430E-07,0.000834
4.7739430E-07,-0.000254
4.7744430E-07,-0.001341
4.7749430E-07,-0.002293
4.7754430E-07,-0.003109
4.7759430E-07,-0.003789
4.7764430E-07,-0.004333
4.7769430E-07,-0.004469
4.7774430E-07,-0.004605
4.7779430E-07,-0.004333
4.7784430E-07,-0.004061
4.7789430E-07,-0.003517
4.7794430E-07,-0.002837
4.7799430E-07,-0.002157
4.7804430E-07,-0.001341
4.7809430E-07,-0.000662
4.7814430E-07,-0.000118
4.7819430E-07,0.000290
4.7824430E-07,0.000426
4.7829430E-07,0.000426
4.7834430E-07,0.000154
4.7839430E-07,-0.000390
4.7844430E-07,-0.001205
4.7849430E-07,-0.002429
4.7854430E-07,-0.003789
4.7859430E-07,-0.005285
4.7864430E-07,-0.007052
4.7869430E-07,-0.008956
4.7874430E-07,-0.010724
4.7879430E-07,-0.012628
4.7884430E-07,-0.014395
4.7889430E-07,-0.016163
4.7894430E-07,-0.017659
4.7899430E-07,-0.019019
4.7904430E-07,-0.020106
4.7909430E-07,-0.020922
4.7914430E-07,-0.021602
4.7919430E-07,-0.022010
4.7924430E-07,-0.022282
4.7929430E-07,-0.022418
4.7934430E-07,-0.022282
4.7939430E-07,-0.022146
4.7944430E-07,-0.021874
4.7949430E-07,-0.021602
4.7954430E-07,-0.021466
4.7959430E-07,-0.021194
4.7964430E-07,-0.021058
4.7969430E-07,-0.021058
4.7974430E-07,-0.021058
4.7979430E-07,-0.021194
4.7984430E-07,-0.021330
4.7989430E-07,-0.021602
4.7994430E-07,-0.021874
4.7999430E-07,-0.022146
4.8004430E-07,-0.022554
4.8009430E-07,-0.022826
4.8014430E-07,-0.023234
4.8019430E-07,-0.023506
4.8024430E-07,-0.023914
4.8029430E-07,-0.024186
4.8034430E-07,-0.024458
4.8039430E-07,-0.024730
4.8044430E-07,-0.025002
4.8049430E-07,-0.025274
4.8054430E-07,-0.025545
4.8059430E-07,-0.025817
4.8064430E-07,-0.026225
4.8069430E-07,-0.026633
4.8074430E-07,-0.027177
4.8079430E-07,-0.027585
4.8084430E-07,-0.028129
4.8089430E-07,-0.028537
4.8094430E-07,-0.029081
4.8099430E-07,-0.029353
4.8104430E-07,-0.029625
4.8109430E-07,-0.029761
4.8114430E-07,-0.029761
4.8119430E-07,-0.029489
4.8124430E-07,-0.028945
4.8129430E-07,-0.028265
4.8134430E-07,-0.027313
4.8139430E-07,-0.026089
4.8144430E-07,-0.024594
4.8149430E-07,-0.022826
4.8154430E-07,-0.021058
4.8159430E-07,-0.019019
4.8164430E-07,-0.016843
4.8169430E-07,-0.014667
4.8174430E-07,-0.012492
4.8179430E-07,-0.010452
4.8184430E-07,-0.008412
4.8189430E-07,-0.006509
4.8194430E-07,-0.004741
4.8199430E-07,-0.003245
4.8204430E-07,-0.002021
4.8209430E-07,-0.000933
4.8214430E-07,-0.000118
4.8219430E-07,0.000426
4.8224430E-07,0.000834
4.8229430E-07,0.001106
4.8234430E-07,0.001106
4.8239430E-07,0.000970
4.8244430E-07,0.000834
4.8249430E-07,0.000698
4.8254430E-07,0.000562
4.8259430E-07,0.000290
4.8264430E-07,0.000290
4.8269430E-07,0.000290
4.8274430E-07,0.000426
4.8279430E-07,0.000698
4.8284430E-07,0.001106
4.8289430E-07,0.001650
4.8294430E-07,0.002330
4.8299430E-07,0.003146
4.8304430E-07,0.004234
4.8309430E-07,0.005321
4.8314430E-07,0.006545
4.8319430E-07,0.007905
4.8324430E-07,0.009401
4.8329430E-07,0.011033
4.8334430E-07,0.012528
4.8339430E-07,0.014296
4.8344430E-07,0.015928
4.8349430E-07,0.017560
4.8354430E-07,0.019327
4.8359430E-07,0.020959
4.8364430E-07,0.022591
4.8369430E-07,0.024086
4.8374430E-07,0.025582
4.8379430E-07,0.026942
4.8384430E-07,0.028166
4.8389430E-07,0.029390
4.8394430E-07,0.030477
4.8399430E-07,0.031429
4.8404430E-07,0.032245
4.8409430E-07,0.032789
4.8414430E-07,0.033333
4.8419430E-07,0.033877
4.8424430E-07,0.034149
4.8429430E-07,0.034285
4.8434430E-07,0.034421
4.8439430E-07,0.034421
4.8444430E-07,0.034285
4.8449430E-07,0.034013
4.8454430E-07,0.033741
4.8459430E-07,0.033197
4.8464430E-07,0.032653
4.8469430E-07,0.031973
4.8474430E-07,0.031157
4.8479430E-07,0.030205
4.8484430E-07,0.028982
4.8489430E-07,0.027622
4.8494430E-07,0.026126
4.8499430E-07,0.024358
4.8504430E-07,0.022319
4.8509430E-07,0.020279
4.8514430E-07,0.017967
4.8519430E-07,0.015384
4.8524430E-07,0.012800
4.8529430E-07,0.010081
4.8534430E-07,0.007361
4.8539430E-07,0.004642
4.8544430E-07,0.001922
4.8549430E-07,-0.000798
4.8554430E-07,-0.003245
4.8559430E-07,-0.005557
4.8564430E-07,-0.007596
4.8569430E-07,-0.009500
4.8574430E-07,-0.010996
4.8579430E-07,-0.012220
4.8584430E-07,-0.013172
4.8589430E-07,-0.013987
4.8594430E-07,-0.014395
4.8599430E-07,-0.014531
4.8604430E-07,-0.014667
4.8609430E-07,-0.014531
4.8614430E-07,-0.014259
4.8619430E-07,-0.013851
4.8624430E-07,-0.013443
4.8629430E-07,-0.013172
4.8634430E-07,-0.012764
4.8639430E-07,-0.012356
4.8644430E-07,-0.012084
4.8649430E-07,-0.011812
4.8654430E-07,-0.011540
4.8659430E-07,-0.011268
4.8664430E-07,-0.010996
4.8669430E-07,-0.010588
4.8674430E-07,-0.010044
4.8679430E-07,-0.009500
4.8684430E-07,-0.008684
4.8689430E-07,-0.007732
4.8694430E-07,-0.006509
4.8699430E-07,-0.005285
4.8704430E-07,-0.003653
4.8709430E-07,-0.002021
4.8714430E-07,-0.000118
4.8719430E-07,0.001786
4.8724430E-07,0.003690
4.8729430E-07,0.005593
4.8734430E-07,0.007497
4.8739430E-07,0.009129
4.8744430E-07,0.010625
4.8749430E-07,0.011848
4.8754430E-07,0.012800
4.8759430E-07,0.013344
4.8764430E-07,0.013616
4.8769430E-07,0.013480
4.8774430E-07,0.013072
4.8779430E-07,0.012392
4.8784430E-07,0.011305
4.8789430E-07,0.010081
4.8794430E-07,0.008585
4.8799430E-07,0.006817
4.8804430E-07,0.005186
4.8809430E-07,0.003418
4.8814430E-07,0.001650
4.8819430E-07,-0.000118
4.8824430E-07,-0.001613
4.8829430E-07,-0.003109
4.8834430E-07,-0.004469
4.8839430E-07,-0.005693
4.8844430E-07,-0.006781
4.8849430E-07,-0.007596
4.8854430E-07,-0.008412
4.8859430E-07,-0.009092
4.8864430E-07,-0.009636
4.8869430E-07,-0.010180
4.8874430E-07,-0.010588
4.8879430E-07,-0.010996
4.8884430E-07,-0.011268
4.8889430E-07,-0.011676
4.8894430E-07,-0.011948
4.8899430E-07,-0.012084
4.8904430E-07,-0.012220
4.8909430E-07,-0.012356
4.8914430E-07,-0.012220
4.8919430E-07,-0.012084
4.8924430E-07,-0.011812
4.8929430E-07,-0.011404
4.8934430E-07,-0.010996
4.8939430E-07,-0.010316
4.8944430E-07,-0.009500
4.8949430E-07,-0.008684
4.8954430E-07,-0.007868
4.8959430E-07,-0.006917
4.8964430E-07,-0.006101
4.8969430E-07,-0.005285
4.8974430E-07,-0.004605
4.8979430E-07,-0.004061
4.8984430E-07,-0.003789
4.8989430E-07,-0.003653
4.8994430E-07,-0.003925
4.8999430E-07,-0.004333
4.9004430E-07,-0.005149
4.9009430E-07,-0.006237
4.9014430E-07,-0.007732
4.9019430E-07,-0.009364
4.9024430E-07,-0.011268
4.9029430E-07,-0.013307
4.9034430E-07,-0.015483
4.9039430E-07,-0.017659
4.9044430E-07,-0.019970
4.9049430E-07,-0.022282
4.9054430E-07,-0.024458
4.9059430E-07,-0.026497
4.9064430E-07,-0.028265
4.9069430E-07,-0.029897
4.9074430E-07,-0.031257
4.9079430E-07,-0.032344
4.9084430E-07,-0.033024
4.9089430E-07,-0.033568
4.9094430E-07,-0.033704
4.9099430E-07,-0.033432
4.9104430E-07,-0.033024
4.9109430E-07,-0.032208
4.9114430E-07,-0.031257
4.9119430E-07,-0.030033
4.9124430E-07,-0.028537
4.9129430E-07,-0.026905
4.9134430E-07,-0.025002
4.9139430E-07,-0.022962
4.9144430E-07,-0.020922
4.9149430E-07,-0.018611
4.9154430E-07,-0.016299
4.9159430E-07,-0.013851
4.9164430E-07,-0.011268
4.9169430E-07,-0.008548
4.9174430E-07,-0.005829
4.9179430E-07,-0.002973
4.9184430E-07,0.000018
4.9189430E-07,0.003146
4.9194430E-07,0.006409
4.9199430E-07,0.009809
4.9204430E-07,0.013480
4.9209430E-07,0.017288
4.9214430E-07,0.021231
4.9219430E-07,0.025582
4.9224430E-07,0.030205
4.9229430E-07,0.034965
4.9234430E-07,0.040132
4.9239430E-07,0.045571
4.9244430E-07,0.051282
4.9249430E-07,0.057401
4.9254430E-07,0.063928
4.9259430E-07,0.070591
4.9264430E-07,0.077662
4.9269430E-07,0.085005
4.9274430E-07,0.092755
4.9279430E-07,0.100642
4.9284430E-07,0.108801
4.9289430E-07,0.117367
4.9294430E-07,0.125934
4.9299430E-07,0.134908
4.9304430E-07,0.144019
4.9309430E-07,0.153401
4.9314430E-07,0.162920
4.9319430E-07,0.172846
4.9324430E-07,0.182909
4.9329430E-07,0.193379
4.9334430E-07,0.204121
4.9339430E-07,0.215135
4.9344430E-07,0.226558
4.9349430E-07,0.238388
4.9354430E-07,0.250762
4.9359430E-07,0.263408
4.9364430E-07,0.276597
4.9369430E-07,0.290331
4.9374430E-07,0.304473
4.9379430E-07,0.319023
4.9384430E-07,0.334116
4.9389430E-07,0.349482
4.9394430E-07,0.365255
4.9399430E-07,0.381300
4.9404430E-07,0.397618
4.9409430E-07,0.414071
4.9414430E-07,0.430660
4.9419430E-07,0.447250
4.9424430E-07,0.463975
4.9429430E-07,0.480564
4.9434430E-07,0.497018
4.9439430E-07,0.513471
4.9444430E-07,0.529788
4.9449430E-07,0.545834
4.9454430E-07,0.561879
4.9459430E-07,0.577653
4.9464430E-07,0.593426
4.9469430E-07,0.609063
4.9474430E-07,0.624701
4.9479430E-07,0.640338
4.9484430E-07,0.655840
4.9489430E-07,0.671477
4.9494430E-07,0.686979
4.9499430E-07,0.702616
4.9504430E-07,0.718118
4.9509430E-07,0.733755
4.9514430E-07,0.749121
4.9519430E-07,0.764486
4.9524430E-07,0.779580
4.9529430E-07,0.794537
4.9534430E-07,0.809087
4.9539430E-07,0.823229
4.9544430E-07,0.836826
4.9549430E-07,0.850016
4.9554430E-07,0.862526
4.9559430E-07,0.874356
4.9564430E-07,0.885507
4.9569430E-07,0.895977
4.9574430E-07,0.905767
4.9579430E-07,0.914878
4.9584430E-07,0.923308
4.9589430E-07,0.931059
4.9594430E-07,0.938266
4.9599430E-07,0.944929
4.9604430E-07,0.951048
4.9609430E-07,0.956623
4.9614430E-07,0.961926
4.9619430E-07,0.966821
4.9624430E-07,0.971445
4.9629430E-07,0.975796
4.9634430E-07,0.979739
4.9639430E-07,0.983411
4.9644430E-07,0.986810
4.9649430E-07,0.989802
4.9654430E-07,0.992521
4.9659430E-07,0.994969
4.9664430E-07,0.996873
4.9669430E-07,0.998368
4.9674430E-07,0.999320
4.9679430E-07,0.999864
4.9684430E-07,1.000000
4.9689430E-07,0.999592
4.9694430E-07,0.998640
4.9699430E-07,0.997280
4.9704430E-07,0.995513
4.9709430E-07,0.993337
4.9714430E-07,0.990889
4.9719430E-07,0.988034
4.9724430E-07,0.985042
4.9729430E-07,0.981779
4.9734430E-07,0.978515
4.9739430E-07,0.974980
4.9744430E-07,0.971445
4.9749430E-07,0.967909
4.9754430E-07,0.964238
4.9759430E-07,0.960566
4.9764430E-07,0.956759
4.9769430E-07,0.952816
4.9774430E-07,0.948872
4.9779430E-07,0.944793
4.9784430E-07,0.940442
4.9789430E-07,0.935818
4.9794430E-07,0.930923
4.9799430E-07,0.925756
4.9804430E-07,0.920317
4.9809430E-07,0.914470
4.9814430E-07,0.908351
4.9819430E-07,0.901824
4.9824430E-07,0.895025
4.9829430E-07,0.887954
4.9834430E-07,0.880611
4.9839430E-07,0.873133
4.9844430E-07,0.865382
4.9849430E-07,0.857631
4.9854430E-07,0.849880
4.9859430E-07,0.842130
4.9864430E-07,0.834379
4.9869430E-07,0.826764
4.9874430E-07,0.819285
4.9879430E-07,0.811943
4.9884430E-07,0.804872
4.9889430E-07,0.797937
4.9894430E-07,0.791138
4.9899430E-07,0.784611
4.9904430E-07,0.778220
4.9909430E-07,0.771965
4.9914430E-07,0.765846
4.9919430E-07,0.759863
4.9924430E-07,0.754152
4.9929430E-07,0.748305
4.9934430E-07,0.742730
4.9939430E-07,0.737155
4.9944430E-07,0.731580
4.9949430E-07,0.726004
4.9954430E-07,0.720565
4.9959430E-07,0.715126
4.9964430E-07,0.709823
4.9969430E-07,0.704384
4.9974430E-07,0.699081
4.9979430E-07,0.693914
4.9984430E-07,0.688611
4.9989430E-07,0.683579
4.9994430E-07,0.678412
4.9999430E-07,0.673517
5.0004430E-07,0.668622
5.0009430E-07,0.663727
5.0014430E-07,0.659103
5.0019430E-07,0.654480
5.0024430E-07,0.649857
5.0029430E-07,0.645506
5.0034430E-07,0.641154
5.0039430E-07,0.636939
5.0044430E-07,0.632860
5.0049430E-07,0.628916
5.0054430E-07,0.624973
5.0059430E-07,0.621166
5.0064430E-07,0.617358
5.0069430E-07,0.613687
5.0074430E-07,0.610015
5.0079430E-07,0.606344
5.0084430E-07,0.602673
5.0089430E-07,0.599001
5.0094430E-07,0.595194
5.0099430E-07,0.591386
5.0104430E-07,0.587307
5.0109430E-07,0.583228
5.0114430E-07,0.579012
5.0119430E-07,0.574661
5.0124430E-07,0.570174
5.0129430E-07,0.565551
5.0134430E-07,0.560791
5.0139430E-07,0.555896
5.0144430E-07,0.550865
5.0149430E-07,0.545698
5.0154430E-07,0.540667
5.0159430E-07,0.535499
5.0164430E-07,0.530332
5.0169430E-07,0.525301
5.0174430E-07,0.520270
5.0179430E-07,0.515239
5.0184430E-07,0.510344
5.0189430E-07,0.505448
5.0194430E-07,0.500689
5.0199430E-07,0.496066
5.0204430E-07,0.491307
5.0209430E-07,0.486683
5.0214430E-07,0.481924
5.0219430E-07,0.477165
5.0224430E-07,0.472270
5.0229430E-07,0.467238
5.0234430E-07,0.462071
5.0239430E-07,0.456768
5.0244430E-07,0.451329
5.0249430E-07,0.445618
5.0254430E-07,0.439635
5.0259430E-07,0.433652
5.0264430E-07,0.427533
5.0269430E-07,0.421278
5.0274430E-07,0.414887
5.0279430E-07,0.408496
5.0284430E-07,0.402105
5.0289430E-07,0.395850
5.0294430E-07,0.389595
5.0299430E-07,0.383612
5.0304430E-07,0.377629
5.0309430E-07,0.371918
5.0314430E-07,0.366343
5.0319430E-07,0.361040
5.0324430E-07,0.355737
5.0329430E-07,0.350705
5.0334430E-07,0.345810
5.0339430E-07,0.340915
5.0344430E-07,0.336156
5.0349430E-07,0.331533
5.0354430E-07,0.326909
5.0359430E-07,0.322286
5.0364430E-07,0.317527
5.0369430E-07,0.313040
5.0374430E-07,0.308416
5.0379430E-07,0.303929
5.0384430E-07,0.299442
5.0389430E-07,0.295090
5.0394430E-07,0.290875
5.0399430E-07,0.286932
5.0404430E-07,0.283260
5.0409430E-07,0.279861
5.0414430E-07,0.276733
5.0419430E-07,0.273878
5.0424430E-07,0.271430
5.0429430E-07,0.269391
5.0434430E-07,0.267623
5.0439430E-07,0.266127
5.0444430E-07,0.264903
5.0449430E-07,0.264087
5.0454430E-07,0.263272
5.0459430E-07,0.262728
5.0464430E-07,0.262184
5.0469430E-07,0.261640
5.0474430E-07,0.261096
5.0479430E-07,0.260416
5.0484430E-07,0.259736
5.0489430E-07,0.258920
5.0494430E-07,0.257968
5.0499430E-07,0.256881
5.0504430E-07,0.255657
5.0509430E-07,0.254433
5.0514430E-07,0.253209
5.0519430E-07,0.251985
5.0524430E-07,0.250762
5.0529430E-07,0.249674
5.0534430E-07,0.248722
5.0539430E-07,0.247906
5.0544430E-07,0.247362
5.0549430E-07,0.247090
5.0554430E-07,0.246954
5.0559430E-07,0.247226
5.0564430E-07,0.247634
5.0569430E-07,0.248178
5.0574430E-07,0.248994
5.0579430E-07,0.249946
5.0584430E-07,0.250898
5.0589430E-07,0.251985
5.0594430E-07,0.253209
5.0599430E-07,0.254297
5.0604430E-07,0.255249
5.0609430E-07,0.256201
5.0614430E-07,0.257017
5.0619430E-07,0.257832
5.0624430E-07,0.258376
5.0629430E-07,0.258920
5.0634430E-07,0.259328
5.0639430E-07,0.259600
5.0644430E-07,0.259736
5.0649430E-07,0.260008
5.0654430E-07,0.260144
5.0659430E-07,0.260144
5.0664430E-07,0.260280
5.0669430E-07,0.260416
5.0674430E-07,0.260552
5.0679430E-07,0.260688
5.0684430E-07,0.260824
5.0689430E-07,0.260824
5.0694430E-07,0.260960
5.0699430E-07,0.261096
5.0704430E-07,0.261096
5.0709430E-07,0.261096
5.0714430E-07,0.261096
5.0719430E-07,0.260960
5.0724430E-07,0.260688
5.0729430E-07,0.260416
5.0734430E-07,0.260008
5.0739430E-07,0.259464
5.0744430E-07,0.258920
5.0749430E-07,0.258240
5.0754430E-07,0.257561
5.0759430E-07,0.256881
5.0764430E-07,0.256065
5.0769430E-07,0.255249
5.0774430E-07,0.254433
5.0779430E-07,0.253617
5.0784430E-07,0.252801
5.0789430E-07,0.251985
5.0794430E-07,0.251034
5.0799430E-07,0.250218
5.0804430E-07,0.249266
5.0809430E-07,0.248314
5.0814430E-07,0.247362
5.0819430E-07,0.246274
5.0824430E-07,0.245187
5.0829430E-07,0.243963
5.0834430E-07,0.242739
5.0839430E-07,0.241379
5.0844430E-07,0.240019
5.0849430E-07,0.238660
5.0854430E-07,0.237028
5.0859430E-07,0.235532
5.0864430E-07,0.233764
5.0869430E-07,0.232133
5.0874430E-07,0.230365
5.0879430E-07,0.228461
5.0884430E-07,0.226558
5.0889430E-07,0.224654
5.0894430E-07,0.222478
5.0899430E-07,0.220439
5.0904430E-07,0.218263
5.0909430E-07,0.215951
5.0914430E-07,0.213640
5.0919430E-07,0.211192
5.0924430E-07,0.208744
5.0929430E-07,0.206161
5.0934430E-07,0.203577
5.0939430E-07,0.200994
5.0944430E-07,0.198410
5.0949430E-07,0.195963
5.0954430E-07,0.193515
5.0959430E-07,0.191203
5.0964430E-07,0.188892
5.0969430E-07,0.186852
5.0974430E-07,0.184948
5.0979430E-07,0.183181
5.0984430E-07,0.181685
5.0989430E-07,0.180325
5.0994430E-07,0.179237
5.0999430E-07,0.178149
5.1004430E-07,0.177198
5.1009430E-07,0.176382
5.1014430E-07,0.175566
5.1019430E-07,0.174750
5.1024430E-07,0.173934
5.1029430E-07,0.172982
5.1034430E-07,0.171894
5.1039430E-07,0.170671
5.1044430E-07,0.169311
5.1049430E-07,0.167679
5.1054430E-07,0.165911
5.1059430E-07,0.164008
5.1064430E-07,0.162104
5.1069430E-07,0.159928
5.1074430E-07,0.157753
5.1079430E-07,0.155577
5.1084430E-07,0.153537
5.1089430E-07,0.151498
5.1094430E-07,0.149730
5.1099430E-07,0.148234
5.1104430E-07,0.146875
5.1109430E-07,0.145787
5.1114430E-07,0.145107
5.1119430E-07,0.144563
5.1124430E-07,0.144427
5.1129430E-07,0.144427
5.1134430E-07,0.144835
5.1139430E-07,0.145243
5.1144430E-07,0.145923
5.1149430E-07,0.146603
5.1154430E-07,0.147418
5.1159430E-07,0.148098
5.1164430E-07,0.148778
5.1169430E-07,0.149322
5.1174430E-07,0.149730
5.1179430E-07,0.150002
5.1184430E-07,0.150138
5.1189430E-07,0.150138
5.1194430E-07,0.150138
5.1199430E-07,0.149866
5.1204430E-07,0.149594
5.1209430E-07,0.149322
5.1214430E-07,0.149050
5.1219430E-07,0.148778
5.1224430E-07,0.148642
5.1229430E-07,0.148506
5.1234430E-07,0.148506
5.1239430E-07,0.148642
5.1244430E-07,0.148778
5.1249430E-07,0.149050
5.1254430E-07,0.149322
5.1259430E-07,0.149594
5.1264430E-07,0.149866
5.1269430E-07,0.150002
5.1274430E-07,0.150138
5.1279430E-07,0.150002
5.1284430E-07,0.149730
5.1289430E-07,0.149322
5.1294430E-07,0.148642
5.1299430E-07,0.147826
5.1304430E-07,0.146739
5.1309430E-07,0.145515
5.1314430E-07,0.144155
5.1319430E-07,0.142523
5.1324430E-07,0.141027
5.1329430E-07,0.139396
5.1334430E-07,0.137900
5.1339430E-07,0.136404
5.1344430E-07,0.135044
5.1349430E-07,0.133821
5.1354430E-07,0.132733
5.1359430E-07,0.131917
5.1364430E-07,0.131237
5.1369430E-07,0.130693
5.1374430E-07,0.130421
5.1379430E-07,0.130285
5.1384430E-07,0.130285
5.1389430E-07,0.130285
5.1394430E-07,0.130421
5.1399430E-07,0.130421
5.1404430E-07,0.130421
5.1409430E-07,0.130421
5.1414430E-07,0.130285
5.1419430E-07,0.129877
5.1424430E-07,0.129469
5.1429430E-07,0.128789
5.1434430E-07,0.127838
5.1439430E-07,0.126886
5.1444430E-07,0.125662
5.1449430E-07,0.124302
5.1454430E-07,0.122806
5.1459430E-07,0.121311
5.1464430E-07,0.119679
5.1469430E-07,0.117911
5.1474430E-07,0.116144
5.1479430E-07,0.114376
5.1484430E-07,0.112472
5.1489430E-07,0.110704
5.1494430E-07,0.108937
5.1499430E-07,0.107169
5.1504430E-07,0.105401
5.1509430E-07,0.103634
5.1514430E-07,0.101866
5.1519430E-07,0.100098
5.1524430E-07,0.098330
5.1529430E-07,0.096427
5.1534430E-07,0.094659
5.1539430E-07,0.092891
5.1544430E-07,0.090988
5.1549430E-07,0.089220
5.1554430E-07,0.087316
5.1559430E-07,0.085548
5.1564430E-07,0.083645
5.1569430E-07,0.081741
5.1574430E-07,0.079973
5.1579430E-07,0.078206
5.1584430E-07,0.076438
5.1589430E-07,0.074670
5.1594430E-07,0.072903
5.1599430E-07,0.071271
5.1604430E-07,0.069775
5.1609430E-07,0.068279
5.1614430E-07,0.066919
5.1619430E-07,0.065696
5.1624430E-07,0.064608
5.1629430E-07,0.063656
5.1634430E-07,0.062976
5.1639430E-07,0.062296
5.1644430E-07,0.062024
5.1649430E-07,0.061752
5.1654430E-07,0.061888
5.1659430E-07,0.062160
5.1664430E-07,0.062568
5.1669430E-07,0.063248
5.1674430E-07,0.064200
5.1679430E-07,0.065288
5.1684430E-07,0.066512
5.1689430E-07,0.067871
5.1694430E-07,0.069367
5.1699430E-07,0.070727
5.1704430E-07,0.072223
5.1709430E-07,0.073718
5.1714430E-07,0.075078
5.1719430E-07,0.076302
5.1724430E-07,0.077390
5.1729430E-07,0.078342
5.1734430E-07,0.079022
5.1739430E-07,0.079701
5.1744430E-07,0.080109
5.1749430E-07,0.080381
5.1754430E-07,0.080517
5.1759430E-07,0.080653
5.1764430E-07,0.080653
5.1769430E-07,0.080653
5.1774430E-07,0.080653
5.1779430E-07,0.080653
5.1784430E-07,0.080789
5.1789430E-07,0.081061
5.1794430E-07,0.081333
5.1799430E-07,0.081877
5.1804430E-07,0.082421
5.1809430E-07,0.083101
5.1814430E-07,0.083781
5.1819430E-07,0.084597
5.1824430E-07,0.085548
5.1829430E-07,0.086364
5.1834430E-07,0.087180
5.1839430E-07,0.087860
5.1844430E-07,0.088540
5.1849430E-07,0.089084
5.1854430E-07,0.089492
5.1859430E-07,0.089764
5.1864430E-07,0.089900
5.1869430E-07,0.090036
5.1874430E-07,0.090036
5.1879430E-07,0.090036
5.1884430E-07,0.089900
5.1889430E-07,0.089900
5.1894430E-07,0.090036
5.1899430E-07,0.090172
5.1904430E-07,0.090444
5.1909430E-07,0.090852
5.1914430E-07,0.091396
5.1919430E-07,0.092075
5.1924430E-07,0.092891
5.1929430E-07,0.093707
5.1934430E-07,0.094659
5.1939430E-07,0.095475
5.1944430E-07,0.096427
5.1949430E-07,0.097107
5.1954430E-07,0.097786
5.1959430E-07,0.098330
5.1964430E-07,0.098602
5.1969430E-07,0.098602
5.1974430E-07,0.098466
5.1979430E-07,0.098058
5.1984430E-07,0.097379
5.1989430E-07,0.096427
5.1994430E-07,0.095339
5.1999430E-07,0.094115
5.2004430E-07,0.092755
5.2009430E-07,0.091396
5.2014430E-07,0.090036
5.2019430E-07,0.088676
5.2024430E-07,0.087316
5.2029430E-07,0.086228
5.2034430E-07,0.085141
5.2039430E-07,0.084325
5.2044430E-07,0.083509
5.2049430E-07,0.082829
5.2054430E-07,0.082285
5.2059430E-07,0.081741
5.2064430E-07,0.081333
5.2069430E-07,0.080925
5.2074430E-07,0.080381
5.2079430E-07,0.079837
5.2084430E-07,0.079158
5.2089430E-07,0.078478
5.2094430E-07,0.077526
5.2099430E-07,0.076574
5.2104430E-07,0.075486
5.2109430E-07,0.074398
5.2114430E-07,0.073174
5.2119430E-07,0.071951
5.2124430E-07,0.070863
5.2129430E-07,0.069775
5.2134430E-07,0.068959
5.2139430E-07,0.068279
5.2144430E-07,0.067735
5.2149430E-07,0.067599
5.2154430E-07,0.067599
5.2159430E-07,0.067871
5.2164430E-07,0.068415
5.2169430E-07,0.069231
5.2174430E-07,0.070319
5.2179430E-07,0.071407
5.2184430E-07,0.072767
5.2189430E-07,0.073990
5.2194430E-07,0.075350
5.2199430E-07,0.076574
5.2204430E-07,0.077662
5.2209430E-07,0.078614
5.2214430E-07,0.079429
5.2219430E-07,0.079973
5.2224430E-07,0.080245
5.2229430E-07,0.080245
5.2234430E-07,0.079973
5.2239430E-07,0.079565
5.2244430E-07,0.078886
5.2249430E-07,0.078070
5.2254430E-07,0.077118
5.2259430E-07,0.075894
5.2264430E-07,0.074806
5.2269430E-07,0.073582
5.2274430E-07,0.072359
5.2279430E-07,0.071135
5.2284430E-07,0.070047
5.2289430E-07,0.068959
5.2294430E-07,0.067871
5.2299430E-07,0.066919
5.2304430E-07,0.066104
5.2309430E-07,0.065288
5.2314430E-07,0.064608
5.2319430E-07,0.063928
5.2324430E-07,0.063248
5.2329430E-07,0.062568
5.2334430E-07,0.062024
5.2339430E-07,0.061344
5.2344430E-07,0.060665
5.2349430E-07,0.060121
5.2354430E-07,0.059441
5.2359430E-07,0.058625
5.2364430E-07,0.057945
5.2369430E-07,0.057265
5.2374430E-07,0.056449
5.2379430E-07,0.055633
5.2384430E-07,0.054681
5.2389430E-07,0.053866
5.2394430E-07,0.052914
5.2399430E-07,0.051826
5.2404430E-07,0.050738
5.2409430E-07,0.049650
5.2414430E-07,0.048426
5.2419430E-07,0.047067
5.2424430E-07,0.045707
5.2429430E-07,0.044347
5.2434430E-07,0.042851
5.2439430E-07,0.041356
5.2444430E-07,0.039724
5.2449430E-07,0.038092
5.2454430E-07,0.036460
5.2459430E-07,0.034829
5.2464430E-07,0.033333
5.2469430E-07,0.031701
5.2474430E-07,0.030205
5.2479430E-07,0.028710
5.2484430E-07,0.027350
5.2489430E-07,0.025990
5.2494430E-07,0.024630
5.2499430E-07,0.023407
5.2504430E-07,0.022319
5.2509430E-07,0.021231
5.2514430E-07,0.020143
5.2519430E-07,0.019055
5.2524430E-07,0.017967
5.2529430E-07,0.016880
5.2534430E-07,0.015792
5.2539430E-07,0.014704
5.2544430E-07,0.013752
5.2549430E-07,0.012664
5.2554430E-07,0.011576
5.2559430E-07,0.010625
5.2564430E-07,0.009673
5.2569430E-07,0.008857
5.2574430E-07,0.008041
5.2579430E-07,0.007497
5.2584430E-07,0.007089
5.2589430E-07,0.006817
5.2594430E-07,0.006681
5.2599430E-07,0.006817
5.2604430E-07,0.006953
5.2609430E-07,0.007361
5.2614430E-07,0.008041
5.2619430E-07,0.008721
5.2624430E-07,0.009401
5.2629430E-07,0.010217
5.2634430E-07,0.011033
5.2639430E-07,0.011984
5.2644430E-07,0.012664
5.2649430E-07,0.013480
5.2654430E-07,0.014160
5.2659430E-07,0.014704
5.2664430E-07,0.015248
5.2669430E-07,0.015656
5.2674430E-07,0.016064
5.2679430E-07,0.016472
5.2684430E-07,0.016880
5.2689430E-07,0.017288
5.2694430E-07,0.017695
5.2699430E-07,0.018239
5.2704430E-07,0.018919
5.2709430E-07,0.019735
5.2714430E-07,0.020687
5.2719430E-07,0.021775
5.2724430E-07,0.023135
5.2729430E-07,0.024494
5.2734430E-07,0.025990
5.2739430E-07,0.027622
5.2744430E-07,0.029254
5.2749430E-07,0.030749
5.2754430E-07,0.032381
5.2759430E-07,0.033741
5.2764430E-07,0.035101
5.2769430E-07,0.036324
5.2774430E-07,0.037276
5.2779430E-07,0.038228
5.2784430E-07,0.038908
5.2789430E-07,0.039316
5.2794430E-07,0.039724
5.2799430E-07,0.040132
5.2804430E-07,0.040268
5.2809430E-07,0.040540
5.2814430E-07,0.040948
5.2819430E-07,0.041356
5.2824430E-07,0.041764
5.2829430E-07,0.042579
5.2834430E-07,0.043395
5.2839430E-07,0.044619
5.2844430E-07,0.045979
5.2849430E-07,0.047475
5.2854430E-07,0.049242
5.2859430E-07,0.051146
5.2864430E-07,0.053186
5.2869430E-07,0.055361
5.2874430E-07,0.057401
5.2879430E-07,0.059577
5.2884430E-07,0.061616
5.2889430E-07,0.063656
5.2894430E-07,0.065424
5.2899430E-07,0.067055
5.2904430E-07,0.068551
5.2909430E-07,0.069911
5.2914430E-07,0.070999
5.2919430E-07,0.072087
5.2924430E-07,0.072903
5.2929430E-07,0.073582
5.2934430E-07,0.074262
5.2939430E-07,0.074942
5.2944430E-07,0.075622
5.2949430E-07,0.076302
5.2954430E-07,0.077118
5.2959430E-07,0.077934
5.2964430E-07,0.078750
5.2969430E-07,0.079701
5.2974430E-07,0.080789
5.2979430E-07,0.081877
5.2984430E-07,0.082965
5.2989430E-07,0.084053
5.2994430E-07,0.085141
5.2999430E-07,0.086092
5.3004430E-07,0.087044
5.3009430E-07,0.087860
5.3014430E-07,0.088540
5.3019430E-07,0.089084
5.3024430E-07,0.089492
5.3029430E-07,0.089764
5.3034430E-07,0.089900
5.3039430E-07,0.090036
5.3044430E-07,0.089900
5.3049430E-07,0.089900
5.3054430E-07,0.089764
5.3059430E-07,0.089628
5.3064430E-07,0.089628
5.3069430E-07,0.089628
5.3074430E-07,0.089628
5.3079430E-07,0.089764
5.3084430E-07,0.089900
5.3089430E-07,0.090172
5.3094430E-07,0.090580
5.3099430E-07,0.090852
5.3104430E-07,0.091124
5.3109430E-07,0.091396
5.3114430E-07,0.091667
5.3119430E-07,0.091803
5.3124430E-07,0.091803
5.3129430E-07,0.091531
5.3134430E-07,0.091260
5.3139430E-07,0.090716
5.3144430E-07,0.089900
5.3149430E-07,0.088948
5.3154430E-07,0.087724
5.3159430E-07,0.086364
5.3164430E-07,0.084869
5.3169430E-07,0.083101
5.3174430E-07,0.081333
5.3179430E-07,0.079429
5.3184430E-07,0.077390
5.3189430E-07,0.075214
5.3194430E-07,0.073174
5.3199430E-07,0.070999
5.3204430E-07,0.068823
5.3209430E-07,0.066784
5.3214430E-07,0.064608
5.3219430E-07,0.062568
5.3224430E-07,0.060665
5.3229430E-07,0.058761
5.3234430E-07,0.056993
5.3239430E-07,0.055225
5.3244430E-07,0.053594
5.3249430E-07,0.052098
5.3254430E-07,0.050602
5.3259430E-07,0.049378
5.3264430E-07,0.048291
5.3269430E-07,0.047339
5.3274430E-07,0.046387
5.3279430E-07,0.045843
5.3284430E-07,0.045299
5.3289430E-07,0.044891
5.3294430E-07,0.044619
5.3299430E-07,0.044483
5.3304430E-07,0.044347
5.3309430E-07,0.044347
5.3314430E-07,0.044483
5.3319430E-07,0.044483
5.3324430E-07,0.044619
5.3329430E-07,0.044619
5.3334430E-07,0.044619
5.3339430E-07,0.044483
5.3344430E-07,0.044347
5.3349430E-07,0.044075
5.3354430E-07,0.043667
5.3359430E-07,0.043395
5.3364430E-07,0.042851
5.3369430E-07,0.042443
5.3374430E-07,0.041900
5.3379430E-07,0.041492
5.3384430E-07,0.041084
5.3389430E-07,0.040676
5.3394430E-07,0.040268
5.3399430E-07,0.040132
5.3404430E-07,0.039860
5.3409430E-07,0.039860
5.3414430E-07,0.039860
5.3419430E-07,0.039860
5.3424430E-07,0.039996
5.3429430E-07,0.039996
5.3434430E-07,0.040132
5.3439430E-07,0.040132
5.3444430E-07,0.040132
5.3449430E-07,0.039860
5.3454430E-07,0.039588
5.3459430E-07,0.039180
5.3464430E-07,0.038636
5.3469430E-07,0.037956
5.3474430E-07,0.037276
5.3479430E-07,0.036324
5.3484430E-07,0.035373
5.3489430E-07,0.034421
5.3494430E-07,0.033469
5.3499430E-07,0.032517
5.3504430E-07,0.031701
5.3509430E-07,0.030885
5.3514430E-07,0.030341
5.3519430E-07,0.029798
5.3524430E-07,0.029526
5.3529430E-07,0.029390
5.3534430E-07,0.029254
5.3539430E-07,0.029390
5.3544430E-07,0.029390
5.3549430E-07,0.029526
5.3554430E-07,0.029662
5.3559430E-07,0.029798
5.3564430E-07,0.029798
5.3569430E-07,0.029662
5.3574430E-07,0.029390
5.3579430E-07,0.028982
5.3584430E-07,0.028438
5.3589430E-07,0.027622
5.3594430E-07,0.026806
5.3599430E-07,0.025854
5.3604430E-07,0.024766
5.3609430E-07,0.023814
5.3614430E-07,0.022727
5.3619430E-07,0.021911
5.3624430E-07,0.021095
5.3629430E-07,0.020415
5.3634430E-07,0.020007
5.3639430E-07,0.019871
5.3644430E-07,0.020007
5.3649430E-07,0.020415
5.3654430E-07,0.020959
5.3659430E-07,0.021911
5.3664430E-07,0.022999
5.3669430E-07,0.024222
5.3674430E-07,0.025582
5.3679430E-07,0.027078
5.3684430E-07,0.028574
5.3689430E-07,0.030069
5.3694430E-07,0.031565
5.3699430E-07,0.033061
5.3704430E-07,0.034421
5.3709430E-07,0.035645
5.3714430E-07,0.036868
5.3719430E-07,0.038092
5.3724430E-07,0.039180
5.3729430E-07,0.040268
5.3734430E-07,0.041220
5.3739430E-07,0.042307
5.3744430E-07,0.043531
5.3749430E-07,0.044755
5.3754430E-07,0.045979
5.3759430E-07,0.047339
5.3764430E-07,0.048834
5.3769430E-07,0.050466
5.3774430E-07,0.051962
5.3779430E-07,0.053730
5.3784430E-07,0.055361
5.3789430E-07,0.056993
5.3794430E-07,0.058625
5.3799430E-07,0.060121
5.3804430E-07,0.061480
5.3809430E-07,0.062704
5.3814430E-07,0.063792
5.3819430E-07,0.064608
5.3824430E-07,0.065424
5.3829430E-07,0.065968
5.3834430E-07,0.066240
5.3839430E-07,0.066512
5.3844430E-07,0.066648
5.3849430E-07,0.066784
5.3854430E-07,0.066784
5.3859430E-07,0.066784
5.3864430E-07,0.066784
5.3869430E-07,0.066784
5.3874430E-07,0.066919
5.3879430E-07,0.067191
5.3884430E-07,0.067463
5.3889430E-07,0.067871
5.3894430E-07,0.068415
5.3899430E-07,0.068959
5.3904430E-07,0.069639
5.3909430E-07,0.070455
5.3914430E-07,0.071135
5.3919430E-07,0.071951
5.3924430E-07,0.072767
5.3929430E-07,0.073582
5.3934430E-07,0.074534
5.3939430E-07,0.075350
5.3944430E-07,0.076166
5.3949430E-07,0.076982
5.3954430E-07,0.077662
5.3959430E-07,0.078478
5.3964430E-07,0.079293
5.3969430E-07,0.080109
5.3974430E-07,0.080789
5.3979430E-07,0.081469
5.3984430E-07,0.082149
5.3989430E-07,0.082829
5.3994430E-07,0.083373
5.3999430E-07,0.083781
5.4004430E-07,0.083917
5.4009430E-07,0.084053
5.4014430E-07,0.083917
5.4019430E-07,0.083645
5.4024430E-07,0.083101
5.4029430E-07,0.082285
5.4034430E-07,0.081197
5.4039430E-07,0.079837
5.4044430E-07,0.078206
5.4049430E-07,0.076438
5.4054430E-07,0.074398
5.4059430E-07,0.072359
5.4064430E-07,0.070047
5.4069430E-07,0.067735
5.4074430E-07,0.065424
5.4079430E-07,0.063248
5.4084430E-07,0.061072
5.4089430E-07,0.059033
5.4094430E-07,0.057129
5.4099430E-07,0.055497
5.4104430E-07,0.054002
5.4109430E-07,0.052778
5.4114430E-07,0.051690
5.4119430E-07,0.050874
5.4124430E-07,0.050330
5.4129430E-07,0.049786
5.4134430E-07,0.049514
5.4139430E-07,0.049378
5.4144430E-07,0.049242
5.4149430E-07,0.049242
5.4154430E-07,0.049378
5.4159430E-07,0.049514
5.4164430E-07,0.049650
5.4169430E-07,0.049922
5.4174430E-07,0.050330
5.4179430E-07,0.050738
5.4184430E-07,0.051146
5.4189430E-07,0.051826
5.4194430E-07,0.052506
5.4199430E-07,0.053186
5.4204430E-07,0.054138
5.4209430E-07,0.055089
5.4214430E-07,0.056177
5.4219430E-07,0.057401
5.4224430E-07,0.058625
5.4229430E-07,0.059849
5.4234430E-07,0.061072
5.4239430E-07,0.062160
5.4244430E-07,0.063248
5.4249430E-07,0.064200
5.4254430E-07,0.065016
5.4259430E-07,0.065696
5.4264430E-07,0.066104
5.4269430E-07,0.066376
5.4274430E-07,0.066512
5.4279430E-07,0.066376
5.4284430E-07,0.066104
5.4289430E-07,0.065696
5.4294430E-07,0.065288
5.4299430E-07,0.064608
5.4304430E-07,0.064064
5.4309430E-07,0.063520
5.4314430E-07,0.062840
5.4319430E-07,0.062296
5.4324430E-07,0.061752
5.4329430E-07,0.061344
5.4334430E-07,0.060936
5.4339430E-07,0.060665
5.4344430E-07,0.060257
5.4349430E-07,0.059985
5.4354430E-07,0.059441
5.4359430E-07,0.059033
5.4364430E-07,0.058353
5.4369430E-07,0.057537
5.4374430E-07,0.056449
5.4379430E-07,0.055225
5.4384430E-07,0.053730
5.4389430E-07,0.051962
5.4394430E-07,0.050058
5.4399430E-07,0.047883
5.4404430E-07,0.045571
5.4409430E-07,0.043123
5.4414430E-07,0.040540
5.4419430E-07,0.037820
5.4424430E-07,0.035237
5.4429430E-07,0.032653
5.4434430E-07,0.030069
5.4439430E-07,0.027622
5.4444430E-07,0.025446
5.4449430E-07,0.023271
5.4454430E-07,0.021231
5.4459430E-07,0.019463
5.4464430E-07,0.017831
5.4469430E-07,0.016200
5.4474430E-07,0.014704
5.4479430E-07,0.013344
5.4484430E-07,0.011984
5.4489430E-07,0.010761
5.4494430E-07,0.009401
5.4499430E-07,0.008041
5.4504430E-07,0.006681
5.4509430E-07,0.005321
5.4514430E-07,0.003962
5.4519430E-07,0.002602
5.4524430E-07,0.001242
5.4529430E-07,-0.000118
5.4534430E-07,-0.001205
5.4539430E-07,-0.002293
5.4544430E-07,-0.003245
5.4549430E-07,-0.003925
5.4554430E-07,-0.004469
5.4559430E-07,-0.004741
5.4564430E-07,-0.004877
5.4569430E-07,-0.004741
5.4574430E-07,-0.004469
5.4579430E-07,-0.004061
5.4584430E-07,-0.003381
5.4589430E-07,-0.002701
5.4594430E-07,-0.002021
5.4599430E-07,-0.001205
5.4604430E-07,-0.000390
5.4609430E-07,0.000154
5.4614430E-07,0.000834
5.4619430E-07,0.001242
5.4624430E-07,0.001650
5.4629430E-07,0.001786
5.4634430E-07,0.001922
5.4639430E-07,0.001786
5.4644430E-07,0.001650
5.4649430E-07,0.001378
5.4654430E-07,0.001106
5.4659430E-07,0.000698
5.4664430E-07,0.000426
5.4669430E-07,0.000154
5.4674430E-07,0.000018
5.4679430E-07,-0.000118
5.4684430E-07,-0.000118
5.4689430E-07,0.000018
5.4694430E-07,0.000290
5.4699430E-07,0.000698
5.4704430E-07,0.001242
5.4709430E-07,0.001786
5.4714430E-07,0.002466
5.4719430E-07,0.003282
5.4724430E-07,0.004234
5.4729430E-07,0.005186
5.4734430E-07,0.006273
5.4739430E-07,0.007225
5.4744430E-07,0.008313
5.4749430E-07,0.009537
5.4754430E-07,0.010625
5.4759430E-07,0.011848
5.4764430E-07,0.013072
5.4769430E-07,0.014296
5.4774430E-07,0.015520
5.4779430E-07,0.016744
5.4784430E-07,0.017967
5.4789430E-07,0.019055
5.4794430E-07,0.020143
5.4799430E-07,0.021095
5.4804430E-07,0.021911
5.4809430E-07,0.022455
5.4814430E-07,0.022999
5.4819430E-07,0.023135
5.4824430E-07,0.023135
5.4829430E-07,0.022863
5.4834430E-07,0.022455
5.4839430E-07,0.021639
5.4844430E-07,0.020687
5.4849430E-07,0.019463
5.4854430E-07,0.017967
5.4859430E-07,0.016472
5.4864430E-07,0.014840
5.4869430E-07,0.013208
5.4874430E-07,0.011441
5.4879430E-07,0.009945
5.4884430E-07,0.008313
5.4889430E-07,0.006953
5.4894430E-07,0.005729
5.4899430E-07,0.004642
5.4904430E-07,0.003826
5.4909430E-07,0.003146
5.4914430E-07,0.002738
5.4919430E-07,0.002466
5.4924430E-07,0.002194
5.4929430E-07,0.002194
5.4934430E-07,0.002194
5.4939430E-07,0.002194
5.4944430E-07,0.002194
5.4949430E-07,0.002330
5.4954430E-07,0.002194
5.4959430E-07,0.002058
5.4964430E-07,0.001922
5.4969430E-07,0.001650
5.4974430E-07,0.001378
5.4979430E-07,0.001106
5.4984430E-07,0.000834
5.4989430E-07,0.000562
5.4994430E-07,0.000426
5.4999430E-07,0.000290
5.5004430E-07,0.000290
5.5009430E-07,0.000562
5.5014430E-07,0.000970
5.5019430E-07,0.001514
5.5024430E-07,0.002330
5.5029430E-07,0.003282
5.5034430E-07,0.004506
5.5039430E-07,0.005729
5.5044430E-07,0.007089
5.5049430E-07,0.008585
5.5054430E-07,0.010081
5.5059430E-07,0.011576
5.5064430E-07,0.013072
5.5069430E-07,0.014432
5.5074430E-07,0.015792
5.5079430E-07,0.017016
5.5084430E-07,0.018103
5.5089430E-07,0.019191
5.5094430E-07,0.020007
5.5099430E-07,0.020823
5.5104430E-07,0.021503
5.5109430E-07,0.022183
5.5114430E-07,0.022727
5.5119430E-07,0.023407
5.5124430E-07,0.023950
5.5129430E-07,0.024494
5.5134430E-07,0.025174
5.5139430E-07,0.025718
5.5144430E-07,0.026262
5.5149430E-07,0.026806
5.5154430E-07,0.027214
5.5159430E-07,0.027622
5.5164430E-07,0.028030
5.5169430E-07,0.028166
5.5174430E-07,0.028166
5.5179430E-07,0.028030
5.5184430E-07,0.027758
5.5189430E-07,0.027350
5.5194430E-07,0.026806
5.5199430E-07,0.025990
5.5204430E-07,0.025310
5.5209430E-07,0.024358
5.5214430E-07,0.023543
5.5219430E-07,0.022591
5.5224430E-07,0.021775
5.5229430E-07,0.021095
5.5234430E-07,0.020551
5.5239430E-07,0.020007
5.5244430E-07,0.019735
5.5249430E-07,0.019599
5.5254430E-07,0.019599
5.5259430E-07,0.019735
5.5264430E-07,0.020007
5.5269430E-07,0.020279
5.5274430E-07,0.020551
5.5279430E-07,0.020687
5.5284430E-07,0.020687
5.5289430E-07,0.020687
5.5294430E-07,0.020415
5.5299430E-07,0.019871
5.5304430E-07,0.019055
5.5309430E-07,0.017967
5.5314430E-07,0.016608
5.5319430E-07,0.014976
5.5324430E-07,0.013072
5.5329430E-07,0.011033
5.5334430E-07,0.008857
5.5339430E-07,0.006681
5.5344430E-07,0.004370
5.5349430E-07,0.002058
5.5354430E-07,-0.000254
5.5359430E-07,-0.002293
5.5364430E-07,-0.004197
5.5369430E-07,-0.005965
5.5374430E-07,-0.007596
5.5379430E-07,-0.008820
5.5384430E-07,-0.010044
5.5389430E-07,-0.010996
5.5394430E-07,-0.011812
5.5399430E-07,-0.012356
5.5404430E-07,-0.013036
5.5409430E-07,-0.013443
5.5414430E-07,-0.013987
5.5419430E-07,-0.014395
5.5424430E-07,-0.014939
5.5429430E-07,-0.015483
5.5434430E-07,-0.016163
5.5439430E-07,-0.016843
5.5444430E-07,-0.017523
5.5449430E-07,-0.018339
5.5454430E-07,-0.019155
5.5459430E-07,-0.020106
5.5464430E-07,-0.020922
5.5469430E-07,-0.021738
5.5474430E-07,-0.022554
5.5479430E-07,-0.023370
5.5484430E-07,-0.024050
5.5489430E-07,-0.024730
5.5494430E-07,-0.025274
5.5499430E-07,-0.025817
5.5504430E-07,-0.026225
5.5509430E-07,-0.026633
5.5514430E-07,-0.027041
5.5519430E-07,-0.027449
5.5524430E-07,-0.027721
5.5529430E-07,-0.027993
5.5534430E-07,-0.028265
5.5539430E-07,-0.028537
5.5544430E-07,-0.028809
5.5549430E-07,-0.029081
5.5554430E-07,-0.029217
5.5559430E-07,-0.029353
5.5564430E-07,-0.029353
5.5569430E-07,-0.029489
5.5574430E-07,-0.029353
5.5579430E-07,-0.029217
5.5584430E-07,-0.029081
5.5589430E-07,-0.028809
5.5594430E-07,-0.028401
5.5599430E-07,-0.028129
5.5604430E-07,-0.027857
5.5609430E-07,-0.027585
5.5614430E-07,-0.027313
5.5619430E-07,-0.027177
5.5624430E-07,-0.027313
5.5629430E-07,-0.027449
5.5634430E-07,-0.027721
5.5639430E-07,-0.028265
5.5644430E-07,-0.028945
5.5649430E-07,-0.029761
5.5654430E-07,-0.030713
5.5659430E-07,-0.031800
5.5664430E-07,-0.032888
5.5669430E-07,-0.033976
5.5674430E-07,-0.035064
5.5679430E-07,-0.036016
5.5684430E-07,-0.036696
5.5689430E-07,-0.037376
5.5694430E-07,-0.037648
5.5699430E-07,-0.037648
5.5704430E-07,-0.037376
5.5709430E-07,-0.036832
5.5714430E-07,-0.035880
5.5719430E-07,-0.034656
5.5724430E-07,-0.033160
5.5729430E-07,-0.031393
5.5734430E-07,-0.029489
5.5739430E-07,-0.027449
5.5744430E-07,-0.025410
5.5749430E-07,-0.023234
5.5754430E-07,-0.021194
5.5759430E-07,-0.019155
5.5764430E-07,-0.017251
5.5769430E-07,-0.015347
5.5774430E-07,-0.013715
5.5779430E-07,-0.012220
5.5784430E-07,-0.010860
5.5789430E-07,-0.009500
5.5794430E-07,-0.008412
5.5799430E-07,-0.007188
5.5804430E-07,-0.006237
5.5809430E-07,-0.005149
5.5814430E-07,-0.004061
5.5819430E-07,-0.002837
5.5824430E-07,-0.001749
5.5829430E-07,-0.000526
5.5834430E-07,0.000834
5.5839430E-07,0.002194
5.5844430E-07,0.003554
5.5849430E-07,0.005050
5.5854430E-07,0.006409
5.5859430E-07,0.007769
5.5864430E-07,0.009129
5.5869430E-07,0.010353
5.5874430E-07,0.011441
5.5879430E-07,0.012528
5.5884430E-07,0.013480
5.5889430E-07,0.014296
5.5894430E-07,0.014976
5.5899430E-07,0.015520
5.5904430E-07,0.016064
5.5909430E-07,0.016472
5.5914430E-07,0.016880
5.5919430E-07,0.017288
5.5924430E-07,0.017695
5.5929430E-07,0.017967
5.5934430E-07,0.018375
5.5939430E-07,0.018783
5.5944430E-07,0.019055
5.5949430E-07,0.019463
5.5954430E-07,0.019871
5.5959430E-07,0.020143
5.5964430E-07,0.020279
5.5969430E-07,0.020415
5.5974430E-07,0.020551
5.5979430E-07,0.020415
5.5984430E-07,0.020279
5.5989430E-07,0.020007
5.5994430E-07,0.019599
5.5999430E-07,0.019055
5.6004430E-07,0.018511
5.6009430E-07,0.017967
5.6014430E-07,0.017288
5.6019430E-07,0.016880
5.6024430E-07,0.016472
5.6029430E-07,0.016064
5.6034430E-07,0.016064
5.6039430E-07,0.016064
5.6044430E-07,0.016336
5.6049430E-07,0.016880
5.6054430E-07,0.017560
5.6059430E-07,0.018511
5.6064430E-07,0.019599
5.6069430E-07,0.020823
5.6074430E-07,0.022047
5.6079430E-07,0.023407
5.6084430E-07,0.024630
5.6089430E-07,0.025854
5.6094430E-07,0.026942
5.6099430E-07,0.027894
5.6104430E-07,0.028574
5.6109430E-07,0.028982
5.6114430E-07,0.029254
5.6119430E-07,0.029254
5.6124430E-07,0.028982
5.6129430E-07,0.028438
5.6134430E-07,0.027758
5.6139430E-07,0.026942
5.6144430E-07,0.025990
5.6149430E-07,0.025038
5.6154430E-07,0.024086
5.6159430E-07,0.022999
5.6164430E-07,0.022047
5.6169430E-07,0.021231
5.6174430E-07,0.020415
5.6179430E-07,0.019871
5.6184430E-07,0.019191
5.6189430E-07,0.018783
5.6194430E-07,0.018375
5.6199430E-07,0.018103
5.6204430E-07,0.017695
5.6209430E-07,0.017424
5.6214430E-07,0.017152
5.6219430E-07,0.016744
5.6224430E-07,0.016336
5.6229430E-07,0.015928
5.6234430E-07,0.015384
5.6239430E-07,0.014840
5.6244430E-07,0.014160
5.6249430E-07,0.013480
5.6254430E-07,0.012800
5.6259430E-07,0.012120
5.6264430E-07,0.011441
5.6269430E-07,0.010897
5.6274430E-07,0.010353
5.6279430E-07,0.009945
5.6284430E-07,0.009537
5.6289430E-07,0.009265
5.6294430E-07,0.009129
5.6299430E-07,0.008993
5.6304430E-07,0.008993
5.6309430E-07,0.008993
5.6314430E-07,0.009129
5.6319430E-07,0.009265
5.6324430E-07,0.009265
5.6329430E-07,0.009401
5.6334430E-07,0.009401
5.6339430E-07,0.009401
5.6344430E-07,0.009401
5.6349430E-07,0.009265
5.6354430E-07,0.009129
5.6359430E-07,0.008857
5.6364430E-07,0.008721
5.6369430E-07,0.008449
5.6374430E-07,0.008041
5.6379430E-07,0.007769
5.6384430E-07,0.007361
5.6389430E-07,0.007089
5.6394430E-07,0.006545
5.6399430E-07,0.006137
5.6404430E-07,0.005593
5.6409430E-07,0.004914
5.6414430E-07,0.004098
5.6419430E-07,0.003146
5.6424430E-07,0.002058
5.6429430E-07,0.000834
5.6434430E-07,-0.000526
5.6439430E-07,-0.002157
5.6444430E-07,-0.004061
5.6449430E-07,-0.005965
5.6454430E-07,-0.008140
5.6459430E-07,-0.010316
5.6464430E-07,-0.012628
5.6469430E-07,-0.014803
5.6474430E-07,-0.017115
5.6479430E-07,-0.019291
5.6484430E-07,-0.021330
5.6489430E-07,-0.023098
5.6494430E-07,-0.024730
5.6499430E-07,-0.025953
5.6504430E-07,-0.027041
5.6509430E-07,-0.027721
5.6514430E-07,-0.027993
5.6519430E-07,-0.027993
5.6524430E-07,-0.027721
5.6529430E-07,-0.027177
5.6534430E-07,-0.026497
5.6539430E-07,-0.025410
5.6544430E-07,-0.024322
5.6549430E-07,-0.022962
5.6554430E-07,-0.021602
5.6559430E-07,-0.020242
5.6564430E-07,-0.018747
5.6569430E-07,-0.017251
5.6574430E-07,-0.015755
5.6579430E-07,-0.014259
5.6584430E-07,-0.012764
5.6589430E-07,-0.011268
5.6594430E-07,-0.009636
5.6599430E-07,-0.008004
5.6604430E-07,-0.006373
5.6609430E-07,-0.004605
5.6614430E-07,-0.002701
5.6619430E-07,-0.000798
5.6624430E-07,0.001106
5.6629430E-07,0.003146
5.6634430E-07,0.005186
5.6639430E-07,0.007089
5.6644430E-07,0.008993
5.6649430E-07,0.010897
5.6654430E-07,0.012528
5.6659430E-07,0.014024
5.6664430E-07,0.015248
5.6669430E-07,0.016336
5.6674430E-07,0.017016
5.6679430E-07,0.017560
5.6684430E-07,0.017695
5.6689430E-07,0.017560
5.6694430E-07,0.017288
5.6699430E-07,0.016744
5.6704430E-07,0.016200
5.6709430E-07,0.015384
5.6714430E-07,0.014568
5.6719430E-07,0.013888
5.6724430E-07,0.013208
5.6729430E-07,0.012664
5.6734430E-07,0.012256
5.6739430E-07,0.012120
5.6744430E-07,0.012120
5.6749430E-07,0.012256
5.6754430E-07,0.012664
5.6759430E-07,0.013208
5.6764430E-07,0.014024
5.6769430E-07,0.014840
5.6774430E-07,0.015792
5.6779430E-07,0.016744
5.6784430E-07,0.017695
5.6789430E-07,0.018647
5.6794430E-07,0.019599
5.6799430E-07,0.020279
5.6804430E-07,0.020959
5.6809430E-07,0.021503
5.6814430E-07,0.021911
5.6819430E-07,0.022319
5.6824430E-07,0.022591
5.6829430E-07,0.022863
5.6834430E-07,0.022999
5.6839430E-07,0.023271
5.6844430E-07,0.023543
5.6849430E-07,0.023679
5.6854430E-07,0.024086
5.6859430E-07,0.024358
5.6864430E-07,0.024766
5.6869430E-07,0.025310
5.6874430E-07,0.025718
5.6879430E-07,0.026126
5.6884430E-07,0.026670
5.6889430E-07,0.026942
5.6894430E-07,0.027350
5.6899430E-07,0.027486
5.6904430E-07,0.027622
5.6909430E-07,0.027486
5.6914430E-07,0.027350
5.6919430E-07,0.027078
5.6924430E-07,0.026806
5.6929430E-07,0.026262
5.6934430E-07,0.025854
5.6939430E-07,0.025310
5.6944430E-07,0.024902
5.6949430E-07,0.024494
5.6954430E-07,0.024222
5.6959430E-07,0.023950
5.6964430E-07,0.023814
5.6969430E-07,0.023950
5.6974430E-07,0.024086
5.6979430E-07,0.024494
5.6984430E-07,0.024902
5.6989430E-07,0.025446
5.6994430E-07,0.025854
5.6999430E-07,0.026398
5.7004430E-07,0.026942
5.7009430E-07,0.027350
5.7014430E-07,0.027622
5.7019430E-07,0.027622
5.7024430E-07,0.027622
5.7029430E-07,0.027350
5.7034430E-07,0.026942
5.7039430E-07,0.026262
5.7044430E-07,0.025446
5.7049430E-07,0.024494
5.7054430E-07,0.023407
5.7059430E-07,0.022319
5.7064430E-07,0.021095
5.7069430E-07,0.020007
5.7074430E-07,0.018919
5.7079430E-07,0.017831
5.7084430E-07,0.016880
5.7089430E-07,0.015928
5.7094430E-07,0.015248
5.7099430E-07,0.014704
5.7104430E-07,0.014296
5.7109430E-07,0.013888
5.7114430E-07,0.013752
5.7119430E-07,0.013616
5.7124430E-07,0.013616
5.7129430E-07,0.013616
5.7134430E-07,0.013752
5.7139430E-07,0.013888
5.7144430E-07,0.014024
5.7149430E-07,0.014160
5.7154430E-07,0.014432
5.7159430E-07,0.014568
5.7164430E-07,0.014840
5.7169430E-07,0.015112
5.7174430E-07,0.015520
5.7179430E-07,0.015928
5.7184430E-07,0.016336
5.7189430E-07,0.016880
5.7194430E-07,0.017560
5.7199430E-07,0.018103
5.7204430E-07,0.018783
5.7209430E-07,0.019463
5.7214430E-07,0.020143
5.7219430E-07,0.020687
5.7224430E-07,0.021367
5.7229430E-07,0.021775
5.7234430E-07,0.022319
5.7239430E-07,0.022591
5.7244430E-07,0.022727
5.7249430E-07,0.022863
5.7254430E-07,0.022863
5.7259430E-07,0.022863
5.7264430E-07,0.022727
5.7269430E-07,0.022455
5.7274430E-07,0.022319
5.7279430E-07,0.022183
5.7284430E-07,0.022047
5.7289430E-07,0.022047
5.7294430E-07,0.022047
5.7299430E-07,0.022319
5.7304430E-07,0.022591
5.7309430E-07,0.022999
5.7314430E-07,0.023543
5.7319430E-07,0.024086
5.7324430E-07,0.024766
5.7329430E-07,0.025310
5.7334430E-07,0.025854
5.7339430E-07,0.026126
5.7344430E-07,0.026398
5.7349430E-07,0.026398
5.7354430E-07,0.026126
5.7359430E-07,0.025582
5.7364430E-07,0.024766
5.7369430E-07,0.023679
5.7374430E-07,0.022183
5.7379430E-07,0.020415
5.7384430E-07,0.018511
5.7389430E-07,0.016336
5.7394430E-07,0.013888
5.7399430E-07,0.011441
5.7404430E-07,0.008993
5.7409430E-07,0.006409
5.7414430E-07,0.003962
5.7419430E-07,0.001514
5.7424430E-07,-0.000798
5.7429430E-07,-0.002973
5.7434430E-07,-0.005149
5.7439430E-07,-0.007052
5.7444430E-07,-0.008956
5.7449430E-07,-0.010724
5.7454430E-07,-0.012492
5.7459430E-07,-0.014123
5.7464430E-07,-0.015891
5.7469430E-07,-0.017659
5.7474430E-07,-0.019426
5.7479430E-07,-0.021330
5.7484430E-07,-0.023234
5.7489430E-07,-0.025274
5.7494430E-07,-0.027313
5.7499430E-07,-0.029489
5.7504430E-07,-0.031529
5.7509430E-07,-0.033568
5.7514430E-07,-0.035472
5.7519430E-07,-0.037240
5.7524430E-07,-0.038871
5.7529430E-07,-0.040231
5.7534430E-07,-0.041455
5.7539430E-07,-0.042407
5.7544430E-07,-0.042951
5.7549430E-07,-0.043495
5.7554430E-07,-0.043631
5.7559430E-07,-0.043631
5.7564430E-07,-0.043359
5.7569430E-07,-0.043087
5.7574430E-07,-0.042679
5.7579430E-07,-0.042135
5.7584430E-07,-0.041591
5.7589430E-07,-0.041183
5.7594430E-07,-0.040639
5.7599430E-07,-0.040231
5.7604430E-07,-0.039959
5.7609430E-07,-0.039687
5.7614430E-07,-0.039415
5.7619430E-07,-0.039143
5.7624430E-07,-0.038871
5.7629430E-07,-0.038599
5.7634430E-07,-0.038191
5.7639430E-07,-0.037648
5.7644430E-07,-0.036968
5.7649430E-07,-0.036152
5.7654430E-07,-0.035064
5.7659430E-07,-0.033840
5.7664430E-07,-0.032480
5.7669430E-07,-0.030849
5.7674430E-07,-0.029081
5.7679430E-07,-0.027177
5.7684430E-07,-0.025274
5.7689430E-07,-0.023370
5.7694430E-07,-0.021330
5.7699430E-07,-0.019562
5.7704430E-07,-0.017795
5.7709430E-07,-0.016163
5.7714430E-07,-0.014667
5.7719430E-07,-0.013443
5.7724430E-07,-0.012356
5.7729430E-07,-0.011540
5.7734430E-07,-0.010860
5.7739430E-07,-0.010316
5.7744430E-07,-0.010044
5.7749430E-07,-0.009772
5.7754430E-07,-0.009772
5.7759430E-07,-0.009636
5.7764430E-07,-0.009772
5.7769430E-07,-0.009772
5.7774430E-07,-0.009908
5.7779430E-07,-0.009908
5.7784430E-07,-0.010044
5.7789430E-07,-0.010044
5.7794430E-07,-0.010180
5.7799430E-07,-0.010180
5.7804430E-07,-0.010316
5.7809430E-07,-0.010588
5.7814430E-07,-0.010724
5.7819430E-07,-0.010996
5.7824430E-07,-0.011404
5.7829430E-07,-0.011812
5.7834430E-07,-0.012356
5.7839430E-07,-0.012900
5.7844430E-07,-0.013443
5.7849430E-07,-0.013987
5.7854430E-07,-0.014395
5.7859430E-07,-0.014939
5.7864430E-07,-0.015347
5.7869430E-07,-0.015619
5.7874430E-07,-0.015755
5.7879430E-07,-0.015755
5.7884430E-07,-0.015619
5.7889430E-07,-0.015211
5.7894430E-07,-0.014803
5.7899430E-07,-0.014259
5.7904430E-07,-0.013579
5.7909430E-07,-0.012764
5.7914430E-07,-0.011948
5.7919430E-07,-0.011268
5.7924430E-07,-0.010452
5.7929430E-07,-0.009772
5.7934430E-07,-0.009092
5.7939430E-07,-0.008548
5.7944430E-07,-0.008140
5.7949430E-07,-0.007732
5.7954430E-07,-0.007596
5.7959430E-07,-0.007324
5.7964430E-07,-0.007324
5.7969430E-07,-0.007188
5.7974430E-07,-0.007052
5.7979430E-07,-0.006917
5.7984430E-07,-0.006781
5.7989430E-07,-0.006373
5.7994430E-07,-0.005965
5.7999430E-07,-0.005421
5.8004430E-07,-0.004741
5.8009430E-07,-0.003789
5.8014430E-07,-0.002837
5.8019430E-07,-0.001613
5.8024430E-07,-0.000390
5.8029430E-07,0.000970
5.8034430E-07,0.002330
5.8039430E-07,0.003690
5.8044430E-07,0.005050
5.8049430E-07,0.006409
5.8054430E-07,0.007769
5.8059430E-07,0.008993
5.8064430E-07,0.010081
5.8069430E-07,0.011169
5.8074430E-07,0.012256
5.8079430E-07,0.013072
5.8084430E-07,0.014024
5.8089430E-07,0.014840
5.8094430E-07,0.015656
5.8099430E-07,0.016472
5.8104430E-07,0.017152
5.8109430E-07,0.017967
5.8114430E-07,0.018783
5.8119430E-07,0.019463
5.8124430E-07,0.020143
5.8129430E-07,0.020823
5.8134430E-07,0.021503
5.8139430E-07,0.021911
5.8144430E-07,0.022319
5.8149430E-07,0.022591
5.8154430E-07,0.022727
5.8159430E-07,0.022727
5.8164430E-07,0.022455
5.8169430E-07,0.022183
5.8174430E-07,0.021639
5.8179430E-07,0.021095
5.8184430E-07,0.020415
5.8189430E-07,0.019599
5.8194430E-07,0.018919
5.8199430E-07,0.018239
5.8204430E-07,0.017560
5.8209430E-07,0.017152
5.8214430E-07,0.016744
5.8219430E-07,0.016608
5.8224430E-07,0.016744
5.8229430E-07,0.016880
5.8234430E-07,0.017424
5.8239430E-07,0.017967
5.8244430E-07,0.018647
5.8249430E-07,0.019463
5.8254430E-07,0.020415
5.8259430E-07,0.021231
5.8264430E-07,0.022047
5.8269430E-07,0.022727
5.8274430E-07,0.023135
5.8279430E-07,0.023543
5.8284430E-07,0.023679
5.8289430E-07,0.023679
5.8294430E-07,0.023407
5.8299430E-07,0.022999
5.8304430E-07,0.022319
5.8309430E-07,0.021775
5.8314430E-07,0.020959
5.8319430E-07,0.020415
5.8324430E-07,0.019735
5.8329430E-07,0.019327
5.8334430E-07,0.019055
5.8339430E-07,0.018919
5.8344430E-07,0.019191
5.8349430E-07,0.019599
5.8354430E-07,0.020279
5.8359430E-07,0.021367
5.8364430E-07,0.022591
5.8369430E-07,0.023950
5.8374430E-07,0.025446
5.8379430E-07,0.027078
5.8384430E-07,0.028574
5.8389430E-07,0.030205
5.8394430E-07,0.031565
5.8399430E-07,0.032925
5.8404430E-07,0.033877
5.8409430E-07,0.034693
5.8414430E-07,0.035237
5.8419430E-07,0.035373
5.8424430E-07,0.035373
5.8429430E-07,0.034965
5.8434430E-07,0.034285
5.8439430E-07,0.033469
5.8444430E-07,0.032517
5.8449430E-07,0.031293
5.8454430E-07,0.029933
5.8459430E-07,0.028438
5.8464430E-07,0.026942
5.8469430E-07,0.025310
5.8474430E-07,0.023814
5.8479430E-07,0.022047
5.8484430E-07,0.020415
5.8489430E-07,0.018783
5.8494430E-07,0.017016
5.8499430E-07,0.015248
5.8504430E-07,0.013480
5.8509430E-07,0.011576
5.8514430E-07,0.009673
5.8519430E-07,0.007769
5.8524430E-07,0.005865
5.8529430E-07,0.003826
5.8534430E-07,0.001922
5.8539430E-07,0.000018
5.8544430E-07,-0.001885
5.8549430E-07,-0.003653
5.8554430E-07,-0.005285
5.8559430E-07,-0.006781
5.8564430E-07,-0.008140
5.8569430E-07,-0.009228
5.8574430E-07,-0.010180
5.8579430E-07,-0.010996
5.8584430E-07,-0.011540
5.8589430E-07,-0.011812
5.8594430E-07,-0.012084
5.8599430E-07,-0.012084
5.8604430E-07,-0.012084
5.8609430E-07,-0.012084
5.8614430E-07,-0.011948
5.8619430E-07,-0.011812
5.8624430E-07,-0.011676
5.8629430E-07,-0.011676
5.8634430E-07,-0.011676
5.8639430E-07,-0.011676
5.8644430E-07,-0.011948
5.8649430E-07,-0.012084
5.8654430E-07,-0.012356
5.8659430E-07,-0.012764
5.8664430E-07,-0.013036
5.8669430E-07,-0.013443
5.8674430E-07,-0.013715
5.8679430E-07,-0.014123
5.8684430E-07,-0.014259
5.8689430E-07,-0.014395
5.8694430E-07,-0.014531
5.8699430E-07,-0.014395
5.8704430E-07,-0.014259
5.8709430E-07,-0.014123
5.8714430E-07,-0.013851
5.8719430E-07,-0.013443
5.8724430E-07,-0.013036
5.8729430E-07,-0.012628
5.8734430E-07,-0.012084
5.8739430E-07,-0.011540
5.8744430E-07,-0.010996
5.8749430E-07,-0.010316
5.8754430E-07,-0.009636
5.8759430E-07,-0.008820
5.8764430E-07,-0.007868
5.8769430E-07,-0.006917
5.8774430E-07,-0.005693
5.8779430E-07,-0.004333
5.8784430E-07,-0.002837
5.8789430E-07,-0.001069
5.8794430E-07,0.000834
5.8799430E-07,0.002874
5.8804430E-07,0.005050
5.8809430E-07,0.007361
5.8814430E-07,0.009809
5.8819430E-07,0.012256
5.8824430E-07,0.014704
5.8829430E-07,0.017152
5.8834430E-07,0.019327
5.8839430E-07,0.021503
5.8844430E-07,0.023407
5.8849430E-07,0.025174
5.8854430E-07,0.026534
5.8859430E-07,0.027758
5.8864430E-07,0.028574
5.8869430E-07,0.029118
5.8874430E-07,0.029390
5.8879430E-07,0.029390
5.8884430E-07,0.029254
5.8889430E-07,0.028846
5.8894430E-07,0.028438
5.8899430E-07,0.027894
5.8904430E-07,0.027214
5.8909430E-07,0.026670
5.8914430E-07,0.025990
5.8919430E-07,0.025446
5.8924430E-07,0.025038
5.8929430E-07,0.024630
5.8934430E-07,0.024222
5.8939430E-07,0.023950
5.8944430E-07,0.023679
5.8949430E-07,0.023543
5.8954430E-07,0.023407
5.8959430E-07,0.023135
5.8964430E-07,0.022999
5.8969430E-07,0.022727
5.8974430E-07,0.022591
5.8979430E-07,0.022319
5.8984430E-07,0.021911
5.8989430E-07,0.021639
5.8994430E-07,0.021367
5.8999430E-07,0.020959
5.9004430E-07,0.020687
5.9009430E-07,0.020415
5.9014430E-07,0.020279
5.9019430E-07,0.020143
5.9024430E-07,0.020007
5.9029430E-07,0.020007
5.9034430E-07,0.020007
5.9039430E-07,0.019871
5.9044430E-07,0.019871
5.9049430E-07,0.019735
5.9054430E-07,0.019463
5.9059430E-07,0.019055
5.9064430E-07,0.018375
5.9069430E-07,0.017560
5.9074430E-07,0.016336
5.9079430E-07,0.014976
5.9084430E-07,0.013208
5.9089430E-07,0.011169
5.9094430E-07,0.008993
5.9099430E-07,0.006409
5.9104430E-07,0.003826
5.9109430E-07,0.001106
5.9114430E-07,-0.001749
5.9119430E-07,-0.004469
5.9124430E-07,-0.007052
5.9129430E-07,-0.009500
5.9134430E-07,-0.011540
5.9139430E-07,-0.013307
5.9144430E-07,-0.014667
5.9149430E-07,-0.015619
5.9154430E-07,-0.016163
5.9159430E-07,-0.016299
5.9164430E-07,-0.015891
5.9169430E-07,-0.015211
5.9174430E-07,-0.014123
5.9179430E-07,-0.012900
5.9184430E-07,-0.011404
5.9189430E-07,-0.009772
5.9194430E-07,-0.008004
5.9199430E-07,-0.006373
5.9204430E-07,-0.004741
5.9209430E-07,-0.003245
5.9214430E-07,-0.001885
5.9219430E-07,-0.000798
5.9224430E-07,0.000154
5.9229430E-07,0.000834
5.9234430E-07,0.001378
5.9239430E-07,0.001786
5.9244430E-07,0.001922
5.9249430E-07,0.002058
5.9254430E-07,0.001922
5.9259430E-07,0.001786
5.9264430E-07,0.001650
5.9269430E-07,0.001378
5.9274430E-07,0.001106
5.9279430E-07,0.000698
5.9284430E-07,0.000426
5.9289430E-07,0.000018
5.9294430E-07,-0.000390
5.9299430E-07,-0.000933
5.9304430E-07,-0.001477
5.9309430E-07,-0.002157
5.9314430E-07,-0.002973
5.9319430E-07,-0.003789
5.9324430E-07,-0.004741
5.9329430E-07,-0.005829
5.9334430E-07,-0.006917
5.9339430E-07,-0.008004
5.9344430E-07,-0.009092
5.9349430E-07,-0.010044
5.9354430E-07,-0.010996
5.9359430E-07,-0.011812
5.9364430E-07,-0.012356
5.9369430E-07,-0.012764
5.9374430E-07,-0.012900
5.9379430E-07,-0.012628
5.9384430E-07,-0.012220
5.9389430E-07,-0.011540
5.9394430E-07,-0.010588
5.9399430E-07,-0.009364
5.9404430E-07,-0.007868
5.9409430E-07,-0.006237
5.9414430E-07,-0.004469
5.9419430E-07,-0.002701
5.9424430E-07,-0.000798
5.9429430E-07,0.001106
5.9434430E-07,0.002874
5.9439430E-07,0.004642
5.9444430E-07,0.006137
5.9449430E-07,0.007497
5.9454430E-07,0.008721
5.9459430E-07,0.009809
5.9464430E-07,0.010625
5.9469430E-07,0.011169
5.9474430E-07,0.011576
5.9479430E-07,0.011712
5.9484430E-07,0.011712
5.9489430E-07,0.011441
5.9494430E-07,0.011033
5.9499430E-07,0.010353
5.9504430E-07,0.009537
5.9509430E-07,0.008449
5.9514430E-07,0.007225
5.9519430E-07,0.005865
5.9524430E-07,0.004234
5.9529430E-07,0.002466
5.9534430E-07,0.000562
5.9539430E-07,-0.001613
5.9544430E-07,-0.003789
5.9549430E-07,-0.006101
5.9554430E-07,-0.008548
5.9559430E-07,-0.010996
5.9564430E-07,-0.013307
5.9569430E-07,-0.015619
5.9574430E-07,-0.017795
5.9579430E-07,-0.019834
5.9584430E-07,-0.021738
5.9589430E-07,-0.023234
5.9594430E-07,-0.024594
5.9599430E-07,-0.025545
5.9604430E-07,-0.026225
5.9609430E-07,-0.026633
5.9614430E-07,-0.026633
5.9619430E-07,-0.026225
5.9624430E-07,-0.025681
5.9629430E-07,-0.024866
5.9634430E-07,-0.023778
5.9639430E-07,-0.022418
5.9644430E-07,-0.020922
5.9649430E-07,-0.019291
5.9654430E-07,-0.017659
5.9659430E-07,-0.015755
5.9664430E-07,-0.013987
5.9669430E-07,-0.011948
5.9674430E-07,-0.010044
5.9679430E-07,-0.008004
5.9684430E-07,-0.005829
5.9689430E-07,-0.003653
5.9694430E-07,-0.001341
5.9699430E-07,0.001106
5.9704430E-07,0.003690
5.9709430E-07,0.006273
5.9714430E-07,0.008993
5.9719430E-07,0.011848
5.9724430E-07,0.014704
5.9729430E-07,0.017560
5.9734430E-07,0.020551
5.9739430E-07,0.023407
5.9744430E-07,0.026126
5.9749430E-07,0.028574
5.9754430E-07,0.030885
5.9759430E-07,0.033061
5.9764430E-07,0.034693
5.9769430E-07,0.036053
5.9774430E-07,0.037140
5.9779430E-07,0.037684
5.9784430E-07,0.037820
5.9789430E-07,0.037684
5.9794430E-07,0.037004
5.9799430E-07,0.036188
5.9804430E-07,0.034965
5.9809430E-07,0.033469
5.9814430E-07,0.031837
5.9819430E-07,0.030069
5.9824430E-07,0.028166
5.9829430E-07,0.026262
5.9834430E-07,0.024222
5.9839430E-07,0.022319
5.9844430E-07,0.020415
5.9849430E-07,0.018511
5.9854430E-07,0.016744
5.9859430E-07,0.015112
5.9864430E-07,0.013344
5.9869430E-07,0.011712
5.9874430E-07,0.010081
5.9879430E-07,0.008585
5.9884430E-07,0.006953
5.9889430E-07,0.005321
5.9894430E-07,0.003826
5.9899430E-07,0.002330
5.9904430E-07,0.000834
5.9909430E-07,-0.000662
5.9914430E-07,-0.001885
5.9919430E-07,-0.003109
5.9924430E-07,-0.004061
5.9929430E-07,-0.004877
5.9934430E-07,-0.005421
5.9939430E-07,-0.005829
5.9944430E-07,-0.005829
5.9949430E-07,-0.005693
5.9954430E-07,-0.005285
5.9959430E-07,-0.004605
5.9964430E-07,-0.003653
5.9969430E-07,-0.002565
5.9974430E-07,-0.001341
5.9979430E-07,-0.000118
5.9984430E-07,0.001106
5.9989430E-07,0.002330
5.9994430E-07,0.003418
5.9999430E-07,0.004506
6.0004430E-07,0.005321
6.0009430E-07,0.006001
6.0014430E-07,0.006409
6.0019430E-07,0.006681
6.0024430E-07,0.006681
6.0029430E-07,0.006545
6.0034430E-07,0.006409
6.0039430E-07,0.006001
6.0044430E-07,0.005457
6.0049430E-07,0.005050
6.0054430E-07,0.004506
6.0059430E-07,0.004098
6.0064430E-07,0.003554
6.0069430E-07,0.003282
6.0074430E-07,0.003010
6.0079430E-07,0.002738
6.0084430E-07,0.002602
6.0089430E-07,0.002466
6.0094430E-07,0.002466
6.0099430E-07,0.002330
6.0104430E-07,0.002194
6.0109430E-07,0.002058
6.0114430E-07,0.001786
6.0119430E-07,0.001378
6.0124430E-07,0.000970
6.0129430E-07,0.000426
6.0134430E-07,-0.000254
6.0139430E-07,-0.000933
6.0144430E-07,-0.001749
6.0149430E-07,-0.002429
6.0154430E-07,-0.003109
6.0159430E-07,-0.003789
6.0164430E-07,-0.004333
6.0169430E-07,-0.004877
6.0174430E-07,-0.005013
6.0179430E-07,-0.005149
6.0184430E-07,-0.005013
6.0189430E-07,-0.004605
6.0194430E-07,-0.004061
6.0199430E-07,-0.003381
6.0204430E-07,-0.002429
6.0209430E-07,-0.001341
6.0214430E-07,-0.000254
6.0219430E-07,0.000970
6.0224430E-07,0.002194
6.0229430E-07,0.003418
6.0234430E-07,0.004642
6.0239430E-07,0.005729
6.0244430E-07,0.006817
6.0249430E-07,0.007769
6.0254430E-07,0.008585
6.0259430E-07,0.009401
6.0264430E-07,0.009945
6.0269430E-07,0.010489
6.0274430E-07,0.011033
6.0279430E-07,0.011441
6.0284430E-07,0.011712
6.0289430E-07,0.012120
6.0294430E-07,0.012392
6.0299430E-07,0.012664
6.0304430E-07,0.012936
6.0309430E-07,0.013072
6.0314430E-07,0.013208
6.0319430E-07,0.013344
6.0324430E-07,0.013344
6.0329430E-07,0.013208
6.0334430E-07,0.012936
6.0339430E-07,0.012528
6.0344430E-07,0.011848
6.0349430E-07,0.011169
6.0354430E-07,0.010217
6.0359430E-07,0.009129
6.0364430E-07,0.007769
6.0369430E-07,0.006409
6.0374430E-07,0.004914
6.0379430E-07,0.003282
6.0384430E-07,0.001514
6.0389430E-07,-0.000118
6.0394430E-07,-0.001885
6.0399430E-07,-0.003517
6.0404430E-07,-0.005149
6.0409430E-07,-0.006645
6.0414430E-07,-0.008140
6.0419430E-07,-0.009500
6.0424430E-07,-0.010588
6.0429430E-07,-0.011812
6.0434430E-07,-0.012764
6.0439430E-07,-0.013579
6.0444430E-07,-0.014395
6.0449430E-07,-0.015211
6.0454430E-07,-0.015891
6.0459430E-07,-0.016435
6.0464430E-07,-0.017115
6.0469430E-07,-0.017659
6.0474430E-07,-0.018067
6.0479430E-07,-0.018475
6.0484430E-07,-0.018883
6.0489430E-07,-0.019155
6.0494430E-07,-0.019426
6.0499430E-07,-0.019562
6.0504430E-07,-0.019698
6.0509430E-07,-0.019698
6.0514430E-07,-0.019698
6.0519430E-07,-0.019562
6.0524430E-07,-0.019426
6.0529430E-07,-0.019291
6.0534430E-07,-0.019155
6.0539430E-07,-0.019155
6.0544430E-07,-0.019019
6.0549430E-07,-0.019155
6.0554430E-07,-0.019426
6.0559430E-07,-0.019698
6.0564430E-07,-0.020242
6.0569430E-07,-0.020922
6.0574430E-07,-0.021874
6.0579430E-07,-0.022826
6.0584430E-07,-0.024050
6.0589430E-07,-0.025274
6.0594430E-07,-0.026497
6.0599430E-07,-0.027857
6.0604430E-07,-0.029081
6.0609430E-07,-0.030305
6.0614430E-07,-0.031393
6.0619430E-07,-0.032344
6.0624430E-07,-0.033024
6.0629430E-07,-0.033432
6.0634430E-07,-0.033704
6.0639430E-07,-0.033568
6.0644430E-07,-0.033432
6.0649430E-07,-0.032888
6.0654430E-07,-0.032208
6.0659430E-07,-0.031393
6.0664430E-07,-0.030441
6.0669430E-07,-0.029353
6.0674430E-07,-0.028265
6.0679430E-07,-0.027177
6.0684430E-07,-0.026089
6.0689430E-07,-0.025002
6.0694430E-07,-0.023914
6.0699430E-07,-0.022962
6.0704430E-07,-0.021874
6.0709430E-07,-0.020922
6.0714430E-07,-0.019834
6.0719430E-07,-0.018611
6.0724430E-07,-0.017387
6.0729430E-07,-0.015891
6.0734430E-07,-0.014259
6.0739430E-07,-0.012492
6.0744430E-07,-0.010316
6.0749430E-07,-0.008004
6.0754430E-07,-0.005421
6.0759430E-07,-0.002701
6.0764430E-07,0.000290
6.0769430E-07,0.003418
6.0774430E-07,0.006681
6.0779430E-07,0.009809
6.0784430E-07,0.013072
6.0789430E-07,0.016200
6.0794430E-07,0.019191
6.0799430E-07,0.021911
6.0804430E-07,0.024494
6.0809430E-07,0.026806
6.0814430E-07,0.028710
6.0819430E-07,0.030341
6.0824430E-07,0.031701
6.0829430E-07,0.032925
6.0834430E-07,0.033741
6.0839430E-07,0.034421
6.0844430E-07,0.034829
6.0849430E-07,0.035237
6.0854430E-07,0.035373
6.0859430E-07,0.035645
6.0864430E-07,0.035781
6.0869430E-07,0.035917
6.0874430E-07,0.036053
6.0879430E-07,0.036188
6.0884430E-07,0.036324
6.0889430E-07,0.036324
6.0894430E-07,0.036324
6.0899430E-07,0.036188
6.0904430E-07,0.035781
6.0909430E-07,0.035373
6.0914430E-07,0.034557
6.0919430E-07,0.033605
6.0924430E-07,0.032245
6.0929430E-07,0.030613
6.0934430E-07,0.028846
6.0939430E-07,0.026670
6.0944430E-07,0.024358
6.0949430E-07,0.021911
6.0954430E-07,0.019327
6.0959430E-07,0.016744
6.0964430E-07,0.014024
6.0969430E-07,0.011441
6.0974430E-07,0.009129
6.0979430E-07,0.006817
6.0984430E-07,0.004914
6.0989430E-07,0.003146
6.0994430E-07,0.001786
6.0999430E-07,0.000834
6.1004430E-07,0.000018
6.1009430E-07,-0.000254
6.1014430E-07,-0.000390
6.1019430E-07,-0.000254
6.1024430E-07,0.000154
6.1029430E-07,0.000698
6.1034430E-07,0.001514
6.1039430E-07,0.002330
6.1044430E-07,0.003146
6.1049430E-07,0.004098
6.1054430E-07,0.004914
6.1059430E-07,0.005729
6.1064430E-07,0.006409
6.1069430E-07,0.007089
6.1074430E-07,0.007633
6.1079430E-07,0.008041
6.1084430E-07,0.008313
6.1089430E-07,0.008449
6.1094430E-07,0.008585
6.1099430E-07,0.008449
6.1104430E-07,0.008313
6.1109430E-07,0.008041
6.1114430E-07,0.007497
6.1119430E-07,0.006953
6.1124430E-07,0.006273
6.1129430E-07,0.005321
6.1134430E-07,0.004370
6.1139430E-07,0.003146
6.1144430E-07,0.001922
6.1149430E-07,0.000426
6.1154430E-07,-0.001069
6.1159430E-07,-0.002701
6.1164430E-07,-0.004333
6.1169430E-07,-0.005965
6.1174430E-07,-0.007732
6.1179430E-07,-0.009228
6.1184430E-07,-0.010724
6.1189430E-07,-0.012084
6.1194430E-07,-0.013307
6.1199430E-07,-0.014259
6.1204430E-07,-0.014939
6.1209430E-07,-0.015347
6.1214430E-07,-0.015619
6.1219430E-07,-0.015483
6.1224430E-07,-0.015075
6.1229430E-07,-0.014395
6.1234430E-07,-0.013579
6.1239430E-07,-0.012492
6.1244430E-07,-0.011268
6.1249430E-07,-0.009908
6.1254430E-07,-0.008412
6.1259430E-07,-0.006917
6.1264430E-07,-0.005285
6.1269430E-07,-0.003789
6.1274430E-07,-0.002157
6.1279430E-07,-0.000526
6.1284430E-07,0.000970
6.1289430E-07,0.002602
6.1294430E-07,0.004098
6.1299430E-07,0.005457
6.1304430E-07,0.006953
6.1309430E-07,0.008313
6.1314430E-07,0.009809
6.1319430E-07,0.011169
6.1324430E-07,0.012392
6.1329430E-07,0.013752
6.1334430E-07,0.014840
6.1339430E-07,0.015928
6.1344430E-07,0.017016
6.1349430E-07,0.017831
6.1354430E-07,0.018647
6.1359430E-07,0.019191
6.1364430E-07,0.019463
6.1369430E-07,0.019735
6.1374430E-07,0.019735
6.1379430E-07,0.019463
6.1384430E-07,0.019191
6.1389430E-07,0.018647
6.1394430E-07,0.017967
6.1399430E-07,0.017288
6.1404430E-07,0.016472
6.1409430E-07,0.015792
6.1414430E-07,0.014976
6.1419430E-07,0.014160
6.1424430E-07,0.013480
6.1429430E-07,0.012936
6.1434430E-07,0.012392
6.1439430E-07,0.011984
6.1444430E-07,0.011712
6.1449430E-07,0.011441
6.1454430E-07,0.011305
6.1459430E-07,0.011033
6.1464430E-07,0.010897
6.1469430E-07,0.010489
6.1474430E-07,0.010081
6.1479430E-07,0.009673
6.1484430E-07,0.008993
6.1489430E-07,0.008177
6.1494430E-07,0.007089
6.1499430E-07,0.006001
6.1504430E-07,0.004778
6.1509430E-07,0.003418
6.1514430E-07,0.001922
6.1519430E-07,0.000562
6.1524430E-07,-0.000798
6.1529430E-07,-0.002021
6.1534430E-07,-0.003245
6.1539430E-07,-0.004061
6.1544430E-07,-0.004877
6.1549430E-07,-0.005285
6.1554430E-07,-0.005421
6.1559430E-07,-0.005421
6.1564430E-07,-0.005149
6.1569430E-07,-0.004605
6.1574430E-07,-0.003925
6.1579430E-07,-0.003245
6.1584430E-07,-0.002293
6.1589430E-07,-0.001477
6.1594430E-07,-0.000798
6.1599430E-07,-0.000118
6.1604430E-07,0.000426
6.1609430E-07,0.000834
6.1614430E-07,0.001106
6.1619430E-07,0.001106
6.1624430E-07,0.000834
6.1629430E-07,0.000562
6.1634430E-07,0.000154
6.1639430E-07,-0.000390
6.1644430E-07,-0.000933
6.1649430E-07,-0.001477
6.1654430E-07,-0.001885
6.1659430E-07,-0.002157
6.1664430E-07,-0.002157
6.1669430E-07,-0.002021
6.1674430E-07,-0.001749
6.1679430E-07,-0.001069
6.1684430E-07,-0.000254
6.1689430E-07,0.000698
6.1694430E-07,0.001786
6.1699430E-07,0.003010
6.1704430E-07,0.004370
6.1709430E-07,0.005729
6.1714430E-07,0.006953
6.1719430E-07,0.008041
6.1724430E-07,0.009129
6.1729430E-07,0.009809
6.1734430E-07,0.010489
6.1739430E-07,0.010897
6.1744430E-07,0.011033
6.1749430E-07,0.011033
6.1754430E-07,0.010897
6.1759430E-07,0.010489
6.1764430E-07,0.010217
6.1769430E-07,0.009673
6.1774430E-07,0.009265
6.1779430E-07,0.008993
6.1784430E-07,0.008721
6.1789430E-07,0.008585
6.1794430E-07,0.008721
6.1799430E-07,0.008857
6.1804430E-07,0.009265
6.1809430E-07,0.009809
6.1814430E-07,0.010353
6.1819430E-07,0.011169
6.1824430E-07,0.011984
6.1829430E-07,0.012800
6.1834430E-07,0.013616
6.1839430E-07,0.014432
6.1844430E-07,0.015112
6.1849430E-07,0.015656
6.1854430E-07,0.016064
6.1859430E-07,0.016472
6.1864430E-07,0.016608
6.1869430E-07,0.016608
6.1874430E-07,0.016608
6.1879430E-07,0.016336
6.1884430E-07,0.016064
6.1889430E-07,0.015792
6.1894430E-07,0.015520
6.1899430E-07,0.015248
6.1904430E-07,0.014976
6.1909430E-07,0.014840
6.1914430E-07,0.014704
6.1919430E-07,0.014704
6.1924430E-07,0.014704
6.1929430E-07,0.014976
6.1934430E-07,0.015112
6.1939430E-07,0.015384
6.1944430E-07,0.015656
6.1949430E-07,0.016064
6.1954430E-07,0.016336
6.1959430E-07,0.016744
6.1964430E-07,0.017016
6.1969430E-07,0.017288
6.1974430E-07,0.017560
6.1979430E-07,0.017695
6.1984430E-07,0.017831
6.1989430E-07,0.017967
6.1994430E-07,0.017967
6.1999430E-07,0.017967
6.2004430E-07,0.017967
6.2009430E-07,0.017967
6.2014430E-07,0.017831
6.2019430E-07,0.017831
6.2024430E-07,0.017695
6.2029430E-07,0.017424
6.2034430E-07,0.017152
6.2039430E-07,0.016880
6.2044430E-07,0.016472
6.2049430E-07,0.015928
6.2054430E-07,0.015248
6.2059430E-07,0.014568
6.2064430E-07,0.013616
6.2069430E-07,0.012664
6.2074430E-07,0.011576
6.2079430E-07,0.010353
6.2084430E-07,0.008993
6.2089430E-07,0.007497
6.2094430E-07,0.006137
6.2099430E-07,0.004642
6.2104430E-07,0.003146
6.2109430E-07,0.001650
6.2114430E-07,0.000154
6.2119430E-07,-0.001069
6.2124430E-07,-0.002429
6.2129430E-07,-0.003517
6.2134430E-07,-0.004605
6.2139430E-07,-0.005421
6.2144430E-07,-0.006237
6.2149430E-07,-0.007052
6.2154430E-07,-0.007596
6.2159430E-07,-0.008140
6.2164430E-07,-0.008548
6.2169430E-07,-0.008956
6.2174430E-07,-0.009364
6.2179430E-07,-0.009636
6.2184430E-07,-0.009908
6.2189430E-07,-0.010180
6.2194430E-07,-0.010316
6.2199430E-07,-0.010452
6.2204430E-07,-0.010588
6.2209430E-07,-0.010588
6.2214430E-07,-0.010452
6.2219430E-07,-0.010316
6.2224430E-07,-0.010044
6.2229430E-07,-0.009636
6.2234430E-07,-0.009092
6.2239430E-07,-0.008548
6.2244430E-07,-0.007868
6.2249430E-07,-0.007052
6.2254430E-07,-0.006237
6.2259430E-07,-0.005557
6.2264430E-07,-0.004741
6.2269430E-07,-0.004061
6.2274430E-07,-0.003517
6.2279430E-07,-0.003109
6.2284430E-07,-0.002837
6.2289430E-07,-0.002701
6.2294430E-07,-0.002701
6.2299430E-07,-0.002837
6.2304430E-07,-0.003109
6.2309430E-07,-0.003653
6.2314430E-07,-0.004061
6.2319430E-07,-0.004741
6.2324430E-07,-0.005285
6.2329430E-07,-0.005829
6.2334430E-07,-0.006237
6.2339430E-07,-0.006509
6.2344430E-07,-0.006781
6.2349430E-07,-0.006781
6.2354430E-07,-0.006645
6.2359430E-07,-0.006373
6.2364430E-07,-0.005965
6.2369430E-07,-0.005421
6.2374430E-07,-0.004741
6.2379430E-07,-0.004061
6.2384430E-07,-0.003381
6.2389430E-07,-0.002701
6.2394430E-07,-0.002157
6.2399430E-07,-0.001749
6.2404430E-07,-0.001477
6.2409430E-07,-0.001341
6.2414430E-07,-0.001477
6.2419430E-07,-0.001749
6.2424430E-07,-0.002157
6.2429430E-07,-0.002701
6.2434430E-07,-0.003245
6.2439430E-07,-0.003925
6.2444430E-07,-0.004605
6.2449430E-07,-0.005013
6.2454430E-07,-0.005421
6.2459430E-07,-0.005557
6.2464430E-07,-0.005421
6.2469430E-07,-0.005013
6.2474430E-07,-0.004333
6.2479430E-07,-0.003245
6.2484430E-07,-0.001885
6.2489430E-07,-0.000254
6.2494430E-07,0.001650
6.2499430E-07,0.003690
6.2504430E-07,0.006001
6.2509430E-07,0.008313
6.2514430E-07,0.010489
6.2519430E-07,0.012800
6.2524430E-07,0.014840
6.2529430E-07,0.016744
6.2534430E-07,0.018375
6.2539430E-07,0.019871
6.2544430E-07,0.020959
6.2549430E-07,0.021911
6.2554430E-07,0.022455
6.2559430E-07,0.022863
6.2564430E-07,0.022999
6.2569430E-07,0.022863
6.2574430E-07,0.022727
6.2579430E-07,0.022455
6.2584430E-07,0.022047
6.2589430E-07,0.021639
6.2594430E-07,0.021367
6.2599430E-07,0.020959
6.2604430E-07,0.020551
6.2609430E-07,0.020279
6.2614430E-07,0.019871
6.2619430E-07,0.019463
6.2624430E-07,0.019191
6.2629430E-07,0.018647
6.2634430E-07,0.018103
6.2639430E-07,0.017560
6.2644430E-07,0.016744
6.2649430E-07,0.015928
6.2654430E-07,0.014840
6.2659430E-07,0.013616
6.2664430E-07,0.012392
6.2669430E-07,0.010897
6.2674430E-07,0.009537
6.2679430E-07,0.008041
6.2684430E-07,0.006545
6.2689430E-07,0.005050
6.2694430E-07,0.003690
6.2699430E-07,0.002330
6.2704430E-07,0.001242
6.2709430E-07,0.000290
6.2714430E-07,-0.000526
6.2719430E-07,-0.001069
6.2724430E-07,-0.001477
6.2729430E-07,-0.001749
6.2734430E-07,-0.001885
6.2739430E-07,-0.001885
6.2744430E-07,-0.001885
6.2749430E-07,-0.001749
6.2754430E-07,-0.001613
6.2759430E-07,-0.001477
6.2764430E-07,-0.001341
6.2769430E-07,-0.001205
6.2774430E-07,-0.001205
6.2779430E-07,-0.001205
6.2784430E-07,-0.001205
6.2789430E-07,-0.001341
6.2794430E-07,-0.001613
6.2799430E-07,-0.001749
6.2804430E-07,-0.001885
6.2809430E-07,-0.002021
6.2814430E-07,-0.002157
6.2819430E-07,-0.002157
6.2824430E-07,-0.002157
6.2829430E-07,-0.002021
6.2834430E-07,-0.001749
6.2839430E-07,-0.001477
6.2844430E-07,-0.001069
6.2849430E-07,-0.000662
6.2854430E-07,-0.000118
6.2859430E-07,0.000426
6.2864430E-07,0.001106
6.2869430E-07,0.001650
6.2874430E-07,0.002194
6.2879430E-07,0.002738
6.2884430E-07,0.003146
6.2889430E-07,0.003690
6.2894430E-07,0.003962
6.2899430E-07,0.004370
6.2904430E-07,0.004642
6.2909430E-07,0.004778
6.2914430E-07,0.004914
6.2919430E-07,0.005050
6.2924430E-07,0.005186
6.2929430E-07,0.005186
6.2934430E-07,0.005321
6.2939430E-07,0.005321
6.2944430E-07,0.005321
6.2949430E-07,0.005321
6.2954430E-07,0.005186
6.2959430E-07,0.005186
6.2964430E-07,0.005050
6.2969430E-07,0.004914
6.2974430E-07,0.004778
6.2979430E-07,0.004642
6.2984430E-07,0.004370
6.2989430E-07,0.004234
6.2994430E-07,0.003962
6.2999430E-07,0.003826
6.3004430E-07,0.003826
6.3009430E-07,0.003690
6.3014430E-07,0.003690
6.3019430E-07,0.003826
6.3024430E-07,0.004098
6.3029430E-07,0.004506
6.3034430E-07,0.004914
6.3039430E-07,0.005593
6.3044430E-07,0.006273
6.3049430E-07,0.006953
6.3054430E-07,0.007769
6.3059430E-07,0.008721
6.3064430E-07,0.009537
6.3069430E-07,0.010217
6.3074430E-07,0.010897
6.3079430E-07,0.011441
6.3084430E-07,0.011848
6.3089430E-07,0.011984
6.3094430E-07,0.011984
6.3099430E-07,0.011712
6.3104430E-07,0.011305
6.3109430E-07,0.010625
6.3114430E-07,0.009945
6.3119430E-07,0.008993
6.3124430E-07,0.007905
6.3129430E-07,0.006681
6.3134430E-07,0.005593
6.3139430E-07,0.004506
6.3144430E-07,0.003418
6.3149430E-07,0.002466
6.3154430E-07,0.001650
6.3159430E-07,0.000834
6.3164430E-07,0.000290
6.3169430E-07,-0.000118
6.3174430E-07,-0.000390
6.3179430E-07,-0.000526
6.3184430E-07,-0.000662
6.3189430E-07,-0.000662
6.3194430E-07,-0.000798
6.3199430E-07,-0.000798
6.3204430E-07,-0.000933
6.3209430E-07,-0.001069
6.3214430E-07,-0.001477
6.3219430E-07,-0.001885
6.3224430E-07,-0.002429
6.3229430E-07,-0.003109
6.3234430E-07,-0.003925
6.3239430E-07,-0.004877
6.3244430E-07,-0.005829
6.3249430E-07,-0.006917
6.3254430E-07,-0.007868
6.3259430E-07,-0.008820
6.3264430E-07,-0.009772
6.3269430E-07,-0.010588
6.3274430E-07,-0.011404
6.3279430E-07,-0.011948
6.3284430E-07,-0.012492
6.3289430E-07,-0.012900
6.3294430E-07,-0.013307
6.3299430E-07,-0.013579
6.3304430E-07,-0.013851
6.3309430E-07,-0.014123
6.3314430E-07,-0.014395
6.3319430E-07,-0.014667
6.3324430E-07,-0.015075
6.3329430E-07,-0.015483
6.3334430E-07,-0.016027
6.3339430E-07,-0.016707
6.3344430E-07,-0.017387
6.3349430E-07,-0.018203
6.3354430E-07,-0.018883
6.3359430E-07,-0.019698
6.3364430E-07,-0.020242
6.3369430E-07,-0.020786
6.3374430E-07,-0.021058
6.3379430E-07,-0.021194
6.3384430E-07,-0.021058
6.3389430E-07,-0.020514
6.3394430E-07,-0.019834
6.3399430E-07,-0.018747
6.3404430E-07,-0.017387
6.3409430E-07,-0.015755
6.3414430E-07,-0.013851
6.3419430E-07,-0.011812
6.3424430E-07,-0.009636
6.3429430E-07,-0.007324
6.3434430E-07,-0.005013
6.3439430E-07,-0.002837
6.3444430E-07,-0.000798
6.3449430E-07,0.001242
6.3454430E-07,0.002874
6.3459430E-07,0.004370
6.3464430E-07,0.005593
6.3469430E-07,0.006681
6.3474430E-07,0.007361
6.3479430E-07,0.007905
6.3484430E-07,0.008177
6.3489430E-07,0.008177
6.3494430E-07,0.008177
6.3499430E-07,0.008041
6.3504430E-07,0.007769
6.3509430E-07,0.007497
6.3514430E-07,0.007225
6.3519430E-07,0.006953
6.3524430E-07,0.006681
6.3529430E-07,0.006409
6.3534430E-07,0.006137
6.3539430E-07,0.005865
6.3544430E-07,0.005729
6.3549430E-07,0.005321
6.3554430E-07,0.005050
6.3559430E-07,0.004642
6.3564430E-07,0.004098
6.3569430E-07,0.003418
6.3574430E-07,0.002738
6.3579430E-07,0.001922
6.3584430E-07,0.000970
6.3589430E-07,-0.000118
6.3594430E-07,-0.001205
6.3599430E-07,-0.002293
6.3604430E-07,-0.003381
6.3609430E-07,-0.004469
6.3614430E-07,-0.005557
6.3619430E-07,-0.006509
6.3624430E-07,-0.007324
6.3629430E-07,-0.007868
6.3634430E-07,-0.008412
6.3639430E-07,-0.008684
6.3644430E-07,-0.008820
6.3649430E-07,-0.008684
6.3654430E-07,-0.008276
6.3659430E-07,-0.007868
6.3664430E-07,-0.007188
6.3669430E-07,-0.006373
6.3674430E-07,-0.005557
6.3679430E-07,-0.004469
6.3684430E-07,-0.003517
6.3689430E-07,-0.002429
6.3694430E-07,-0.001341
6.3699430E-07,-0.000254
6.3704430E-07,0.000834
6.3709430E-07,0.001786
6.3714430E-07,0.002602
6.3719430E-07,0.003418
6.3724430E-07,0.004098
6.3729430E-07,0.004642
6.3734430E-07,0.004914
6.3739430E-07,0.005186
6.3744430E-07,0.005186
6.3749430E-07,0.005050
6.3754430E-07,0.004778
6.3759430E-07,0.004234
6.3764430E-07,0.003554
6.3769430E-07,0.002602
6.3774430E-07,0.001650
6.3779430E-07,0.000426
6.3784430E-07,-0.000933
6.3789430E-07,-0.002429
6.3794430E-07,-0.003925
6.3799430E-07,-0.005557
6.3804430E-07,-0.007188
6.3809430E-07,-0.008684
6.3814430E-07,-0.010180
6.3819430E-07,-0.011540
6.3824430E-07,-0.012764
6.3829430E-07,-0.013715
6.3834430E-07,-0.014531
6.3839430E-07,-0.015211
6.3844430E-07,-0.015619
6.3849430E-07,-0.015755
6.3854430E-07,-0.015619
6.3859430E-07,-0.015483
6.3864430E-07,-0.015075
6.3869430E-07,-0.014667
6.3874430E-07,-0.013987
6.3879430E-07,-0.013443
6.3884430E-07,-0.012900
6.3889430E-07,-0.012220
6.3894430E-07,-0.011676
6.3899430E-07,-0.011268
6.3904430E-07,-0.010996
6.3909430E-07,-0.010724
6.3914430E-07,-0.010588
6.3919430E-07,-0.010588
6.3924430E-07,-0.010588
6.3929430E-07,-0.010724
6.3934430E-07,-0.010860
6.3939430E-07,-0.010996
6.3944430E-07,-0.011132
6.3949430E-07,-0.011268
6.3954430E-07,-0.011268
6.3959430E-07,-0.011268
6.3964430E-07,-0.011268
6.3969430E-07,-0.011132
6.3974430E-07,-0.010996
6.3979430E-07,-0.010860
6.3984430E-07,-0.010724
6.3989430E-07,-0.010724
6.3994430E-07,-0.010724
6.3999430E-07,-0.010860
6.4004430E-07,-0.011132
6.4009430E-07,-0.011540
6.4014430E-07,-0.012220
6.4019430E-07,-0.012900
6.4024430E-07,-0.013715
6.4029430E-07,-0.014667
6.4034430E-07,-0.015755
6.4039430E-07,-0.016843
6.4044430E-07,-0.017795
6.4049430E-07,-0.018747
6.4054430E-07,-0.019562
6.4059430E-07,-0.020242
6.4064430E-07,-0.020786
6.4069430E-07,-0.020922
6.4074430E-07,-0.020922
6.4079430E-07,-0.020514
6.4084430E-07,-0.019970
6.4089430E-07,-0.019019
6.4094430E-07,-0.018067
6.4099430E-07,-0.016707
6.4104430E-07,-0.015483
6.4109430E-07,-0.013987
6.4114430E-07,-0.012628
6.4119430E-07,-0.011404
6.4124430E-07,-0.010180
6.4129430E-07,-0.009228
6.4134430E-07,-0.008548
6.4139430E-07,-0.008140
6.4144430E-07,-0.008004
6.4149430E-07,-0.008004
6.4154430E-07,-0.008412
6.4159430E-07,-0.009092
6.4164430E-07,-0.009908
6.4169430E-07,-0.010860
6.4174430E-07,-0.011812
6.4179430E-07,-0.012900
6.4184430E-07,-0.013987
6.4189430E-07,-0.015075
6.4194430E-07,-0.016027
6.4199430E-07,-0.016707
6.4204430E-07,-0.017387
6.4209430E-07,-0.017931
6.4214430E-07,-0.018203
6.4219430E-07,-0.018475
6.4224430E-07,-0.018475
6.4229430E-07,-0.018475
6.4234430E-07,-0.018475
6.4239430E-07,-0.018339
6.4244430E-07,-0.018339
6.4249430E-07,-0.018339
6.4254430E-07,-0.018475
6.4259430E-07,-0.018747
6.4264430E-07,-0.019019
6.4269430E-07,-0.019426
6.4274430E-07,-0.019834
6.4279430E-07,-0.020242
6.4284430E-07,-0.020786
6.4289430E-07,-0.021194
6.4294430E-07,-0.021602
6.4299430E-07,-0.021874
6.4304430E-07,-0.022010
6.4309430E-07,-0.021874
6.4314430E-07,-0.021466
6.4319430E-07,-0.020786
6.4324430E-07,-0.019970
6.4329430E-07,-0.018747
6.4334430E-07,-0.017387
6.4339430E-07,-0.015755
6.4344430E-07,-0.013851
6.4349430E-07,-0.011812
6.4354430E-07,-0.009636
6.4359430E-07,-0.007460
6.4364430E-07,-0.005149
6.4369430E-07,-0.002837
6.4374430E-07,-0.000526
6.4379430E-07,0.001650
6.4384430E-07,0.003690
6.4389430E-07,0.005729
6.4394430E-07,0.007633
6.4399430E-07,0.009401
6.4404430E-07,0.011033
6.4409430E-07,0.012664
6.4414430E-07,0.014160
6.4419430E-07,0.015520
6.4424430E-07,0.016880
6.4429430E-07,0.018239
6.4434430E-07,0.019599
6.4439430E-07,0.020823
6.4444430E-07,0.022183
6.4449430E-07,0.023407
6.4454430E-07,0.024630
6.4459430E-07,0.025718
6.4464430E-07,0.026942
6.4469430E-07,0.027894
6.4474430E-07,0.028846
6.4479430E-07,0.029798
6.4484430E-07,0.030477
6.4489430E-07,0.031021
6.4494430E-07,0.031429
6.4499430E-07,0.031701
6.4504430E-07,0.031837
6.4509430E-07,0.031837
6.4514430E-07,0.031701
6.4519430E-07,0.031429
6.4524430E-07,0.030885
6.4529430E-07,0.030341
6.4534430E-07,0.029662
6.4539430E-07,0.028982
6.4544430E-07,0.028030
6.4549430E-07,0.027214
6.4554430E-07,0.026126
6.4559430E-07,0.025038
6.4564430E-07,0.023950
6.4569430E-07,0.022727
6.4574430E-07,0.021503
6.4579430E-07,0.020279
6.4584430E-07,0.018919
6.4589430E-07,0.017560
6.4594430E-07,0.016200
6.4599430E-07,0.014840
6.4604430E-07,0.013480
6.4609430E-07,0.012120
6.4614430E-07,0.010761
6.4619430E-07,0.009537
6.4624430E-07,0.008313
6.4629430E-07,0.007361
6.4634430E-07,0.006409
6.4639430E-07,0.005593
6.4644430E-07,0.004914
6.4649430E-07,0.004506
6.4654430E-07,0.004098
6.4659430E-07,0.003962
6.4664430E-07,0.003826
6.4669430E-07,0.003826
6.4674430E-07,0.004098
6.4679430E-07,0.004234
6.4684430E-07,0.004506
6.4689430E-07,0.004778
6.4694430E-07,0.005186
6.4699430E-07,0.005457
6.4704430E-07,0.005729
6.4709430E-07,0.006001
6.4714430E-07,0.006273
6.4719430E-07,0.006545
6.4724430E-07,0.006681
6.4729430E-07,0.006817
6.4734430E-07,0.007089
6.4739430E-07,0.007225
6.4744430E-07,0.007361
6.4749430E-07,0.007633
6.4754430E-07,0.007905
6.4759430E-07,0.008177
6.4764430E-07,0.008585
6.4769430E-07,0.008857
6.4774430E-07,0.009265
6.4779430E-07,0.009537
6.4784430E-07,0.009809
6.4789430E-07,0.009945
6.4794430E-07,0.010081
6.4799430E-07,0.010081
6.4804430E-07,0.009809
6.4809430E-07,0.009401
6.4814430E-07,0.008857
6.4819430E-07,0.008177
6.4824430E-07,0.007361
6.4829430E-07,0.006409
6.4834430E-07,0.005186
6.4839430E-07,0.004098
6.4844430E-07,0.002874
6.4849430E-07,0.001650
6.4854430E-07,0.000562
6.4859430E-07,-0.000390
6.4864430E-07,-0.001341
6.4869430E-07,-0.002021
6.4874430E-07,-0.002429
6.4879430E-07,-0.002701
6.4884430E-07,-0.002837
6.4889430E-07,-0.002701
6.4894430E-07,-0.002429
6.4899430E-07,-0.002021
6.4904430E-07,-0.001613
6.4909430E-07,-0.001205
6.4914430E-07,-0.000798
6.4919430E-07,-0.000526
6.4924430E-07,-0.000526
6.4929430E-07,-0.000662
6.4934430E-07,-0.001205
6.4939430E-07,-0.001885
6.4944430E-07,-0.002973
6.4949430E-07,-0.004333
6.4954430E-07,-0.005965
6.4959430E-07,-0.007868
6.4964430E-07,-0.009908
6.4969430E-07,-0.012220
6.4974430E-07,-0.014531
6.4979430E-07,-0.016843
6.4984430E-07,-0.019291
6.4989430E-07,-0.021466
6.4994430E-07,-0.023642
6.4999430E-07,-0.025545
6.5004430E-07,-0.027313
6.5009430E-07,-0.028809
6.5014430E-07,-0.030033
6.5019430E-07,-0.031121
6.5024430E-07,-0.031936
6.5029430E-07,-0.032752
6.5034430E-07,-0.033296
6.5039430E-07,-0.033840
6.5044430E-07,-0.034248
6.5049430E-07,-0.034792
6.5054430E-07,-0.035336
6.5059430E-07,-0.035880
6.5064430E-07,-0.036560
6.5069430E-07,-0.037376
6.5074430E-07,-0.038191
6.5079430E-07,-0.039007
6.5084430E-07,-0.039959
6.5089430E-07,-0.040775
6.5094430E-07,-0.041591
6.5099430E-07,-0.042135
6.5104430E-07,-0.042679
6.5109430E-07,-0.042951
6.5114430E-07,-0.043087
6.5119430E-07,-0.042815
6.5124430E-07,-0.042271
6.5129430E-07,-0.041455
6.5134430E-07,-0.040367
6.5139430E-07,-0.039007
6.5144430E-07,-0.037376
6.5149430E-07,-0.035608
6.5154430E-07,-0.033568
6.5159430E-07,-0.031529
6.5164430E-07,-0.029353
6.5169430E-07,-0.027177
6.5174430E-07,-0.025138
6.5179430E-07,-0.023098
6.5184430E-07,-0.021058
6.5189430E-07,-0.019291
6.5194430E-07,-0.017659
6.5199430E-07,-0.016163
6.5204430E-07,-0.014667
6.5209430E-07,-0.013443
6.5214430E-07,-0.012356
6.5219430E-07,-0.011268
6.5224430E-07,-0.010316
6.5229430E-07,-0.009364
6.5234430E-07,-0.008412
6.5239430E-07,-0.007460
6.5244430E-07,-0.006645
6.5249430E-07,-0.005693
6.5254430E-07,-0.004877
6.5259430E-07,-0.003925
6.5264430E-07,-0.003109
6.5269430E-07,-0.002293
6.5274430E-07,-0.001477
6.5279430E-07,-0.000933
6.5284430E-07,-0.000390
6.5289430E-07,0.000018
6.5294430E-07,0.000290
6.5299430E-07,0.000426
6.5304430E-07,0.000290
6.5309430E-07,-0.000118
6.5314430E-07,-0.000662
6.5319430E-07,-0.001341
6.5324430E-07,-0.002293
6.5329430E-07,-0.003517
6.5334430E-07,-0.005013
6.5339430E-07,-0.006645
6.5344430E-07,-0.008548
6.5349430E-07,-0.010724
6.5354430E-07,-0.013172
6.5359430E-07,-0.015891
6.5364430E-07,-0.018883
6.5369430E-07,-0.022282
6.5374430E-07,-0.025953
6.5379430E-07,-0.030169
6.5384430E-07,-0.034656
6.5389430E-07,-0.039687
6.5394430E-07,-0.045126
6.5399430E-07,-0.050973
6.5404430E-07,-0.057364
6.5409430E-07,-0.064163
6.5414430E-07,-0.071506
6.5419430E-07,-0.079121
6.5424430E-07,-0.087143
6.5429430E-07,-0.095574
6.5434430E-07,-0.104141
6.5439430E-07,-0.112843
