LECROYWaveRunner‘N,20113,Waveform
Segments,1,SegmentSize,4002
Segment,TrigTime,TimeSinceSegment1
#1,12-Dec-2018 11:36:40,0                 
Time,Ampl
4.5694517E-07,0.014624
4.5699517E-07,0.013131
4.5704517E-07,0.011424
4.5709517E-07,0.009611
4.5714517E-07,0.007691
4.5719517E-07,0.005772
4.5724517E-07,0.003745
4.5729517E-07,0.001719
4.5734517E-07,-0.000308
4.5739517E-07,-0.002227
4.5744517E-07,-0.004041
4.5749517E-07,-0.005640
4.5754517E-07,-0.007027
4.5759517E-07,-0.008200
4.5764517E-07,-0.009053
4.5769517E-07,-0.009693
4.5774517E-07,-0.010013
4.5779517E-07,-0.010120
4.5784517E-07,-0.009907
4.5789517E-07,-0.009480
4.5794517E-07,-0.008840
4.5799517E-07,-0.007987
4.5804517E-07,-0.007027
4.5809517E-07,-0.005854
4.5814517E-07,-0.004681
4.5819517E-07,-0.003401
4.5824517E-07,-0.002121
4.5829517E-07,-0.000948
4.5834517E-07,0.000332
4.5839517E-07,0.001505
4.5844517E-07,0.002572
4.5849517E-07,0.003639
4.5854517E-07,0.004598
4.5859517E-07,0.005452
4.5864517E-07,0.006198
4.5869517E-07,0.007051
4.5874517E-07,0.007691
4.5879517E-07,0.008438
4.5884517E-07,0.009078
4.5889517E-07,0.009718
4.5894517E-07,0.010464
4.5899517E-07,0.011104
4.5904517E-07,0.011744
4.5909517E-07,0.012384
4.5914517E-07,0.013024
4.5919517E-07,0.013557
4.5924517E-07,0.014091
4.5929517E-07,0.014517
4.5934517E-07,0.014837
4.5939517E-07,0.015050
4.5944517E-07,0.015050
4.5949517E-07,0.014944
4.5954517E-07,0.014624
4.5959517E-07,0.014091
4.5964517E-07,0.013451
4.5969517E-07,0.012597
4.5974517E-07,0.011531
4.5979517E-07,0.010251
4.5984517E-07,0.008971
4.5989517E-07,0.007478
4.5994517E-07,0.005985
4.5999517E-07,0.004492
4.6004517E-07,0.003105
4.6009517E-07,0.001612
4.6014517E-07,0.000439
4.6019517E-07,-0.000734
4.6024517E-07,-0.001588
4.6029517E-07,-0.002334
4.6034517E-07,-0.002761
4.6039517E-07,-0.002974
4.6044517E-07,-0.002974
4.6049517E-07,-0.002654
4.6054517E-07,-0.002121
4.6059517E-07,-0.001481
4.6064517E-07,-0.000628
4.6069517E-07,0.000332
4.6074517E-07,0.001292
4.6079517E-07,0.002359
4.6084517E-07,0.003319
4.6089517E-07,0.004278
4.6094517E-07,0.005025
4.6099517E-07,0.005665
4.6104517E-07,0.006198
4.6109517E-07,0.006412
4.6114517E-07,0.006518
4.6119517E-07,0.006412
4.6124517E-07,0.006092
4.6129517E-07,0.005558
4.6134517E-07,0.004918
4.6139517E-07,0.004278
4.6144517E-07,0.003532
4.6149517E-07,0.002785
4.6154517E-07,0.002039
4.6159517E-07,0.001399
4.6164517E-07,0.000865
4.6169517E-07,0.000439
4.6174517E-07,0.000226
4.6179517E-07,0.000119
4.6184517E-07,0.000226
4.6189517E-07,0.000546
4.6194517E-07,0.000865
4.6199517E-07,0.001399
4.6204517E-07,0.002039
4.6209517E-07,0.002572
4.6214517E-07,0.003212
4.6219517E-07,0.003745
4.6224517E-07,0.004172
4.6229517E-07,0.004492
4.6234517E-07,0.004598
4.6239517E-07,0.004598
4.6244517E-07,0.004278
4.6249517E-07,0.003745
4.6254517E-07,0.002999
4.6259517E-07,0.002039
4.6264517E-07,0.000865
4.6269517E-07,-0.000414
4.6274517E-07,-0.001908
4.6279517E-07,-0.003401
4.6284517E-07,-0.005000
4.6289517E-07,-0.006600
4.6294517E-07,-0.008200
4.6299517E-07,-0.009693
4.6304517E-07,-0.011080
4.6309517E-07,-0.012360
4.6314517E-07,-0.013533
4.6319517E-07,-0.014493
4.6324517E-07,-0.015239
4.6329517E-07,-0.015879
4.6334517E-07,-0.016412
4.6339517E-07,-0.016839
4.6344517E-07,-0.017159
4.6349517E-07,-0.017372
4.6354517E-07,-0.017479
4.6359517E-07,-0.017692
4.6364517E-07,-0.017799
4.6369517E-07,-0.017906
4.6374517E-07,-0.018012
4.6379517E-07,-0.018119
4.6384517E-07,-0.018226
4.6389517E-07,-0.018439
4.6394517E-07,-0.018546
4.6399517E-07,-0.018759
4.6404517E-07,-0.018865
4.6409517E-07,-0.018865
4.6414517E-07,-0.018865
4.6419517E-07,-0.018865
4.6424517E-07,-0.018652
4.6429517E-07,-0.018332
4.6434517E-07,-0.018012
4.6439517E-07,-0.017479
4.6444517E-07,-0.016946
4.6449517E-07,-0.016306
4.6454517E-07,-0.015559
4.6459517E-07,-0.014813
4.6464517E-07,-0.014066
4.6469517E-07,-0.013213
4.6474517E-07,-0.012466
4.6479517E-07,-0.011720
4.6484517E-07,-0.011080
4.6489517E-07,-0.010440
4.6494517E-07,-0.009907
4.6499517E-07,-0.009480
4.6504517E-07,-0.009160
4.6509517E-07,-0.008840
4.6514517E-07,-0.008627
4.6519517E-07,-0.008413
4.6524517E-07,-0.008200
4.6529517E-07,-0.007880
4.6534517E-07,-0.007560
4.6539517E-07,-0.007134
4.6544517E-07,-0.006600
4.6549517E-07,-0.005854
4.6554517E-07,-0.005000
4.6559517E-07,-0.003934
4.6564517E-07,-0.002654
4.6569517E-07,-0.001268
4.6574517E-07,0.000332
4.6579517E-07,0.002039
4.6584517E-07,0.003958
4.6589517E-07,0.005985
4.6594517E-07,0.008011
4.6599517E-07,0.010038
4.6604517E-07,0.011958
4.6609517E-07,0.013877
4.6614517E-07,0.015690
4.6619517E-07,0.017290
4.6624517E-07,0.018677
4.6629517E-07,0.019850
4.6634517E-07,0.020810
4.6639517E-07,0.021556
4.6644517E-07,0.021983
4.6649517E-07,0.022196
4.6654517E-07,0.022090
4.6659517E-07,0.021876
4.6664517E-07,0.021556
4.6669517E-07,0.021023
4.6674517E-07,0.020383
4.6679517E-07,0.019743
4.6684517E-07,0.019103
4.6689517E-07,0.018570
4.6694517E-07,0.018037
4.6699517E-07,0.017610
4.6704517E-07,0.017397
4.6709517E-07,0.017290
4.6714517E-07,0.017290
4.6719517E-07,0.017504
4.6724517E-07,0.017930
4.6729517E-07,0.018463
4.6734517E-07,0.019103
4.6739517E-07,0.019743
4.6744517E-07,0.020596
4.6749517E-07,0.021343
4.6754517E-07,0.022196
4.6759517E-07,0.022943
4.6764517E-07,0.023583
4.6769517E-07,0.024223
4.6774517E-07,0.024649
4.6779517E-07,0.024969
4.6784517E-07,0.025183
4.6789517E-07,0.025289
4.6794517E-07,0.025183
4.6799517E-07,0.025076
4.6804517E-07,0.024863
4.6809517E-07,0.024649
4.6814517E-07,0.024329
4.6819517E-07,0.024116
4.6824517E-07,0.023903
4.6829517E-07,0.023796
4.6834517E-07,0.023903
4.6839517E-07,0.024116
4.6844517E-07,0.024436
4.6849517E-07,0.024969
4.6854517E-07,0.025609
4.6859517E-07,0.026462
4.6864517E-07,0.027422
4.6869517E-07,0.028489
4.6874517E-07,0.029555
4.6879517E-07,0.030729
4.6884517E-07,0.032008
4.6889517E-07,0.033075
4.6894517E-07,0.034142
4.6899517E-07,0.034995
4.6904517E-07,0.035741
4.6909517E-07,0.036381
4.6914517E-07,0.036701
4.6919517E-07,0.036808
4.6924517E-07,0.036701
4.6929517E-07,0.036381
4.6934517E-07,0.035848
4.6939517E-07,0.035101
4.6944517E-07,0.034248
4.6949517E-07,0.033182
4.6954517E-07,0.032115
4.6959517E-07,0.031049
4.6964517E-07,0.029875
4.6969517E-07,0.028809
4.6974517E-07,0.027849
4.6979517E-07,0.026889
4.6984517E-07,0.026036
4.6989517E-07,0.025289
4.6994517E-07,0.024649
4.6999517E-07,0.024116
4.7004517E-07,0.023583
4.7009517E-07,0.023156
4.7014517E-07,0.022730
4.7019517E-07,0.022303
4.7024517E-07,0.021876
4.7029517E-07,0.021343
4.7034517E-07,0.020810
4.7039517E-07,0.020063
4.7044517E-07,0.019317
4.7049517E-07,0.018357
4.7054517E-07,0.017290
4.7059517E-07,0.016224
4.7064517E-07,0.015050
4.7069517E-07,0.013877
4.7074517E-07,0.012597
4.7079517E-07,0.011531
4.7084517E-07,0.010464
4.7089517E-07,0.009504
4.7094517E-07,0.008651
4.7099517E-07,0.008118
4.7104517E-07,0.007798
4.7109517E-07,0.007585
4.7114517E-07,0.007798
4.7119517E-07,0.008118
4.7124517E-07,0.008651
4.7129517E-07,0.009504
4.7134517E-07,0.010464
4.7139517E-07,0.011638
4.7144517E-07,0.012811
4.7149517E-07,0.014091
4.7154517E-07,0.015370
4.7159517E-07,0.016650
4.7164517E-07,0.017930
4.7169517E-07,0.018997
4.7174517E-07,0.020063
4.7179517E-07,0.020916
4.7184517E-07,0.021556
4.7189517E-07,0.022196
4.7194517E-07,0.022623
4.7199517E-07,0.022836
4.7204517E-07,0.023050
4.7209517E-07,0.023156
4.7214517E-07,0.023263
4.7219517E-07,0.023263
4.7224517E-07,0.023263
4.7229517E-07,0.023369
4.7234517E-07,0.023476
4.7239517E-07,0.023689
4.7244517E-07,0.023903
4.7249517E-07,0.024223
4.7254517E-07,0.024649
4.7259517E-07,0.025076
4.7264517E-07,0.025503
4.7269517E-07,0.025929
4.7274517E-07,0.026356
4.7279517E-07,0.026782
4.7284517E-07,0.026996
4.7289517E-07,0.027209
4.7294517E-07,0.027209
4.7299517E-07,0.027102
4.7304517E-07,0.026782
4.7309517E-07,0.026356
4.7314517E-07,0.025716
4.7319517E-07,0.024863
4.7324517E-07,0.023796
4.7329517E-07,0.022623
4.7334517E-07,0.021343
4.7339517E-07,0.019957
4.7344517E-07,0.018463
4.7349517E-07,0.016970
4.7354517E-07,0.015584
4.7359517E-07,0.014091
4.7364517E-07,0.012704
4.7369517E-07,0.011424
4.7374517E-07,0.010251
4.7379517E-07,0.009078
4.7384517E-07,0.008118
4.7389517E-07,0.007265
4.7394517E-07,0.006412
4.7399517E-07,0.005772
4.7404517E-07,0.005132
4.7409517E-07,0.004492
4.7414517E-07,0.003958
4.7419517E-07,0.003425
4.7424517E-07,0.002785
4.7429517E-07,0.002145
4.7434517E-07,0.001505
4.7439517E-07,0.000759
4.7444517E-07,0.000012
4.7449517E-07,-0.000734
4.7454517E-07,-0.001588
4.7459517E-07,-0.002334
4.7464517E-07,-0.003187
4.7469517E-07,-0.003934
4.7474517E-07,-0.004574
4.7479517E-07,-0.005214
4.7484517E-07,-0.005640
4.7489517E-07,-0.005960
4.7494517E-07,-0.005960
4.7499517E-07,-0.005854
4.7504517E-07,-0.005534
4.7509517E-07,-0.005000
4.7514517E-07,-0.004361
4.7519517E-07,-0.003401
4.7524517E-07,-0.002334
4.7529517E-07,-0.001161
4.7534517E-07,0.000226
4.7539517E-07,0.001505
4.7544517E-07,0.002892
4.7549517E-07,0.004172
4.7554517E-07,0.005345
4.7559517E-07,0.006412
4.7564517E-07,0.007265
4.7569517E-07,0.007905
4.7574517E-07,0.008331
4.7579517E-07,0.008545
4.7584517E-07,0.008545
4.7589517E-07,0.008331
4.7594517E-07,0.007905
4.7599517E-07,0.007265
4.7604517E-07,0.006518
4.7609517E-07,0.005665
4.7614517E-07,0.004705
4.7619517E-07,0.003852
4.7624517E-07,0.003105
4.7629517E-07,0.002359
4.7634517E-07,0.001825
4.7639517E-07,0.001505
4.7644517E-07,0.001399
4.7649517E-07,0.001612
4.7654517E-07,0.002039
4.7659517E-07,0.002785
4.7664517E-07,0.003745
4.7669517E-07,0.004918
4.7674517E-07,0.006412
4.7679517E-07,0.008011
4.7684517E-07,0.009718
4.7689517E-07,0.011531
4.7694517E-07,0.013344
4.7699517E-07,0.015264
4.7704517E-07,0.017077
4.7709517E-07,0.018783
4.7714517E-07,0.020383
4.7719517E-07,0.021983
4.7724517E-07,0.023369
4.7729517E-07,0.024649
4.7734517E-07,0.025716
4.7739517E-07,0.026782
4.7744517E-07,0.027742
4.7749517E-07,0.028596
4.7754517E-07,0.029449
4.7759517E-07,0.030302
4.7764517E-07,0.031049
4.7769517E-07,0.031902
4.7774517E-07,0.032755
4.7779517E-07,0.033608
4.7784517E-07,0.034568
4.7789517E-07,0.035421
4.7794517E-07,0.036381
4.7799517E-07,0.037235
4.7804517E-07,0.038088
4.7809517E-07,0.038728
4.7814517E-07,0.039368
4.7819517E-07,0.039688
4.7824517E-07,0.039901
4.7829517E-07,0.039901
4.7834517E-07,0.039581
4.7839517E-07,0.038941
4.7844517E-07,0.038088
4.7849517E-07,0.037021
4.7854517E-07,0.035635
4.7859517E-07,0.033928
4.7864517E-07,0.032222
4.7869517E-07,0.030195
4.7874517E-07,0.028169
4.7879517E-07,0.026036
4.7884517E-07,0.024009
4.7889517E-07,0.021983
4.7894517E-07,0.020063
4.7899517E-07,0.018250
4.7904517E-07,0.016650
4.7909517E-07,0.015264
4.7914517E-07,0.014091
4.7919517E-07,0.013131
4.7924517E-07,0.012384
4.7929517E-07,0.011851
4.7934517E-07,0.011424
4.7939517E-07,0.011211
4.7944517E-07,0.011211
4.7949517E-07,0.011211
4.7954517E-07,0.011211
4.7959517E-07,0.011211
4.7964517E-07,0.011318
4.7969517E-07,0.011211
4.7974517E-07,0.011211
4.7979517E-07,0.010998
4.7984517E-07,0.010784
4.7989517E-07,0.010464
4.7994517E-07,0.010144
4.7999517E-07,0.009718
4.8004517E-07,0.009291
4.8009517E-07,0.008971
4.8014517E-07,0.008545
4.8019517E-07,0.008331
4.8024517E-07,0.008118
4.8029517E-07,0.008118
4.8034517E-07,0.008225
4.8039517E-07,0.008438
4.8044517E-07,0.008865
4.8049517E-07,0.009504
4.8054517E-07,0.010251
4.8059517E-07,0.011104
4.8064517E-07,0.012064
4.8069517E-07,0.013024
4.8074517E-07,0.014197
4.8079517E-07,0.015264
4.8084517E-07,0.016330
4.8089517E-07,0.017397
4.8094517E-07,0.018357
4.8099517E-07,0.019317
4.8104517E-07,0.020063
4.8109517E-07,0.020703
4.8114517E-07,0.021236
4.8119517E-07,0.021663
4.8124517E-07,0.021983
4.8129517E-07,0.022196
4.8134517E-07,0.022303
4.8139517E-07,0.022410
4.8144517E-07,0.022410
4.8149517E-07,0.022516
4.8154517E-07,0.022623
4.8159517E-07,0.022730
4.8164517E-07,0.022836
4.8169517E-07,0.023156
4.8174517E-07,0.023369
4.8179517E-07,0.023689
4.8184517E-07,0.024116
4.8189517E-07,0.024543
4.8194517E-07,0.024863
4.8199517E-07,0.025183
4.8204517E-07,0.025503
4.8209517E-07,0.025609
4.8214517E-07,0.025716
4.8219517E-07,0.025503
4.8224517E-07,0.025076
4.8229517E-07,0.024436
4.8234517E-07,0.023583
4.8239517E-07,0.022410
4.8244517E-07,0.021023
4.8249517E-07,0.019317
4.8254517E-07,0.017290
4.8259517E-07,0.015157
4.8264517E-07,0.012704
4.8269517E-07,0.010144
4.8274517E-07,0.007478
4.8279517E-07,0.004812
4.8284517E-07,0.002039
4.8289517E-07,-0.000734
4.8294517E-07,-0.003294
4.8299517E-07,-0.005854
4.8304517E-07,-0.008093
4.8309517E-07,-0.010227
4.8314517E-07,-0.012146
4.8319517E-07,-0.013639
4.8324517E-07,-0.015026
4.8329517E-07,-0.015986
4.8334517E-07,-0.016732
4.8339517E-07,-0.017266
4.8344517E-07,-0.017479
4.8349517E-07,-0.017479
4.8354517E-07,-0.017372
4.8359517E-07,-0.017052
4.8364517E-07,-0.016519
4.8369517E-07,-0.015986
4.8374517E-07,-0.015346
4.8379517E-07,-0.014706
4.8384517E-07,-0.013959
4.8389517E-07,-0.013106
4.8394517E-07,-0.012360
4.8399517E-07,-0.011506
4.8404517E-07,-0.010653
4.8409517E-07,-0.009693
4.8414517E-07,-0.008733
4.8419517E-07,-0.007773
4.8424517E-07,-0.006600
4.8429517E-07,-0.005427
4.8434517E-07,-0.004147
4.8439517E-07,-0.002761
4.8444517E-07,-0.001268
4.8449517E-07,0.000226
4.8454517E-07,0.001825
4.8459517E-07,0.003425
4.8464517E-07,0.004918
4.8469517E-07,0.006412
4.8474517E-07,0.007798
4.8479517E-07,0.008971
4.8484517E-07,0.010038
4.8489517E-07,0.010784
4.8494517E-07,0.011318
4.8499517E-07,0.011424
4.8504517E-07,0.011318
4.8509517E-07,0.010891
4.8514517E-07,0.010038
4.8519517E-07,0.008971
4.8524517E-07,0.007585
4.8529517E-07,0.005878
4.8534517E-07,0.004065
4.8539517E-07,0.002145
4.8544517E-07,0.000119
4.8549517E-07,-0.001908
4.8554517E-07,-0.003827
4.8559517E-07,-0.005640
4.8564517E-07,-0.007240
4.8569517E-07,-0.008627
4.8574517E-07,-0.009693
4.8579517E-07,-0.010333
4.8584517E-07,-0.010760
4.8589517E-07,-0.010866
4.8594517E-07,-0.010546
4.8599517E-07,-0.009907
4.8604517E-07,-0.008947
4.8609517E-07,-0.007773
4.8614517E-07,-0.006494
4.8619517E-07,-0.004894
4.8624517E-07,-0.003294
4.8629517E-07,-0.001588
4.8634517E-07,0.000012
4.8639517E-07,0.001612
4.8644517E-07,0.003212
4.8649517E-07,0.004598
4.8654517E-07,0.005878
4.8659517E-07,0.006945
4.8664517E-07,0.007905
4.8669517E-07,0.008758
4.8674517E-07,0.009504
4.8679517E-07,0.010038
4.8684517E-07,0.010571
4.8689517E-07,0.010998
4.8694517E-07,0.011424
4.8699517E-07,0.011744
4.8704517E-07,0.012171
4.8709517E-07,0.012597
4.8714517E-07,0.012917
4.8719517E-07,0.013451
4.8724517E-07,0.013877
4.8729517E-07,0.014411
4.8734517E-07,0.014837
4.8739517E-07,0.015264
4.8744517E-07,0.015584
4.8749517E-07,0.015904
4.8754517E-07,0.016117
4.8759517E-07,0.016224
4.8764517E-07,0.016117
4.8769517E-07,0.015904
4.8774517E-07,0.015584
4.8779517E-07,0.015050
4.8784517E-07,0.014411
4.8789517E-07,0.013664
4.8794517E-07,0.012917
4.8799517E-07,0.011958
4.8804517E-07,0.010998
4.8809517E-07,0.010144
4.8814517E-07,0.009185
4.8819517E-07,0.008438
4.8824517E-07,0.007691
4.8829517E-07,0.007051
4.8834517E-07,0.006518
4.8839517E-07,0.006198
4.8844517E-07,0.005985
4.8849517E-07,0.005878
4.8854517E-07,0.005878
4.8859517E-07,0.006092
4.8864517E-07,0.006198
4.8869517E-07,0.006412
4.8874517E-07,0.006625
4.8879517E-07,0.006731
4.8884517E-07,0.006838
4.8889517E-07,0.006731
4.8894517E-07,0.006518
4.8899517E-07,0.006198
4.8904517E-07,0.005772
4.8909517E-07,0.005132
4.8914517E-07,0.004278
4.8919517E-07,0.003425
4.8924517E-07,0.002359
4.8929517E-07,0.001185
4.8934517E-07,0.000012
4.8939517E-07,-0.001161
4.8944517E-07,-0.002227
4.8949517E-07,-0.003294
4.8954517E-07,-0.004254
4.8959517E-07,-0.005107
4.8964517E-07,-0.005640
4.8969517E-07,-0.006067
4.8974517E-07,-0.006280
4.8979517E-07,-0.006280
4.8984517E-07,-0.005960
4.8989517E-07,-0.005534
4.8994517E-07,-0.004894
4.8999517E-07,-0.004041
4.9004517E-07,-0.002974
4.9009517E-07,-0.001908
4.9014517E-07,-0.000734
4.9019517E-07,0.000546
4.9024517E-07,0.001825
4.9029517E-07,0.003105
4.9034517E-07,0.004278
4.9039517E-07,0.005452
4.9044517E-07,0.006518
4.9049517E-07,0.007478
4.9054517E-07,0.008438
4.9059517E-07,0.009185
4.9064517E-07,0.009931
4.9069517E-07,0.010571
4.9074517E-07,0.011211
4.9079517E-07,0.011851
4.9084517E-07,0.012491
4.9089517E-07,0.013131
4.9094517E-07,0.013771
4.9099517E-07,0.014517
4.9104517E-07,0.015370
4.9109517E-07,0.016330
4.9114517E-07,0.017290
4.9119517E-07,0.018463
4.9124517E-07,0.019637
4.9129517E-07,0.020916
4.9134517E-07,0.022303
4.9139517E-07,0.023583
4.9144517E-07,0.024969
4.9149517E-07,0.026356
4.9154517E-07,0.027636
4.9159517E-07,0.028809
4.9164517E-07,0.029875
4.9169517E-07,0.030942
4.9174517E-07,0.031688
4.9179517E-07,0.032435
4.9184517E-07,0.032968
4.9189517E-07,0.033288
4.9194517E-07,0.033502
4.9199517E-07,0.033715
4.9204517E-07,0.033715
4.9209517E-07,0.033715
4.9214517E-07,0.033715
4.9219517E-07,0.033715
4.9224517E-07,0.033715
4.9229517E-07,0.033822
4.9234517E-07,0.034035
4.9239517E-07,0.034355
4.9244517E-07,0.034888
4.9249517E-07,0.035528
4.9254517E-07,0.036275
4.9259517E-07,0.037341
4.9264517E-07,0.038408
4.9269517E-07,0.039688
4.9274517E-07,0.041181
4.9279517E-07,0.042674
4.9284517E-07,0.044274
4.9289517E-07,0.045980
4.9294517E-07,0.047793
4.9299517E-07,0.049606
4.9304517E-07,0.051526
4.9309517E-07,0.053553
4.9314517E-07,0.055686
4.9319517E-07,0.057819
4.9324517E-07,0.060272
4.9329517E-07,0.062831
4.9334517E-07,0.065604
4.9339517E-07,0.068697
4.9344517E-07,0.072217
4.9349517E-07,0.076057
4.9354517E-07,0.080429
4.9359517E-07,0.085335
4.9364517E-07,0.090668
4.9369517E-07,0.096747
4.9374517E-07,0.103253
4.9379517E-07,0.110506
4.9384517E-07,0.118292
4.9389517E-07,0.126611
4.9394517E-07,0.135569
4.9399517E-07,0.145062
4.9404517E-07,0.154981
4.9409517E-07,0.165326
4.9414517E-07,0.176098
4.9419517E-07,0.187083
4.9424517E-07,0.198389
4.9429517E-07,0.209907
4.9434517E-07,0.221639
4.9439517E-07,0.233584
4.9444517E-07,0.245530
4.9449517E-07,0.257688
4.9454517E-07,0.269953
4.9459517E-07,0.282325
4.9464517E-07,0.294911
4.9469517E-07,0.307709
4.9474517E-07,0.320614
4.9479517E-07,0.333839
4.9484517E-07,0.347384
4.9489517E-07,0.361249
4.9494517E-07,0.375434
4.9499517E-07,0.389939
4.9504517E-07,0.404871
4.9509517E-07,0.420229
4.9514517E-07,0.436014
4.9519517E-07,0.452012
4.9524517E-07,0.468437
4.9529517E-07,0.485181
4.9534517E-07,0.502033
4.9539517E-07,0.519097
4.9544517E-07,0.536268
4.9549517E-07,0.553440
4.9554517E-07,0.570611
4.9559517E-07,0.587676
4.9564517E-07,0.604527
4.9569517E-07,0.621165
4.9574517E-07,0.637590
4.9579517E-07,0.653695
4.9584517E-07,0.669586
4.9589517E-07,0.685051
4.9594517E-07,0.700196
4.9599517E-07,0.715127
4.9604517E-07,0.729632
4.9609517E-07,0.743924
4.9614517E-07,0.757895
4.9619517E-07,0.771654
4.9624517E-07,0.785199
4.9629517E-07,0.798531
4.9634517E-07,0.811649
4.9639517E-07,0.824554
4.9644517E-07,0.837246
4.9649517E-07,0.849831
4.9654517E-07,0.861990
4.9659517E-07,0.874042
4.9664517E-07,0.885667
4.9669517E-07,0.896866
4.9674517E-07,0.907744
4.9679517E-07,0.918090
4.9684517E-07,0.927902
4.9689517E-07,0.937181
4.9694517E-07,0.945713
4.9699517E-07,0.953712
4.9704517E-07,0.960965
4.9709517E-07,0.967471
4.9714517E-07,0.973337
4.9719517E-07,0.978563
4.9724517E-07,0.982935
4.9729517E-07,0.986775
4.9734517E-07,0.989975
4.9739517E-07,0.992641
4.9744517E-07,0.994774
4.9749517E-07,0.996480
4.9754517E-07,0.997760
4.9759517E-07,0.998720
4.9764517E-07,0.999360
4.9769517E-07,0.999787
4.9774517E-07,0.999893
4.9779517E-07,1.000000
4.9784517E-07,0.999893
4.9789517E-07,0.999573
4.9794517E-07,0.999147
4.9799517E-07,0.998613
4.9804517E-07,0.997867
4.9809517E-07,0.997014
4.9814517E-07,0.995947
4.9819517E-07,0.994561
4.9824517E-07,0.992961
4.9829517E-07,0.991041
4.9834517E-07,0.988801
4.9839517E-07,0.986242
4.9844517E-07,0.983255
4.9849517E-07,0.980056
4.9854517E-07,0.976429
4.9859517E-07,0.972590
4.9864517E-07,0.968324
4.9869517E-07,0.963844
4.9874517E-07,0.959152
4.9879517E-07,0.954245
4.9884517E-07,0.949126
4.9889517E-07,0.943900
4.9894517E-07,0.938674
4.9899517E-07,0.933448
4.9904517E-07,0.928115
4.9909517E-07,0.922889
4.9914517E-07,0.917663
4.9919517E-07,0.912544
4.9924517E-07,0.907424
4.9929517E-07,0.902412
4.9934517E-07,0.897399
4.9939517E-07,0.892386
4.9944517E-07,0.887373
4.9949517E-07,0.882361
4.9954517E-07,0.877135
4.9959517E-07,0.871909
4.9964517E-07,0.866576
4.9969517E-07,0.861030
4.9974517E-07,0.855271
4.9979517E-07,0.849405
4.9984517E-07,0.843325
4.9989517E-07,0.837033
4.9994517E-07,0.830633
4.9999517E-07,0.824128
5.0004517E-07,0.817408
5.0009517E-07,0.810796
5.0014517E-07,0.804183
5.0019517E-07,0.797571
5.0024517E-07,0.791065
5.0029517E-07,0.784772
5.0034517E-07,0.778586
5.0039517E-07,0.772614
5.0044517E-07,0.766961
5.0049517E-07,0.761522
5.0054517E-07,0.756296
5.0059517E-07,0.751390
5.0064517E-07,0.746590
5.0069517E-07,0.742004
5.0074517E-07,0.737525
5.0079517E-07,0.733152
5.0084517E-07,0.728779
5.0089517E-07,0.724299
5.0094517E-07,0.719820
5.0099517E-07,0.715234
5.0104517E-07,0.710434
5.0109517E-07,0.705422
5.0114517E-07,0.700302
5.0119517E-07,0.694863
5.0124517E-07,0.689317
5.0129517E-07,0.683558
5.0134517E-07,0.677585
5.0139517E-07,0.671612
5.0144517E-07,0.665533
5.0149517E-07,0.659560
5.0154517E-07,0.653588
5.0159517E-07,0.647722
5.0164517E-07,0.642069
5.0169517E-07,0.636630
5.0174517E-07,0.631404
5.0179517E-07,0.626498
5.0184517E-07,0.621912
5.0189517E-07,0.617539
5.0194517E-07,0.613379
5.0199517E-07,0.609540
5.0204517E-07,0.605807
5.0209517E-07,0.602287
5.0214517E-07,0.598768
5.0219517E-07,0.595355
5.0224517E-07,0.591942
5.0229517E-07,0.588422
5.0234517E-07,0.584796
5.0239517E-07,0.580957
5.0244517E-07,0.577010
5.0249517E-07,0.572744
5.0254517E-07,0.568265
5.0259517E-07,0.563572
5.0264517E-07,0.558666
5.0269517E-07,0.553440
5.0274517E-07,0.548107
5.0279517E-07,0.542668
5.0284517E-07,0.537015
5.0289517E-07,0.531256
5.0294517E-07,0.525496
5.0299517E-07,0.519737
5.0304517E-07,0.513978
5.0309517E-07,0.508218
5.0314517E-07,0.502566
5.0319517E-07,0.496913
5.0324517E-07,0.491261
5.0329517E-07,0.485714
5.0334517E-07,0.480062
5.0339517E-07,0.474516
5.0344517E-07,0.468863
5.0349517E-07,0.463104
5.0354517E-07,0.457345
5.0359517E-07,0.451372
5.0364517E-07,0.445399
5.0369517E-07,0.439107
5.0374517E-07,0.432814
5.0379517E-07,0.426308
5.0384517E-07,0.419696
5.0389517E-07,0.412870
5.0394517E-07,0.406044
5.0399517E-07,0.399218
5.0404517E-07,0.392392
5.0409517E-07,0.385673
5.0414517E-07,0.379061
5.0419517E-07,0.372555
5.0424517E-07,0.366369
5.0429517E-07,0.360396
5.0434517E-07,0.354850
5.0439517E-07,0.349517
5.0444517E-07,0.344611
5.0449517E-07,0.340025
5.0454517E-07,0.335866
5.0459517E-07,0.332026
5.0464517E-07,0.328507
5.0469517E-07,0.325307
5.0474517E-07,0.322321
5.0479517E-07,0.319548
5.0484517E-07,0.316881
5.0489517E-07,0.314322
5.0494517E-07,0.311762
5.0499517E-07,0.309202
5.0504517E-07,0.306642
5.0509517E-07,0.303976
5.0514517E-07,0.301203
5.0519517E-07,0.298430
5.0524517E-07,0.295444
5.0529517E-07,0.292351
5.0534517E-07,0.289151
5.0539517E-07,0.285845
5.0544517E-07,0.282645
5.0549517E-07,0.279339
5.0554517E-07,0.276246
5.0559517E-07,0.273153
5.0564517E-07,0.270273
5.0569517E-07,0.267500
5.0574517E-07,0.265047
5.0579517E-07,0.262808
5.0584517E-07,0.260888
5.0589517E-07,0.259181
5.0594517E-07,0.257902
5.0599517E-07,0.256728
5.0604517E-07,0.255875
5.0609517E-07,0.255235
5.0614517E-07,0.254809
5.0619517E-07,0.254595
5.0624517E-07,0.254489
5.0629517E-07,0.254382
5.0634517E-07,0.254382
5.0639517E-07,0.254382
5.0644517E-07,0.254382
5.0649517E-07,0.254275
5.0654517E-07,0.254169
5.0659517E-07,0.254062
5.0664517E-07,0.253849
5.0669517E-07,0.253635
5.0674517E-07,0.253529
5.0679517E-07,0.253315
5.0684517E-07,0.253315
5.0689517E-07,0.253315
5.0694517E-07,0.253422
5.0699517E-07,0.253849
5.0704517E-07,0.254382
5.0709517E-07,0.255129
5.0714517E-07,0.256195
5.0719517E-07,0.257475
5.0724517E-07,0.258968
5.0729517E-07,0.260781
5.0734517E-07,0.262701
5.0739517E-07,0.264727
5.0744517E-07,0.266967
5.0749517E-07,0.269100
5.0754517E-07,0.271340
5.0759517E-07,0.273473
5.0764517E-07,0.275606
5.0769517E-07,0.277419
5.0774517E-07,0.279019
5.0779517E-07,0.280406
5.0784517E-07,0.281472
5.0789517E-07,0.282219
5.0794517E-07,0.282645
5.0799517E-07,0.282752
5.0804517E-07,0.282539
5.0809517E-07,0.282005
5.0814517E-07,0.281259
5.0819517E-07,0.280406
5.0824517E-07,0.279232
5.0829517E-07,0.278059
5.0834517E-07,0.276673
5.0839517E-07,0.275286
5.0844517E-07,0.273900
5.0849517E-07,0.272513
5.0854517E-07,0.271127
5.0859517E-07,0.269847
5.0864517E-07,0.268567
5.0869517E-07,0.267287
5.0874517E-07,0.266007
5.0879517E-07,0.264727
5.0884517E-07,0.263341
5.0889517E-07,0.261954
5.0894517E-07,0.260461
5.0899517E-07,0.258861
5.0904517E-07,0.257155
5.0909517E-07,0.255235
5.0914517E-07,0.253315
5.0919517E-07,0.251182
5.0924517E-07,0.248943
5.0929517E-07,0.246596
5.0934517E-07,0.244143
5.0939517E-07,0.241797
5.0944517E-07,0.239450
5.0949517E-07,0.237104
5.0954517E-07,0.234971
5.0959517E-07,0.232945
5.0964517E-07,0.231131
5.0969517E-07,0.229425
5.0974517E-07,0.228038
5.0979517E-07,0.226865
5.0984517E-07,0.225905
5.0989517E-07,0.225159
5.0994517E-07,0.224626
5.0999517E-07,0.224199
5.1004517E-07,0.223879
5.1009517E-07,0.223559
5.1014517E-07,0.223239
5.1019517E-07,0.222919
5.1024517E-07,0.222386
5.1029517E-07,0.221746
5.1034517E-07,0.220893
5.1039517E-07,0.219719
5.1044517E-07,0.218440
5.1049517E-07,0.216840
5.1054517E-07,0.214920
5.1059517E-07,0.212787
5.1064517E-07,0.210441
5.1069517E-07,0.207881
5.1074517E-07,0.205215
5.1079517E-07,0.202442
5.1084517E-07,0.199669
5.1089517E-07,0.196789
5.1094517E-07,0.194123
5.1099517E-07,0.191456
5.1104517E-07,0.188896
5.1109517E-07,0.186550
5.1114517E-07,0.184417
5.1119517E-07,0.182391
5.1124517E-07,0.180684
5.1129517E-07,0.179084
5.1134517E-07,0.177804
5.1139517E-07,0.176631
5.1144517E-07,0.175565
5.1149517E-07,0.174711
5.1154517E-07,0.173965
5.1159517E-07,0.173218
5.1164517E-07,0.172578
5.1169517E-07,0.171832
5.1174517E-07,0.171192
5.1179517E-07,0.170552
5.1184517E-07,0.169805
5.1189517E-07,0.169059
5.1194517E-07,0.168312
5.1199517E-07,0.167566
5.1204517E-07,0.166712
5.1209517E-07,0.165966
5.1214517E-07,0.165219
5.1219517E-07,0.164579
5.1224517E-07,0.163939
5.1229517E-07,0.163406
5.1234517E-07,0.162873
5.1239517E-07,0.162553
5.1244517E-07,0.162233
5.1249517E-07,0.162126
5.1254517E-07,0.162020
5.1259517E-07,0.161913
5.1264517E-07,0.161913
5.1269517E-07,0.162020
5.1274517E-07,0.162020
5.1279517E-07,0.162020
5.1284517E-07,0.161913
5.1289517E-07,0.161806
5.1294517E-07,0.161486
5.1299517E-07,0.161060
5.1304517E-07,0.160527
5.1309517E-07,0.159780
5.1314517E-07,0.158927
5.1319517E-07,0.157967
5.1324517E-07,0.156794
5.1329517E-07,0.155620
5.1334517E-07,0.154234
5.1339517E-07,0.152741
5.1344517E-07,0.151248
5.1349517E-07,0.149754
5.1354517E-07,0.148368
5.1359517E-07,0.146875
5.1364517E-07,0.145488
5.1369517E-07,0.144208
5.1374517E-07,0.143035
5.1379517E-07,0.141969
5.1384517E-07,0.140902
5.1389517E-07,0.140049
5.1394517E-07,0.139302
5.1399517E-07,0.138556
5.1404517E-07,0.137916
5.1409517E-07,0.137276
5.1414517E-07,0.136636
5.1419517E-07,0.135889
5.1424517E-07,0.135143
5.1429517E-07,0.134290
5.1434517E-07,0.133223
5.1439517E-07,0.132050
5.1444517E-07,0.130770
5.1449517E-07,0.129170
5.1454517E-07,0.127464
5.1459517E-07,0.125544
5.1464517E-07,0.123518
5.1469517E-07,0.121171
5.1474517E-07,0.118825
5.1479517E-07,0.116372
5.1484517E-07,0.113812
5.1489517E-07,0.111252
5.1494517E-07,0.108693
5.1499517E-07,0.106133
5.1504517E-07,0.103680
5.1509517E-07,0.101334
5.1514517E-07,0.099200
5.1519517E-07,0.097174
5.1524517E-07,0.095254
5.1529517E-07,0.093548
5.1534517E-07,0.092055
5.1539517E-07,0.090775
5.1544517E-07,0.089495
5.1549517E-07,0.088428
5.1554517E-07,0.087575
5.1559517E-07,0.086722
5.1564517E-07,0.085869
5.1569517E-07,0.085122
5.1574517E-07,0.084482
5.1579517E-07,0.083736
5.1584517E-07,0.083096
5.1589517E-07,0.082349
5.1594517E-07,0.081709
5.1599517E-07,0.081069
5.1604517E-07,0.080536
5.1609517E-07,0.080003
5.1614517E-07,0.079576
5.1619517E-07,0.079256
5.1624517E-07,0.079150
5.1629517E-07,0.079150
5.1634517E-07,0.079363
5.1639517E-07,0.079683
5.1644517E-07,0.080323
5.1649517E-07,0.081176
5.1654517E-07,0.082242
5.1659517E-07,0.083522
5.1664517E-07,0.084909
5.1669517E-07,0.086509
5.1674517E-07,0.088108
5.1679517E-07,0.089815
5.1684517E-07,0.091521
5.1689517E-07,0.093228
5.1694517E-07,0.094828
5.1699517E-07,0.096321
5.1704517E-07,0.097707
5.1709517E-07,0.098881
5.1714517E-07,0.099947
5.1719517E-07,0.100694
5.1724517E-07,0.101440
5.1729517E-07,0.101973
5.1734517E-07,0.102293
5.1739517E-07,0.102613
5.1744517E-07,0.102827
5.1749517E-07,0.102933
5.1754517E-07,0.103147
5.1759517E-07,0.103360
5.1764517E-07,0.103680
5.1769517E-07,0.104000
5.1774517E-07,0.104533
5.1779517E-07,0.105173
5.1784517E-07,0.105920
5.1789517E-07,0.106773
5.1794517E-07,0.107733
5.1799517E-07,0.108799
5.1804517E-07,0.109866
5.1809517E-07,0.110932
5.1814517E-07,0.111999
5.1819517E-07,0.112852
5.1824517E-07,0.113705
5.1829517E-07,0.114345
5.1834517E-07,0.114772
5.1839517E-07,0.114985
5.1844517E-07,0.114985
5.1849517E-07,0.114772
5.1854517E-07,0.114452
5.1859517E-07,0.113812
5.1864517E-07,0.113065
5.1869517E-07,0.112106
5.1874517E-07,0.111146
5.1879517E-07,0.110079
5.1884517E-07,0.109013
5.1889517E-07,0.107946
5.1894517E-07,0.106986
5.1899517E-07,0.106133
5.1904517E-07,0.105493
5.1909517E-07,0.104960
5.1914517E-07,0.104533
5.1919517E-07,0.104320
5.1924517E-07,0.104320
5.1929517E-07,0.104427
5.1934517E-07,0.104640
5.1939517E-07,0.105066
5.1944517E-07,0.105493
5.1949517E-07,0.106026
5.1954517E-07,0.106560
5.1959517E-07,0.107093
5.1964517E-07,0.107626
5.1969517E-07,0.108053
5.1974517E-07,0.108373
5.1979517E-07,0.108586
5.1984517E-07,0.108799
5.1989517E-07,0.108799
5.1994517E-07,0.108799
5.1999517E-07,0.108693
5.2004517E-07,0.108479
5.2009517E-07,0.108159
5.2014517E-07,0.107946
5.2019517E-07,0.107626
5.2024517E-07,0.107306
5.2029517E-07,0.106986
5.2034517E-07,0.106773
5.2039517E-07,0.106560
5.2044517E-07,0.106453
5.2049517E-07,0.106346
5.2054517E-07,0.106240
5.2059517E-07,0.106240
5.2064517E-07,0.106240
5.2069517E-07,0.106240
5.2074517E-07,0.106240
5.2079517E-07,0.106133
5.2084517E-07,0.105920
5.2089517E-07,0.105706
5.2094517E-07,0.105280
5.2099517E-07,0.104746
5.2104517E-07,0.104107
5.2109517E-07,0.103253
5.2114517E-07,0.102187
5.2119517E-07,0.100907
5.2124517E-07,0.099520
5.2129517E-07,0.098027
5.2134517E-07,0.096214
5.2139517E-07,0.094401
5.2144517E-07,0.092481
5.2149517E-07,0.090348
5.2154517E-07,0.088322
5.2159517E-07,0.086082
5.2164517E-07,0.083949
5.2169517E-07,0.081816
5.2174517E-07,0.079683
5.2179517E-07,0.077656
5.2184517E-07,0.075737
5.2189517E-07,0.073817
5.2194517E-07,0.072004
5.2199517E-07,0.070404
5.2204517E-07,0.068804
5.2209517E-07,0.067311
5.2214517E-07,0.065924
5.2219517E-07,0.064751
5.2224517E-07,0.063471
5.2229517E-07,0.062405
5.2234517E-07,0.061338
5.2239517E-07,0.060378
5.2244517E-07,0.059525
5.2249517E-07,0.058779
5.2254517E-07,0.058032
5.2259517E-07,0.057285
5.2264517E-07,0.056752
5.2269517E-07,0.056326
5.2274517E-07,0.056006
5.2279517E-07,0.055792
5.2284517E-07,0.055686
5.2289517E-07,0.055899
5.2294517E-07,0.056219
5.2299517E-07,0.056646
5.2304517E-07,0.057392
5.2309517E-07,0.058352
5.2314517E-07,0.059419
5.2319517E-07,0.060698
5.2324517E-07,0.062192
5.2329517E-07,0.063685
5.2334517E-07,0.065391
5.2339517E-07,0.067204
5.2344517E-07,0.069017
5.2349517E-07,0.070724
5.2354517E-07,0.072537
5.2359517E-07,0.074137
5.2364517E-07,0.075630
5.2369517E-07,0.076910
5.2374517E-07,0.077976
5.2379517E-07,0.078830
5.2384517E-07,0.079469
5.2389517E-07,0.079789
5.2394517E-07,0.079896
5.2399517E-07,0.079789
5.2404517E-07,0.079469
5.2409517E-07,0.078936
5.2414517E-07,0.078296
5.2419517E-07,0.077443
5.2424517E-07,0.076590
5.2429517E-07,0.075630
5.2434517E-07,0.074670
5.2439517E-07,0.073710
5.2444517E-07,0.072750
5.2449517E-07,0.071790
5.2454517E-07,0.070937
5.2459517E-07,0.070084
5.2464517E-07,0.069231
5.2469517E-07,0.068377
5.2474517E-07,0.067418
5.2479517E-07,0.066458
5.2484517E-07,0.065391
5.2489517E-07,0.064218
5.2494517E-07,0.062831
5.2499517E-07,0.061232
5.2504517E-07,0.059525
5.2509517E-07,0.057499
5.2514517E-07,0.055366
5.2519517E-07,0.053019
5.2524517E-07,0.050566
5.2529517E-07,0.047900
5.2534517E-07,0.045234
5.2539517E-07,0.042567
5.2544517E-07,0.040008
5.2549517E-07,0.037448
5.2554517E-07,0.035101
5.2559517E-07,0.032968
5.2564517E-07,0.031155
5.2569517E-07,0.029662
5.2574517E-07,0.028596
5.2579517E-07,0.027849
5.2584517E-07,0.027636
5.2589517E-07,0.027742
5.2594517E-07,0.028276
5.2599517E-07,0.029129
5.2604517E-07,0.030409
5.2609517E-07,0.031902
5.2614517E-07,0.033715
5.2619517E-07,0.035635
5.2624517E-07,0.037661
5.2629517E-07,0.039794
5.2634517E-07,0.041821
5.2639517E-07,0.043847
5.2644517E-07,0.045767
5.2649517E-07,0.047473
5.2654517E-07,0.049073
5.2659517E-07,0.050460
5.2664517E-07,0.051526
5.2669517E-07,0.052486
5.2674517E-07,0.053126
5.2679517E-07,0.053553
5.2684517E-07,0.053873
5.2689517E-07,0.053873
5.2694517E-07,0.053766
5.2699517E-07,0.053446
5.2704517E-07,0.053019
5.2709517E-07,0.052486
5.2714517E-07,0.051846
5.2719517E-07,0.051100
5.2724517E-07,0.050353
5.2729517E-07,0.049393
5.2734517E-07,0.048433
5.2739517E-07,0.047367
5.2744517E-07,0.046193
5.2749517E-07,0.045020
5.2754517E-07,0.043740
5.2759517E-07,0.042354
5.2764517E-07,0.040967
5.2769517E-07,0.039581
5.2774517E-07,0.038088
5.2779517E-07,0.036595
5.2784517E-07,0.035101
5.2789517E-07,0.033608
5.2794517E-07,0.032222
5.2799517E-07,0.030942
5.2804517E-07,0.029769
5.2809517E-07,0.028702
5.2814517E-07,0.027849
5.2819517E-07,0.027209
5.2824517E-07,0.026676
5.2829517E-07,0.026462
5.2834517E-07,0.026462
5.2839517E-07,0.026569
5.2844517E-07,0.026996
5.2849517E-07,0.027636
5.2854517E-07,0.028489
5.2859517E-07,0.029449
5.2864517E-07,0.030622
5.2869517E-07,0.031902
5.2874517E-07,0.033182
5.2879517E-07,0.034568
5.2884517E-07,0.035955
5.2889517E-07,0.037341
5.2894517E-07,0.038728
5.2899517E-07,0.039901
5.2904517E-07,0.041181
5.2909517E-07,0.042247
5.2914517E-07,0.043207
5.2919517E-07,0.044060
5.2924517E-07,0.044807
5.2929517E-07,0.045447
5.2934517E-07,0.046087
5.2939517E-07,0.046620
5.2944517E-07,0.047047
5.2949517E-07,0.047580
5.2954517E-07,0.048007
5.2959517E-07,0.048540
5.2964517E-07,0.049180
5.2969517E-07,0.049820
5.2974517E-07,0.050673
5.2979517E-07,0.051526
5.2984517E-07,0.052593
5.2989517E-07,0.053873
5.2994517E-07,0.055152
5.2999517E-07,0.056646
5.3004517E-07,0.058245
5.3009517E-07,0.059952
5.3014517E-07,0.061765
5.3019517E-07,0.063685
5.3024517E-07,0.065604
5.3029517E-07,0.067631
5.3034517E-07,0.069551
5.3039517E-07,0.071577
5.3044517E-07,0.073497
5.3049517E-07,0.075310
5.3054517E-07,0.077123
5.3059517E-07,0.078936
5.3064517E-07,0.080536
5.3069517E-07,0.082136
5.3074517E-07,0.083629
5.3079517E-07,0.085015
5.3084517E-07,0.086295
5.3089517E-07,0.087575
5.3094517E-07,0.088748
5.3099517E-07,0.089922
5.3104517E-07,0.091095
5.3109517E-07,0.092161
5.3114517E-07,0.093121
5.3119517E-07,0.094081
5.3124517E-07,0.095041
5.3129517E-07,0.095894
5.3134517E-07,0.096641
5.3139517E-07,0.097174
5.3144517E-07,0.097707
5.3149517E-07,0.098027
5.3154517E-07,0.098134
5.3159517E-07,0.098027
5.3164517E-07,0.097707
5.3169517E-07,0.097174
5.3174517E-07,0.096427
5.3179517E-07,0.095361
5.3184517E-07,0.093974
5.3189517E-07,0.092481
5.3194517E-07,0.090668
5.3199517E-07,0.088642
5.3204517E-07,0.086509
5.3209517E-07,0.084269
5.3214517E-07,0.081923
5.3219517E-07,0.079576
5.3224517E-07,0.077230
5.3229517E-07,0.074883
5.3234517E-07,0.072644
5.3239517E-07,0.070511
5.3244517E-07,0.068484
5.3249517E-07,0.066564
5.3254517E-07,0.064858
5.3259517E-07,0.063258
5.3264517E-07,0.061765
5.3269517E-07,0.060378
5.3274517E-07,0.059099
5.3279517E-07,0.057925
5.3284517E-07,0.056646
5.3289517E-07,0.055472
5.3294517E-07,0.054192
5.3299517E-07,0.052806
5.3304517E-07,0.051313
5.3309517E-07,0.049820
5.3314517E-07,0.048113
5.3319517E-07,0.046407
5.3324517E-07,0.044594
5.3329517E-07,0.042674
5.3334517E-07,0.040861
5.3339517E-07,0.038941
5.3344517E-07,0.037235
5.3349517E-07,0.035528
5.3354517E-07,0.034035
5.3359517E-07,0.032862
5.3364517E-07,0.031795
5.3369517E-07,0.031155
5.3374517E-07,0.030729
5.3379517E-07,0.030729
5.3384517E-07,0.030942
5.3389517E-07,0.031582
5.3394517E-07,0.032435
5.3399517E-07,0.033608
5.3404517E-07,0.034995
5.3409517E-07,0.036488
5.3414517E-07,0.038088
5.3419517E-07,0.039688
5.3424517E-07,0.041394
5.3429517E-07,0.042887
5.3434517E-07,0.044380
5.3439517E-07,0.045660
5.3444517E-07,0.046833
5.3449517E-07,0.047793
5.3454517E-07,0.048540
5.3459517E-07,0.049073
5.3464517E-07,0.049393
5.3469517E-07,0.049500
5.3474517E-07,0.049500
5.3479517E-07,0.049393
5.3484517E-07,0.049180
5.3489517E-07,0.048860
5.3494517E-07,0.048646
5.3499517E-07,0.048433
5.3504517E-07,0.048220
5.3509517E-07,0.048113
5.3514517E-07,0.048007
5.3519517E-07,0.048113
5.3524517E-07,0.048220
5.3529517E-07,0.048433
5.3534517E-07,0.048646
5.3539517E-07,0.048966
5.3544517E-07,0.049286
5.3549517E-07,0.049606
5.3554517E-07,0.049926
5.3559517E-07,0.050246
5.3564517E-07,0.050460
5.3569517E-07,0.050673
5.3574517E-07,0.050780
5.3579517E-07,0.050886
5.3584517E-07,0.050780
5.3589517E-07,0.050780
5.3594517E-07,0.050673
5.3599517E-07,0.050566
5.3604517E-07,0.050353
5.3609517E-07,0.050353
5.3614517E-07,0.050246
5.3619517E-07,0.050246
5.3624517E-07,0.050246
5.3629517E-07,0.050460
5.3634517E-07,0.050673
5.3639517E-07,0.050993
5.3644517E-07,0.051313
5.3649517E-07,0.051739
5.3654517E-07,0.052273
5.3659517E-07,0.052699
5.3664517E-07,0.053233
5.3669517E-07,0.053659
5.3674517E-07,0.054086
5.3679517E-07,0.054406
5.3684517E-07,0.054619
5.3689517E-07,0.054726
5.3694517E-07,0.054726
5.3699517E-07,0.054619
5.3704517E-07,0.054299
5.3709517E-07,0.053766
5.3714517E-07,0.053233
5.3719517E-07,0.052593
5.3724517E-07,0.051739
5.3729517E-07,0.050886
5.3734517E-07,0.050033
5.3739517E-07,0.049180
5.3744517E-07,0.048327
5.3749517E-07,0.047473
5.3754517E-07,0.046833
5.3759517E-07,0.046193
5.3764517E-07,0.045767
5.3769517E-07,0.045447
5.3774517E-07,0.045340
5.3779517E-07,0.045340
5.3784517E-07,0.045554
5.3789517E-07,0.045980
5.3794517E-07,0.046513
5.3799517E-07,0.047153
5.3804517E-07,0.048007
5.3809517E-07,0.048966
5.3814517E-07,0.049926
5.3819517E-07,0.050993
5.3824517E-07,0.052059
5.3829517E-07,0.053126
5.3834517E-07,0.054192
5.3839517E-07,0.055152
5.3844517E-07,0.056006
5.3849517E-07,0.056859
5.3854517E-07,0.057499
5.3859517E-07,0.058032
5.3864517E-07,0.058459
5.3869517E-07,0.058779
5.3874517E-07,0.058992
5.3879517E-07,0.059099
5.3884517E-07,0.059099
5.3889517E-07,0.058992
5.3894517E-07,0.058885
5.3899517E-07,0.058672
5.3904517E-07,0.058565
5.3909517E-07,0.058352
5.3914517E-07,0.058139
5.3919517E-07,0.057925
5.3924517E-07,0.057819
5.3929517E-07,0.057712
5.3934517E-07,0.057605
5.3939517E-07,0.057499
5.3944517E-07,0.057499
5.3949517E-07,0.057392
5.3954517E-07,0.057285
5.3959517E-07,0.057179
5.3964517E-07,0.057072
5.3969517E-07,0.056859
5.3974517E-07,0.056646
5.3979517E-07,0.056326
5.3984517E-07,0.055899
5.3989517E-07,0.055579
5.3994517E-07,0.055152
5.3999517E-07,0.054619
5.4004517E-07,0.054192
5.4009517E-07,0.053766
5.4014517E-07,0.053339
5.4019517E-07,0.053019
5.4024517E-07,0.052806
5.4029517E-07,0.052593
5.4034517E-07,0.052593
5.4039517E-07,0.052806
5.4044517E-07,0.053019
5.4049517E-07,0.053446
5.4054517E-07,0.053979
5.4059517E-07,0.054726
5.4064517E-07,0.055472
5.4069517E-07,0.056219
5.4074517E-07,0.057072
5.4079517E-07,0.057925
5.4084517E-07,0.058779
5.4089517E-07,0.059525
5.4094517E-07,0.060165
5.4099517E-07,0.060592
5.4104517E-07,0.060912
5.4109517E-07,0.061125
5.4114517E-07,0.061125
5.4119517E-07,0.060912
5.4124517E-07,0.060485
5.4129517E-07,0.059952
5.4134517E-07,0.059312
5.4139517E-07,0.058459
5.4144517E-07,0.057605
5.4149517E-07,0.056752
5.4154517E-07,0.055792
5.4159517E-07,0.054939
5.4164517E-07,0.054086
5.4169517E-07,0.053339
5.4174517E-07,0.052593
5.4179517E-07,0.051953
5.4184517E-07,0.051419
5.4189517E-07,0.050993
5.4194517E-07,0.050566
5.4199517E-07,0.050246
5.4204517E-07,0.049926
5.4209517E-07,0.049500
5.4214517E-07,0.049073
5.4219517E-07,0.048646
5.4224517E-07,0.048007
5.4229517E-07,0.047367
5.4234517E-07,0.046513
5.4239517E-07,0.045554
5.4244517E-07,0.044380
5.4249517E-07,0.043207
5.4254517E-07,0.041927
5.4259517E-07,0.040541
5.4264517E-07,0.039048
5.4269517E-07,0.037661
5.4274517E-07,0.036168
5.4279517E-07,0.034888
5.4284517E-07,0.033608
5.4289517E-07,0.032435
5.4294517E-07,0.031475
5.4299517E-07,0.030622
5.4304517E-07,0.029982
5.4309517E-07,0.029555
5.4314517E-07,0.029235
5.4319517E-07,0.029235
5.4324517E-07,0.029235
5.4329517E-07,0.029555
5.4334517E-07,0.029875
5.4339517E-07,0.030302
5.4344517E-07,0.030835
5.4349517E-07,0.031369
5.4354517E-07,0.031902
5.4359517E-07,0.032435
5.4364517E-07,0.032968
5.4369517E-07,0.033502
5.4374517E-07,0.034035
5.4379517E-07,0.034568
5.4384517E-07,0.034995
5.4389517E-07,0.035421
5.4394517E-07,0.035955
5.4399517E-07,0.036381
5.4404517E-07,0.036915
5.4409517E-07,0.037448
5.4414517E-07,0.038088
5.4419517E-07,0.038834
5.4424517E-07,0.039581
5.4429517E-07,0.040327
5.4434517E-07,0.041181
5.4439517E-07,0.042141
5.4444517E-07,0.042994
5.4449517E-07,0.043954
5.4454517E-07,0.044807
5.4459517E-07,0.045554
5.4464517E-07,0.046300
5.4469517E-07,0.046833
5.4474517E-07,0.047260
5.4479517E-07,0.047473
5.4484517E-07,0.047580
5.4489517E-07,0.047473
5.4494517E-07,0.047153
5.4499517E-07,0.046727
5.4504517E-07,0.046087
5.4509517E-07,0.045234
5.4514517E-07,0.044274
5.4519517E-07,0.043314
5.4524517E-07,0.042141
5.4529517E-07,0.041074
5.4534517E-07,0.040008
5.4539517E-07,0.038941
5.4544517E-07,0.037981
5.4549517E-07,0.037128
5.4554517E-07,0.036381
5.4559517E-07,0.035741
5.4564517E-07,0.035421
5.4569517E-07,0.035101
5.4574517E-07,0.035101
5.4579517E-07,0.035208
5.4584517E-07,0.035421
5.4589517E-07,0.035741
5.4594517E-07,0.036275
5.4599517E-07,0.036808
5.4604517E-07,0.037341
5.4609517E-07,0.037981
5.4614517E-07,0.038514
5.4619517E-07,0.039154
5.4624517E-07,0.039581
5.4629517E-07,0.040008
5.4634517E-07,0.040327
5.4639517E-07,0.040541
5.4644517E-07,0.040647
5.4649517E-07,0.040754
5.4654517E-07,0.040754
5.4659517E-07,0.040647
5.4664517E-07,0.040541
5.4669517E-07,0.040434
5.4674517E-07,0.040327
5.4679517E-07,0.040327
5.4684517E-07,0.040327
5.4689517E-07,0.040434
5.4694517E-07,0.040754
5.4699517E-07,0.041181
5.4704517E-07,0.041714
5.4709517E-07,0.042354
5.4714517E-07,0.043207
5.4719517E-07,0.044167
5.4724517E-07,0.045340
5.4729517E-07,0.046513
5.4734517E-07,0.047687
5.4739517E-07,0.048966
5.4744517E-07,0.050246
5.4749517E-07,0.051419
5.4754517E-07,0.052486
5.4759517E-07,0.053446
5.4764517E-07,0.054299
5.4769517E-07,0.054832
5.4774517E-07,0.055259
5.4779517E-07,0.055472
5.4784517E-07,0.055366
5.4789517E-07,0.055152
5.4794517E-07,0.054726
5.4799517E-07,0.054086
5.4804517E-07,0.053339
5.4809517E-07,0.052486
5.4814517E-07,0.051526
5.4819517E-07,0.050566
5.4824517E-07,0.049606
5.4829517E-07,0.048753
5.4834517E-07,0.048007
5.4839517E-07,0.047367
5.4844517E-07,0.046833
5.4849517E-07,0.046407
5.4854517E-07,0.046087
5.4859517E-07,0.045980
5.4864517E-07,0.045980
5.4869517E-07,0.045980
5.4874517E-07,0.046087
5.4879517E-07,0.046193
5.4884517E-07,0.046300
5.4889517E-07,0.046407
5.4894517E-07,0.046407
5.4899517E-07,0.046193
5.4904517E-07,0.045873
5.4909517E-07,0.045447
5.4914517E-07,0.044807
5.4919517E-07,0.044060
5.4924517E-07,0.043207
5.4929517E-07,0.042141
5.4934517E-07,0.040967
5.4939517E-07,0.039794
5.4944517E-07,0.038514
5.4949517E-07,0.037341
5.4954517E-07,0.036168
5.4959517E-07,0.035101
5.4964517E-07,0.034142
5.4969517E-07,0.033395
5.4974517E-07,0.032755
5.4979517E-07,0.032328
5.4984517E-07,0.032008
5.4989517E-07,0.032008
5.4994517E-07,0.032115
5.4999517E-07,0.032328
5.5004517E-07,0.032648
5.5009517E-07,0.033182
5.5014517E-07,0.033715
5.5019517E-07,0.034248
5.5024517E-07,0.034781
5.5029517E-07,0.035208
5.5034517E-07,0.035741
5.5039517E-07,0.036168
5.5044517E-07,0.036488
5.5049517E-07,0.036808
5.5054517E-07,0.037021
5.5059517E-07,0.037235
5.5064517E-07,0.037448
5.5069517E-07,0.037661
5.5074517E-07,0.037874
5.5079517E-07,0.038088
5.5084517E-07,0.038408
5.5089517E-07,0.038834
5.5094517E-07,0.039261
5.5099517E-07,0.039794
5.5104517E-07,0.040434
5.5109517E-07,0.041074
5.5114517E-07,0.041714
5.5119517E-07,0.042461
5.5124517E-07,0.043100
5.5129517E-07,0.043634
5.5134517E-07,0.044060
5.5139517E-07,0.044380
5.5144517E-07,0.044594
5.5149517E-07,0.044594
5.5154517E-07,0.044274
5.5159517E-07,0.043847
5.5164517E-07,0.043207
5.5169517E-07,0.042354
5.5174517E-07,0.041287
5.5179517E-07,0.040114
5.5184517E-07,0.038728
5.5189517E-07,0.037341
5.5194517E-07,0.035955
5.5199517E-07,0.034675
5.5204517E-07,0.033395
5.5209517E-07,0.032222
5.5214517E-07,0.031262
5.5219517E-07,0.030515
5.5224517E-07,0.029982
5.5229517E-07,0.029662
5.5234517E-07,0.029662
5.5239517E-07,0.029875
5.5244517E-07,0.030302
5.5249517E-07,0.031049
5.5254517E-07,0.031902
5.5259517E-07,0.032968
5.5264517E-07,0.034142
5.5269517E-07,0.035421
5.5274517E-07,0.036701
5.5279517E-07,0.037981
5.5284517E-07,0.039154
5.5289517E-07,0.040327
5.5294517E-07,0.041287
5.5299517E-07,0.042247
5.5304517E-07,0.042887
5.5309517E-07,0.043420
5.5314517E-07,0.043740
5.5319517E-07,0.043954
5.5324517E-07,0.043954
5.5329517E-07,0.043847
5.5334517E-07,0.043527
5.5339517E-07,0.043207
5.5344517E-07,0.042674
5.5349517E-07,0.042141
5.5354517E-07,0.041501
5.5359517E-07,0.040861
5.5364517E-07,0.040221
5.5369517E-07,0.039474
5.5374517E-07,0.038728
5.5379517E-07,0.037981
5.5384517E-07,0.037235
5.5389517E-07,0.036488
5.5394517E-07,0.035635
5.5399517E-07,0.034888
5.5404517E-07,0.033928
5.5409517E-07,0.032968
5.5414517E-07,0.032008
5.5419517E-07,0.030942
5.5424517E-07,0.029769
5.5429517E-07,0.028489
5.5434517E-07,0.027209
5.5439517E-07,0.025929
5.5444517E-07,0.024543
5.5449517E-07,0.023050
5.5454517E-07,0.021663
5.5459517E-07,0.020277
5.5464517E-07,0.018890
5.5469517E-07,0.017610
5.5474517E-07,0.016437
5.5479517E-07,0.015370
5.5484517E-07,0.014411
5.5489517E-07,0.013664
5.5494517E-07,0.013024
5.5499517E-07,0.012597
5.5504517E-07,0.012277
5.5509517E-07,0.012171
5.5514517E-07,0.012171
5.5519517E-07,0.012384
5.5524517E-07,0.012597
5.5529517E-07,0.012917
5.5534517E-07,0.013344
5.5539517E-07,0.013664
5.5544517E-07,0.014091
5.5549517E-07,0.014411
5.5554517E-07,0.014624
5.5559517E-07,0.014837
5.5564517E-07,0.014837
5.5569517E-07,0.014731
5.5574517E-07,0.014517
5.5579517E-07,0.014197
5.5584517E-07,0.013771
5.5589517E-07,0.013237
5.5594517E-07,0.012597
5.5599517E-07,0.011958
5.5604517E-07,0.011318
5.5609517E-07,0.010784
5.5614517E-07,0.010251
5.5619517E-07,0.009824
5.5624517E-07,0.009611
5.5629517E-07,0.009504
5.5634517E-07,0.009611
5.5639517E-07,0.009931
5.5644517E-07,0.010464
5.5649517E-07,0.011211
5.5654517E-07,0.012064
5.5659517E-07,0.013024
5.5664517E-07,0.014197
5.5669517E-07,0.015477
5.5674517E-07,0.016757
5.5679517E-07,0.017930
5.5684517E-07,0.019210
5.5689517E-07,0.020277
5.5694517E-07,0.021343
5.5699517E-07,0.022196
5.5704517E-07,0.022836
5.5709517E-07,0.023263
5.5714517E-07,0.023583
5.5719517E-07,0.023689
5.5724517E-07,0.023583
5.5729517E-07,0.023263
5.5734517E-07,0.022836
5.5739517E-07,0.022410
5.5744517E-07,0.021770
5.5749517E-07,0.021236
5.5754517E-07,0.020596
5.5759517E-07,0.020063
5.5764517E-07,0.019530
5.5769517E-07,0.019103
5.5774517E-07,0.018783
5.5779517E-07,0.018570
5.5784517E-07,0.018463
5.5789517E-07,0.018357
5.5794517E-07,0.018463
5.5799517E-07,0.018570
5.5804517E-07,0.018677
5.5809517E-07,0.018890
5.5814517E-07,0.018997
5.5819517E-07,0.019103
5.5824517E-07,0.019210
5.5829517E-07,0.019210
5.5834517E-07,0.019103
5.5839517E-07,0.018890
5.5844517E-07,0.018570
5.5849517E-07,0.018250
5.5854517E-07,0.017930
5.5859517E-07,0.017504
5.5864517E-07,0.017077
5.5869517E-07,0.016650
5.5874517E-07,0.016330
5.5879517E-07,0.016117
5.5884517E-07,0.015904
5.5889517E-07,0.015904
5.5894517E-07,0.016010
5.5899517E-07,0.016224
5.5904517E-07,0.016544
5.5909517E-07,0.017077
5.5914517E-07,0.017717
5.5919517E-07,0.018357
5.5924517E-07,0.018997
5.5929517E-07,0.019743
5.5934517E-07,0.020490
5.5939517E-07,0.021130
5.5944517E-07,0.021663
5.5949517E-07,0.022090
5.5954517E-07,0.022410
5.5959517E-07,0.022516
5.5964517E-07,0.022516
5.5969517E-07,0.022303
5.5974517E-07,0.021983
5.5979517E-07,0.021556
5.5984517E-07,0.020916
5.5989517E-07,0.020170
5.5994517E-07,0.019423
5.5999517E-07,0.018570
5.6004517E-07,0.017717
5.6009517E-07,0.016970
5.6014517E-07,0.016224
5.6019517E-07,0.015477
5.6024517E-07,0.014837
5.6029517E-07,0.014411
5.6034517E-07,0.013984
5.6039517E-07,0.013664
5.6044517E-07,0.013451
5.6049517E-07,0.013344
5.6054517E-07,0.013237
5.6059517E-07,0.013131
5.6064517E-07,0.013131
5.6069517E-07,0.013024
5.6074517E-07,0.012917
5.6079517E-07,0.012811
5.6084517E-07,0.012597
5.6089517E-07,0.012384
5.6094517E-07,0.012064
5.6099517E-07,0.011744
5.6104517E-07,0.011318
5.6109517E-07,0.010784
5.6114517E-07,0.010358
5.6119517E-07,0.009824
5.6124517E-07,0.009398
5.6129517E-07,0.008971
5.6134517E-07,0.008651
5.6139517E-07,0.008331
5.6144517E-07,0.008225
5.6149517E-07,0.008118
5.6154517E-07,0.008118
5.6159517E-07,0.008331
5.6164517E-07,0.008545
5.6169517E-07,0.008971
5.6174517E-07,0.009398
5.6179517E-07,0.009824
5.6184517E-07,0.010358
5.6189517E-07,0.010891
5.6194517E-07,0.011318
5.6199517E-07,0.011744
5.6204517E-07,0.012171
5.6209517E-07,0.012384
5.6214517E-07,0.012491
5.6219517E-07,0.012597
5.6224517E-07,0.012491
5.6229517E-07,0.012277
5.6234517E-07,0.011958
5.6239517E-07,0.011424
5.6244517E-07,0.010891
5.6249517E-07,0.010358
5.6254517E-07,0.009718
5.6259517E-07,0.009078
5.6264517E-07,0.008438
5.6269517E-07,0.007798
5.6274517E-07,0.007371
5.6279517E-07,0.006945
5.6284517E-07,0.006731
5.6289517E-07,0.006625
5.6294517E-07,0.006731
5.6299517E-07,0.006945
5.6304517E-07,0.007371
5.6309517E-07,0.008011
5.6314517E-07,0.008651
5.6319517E-07,0.009504
5.6324517E-07,0.010358
5.6329517E-07,0.011318
5.6334517E-07,0.012171
5.6339517E-07,0.013131
5.6344517E-07,0.013877
5.6349517E-07,0.014624
5.6354517E-07,0.015157
5.6359517E-07,0.015584
5.6364517E-07,0.015797
5.6369517E-07,0.015904
5.6374517E-07,0.015690
5.6379517E-07,0.015370
5.6384517E-07,0.014837
5.6389517E-07,0.014197
5.6394517E-07,0.013451
5.6399517E-07,0.012597
5.6404517E-07,0.011744
5.6409517E-07,0.010891
5.6414517E-07,0.010038
5.6419517E-07,0.009398
5.6424517E-07,0.008865
5.6429517E-07,0.008438
5.6434517E-07,0.008331
5.6439517E-07,0.008331
5.6444517E-07,0.008545
5.6449517E-07,0.008971
5.6454517E-07,0.009611
5.6459517E-07,0.010464
5.6464517E-07,0.011424
5.6469517E-07,0.012491
5.6474517E-07,0.013557
5.6479517E-07,0.014624
5.6484517E-07,0.015690
5.6489517E-07,0.016650
5.6494517E-07,0.017504
5.6499517E-07,0.018250
5.6504517E-07,0.018783
5.6509517E-07,0.019103
5.6514517E-07,0.019210
5.6519517E-07,0.019210
5.6524517E-07,0.018997
5.6529517E-07,0.018677
5.6534517E-07,0.018143
5.6539517E-07,0.017610
5.6544517E-07,0.016970
5.6549517E-07,0.016437
5.6554517E-07,0.015797
5.6559517E-07,0.015370
5.6564517E-07,0.014944
5.6569517E-07,0.014731
5.6574517E-07,0.014517
5.6579517E-07,0.014517
5.6584517E-07,0.014731
5.6589517E-07,0.014944
5.6594517E-07,0.015370
5.6599517E-07,0.015797
5.6604517E-07,0.016330
5.6609517E-07,0.016864
5.6614517E-07,0.017397
5.6619517E-07,0.017823
5.6624517E-07,0.018250
5.6629517E-07,0.018570
5.6634517E-07,0.018890
5.6639517E-07,0.018997
5.6644517E-07,0.018997
5.6649517E-07,0.018997
5.6654517E-07,0.018890
5.6659517E-07,0.018783
5.6664517E-07,0.018677
5.6669517E-07,0.018570
5.6674517E-07,0.018570
5.6679517E-07,0.018677
5.6684517E-07,0.018997
5.6689517E-07,0.019423
5.6694517E-07,0.020170
5.6699517E-07,0.021023
5.6704517E-07,0.022196
5.6709517E-07,0.023476
5.6714517E-07,0.024969
5.6719517E-07,0.026676
5.6724517E-07,0.028596
5.6729517E-07,0.030515
5.6734517E-07,0.032542
5.6739517E-07,0.034462
5.6744517E-07,0.036488
5.6749517E-07,0.038301
5.6754517E-07,0.040114
5.6759517E-07,0.041714
5.6764517E-07,0.043100
5.6769517E-07,0.044274
5.6774517E-07,0.045340
5.6779517E-07,0.046087
5.6784517E-07,0.046727
5.6789517E-07,0.047153
5.6794517E-07,0.047473
5.6799517E-07,0.047687
5.6804517E-07,0.047793
5.6809517E-07,0.047793
5.6814517E-07,0.047793
5.6819517E-07,0.047793
5.6824517E-07,0.047900
5.6829517E-07,0.047900
5.6834517E-07,0.048113
5.6839517E-07,0.048327
5.6844517E-07,0.048540
5.6849517E-07,0.048860
5.6854517E-07,0.049180
5.6859517E-07,0.049393
5.6864517E-07,0.049713
5.6869517E-07,0.049820
5.6874517E-07,0.049926
5.6879517E-07,0.049820
5.6884517E-07,0.049606
5.6889517E-07,0.049180
5.6894517E-07,0.048540
5.6899517E-07,0.047687
5.6904517E-07,0.046620
5.6909517E-07,0.045340
5.6914517E-07,0.043847
5.6919517E-07,0.042247
5.6924517E-07,0.040434
5.6929517E-07,0.038621
5.6934517E-07,0.036701
5.6939517E-07,0.034675
5.6944517E-07,0.032755
5.6949517E-07,0.030942
5.6954517E-07,0.029235
5.6959517E-07,0.027636
5.6964517E-07,0.026249
5.6969517E-07,0.025076
5.6974517E-07,0.024116
5.6979517E-07,0.023369
5.6984517E-07,0.022836
5.6989517E-07,0.022516
5.6994517E-07,0.022303
5.6999517E-07,0.022410
5.7004517E-07,0.022623
5.7009517E-07,0.022836
5.7014517E-07,0.023263
5.7019517E-07,0.023583
5.7024517E-07,0.024009
5.7029517E-07,0.024329
5.7034517E-07,0.024649
5.7039517E-07,0.024969
5.7044517E-07,0.025076
5.7049517E-07,0.025076
5.7054517E-07,0.024969
5.7059517E-07,0.024756
5.7064517E-07,0.024436
5.7069517E-07,0.024009
5.7074517E-07,0.023476
5.7079517E-07,0.022943
5.7084517E-07,0.022303
5.7089517E-07,0.021663
5.7094517E-07,0.020916
5.7099517E-07,0.020170
5.7104517E-07,0.019423
5.7109517E-07,0.018677
5.7114517E-07,0.017930
5.7119517E-07,0.017077
5.7124517E-07,0.016330
5.7129517E-07,0.015477
5.7134517E-07,0.014624
5.7139517E-07,0.013664
5.7144517E-07,0.012597
5.7149517E-07,0.011531
5.7154517E-07,0.010358
5.7159517E-07,0.009078
5.7164517E-07,0.007691
5.7169517E-07,0.006305
5.7174517E-07,0.004812
5.7179517E-07,0.003319
5.7184517E-07,0.001825
5.7189517E-07,0.000332
5.7194517E-07,-0.001161
5.7199517E-07,-0.002441
5.7204517E-07,-0.003721
5.7209517E-07,-0.004681
5.7214517E-07,-0.005534
5.7219517E-07,-0.006067
5.7224517E-07,-0.006387
5.7229517E-07,-0.006387
5.7234517E-07,-0.006174
5.7239517E-07,-0.005640
5.7244517E-07,-0.004894
5.7249517E-07,-0.003827
5.7254517E-07,-0.002654
5.7259517E-07,-0.001268
5.7264517E-07,0.000332
5.7269517E-07,0.001932
5.7274517E-07,0.003532
5.7279517E-07,0.005132
5.7284517E-07,0.006731
5.7289517E-07,0.008225
5.7294517E-07,0.009611
5.7299517E-07,0.010784
5.7304517E-07,0.011851
5.7309517E-07,0.012811
5.7314517E-07,0.013664
5.7319517E-07,0.014411
5.7324517E-07,0.015050
5.7329517E-07,0.015584
5.7334517E-07,0.016117
5.7339517E-07,0.016650
5.7344517E-07,0.017290
5.7349517E-07,0.017930
5.7354517E-07,0.018677
5.7359517E-07,0.019637
5.7364517E-07,0.020596
5.7369517E-07,0.021663
5.7374517E-07,0.022943
5.7379517E-07,0.024116
5.7384517E-07,0.025503
5.7389517E-07,0.026782
5.7394517E-07,0.028062
5.7399517E-07,0.029235
5.7404517E-07,0.030195
5.7409517E-07,0.031049
5.7414517E-07,0.031688
5.7419517E-07,0.032115
5.7424517E-07,0.032222
5.7429517E-07,0.032115
5.7434517E-07,0.031688
5.7439517E-07,0.030942
5.7444517E-07,0.030089
5.7449517E-07,0.029022
5.7454517E-07,0.027849
5.7459517E-07,0.026569
5.7464517E-07,0.025183
5.7469517E-07,0.023903
5.7474517E-07,0.022730
5.7479517E-07,0.021770
5.7484517E-07,0.020810
5.7489517E-07,0.020170
5.7494517E-07,0.019743
5.7499517E-07,0.019637
5.7504517E-07,0.019637
5.7509517E-07,0.019957
5.7514517E-07,0.020383
5.7519517E-07,0.020916
5.7524517E-07,0.021556
5.7529517E-07,0.022196
5.7534517E-07,0.022836
5.7539517E-07,0.023369
5.7544517E-07,0.023796
5.7549517E-07,0.023903
5.7554517E-07,0.023903
5.7559517E-07,0.023476
5.7564517E-07,0.022836
5.7569517E-07,0.021983
5.7574517E-07,0.020703
5.7579517E-07,0.019210
5.7584517E-07,0.017610
5.7589517E-07,0.015690
5.7594517E-07,0.013664
5.7599517E-07,0.011531
5.7604517E-07,0.009398
5.7609517E-07,0.007265
5.7614517E-07,0.005238
5.7619517E-07,0.003319
5.7624517E-07,0.001505
5.7629517E-07,-0.000094
5.7634517E-07,-0.001481
5.7639517E-07,-0.002654
5.7644517E-07,-0.003614
5.7649517E-07,-0.004467
5.7654517E-07,-0.005107
5.7659517E-07,-0.005534
5.7664517E-07,-0.005960
5.7669517E-07,-0.006174
5.7674517E-07,-0.006387
5.7679517E-07,-0.006600
5.7684517E-07,-0.006814
5.7689517E-07,-0.007027
5.7694517E-07,-0.007240
5.7699517E-07,-0.007454
5.7704517E-07,-0.007667
5.7709517E-07,-0.007987
5.7714517E-07,-0.008200
5.7719517E-07,-0.008413
5.7724517E-07,-0.008520
5.7729517E-07,-0.008520
5.7734517E-07,-0.008413
5.7739517E-07,-0.008093
5.7744517E-07,-0.007667
5.7749517E-07,-0.007027
5.7754517E-07,-0.006174
5.7759517E-07,-0.005214
5.7764517E-07,-0.003934
5.7769517E-07,-0.002547
5.7774517E-07,-0.001054
5.7779517E-07,0.000546
5.7784517E-07,0.002252
5.7789517E-07,0.003958
5.7794517E-07,0.005665
5.7799517E-07,0.007371
5.7804517E-07,0.008865
5.7809517E-07,0.010144
5.7814517E-07,0.011318
5.7819517E-07,0.012277
5.7824517E-07,0.013024
5.7829517E-07,0.013451
5.7834517E-07,0.013771
5.7839517E-07,0.013771
5.7844517E-07,0.013664
5.7849517E-07,0.013344
5.7854517E-07,0.012917
5.7859517E-07,0.012384
5.7864517E-07,0.011958
5.7869517E-07,0.011424
5.7874517E-07,0.011104
5.7879517E-07,0.010784
5.7884517E-07,0.010678
5.7889517E-07,0.010784
5.7894517E-07,0.011104
5.7899517E-07,0.011638
5.7904517E-07,0.012384
5.7909517E-07,0.013344
5.7914517E-07,0.014517
5.7919517E-07,0.015904
5.7924517E-07,0.017397
5.7929517E-07,0.018997
5.7934517E-07,0.020703
5.7939517E-07,0.022303
5.7944517E-07,0.023903
5.7949517E-07,0.025396
5.7954517E-07,0.026782
5.7959517E-07,0.027849
5.7964517E-07,0.028809
5.7969517E-07,0.029555
5.7974517E-07,0.029982
5.7979517E-07,0.030195
5.7984517E-07,0.030089
5.7989517E-07,0.029875
5.7994517E-07,0.029342
5.7999517E-07,0.028702
5.8004517E-07,0.027956
5.8009517E-07,0.027102
5.8014517E-07,0.026142
5.8019517E-07,0.025183
5.8024517E-07,0.024329
5.8029517E-07,0.023476
5.8034517E-07,0.022623
5.8039517E-07,0.021983
5.8044517E-07,0.021450
5.8049517E-07,0.020916
5.8054517E-07,0.020596
5.8059517E-07,0.020277
5.8064517E-07,0.019957
5.8069517E-07,0.019743
5.8074517E-07,0.019637
5.8079517E-07,0.019423
5.8084517E-07,0.019103
5.8089517E-07,0.018783
5.8094517E-07,0.018357
5.8099517E-07,0.017930
5.8104517E-07,0.017290
5.8109517E-07,0.016650
5.8114517E-07,0.015904
5.8119517E-07,0.015050
5.8124517E-07,0.014304
5.8129517E-07,0.013451
5.8134517E-07,0.012704
5.8139517E-07,0.011958
5.8144517E-07,0.011424
5.8149517E-07,0.010998
5.8154517E-07,0.010784
5.8159517E-07,0.010784
5.8164517E-07,0.010998
5.8169517E-07,0.011424
5.8174517E-07,0.012064
5.8179517E-07,0.012811
5.8184517E-07,0.013877
5.8189517E-07,0.014944
5.8194517E-07,0.016117
5.8199517E-07,0.017397
5.8204517E-07,0.018570
5.8209517E-07,0.019850
5.8214517E-07,0.020916
5.8219517E-07,0.021876
5.8224517E-07,0.022623
5.8229517E-07,0.023263
5.8234517E-07,0.023689
5.8239517E-07,0.024009
5.8244517E-07,0.024116
5.8249517E-07,0.024009
5.8254517E-07,0.023796
5.8259517E-07,0.023583
5.8264517E-07,0.023263
5.8269517E-07,0.022943
5.8274517E-07,0.022730
5.8279517E-07,0.022516
5.8284517E-07,0.022516
5.8289517E-07,0.022623
5.8294517E-07,0.022943
5.8299517E-07,0.023476
5.8304517E-07,0.024116
5.8309517E-07,0.024969
5.8314517E-07,0.025929
5.8319517E-07,0.026996
5.8324517E-07,0.028062
5.8329517E-07,0.029235
5.8334517E-07,0.030409
5.8339517E-07,0.031369
5.8344517E-07,0.032328
5.8349517E-07,0.033075
5.8354517E-07,0.033608
5.8359517E-07,0.034035
5.8364517E-07,0.034142
5.8369517E-07,0.034035
5.8374517E-07,0.033608
5.8379517E-07,0.033075
5.8384517E-07,0.032328
5.8389517E-07,0.031475
5.8394517E-07,0.030515
5.8399517E-07,0.029449
5.8404517E-07,0.028382
5.8409517E-07,0.027209
5.8414517E-07,0.026249
5.8419517E-07,0.025289
5.8424517E-07,0.024436
5.8429517E-07,0.023689
5.8434517E-07,0.022943
5.8439517E-07,0.022410
5.8444517E-07,0.021983
5.8449517E-07,0.021663
5.8454517E-07,0.021236
5.8459517E-07,0.020916
5.8464517E-07,0.020596
5.8469517E-07,0.020170
5.8474517E-07,0.019743
5.8479517E-07,0.019103
5.8484517E-07,0.018357
5.8489517E-07,0.017504
5.8494517E-07,0.016544
5.8499517E-07,0.015370
5.8504517E-07,0.014091
5.8509517E-07,0.012704
5.8514517E-07,0.011318
5.8519517E-07,0.009931
5.8524517E-07,0.008438
5.8529517E-07,0.007051
5.8534517E-07,0.005772
5.8539517E-07,0.004705
5.8544517E-07,0.003745
5.8549517E-07,0.002999
5.8554517E-07,0.002465
5.8559517E-07,0.002252
5.8564517E-07,0.002252
5.8569517E-07,0.002572
5.8574517E-07,0.002999
5.8579517E-07,0.003745
5.8584517E-07,0.004598
5.8589517E-07,0.005665
5.8594517E-07,0.006731
5.8599517E-07,0.007905
5.8604517E-07,0.009078
5.8609517E-07,0.010144
5.8614517E-07,0.011104
5.8619517E-07,0.011958
5.8624517E-07,0.012704
5.8629517E-07,0.013131
5.8634517E-07,0.013451
5.8639517E-07,0.013557
5.8644517E-07,0.013451
5.8649517E-07,0.013131
5.8654517E-07,0.012704
5.8659517E-07,0.012171
5.8664517E-07,0.011424
5.8669517E-07,0.010784
5.8674517E-07,0.010144
5.8679517E-07,0.009504
5.8684517E-07,0.008865
5.8689517E-07,0.008438
5.8694517E-07,0.008225
5.8699517E-07,0.008118
5.8704517E-07,0.008118
5.8709517E-07,0.008438
5.8714517E-07,0.008865
5.8719517E-07,0.009504
5.8724517E-07,0.010358
5.8729517E-07,0.011211
5.8734517E-07,0.012277
5.8739517E-07,0.013344
5.8744517E-07,0.014411
5.8749517E-07,0.015477
5.8754517E-07,0.016544
5.8759517E-07,0.017504
5.8764517E-07,0.018250
5.8769517E-07,0.018997
5.8774517E-07,0.019530
5.8779517E-07,0.019957
5.8784517E-07,0.020277
5.8789517E-07,0.020490
5.8794517E-07,0.020596
5.8799517E-07,0.020490
5.8804517E-07,0.020490
5.8809517E-07,0.020383
5.8814517E-07,0.020277
5.8819517E-07,0.020170
5.8824517E-07,0.020063
5.8829517E-07,0.020063
5.8834517E-07,0.020063
5.8839517E-07,0.020170
5.8844517E-07,0.020383
5.8849517E-07,0.020596
5.8854517E-07,0.020810
5.8859517E-07,0.021023
5.8864517E-07,0.021130
5.8869517E-07,0.021236
5.8874517E-07,0.021236
5.8879517E-07,0.021130
5.8884517E-07,0.020810
5.8889517E-07,0.020383
5.8894517E-07,0.019743
5.8899517E-07,0.018890
5.8904517E-07,0.017823
5.8909517E-07,0.016650
5.8914517E-07,0.015370
5.8919517E-07,0.013877
5.8924517E-07,0.012384
5.8929517E-07,0.010891
5.8934517E-07,0.009398
5.8939517E-07,0.008011
5.8944517E-07,0.006838
5.8949517E-07,0.005772
5.8954517E-07,0.005025
5.8959517E-07,0.004492
5.8964517E-07,0.004278
5.8969517E-07,0.004492
5.8974517E-07,0.004918
5.8979517E-07,0.005558
5.8984517E-07,0.006625
5.8989517E-07,0.007798
5.8994517E-07,0.009291
5.8999517E-07,0.010784
5.9004517E-07,0.012384
5.9009517E-07,0.014091
5.9014517E-07,0.015584
5.9019517E-07,0.017077
5.9024517E-07,0.018463
5.9029517E-07,0.019530
5.9034517E-07,0.020383
5.9039517E-07,0.021023
5.9044517E-07,0.021343
5.9049517E-07,0.021450
5.9054517E-07,0.021343
5.9059517E-07,0.020916
5.9064517E-07,0.020383
5.9069517E-07,0.019637
5.9074517E-07,0.018783
5.9079517E-07,0.017823
5.9084517E-07,0.016864
5.9089517E-07,0.015797
5.9094517E-07,0.014837
5.9099517E-07,0.013984
5.9104517E-07,0.013131
5.9109517E-07,0.012384
5.9114517E-07,0.011638
5.9119517E-07,0.011104
5.9124517E-07,0.010464
5.9129517E-07,0.009931
5.9134517E-07,0.009504
5.9139517E-07,0.008971
5.9144517E-07,0.008438
5.9149517E-07,0.007905
5.9154517E-07,0.007265
5.9159517E-07,0.006625
5.9164517E-07,0.005985
5.9169517E-07,0.005238
5.9174517E-07,0.004492
5.9179517E-07,0.003745
5.9184517E-07,0.002999
5.9189517E-07,0.002359
5.9194517E-07,0.001825
5.9199517E-07,0.001292
5.9204517E-07,0.001079
5.9209517E-07,0.000972
5.9214517E-07,0.001079
5.9219517E-07,0.001399
5.9224517E-07,0.001932
5.9229517E-07,0.002679
5.9234517E-07,0.003532
5.9239517E-07,0.004598
5.9244517E-07,0.005878
5.9249517E-07,0.007158
5.9254517E-07,0.008545
5.9259517E-07,0.009824
5.9264517E-07,0.011104
5.9269517E-07,0.012277
5.9274517E-07,0.013237
5.9279517E-07,0.014091
5.9284517E-07,0.014624
5.9289517E-07,0.014944
5.9294517E-07,0.015050
5.9299517E-07,0.014837
5.9304517E-07,0.014411
5.9309517E-07,0.013664
5.9314517E-07,0.012811
5.9319517E-07,0.011638
5.9324517E-07,0.010464
5.9329517E-07,0.009185
5.9334517E-07,0.007798
5.9339517E-07,0.006412
5.9344517E-07,0.005025
5.9349517E-07,0.003745
5.9354517E-07,0.002572
5.9359517E-07,0.001612
5.9364517E-07,0.000652
5.9369517E-07,-0.000094
5.9374517E-07,-0.000734
5.9379517E-07,-0.001268
5.9384517E-07,-0.001588
5.9389517E-07,-0.001801
5.9394517E-07,-0.002014
5.9399517E-07,-0.002227
5.9404517E-07,-0.002334
5.9409517E-07,-0.002441
5.9414517E-07,-0.002547
5.9419517E-07,-0.002761
5.9424517E-07,-0.002974
5.9429517E-07,-0.003294
5.9434517E-07,-0.003721
5.9439517E-07,-0.004147
5.9444517E-07,-0.004574
5.9449517E-07,-0.005107
5.9454517E-07,-0.005640
5.9459517E-07,-0.006174
5.9464517E-07,-0.006600
5.9469517E-07,-0.006920
5.9474517E-07,-0.007240
5.9479517E-07,-0.007347
5.9484517E-07,-0.007347
5.9489517E-07,-0.007240
5.9494517E-07,-0.006920
5.9499517E-07,-0.006387
5.9504517E-07,-0.005640
5.9509517E-07,-0.004787
5.9514517E-07,-0.003827
5.9519517E-07,-0.002654
5.9524517E-07,-0.001374
5.9529517E-07,-0.000094
5.9534517E-07,0.001292
5.9539517E-07,0.002679
5.9544517E-07,0.004065
5.9549517E-07,0.005452
5.9554517E-07,0.006625
5.9559517E-07,0.007798
5.9564517E-07,0.008865
5.9569517E-07,0.009824
5.9574517E-07,0.010571
5.9579517E-07,0.011318
5.9584517E-07,0.011851
5.9589517E-07,0.012277
5.9594517E-07,0.012597
5.9599517E-07,0.012811
5.9604517E-07,0.012917
5.9609517E-07,0.013024
5.9614517E-07,0.013131
5.9619517E-07,0.013237
5.9624517E-07,0.013237
5.9629517E-07,0.013237
5.9634517E-07,0.013237
5.9639517E-07,0.013344
5.9644517E-07,0.013344
5.9649517E-07,0.013237
5.9654517E-07,0.013131
5.9659517E-07,0.012917
5.9664517E-07,0.012597
5.9669517E-07,0.012171
5.9674517E-07,0.011638
5.9679517E-07,0.010784
5.9684517E-07,0.009824
5.9689517E-07,0.008651
5.9694517E-07,0.007265
5.9699517E-07,0.005558
5.9704517E-07,0.003745
5.9709517E-07,0.001825
5.9714517E-07,-0.000308
5.9719517E-07,-0.002547
5.9724517E-07,-0.004787
5.9729517E-07,-0.007027
5.9734517E-07,-0.009160
5.9739517E-07,-0.011186
5.9744517E-07,-0.013000
5.9749517E-07,-0.014493
5.9754517E-07,-0.015879
5.9759517E-07,-0.016839
5.9764517E-07,-0.017479
5.9769517E-07,-0.017692
5.9774517E-07,-0.017692
5.9779517E-07,-0.017266
5.9784517E-07,-0.016519
5.9789517E-07,-0.015559
5.9794517E-07,-0.014386
5.9799517E-07,-0.013000
5.9804517E-07,-0.011613
5.9809517E-07,-0.010120
5.9814517E-07,-0.008627
5.9819517E-07,-0.007240
5.9824517E-07,-0.005960
5.9829517E-07,-0.004894
5.9834517E-07,-0.004041
5.9839517E-07,-0.003294
5.9844517E-07,-0.002867
5.9849517E-07,-0.002547
5.9854517E-07,-0.002441
5.9859517E-07,-0.002547
5.9864517E-07,-0.002654
5.9869517E-07,-0.002867
5.9874517E-07,-0.003187
5.9879517E-07,-0.003294
5.9884517E-07,-0.003507
5.9889517E-07,-0.003507
5.9894517E-07,-0.003294
5.9899517E-07,-0.002974
5.9904517E-07,-0.002441
5.9909517E-07,-0.001694
5.9914517E-07,-0.000841
5.9919517E-07,0.000226
5.9924517E-07,0.001292
5.9929517E-07,0.002572
5.9934517E-07,0.003852
5.9939517E-07,0.005132
5.9944517E-07,0.006412
5.9949517E-07,0.007585
5.9954517E-07,0.008651
5.9959517E-07,0.009504
5.9964517E-07,0.010251
5.9969517E-07,0.010678
5.9974517E-07,0.010998
5.9979517E-07,0.011211
5.9984517E-07,0.011211
5.9989517E-07,0.010998
5.9994517E-07,0.010784
5.9999517E-07,0.010464
6.0004517E-07,0.010038
6.0009517E-07,0.009718
6.0014517E-07,0.009504
6.0019517E-07,0.009291
6.0024517E-07,0.009185
6.0029517E-07,0.009185
6.0034517E-07,0.009398
6.0039517E-07,0.009718
6.0044517E-07,0.010251
6.0049517E-07,0.010784
6.0054517E-07,0.011531
6.0059517E-07,0.012277
6.0064517E-07,0.013131
6.0069517E-07,0.013984
6.0074517E-07,0.014731
6.0079517E-07,0.015584
6.0084517E-07,0.016330
6.0089517E-07,0.016970
6.0094517E-07,0.017504
6.0099517E-07,0.017930
6.0104517E-07,0.018250
6.0109517E-07,0.018570
6.0114517E-07,0.018783
6.0119517E-07,0.018890
6.0124517E-07,0.018997
6.0129517E-07,0.019210
6.0134517E-07,0.019317
6.0139517E-07,0.019530
6.0144517E-07,0.019743
6.0149517E-07,0.020170
6.0154517E-07,0.020596
6.0159517E-07,0.021130
6.0164517E-07,0.021770
6.0169517E-07,0.022516
6.0174517E-07,0.023263
6.0179517E-07,0.024116
6.0184517E-07,0.025076
6.0189517E-07,0.025929
6.0194517E-07,0.026676
6.0199517E-07,0.027422
6.0204517E-07,0.028062
6.0209517E-07,0.028489
6.0214517E-07,0.028809
6.0219517E-07,0.028915
6.0224517E-07,0.028809
6.0229517E-07,0.028489
6.0234517E-07,0.027956
6.0239517E-07,0.027209
6.0244517E-07,0.026356
6.0249517E-07,0.025289
6.0254517E-07,0.024223
6.0259517E-07,0.022943
6.0264517E-07,0.021663
6.0269517E-07,0.020383
6.0274517E-07,0.019103
6.0279517E-07,0.017930
6.0284517E-07,0.016864
6.0289517E-07,0.015904
6.0294517E-07,0.015157
6.0299517E-07,0.014517
6.0304517E-07,0.013984
6.0309517E-07,0.013664
6.0314517E-07,0.013451
6.0319517E-07,0.013451
6.0324517E-07,0.013451
6.0329517E-07,0.013557
6.0334517E-07,0.013664
6.0339517E-07,0.013664
6.0344517E-07,0.013771
6.0349517E-07,0.013664
6.0354517E-07,0.013557
6.0359517E-07,0.013237
6.0364517E-07,0.012811
6.0369517E-07,0.012277
6.0374517E-07,0.011531
6.0379517E-07,0.010678
6.0384517E-07,0.009718
6.0389517E-07,0.008545
6.0394517E-07,0.007478
6.0399517E-07,0.006305
6.0404517E-07,0.005132
6.0409517E-07,0.004065
6.0414517E-07,0.002999
6.0419517E-07,0.002145
6.0424517E-07,0.001505
6.0429517E-07,0.000972
6.0434517E-07,0.000652
6.0439517E-07,0.000652
6.0444517E-07,0.000759
6.0449517E-07,0.001185
6.0454517E-07,0.001825
6.0459517E-07,0.002572
6.0464517E-07,0.003532
6.0469517E-07,0.004598
6.0474517E-07,0.005665
6.0479517E-07,0.006838
6.0484517E-07,0.008011
6.0489517E-07,0.009185
6.0494517E-07,0.010358
6.0499517E-07,0.011318
6.0504517E-07,0.012277
6.0509517E-07,0.013024
6.0514517E-07,0.013771
6.0519517E-07,0.014304
6.0524517E-07,0.014731
6.0529517E-07,0.015050
6.0534517E-07,0.015370
6.0539517E-07,0.015584
6.0544517E-07,0.015690
6.0549517E-07,0.015797
6.0554517E-07,0.015904
6.0559517E-07,0.016010
6.0564517E-07,0.016117
6.0569517E-07,0.016224
6.0574517E-07,0.016330
6.0579517E-07,0.016544
6.0584517E-07,0.016650
6.0589517E-07,0.016650
6.0594517E-07,0.016650
6.0599517E-07,0.016650
6.0604517E-07,0.016437
6.0609517E-07,0.016117
6.0614517E-07,0.015690
6.0619517E-07,0.015050
6.0624517E-07,0.014304
6.0629517E-07,0.013344
6.0634517E-07,0.012171
6.0639517E-07,0.010891
6.0644517E-07,0.009504
6.0649517E-07,0.008011
6.0654517E-07,0.006412
6.0659517E-07,0.004705
6.0664517E-07,0.003105
6.0669517E-07,0.001399
6.0674517E-07,-0.000201
6.0679517E-07,-0.001694
6.0684517E-07,-0.003081
6.0689517E-07,-0.004254
6.0694517E-07,-0.005320
6.0699517E-07,-0.006280
6.0704517E-07,-0.007027
6.0709517E-07,-0.007667
6.0714517E-07,-0.008200
6.0719517E-07,-0.008627
6.0724517E-07,-0.008947
6.0729517E-07,-0.009267
6.0734517E-07,-0.009587
6.0739517E-07,-0.009907
6.0744517E-07,-0.010333
6.0749517E-07,-0.010760
6.0754517E-07,-0.011293
6.0759517E-07,-0.011933
6.0764517E-07,-0.012680
6.0769517E-07,-0.013533
6.0774517E-07,-0.014386
6.0779517E-07,-0.015239
6.0784517E-07,-0.016199
6.0789517E-07,-0.017052
6.0794517E-07,-0.017799
6.0799517E-07,-0.018439
6.0804517E-07,-0.018972
6.0809517E-07,-0.019185
6.0814517E-07,-0.019292
6.0819517E-07,-0.018972
6.0824517E-07,-0.018546
6.0829517E-07,-0.017799
6.0834517E-07,-0.016732
6.0839517E-07,-0.015453
6.0844517E-07,-0.014066
6.0849517E-07,-0.012360
6.0854517E-07,-0.010546
6.0859517E-07,-0.008733
6.0864517E-07,-0.006814
6.0869517E-07,-0.005000
6.0874517E-07,-0.003187
6.0879517E-07,-0.001588
6.0884517E-07,-0.000094
6.0889517E-07,0.001079
6.0894517E-07,0.002145
6.0899517E-07,0.002892
6.0904517E-07,0.003425
6.0909517E-07,0.003745
6.0914517E-07,0.003745
6.0919517E-07,0.003532
6.0924517E-07,0.003212
6.0929517E-07,0.002679
6.0934517E-07,0.002039
6.0939517E-07,0.001399
6.0944517E-07,0.000652
6.0949517E-07,0.000012
6.0954517E-07,-0.000628
6.0959517E-07,-0.001161
6.0964517E-07,-0.001588
6.0969517E-07,-0.001908
6.0974517E-07,-0.002014
6.0979517E-07,-0.002014
6.0984517E-07,-0.001801
6.0989517E-07,-0.001481
6.0994517E-07,-0.001054
6.0999517E-07,-0.000414
6.1004517E-07,0.000226
6.1009517E-07,0.001079
6.1014517E-07,0.002039
6.1019517E-07,0.002999
6.1024517E-07,0.004065
6.1029517E-07,0.005132
6.1034517E-07,0.006305
6.1039517E-07,0.007585
6.1044517E-07,0.008865
6.1049517E-07,0.010251
6.1054517E-07,0.011638
6.1059517E-07,0.013131
6.1064517E-07,0.014731
6.1069517E-07,0.016330
6.1074517E-07,0.018037
6.1079517E-07,0.019850
6.1084517E-07,0.021663
6.1089517E-07,0.023476
6.1094517E-07,0.025396
6.1099517E-07,0.027316
6.1104517E-07,0.029129
6.1109517E-07,0.030835
6.1114517E-07,0.032435
6.1119517E-07,0.033928
6.1124517E-07,0.035208
6.1129517E-07,0.036275
6.1134517E-07,0.037021
6.1139517E-07,0.037448
6.1144517E-07,0.037661
6.1149517E-07,0.037341
6.1154517E-07,0.036808
6.1159517E-07,0.035848
6.1164517E-07,0.034568
6.1169517E-07,0.032862
6.1174517E-07,0.030942
6.1179517E-07,0.028702
6.1184517E-07,0.026249
6.1189517E-07,0.023583
6.1194517E-07,0.020703
6.1199517E-07,0.017823
6.1204517E-07,0.014944
6.1209517E-07,0.012171
6.1214517E-07,0.009398
6.1219517E-07,0.006731
6.1224517E-07,0.004278
6.1229517E-07,0.002039
6.1234517E-07,0.000012
6.1239517E-07,-0.001694
6.1244517E-07,-0.003187
6.1249517E-07,-0.004361
6.1254517E-07,-0.005427
6.1259517E-07,-0.006174
6.1264517E-07,-0.006707
6.1269517E-07,-0.007027
6.1274517E-07,-0.007240
6.1279517E-07,-0.007347
6.1284517E-07,-0.007240
6.1289517E-07,-0.007240
6.1294517E-07,-0.007134
6.1299517E-07,-0.006920
6.1304517E-07,-0.006814
6.1309517E-07,-0.006707
6.1314517E-07,-0.006494
6.1319517E-07,-0.006387
6.1324517E-07,-0.006280
6.1329517E-07,-0.006067
6.1334517E-07,-0.005854
6.1339517E-07,-0.005640
6.1344517E-07,-0.005427
6.1349517E-07,-0.005107
6.1354517E-07,-0.004681
6.1359517E-07,-0.004147
6.1364517E-07,-0.003614
6.1369517E-07,-0.002974
6.1374517E-07,-0.002334
6.1379517E-07,-0.001588
6.1384517E-07,-0.000841
6.1389517E-07,-0.000094
6.1394517E-07,0.000546
6.1399517E-07,0.001292
6.1404517E-07,0.001825
6.1409517E-07,0.002359
6.1414517E-07,0.002785
6.1419517E-07,0.003105
6.1424517E-07,0.003319
6.1429517E-07,0.003425
6.1434517E-07,0.003319
6.1439517E-07,0.003212
6.1444517E-07,0.003105
6.1449517E-07,0.002785
6.1454517E-07,0.002572
6.1459517E-07,0.002359
6.1464517E-07,0.002145
6.1469517E-07,0.002039
6.1474517E-07,0.002039
6.1479517E-07,0.002145
6.1484517E-07,0.002359
6.1489517E-07,0.002785
6.1494517E-07,0.003319
6.1499517E-07,0.003958
6.1504517E-07,0.004705
6.1509517E-07,0.005558
6.1514517E-07,0.006412
6.1519517E-07,0.007371
6.1524517E-07,0.008225
6.1529517E-07,0.008971
6.1534517E-07,0.009718
6.1539517E-07,0.010251
6.1544517E-07,0.010571
6.1549517E-07,0.010678
6.1554517E-07,0.010571
6.1559517E-07,0.010144
6.1564517E-07,0.009611
6.1569517E-07,0.008758
6.1574517E-07,0.007691
6.1579517E-07,0.006518
6.1584517E-07,0.005238
6.1589517E-07,0.003745
6.1594517E-07,0.002359
6.1599517E-07,0.000865
6.1604517E-07,-0.000521
6.1609517E-07,-0.001801
6.1614517E-07,-0.002867
6.1619517E-07,-0.003827
6.1624517E-07,-0.004467
6.1629517E-07,-0.005000
6.1634517E-07,-0.005214
6.1639517E-07,-0.005214
6.1644517E-07,-0.005000
6.1649517E-07,-0.004574
6.1654517E-07,-0.004041
6.1659517E-07,-0.003294
6.1664517E-07,-0.002441
6.1669517E-07,-0.001481
6.1674517E-07,-0.000521
6.1679517E-07,0.000439
6.1684517E-07,0.001399
6.1689517E-07,0.002252
6.1694517E-07,0.003105
6.1699517E-07,0.003745
6.1704517E-07,0.004385
6.1709517E-07,0.004918
6.1714517E-07,0.005238
6.1719517E-07,0.005665
6.1724517E-07,0.005878
6.1729517E-07,0.006198
6.1734517E-07,0.006412
6.1739517E-07,0.006625
6.1744517E-07,0.006945
6.1749517E-07,0.007265
6.1754517E-07,0.007585
6.1759517E-07,0.008011
6.1764517E-07,0.008545
6.1769517E-07,0.009078
6.1774517E-07,0.009718
6.1779517E-07,0.010358
6.1784517E-07,0.010998
6.1789517E-07,0.011531
6.1794517E-07,0.012064
6.1799517E-07,0.012597
6.1804517E-07,0.012917
6.1809517E-07,0.013237
6.1814517E-07,0.013237
6.1819517E-07,0.013237
6.1824517E-07,0.012917
6.1829517E-07,0.012491
6.1834517E-07,0.011958
6.1839517E-07,0.011211
6.1844517E-07,0.010358
6.1849517E-07,0.009398
6.1854517E-07,0.008331
6.1859517E-07,0.007158
6.1864517E-07,0.006092
6.1869517E-07,0.004918
6.1874517E-07,0.003958
6.1879517E-07,0.002892
6.1884517E-07,0.002039
6.1889517E-07,0.001292
6.1894517E-07,0.000652
6.1899517E-07,0.000226
6.1904517E-07,-0.000094
6.1909517E-07,-0.000308
6.1914517E-07,-0.000414
6.1919517E-07,-0.000414
6.1924517E-07,-0.000308
6.1929517E-07,-0.000094
6.1934517E-07,0.000119
6.1939517E-07,0.000332
6.1944517E-07,0.000439
6.1949517E-07,0.000546
6.1954517E-07,0.000652
6.1959517E-07,0.000652
6.1964517E-07,0.000439
6.1969517E-07,0.000226
6.1974517E-07,0.000012
6.1979517E-07,-0.000414
6.1984517E-07,-0.000841
6.1989517E-07,-0.001374
6.1994517E-07,-0.001908
6.1999517E-07,-0.002441
6.2004517E-07,-0.002974
6.2009517E-07,-0.003401
6.2014517E-07,-0.003721
6.2019517E-07,-0.004041
6.2024517E-07,-0.004254
6.2029517E-07,-0.004254
6.2034517E-07,-0.004147
6.2039517E-07,-0.003934
6.2044517E-07,-0.003507
6.2049517E-07,-0.003081
6.2054517E-07,-0.002441
6.2059517E-07,-0.001694
6.2064517E-07,-0.000841
6.2069517E-07,0.000012
6.2074517E-07,0.000972
6.2079517E-07,0.001932
6.2084517E-07,0.002892
6.2089517E-07,0.003852
6.2094517E-07,0.004812
6.2099517E-07,0.005665
6.2104517E-07,0.006518
6.2109517E-07,0.007371
6.2114517E-07,0.008118
6.2119517E-07,0.008865
6.2124517E-07,0.009504
6.2129517E-07,0.010251
6.2134517E-07,0.010891
6.2139517E-07,0.011531
6.2144517E-07,0.012171
6.2149517E-07,0.012811
6.2154517E-07,0.013451
6.2159517E-07,0.014091
6.2164517E-07,0.014837
6.2169517E-07,0.015477
6.2174517E-07,0.016117
6.2179517E-07,0.016864
6.2184517E-07,0.017504
6.2189517E-07,0.018037
6.2194517E-07,0.018570
6.2199517E-07,0.019103
6.2204517E-07,0.019423
6.2209517E-07,0.019743
6.2214517E-07,0.019957
6.2219517E-07,0.019957
6.2224517E-07,0.019957
6.2229517E-07,0.019850
6.2234517E-07,0.019637
6.2239517E-07,0.019317
6.2244517E-07,0.018997
6.2249517E-07,0.018570
6.2254517E-07,0.018143
6.2259517E-07,0.017717
6.2264517E-07,0.017397
6.2269517E-07,0.017077
6.2274517E-07,0.016757
6.2279517E-07,0.016650
6.2284517E-07,0.016544
6.2289517E-07,0.016544
6.2294517E-07,0.016650
6.2299517E-07,0.016757
6.2304517E-07,0.016970
6.2309517E-07,0.017290
6.2314517E-07,0.017610
6.2319517E-07,0.017930
6.2324517E-07,0.018250
6.2329517E-07,0.018463
6.2334517E-07,0.018677
6.2339517E-07,0.018783
6.2344517E-07,0.018783
6.2349517E-07,0.018677
6.2354517E-07,0.018570
6.2359517E-07,0.018250
6.2364517E-07,0.017823
6.2369517E-07,0.017290
6.2374517E-07,0.016650
6.2379517E-07,0.016010
6.2384517E-07,0.015370
6.2389517E-07,0.014731
6.2394517E-07,0.014091
6.2399517E-07,0.013557
6.2404517E-07,0.013131
6.2409517E-07,0.012704
6.2414517E-07,0.012491
6.2419517E-07,0.012491
6.2424517E-07,0.012597
6.2429517E-07,0.012811
6.2434517E-07,0.013237
6.2439517E-07,0.013771
6.2444517E-07,0.014517
6.2449517E-07,0.015264
6.2454517E-07,0.016117
6.2459517E-07,0.016970
6.2464517E-07,0.017823
6.2469517E-07,0.018783
6.2474517E-07,0.019530
6.2479517E-07,0.020277
6.2484517E-07,0.020916
6.2489517E-07,0.021343
6.2494517E-07,0.021770
6.2499517E-07,0.021876
6.2504517E-07,0.021876
6.2509517E-07,0.021770
6.2514517E-07,0.021450
6.2519517E-07,0.021023
6.2524517E-07,0.020383
6.2529517E-07,0.019743
6.2534517E-07,0.018890
6.2539517E-07,0.018037
6.2544517E-07,0.017184
6.2549517E-07,0.016224
6.2554517E-07,0.015157
6.2559517E-07,0.014197
6.2564517E-07,0.013237
6.2569517E-07,0.012277
6.2574517E-07,0.011318
6.2579517E-07,0.010358
6.2584517E-07,0.009398
6.2589517E-07,0.008545
6.2594517E-07,0.007585
6.2599517E-07,0.006625
6.2604517E-07,0.005665
6.2609517E-07,0.004705
6.2614517E-07,0.003745
6.2619517E-07,0.002679
6.2624517E-07,0.001505
6.2629517E-07,0.000332
6.2634517E-07,-0.000841
6.2639517E-07,-0.002121
6.2644517E-07,-0.003401
6.2649517E-07,-0.004681
6.2654517E-07,-0.005854
6.2659517E-07,-0.007134
6.2664517E-07,-0.008307
6.2669517E-07,-0.009480
6.2674517E-07,-0.010546
6.2679517E-07,-0.011506
6.2684517E-07,-0.012360
6.2689517E-07,-0.013106
6.2694517E-07,-0.013639
6.2699517E-07,-0.014066
6.2704517E-07,-0.014386
6.2709517E-07,-0.014599
6.2714517E-07,-0.014599
6.2719517E-07,-0.014493
6.2724517E-07,-0.014279
6.2729517E-07,-0.013959
6.2734517E-07,-0.013533
6.2739517E-07,-0.013106
6.2744517E-07,-0.012573
6.2749517E-07,-0.011933
6.2754517E-07,-0.011293
6.2759517E-07,-0.010653
6.2764517E-07,-0.009907
6.2769517E-07,-0.009160
6.2774517E-07,-0.008307
6.2779517E-07,-0.007454
6.2784517E-07,-0.006494
6.2789517E-07,-0.005534
6.2794517E-07,-0.004467
6.2799517E-07,-0.003294
6.2804517E-07,-0.002121
6.2809517E-07,-0.000841
6.2814517E-07,0.000439
6.2819517E-07,0.001825
6.2824517E-07,0.003212
6.2829517E-07,0.004598
6.2834517E-07,0.005985
6.2839517E-07,0.007371
6.2844517E-07,0.008758
6.2849517E-07,0.009931
6.2854517E-07,0.011104
6.2859517E-07,0.012171
6.2864517E-07,0.013131
6.2869517E-07,0.013877
6.2874517E-07,0.014517
6.2879517E-07,0.014944
6.2884517E-07,0.015264
6.2889517E-07,0.015370
6.2894517E-07,0.015370
6.2899517E-07,0.015264
6.2904517E-07,0.015157
6.2909517E-07,0.014837
6.2914517E-07,0.014517
6.2919517E-07,0.014197
6.2924517E-07,0.013984
6.2929517E-07,0.013664
6.2934517E-07,0.013451
6.2939517E-07,0.013344
6.2944517E-07,0.013344
6.2949517E-07,0.013451
6.2954517E-07,0.013664
6.2959517E-07,0.013984
6.2964517E-07,0.014411
6.2969517E-07,0.014837
6.2974517E-07,0.015370
6.2979517E-07,0.015904
6.2984517E-07,0.016437
6.2989517E-07,0.016864
6.2994517E-07,0.017290
6.2999517E-07,0.017610
6.3004517E-07,0.017930
6.3009517E-07,0.017930
6.3014517E-07,0.017930
6.3019517E-07,0.017717
6.3024517E-07,0.017290
6.3029517E-07,0.016757
6.3034517E-07,0.016010
6.3039517E-07,0.015157
6.3044517E-07,0.014197
6.3049517E-07,0.013131
6.3054517E-07,0.011851
6.3059517E-07,0.010678
6.3064517E-07,0.009291
6.3069517E-07,0.008011
6.3074517E-07,0.006625
6.3079517E-07,0.005345
6.3084517E-07,0.004065
6.3089517E-07,0.002785
6.3094517E-07,0.001612
6.3099517E-07,0.000546
6.3104517E-07,-0.000521
6.3109517E-07,-0.001481
6.3114517E-07,-0.002441
6.3119517E-07,-0.003401
6.3124517E-07,-0.004254
6.3129517E-07,-0.005107
6.3134517E-07,-0.005854
6.3139517E-07,-0.006707
6.3144517E-07,-0.007454
6.3149517E-07,-0.008093
6.3154517E-07,-0.008840
6.3159517E-07,-0.009480
6.3164517E-07,-0.010120
6.3169517E-07,-0.010653
6.3174517E-07,-0.011186
6.3179517E-07,-0.011506
6.3184517E-07,-0.011826
6.3189517E-07,-0.011933
6.3194517E-07,-0.012040
6.3199517E-07,-0.011933
6.3204517E-07,-0.011720
6.3209517E-07,-0.011293
6.3214517E-07,-0.010760
6.3219517E-07,-0.010013
6.3224517E-07,-0.009160
6.3229517E-07,-0.008307
6.3234517E-07,-0.007240
6.3239517E-07,-0.006174
6.3244517E-07,-0.005107
6.3249517E-07,-0.003934
6.3254517E-07,-0.002867
6.3259517E-07,-0.001801
6.3264517E-07,-0.000841
6.3269517E-07,0.000012
6.3274517E-07,0.000759
6.3279517E-07,0.001399
6.3284517E-07,0.001825
6.3289517E-07,0.002145
6.3294517E-07,0.002252
6.3299517E-07,0.002252
6.3304517E-07,0.002145
6.3309517E-07,0.001932
6.3314517E-07,0.001612
6.3319517E-07,0.001185
6.3324517E-07,0.000759
6.3329517E-07,0.000226
6.3334517E-07,-0.000201
6.3339517E-07,-0.000628
6.3344517E-07,-0.001054
6.3349517E-07,-0.001481
6.3354517E-07,-0.001801
6.3359517E-07,-0.002014
6.3364517E-07,-0.002227
6.3369517E-07,-0.002334
6.3374517E-07,-0.002334
6.3379517E-07,-0.002334
6.3384517E-07,-0.002334
6.3389517E-07,-0.002334
6.3394517E-07,-0.002334
6.3399517E-07,-0.002334
6.3404517E-07,-0.002334
6.3409517E-07,-0.002441
6.3414517E-07,-0.002547
6.3419517E-07,-0.002654
6.3424517E-07,-0.002867
6.3429517E-07,-0.003187
6.3434517E-07,-0.003401
6.3439517E-07,-0.003721
6.3444517E-07,-0.004041
6.3449517E-07,-0.004361
6.3454517E-07,-0.004681
6.3459517E-07,-0.004894
6.3464517E-07,-0.005107
6.3469517E-07,-0.005320
6.3474517E-07,-0.005427
6.3479517E-07,-0.005427
6.3484517E-07,-0.005427
6.3489517E-07,-0.005320
6.3494517E-07,-0.005214
6.3499517E-07,-0.005000
6.3504517E-07,-0.004894
6.3509517E-07,-0.004681
6.3514517E-07,-0.004574
6.3519517E-07,-0.004467
6.3524517E-07,-0.004467
6.3529517E-07,-0.004467
6.3534517E-07,-0.004574
6.3539517E-07,-0.004894
6.3544517E-07,-0.005214
6.3549517E-07,-0.005747
6.3554517E-07,-0.006280
6.3559517E-07,-0.006920
6.3564517E-07,-0.007667
6.3569517E-07,-0.008413
6.3574517E-07,-0.009160
6.3579517E-07,-0.009907
6.3584517E-07,-0.010653
6.3589517E-07,-0.011400
6.3594517E-07,-0.011933
6.3599517E-07,-0.012466
6.3604517E-07,-0.012786
6.3609517E-07,-0.013000
6.3614517E-07,-0.013106
6.3619517E-07,-0.013000
6.3624517E-07,-0.012786
6.3629517E-07,-0.012360
6.3634517E-07,-0.011933
6.3639517E-07,-0.011293
6.3644517E-07,-0.010653
6.3649517E-07,-0.009907
6.3654517E-07,-0.009160
6.3659517E-07,-0.008413
6.3664517E-07,-0.007667
6.3669517E-07,-0.007027
6.3674517E-07,-0.006387
6.3679517E-07,-0.005960
6.3684517E-07,-0.005534
6.3689517E-07,-0.005214
6.3694517E-07,-0.005000
6.3699517E-07,-0.004787
6.3704517E-07,-0.004787
6.3709517E-07,-0.004787
6.3714517E-07,-0.004894
6.3719517E-07,-0.005107
6.3724517E-07,-0.005214
6.3729517E-07,-0.005427
6.3734517E-07,-0.005640
6.3739517E-07,-0.005854
6.3744517E-07,-0.006067
6.3749517E-07,-0.006174
6.3754517E-07,-0.006280
6.3759517E-07,-0.006387
6.3764517E-07,-0.006387
6.3769517E-07,-0.006387
6.3774517E-07,-0.006494
6.3779517E-07,-0.006494
6.3784517E-07,-0.006387
6.3789517E-07,-0.006387
6.3794517E-07,-0.006387
6.3799517E-07,-0.006387
6.3804517E-07,-0.006387
6.3809517E-07,-0.006280
6.3814517E-07,-0.006280
6.3819517E-07,-0.006174
6.3824517E-07,-0.006067
6.3829517E-07,-0.005854
6.3834517E-07,-0.005534
6.3839517E-07,-0.005214
6.3844517E-07,-0.004681
6.3849517E-07,-0.004041
6.3854517E-07,-0.003294
6.3859517E-07,-0.002441
6.3864517E-07,-0.001374
6.3869517E-07,-0.000201
6.3874517E-07,0.001079
6.3879517E-07,0.002465
6.3884517E-07,0.003958
6.3889517E-07,0.005558
6.3894517E-07,0.007051
6.3899517E-07,0.008651
6.3904517E-07,0.010251
6.3909517E-07,0.011744
6.3914517E-07,0.013131
6.3919517E-07,0.014411
6.3924517E-07,0.015477
6.3929517E-07,0.016437
6.3934517E-07,0.017184
6.3939517E-07,0.017717
6.3944517E-07,0.018037
6.3949517E-07,0.018143
6.3954517E-07,0.018143
6.3959517E-07,0.017930
6.3964517E-07,0.017610
6.3969517E-07,0.017184
6.3974517E-07,0.016544
6.3979517E-07,0.016010
6.3984517E-07,0.015370
6.3989517E-07,0.014731
6.3994517E-07,0.014091
6.3999517E-07,0.013557
6.4004517E-07,0.013024
6.4009517E-07,0.012597
6.4014517E-07,0.012277
6.4019517E-07,0.012064
6.4024517E-07,0.011851
6.4029517E-07,0.011744
6.4034517E-07,0.011638
6.4039517E-07,0.011638
6.4044517E-07,0.011531
6.4049517E-07,0.011424
6.4054517E-07,0.011318
6.4059517E-07,0.011104
6.4064517E-07,0.010678
6.4069517E-07,0.010251
6.4074517E-07,0.009611
6.4079517E-07,0.008971
6.4084517E-07,0.008011
6.4089517E-07,0.007051
6.4094517E-07,0.005878
6.4099517E-07,0.004705
6.4104517E-07,0.003425
6.4109517E-07,0.002039
6.4114517E-07,0.000546
6.4119517E-07,-0.000841
6.4124517E-07,-0.002227
6.4129517E-07,-0.003507
6.4134517E-07,-0.004787
6.4139517E-07,-0.005854
6.4144517E-07,-0.006920
6.4149517E-07,-0.007773
6.4154517E-07,-0.008413
6.4159517E-07,-0.008947
6.4164517E-07,-0.009373
6.4169517E-07,-0.009480
6.4174517E-07,-0.009587
6.4179517E-07,-0.009480
6.4184517E-07,-0.009267
6.4189517E-07,-0.008947
6.4194517E-07,-0.008520
6.4199517E-07,-0.007987
6.4204517E-07,-0.007347
6.4209517E-07,-0.006600
6.4214517E-07,-0.005854
6.4219517E-07,-0.005000
6.4224517E-07,-0.004041
6.4229517E-07,-0.003081
6.4234517E-07,-0.002014
6.4239517E-07,-0.000948
6.4244517E-07,0.000332
6.4249517E-07,0.001612
6.4254517E-07,0.002999
6.4259517E-07,0.004492
6.4264517E-07,0.006198
6.4269517E-07,0.007798
6.4274517E-07,0.009611
6.4279517E-07,0.011531
6.4284517E-07,0.013344
6.4289517E-07,0.015370
6.4294517E-07,0.017290
6.4299517E-07,0.019210
6.4304517E-07,0.021023
6.4309517E-07,0.022836
6.4314517E-07,0.024436
6.4319517E-07,0.025929
6.4324517E-07,0.027102
6.4329517E-07,0.028169
6.4334517E-07,0.029022
6.4339517E-07,0.029555
6.4344517E-07,0.029875
6.4349517E-07,0.029875
6.4354517E-07,0.029662
6.4359517E-07,0.029235
6.4364517E-07,0.028489
6.4369517E-07,0.027636
6.4374517E-07,0.026569
6.4379517E-07,0.025289
6.4384517E-07,0.023903
6.4389517E-07,0.022516
6.4394517E-07,0.021023
6.4399517E-07,0.019530
6.4404517E-07,0.018037
6.4409517E-07,0.016544
6.4414517E-07,0.015050
6.4419517E-07,0.013664
6.4424517E-07,0.012384
6.4429517E-07,0.011104
6.4434517E-07,0.009931
6.4439517E-07,0.008758
6.4444517E-07,0.007585
6.4449517E-07,0.006518
6.4454517E-07,0.005452
6.4459517E-07,0.004492
6.4464517E-07,0.003425
6.4469517E-07,0.002465
6.4474517E-07,0.001505
6.4479517E-07,0.000546
6.4484517E-07,-0.000414
6.4489517E-07,-0.001268
6.4494517E-07,-0.002014
6.4499517E-07,-0.002654
6.4504517E-07,-0.003294
6.4509517E-07,-0.003721
6.4514517E-07,-0.003934
6.4519517E-07,-0.004041
6.4524517E-07,-0.003934
6.4529517E-07,-0.003721
6.4534517E-07,-0.003294
6.4539517E-07,-0.002654
6.4544517E-07,-0.001908
6.4549517E-07,-0.001054
6.4554517E-07,-0.000094
6.4559517E-07,0.000972
6.4564517E-07,0.002039
6.4569517E-07,0.002999
6.4574517E-07,0.003958
6.4579517E-07,0.004705
6.4584517E-07,0.005345
6.4589517E-07,0.005772
6.4594517E-07,0.005985
6.4599517E-07,0.005878
6.4604517E-07,0.005665
6.4609517E-07,0.005132
6.4614517E-07,0.004278
6.4619517E-07,0.003319
6.4624517E-07,0.002145
6.4629517E-07,0.000759
6.4634517E-07,-0.000628
6.4639517E-07,-0.002121
6.4644517E-07,-0.003721
6.4649517E-07,-0.005214
6.4654517E-07,-0.006600
6.4659517E-07,-0.007987
6.4664517E-07,-0.009160
6.4669517E-07,-0.010227
6.4674517E-07,-0.011080
6.4679517E-07,-0.011720
6.4684517E-07,-0.012253
6.4689517E-07,-0.012573
6.4694517E-07,-0.012680
6.4699517E-07,-0.012680
6.4704517E-07,-0.012680
6.4709517E-07,-0.012466
6.4714517E-07,-0.012253
6.4719517E-07,-0.012146
6.4724517E-07,-0.011933
6.4729517E-07,-0.011720
6.4734517E-07,-0.011613
6.4739517E-07,-0.011613
6.4744517E-07,-0.011613
6.4749517E-07,-0.011826
6.4754517E-07,-0.011933
6.4759517E-07,-0.012253
6.4764517E-07,-0.012466
6.4769517E-07,-0.012786
6.4774517E-07,-0.013106
6.4779517E-07,-0.013426
6.4784517E-07,-0.013639
6.4789517E-07,-0.013853
6.4794517E-07,-0.013959
6.4799517E-07,-0.013959
6.4804517E-07,-0.013959
6.4809517E-07,-0.013853
6.4814517E-07,-0.013639
6.4819517E-07,-0.013426
6.4824517E-07,-0.013106
6.4829517E-07,-0.012786
6.4834517E-07,-0.012466
6.4839517E-07,-0.012146
6.4844517E-07,-0.011933
6.4849517E-07,-0.011826
6.4854517E-07,-0.011720
6.4859517E-07,-0.011720
6.4864517E-07,-0.011826
6.4869517E-07,-0.012040
6.4874517E-07,-0.012466
6.4879517E-07,-0.012893
6.4884517E-07,-0.013319
6.4889517E-07,-0.013853
6.4894517E-07,-0.014493
6.4899517E-07,-0.015026
6.4904517E-07,-0.015559
6.4909517E-07,-0.015986
6.4914517E-07,-0.016306
6.4919517E-07,-0.016519
6.4924517E-07,-0.016519
6.4929517E-07,-0.016412
6.4934517E-07,-0.016092
6.4939517E-07,-0.015666
6.4944517E-07,-0.014919
6.4949517E-07,-0.014066
6.4954517E-07,-0.013106
6.4959517E-07,-0.011933
6.4964517E-07,-0.010653
6.4969517E-07,-0.009373
6.4974517E-07,-0.007987
6.4979517E-07,-0.006600
6.4984517E-07,-0.005320
6.4989517E-07,-0.004147
6.4994517E-07,-0.003081
6.4999517E-07,-0.002121
6.5004517E-07,-0.001268
6.5009517E-07,-0.000734
6.5014517E-07,-0.000308
6.5019517E-07,-0.000094
6.5024517E-07,-0.000094
6.5029517E-07,-0.000201
6.5034517E-07,-0.000628
6.5039517E-07,-0.001054
6.5044517E-07,-0.001694
6.5049517E-07,-0.002441
6.5054517E-07,-0.003187
6.5059517E-07,-0.004041
6.5064517E-07,-0.005000
6.5069517E-07,-0.005854
6.5074517E-07,-0.006707
6.5079517E-07,-0.007560
6.5084517E-07,-0.008413
6.5089517E-07,-0.009267
6.5094517E-07,-0.010013
6.5099517E-07,-0.010760
6.5104517E-07,-0.011506
6.5109517E-07,-0.012253
6.5114517E-07,-0.013000
6.5119517E-07,-0.013853
6.5124517E-07,-0.014599
6.5129517E-07,-0.015453
6.5134517E-07,-0.016306
6.5139517E-07,-0.017159
6.5144517E-07,-0.018012
6.5149517E-07,-0.018972
6.5154517E-07,-0.019932
6.5159517E-07,-0.020785
6.5164517E-07,-0.021638
6.5169517E-07,-0.022385
6.5174517E-07,-0.023025
6.5179517E-07,-0.023558
6.5184517E-07,-0.023878
6.5189517E-07,-0.023985
6.5194517E-07,-0.023985
6.5199517E-07,-0.023772
6.5204517E-07,-0.023238
6.5209517E-07,-0.022598
6.5214517E-07,-0.021638
6.5219517E-07,-0.020572
6.5224517E-07,-0.019292
6.5229517E-07,-0.017799
6.5234517E-07,-0.016199
6.5239517E-07,-0.014493
6.5244517E-07,-0.012786
6.5249517E-07,-0.010973
6.5254517E-07,-0.009160
6.5259517E-07,-0.007454
6.5264517E-07,-0.005747
6.5269517E-07,-0.004147
6.5274517E-07,-0.002547
6.5279517E-07,-0.001161
6.5284517E-07,0.000226
6.5289517E-07,0.001399
6.5294517E-07,0.002572
6.5299517E-07,0.003532
6.5304517E-07,0.004492
6.5309517E-07,0.005345
6.5314517E-07,0.006198
6.5319517E-07,0.006945
6.5324517E-07,0.007585
6.5329517E-07,0.008225
6.5334517E-07,0.008758
6.5339517E-07,0.009185
6.5344517E-07,0.009398
6.5349517E-07,0.009504
6.5354517E-07,0.009398
6.5359517E-07,0.009078
6.5364517E-07,0.008331
6.5369517E-07,0.007265
6.5374517E-07,0.005878
6.5379517E-07,0.003958
6.5384517E-07,0.001505
6.5389517E-07,-0.001481
6.5394517E-07,-0.005000
6.5399517E-07,-0.009160
6.5404517E-07,-0.013853
6.5409517E-07,-0.019079
6.5414517E-07,-0.024838
6.5419517E-07,-0.031024
6.5424517E-07,-0.037743
6.5429517E-07,-0.044782
6.5434517E-07,-0.052035
6.5439517E-07,-0.059607
