LECROYWaveRunner‘N,20113,Waveform
Segments,1,SegmentSize,4002
Segment,TrigTime,TimeSinceSegment1
#1,12-Dec-2018 11:24:20,0                 
Time,Ampl
4.5690178E-07,-0.010397
4.5695178E-07,-0.011221
4.5700178E-07,-0.011880
4.5705178E-07,-0.012539
4.5710178E-07,-0.013034
4.5715178E-07,-0.013528
4.5720178E-07,-0.013858
4.5725178E-07,-0.014352
4.5730178E-07,-0.014846
4.5735178E-07,-0.015341
4.5740178E-07,-0.015835
4.5745178E-07,-0.016494
4.5750178E-07,-0.016988
4.5755178E-07,-0.017647
4.5760178E-07,-0.018142
4.5765178E-07,-0.018801
4.5770178E-07,-0.019130
4.5775178E-07,-0.019625
4.5780178E-07,-0.019954
4.5785178E-07,-0.020119
4.5790178E-07,-0.020119
4.5795178E-07,-0.019954
4.5800178E-07,-0.019625
4.5805178E-07,-0.019130
4.5810178E-07,-0.018471
4.5815178E-07,-0.017647
4.5820178E-07,-0.016659
4.5825178E-07,-0.015505
4.5830178E-07,-0.014187
4.5835178E-07,-0.012869
4.5840178E-07,-0.011551
4.5845178E-07,-0.010068
4.5850178E-07,-0.008750
4.5855178E-07,-0.007431
4.5860178E-07,-0.006113
4.5865178E-07,-0.004795
4.5870178E-07,-0.003642
4.5875178E-07,-0.002653
4.5880178E-07,-0.001664
4.5885178E-07,-0.001005
4.5890178E-07,-0.000181
4.5895178E-07,0.000313
4.5900178E-07,0.000807
4.5905178E-07,0.001302
4.5910178E-07,0.001631
4.5915178E-07,0.001961
4.5920178E-07,0.002290
4.5925178E-07,0.002620
4.5930178E-07,0.002949
4.5935178E-07,0.003444
4.5940178E-07,0.003773
4.5945178E-07,0.004103
4.5950178E-07,0.004597
4.5955178E-07,0.004927
4.5960178E-07,0.005256
4.5965178E-07,0.005586
4.5970178E-07,0.005915
4.5975178E-07,0.006080
4.5980178E-07,0.006080
4.5985178E-07,0.005915
4.5990178E-07,0.005586
4.5995178E-07,0.005092
4.6000178E-07,0.004432
4.6005178E-07,0.003609
4.6010178E-07,0.002455
4.6015178E-07,0.001137
4.6020178E-07,-0.000181
4.6025178E-07,-0.001829
4.6030178E-07,-0.003477
4.6035178E-07,-0.005289
4.6040178E-07,-0.006937
4.6045178E-07,-0.008750
4.6050178E-07,-0.010397
4.6055178E-07,-0.011880
4.6060178E-07,-0.013363
4.6065178E-07,-0.014517
4.6070178E-07,-0.015505
4.6075178E-07,-0.016329
4.6080178E-07,-0.016988
4.6085178E-07,-0.017318
4.6090178E-07,-0.017483
4.6095178E-07,-0.017483
4.6100178E-07,-0.017318
4.6105178E-07,-0.017153
4.6110178E-07,-0.016823
4.6115178E-07,-0.016659
4.6120178E-07,-0.016329
4.6125178E-07,-0.016164
4.6130178E-07,-0.016164
4.6135178E-07,-0.016164
4.6140178E-07,-0.016494
4.6145178E-07,-0.016823
4.6150178E-07,-0.017483
4.6155178E-07,-0.018142
4.6160178E-07,-0.018966
4.6165178E-07,-0.019954
4.6170178E-07,-0.021108
4.6175178E-07,-0.022096
4.6180178E-07,-0.023250
4.6185178E-07,-0.024238
4.6190178E-07,-0.025227
4.6195178E-07,-0.026051
4.6200178E-07,-0.026710
4.6205178E-07,-0.027204
4.6210178E-07,-0.027534
4.6215178E-07,-0.027699
4.6220178E-07,-0.027699
4.6225178E-07,-0.027534
4.6230178E-07,-0.027204
4.6235178E-07,-0.026710
4.6240178E-07,-0.026216
4.6245178E-07,-0.025557
4.6250178E-07,-0.024897
4.6255178E-07,-0.024238
4.6260178E-07,-0.023579
4.6265178E-07,-0.022755
4.6270178E-07,-0.022096
4.6275178E-07,-0.021437
4.6280178E-07,-0.020778
4.6285178E-07,-0.019954
4.6290178E-07,-0.019130
4.6295178E-07,-0.018306
4.6300178E-07,-0.017318
4.6305178E-07,-0.016164
4.6310178E-07,-0.014846
4.6315178E-07,-0.013198
4.6320178E-07,-0.011386
4.6325178E-07,-0.009244
4.6330178E-07,-0.006937
4.6335178E-07,-0.004465
4.6340178E-07,-0.001664
4.6345178E-07,0.001466
4.6350178E-07,0.004597
4.6355178E-07,0.007893
4.6360178E-07,0.011188
4.6365178E-07,0.014648
4.6370178E-07,0.017944
4.6375178E-07,0.021075
4.6380178E-07,0.024205
4.6385178E-07,0.027007
4.6390178E-07,0.029643
4.6395178E-07,0.031950
4.6400178E-07,0.034092
4.6405178E-07,0.035740
4.6410178E-07,0.037058
4.6415178E-07,0.038211
4.6420178E-07,0.038870
4.6425178E-07,0.039365
4.6430178E-07,0.039529
4.6435178E-07,0.039694
4.6440178E-07,0.039529
4.6445178E-07,0.039200
4.6450178E-07,0.038870
4.6455178E-07,0.038376
4.6460178E-07,0.038046
4.6465178E-07,0.037552
4.6470178E-07,0.037058
4.6475178E-07,0.036563
4.6480178E-07,0.036234
4.6485178E-07,0.035904
4.6490178E-07,0.035410
4.6495178E-07,0.035080
4.6500178E-07,0.034586
4.6505178E-07,0.034092
4.6510178E-07,0.033598
4.6515178E-07,0.032938
4.6520178E-07,0.032279
4.6525178E-07,0.031291
4.6530178E-07,0.030302
4.6535178E-07,0.029149
4.6540178E-07,0.027995
4.6545178E-07,0.026677
4.6550178E-07,0.025194
4.6555178E-07,0.023546
4.6560178E-07,0.021899
4.6565178E-07,0.020251
4.6570178E-07,0.018603
4.6575178E-07,0.016955
4.6580178E-07,0.015472
4.6585178E-07,0.013989
4.6590178E-07,0.012671
4.6595178E-07,0.011518
4.6600178E-07,0.010364
4.6605178E-07,0.009540
4.6610178E-07,0.008881
4.6615178E-07,0.008222
4.6620178E-07,0.007893
4.6625178E-07,0.007728
4.6630178E-07,0.007563
4.6635178E-07,0.007563
4.6640178E-07,0.007728
4.6645178E-07,0.008057
4.6650178E-07,0.008387
4.6655178E-07,0.008717
4.6660178E-07,0.009046
4.6665178E-07,0.009540
4.6670178E-07,0.009870
4.6675178E-07,0.010364
4.6680178E-07,0.010859
4.6685178E-07,0.011353
4.6690178E-07,0.011847
4.6695178E-07,0.012342
4.6700178E-07,0.013001
4.6705178E-07,0.013660
4.6710178E-07,0.014319
4.6715178E-07,0.015143
4.6720178E-07,0.016131
4.6725178E-07,0.017120
4.6730178E-07,0.018109
4.6735178E-07,0.019427
4.6740178E-07,0.020745
4.6745178E-07,0.022063
4.6750178E-07,0.023546
4.6755178E-07,0.025029
4.6760178E-07,0.026512
4.6765178E-07,0.027995
4.6770178E-07,0.029478
4.6775178E-07,0.030796
4.6780178E-07,0.032115
4.6785178E-07,0.033268
4.6790178E-07,0.034092
4.6795178E-07,0.034916
4.6800178E-07,0.035410
4.6805178E-07,0.035740
4.6810178E-07,0.035904
4.6815178E-07,0.035904
4.6820178E-07,0.035575
4.6825178E-07,0.035245
4.6830178E-07,0.034586
4.6835178E-07,0.033927
4.6840178E-07,0.033268
4.6845178E-07,0.032444
4.6850178E-07,0.031785
4.6855178E-07,0.030961
4.6860178E-07,0.030302
4.6865178E-07,0.029643
4.6870178E-07,0.029149
4.6875178E-07,0.028490
4.6880178E-07,0.028160
4.6885178E-07,0.027666
4.6890178E-07,0.027336
4.6895178E-07,0.027007
4.6900178E-07,0.026512
4.6905178E-07,0.026018
4.6910178E-07,0.025359
4.6915178E-07,0.024535
4.6920178E-07,0.023546
4.6925178E-07,0.022228
4.6930178E-07,0.020745
4.6935178E-07,0.018933
4.6940178E-07,0.016791
4.6945178E-07,0.014319
4.6950178E-07,0.011683
4.6955178E-07,0.008717
4.6960178E-07,0.005586
4.6965178E-07,0.002126
4.6970178E-07,-0.001335
4.6975178E-07,-0.004795
4.6980178E-07,-0.008255
4.6985178E-07,-0.011715
4.6990178E-07,-0.015011
4.6995178E-07,-0.018306
4.7000178E-07,-0.021272
4.7005178E-07,-0.024074
4.7010178E-07,-0.026545
4.7015178E-07,-0.028687
4.7020178E-07,-0.030665
4.7025178E-07,-0.032477
4.7030178E-07,-0.033960
4.7035178E-07,-0.035278
4.7040178E-07,-0.036432
4.7045178E-07,-0.037585
4.7050178E-07,-0.038409
4.7055178E-07,-0.039398
4.7060178E-07,-0.040221
4.7065178E-07,-0.041045
4.7070178E-07,-0.042034
4.7075178E-07,-0.042858
4.7080178E-07,-0.043846
4.7085178E-07,-0.044670
4.7090178E-07,-0.045659
4.7095178E-07,-0.046483
4.7100178E-07,-0.047307
4.7105178E-07,-0.047966
4.7110178E-07,-0.048460
4.7115178E-07,-0.048625
4.7120178E-07,-0.048790
4.7125178E-07,-0.048460
4.7130178E-07,-0.047966
4.7135178E-07,-0.047307
4.7140178E-07,-0.046153
4.7145178E-07,-0.044835
4.7150178E-07,-0.043352
4.7155178E-07,-0.041540
4.7160178E-07,-0.039562
4.7165178E-07,-0.037585
4.7170178E-07,-0.035443
4.7175178E-07,-0.033301
4.7180178E-07,-0.031159
4.7185178E-07,-0.029182
4.7190178E-07,-0.027204
4.7195178E-07,-0.025392
4.7200178E-07,-0.023909
4.7205178E-07,-0.022426
4.7210178E-07,-0.021108
4.7215178E-07,-0.019954
4.7220178E-07,-0.018966
4.7225178E-07,-0.017977
4.7230178E-07,-0.017153
4.7235178E-07,-0.016164
4.7240178E-07,-0.015341
4.7245178E-07,-0.014187
4.7250178E-07,-0.013034
4.7255178E-07,-0.011551
4.7260178E-07,-0.010068
4.7265178E-07,-0.008255
4.7270178E-07,-0.006113
4.7275178E-07,-0.003971
4.7280178E-07,-0.001499
4.7285178E-07,0.001137
4.7290178E-07,0.003773
4.7295178E-07,0.006575
4.7300178E-07,0.009376
4.7305178E-07,0.012177
4.7310178E-07,0.014978
4.7315178E-07,0.017450
4.7320178E-07,0.019756
4.7325178E-07,0.021899
4.7330178E-07,0.023711
4.7335178E-07,0.025359
4.7340178E-07,0.026677
4.7345178E-07,0.027666
4.7350178E-07,0.028490
4.7355178E-07,0.028984
4.7360178E-07,0.029313
4.7365178E-07,0.029643
4.7370178E-07,0.029643
4.7375178E-07,0.029808
4.7380178E-07,0.029808
4.7385178E-07,0.029972
4.7390178E-07,0.030137
4.7395178E-07,0.030467
4.7400178E-07,0.030961
4.7405178E-07,0.031455
4.7410178E-07,0.032279
4.7415178E-07,0.033103
4.7420178E-07,0.033927
4.7425178E-07,0.035080
4.7430178E-07,0.036069
4.7435178E-07,0.037058
4.7440178E-07,0.038046
4.7445178E-07,0.038870
4.7450178E-07,0.039365
4.7455178E-07,0.039859
4.7460178E-07,0.039859
4.7465178E-07,0.039694
4.7470178E-07,0.039200
4.7475178E-07,0.038376
4.7480178E-07,0.037223
4.7485178E-07,0.035740
4.7490178E-07,0.034092
4.7495178E-07,0.032115
4.7500178E-07,0.029972
4.7505178E-07,0.027830
4.7510178E-07,0.025524
4.7515178E-07,0.023382
4.7520178E-07,0.021075
4.7525178E-07,0.019097
4.7530178E-07,0.017285
4.7535178E-07,0.015802
4.7540178E-07,0.014484
4.7545178E-07,0.013495
4.7550178E-07,0.012836
4.7555178E-07,0.012506
4.7560178E-07,0.012342
4.7565178E-07,0.012506
4.7570178E-07,0.013001
4.7575178E-07,0.013495
4.7580178E-07,0.014154
4.7585178E-07,0.014813
4.7590178E-07,0.015472
4.7595178E-07,0.016131
4.7600178E-07,0.016626
4.7605178E-07,0.016955
4.7610178E-07,0.017120
4.7615178E-07,0.016955
4.7620178E-07,0.016626
4.7625178E-07,0.016131
4.7630178E-07,0.015308
4.7635178E-07,0.014319
4.7640178E-07,0.013330
4.7645178E-07,0.012012
4.7650178E-07,0.010694
4.7655178E-07,0.009211
4.7660178E-07,0.007728
4.7665178E-07,0.006410
4.7670178E-07,0.004927
4.7675178E-07,0.003609
4.7680178E-07,0.002290
4.7685178E-07,0.000972
4.7690178E-07,-0.000346
4.7695178E-07,-0.001664
4.7700178E-07,-0.002818
4.7705178E-07,-0.004301
4.7710178E-07,-0.005784
4.7715178E-07,-0.007267
4.7720178E-07,-0.009079
4.7725178E-07,-0.011056
4.7730178E-07,-0.013198
4.7735178E-07,-0.015670
4.7740178E-07,-0.018142
4.7745178E-07,-0.020943
4.7750178E-07,-0.023909
4.7755178E-07,-0.026875
4.7760178E-07,-0.030005
4.7765178E-07,-0.033136
4.7770178E-07,-0.036102
4.7775178E-07,-0.038903
4.7780178E-07,-0.041375
4.7785178E-07,-0.043517
4.7790178E-07,-0.045329
4.7795178E-07,-0.046812
4.7800178E-07,-0.047636
4.7805178E-07,-0.047966
4.7810178E-07,-0.047801
4.7815178E-07,-0.047142
4.7820178E-07,-0.045989
4.7825178E-07,-0.044341
4.7830178E-07,-0.042364
4.7835178E-07,-0.039892
4.7840178E-07,-0.037256
4.7845178E-07,-0.034619
4.7850178E-07,-0.031653
4.7855178E-07,-0.028852
4.7860178E-07,-0.026051
4.7865178E-07,-0.023414
4.7870178E-07,-0.021108
4.7875178E-07,-0.018801
4.7880178E-07,-0.016988
4.7885178E-07,-0.015341
4.7890178E-07,-0.013858
4.7895178E-07,-0.012869
4.7900178E-07,-0.011880
4.7905178E-07,-0.011056
4.7910178E-07,-0.010562
4.7915178E-07,-0.009903
4.7920178E-07,-0.009409
4.7925178E-07,-0.008750
4.7930178E-07,-0.008090
4.7935178E-07,-0.007267
4.7940178E-07,-0.006278
4.7945178E-07,-0.005124
4.7950178E-07,-0.003971
4.7955178E-07,-0.002488
4.7960178E-07,-0.001005
4.7965178E-07,0.000643
4.7970178E-07,0.002126
4.7975178E-07,0.003773
4.7980178E-07,0.005256
4.7985178E-07,0.006575
4.7990178E-07,0.007893
4.7995178E-07,0.008881
4.8000178E-07,0.009540
4.8005178E-07,0.010035
4.8010178E-07,0.010200
4.8015178E-07,0.010035
4.8020178E-07,0.009540
4.8025178E-07,0.008881
4.8030178E-07,0.007893
4.8035178E-07,0.006904
4.8040178E-07,0.005586
4.8045178E-07,0.004103
4.8050178E-07,0.002785
4.8055178E-07,0.001302
4.8060178E-07,-0.000181
4.8065178E-07,-0.001664
4.8070178E-07,-0.003147
4.8075178E-07,-0.004301
4.8080178E-07,-0.005619
4.8085178E-07,-0.006772
4.8090178E-07,-0.007926
4.8095178E-07,-0.008914
4.8100178E-07,-0.009903
4.8105178E-07,-0.010892
4.8110178E-07,-0.012045
4.8115178E-07,-0.013198
4.8120178E-07,-0.014352
4.8125178E-07,-0.015670
4.8130178E-07,-0.016988
4.8135178E-07,-0.018471
4.8140178E-07,-0.019954
4.8145178E-07,-0.021602
4.8150178E-07,-0.023250
4.8155178E-07,-0.024733
4.8160178E-07,-0.026216
4.8165178E-07,-0.027699
4.8170178E-07,-0.028852
4.8175178E-07,-0.029841
4.8180178E-07,-0.030500
4.8185178E-07,-0.030829
4.8190178E-07,-0.030829
4.8195178E-07,-0.030335
4.8200178E-07,-0.029676
4.8205178E-07,-0.028358
4.8210178E-07,-0.026875
4.8215178E-07,-0.024897
4.8220178E-07,-0.022755
4.8225178E-07,-0.020119
4.8230178E-07,-0.017483
4.8235178E-07,-0.014681
4.8240178E-07,-0.011880
4.8245178E-07,-0.008914
4.8250178E-07,-0.006278
4.8255178E-07,-0.003642
4.8260178E-07,-0.001335
4.8265178E-07,0.000807
4.8270178E-07,0.002455
4.8275178E-07,0.003938
4.8280178E-07,0.004927
4.8285178E-07,0.005586
4.8290178E-07,0.005915
4.8295178E-07,0.005915
4.8300178E-07,0.005586
4.8305178E-07,0.005092
4.8310178E-07,0.004432
4.8315178E-07,0.003773
4.8320178E-07,0.002949
4.8325178E-07,0.002290
4.8330178E-07,0.001631
4.8335178E-07,0.001302
4.8340178E-07,0.000972
4.8345178E-07,0.000807
4.8350178E-07,0.000972
4.8355178E-07,0.001302
4.8360178E-07,0.001796
4.8365178E-07,0.002455
4.8370178E-07,0.003279
4.8375178E-07,0.004103
4.8380178E-07,0.005092
4.8385178E-07,0.005915
4.8390178E-07,0.006739
4.8395178E-07,0.007398
4.8400178E-07,0.007893
4.8405178E-07,0.008222
4.8410178E-07,0.008222
4.8415178E-07,0.007893
4.8420178E-07,0.007398
4.8425178E-07,0.006739
4.8430178E-07,0.005751
4.8435178E-07,0.004597
4.8440178E-07,0.003444
4.8445178E-07,0.002126
4.8450178E-07,0.000643
4.8455178E-07,-0.000676
4.8460178E-07,-0.001829
4.8465178E-07,-0.002818
4.8470178E-07,-0.003642
4.8475178E-07,-0.004301
4.8480178E-07,-0.004795
4.8485178E-07,-0.004795
4.8490178E-07,-0.004630
4.8495178E-07,-0.004301
4.8500178E-07,-0.003806
4.8505178E-07,-0.002982
4.8510178E-07,-0.002159
4.8515178E-07,-0.001170
4.8520178E-07,-0.000346
4.8525178E-07,0.000478
4.8530178E-07,0.001302
4.8535178E-07,0.001961
4.8540178E-07,0.002290
4.8545178E-07,0.002455
4.8550178E-07,0.002455
4.8555178E-07,0.002126
4.8560178E-07,0.001631
4.8565178E-07,0.001137
4.8570178E-07,0.000313
4.8575178E-07,-0.000511
4.8580178E-07,-0.001499
4.8585178E-07,-0.002323
4.8590178E-07,-0.003147
4.8595178E-07,-0.003642
4.8600178E-07,-0.004136
4.8605178E-07,-0.004301
4.8610178E-07,-0.004136
4.8615178E-07,-0.003642
4.8620178E-07,-0.002818
4.8625178E-07,-0.001829
4.8630178E-07,-0.000346
4.8635178E-07,0.001302
4.8640178E-07,0.003114
4.8645178E-07,0.005092
4.8650178E-07,0.007234
4.8655178E-07,0.009376
4.8660178E-07,0.011353
4.8665178E-07,0.013330
4.8670178E-07,0.015143
4.8675178E-07,0.016791
4.8680178E-07,0.018273
4.8685178E-07,0.019262
4.8690178E-07,0.020251
4.8695178E-07,0.020745
4.8700178E-07,0.021075
4.8705178E-07,0.021075
4.8710178E-07,0.020910
4.8715178E-07,0.020580
4.8720178E-07,0.020086
4.8725178E-07,0.019427
4.8730178E-07,0.018768
4.8735178E-07,0.018109
4.8740178E-07,0.017450
4.8745178E-07,0.016955
4.8750178E-07,0.016296
4.8755178E-07,0.015802
4.8760178E-07,0.015308
4.8765178E-07,0.014978
4.8770178E-07,0.014648
4.8775178E-07,0.014319
4.8780178E-07,0.013989
4.8785178E-07,0.013660
4.8790178E-07,0.013330
4.8795178E-07,0.012836
4.8800178E-07,0.012177
4.8805178E-07,0.011518
4.8810178E-07,0.010859
4.8815178E-07,0.010035
4.8820178E-07,0.009046
4.8825178E-07,0.008057
4.8830178E-07,0.007069
4.8835178E-07,0.006080
4.8840178E-07,0.005256
4.8845178E-07,0.004432
4.8850178E-07,0.003773
4.8855178E-07,0.003279
4.8860178E-07,0.002949
4.8865178E-07,0.002949
4.8870178E-07,0.003279
4.8875178E-07,0.003773
4.8880178E-07,0.004597
4.8885178E-07,0.005586
4.8890178E-07,0.006904
4.8895178E-07,0.008387
4.8900178E-07,0.009870
4.8905178E-07,0.011518
4.8910178E-07,0.013330
4.8915178E-07,0.014978
4.8920178E-07,0.016461
4.8925178E-07,0.017944
4.8930178E-07,0.019097
4.8935178E-07,0.020086
4.8940178E-07,0.020745
4.8945178E-07,0.021239
4.8950178E-07,0.021239
4.8955178E-07,0.021075
4.8960178E-07,0.020580
4.8965178E-07,0.019921
4.8970178E-07,0.019097
4.8975178E-07,0.017944
4.8980178E-07,0.016791
4.8985178E-07,0.015637
4.8990178E-07,0.014484
4.8995178E-07,0.013330
4.9000178E-07,0.012342
4.9005178E-07,0.011518
4.9010178E-07,0.010694
4.9015178E-07,0.010200
4.9020178E-07,0.009705
4.9025178E-07,0.009540
4.9030178E-07,0.009376
4.9035178E-07,0.009376
4.9040178E-07,0.009376
4.9045178E-07,0.009376
4.9050178E-07,0.009376
4.9055178E-07,0.009211
4.9060178E-07,0.008881
4.9065178E-07,0.008387
4.9070178E-07,0.007728
4.9075178E-07,0.006575
4.9080178E-07,0.005421
4.9085178E-07,0.003938
4.9090178E-07,0.002126
4.9095178E-07,0.000148
4.9100178E-07,-0.001829
4.9105178E-07,-0.004136
4.9110178E-07,-0.006278
4.9115178E-07,-0.008420
4.9120178E-07,-0.010397
4.9125178E-07,-0.012375
4.9130178E-07,-0.013858
4.9135178E-07,-0.015176
4.9140178E-07,-0.016000
4.9145178E-07,-0.016494
4.9150178E-07,-0.016659
4.9155178E-07,-0.016329
4.9160178E-07,-0.015670
4.9165178E-07,-0.014517
4.9170178E-07,-0.013034
4.9175178E-07,-0.011221
4.9180178E-07,-0.009409
4.9185178E-07,-0.007267
4.9190178E-07,-0.004960
4.9195178E-07,-0.002818
4.9200178E-07,-0.000511
4.9205178E-07,0.001631
4.9210178E-07,0.003773
4.9215178E-07,0.005751
4.9220178E-07,0.007563
4.9225178E-07,0.009211
4.9230178E-07,0.010859
4.9235178E-07,0.012342
4.9240178E-07,0.013989
4.9245178E-07,0.015472
4.9250178E-07,0.017285
4.9255178E-07,0.019097
4.9260178E-07,0.021404
4.9265178E-07,0.023876
4.9270178E-07,0.026677
4.9275178E-07,0.029972
4.9280178E-07,0.033762
4.9285178E-07,0.037882
4.9290178E-07,0.042660
4.9295178E-07,0.047768
4.9300178E-07,0.053370
4.9305178E-07,0.059467
4.9310178E-07,0.065729
4.9315178E-07,0.072484
4.9320178E-07,0.079405
4.9325178E-07,0.086655
4.9330178E-07,0.093905
4.9335178E-07,0.101320
4.9340178E-07,0.108735
4.9345178E-07,0.116150
4.9350178E-07,0.123729
4.9355178E-07,0.131144
4.9360178E-07,0.138724
4.9365178E-07,0.146303
4.9370178E-07,0.154048
4.9375178E-07,0.161792
4.9380178E-07,0.169866
4.9385178E-07,0.178105
4.9390178E-07,0.186673
4.9395178E-07,0.195571
4.9400178E-07,0.204963
4.9405178E-07,0.214849
4.9410178E-07,0.225065
4.9415178E-07,0.235941
4.9420178E-07,0.247310
4.9425178E-07,0.259174
4.9430178E-07,0.271367
4.9435178E-07,0.284220
4.9440178E-07,0.297402
4.9445178E-07,0.310913
4.9450178E-07,0.324589
4.9455178E-07,0.338595
4.9460178E-07,0.352766
4.9465178E-07,0.367101
4.9470178E-07,0.381437
4.9475178E-07,0.395607
4.9480178E-07,0.409942
4.9485178E-07,0.424113
4.9490178E-07,0.438284
4.9495178E-07,0.452290
4.9500178E-07,0.466460
4.9505178E-07,0.480466
4.9510178E-07,0.494472
4.9515178E-07,0.508478
4.9520178E-07,0.522648
4.9525178E-07,0.536984
4.9530178E-07,0.551319
4.9535178E-07,0.565984
4.9540178E-07,0.580649
4.9545178E-07,0.595643
4.9550178E-07,0.610803
4.9555178E-07,0.626127
4.9560178E-07,0.641615
4.9565178E-07,0.657104
4.9570178E-07,0.672593
4.9575178E-07,0.688082
4.9580178E-07,0.703406
4.9585178E-07,0.718565
4.9590178E-07,0.733395
4.9595178E-07,0.747895
4.9600178E-07,0.761901
4.9605178E-07,0.775577
4.9610178E-07,0.788594
4.9615178E-07,0.801117
4.9620178E-07,0.812981
4.9625178E-07,0.824350
4.9630178E-07,0.835225
4.9635178E-07,0.845606
4.9640178E-07,0.855328
4.9645178E-07,0.864720
4.9650178E-07,0.873783
4.9655178E-07,0.882351
4.9660178E-07,0.890755
4.9665178E-07,0.898828
4.9670178E-07,0.906738
4.9675178E-07,0.914482
4.9680178E-07,0.922226
4.9685178E-07,0.929641
4.9690178E-07,0.937056
4.9695178E-07,0.944306
4.9700178E-07,0.951227
4.9705178E-07,0.958147
4.9710178E-07,0.964573
4.9715178E-07,0.970670
4.9720178E-07,0.976437
4.9725178E-07,0.981545
4.9730178E-07,0.986324
4.9735178E-07,0.990278
4.9740178E-07,0.993739
4.9745178E-07,0.996375
4.9750178E-07,0.998352
4.9755178E-07,0.999506
4.9760178E-07,1.000000
4.9765178E-07,0.999670
4.9770178E-07,0.998847
4.9775178E-07,0.997199
4.9780178E-07,0.995222
4.9785178E-07,0.992585
4.9790178E-07,0.989619
4.9795178E-07,0.986324
4.9800178E-07,0.982699
4.9805178E-07,0.978909
4.9810178E-07,0.974954
4.9815178E-07,0.971000
4.9820178E-07,0.966880
4.9825178E-07,0.962926
4.9830178E-07,0.958971
4.9835178E-07,0.955017
4.9840178E-07,0.951062
4.9845178E-07,0.946943
4.9850178E-07,0.942988
4.9855178E-07,0.938869
4.9860178E-07,0.934585
4.9865178E-07,0.930136
4.9870178E-07,0.925522
4.9875178E-07,0.920579
4.9880178E-07,0.915471
4.9885178E-07,0.909868
4.9890178E-07,0.904101
4.9895178E-07,0.898005
4.9900178E-07,0.891578
4.9905178E-07,0.884823
4.9910178E-07,0.877902
4.9915178E-07,0.870817
4.9920178E-07,0.863567
4.9925178E-07,0.856317
4.9930178E-07,0.849067
4.9935178E-07,0.841816
4.9940178E-07,0.834731
4.9945178E-07,0.827811
4.9950178E-07,0.821055
4.9955178E-07,0.814629
4.9960178E-07,0.808202
4.9965178E-07,0.802271
4.9970178E-07,0.796339
4.9975178E-07,0.790736
4.9980178E-07,0.785299
4.9985178E-07,0.780026
4.9990178E-07,0.774753
4.9995178E-07,0.769480
5.0000178E-07,0.764372
5.0005178E-07,0.759100
5.0010178E-07,0.753662
5.0015178E-07,0.748225
5.0020178E-07,0.742622
5.0025178E-07,0.736855
5.0030178E-07,0.730923
5.0035178E-07,0.724827
5.0040178E-07,0.718730
5.0045178E-07,0.712468
5.0050178E-07,0.706207
5.0055178E-07,0.700110
5.0060178E-07,0.694014
5.0065178E-07,0.688082
5.0070178E-07,0.682315
5.0075178E-07,0.676712
5.0080178E-07,0.671440
5.0085178E-07,0.666496
5.0090178E-07,0.661883
5.0095178E-07,0.657434
5.0100178E-07,0.653314
5.0105178E-07,0.649525
5.0110178E-07,0.645735
5.0115178E-07,0.642275
5.0120178E-07,0.638979
5.0125178E-07,0.635684
5.0130178E-07,0.632553
5.0135178E-07,0.629257
5.0140178E-07,0.626127
5.0145178E-07,0.622831
5.0150178E-07,0.619536
5.0155178E-07,0.616240
5.0160178E-07,0.612945
5.0165178E-07,0.609649
5.0170178E-07,0.606354
5.0175178E-07,0.603223
5.0180178E-07,0.600422
5.0185178E-07,0.597621
5.0190178E-07,0.595314
5.0195178E-07,0.593172
5.0200178E-07,0.591524
5.0205178E-07,0.590371
5.0210178E-07,0.589382
5.0215178E-07,0.589052
5.0220178E-07,0.589052
5.0225178E-07,0.589382
5.0230178E-07,0.590041
5.0235178E-07,0.590865
5.0240178E-07,0.591854
5.0245178E-07,0.592842
5.0250178E-07,0.593666
5.0255178E-07,0.594325
5.0260178E-07,0.594655
5.0265178E-07,0.594655
5.0270178E-07,0.593996
5.0275178E-07,0.592842
5.0280178E-07,0.590865
5.0285178E-07,0.588229
5.0290178E-07,0.584933
5.0295178E-07,0.580814
5.0300178E-07,0.575870
5.0305178E-07,0.570268
5.0310178E-07,0.564007
5.0315178E-07,0.557086
5.0320178E-07,0.549836
5.0325178E-07,0.542092
5.0330178E-07,0.534018
5.0335178E-07,0.525614
5.0340178E-07,0.517211
5.0345178E-07,0.508807
5.0350178E-07,0.500239
5.0355178E-07,0.491835
5.0360178E-07,0.483597
5.0365178E-07,0.475523
5.0370178E-07,0.467614
5.0375178E-07,0.459869
5.0380178E-07,0.452125
5.0385178E-07,0.444710
5.0390178E-07,0.437295
5.0395178E-07,0.430045
5.0400178E-07,0.422795
5.0405178E-07,0.415380
5.0410178E-07,0.408130
5.0415178E-07,0.400715
5.0420178E-07,0.393300
5.0425178E-07,0.385721
5.0430178E-07,0.378141
5.0435178E-07,0.370561
5.0440178E-07,0.362982
5.0445178E-07,0.355402
5.0450178E-07,0.347823
5.0455178E-07,0.340572
5.0460178E-07,0.333487
5.0465178E-07,0.326731
5.0470178E-07,0.320305
5.0475178E-07,0.314373
5.0480178E-07,0.308771
5.0485178E-07,0.303828
5.0490178E-07,0.299379
5.0495178E-07,0.295424
5.0500178E-07,0.292129
5.0505178E-07,0.289328
5.0510178E-07,0.287185
5.0515178E-07,0.285373
5.0520178E-07,0.284055
5.0525178E-07,0.283231
5.0530178E-07,0.282572
5.0535178E-07,0.282242
5.0540178E-07,0.282242
5.0545178E-07,0.282242
5.0550178E-07,0.282407
5.0555178E-07,0.282572
5.0560178E-07,0.282901
5.0565178E-07,0.283066
5.0570178E-07,0.283396
5.0575178E-07,0.283560
5.0580178E-07,0.283725
5.0585178E-07,0.284055
5.0590178E-07,0.284384
5.0595178E-07,0.284879
5.0600178E-07,0.285538
5.0605178E-07,0.286197
5.0610178E-07,0.287185
5.0615178E-07,0.288339
5.0620178E-07,0.289822
5.0625178E-07,0.291470
5.0630178E-07,0.293282
5.0635178E-07,0.295259
5.0640178E-07,0.297402
5.0645178E-07,0.299708
5.0650178E-07,0.302015
5.0655178E-07,0.304322
5.0660178E-07,0.306629
5.0665178E-07,0.308606
5.0670178E-07,0.310583
5.0675178E-07,0.312066
5.0680178E-07,0.313220
5.0685178E-07,0.314044
5.0690178E-07,0.314538
5.0695178E-07,0.314373
5.0700178E-07,0.314044
5.0705178E-07,0.313220
5.0710178E-07,0.311902
5.0715178E-07,0.310419
5.0720178E-07,0.308606
5.0725178E-07,0.306629
5.0730178E-07,0.304487
5.0735178E-07,0.302345
5.0740178E-07,0.300203
5.0745178E-07,0.298061
5.0750178E-07,0.296083
5.0755178E-07,0.294271
5.0760178E-07,0.292623
5.0765178E-07,0.291140
5.0770178E-07,0.289987
5.0775178E-07,0.288998
5.0780178E-07,0.288009
5.0785178E-07,0.287185
5.0790178E-07,0.286526
5.0795178E-07,0.285867
5.0800178E-07,0.285043
5.0805178E-07,0.284220
5.0810178E-07,0.283231
5.0815178E-07,0.282077
5.0820178E-07,0.280759
5.0825178E-07,0.279276
5.0830178E-07,0.277629
5.0835178E-07,0.275651
5.0840178E-07,0.273674
5.0845178E-07,0.271532
5.0850178E-07,0.269390
5.0855178E-07,0.267413
5.0860178E-07,0.265435
5.0865178E-07,0.263623
5.0870178E-07,0.261975
5.0875178E-07,0.260657
5.0880178E-07,0.259833
5.0885178E-07,0.259174
5.0890178E-07,0.259009
5.0895178E-07,0.259339
5.0900178E-07,0.259833
5.0905178E-07,0.260822
5.0910178E-07,0.261975
5.0915178E-07,0.263293
5.0920178E-07,0.264941
5.0925178E-07,0.266424
5.0930178E-07,0.267907
5.0935178E-07,0.269225
5.0940178E-07,0.270378
5.0945178E-07,0.271038
5.0950178E-07,0.271367
5.0955178E-07,0.271202
5.0960178E-07,0.270708
5.0965178E-07,0.269555
5.0970178E-07,0.267742
5.0975178E-07,0.265600
5.0980178E-07,0.262799
5.0985178E-07,0.259668
5.0990178E-07,0.256208
5.0995178E-07,0.252253
5.1000178E-07,0.247969
5.1005178E-07,0.243685
5.1010178E-07,0.239236
5.1015178E-07,0.234622
5.1020178E-07,0.230009
5.1025178E-07,0.225395
5.1030178E-07,0.220946
5.1035178E-07,0.216497
5.1040178E-07,0.212213
5.1045178E-07,0.207929
5.1050178E-07,0.203810
5.1055178E-07,0.199690
5.1060178E-07,0.195571
5.1065178E-07,0.191616
5.1070178E-07,0.187497
5.1075178E-07,0.183378
5.1080178E-07,0.179258
5.1085178E-07,0.175139
5.1090178E-07,0.170855
5.1095178E-07,0.166571
5.1100178E-07,0.162286
5.1105178E-07,0.158167
5.1110178E-07,0.154048
5.1115178E-07,0.149928
5.1120178E-07,0.146303
5.1125178E-07,0.142843
5.1130178E-07,0.139712
5.1135178E-07,0.137076
5.1140178E-07,0.134769
5.1145178E-07,0.133121
5.1150178E-07,0.131968
5.1155178E-07,0.131309
5.1160178E-07,0.131309
5.1165178E-07,0.131968
5.1170178E-07,0.132957
5.1175178E-07,0.134440
5.1180178E-07,0.136417
5.1185178E-07,0.138724
5.1190178E-07,0.141195
5.1195178E-07,0.143832
5.1200178E-07,0.146633
5.1205178E-07,0.149269
5.1210178E-07,0.151906
5.1215178E-07,0.154377
5.1220178E-07,0.156519
5.1225178E-07,0.158332
5.1230178E-07,0.159980
5.1235178E-07,0.161298
5.1240178E-07,0.162286
5.1245178E-07,0.162781
5.1250178E-07,0.163110
5.1255178E-07,0.163275
5.1260178E-07,0.163110
5.1265178E-07,0.162946
5.1270178E-07,0.162616
5.1275178E-07,0.162451
5.1280178E-07,0.162122
5.1285178E-07,0.162122
5.1290178E-07,0.162122
5.1295178E-07,0.162286
5.1300178E-07,0.162781
5.1305178E-07,0.163440
5.1310178E-07,0.164428
5.1315178E-07,0.165417
5.1320178E-07,0.166735
5.1325178E-07,0.168054
5.1330178E-07,0.169536
5.1335178E-07,0.171019
5.1340178E-07,0.172502
5.1345178E-07,0.173985
5.1350178E-07,0.175139
5.1355178E-07,0.176127
5.1360178E-07,0.176951
5.1365178E-07,0.177281
5.1370178E-07,0.177446
5.1375178E-07,0.177281
5.1380178E-07,0.176787
5.1385178E-07,0.175798
5.1390178E-07,0.174644
5.1395178E-07,0.172997
5.1400178E-07,0.171349
5.1405178E-07,0.169372
5.1410178E-07,0.167065
5.1415178E-07,0.164758
5.1420178E-07,0.162451
5.1425178E-07,0.159980
5.1430178E-07,0.157673
5.1435178E-07,0.155201
5.1440178E-07,0.152894
5.1445178E-07,0.150587
5.1450178E-07,0.148281
5.1455178E-07,0.146139
5.1460178E-07,0.143996
5.1465178E-07,0.141854
5.1470178E-07,0.139712
5.1475178E-07,0.137735
5.1480178E-07,0.135593
5.1485178E-07,0.133451
5.1490178E-07,0.131144
5.1495178E-07,0.128837
5.1500178E-07,0.126530
5.1505178E-07,0.124059
5.1510178E-07,0.121587
5.1515178E-07,0.119115
5.1520178E-07,0.116644
5.1525178E-07,0.114337
5.1530178E-07,0.111865
5.1535178E-07,0.109723
5.1540178E-07,0.107581
5.1545178E-07,0.105604
5.1550178E-07,0.103956
5.1555178E-07,0.102473
5.1560178E-07,0.101155
5.1565178E-07,0.100166
5.1570178E-07,0.099343
5.1575178E-07,0.098683
5.1580178E-07,0.098024
5.1585178E-07,0.097695
5.1590178E-07,0.097365
5.1595178E-07,0.096871
5.1600178E-07,0.096541
5.1605178E-07,0.095882
5.1610178E-07,0.095223
5.1615178E-07,0.094235
5.1620178E-07,0.093081
5.1625178E-07,0.091598
5.1630178E-07,0.089786
5.1635178E-07,0.087973
5.1640178E-07,0.085666
5.1645178E-07,0.083359
5.1650178E-07,0.080888
5.1655178E-07,0.078416
5.1660178E-07,0.075945
5.1665178E-07,0.073638
5.1670178E-07,0.071496
5.1675178E-07,0.069518
5.1680178E-07,0.068035
5.1685178E-07,0.066882
5.1690178E-07,0.066223
5.1695178E-07,0.066223
5.1700178E-07,0.066552
5.1705178E-07,0.067376
5.1710178E-07,0.068859
5.1715178E-07,0.070672
5.1720178E-07,0.072814
5.1725178E-07,0.075285
5.1730178E-07,0.078087
5.1735178E-07,0.081053
5.1740178E-07,0.084019
5.1745178E-07,0.086820
5.1750178E-07,0.089621
5.1755178E-07,0.092257
5.1760178E-07,0.094564
5.1765178E-07,0.096541
5.1770178E-07,0.098189
5.1775178E-07,0.099507
5.1780178E-07,0.100331
5.1785178E-07,0.100990
5.1790178E-07,0.101155
5.1795178E-07,0.100990
5.1800178E-07,0.100826
5.1805178E-07,0.100331
5.1810178E-07,0.099837
5.1815178E-07,0.099178
5.1820178E-07,0.098519
5.1825178E-07,0.098024
5.1830178E-07,0.097530
5.1835178E-07,0.097365
5.1840178E-07,0.097200
5.1845178E-07,0.097200
5.1850178E-07,0.097365
5.1855178E-07,0.097695
5.1860178E-07,0.098189
5.1865178E-07,0.098683
5.1870178E-07,0.099178
5.1875178E-07,0.099672
5.1880178E-07,0.100331
5.1885178E-07,0.100661
5.1890178E-07,0.100990
5.1895178E-07,0.101155
5.1900178E-07,0.101320
5.1905178E-07,0.101320
5.1910178E-07,0.101155
5.1915178E-07,0.100826
5.1920178E-07,0.100661
5.1925178E-07,0.100331
5.1930178E-07,0.100002
5.1935178E-07,0.099837
5.1940178E-07,0.099672
5.1945178E-07,0.099837
5.1950178E-07,0.100002
5.1955178E-07,0.100661
5.1960178E-07,0.101320
5.1965178E-07,0.102308
5.1970178E-07,0.103627
5.1975178E-07,0.105110
5.1980178E-07,0.106922
5.1985178E-07,0.108735
5.1990178E-07,0.110712
5.1995178E-07,0.112854
5.2000178E-07,0.114831
5.2005178E-07,0.116809
5.2010178E-07,0.118621
5.2015178E-07,0.120269
5.2020178E-07,0.121587
5.2025178E-07,0.122576
5.2030178E-07,0.123400
5.2035178E-07,0.123729
5.2040178E-07,0.123729
5.2045178E-07,0.123235
5.2050178E-07,0.122576
5.2055178E-07,0.121587
5.2060178E-07,0.120269
5.2065178E-07,0.118951
5.2070178E-07,0.117303
5.2075178E-07,0.115655
5.2080178E-07,0.113843
5.2085178E-07,0.112195
5.2090178E-07,0.110712
5.2095178E-07,0.109229
5.2100178E-07,0.107911
5.2105178E-07,0.106757
5.2110178E-07,0.105934
5.2115178E-07,0.105110
5.2120178E-07,0.104451
5.2125178E-07,0.103791
5.2130178E-07,0.103132
5.2135178E-07,0.102638
5.2140178E-07,0.101979
5.2145178E-07,0.100990
5.2150178E-07,0.100002
5.2155178E-07,0.098519
5.2160178E-07,0.096871
5.2165178E-07,0.094894
5.2170178E-07,0.092422
5.2175178E-07,0.089621
5.2180178E-07,0.086490
5.2185178E-07,0.083030
5.2190178E-07,0.079405
5.2195178E-07,0.075450
5.2200178E-07,0.071331
5.2205178E-07,0.067212
5.2210178E-07,0.063257
5.2215178E-07,0.059302
5.2220178E-07,0.055677
5.2225178E-07,0.052382
5.2230178E-07,0.049581
5.2235178E-07,0.047109
5.2240178E-07,0.045297
5.2245178E-07,0.043978
5.2250178E-07,0.043154
5.2255178E-07,0.042825
5.2260178E-07,0.043154
5.2265178E-07,0.043814
5.2270178E-07,0.044967
5.2275178E-07,0.046285
5.2280178E-07,0.047933
5.2285178E-07,0.049745
5.2290178E-07,0.051723
5.2295178E-07,0.053535
5.2300178E-07,0.055348
5.2305178E-07,0.056996
5.2310178E-07,0.058643
5.2315178E-07,0.059961
5.2320178E-07,0.061115
5.2325178E-07,0.061939
5.2330178E-07,0.062763
5.2335178E-07,0.063257
5.2340178E-07,0.063751
5.2345178E-07,0.064081
5.2350178E-07,0.064410
5.2355178E-07,0.064740
5.2360178E-07,0.065069
5.2365178E-07,0.065729
5.2370178E-07,0.066388
5.2375178E-07,0.067212
5.2380178E-07,0.068200
5.2385178E-07,0.069354
5.2390178E-07,0.070672
5.2395178E-07,0.072155
5.2400178E-07,0.073638
5.2405178E-07,0.075285
5.2410178E-07,0.076768
5.2415178E-07,0.078416
5.2420178E-07,0.079734
5.2425178E-07,0.081053
5.2430178E-07,0.082041
5.2435178E-07,0.082865
5.2440178E-07,0.083524
5.2445178E-07,0.083689
5.2450178E-07,0.083854
5.2455178E-07,0.083524
5.2460178E-07,0.083030
5.2465178E-07,0.082371
5.2470178E-07,0.081547
5.2475178E-07,0.080558
5.2480178E-07,0.079405
5.2485178E-07,0.078251
5.2490178E-07,0.077098
5.2495178E-07,0.075945
5.2500178E-07,0.074791
5.2505178E-07,0.073638
5.2510178E-07,0.072649
5.2515178E-07,0.071660
5.2520178E-07,0.070672
5.2525178E-07,0.069848
5.2530178E-07,0.068859
5.2535178E-07,0.067706
5.2540178E-07,0.066552
5.2545178E-07,0.065234
5.2550178E-07,0.063751
5.2555178E-07,0.061939
5.2560178E-07,0.059961
5.2565178E-07,0.057655
5.2570178E-07,0.055018
5.2575178E-07,0.052217
5.2580178E-07,0.049251
5.2585178E-07,0.045956
5.2590178E-07,0.042660
5.2595178E-07,0.039200
5.2600178E-07,0.035740
5.2605178E-07,0.032279
5.2610178E-07,0.028984
5.2615178E-07,0.026018
5.2620178E-07,0.023217
5.2625178E-07,0.020745
5.2630178E-07,0.018768
5.2635178E-07,0.017285
5.2640178E-07,0.016131
5.2645178E-07,0.015637
5.2650178E-07,0.015472
5.2655178E-07,0.015802
5.2660178E-07,0.016626
5.2665178E-07,0.017944
5.2670178E-07,0.019427
5.2675178E-07,0.021239
5.2680178E-07,0.023217
5.2685178E-07,0.025359
5.2690178E-07,0.027501
5.2695178E-07,0.029643
5.2700178E-07,0.031620
5.2705178E-07,0.033433
5.2710178E-07,0.035080
5.2715178E-07,0.036563
5.2720178E-07,0.037717
5.2725178E-07,0.038541
5.2730178E-07,0.039200
5.2735178E-07,0.039529
5.2740178E-07,0.039694
5.2745178E-07,0.039694
5.2750178E-07,0.039529
5.2755178E-07,0.039365
5.2760178E-07,0.039035
5.2765178E-07,0.038541
5.2770178E-07,0.038211
5.2775178E-07,0.037882
5.2780178E-07,0.037717
5.2785178E-07,0.037552
5.2790178E-07,0.037552
5.2795178E-07,0.037552
5.2800178E-07,0.037717
5.2805178E-07,0.038046
5.2810178E-07,0.038211
5.2815178E-07,0.038541
5.2820178E-07,0.038870
5.2825178E-07,0.039200
5.2830178E-07,0.039529
5.2835178E-07,0.039859
5.2840178E-07,0.040189
5.2845178E-07,0.040353
5.2850178E-07,0.040518
5.2855178E-07,0.040683
5.2860178E-07,0.040683
5.2865178E-07,0.040848
5.2870178E-07,0.041012
5.2875178E-07,0.041342
5.2880178E-07,0.041671
5.2885178E-07,0.042166
5.2890178E-07,0.042825
5.2895178E-07,0.043814
5.2900178E-07,0.044802
5.2905178E-07,0.046285
5.2910178E-07,0.047768
5.2915178E-07,0.049581
5.2920178E-07,0.051723
5.2925178E-07,0.053865
5.2930178E-07,0.056336
5.2935178E-07,0.058973
5.2940178E-07,0.061609
5.2945178E-07,0.064246
5.2950178E-07,0.067047
5.2955178E-07,0.069683
5.2960178E-07,0.072320
5.2965178E-07,0.074791
5.2970178E-07,0.077098
5.2975178E-07,0.079240
5.2980178E-07,0.081217
5.2985178E-07,0.082865
5.2990178E-07,0.084513
5.2995178E-07,0.085996
5.3000178E-07,0.087149
5.3005178E-07,0.088303
5.3010178E-07,0.089456
5.3015178E-07,0.090610
5.3020178E-07,0.091763
5.3025178E-07,0.092916
5.3030178E-07,0.094235
5.3035178E-07,0.095553
5.3040178E-07,0.097200
5.3045178E-07,0.098848
5.3050178E-07,0.100826
5.3055178E-07,0.102968
5.3060178E-07,0.105110
5.3065178E-07,0.107417
5.3070178E-07,0.109888
5.3075178E-07,0.112195
5.3080178E-07,0.114667
5.3085178E-07,0.116973
5.3090178E-07,0.119115
5.3095178E-07,0.120928
5.3100178E-07,0.122576
5.3105178E-07,0.123894
5.3110178E-07,0.124883
5.3115178E-07,0.125542
5.3120178E-07,0.125706
5.3125178E-07,0.125542
5.3130178E-07,0.125047
5.3135178E-07,0.124224
5.3140178E-07,0.123070
5.3145178E-07,0.121752
5.3150178E-07,0.120104
5.3155178E-07,0.118292
5.3160178E-07,0.116479
5.3165178E-07,0.114502
5.3170178E-07,0.112689
5.3175178E-07,0.110712
5.3180178E-07,0.109064
5.3185178E-07,0.107252
5.3190178E-07,0.105769
5.3195178E-07,0.104286
5.3200178E-07,0.102968
5.3205178E-07,0.101649
5.3210178E-07,0.100496
5.3215178E-07,0.099343
5.3220178E-07,0.098189
5.3225178E-07,0.097036
5.3230178E-07,0.095882
5.3235178E-07,0.094564
5.3240178E-07,0.093246
5.3245178E-07,0.091763
5.3250178E-07,0.090115
5.3255178E-07,0.088467
5.3260178E-07,0.086655
5.3265178E-07,0.084842
5.3270178E-07,0.082865
5.3275178E-07,0.081053
5.3280178E-07,0.079240
5.3285178E-07,0.077428
5.3290178E-07,0.075780
5.3295178E-07,0.074297
5.3300178E-07,0.072814
5.3305178E-07,0.071660
5.3310178E-07,0.070672
5.3315178E-07,0.069848
5.3320178E-07,0.069189
5.3325178E-07,0.068530
5.3330178E-07,0.068035
5.3335178E-07,0.067541
5.3340178E-07,0.067047
5.3345178E-07,0.066552
5.3350178E-07,0.065729
5.3355178E-07,0.064740
5.3360178E-07,0.063422
5.3365178E-07,0.061939
5.3370178E-07,0.059961
5.3375178E-07,0.057819
5.3380178E-07,0.055183
5.3385178E-07,0.052052
5.3390178E-07,0.048757
5.3395178E-07,0.045132
5.3400178E-07,0.041177
5.3405178E-07,0.037223
5.3410178E-07,0.033103
5.3415178E-07,0.028819
5.3420178E-07,0.024864
5.3425178E-07,0.020910
5.3430178E-07,0.017120
5.3435178E-07,0.013825
5.3440178E-07,0.010859
5.3445178E-07,0.008387
5.3450178E-07,0.006245
5.3455178E-07,0.004762
5.3460178E-07,0.003773
5.3465178E-07,0.003279
5.3470178E-07,0.003279
5.3475178E-07,0.003773
5.3480178E-07,0.004597
5.3485178E-07,0.005751
5.3490178E-07,0.007069
5.3495178E-07,0.008717
5.3500178E-07,0.010529
5.3505178E-07,0.012177
5.3510178E-07,0.013989
5.3515178E-07,0.015637
5.3520178E-07,0.017120
5.3525178E-07,0.018438
5.3530178E-07,0.019592
5.3535178E-07,0.020580
5.3540178E-07,0.021239
5.3545178E-07,0.021734
5.3550178E-07,0.022063
5.3555178E-07,0.022228
5.3560178E-07,0.022393
5.3565178E-07,0.022393
5.3570178E-07,0.022228
5.3575178E-07,0.022228
5.3580178E-07,0.022393
5.3585178E-07,0.022558
5.3590178E-07,0.022722
5.3595178E-07,0.023217
5.3600178E-07,0.023711
5.3605178E-07,0.024535
5.3610178E-07,0.025524
5.3615178E-07,0.026512
5.3620178E-07,0.027830
5.3625178E-07,0.029149
5.3630178E-07,0.030632
5.3635178E-07,0.032115
5.3640178E-07,0.033598
5.3645178E-07,0.035245
5.3650178E-07,0.036728
5.3655178E-07,0.038376
5.3660178E-07,0.039859
5.3665178E-07,0.041342
5.3670178E-07,0.042825
5.3675178E-07,0.044308
5.3680178E-07,0.045791
5.3685178E-07,0.047274
5.3690178E-07,0.048922
5.3695178E-07,0.050569
5.3700178E-07,0.052217
5.3705178E-07,0.054030
5.3710178E-07,0.056007
5.3715178E-07,0.057984
5.3720178E-07,0.060126
5.3725178E-07,0.062433
5.3730178E-07,0.064740
5.3735178E-07,0.067047
5.3740178E-07,0.069518
5.3745178E-07,0.071825
5.3750178E-07,0.074132
5.3755178E-07,0.076109
5.3760178E-07,0.078087
5.3765178E-07,0.079734
5.3770178E-07,0.081217
5.3775178E-07,0.082371
5.3780178E-07,0.083195
5.3785178E-07,0.083524
5.3790178E-07,0.083689
5.3795178E-07,0.083359
5.3800178E-07,0.082700
5.3805178E-07,0.081876
5.3810178E-07,0.080723
5.3815178E-07,0.079405
5.3820178E-07,0.078087
5.3825178E-07,0.076439
5.3830178E-07,0.074956
5.3835178E-07,0.073473
5.3840178E-07,0.072155
5.3845178E-07,0.071001
5.3850178E-07,0.070013
5.3855178E-07,0.069189
5.3860178E-07,0.068530
5.3865178E-07,0.068200
5.3870178E-07,0.068035
5.3875178E-07,0.068035
5.3880178E-07,0.068200
5.3885178E-07,0.068530
5.3890178E-07,0.068859
5.3895178E-07,0.069189
5.3900178E-07,0.069518
5.3905178E-07,0.069518
5.3910178E-07,0.069518
5.3915178E-07,0.069354
5.3920178E-07,0.068859
5.3925178E-07,0.068200
5.3930178E-07,0.067212
5.3935178E-07,0.066058
5.3940178E-07,0.064740
5.3945178E-07,0.063092
5.3950178E-07,0.061444
5.3955178E-07,0.059632
5.3960178E-07,0.057819
5.3965178E-07,0.056007
5.3970178E-07,0.054359
5.3975178E-07,0.052711
5.3980178E-07,0.051393
5.3985178E-07,0.050075
5.3990178E-07,0.049086
5.3995178E-07,0.048262
5.4000178E-07,0.047768
5.4005178E-07,0.047274
5.4010178E-07,0.047109
5.4015178E-07,0.047109
5.4020178E-07,0.047109
5.4025178E-07,0.047109
5.4030178E-07,0.047109
5.4035178E-07,0.047109
5.4040178E-07,0.046944
5.4045178E-07,0.046615
5.4050178E-07,0.046120
5.4055178E-07,0.045461
5.4060178E-07,0.044473
5.4065178E-07,0.043154
5.4070178E-07,0.041836
5.4075178E-07,0.040189
5.4080178E-07,0.038376
5.4085178E-07,0.036399
5.4090178E-07,0.034257
5.4095178E-07,0.032115
5.4100178E-07,0.030137
5.4105178E-07,0.027995
5.4110178E-07,0.026018
5.4115178E-07,0.024205
5.4120178E-07,0.022558
5.4125178E-07,0.021075
5.4130178E-07,0.019756
5.4135178E-07,0.018603
5.4140178E-07,0.017779
5.4145178E-07,0.016955
5.4150178E-07,0.016296
5.4155178E-07,0.015802
5.4160178E-07,0.015308
5.4165178E-07,0.014813
5.4170178E-07,0.014319
5.4175178E-07,0.013825
5.4180178E-07,0.013330
5.4185178E-07,0.012671
5.4190178E-07,0.011847
5.4195178E-07,0.011023
5.4200178E-07,0.010035
5.4205178E-07,0.008881
5.4210178E-07,0.007728
5.4215178E-07,0.006575
5.4220178E-07,0.005421
5.4225178E-07,0.004103
5.4230178E-07,0.002949
5.4235178E-07,0.001961
5.4240178E-07,0.000972
5.4245178E-07,0.000148
5.4250178E-07,-0.000511
5.4255178E-07,-0.001005
5.4260178E-07,-0.001335
5.4265178E-07,-0.001499
5.4270178E-07,-0.001499
5.4275178E-07,-0.001499
5.4280178E-07,-0.001335
5.4285178E-07,-0.001170
5.4290178E-07,-0.000840
5.4295178E-07,-0.000676
5.4300178E-07,-0.000511
5.4305178E-07,-0.000511
5.4310178E-07,-0.000676
5.4315178E-07,-0.000840
5.4320178E-07,-0.001170
5.4325178E-07,-0.001664
5.4330178E-07,-0.002323
5.4335178E-07,-0.002982
5.4340178E-07,-0.003806
5.4345178E-07,-0.004795
5.4350178E-07,-0.005619
5.4355178E-07,-0.006278
5.4360178E-07,-0.007102
5.4365178E-07,-0.007596
5.4370178E-07,-0.007926
5.4375178E-07,-0.007926
5.4380178E-07,-0.007761
5.4385178E-07,-0.007431
5.4390178E-07,-0.006607
5.4395178E-07,-0.005619
5.4400178E-07,-0.004301
5.4405178E-07,-0.002653
5.4410178E-07,-0.000840
5.4415178E-07,0.000972
5.4420178E-07,0.003114
5.4425178E-07,0.005092
5.4430178E-07,0.007234
5.4435178E-07,0.009046
5.4440178E-07,0.010859
5.4445178E-07,0.012506
5.4450178E-07,0.013825
5.4455178E-07,0.014978
5.4460178E-07,0.015637
5.4465178E-07,0.016131
5.4470178E-07,0.016131
5.4475178E-07,0.015967
5.4480178E-07,0.015472
5.4485178E-07,0.014648
5.4490178E-07,0.013825
5.4495178E-07,0.012671
5.4500178E-07,0.011518
5.4505178E-07,0.010364
5.4510178E-07,0.009046
5.4515178E-07,0.008057
5.4520178E-07,0.007069
5.4525178E-07,0.006245
5.4530178E-07,0.005586
5.4535178E-07,0.005256
5.4540178E-07,0.004927
5.4545178E-07,0.004927
5.4550178E-07,0.005092
5.4555178E-07,0.005586
5.4560178E-07,0.006080
5.4565178E-07,0.006739
5.4570178E-07,0.007398
5.4575178E-07,0.008057
5.4580178E-07,0.008717
5.4585178E-07,0.009540
5.4590178E-07,0.010035
5.4595178E-07,0.010694
5.4600178E-07,0.011023
5.4605178E-07,0.011353
5.4610178E-07,0.011683
5.4615178E-07,0.011847
5.4620178E-07,0.011847
5.4625178E-07,0.012012
5.4630178E-07,0.012012
5.4635178E-07,0.012012
5.4640178E-07,0.012012
5.4645178E-07,0.012177
5.4650178E-07,0.012342
5.4655178E-07,0.012506
5.4660178E-07,0.012836
5.4665178E-07,0.013330
5.4670178E-07,0.013989
5.4675178E-07,0.014648
5.4680178E-07,0.015308
5.4685178E-07,0.016131
5.4690178E-07,0.017120
5.4695178E-07,0.017944
5.4700178E-07,0.018768
5.4705178E-07,0.019592
5.4710178E-07,0.020416
5.4715178E-07,0.021239
5.4720178E-07,0.021899
5.4725178E-07,0.022558
5.4730178E-07,0.023217
5.4735178E-07,0.023711
5.4740178E-07,0.024205
5.4745178E-07,0.024864
5.4750178E-07,0.025359
5.4755178E-07,0.026018
5.4760178E-07,0.026677
5.4765178E-07,0.027666
5.4770178E-07,0.028654
5.4775178E-07,0.029972
5.4780178E-07,0.031291
5.4785178E-07,0.032938
5.4790178E-07,0.034751
5.4795178E-07,0.036893
5.4800178E-07,0.039035
5.4805178E-07,0.041342
5.4810178E-07,0.043814
5.4815178E-07,0.046285
5.4820178E-07,0.048757
5.4825178E-07,0.051064
5.4830178E-07,0.053206
5.4835178E-07,0.055348
5.4840178E-07,0.056996
5.4845178E-07,0.058478
5.4850178E-07,0.059632
5.4855178E-07,0.060291
5.4860178E-07,0.060621
5.4865178E-07,0.060621
5.4870178E-07,0.060291
5.4875178E-07,0.059632
5.4880178E-07,0.058643
5.4885178E-07,0.057325
5.4890178E-07,0.055842
5.4895178E-07,0.054359
5.4900178E-07,0.052711
5.4905178E-07,0.051228
5.4910178E-07,0.049745
5.4915178E-07,0.048427
5.4920178E-07,0.047439
5.4925178E-07,0.046450
5.4930178E-07,0.045956
5.4935178E-07,0.045626
5.4940178E-07,0.045791
5.4945178E-07,0.046120
5.4950178E-07,0.046779
5.4955178E-07,0.047768
5.4960178E-07,0.049086
5.4965178E-07,0.050405
5.4970178E-07,0.052052
5.4975178E-07,0.053700
5.4980178E-07,0.055348
5.4985178E-07,0.057160
5.4990178E-07,0.058808
5.4995178E-07,0.060291
5.5000178E-07,0.061774
5.5005178E-07,0.063092
5.5010178E-07,0.064410
5.5015178E-07,0.065399
5.5020178E-07,0.066223
5.5025178E-07,0.066882
5.5030178E-07,0.067212
5.5035178E-07,0.067706
5.5040178E-07,0.067871
5.5045178E-07,0.067871
5.5050178E-07,0.067871
5.5055178E-07,0.067871
5.5060178E-07,0.067706
5.5065178E-07,0.067541
5.5070178E-07,0.067212
5.5075178E-07,0.067047
5.5080178E-07,0.066552
5.5085178E-07,0.066223
5.5090178E-07,0.065729
5.5095178E-07,0.065069
5.5100178E-07,0.064246
5.5105178E-07,0.063422
5.5110178E-07,0.062268
5.5115178E-07,0.061115
5.5120178E-07,0.059632
5.5125178E-07,0.057819
5.5130178E-07,0.056007
5.5135178E-07,0.053700
5.5140178E-07,0.051393
5.5145178E-07,0.048922
5.5150178E-07,0.046120
5.5155178E-07,0.043319
5.5160178E-07,0.040353
5.5165178E-07,0.037387
5.5170178E-07,0.034586
5.5175178E-07,0.031620
5.5180178E-07,0.028984
5.5185178E-07,0.026347
5.5190178E-07,0.024041
5.5195178E-07,0.021899
5.5200178E-07,0.020086
5.5205178E-07,0.018603
5.5210178E-07,0.017450
5.5215178E-07,0.016461
5.5220178E-07,0.015802
5.5225178E-07,0.015472
5.5230178E-07,0.015472
5.5235178E-07,0.015472
5.5240178E-07,0.015802
5.5245178E-07,0.016296
5.5250178E-07,0.016791
5.5255178E-07,0.017285
5.5260178E-07,0.017944
5.5265178E-07,0.018438
5.5270178E-07,0.018933
5.5275178E-07,0.019262
5.5280178E-07,0.019592
5.5285178E-07,0.019756
5.5290178E-07,0.019756
5.5295178E-07,0.019756
5.5300178E-07,0.019592
5.5305178E-07,0.019262
5.5310178E-07,0.018933
5.5315178E-07,0.018438
5.5320178E-07,0.017944
5.5325178E-07,0.017450
5.5330178E-07,0.016791
5.5335178E-07,0.016296
5.5340178E-07,0.015472
5.5345178E-07,0.014813
5.5350178E-07,0.014154
5.5355178E-07,0.013330
5.5360178E-07,0.012342
5.5365178E-07,0.011353
5.5370178E-07,0.010200
5.5375178E-07,0.009046
5.5380178E-07,0.007728
5.5385178E-07,0.006245
5.5390178E-07,0.004597
5.5395178E-07,0.002785
5.5400178E-07,0.000972
5.5405178E-07,-0.001005
5.5410178E-07,-0.003147
5.5415178E-07,-0.005124
5.5420178E-07,-0.007267
5.5425178E-07,-0.009244
5.5430178E-07,-0.011221
5.5435178E-07,-0.012869
5.5440178E-07,-0.014352
5.5445178E-07,-0.015670
5.5450178E-07,-0.016659
5.5455178E-07,-0.017153
5.5460178E-07,-0.017483
5.5465178E-07,-0.017318
5.5470178E-07,-0.016823
5.5475178E-07,-0.015835
5.5480178E-07,-0.014517
5.5485178E-07,-0.012869
5.5490178E-07,-0.011056
5.5495178E-07,-0.008914
5.5500178E-07,-0.006607
5.5505178E-07,-0.004136
5.5510178E-07,-0.001664
5.5515178E-07,0.000807
5.5520178E-07,0.003279
5.5525178E-07,0.005586
5.5530178E-07,0.007728
5.5535178E-07,0.009705
5.5540178E-07,0.011353
5.5545178E-07,0.012836
5.5550178E-07,0.013989
5.5555178E-07,0.014813
5.5560178E-07,0.015472
5.5565178E-07,0.015802
5.5570178E-07,0.015802
5.5575178E-07,0.015802
5.5580178E-07,0.015472
5.5585178E-07,0.015143
5.5590178E-07,0.014484
5.5595178E-07,0.013825
5.5600178E-07,0.013165
5.5605178E-07,0.012342
5.5610178E-07,0.011518
5.5615178E-07,0.010694
5.5620178E-07,0.009705
5.5625178E-07,0.008881
5.5630178E-07,0.007893
5.5635178E-07,0.006904
5.5640178E-07,0.005751
5.5645178E-07,0.004597
5.5650178E-07,0.003444
5.5655178E-07,0.002126
5.5660178E-07,0.000643
5.5665178E-07,-0.000676
5.5670178E-07,-0.002159
5.5675178E-07,-0.003642
5.5680178E-07,-0.005124
5.5685178E-07,-0.006607
5.5690178E-07,-0.007926
5.5695178E-07,-0.009079
5.5700178E-07,-0.010068
5.5705178E-07,-0.010892
5.5710178E-07,-0.011551
5.5715178E-07,-0.011715
5.5720178E-07,-0.011551
5.5725178E-07,-0.011221
5.5730178E-07,-0.010397
5.5735178E-07,-0.009244
5.5740178E-07,-0.007596
5.5745178E-07,-0.005784
5.5750178E-07,-0.003642
5.5755178E-07,-0.001170
5.5760178E-07,0.001631
5.5765178E-07,0.004432
5.5770178E-07,0.007398
5.5775178E-07,0.010364
5.5780178E-07,0.013330
5.5785178E-07,0.016131
5.5790178E-07,0.018933
5.5795178E-07,0.021404
5.5800178E-07,0.023711
5.5805178E-07,0.025688
5.5810178E-07,0.027501
5.5815178E-07,0.028984
5.5820178E-07,0.030137
5.5825178E-07,0.030961
5.5830178E-07,0.031620
5.5835178E-07,0.031950
5.5840178E-07,0.032279
5.5845178E-07,0.032444
5.5850178E-07,0.032444
5.5855178E-07,0.032444
5.5860178E-07,0.032444
5.5865178E-07,0.032444
5.5870178E-07,0.032609
5.5875178E-07,0.032774
5.5880178E-07,0.033103
5.5885178E-07,0.033598
5.5890178E-07,0.034092
5.5895178E-07,0.034751
5.5900178E-07,0.035575
5.5905178E-07,0.036399
5.5910178E-07,0.037223
5.5915178E-07,0.037882
5.5920178E-07,0.038706
5.5925178E-07,0.039200
5.5930178E-07,0.039694
5.5935178E-07,0.039859
5.5940178E-07,0.040024
5.5945178E-07,0.039859
5.5950178E-07,0.039365
5.5955178E-07,0.038870
5.5960178E-07,0.038046
5.5965178E-07,0.037058
5.5970178E-07,0.036069
5.5975178E-07,0.034916
5.5980178E-07,0.033762
5.5985178E-07,0.032774
5.5990178E-07,0.031785
5.5995178E-07,0.030961
5.6000178E-07,0.030302
5.6005178E-07,0.029972
5.6010178E-07,0.029972
5.6015178E-07,0.030302
5.6020178E-07,0.030961
5.6025178E-07,0.031785
5.6030178E-07,0.033103
5.6035178E-07,0.034586
5.6040178E-07,0.036399
5.6045178E-07,0.038376
5.6050178E-07,0.040518
5.6055178E-07,0.042825
5.6060178E-07,0.044967
5.6065178E-07,0.047274
5.6070178E-07,0.049251
5.6075178E-07,0.051228
5.6080178E-07,0.052876
5.6085178E-07,0.054359
5.6090178E-07,0.055513
5.6095178E-07,0.056336
5.6100178E-07,0.056831
5.6105178E-07,0.057160
5.6110178E-07,0.056996
5.6115178E-07,0.056666
5.6120178E-07,0.056007
5.6125178E-07,0.055183
5.6130178E-07,0.054030
5.6135178E-07,0.052876
5.6140178E-07,0.051393
5.6145178E-07,0.049910
5.6150178E-07,0.048427
5.6155178E-07,0.046779
5.6160178E-07,0.045132
5.6165178E-07,0.043319
5.6170178E-07,0.041671
5.6175178E-07,0.039859
5.6180178E-07,0.037882
5.6185178E-07,0.036069
5.6190178E-07,0.034092
5.6195178E-07,0.032115
5.6200178E-07,0.029972
5.6205178E-07,0.027830
5.6210178E-07,0.025688
5.6215178E-07,0.023382
5.6220178E-07,0.021239
5.6225178E-07,0.018933
5.6230178E-07,0.016791
5.6235178E-07,0.014813
5.6240178E-07,0.012836
5.6245178E-07,0.011023
5.6250178E-07,0.009376
5.6255178E-07,0.008057
5.6260178E-07,0.007069
5.6265178E-07,0.006245
5.6270178E-07,0.005915
5.6275178E-07,0.005751
5.6280178E-07,0.005915
5.6285178E-07,0.006575
5.6290178E-07,0.007398
5.6295178E-07,0.008387
5.6300178E-07,0.009705
5.6305178E-07,0.011188
5.6310178E-07,0.012836
5.6315178E-07,0.014484
5.6320178E-07,0.016296
5.6325178E-07,0.017944
5.6330178E-07,0.019427
5.6335178E-07,0.020910
5.6340178E-07,0.022228
5.6345178E-07,0.023382
5.6350178E-07,0.024205
5.6355178E-07,0.024864
5.6360178E-07,0.025359
5.6365178E-07,0.025688
5.6370178E-07,0.025853
5.6375178E-07,0.025853
5.6380178E-07,0.025853
5.6385178E-07,0.025853
5.6390178E-07,0.025688
5.6395178E-07,0.025524
5.6400178E-07,0.025524
5.6405178E-07,0.025688
5.6410178E-07,0.025853
5.6415178E-07,0.026183
5.6420178E-07,0.026512
5.6425178E-07,0.027171
5.6430178E-07,0.027830
5.6435178E-07,0.028654
5.6440178E-07,0.029643
5.6445178E-07,0.030632
5.6450178E-07,0.031620
5.6455178E-07,0.032444
5.6460178E-07,0.033433
5.6465178E-07,0.034257
5.6470178E-07,0.034916
5.6475178E-07,0.035575
5.6480178E-07,0.035904
5.6485178E-07,0.036234
5.6490178E-07,0.036234
5.6495178E-07,0.036069
5.6500178E-07,0.035904
5.6505178E-07,0.035410
5.6510178E-07,0.034916
5.6515178E-07,0.034257
5.6520178E-07,0.033598
5.6525178E-07,0.032774
5.6530178E-07,0.032115
5.6535178E-07,0.031455
5.6540178E-07,0.030796
5.6545178E-07,0.030302
5.6550178E-07,0.029808
5.6555178E-07,0.029478
5.6560178E-07,0.029313
5.6565178E-07,0.029149
5.6570178E-07,0.029149
5.6575178E-07,0.029313
5.6580178E-07,0.029478
5.6585178E-07,0.029643
5.6590178E-07,0.029972
5.6595178E-07,0.030137
5.6600178E-07,0.030302
5.6605178E-07,0.030467
5.6610178E-07,0.030467
5.6615178E-07,0.030467
5.6620178E-07,0.030137
5.6625178E-07,0.029808
5.6630178E-07,0.029313
5.6635178E-07,0.028819
5.6640178E-07,0.027995
5.6645178E-07,0.027171
5.6650178E-07,0.026347
5.6655178E-07,0.025524
5.6660178E-07,0.024535
5.6665178E-07,0.023711
5.6670178E-07,0.022887
5.6675178E-07,0.022228
5.6680178E-07,0.021734
5.6685178E-07,0.021239
5.6690178E-07,0.021075
5.6695178E-07,0.021075
5.6700178E-07,0.021239
5.6705178E-07,0.021569
5.6710178E-07,0.022228
5.6715178E-07,0.022887
5.6720178E-07,0.023876
5.6725178E-07,0.024864
5.6730178E-07,0.026018
5.6735178E-07,0.027171
5.6740178E-07,0.028490
5.6745178E-07,0.029643
5.6750178E-07,0.030796
5.6755178E-07,0.032115
5.6760178E-07,0.033103
5.6765178E-07,0.034092
5.6770178E-07,0.035080
5.6775178E-07,0.035904
5.6780178E-07,0.036563
5.6785178E-07,0.037223
5.6790178E-07,0.037717
5.6795178E-07,0.038046
5.6800178E-07,0.038376
5.6805178E-07,0.038706
5.6810178E-07,0.038870
5.6815178E-07,0.038870
5.6820178E-07,0.039035
5.6825178E-07,0.038870
5.6830178E-07,0.038870
5.6835178E-07,0.038706
5.6840178E-07,0.038376
5.6845178E-07,0.038046
5.6850178E-07,0.037717
5.6855178E-07,0.037223
5.6860178E-07,0.036563
5.6865178E-07,0.035740
5.6870178E-07,0.034916
5.6875178E-07,0.033762
5.6880178E-07,0.032609
5.6885178E-07,0.031291
5.6890178E-07,0.029972
5.6895178E-07,0.028325
5.6900178E-07,0.026842
5.6905178E-07,0.025194
5.6910178E-07,0.023546
5.6915178E-07,0.021899
5.6920178E-07,0.020251
5.6925178E-07,0.018603
5.6930178E-07,0.017285
5.6935178E-07,0.015967
5.6940178E-07,0.014813
5.6945178E-07,0.013989
5.6950178E-07,0.013330
5.6955178E-07,0.012836
5.6960178E-07,0.012671
5.6965178E-07,0.012506
5.6970178E-07,0.012836
5.6975178E-07,0.013165
5.6980178E-07,0.013660
5.6985178E-07,0.014319
5.6990178E-07,0.015143
5.6995178E-07,0.015967
5.7000178E-07,0.016791
5.7005178E-07,0.017779
5.7010178E-07,0.018438
5.7015178E-07,0.019262
5.7020178E-07,0.019921
5.7025178E-07,0.020416
5.7030178E-07,0.020910
5.7035178E-07,0.021239
5.7040178E-07,0.021404
5.7045178E-07,0.021404
5.7050178E-07,0.021404
5.7055178E-07,0.021239
5.7060178E-07,0.021075
5.7065178E-07,0.020910
5.7070178E-07,0.020580
5.7075178E-07,0.020416
5.7080178E-07,0.020251
5.7085178E-07,0.020086
5.7090178E-07,0.020086
5.7095178E-07,0.020086
5.7100178E-07,0.020251
5.7105178E-07,0.020416
5.7110178E-07,0.020745
5.7115178E-07,0.021075
5.7120178E-07,0.021569
5.7125178E-07,0.022063
5.7130178E-07,0.022558
5.7135178E-07,0.023052
5.7140178E-07,0.023546
5.7145178E-07,0.023876
5.7150178E-07,0.024370
5.7155178E-07,0.024864
5.7160178E-07,0.025194
5.7165178E-07,0.025524
5.7170178E-07,0.025853
5.7175178E-07,0.026183
5.7180178E-07,0.026347
5.7185178E-07,0.026677
5.7190178E-07,0.027007
5.7195178E-07,0.027336
5.7200178E-07,0.027830
5.7205178E-07,0.028160
5.7210178E-07,0.028819
5.7215178E-07,0.029313
5.7220178E-07,0.029972
5.7225178E-07,0.030796
5.7230178E-07,0.031455
5.7235178E-07,0.032279
5.7240178E-07,0.033103
5.7245178E-07,0.033762
5.7250178E-07,0.034421
5.7255178E-07,0.034916
5.7260178E-07,0.035245
5.7265178E-07,0.035410
5.7270178E-07,0.035245
5.7275178E-07,0.034916
5.7280178E-07,0.034257
5.7285178E-07,0.033103
5.7290178E-07,0.031785
5.7295178E-07,0.029972
5.7300178E-07,0.027830
5.7305178E-07,0.025359
5.7310178E-07,0.022558
5.7315178E-07,0.019427
5.7320178E-07,0.015967
5.7325178E-07,0.012506
5.7330178E-07,0.008717
5.7335178E-07,0.004927
5.7340178E-07,0.001137
5.7345178E-07,-0.002653
5.7350178E-07,-0.006443
5.7355178E-07,-0.010068
5.7360178E-07,-0.013363
5.7365178E-07,-0.016494
5.7370178E-07,-0.019460
5.7375178E-07,-0.022096
5.7380178E-07,-0.024238
5.7385178E-07,-0.026216
5.7390178E-07,-0.028028
5.7395178E-07,-0.029346
5.7400178E-07,-0.030500
5.7405178E-07,-0.031324
5.7410178E-07,-0.031983
5.7415178E-07,-0.032477
5.7420178E-07,-0.032642
5.7425178E-07,-0.032807
5.7430178E-07,-0.032971
5.7435178E-07,-0.032971
5.7440178E-07,-0.032807
5.7445178E-07,-0.032642
5.7450178E-07,-0.032477
5.7455178E-07,-0.032312
5.7460178E-07,-0.031983
5.7465178E-07,-0.031488
5.7470178E-07,-0.030994
5.7475178E-07,-0.030500
5.7480178E-07,-0.029676
5.7485178E-07,-0.028852
5.7490178E-07,-0.027699
5.7495178E-07,-0.026545
5.7500178E-07,-0.025062
5.7505178E-07,-0.023579
5.7510178E-07,-0.021767
5.7515178E-07,-0.019954
5.7520178E-07,-0.017812
5.7525178E-07,-0.015670
5.7530178E-07,-0.013528
5.7535178E-07,-0.011221
5.7540178E-07,-0.008914
5.7545178E-07,-0.006772
5.7550178E-07,-0.004630
5.7555178E-07,-0.002653
5.7560178E-07,-0.000676
5.7565178E-07,0.000972
5.7570178E-07,0.002620
5.7575178E-07,0.003938
5.7580178E-07,0.005256
5.7585178E-07,0.006410
5.7590178E-07,0.007398
5.7595178E-07,0.008387
5.7600178E-07,0.009211
5.7605178E-07,0.010200
5.7610178E-07,0.011023
5.7615178E-07,0.012012
5.7620178E-07,0.013165
5.7625178E-07,0.014319
5.7630178E-07,0.015802
5.7635178E-07,0.017285
5.7640178E-07,0.018933
5.7645178E-07,0.020745
5.7650178E-07,0.022722
5.7655178E-07,0.024700
5.7660178E-07,0.026677
5.7665178E-07,0.028654
5.7670178E-07,0.030467
5.7675178E-07,0.032279
5.7680178E-07,0.033927
5.7685178E-07,0.035245
5.7690178E-07,0.036399
5.7695178E-07,0.037223
5.7700178E-07,0.037717
5.7705178E-07,0.038046
5.7710178E-07,0.037882
5.7715178E-07,0.037387
5.7720178E-07,0.036728
5.7725178E-07,0.035740
5.7730178E-07,0.034421
5.7735178E-07,0.033103
5.7740178E-07,0.031785
5.7745178E-07,0.030302
5.7750178E-07,0.028819
5.7755178E-07,0.027336
5.7760178E-07,0.026018
5.7765178E-07,0.024864
5.7770178E-07,0.024041
5.7775178E-07,0.023217
5.7780178E-07,0.022722
5.7785178E-07,0.022558
5.7790178E-07,0.022558
5.7795178E-07,0.022722
5.7800178E-07,0.023052
5.7805178E-07,0.023711
5.7810178E-07,0.024370
5.7815178E-07,0.025029
5.7820178E-07,0.026018
5.7825178E-07,0.026842
5.7830178E-07,0.027666
5.7835178E-07,0.028490
5.7840178E-07,0.029313
5.7845178E-07,0.029972
5.7850178E-07,0.030632
5.7855178E-07,0.031126
5.7860178E-07,0.031620
5.7865178E-07,0.031950
5.7870178E-07,0.032279
5.7875178E-07,0.032444
5.7880178E-07,0.032774
5.7885178E-07,0.032938
5.7890178E-07,0.032938
5.7895178E-07,0.033103
5.7900178E-07,0.033103
5.7905178E-07,0.033268
5.7910178E-07,0.033103
5.7915178E-07,0.033103
5.7920178E-07,0.032938
5.7925178E-07,0.032774
5.7930178E-07,0.032279
5.7935178E-07,0.031785
5.7940178E-07,0.031126
5.7945178E-07,0.030137
5.7950178E-07,0.028984
5.7955178E-07,0.027666
5.7960178E-07,0.026183
5.7965178E-07,0.024370
5.7970178E-07,0.022393
5.7975178E-07,0.020086
5.7980178E-07,0.017779
5.7985178E-07,0.015308
5.7990178E-07,0.012671
5.7995178E-07,0.010035
5.8000178E-07,0.007563
5.8005178E-07,0.004927
5.8010178E-07,0.002620
5.8015178E-07,0.000313
5.8020178E-07,-0.001664
5.8025178E-07,-0.003312
5.8030178E-07,-0.004795
5.8035178E-07,-0.005784
5.8040178E-07,-0.006443
5.8045178E-07,-0.006772
5.8050178E-07,-0.006772
5.8055178E-07,-0.006278
5.8060178E-07,-0.005619
5.8065178E-07,-0.004630
5.8070178E-07,-0.003312
5.8075178E-07,-0.001829
5.8080178E-07,-0.000346
5.8085178E-07,0.001302
5.8090178E-07,0.003114
5.8095178E-07,0.004762
5.8100178E-07,0.006410
5.8105178E-07,0.007893
5.8110178E-07,0.009376
5.8115178E-07,0.010694
5.8120178E-07,0.011847
5.8125178E-07,0.012836
5.8130178E-07,0.013825
5.8135178E-07,0.014648
5.8140178E-07,0.015472
5.8145178E-07,0.016131
5.8150178E-07,0.016791
5.8155178E-07,0.017614
5.8160178E-07,0.018438
5.8165178E-07,0.019262
5.8170178E-07,0.020251
5.8175178E-07,0.021404
5.8180178E-07,0.022722
5.8185178E-07,0.024205
5.8190178E-07,0.025688
5.8195178E-07,0.027336
5.8200178E-07,0.028984
5.8205178E-07,0.030796
5.8210178E-07,0.032444
5.8215178E-07,0.034092
5.8220178E-07,0.035575
5.8225178E-07,0.036893
5.8230178E-07,0.038046
5.8235178E-07,0.038870
5.8240178E-07,0.039365
5.8245178E-07,0.039694
5.8250178E-07,0.039529
5.8255178E-07,0.039200
5.8260178E-07,0.038376
5.8265178E-07,0.037387
5.8270178E-07,0.036234
5.8275178E-07,0.034751
5.8280178E-07,0.033103
5.8285178E-07,0.031291
5.8290178E-07,0.029478
5.8295178E-07,0.027666
5.8300178E-07,0.025853
5.8305178E-07,0.024205
5.8310178E-07,0.022722
5.8315178E-07,0.021404
5.8320178E-07,0.020251
5.8325178E-07,0.019427
5.8330178E-07,0.018768
5.8335178E-07,0.018273
5.8340178E-07,0.017944
5.8345178E-07,0.017944
5.8350178E-07,0.017944
5.8355178E-07,0.018109
5.8360178E-07,0.018273
5.8365178E-07,0.018438
5.8370178E-07,0.018603
5.8375178E-07,0.018768
5.8380178E-07,0.018933
5.8385178E-07,0.018933
5.8390178E-07,0.018768
5.8395178E-07,0.018603
5.8400178E-07,0.018273
5.8405178E-07,0.017944
5.8410178E-07,0.017450
5.8415178E-07,0.016955
5.8420178E-07,0.016296
5.8425178E-07,0.015802
5.8430178E-07,0.015143
5.8435178E-07,0.014648
5.8440178E-07,0.014319
5.8445178E-07,0.013989
5.8450178E-07,0.013825
5.8455178E-07,0.013660
5.8460178E-07,0.013660
5.8465178E-07,0.013825
5.8470178E-07,0.014154
5.8475178E-07,0.014484
5.8480178E-07,0.014978
5.8485178E-07,0.015637
5.8490178E-07,0.016296
5.8495178E-07,0.016955
5.8500178E-07,0.017614
5.8505178E-07,0.018273
5.8510178E-07,0.018933
5.8515178E-07,0.019592
5.8520178E-07,0.020086
5.8525178E-07,0.020580
5.8530178E-07,0.021239
5.8535178E-07,0.021569
5.8540178E-07,0.022063
5.8545178E-07,0.022393
5.8550178E-07,0.022722
5.8555178E-07,0.023217
5.8560178E-07,0.023546
5.8565178E-07,0.023876
5.8570178E-07,0.024205
5.8575178E-07,0.024535
5.8580178E-07,0.024864
5.8585178E-07,0.025029
5.8590178E-07,0.025359
5.8595178E-07,0.025524
5.8600178E-07,0.025688
5.8605178E-07,0.025853
5.8610178E-07,0.025853
5.8615178E-07,0.025688
5.8620178E-07,0.025524
5.8625178E-07,0.025029
5.8630178E-07,0.024535
5.8635178E-07,0.023876
5.8640178E-07,0.023052
5.8645178E-07,0.022063
5.8650178E-07,0.020910
5.8655178E-07,0.019592
5.8660178E-07,0.018273
5.8665178E-07,0.016955
5.8670178E-07,0.015637
5.8675178E-07,0.014319
5.8680178E-07,0.013001
5.8685178E-07,0.011847
5.8690178E-07,0.010859
5.8695178E-07,0.010200
5.8700178E-07,0.009705
5.8705178E-07,0.009540
5.8710178E-07,0.009540
5.8715178E-07,0.010035
5.8720178E-07,0.010694
5.8725178E-07,0.011847
5.8730178E-07,0.013165
5.8735178E-07,0.014813
5.8740178E-07,0.016791
5.8745178E-07,0.018933
5.8750178E-07,0.021239
5.8755178E-07,0.023711
5.8760178E-07,0.026183
5.8765178E-07,0.028819
5.8770178E-07,0.031291
5.8775178E-07,0.033927
5.8780178E-07,0.036234
5.8785178E-07,0.038541
5.8790178E-07,0.040848
5.8795178E-07,0.042825
5.8800178E-07,0.044637
5.8805178E-07,0.046450
5.8810178E-07,0.047933
5.8815178E-07,0.049251
5.8820178E-07,0.050569
5.8825178E-07,0.051723
5.8830178E-07,0.052711
5.8835178E-07,0.053700
5.8840178E-07,0.054524
5.8845178E-07,0.055513
5.8850178E-07,0.056336
5.8855178E-07,0.056996
5.8860178E-07,0.057819
5.8865178E-07,0.058643
5.8870178E-07,0.059302
5.8875178E-07,0.059961
5.8880178E-07,0.060456
5.8885178E-07,0.060950
5.8890178E-07,0.061280
5.8895178E-07,0.061444
5.8900178E-07,0.061444
5.8905178E-07,0.061280
5.8910178E-07,0.060950
5.8915178E-07,0.060291
5.8920178E-07,0.059632
5.8925178E-07,0.058643
5.8930178E-07,0.057490
5.8935178E-07,0.056336
5.8940178E-07,0.055018
5.8945178E-07,0.053535
5.8950178E-07,0.052052
5.8955178E-07,0.050569
5.8960178E-07,0.049251
5.8965178E-07,0.047933
5.8970178E-07,0.046615
5.8975178E-07,0.045626
5.8980178E-07,0.044802
5.8985178E-07,0.043978
5.8990178E-07,0.043484
5.8995178E-07,0.043319
5.9000178E-07,0.043154
5.9005178E-07,0.043154
5.9010178E-07,0.043319
5.9015178E-07,0.043649
5.9020178E-07,0.043978
5.9025178E-07,0.044473
5.9030178E-07,0.044802
5.9035178E-07,0.045132
5.9040178E-07,0.045297
5.9045178E-07,0.045297
5.9050178E-07,0.045297
5.9055178E-07,0.045132
5.9060178E-07,0.044802
5.9065178E-07,0.044308
5.9070178E-07,0.043649
5.9075178E-07,0.042825
5.9080178E-07,0.042001
5.9085178E-07,0.041012
5.9090178E-07,0.039859
5.9095178E-07,0.038870
5.9100178E-07,0.037717
5.9105178E-07,0.036728
5.9110178E-07,0.035575
5.9115178E-07,0.034586
5.9120178E-07,0.033762
5.9125178E-07,0.032774
5.9130178E-07,0.032115
5.9135178E-07,0.031291
5.9140178E-07,0.030467
5.9145178E-07,0.029808
5.9150178E-07,0.029149
5.9155178E-07,0.028325
5.9160178E-07,0.027501
5.9165178E-07,0.026677
5.9170178E-07,0.025688
5.9175178E-07,0.024535
5.9180178E-07,0.023382
5.9185178E-07,0.022063
5.9190178E-07,0.020580
5.9195178E-07,0.019097
5.9200178E-07,0.017614
5.9205178E-07,0.016131
5.9210178E-07,0.014484
5.9215178E-07,0.013001
5.9220178E-07,0.011518
5.9225178E-07,0.010200
5.9230178E-07,0.009046
5.9235178E-07,0.007893
5.9240178E-07,0.007069
5.9245178E-07,0.006245
5.9250178E-07,0.005751
5.9255178E-07,0.005256
5.9260178E-07,0.005092
5.9265178E-07,0.004927
5.9270178E-07,0.004762
5.9275178E-07,0.004762
5.9280178E-07,0.004762
5.9285178E-07,0.004597
5.9290178E-07,0.004597
5.9295178E-07,0.004268
5.9300178E-07,0.003938
5.9305178E-07,0.003444
5.9310178E-07,0.002785
5.9315178E-07,0.001961
5.9320178E-07,0.001137
5.9325178E-07,-0.000016
5.9330178E-07,-0.001005
5.9335178E-07,-0.002159
5.9340178E-07,-0.003312
5.9345178E-07,-0.004465
5.9350178E-07,-0.005454
5.9355178E-07,-0.006278
5.9360178E-07,-0.006937
5.9365178E-07,-0.007267
5.9370178E-07,-0.007431
5.9375178E-07,-0.007102
5.9380178E-07,-0.006772
5.9385178E-07,-0.005948
5.9390178E-07,-0.004960
5.9395178E-07,-0.003642
5.9400178E-07,-0.002159
5.9405178E-07,-0.000511
5.9410178E-07,0.001302
5.9415178E-07,0.003279
5.9420178E-07,0.005092
5.9425178E-07,0.006739
5.9430178E-07,0.008552
5.9435178E-07,0.010035
5.9440178E-07,0.011188
5.9445178E-07,0.012342
5.9450178E-07,0.013001
5.9455178E-07,0.013660
5.9460178E-07,0.013825
5.9465178E-07,0.013825
5.9470178E-07,0.013660
5.9475178E-07,0.013165
5.9480178E-07,0.012671
5.9485178E-07,0.012012
5.9490178E-07,0.011188
5.9495178E-07,0.010529
5.9500178E-07,0.009870
5.9505178E-07,0.009376
5.9510178E-07,0.009046
5.9515178E-07,0.008881
5.9520178E-07,0.008881
5.9525178E-07,0.009211
5.9530178E-07,0.009705
5.9535178E-07,0.010529
5.9540178E-07,0.011518
5.9545178E-07,0.012836
5.9550178E-07,0.014319
5.9555178E-07,0.015802
5.9560178E-07,0.017614
5.9565178E-07,0.019262
5.9570178E-07,0.021239
5.9575178E-07,0.023052
5.9580178E-07,0.024864
5.9585178E-07,0.026512
5.9590178E-07,0.028160
5.9595178E-07,0.029643
5.9600178E-07,0.030961
5.9605178E-07,0.032279
5.9610178E-07,0.033433
5.9615178E-07,0.034257
5.9620178E-07,0.035080
5.9625178E-07,0.035904
5.9630178E-07,0.036563
5.9635178E-07,0.037058
5.9640178E-07,0.037717
5.9645178E-07,0.038211
5.9650178E-07,0.038706
5.9655178E-07,0.039200
5.9660178E-07,0.039694
5.9665178E-07,0.040353
5.9670178E-07,0.040848
5.9675178E-07,0.041507
5.9680178E-07,0.042331
5.9685178E-07,0.042990
5.9690178E-07,0.043649
5.9695178E-07,0.044473
5.9700178E-07,0.045132
5.9705178E-07,0.045791
5.9710178E-07,0.046450
5.9715178E-07,0.046944
5.9720178E-07,0.047439
5.9725178E-07,0.047768
5.9730178E-07,0.048098
5.9735178E-07,0.048262
5.9740178E-07,0.048262
5.9745178E-07,0.048262
5.9750178E-07,0.048262
5.9755178E-07,0.048098
5.9760178E-07,0.047768
5.9765178E-07,0.047439
5.9770178E-07,0.047274
5.9775178E-07,0.046944
5.9780178E-07,0.046615
5.9785178E-07,0.046285
5.9790178E-07,0.045956
5.9795178E-07,0.045791
5.9800178E-07,0.045626
5.9805178E-07,0.045297
5.9810178E-07,0.045132
5.9815178E-07,0.045132
5.9820178E-07,0.044802
5.9825178E-07,0.044637
5.9830178E-07,0.044473
5.9835178E-07,0.044143
5.9840178E-07,0.043814
5.9845178E-07,0.043319
5.9850178E-07,0.042660
5.9855178E-07,0.041836
5.9860178E-07,0.041012
5.9865178E-07,0.040024
5.9870178E-07,0.038870
5.9875178E-07,0.037717
5.9880178E-07,0.036399
5.9885178E-07,0.035080
5.9890178E-07,0.033762
5.9895178E-07,0.032279
5.9900178E-07,0.030961
5.9905178E-07,0.029643
5.9910178E-07,0.028490
5.9915178E-07,0.027336
5.9920178E-07,0.026347
5.9925178E-07,0.025524
5.9930178E-07,0.024864
5.9935178E-07,0.024535
5.9940178E-07,0.024041
5.9945178E-07,0.023876
5.9950178E-07,0.023711
5.9955178E-07,0.023711
5.9960178E-07,0.023711
5.9965178E-07,0.023711
5.9970178E-07,0.023711
5.9975178E-07,0.023711
5.9980178E-07,0.023546
5.9985178E-07,0.023217
5.9990178E-07,0.022722
5.9995178E-07,0.022228
6.0000178E-07,0.021404
6.0005178E-07,0.020416
6.0010178E-07,0.019097
6.0015178E-07,0.017779
6.0020178E-07,0.016296
6.0025178E-07,0.014813
6.0030178E-07,0.013165
6.0035178E-07,0.011518
6.0040178E-07,0.009705
6.0045178E-07,0.008057
6.0050178E-07,0.006575
6.0055178E-07,0.005092
6.0060178E-07,0.003773
6.0065178E-07,0.002455
6.0070178E-07,0.001466
6.0075178E-07,0.000643
6.0080178E-07,-0.000016
6.0085178E-07,-0.000511
6.0090178E-07,-0.000840
6.0095178E-07,-0.001170
6.0100178E-07,-0.001335
6.0105178E-07,-0.001664
6.0110178E-07,-0.001829
6.0115178E-07,-0.002159
6.0120178E-07,-0.002488
6.0125178E-07,-0.002982
6.0130178E-07,-0.003642
6.0135178E-07,-0.004630
6.0140178E-07,-0.005784
6.0145178E-07,-0.007102
6.0150178E-07,-0.008750
6.0155178E-07,-0.010562
6.0160178E-07,-0.012539
6.0165178E-07,-0.014846
6.0170178E-07,-0.017318
6.0175178E-07,-0.019789
6.0180178E-07,-0.022591
6.0185178E-07,-0.025227
6.0190178E-07,-0.028028
6.0195178E-07,-0.030665
6.0200178E-07,-0.033301
6.0205178E-07,-0.035937
6.0210178E-07,-0.038244
6.0215178E-07,-0.040551
6.0220178E-07,-0.042693
6.0225178E-07,-0.044670
6.0230178E-07,-0.046318
6.0235178E-07,-0.047966
6.0240178E-07,-0.049449
6.0245178E-07,-0.050602
6.0250178E-07,-0.051756
6.0255178E-07,-0.052580
6.0260178E-07,-0.053403
6.0265178E-07,-0.054063
6.0270178E-07,-0.054722
6.0275178E-07,-0.055051
6.0280178E-07,-0.055381
6.0285178E-07,-0.055710
6.0290178E-07,-0.055710
6.0295178E-07,-0.055710
6.0300178E-07,-0.055545
6.0305178E-07,-0.055051
6.0310178E-07,-0.054557
6.0315178E-07,-0.053898
6.0320178E-07,-0.052909
6.0325178E-07,-0.051756
6.0330178E-07,-0.050437
6.0335178E-07,-0.048955
6.0340178E-07,-0.047307
6.0345178E-07,-0.045659
6.0350178E-07,-0.043682
6.0355178E-07,-0.041704
6.0360178E-07,-0.039727
6.0365178E-07,-0.037750
6.0370178E-07,-0.035937
6.0375178E-07,-0.034125
6.0380178E-07,-0.032642
6.0385178E-07,-0.031159
6.0390178E-07,-0.030005
6.0395178E-07,-0.029182
6.0400178E-07,-0.028687
6.0405178E-07,-0.028358
6.0410178E-07,-0.028358
6.0415178E-07,-0.028687
6.0420178E-07,-0.029346
6.0425178E-07,-0.030005
6.0430178E-07,-0.030994
6.0435178E-07,-0.031983
6.0440178E-07,-0.033136
6.0445178E-07,-0.034290
6.0450178E-07,-0.035278
6.0455178E-07,-0.036267
6.0460178E-07,-0.037091
6.0465178E-07,-0.037585
6.0470178E-07,-0.037750
6.0475178E-07,-0.037750
6.0480178E-07,-0.037420
6.0485178E-07,-0.036761
6.0490178E-07,-0.035937
6.0495178E-07,-0.034784
6.0500178E-07,-0.033301
6.0505178E-07,-0.031653
6.0510178E-07,-0.029676
6.0515178E-07,-0.027863
6.0520178E-07,-0.025721
6.0525178E-07,-0.023744
6.0530178E-07,-0.021602
6.0535178E-07,-0.019625
6.0540178E-07,-0.017647
6.0545178E-07,-0.015835
6.0550178E-07,-0.014187
6.0555178E-07,-0.012539
6.0560178E-07,-0.010892
6.0565178E-07,-0.009573
6.0570178E-07,-0.008090
6.0575178E-07,-0.006772
6.0580178E-07,-0.005619
6.0585178E-07,-0.004301
6.0590178E-07,-0.002982
6.0595178E-07,-0.001499
6.0600178E-07,-0.000016
6.0605178E-07,0.001466
6.0610178E-07,0.002949
6.0615178E-07,0.004762
6.0620178E-07,0.006410
6.0625178E-07,0.008222
6.0630178E-07,0.010035
6.0635178E-07,0.011847
6.0640178E-07,0.013660
6.0645178E-07,0.015308
6.0650178E-07,0.016791
6.0655178E-07,0.018273
6.0660178E-07,0.019592
6.0665178E-07,0.020745
6.0670178E-07,0.021569
6.0675178E-07,0.022228
6.0680178E-07,0.022722
6.0685178E-07,0.023052
6.0690178E-07,0.023217
6.0695178E-07,0.023217
6.0700178E-07,0.022887
6.0705178E-07,0.022558
6.0710178E-07,0.022063
6.0715178E-07,0.021569
6.0720178E-07,0.021075
6.0725178E-07,0.020580
6.0730178E-07,0.019921
6.0735178E-07,0.019427
6.0740178E-07,0.018768
6.0745178E-07,0.018273
6.0750178E-07,0.017779
6.0755178E-07,0.017285
6.0760178E-07,0.016791
6.0765178E-07,0.016296
6.0770178E-07,0.015967
6.0775178E-07,0.015308
6.0780178E-07,0.014813
6.0785178E-07,0.014154
6.0790178E-07,0.013495
6.0795178E-07,0.012836
6.0800178E-07,0.012012
6.0805178E-07,0.011188
6.0810178E-07,0.010200
6.0815178E-07,0.009376
6.0820178E-07,0.008387
6.0825178E-07,0.007398
6.0830178E-07,0.006575
6.0835178E-07,0.005751
6.0840178E-07,0.004927
6.0845178E-07,0.004268
6.0850178E-07,0.003609
6.0855178E-07,0.003279
6.0860178E-07,0.002949
6.0865178E-07,0.002785
6.0870178E-07,0.002949
6.0875178E-07,0.003114
6.0880178E-07,0.003444
6.0885178E-07,0.003938
6.0890178E-07,0.004597
6.0895178E-07,0.005421
6.0900178E-07,0.006245
6.0905178E-07,0.007234
6.0910178E-07,0.008222
6.0915178E-07,0.009376
6.0920178E-07,0.010529
6.0925178E-07,0.011683
6.0930178E-07,0.012836
6.0935178E-07,0.013989
6.0940178E-07,0.015143
6.0945178E-07,0.016296
6.0950178E-07,0.017450
6.0955178E-07,0.018768
6.0960178E-07,0.020086
6.0965178E-07,0.021404
6.0970178E-07,0.022887
6.0975178E-07,0.024370
6.0980178E-07,0.026018
6.0985178E-07,0.027830
6.0990178E-07,0.029643
6.0995178E-07,0.031620
6.1000178E-07,0.033762
6.1005178E-07,0.036069
6.1010178E-07,0.038376
6.1015178E-07,0.040683
6.1020178E-07,0.043154
6.1025178E-07,0.045626
6.1030178E-07,0.048098
6.1035178E-07,0.050569
6.1040178E-07,0.052876
6.1045178E-07,0.055183
6.1050178E-07,0.057160
6.1055178E-07,0.059138
6.1060178E-07,0.060785
6.1065178E-07,0.062268
6.1070178E-07,0.063422
6.1075178E-07,0.064410
6.1080178E-07,0.065069
6.1085178E-07,0.065564
6.1090178E-07,0.065729
6.1095178E-07,0.065729
6.1100178E-07,0.065564
6.1105178E-07,0.065234
6.1110178E-07,0.064740
6.1115178E-07,0.064081
6.1120178E-07,0.063257
6.1125178E-07,0.062598
6.1130178E-07,0.061774
6.1135178E-07,0.060950
6.1140178E-07,0.060126
6.1145178E-07,0.059302
6.1150178E-07,0.058643
6.1155178E-07,0.057819
6.1160178E-07,0.057160
6.1165178E-07,0.056501
6.1170178E-07,0.055677
6.1175178E-07,0.054853
6.1180178E-07,0.054030
6.1185178E-07,0.053041
6.1190178E-07,0.052052
6.1195178E-07,0.050899
6.1200178E-07,0.049581
6.1205178E-07,0.047933
6.1210178E-07,0.046285
6.1215178E-07,0.044473
6.1220178E-07,0.042495
6.1225178E-07,0.040189
6.1230178E-07,0.037882
6.1235178E-07,0.035410
6.1240178E-07,0.032938
6.1245178E-07,0.030302
6.1250178E-07,0.027501
6.1255178E-07,0.024864
6.1260178E-07,0.022063
6.1265178E-07,0.019262
6.1270178E-07,0.016461
6.1275178E-07,0.013825
6.1280178E-07,0.011023
6.1285178E-07,0.008387
6.1290178E-07,0.005751
6.1295178E-07,0.003114
6.1300178E-07,0.000478
6.1305178E-07,-0.002159
6.1310178E-07,-0.004960
6.1315178E-07,-0.007596
6.1320178E-07,-0.010397
6.1325178E-07,-0.013198
6.1330178E-07,-0.016000
6.1335178E-07,-0.018966
6.1340178E-07,-0.021767
6.1345178E-07,-0.024733
6.1350178E-07,-0.027699
6.1355178E-07,-0.030500
6.1360178E-07,-0.033301
6.1365178E-07,-0.035937
6.1370178E-07,-0.038574
6.1375178E-07,-0.040716
6.1380178E-07,-0.042858
6.1385178E-07,-0.044506
6.1390178E-07,-0.045989
6.1395178E-07,-0.046977
6.1400178E-07,-0.047472
6.1405178E-07,-0.047801
6.1410178E-07,-0.047472
6.1415178E-07,-0.046812
6.1420178E-07,-0.045494
6.1425178E-07,-0.044011
6.1430178E-07,-0.042034
6.1435178E-07,-0.039727
6.1440178E-07,-0.037091
6.1445178E-07,-0.034290
6.1450178E-07,-0.031159
6.1455178E-07,-0.027863
6.1460178E-07,-0.024568
6.1465178E-07,-0.021272
6.1470178E-07,-0.018142
6.1475178E-07,-0.014846
6.1480178E-07,-0.011880
6.1485178E-07,-0.009079
6.1490178E-07,-0.006607
6.1495178E-07,-0.004301
6.1500178E-07,-0.002323
6.1505178E-07,-0.000840
6.1510178E-07,0.000478
6.1515178E-07,0.001466
6.1520178E-07,0.001961
6.1525178E-07,0.002290
6.1530178E-07,0.002126
6.1535178E-07,0.001796
6.1540178E-07,0.000972
6.1545178E-07,0.000148
6.1550178E-07,-0.001170
6.1555178E-07,-0.002653
6.1560178E-07,-0.004301
6.1565178E-07,-0.006113
6.1570178E-07,-0.008090
6.1575178E-07,-0.010232
6.1580178E-07,-0.012375
6.1585178E-07,-0.014681
6.1590178E-07,-0.016988
6.1595178E-07,-0.019295
6.1600178E-07,-0.021602
6.1605178E-07,-0.023909
6.1610178E-07,-0.026216
6.1615178E-07,-0.028193
6.1620178E-07,-0.030170
6.1625178E-07,-0.031983
6.1630178E-07,-0.033630
6.1635178E-07,-0.034949
6.1640178E-07,-0.035937
6.1645178E-07,-0.036761
6.1650178E-07,-0.037256
6.1655178E-07,-0.037420
6.1660178E-07,-0.037420
6.1665178E-07,-0.036926
6.1670178E-07,-0.036102
6.1675178E-07,-0.034949
6.1680178E-07,-0.033466
6.1685178E-07,-0.031653
6.1690178E-07,-0.029676
6.1695178E-07,-0.027534
6.1700178E-07,-0.025062
6.1705178E-07,-0.022426
6.1710178E-07,-0.019789
6.1715178E-07,-0.016988
6.1720178E-07,-0.014187
6.1725178E-07,-0.011386
6.1730178E-07,-0.008750
6.1735178E-07,-0.006278
6.1740178E-07,-0.003806
6.1745178E-07,-0.001499
6.1750178E-07,0.000478
6.1755178E-07,0.002290
6.1760178E-07,0.003773
6.1765178E-07,0.005092
6.1770178E-07,0.006245
6.1775178E-07,0.007069
6.1780178E-07,0.007728
6.1785178E-07,0.008057
6.1790178E-07,0.008387
6.1795178E-07,0.008387
6.1800178E-07,0.008552
6.1805178E-07,0.008387
6.1810178E-07,0.008387
6.1815178E-07,0.008222
6.1820178E-07,0.008057
6.1825178E-07,0.007893
6.1830178E-07,0.007893
6.1835178E-07,0.007893
6.1840178E-07,0.007893
6.1845178E-07,0.008057
6.1850178E-07,0.008222
6.1855178E-07,0.008387
6.1860178E-07,0.008552
6.1865178E-07,0.008717
6.1870178E-07,0.008881
6.1875178E-07,0.008881
6.1880178E-07,0.009046
6.1885178E-07,0.009046
6.1890178E-07,0.008881
6.1895178E-07,0.008717
6.1900178E-07,0.008387
6.1905178E-07,0.008057
6.1910178E-07,0.007563
6.1915178E-07,0.006904
6.1920178E-07,0.006245
6.1925178E-07,0.005586
6.1930178E-07,0.004927
6.1935178E-07,0.004268
6.1940178E-07,0.003609
6.1945178E-07,0.003114
6.1950178E-07,0.002620
6.1955178E-07,0.002126
6.1960178E-07,0.001796
6.1965178E-07,0.001466
6.1970178E-07,0.001302
6.1975178E-07,0.001302
6.1980178E-07,0.001137
6.1985178E-07,0.001302
6.1990178E-07,0.001302
6.1995178E-07,0.001302
6.2000178E-07,0.001302
6.2005178E-07,0.001302
6.2010178E-07,0.001302
6.2015178E-07,0.001137
6.2020178E-07,0.000807
6.2025178E-07,0.000478
6.2030178E-07,-0.000016
6.2035178E-07,-0.000676
6.2040178E-07,-0.001335
6.2045178E-07,-0.001994
6.2050178E-07,-0.002818
6.2055178E-07,-0.003642
6.2060178E-07,-0.004465
6.2065178E-07,-0.005124
6.2070178E-07,-0.005784
6.2075178E-07,-0.006278
6.2080178E-07,-0.006772
6.2085178E-07,-0.006937
6.2090178E-07,-0.007102
6.2095178E-07,-0.006937
6.2100178E-07,-0.006772
6.2105178E-07,-0.006278
6.2110178E-07,-0.005619
6.2115178E-07,-0.004795
6.2120178E-07,-0.003971
6.2125178E-07,-0.002982
6.2130178E-07,-0.001994
6.2135178E-07,-0.001005
6.2140178E-07,0.000148
6.2145178E-07,0.001137
6.2150178E-07,0.002126
6.2155178E-07,0.003114
6.2160178E-07,0.003938
6.2165178E-07,0.004762
6.2170178E-07,0.005421
6.2175178E-07,0.006080
6.2180178E-07,0.006575
6.2185178E-07,0.007069
6.2190178E-07,0.007563
6.2195178E-07,0.008057
6.2200178E-07,0.008387
6.2205178E-07,0.008717
6.2210178E-07,0.009046
6.2215178E-07,0.009376
6.2220178E-07,0.009540
6.2225178E-07,0.009870
6.2230178E-07,0.010035
6.2235178E-07,0.010200
6.2240178E-07,0.010200
6.2245178E-07,0.010200
6.2250178E-07,0.010035
6.2255178E-07,0.009870
6.2260178E-07,0.009376
6.2265178E-07,0.008881
6.2270178E-07,0.008057
6.2275178E-07,0.007234
6.2280178E-07,0.006080
6.2285178E-07,0.004927
6.2290178E-07,0.003609
6.2295178E-07,0.002126
6.2300178E-07,0.000478
6.2305178E-07,-0.001005
6.2310178E-07,-0.002653
6.2315178E-07,-0.004136
6.2320178E-07,-0.005619
6.2325178E-07,-0.006937
6.2330178E-07,-0.008090
6.2335178E-07,-0.008914
6.2340178E-07,-0.009573
6.2345178E-07,-0.009903
6.2350178E-07,-0.009903
6.2355178E-07,-0.009573
6.2360178E-07,-0.009079
6.2365178E-07,-0.008090
6.2370178E-07,-0.006772
6.2375178E-07,-0.005289
6.2380178E-07,-0.003642
6.2385178E-07,-0.001664
6.2390178E-07,0.000478
6.2395178E-07,0.002785
6.2400178E-07,0.005092
6.2405178E-07,0.007398
6.2410178E-07,0.009705
6.2415178E-07,0.012012
6.2420178E-07,0.014154
6.2425178E-07,0.015967
6.2430178E-07,0.017779
6.2435178E-07,0.019427
6.2440178E-07,0.020745
6.2445178E-07,0.021734
6.2450178E-07,0.022558
6.2455178E-07,0.023217
6.2460178E-07,0.023546
6.2465178E-07,0.023711
6.2470178E-07,0.023711
6.2475178E-07,0.023382
6.2480178E-07,0.023052
6.2485178E-07,0.022722
6.2490178E-07,0.022063
6.2495178E-07,0.021569
6.2500178E-07,0.020910
6.2505178E-07,0.020251
6.2510178E-07,0.019592
6.2515178E-07,0.018933
6.2520178E-07,0.018273
6.2525178E-07,0.017450
6.2530178E-07,0.016791
6.2535178E-07,0.016131
6.2540178E-07,0.015308
6.2545178E-07,0.014484
6.2550178E-07,0.013495
6.2555178E-07,0.012506
6.2560178E-07,0.011353
6.2565178E-07,0.010035
6.2570178E-07,0.008387
6.2575178E-07,0.006739
6.2580178E-07,0.004927
6.2585178E-07,0.002949
6.2590178E-07,0.000807
6.2595178E-07,-0.001335
6.2600178E-07,-0.003806
6.2605178E-07,-0.006113
6.2610178E-07,-0.008585
6.2615178E-07,-0.011056
6.2620178E-07,-0.013528
6.2625178E-07,-0.015835
6.2630178E-07,-0.017977
6.2635178E-07,-0.019954
6.2640178E-07,-0.021767
6.2645178E-07,-0.023414
6.2650178E-07,-0.024733
6.2655178E-07,-0.025886
6.2660178E-07,-0.026710
6.2665178E-07,-0.027369
6.2670178E-07,-0.027699
6.2675178E-07,-0.027699
6.2680178E-07,-0.027699
6.2685178E-07,-0.027369
6.2690178E-07,-0.026875
6.2695178E-07,-0.026380
6.2700178E-07,-0.025557
6.2705178E-07,-0.024733
6.2710178E-07,-0.023909
6.2715178E-07,-0.023085
6.2720178E-07,-0.022096
6.2725178E-07,-0.021272
6.2730178E-07,-0.020284
6.2735178E-07,-0.019460
6.2740178E-07,-0.018471
6.2745178E-07,-0.017647
6.2750178E-07,-0.016659
6.2755178E-07,-0.015835
6.2760178E-07,-0.015011
6.2765178E-07,-0.014187
6.2770178E-07,-0.013198
6.2775178E-07,-0.012375
6.2780178E-07,-0.011551
6.2785178E-07,-0.010727
6.2790178E-07,-0.009903
6.2795178E-07,-0.009244
6.2800178E-07,-0.008585
6.2805178E-07,-0.007926
6.2810178E-07,-0.007431
6.2815178E-07,-0.007102
6.2820178E-07,-0.006772
6.2825178E-07,-0.006772
6.2830178E-07,-0.006772
6.2835178E-07,-0.006937
6.2840178E-07,-0.007267
6.2845178E-07,-0.007761
6.2850178E-07,-0.008420
6.2855178E-07,-0.009079
6.2860178E-07,-0.009903
6.2865178E-07,-0.010727
6.2870178E-07,-0.011551
6.2875178E-07,-0.012375
6.2880178E-07,-0.013198
6.2885178E-07,-0.013858
6.2890178E-07,-0.014517
6.2895178E-07,-0.015011
6.2900178E-07,-0.015341
6.2905178E-07,-0.015505
6.2910178E-07,-0.015341
6.2915178E-07,-0.015176
6.2920178E-07,-0.014681
6.2925178E-07,-0.014187
6.2930178E-07,-0.013363
6.2935178E-07,-0.012539
6.2940178E-07,-0.011386
6.2945178E-07,-0.010232
6.2950178E-07,-0.008914
6.2955178E-07,-0.007596
6.2960178E-07,-0.006278
6.2965178E-07,-0.004795
6.2970178E-07,-0.003312
6.2975178E-07,-0.001829
6.2980178E-07,-0.000511
6.2985178E-07,0.000972
6.2990178E-07,0.002455
6.2995178E-07,0.003773
6.3000178E-07,0.005092
6.3005178E-07,0.006410
6.3010178E-07,0.007728
6.3015178E-07,0.009046
6.3020178E-07,0.010364
6.3025178E-07,0.011518
6.3030178E-07,0.012836
6.3035178E-07,0.013989
6.3040178E-07,0.014978
6.3045178E-07,0.015967
6.3050178E-07,0.016955
6.3055178E-07,0.017779
6.3060178E-07,0.018438
6.3065178E-07,0.018933
6.3070178E-07,0.019262
6.3075178E-07,0.019427
6.3080178E-07,0.019427
6.3085178E-07,0.019262
6.3090178E-07,0.018768
6.3095178E-07,0.018109
6.3100178E-07,0.017285
6.3105178E-07,0.016296
6.3110178E-07,0.014978
6.3115178E-07,0.013660
6.3120178E-07,0.012342
6.3125178E-07,0.010694
6.3130178E-07,0.009211
6.3135178E-07,0.007728
6.3140178E-07,0.006245
6.3145178E-07,0.004762
6.3150178E-07,0.003609
6.3155178E-07,0.002455
6.3160178E-07,0.001631
6.3165178E-07,0.000972
6.3170178E-07,0.000478
6.3175178E-07,0.000148
6.3180178E-07,0.000148
6.3185178E-07,0.000478
6.3190178E-07,0.000972
6.3195178E-07,0.001631
6.3200178E-07,0.002290
6.3205178E-07,0.003279
6.3210178E-07,0.004268
6.3215178E-07,0.005256
6.3220178E-07,0.006245
6.3225178E-07,0.007234
6.3230178E-07,0.008057
6.3235178E-07,0.008881
6.3240178E-07,0.009540
6.3245178E-07,0.010035
6.3250178E-07,0.010200
6.3255178E-07,0.010364
6.3260178E-07,0.010364
6.3265178E-07,0.010200
6.3270178E-07,0.009705
6.3275178E-07,0.009376
6.3280178E-07,0.008717
6.3285178E-07,0.008222
6.3290178E-07,0.007563
6.3295178E-07,0.007069
6.3300178E-07,0.006410
6.3305178E-07,0.006080
6.3310178E-07,0.005751
6.3315178E-07,0.005421
6.3320178E-07,0.005421
6.3325178E-07,0.005421
6.3330178E-07,0.005421
6.3335178E-07,0.005751
6.3340178E-07,0.006080
6.3345178E-07,0.006245
6.3350178E-07,0.006575
6.3355178E-07,0.006904
6.3360178E-07,0.007069
6.3365178E-07,0.007069
6.3370178E-07,0.007069
6.3375178E-07,0.006739
6.3380178E-07,0.006245
6.3385178E-07,0.005586
6.3390178E-07,0.004597
6.3395178E-07,0.003444
6.3400178E-07,0.002126
6.3405178E-07,0.000478
6.3410178E-07,-0.001170
6.3415178E-07,-0.002982
6.3420178E-07,-0.004795
6.3425178E-07,-0.006772
6.3430178E-07,-0.008585
6.3435178E-07,-0.010397
6.3440178E-07,-0.011880
6.3445178E-07,-0.013363
6.3450178E-07,-0.014681
6.3455178E-07,-0.015670
6.3460178E-07,-0.016494
6.3465178E-07,-0.017153
6.3470178E-07,-0.017483
6.3475178E-07,-0.017483
6.3480178E-07,-0.017318
6.3485178E-07,-0.017153
6.3490178E-07,-0.016659
6.3495178E-07,-0.016164
6.3500178E-07,-0.015505
6.3505178E-07,-0.014846
6.3510178E-07,-0.014187
6.3515178E-07,-0.013528
6.3520178E-07,-0.013034
6.3525178E-07,-0.012539
6.3530178E-07,-0.012210
6.3535178E-07,-0.012045
6.3540178E-07,-0.011880
6.3545178E-07,-0.011880
6.3550178E-07,-0.011880
6.3555178E-07,-0.012045
6.3560178E-07,-0.012375
6.3565178E-07,-0.012539
6.3570178E-07,-0.012869
6.3575178E-07,-0.013198
6.3580178E-07,-0.013363
6.3585178E-07,-0.013693
6.3590178E-07,-0.013858
6.3595178E-07,-0.014022
6.3600178E-07,-0.014187
6.3605178E-07,-0.014187
6.3610178E-07,-0.014187
6.3615178E-07,-0.014352
6.3620178E-07,-0.014352
6.3625178E-07,-0.014352
6.3630178E-07,-0.014517
6.3635178E-07,-0.014681
6.3640178E-07,-0.015011
6.3645178E-07,-0.015341
6.3650178E-07,-0.015835
6.3655178E-07,-0.016329
6.3660178E-07,-0.016988
6.3665178E-07,-0.017647
6.3670178E-07,-0.018306
6.3675178E-07,-0.019130
6.3680178E-07,-0.019954
6.3685178E-07,-0.020613
6.3690178E-07,-0.021272
6.3695178E-07,-0.021931
6.3700178E-07,-0.022426
6.3705178E-07,-0.022920
6.3710178E-07,-0.023085
6.3715178E-07,-0.023085
6.3720178E-07,-0.023085
6.3725178E-07,-0.022755
6.3730178E-07,-0.022426
6.3735178E-07,-0.021767
6.3740178E-07,-0.021108
6.3745178E-07,-0.020284
6.3750178E-07,-0.019460
6.3755178E-07,-0.018636
6.3760178E-07,-0.017812
6.3765178E-07,-0.016988
6.3770178E-07,-0.016329
6.3775178E-07,-0.015670
6.3780178E-07,-0.015176
6.3785178E-07,-0.014681
6.3790178E-07,-0.014517
6.3795178E-07,-0.014352
6.3800178E-07,-0.014352
6.3805178E-07,-0.014517
6.3810178E-07,-0.014681
6.3815178E-07,-0.015011
6.3820178E-07,-0.015341
6.3825178E-07,-0.015670
6.3830178E-07,-0.015835
6.3835178E-07,-0.015835
6.3840178E-07,-0.015835
6.3845178E-07,-0.015670
6.3850178E-07,-0.015176
6.3855178E-07,-0.014517
6.3860178E-07,-0.013693
6.3865178E-07,-0.012539
6.3870178E-07,-0.011056
6.3875178E-07,-0.009409
6.3880178E-07,-0.007431
6.3885178E-07,-0.005454
6.3890178E-07,-0.003147
6.3895178E-07,-0.000840
6.3900178E-07,0.001631
6.3905178E-07,0.004103
6.3910178E-07,0.006575
6.3915178E-07,0.008881
6.3920178E-07,0.011353
6.3925178E-07,0.013495
6.3930178E-07,0.015637
6.3935178E-07,0.017614
6.3940178E-07,0.019427
6.3945178E-07,0.021075
6.3950178E-07,0.022558
6.3955178E-07,0.024041
6.3960178E-07,0.025359
6.3965178E-07,0.026677
6.3970178E-07,0.027830
6.3975178E-07,0.029149
6.3980178E-07,0.030302
6.3985178E-07,0.031455
6.3990178E-07,0.032774
6.3995178E-07,0.033927
6.4000178E-07,0.035080
6.4005178E-07,0.036399
6.4010178E-07,0.037552
6.4015178E-07,0.038541
6.4020178E-07,0.039365
6.4025178E-07,0.040189
6.4030178E-07,0.040683
6.4035178E-07,0.040848
6.4040178E-07,0.040683
6.4045178E-07,0.040024
6.4050178E-07,0.039035
6.4055178E-07,0.037717
6.4060178E-07,0.035740
6.4065178E-07,0.033598
6.4070178E-07,0.030796
6.4075178E-07,0.027830
6.4080178E-07,0.024370
6.4085178E-07,0.020745
6.4090178E-07,0.016955
6.4095178E-07,0.013165
6.4100178E-07,0.009211
6.4105178E-07,0.005586
6.4110178E-07,0.001961
6.4115178E-07,-0.001335
6.4120178E-07,-0.004301
6.4125178E-07,-0.006772
6.4130178E-07,-0.008914
6.4135178E-07,-0.010397
6.4140178E-07,-0.011551
6.4145178E-07,-0.012210
6.4150178E-07,-0.012210
6.4155178E-07,-0.011880
6.4160178E-07,-0.011221
6.4165178E-07,-0.010232
6.4170178E-07,-0.008914
6.4175178E-07,-0.007596
6.4180178E-07,-0.005948
6.4185178E-07,-0.004465
6.4190178E-07,-0.002818
6.4195178E-07,-0.001335
6.4200178E-07,-0.000016
6.4205178E-07,0.001137
6.4210178E-07,0.002290
6.4215178E-07,0.003114
6.4220178E-07,0.003773
6.4225178E-07,0.004432
6.4230178E-07,0.004762
6.4235178E-07,0.005092
6.4240178E-07,0.005421
6.4245178E-07,0.005751
6.4250178E-07,0.006080
6.4255178E-07,0.006575
6.4260178E-07,0.006904
6.4265178E-07,0.007398
6.4270178E-07,0.008057
6.4275178E-07,0.008717
6.4280178E-07,0.009540
6.4285178E-07,0.010200
6.4290178E-07,0.010859
6.4295178E-07,0.011518
6.4300178E-07,0.012012
6.4305178E-07,0.012177
6.4310178E-07,0.012342
6.4315178E-07,0.012177
6.4320178E-07,0.011683
6.4325178E-07,0.010859
6.4330178E-07,0.009705
6.4335178E-07,0.008222
6.4340178E-07,0.006410
6.4345178E-07,0.004268
6.4350178E-07,0.001961
6.4355178E-07,-0.000676
6.4360178E-07,-0.003477
6.4365178E-07,-0.006278
6.4370178E-07,-0.009079
6.4375178E-07,-0.011880
6.4380178E-07,-0.014517
6.4385178E-07,-0.017153
6.4390178E-07,-0.019460
6.4395178E-07,-0.021437
6.4400178E-07,-0.023250
6.4405178E-07,-0.024733
6.4410178E-07,-0.026051
6.4415178E-07,-0.027039
6.4420178E-07,-0.027699
6.4425178E-07,-0.028358
6.4430178E-07,-0.028687
6.4435178E-07,-0.028852
6.4440178E-07,-0.029017
6.4445178E-07,-0.029182
6.4450178E-07,-0.029346
6.4455178E-07,-0.029676
6.4460178E-07,-0.030005
6.4465178E-07,-0.030335
6.4470178E-07,-0.030994
6.4475178E-07,-0.031653
6.4480178E-07,-0.032642
6.4485178E-07,-0.033466
6.4490178E-07,-0.034619
6.4495178E-07,-0.035608
6.4500178E-07,-0.036761
6.4505178E-07,-0.037750
6.4510178E-07,-0.038738
6.4515178E-07,-0.039562
6.4520178E-07,-0.040221
6.4525178E-07,-0.040716
6.4530178E-07,-0.041045
6.4535178E-07,-0.041045
6.4540178E-07,-0.040881
6.4545178E-07,-0.040551
6.4550178E-07,-0.040057
6.4555178E-07,-0.039233
6.4560178E-07,-0.038409
6.4565178E-07,-0.037420
6.4570178E-07,-0.036432
6.4575178E-07,-0.035443
6.4580178E-07,-0.034454
6.4585178E-07,-0.033630
6.4590178E-07,-0.032971
6.4595178E-07,-0.032312
6.4600178E-07,-0.031983
6.4605178E-07,-0.031818
6.4610178E-07,-0.031818
6.4615178E-07,-0.031818
6.4620178E-07,-0.032148
6.4625178E-07,-0.032642
6.4630178E-07,-0.033136
6.4635178E-07,-0.033630
6.4640178E-07,-0.034125
6.4645178E-07,-0.034619
6.4650178E-07,-0.034949
6.4655178E-07,-0.035113
6.4660178E-07,-0.035113
6.4665178E-07,-0.034949
6.4670178E-07,-0.034619
6.4675178E-07,-0.033960
6.4680178E-07,-0.033136
6.4685178E-07,-0.032148
6.4690178E-07,-0.030829
6.4695178E-07,-0.029511
6.4700178E-07,-0.028028
6.4705178E-07,-0.026545
6.4710178E-07,-0.025062
6.4715178E-07,-0.023579
6.4720178E-07,-0.022261
6.4725178E-07,-0.020943
6.4730178E-07,-0.019954
6.4735178E-07,-0.018966
6.4740178E-07,-0.018306
6.4745178E-07,-0.017812
6.4750178E-07,-0.017483
6.4755178E-07,-0.017483
6.4760178E-07,-0.017483
6.4765178E-07,-0.017812
6.4770178E-07,-0.018142
6.4775178E-07,-0.018471
6.4780178E-07,-0.018801
6.4785178E-07,-0.019295
6.4790178E-07,-0.019625
6.4795178E-07,-0.019789
6.4800178E-07,-0.019954
6.4805178E-07,-0.019954
6.4810178E-07,-0.019789
6.4815178E-07,-0.019625
6.4820178E-07,-0.019295
6.4825178E-07,-0.018801
6.4830178E-07,-0.018306
6.4835178E-07,-0.017812
6.4840178E-07,-0.017318
6.4845178E-07,-0.016988
6.4850178E-07,-0.016659
6.4855178E-07,-0.016494
6.4860178E-07,-0.016494
6.4865178E-07,-0.016659
6.4870178E-07,-0.016988
6.4875178E-07,-0.017483
6.4880178E-07,-0.018142
6.4885178E-07,-0.018801
6.4890178E-07,-0.019789
6.4895178E-07,-0.020778
6.4900178E-07,-0.021767
6.4905178E-07,-0.022755
6.4910178E-07,-0.023579
6.4915178E-07,-0.024403
6.4920178E-07,-0.025062
6.4925178E-07,-0.025557
6.4930178E-07,-0.025721
6.4935178E-07,-0.025886
6.4940178E-07,-0.025721
6.4945178E-07,-0.025392
6.4950178E-07,-0.024897
6.4955178E-07,-0.024238
6.4960178E-07,-0.023579
6.4965178E-07,-0.022755
6.4970178E-07,-0.022096
6.4975178E-07,-0.021437
6.4980178E-07,-0.020943
6.4985178E-07,-0.020449
6.4990178E-07,-0.020284
6.4995178E-07,-0.020119
6.5000178E-07,-0.020284
6.5005178E-07,-0.020449
6.5010178E-07,-0.020943
6.5015178E-07,-0.021437
6.5020178E-07,-0.022096
6.5025178E-07,-0.022755
6.5030178E-07,-0.023250
6.5035178E-07,-0.023744
6.5040178E-07,-0.023909
6.5045178E-07,-0.023909
6.5050178E-07,-0.023744
6.5055178E-07,-0.023085
6.5060178E-07,-0.022096
6.5065178E-07,-0.020613
6.5070178E-07,-0.018966
6.5075178E-07,-0.016823
6.5080178E-07,-0.014352
6.5085178E-07,-0.011551
6.5090178E-07,-0.008585
6.5095178E-07,-0.005454
6.5100178E-07,-0.002323
6.5105178E-07,0.000807
6.5110178E-07,0.003938
6.5115178E-07,0.006904
6.5120178E-07,0.009540
6.5125178E-07,0.011847
6.5130178E-07,0.013989
6.5135178E-07,0.015802
6.5140178E-07,0.017120
6.5145178E-07,0.018109
6.5150178E-07,0.018768
6.5155178E-07,0.019097
6.5160178E-07,0.019097
6.5165178E-07,0.018933
6.5170178E-07,0.018603
6.5175178E-07,0.018273
6.5180178E-07,0.017944
6.5185178E-07,0.017614
6.5190178E-07,0.017285
6.5195178E-07,0.017120
6.5200178E-07,0.017285
6.5205178E-07,0.017450
6.5210178E-07,0.017779
6.5215178E-07,0.018438
6.5220178E-07,0.019097
6.5225178E-07,0.019921
6.5230178E-07,0.020745
6.5235178E-07,0.021734
6.5240178E-07,0.022558
6.5245178E-07,0.023217
6.5250178E-07,0.023711
6.5255178E-07,0.023876
6.5260178E-07,0.023876
6.5265178E-07,0.023546
6.5270178E-07,0.022887
6.5275178E-07,0.021899
6.5280178E-07,0.020580
6.5285178E-07,0.019097
6.5290178E-07,0.017120
6.5295178E-07,0.015143
6.5300178E-07,0.013001
6.5305178E-07,0.010859
6.5310178E-07,0.008717
6.5315178E-07,0.006739
6.5320178E-07,0.004927
6.5325178E-07,0.003444
6.5330178E-07,0.002290
6.5335178E-07,0.001631
6.5340178E-07,0.001466
6.5345178E-07,0.001961
6.5350178E-07,0.002949
6.5355178E-07,0.004432
6.5360178E-07,0.006575
6.5365178E-07,0.009211
6.5370178E-07,0.012506
6.5375178E-07,0.016296
6.5380178E-07,0.020416
6.5385178E-07,0.025029
6.5390178E-07,0.029972
6.5395178E-07,0.035245
6.5400178E-07,0.040683
6.5405178E-07,0.046450
6.5410178E-07,0.052217
6.5415178E-07,0.058314
6.5420178E-07,0.064246
6.5425178E-07,0.070342
6.5430178E-07,0.076604
6.5435178E-07,0.082700
