LECROYWaveRunner‘N,20113,Waveform
Segments,1,SegmentSize,4002
Segment,TrigTime,TimeSinceSegment1
#1,12-Dec-2018 11:32:07,0                 
Time,Ampl
4.5694401E-07,0.000356
4.5699401E-07,0.000538
4.5704401E-07,0.000721
4.5709401E-07,0.000964
4.5714401E-07,0.001207
4.5719401E-07,0.001511
4.5724401E-07,0.001815
4.5729401E-07,0.002180
4.5734401E-07,0.002484
4.5739401E-07,0.002788
4.5744401E-07,0.003031
4.5749401E-07,0.003214
4.5754401E-07,0.003396
4.5759401E-07,0.003457
4.5764401E-07,0.003396
4.5769401E-07,0.003335
4.5774401E-07,0.003092
4.5779401E-07,0.002788
4.5784401E-07,0.002423
4.5789401E-07,0.001937
4.5794401E-07,0.001389
4.5799401E-07,0.000781
4.5804401E-07,0.000112
4.5809401E-07,-0.000617
4.5814401E-07,-0.001408
4.5819401E-07,-0.002137
4.5824401E-07,-0.002928
4.5829401E-07,-0.003658
4.5834401E-07,-0.004387
4.5839401E-07,-0.005056
4.5844401E-07,-0.005725
4.5849401E-07,-0.006272
4.5854401E-07,-0.006820
4.5859401E-07,-0.007306
4.5864401E-07,-0.007793
4.5869401E-07,-0.008158
4.5874401E-07,-0.008522
4.5879401E-07,-0.008887
4.5884401E-07,-0.009191
4.5889401E-07,-0.009435
4.5894401E-07,-0.009739
4.5899401E-07,-0.009921
4.5904401E-07,-0.010164
4.5909401E-07,-0.010408
4.5914401E-07,-0.010590
4.5919401E-07,-0.010712
4.5924401E-07,-0.010833
4.5929401E-07,-0.010955
4.5934401E-07,-0.010955
4.5939401E-07,-0.010955
4.5944401E-07,-0.010833
4.5949401E-07,-0.010651
4.5954401E-07,-0.010347
4.5959401E-07,-0.009921
4.5964401E-07,-0.009435
4.5969401E-07,-0.008766
4.5974401E-07,-0.008036
4.5979401E-07,-0.007185
4.5984401E-07,-0.006212
4.5989401E-07,-0.005117
4.5994401E-07,-0.003962
4.5999401E-07,-0.002746
4.6004401E-07,-0.001529
4.6009401E-07,-0.000252
4.6014401E-07,0.001085
4.6019401E-07,0.002302
4.6024401E-07,0.003518
4.6029401E-07,0.004673
4.6034401E-07,0.005768
4.6039401E-07,0.006741
4.6044401E-07,0.007592
4.6049401E-07,0.008383
4.6054401E-07,0.009051
4.6059401E-07,0.009599
4.6064401E-07,0.010024
4.6069401E-07,0.010328
4.6074401E-07,0.010633
4.6079401E-07,0.010815
4.6084401E-07,0.010997
4.6089401E-07,0.011119
4.6094401E-07,0.011180
4.6099401E-07,0.011301
4.6104401E-07,0.011423
4.6109401E-07,0.011545
4.6114401E-07,0.011727
4.6119401E-07,0.011910
4.6124401E-07,0.012153
4.6129401E-07,0.012396
4.6134401E-07,0.012639
4.6139401E-07,0.012943
4.6144401E-07,0.013186
4.6149401E-07,0.013369
4.6154401E-07,0.013551
4.6159401E-07,0.013673
4.6164401E-07,0.013734
4.6169401E-07,0.013673
4.6174401E-07,0.013551
4.6179401E-07,0.013308
4.6184401E-07,0.012943
4.6189401E-07,0.012518
4.6194401E-07,0.011970
4.6199401E-07,0.011362
4.6204401E-07,0.010693
4.6209401E-07,0.009964
4.6214401E-07,0.009173
4.6219401E-07,0.008443
4.6224401E-07,0.007653
4.6229401E-07,0.006862
4.6234401E-07,0.006133
4.6239401E-07,0.005464
4.6244401E-07,0.004856
4.6249401E-07,0.004308
4.6254401E-07,0.003822
4.6259401E-07,0.003457
4.6264401E-07,0.003092
4.6269401E-07,0.002849
4.6274401E-07,0.002666
4.6279401E-07,0.002545
4.6284401E-07,0.002484
4.6289401E-07,0.002423
4.6294401E-07,0.002423
4.6299401E-07,0.002484
4.6304401E-07,0.002484
4.6309401E-07,0.002545
4.6314401E-07,0.002606
4.6319401E-07,0.002666
4.6324401E-07,0.002788
4.6329401E-07,0.002849
4.6334401E-07,0.002971
4.6339401E-07,0.003031
4.6344401E-07,0.003153
4.6349401E-07,0.003335
4.6354401E-07,0.003457
4.6359401E-07,0.003639
4.6364401E-07,0.003822
4.6369401E-07,0.004004
4.6374401E-07,0.004187
4.6379401E-07,0.004369
4.6384401E-07,0.004552
4.6389401E-07,0.004734
4.6394401E-07,0.004856
4.6399401E-07,0.004916
4.6404401E-07,0.004977
4.6409401E-07,0.004916
4.6414401E-07,0.004795
4.6419401E-07,0.004612
4.6424401E-07,0.004308
4.6429401E-07,0.003883
4.6434401E-07,0.003396
4.6439401E-07,0.002849
4.6444401E-07,0.002180
4.6449401E-07,0.001450
4.6454401E-07,0.000599
4.6459401E-07,-0.000252
4.6464401E-07,-0.001104
4.6469401E-07,-0.002016
4.6474401E-07,-0.002928
4.6479401E-07,-0.003840
4.6484401E-07,-0.004691
4.6489401E-07,-0.005482
4.6494401E-07,-0.006212
4.6499401E-07,-0.006881
4.6504401E-07,-0.007489
4.6509401E-07,-0.007975
4.6514401E-07,-0.008401
4.6519401E-07,-0.008705
4.6524401E-07,-0.008948
4.6529401E-07,-0.009070
4.6534401E-07,-0.009191
4.6539401E-07,-0.009191
4.6544401E-07,-0.009191
4.6549401E-07,-0.009131
4.6554401E-07,-0.009070
4.6559401E-07,-0.008948
4.6564401E-07,-0.008887
4.6569401E-07,-0.008826
4.6574401E-07,-0.008826
4.6579401E-07,-0.008826
4.6584401E-07,-0.008826
4.6589401E-07,-0.008887
4.6594401E-07,-0.009009
4.6599401E-07,-0.009131
4.6604401E-07,-0.009252
4.6609401E-07,-0.009374
4.6614401E-07,-0.009495
4.6619401E-07,-0.009617
4.6624401E-07,-0.009678
4.6629401E-07,-0.009739
4.6634401E-07,-0.009678
4.6639401E-07,-0.009556
4.6644401E-07,-0.009374
4.6649401E-07,-0.009131
4.6654401E-07,-0.008766
4.6659401E-07,-0.008279
4.6664401E-07,-0.007793
4.6669401E-07,-0.007124
4.6674401E-07,-0.006455
4.6679401E-07,-0.005664
4.6684401E-07,-0.004874
4.6689401E-07,-0.004023
4.6694401E-07,-0.003171
4.6699401E-07,-0.002320
4.6704401E-07,-0.001469
4.6709401E-07,-0.000617
4.6714401E-07,0.000173
4.6719401E-07,0.000964
4.6724401E-07,0.001633
4.6729401E-07,0.002302
4.6734401E-07,0.002910
4.6739401E-07,0.003396
4.6744401E-07,0.003883
4.6749401E-07,0.004308
4.6754401E-07,0.004734
4.6759401E-07,0.005038
4.6764401E-07,0.005342
4.6769401E-07,0.005646
4.6774401E-07,0.005889
4.6779401E-07,0.006072
4.6784401E-07,0.006315
4.6789401E-07,0.006437
4.6794401E-07,0.006558
4.6799401E-07,0.006680
4.6804401E-07,0.006680
4.6809401E-07,0.006680
4.6814401E-07,0.006558
4.6819401E-07,0.006376
4.6824401E-07,0.006133
4.6829401E-07,0.005768
4.6834401E-07,0.005281
4.6839401E-07,0.004734
4.6844401E-07,0.004004
4.6849401E-07,0.003275
4.6854401E-07,0.002362
4.6859401E-07,0.001389
4.6864401E-07,0.000356
4.6869401E-07,-0.000678
4.6874401E-07,-0.001773
4.6879401E-07,-0.002928
4.6884401E-07,-0.004023
4.6889401E-07,-0.005056
4.6894401E-07,-0.006029
4.6899401E-07,-0.006941
4.6904401E-07,-0.007732
4.6909401E-07,-0.008462
4.6914401E-07,-0.009009
4.6919401E-07,-0.009435
4.6924401E-07,-0.009739
4.6929401E-07,-0.009921
4.6934401E-07,-0.009982
4.6939401E-07,-0.009921
4.6944401E-07,-0.009799
4.6949401E-07,-0.009495
4.6954401E-07,-0.009191
4.6959401E-07,-0.008826
4.6964401E-07,-0.008462
4.6969401E-07,-0.008036
4.6974401E-07,-0.007610
4.6979401E-07,-0.007185
4.6984401E-07,-0.006820
4.6989401E-07,-0.006455
4.6994401E-07,-0.006090
4.6999401E-07,-0.005847
4.7004401E-07,-0.005543
4.7009401E-07,-0.005300
4.7014401E-07,-0.005056
4.7019401E-07,-0.004874
4.7024401E-07,-0.004691
4.7029401E-07,-0.004509
4.7034401E-07,-0.004327
4.7039401E-07,-0.004144
4.7044401E-07,-0.003901
4.7049401E-07,-0.003718
4.7054401E-07,-0.003475
4.7059401E-07,-0.003293
4.7064401E-07,-0.003050
4.7069401E-07,-0.002867
4.7074401E-07,-0.002624
4.7079401E-07,-0.002441
4.7084401E-07,-0.002259
4.7089401E-07,-0.002137
4.7094401E-07,-0.002016
4.7099401E-07,-0.001955
4.7104401E-07,-0.001894
4.7109401E-07,-0.001833
4.7114401E-07,-0.001833
4.7119401E-07,-0.001833
4.7124401E-07,-0.001833
4.7129401E-07,-0.001833
4.7134401E-07,-0.001833
4.7139401E-07,-0.001773
4.7144401E-07,-0.001651
4.7149401E-07,-0.001469
4.7154401E-07,-0.001225
4.7159401E-07,-0.000860
4.7164401E-07,-0.000496
4.7169401E-07,0.000052
4.7174401E-07,0.000660
4.7179401E-07,0.001329
4.7184401E-07,0.002119
4.7189401E-07,0.002971
4.7194401E-07,0.003883
4.7199401E-07,0.004795
4.7204401E-07,0.005768
4.7209401E-07,0.006680
4.7214401E-07,0.007592
4.7219401E-07,0.008504
4.7224401E-07,0.009356
4.7229401E-07,0.010085
4.7234401E-07,0.010754
4.7239401E-07,0.011301
4.7244401E-07,0.011727
4.7249401E-07,0.012092
4.7254401E-07,0.012274
4.7259401E-07,0.012396
4.7264401E-07,0.012396
4.7269401E-07,0.012274
4.7274401E-07,0.012153
4.7279401E-07,0.011849
4.7284401E-07,0.011545
4.7289401E-07,0.011241
4.7294401E-07,0.010876
4.7299401E-07,0.010450
4.7304401E-07,0.010085
4.7309401E-07,0.009720
4.7314401E-07,0.009416
4.7319401E-07,0.009112
4.7324401E-07,0.008869
4.7329401E-07,0.008626
4.7334401E-07,0.008443
4.7339401E-07,0.008261
4.7344401E-07,0.008139
4.7349401E-07,0.008018
4.7354401E-07,0.007896
4.7359401E-07,0.007774
4.7364401E-07,0.007653
4.7369401E-07,0.007531
4.7374401E-07,0.007349
4.7379401E-07,0.007166
4.7384401E-07,0.006923
4.7389401E-07,0.006680
4.7394401E-07,0.006437
4.7399401E-07,0.006072
4.7404401E-07,0.005768
4.7409401E-07,0.005403
4.7414401E-07,0.005038
4.7419401E-07,0.004673
4.7424401E-07,0.004308
4.7429401E-07,0.003943
4.7434401E-07,0.003639
4.7439401E-07,0.003335
4.7444401E-07,0.003031
4.7449401E-07,0.002788
4.7454401E-07,0.002606
4.7459401E-07,0.002484
4.7464401E-07,0.002362
4.7469401E-07,0.002241
4.7474401E-07,0.002180
4.7479401E-07,0.002119
4.7484401E-07,0.002058
4.7489401E-07,0.001998
4.7494401E-07,0.001876
4.7499401E-07,0.001815
4.7504401E-07,0.001633
4.7509401E-07,0.001450
4.7514401E-07,0.001207
4.7519401E-07,0.000903
4.7524401E-07,0.000538
4.7529401E-07,0.000173
4.7534401E-07,-0.000252
4.7539401E-07,-0.000739
4.7544401E-07,-0.001225
4.7549401E-07,-0.001712
4.7554401E-07,-0.002259
4.7559401E-07,-0.002746
4.7564401E-07,-0.003232
4.7569401E-07,-0.003658
4.7574401E-07,-0.004023
4.7579401E-07,-0.004387
4.7584401E-07,-0.004691
4.7589401E-07,-0.004935
4.7594401E-07,-0.005117
4.7599401E-07,-0.005239
4.7604401E-07,-0.005360
4.7609401E-07,-0.005482
4.7614401E-07,-0.005543
4.7619401E-07,-0.005604
4.7624401E-07,-0.005664
4.7629401E-07,-0.005786
4.7634401E-07,-0.005968
4.7639401E-07,-0.006212
4.7644401E-07,-0.006516
4.7649401E-07,-0.006881
4.7654401E-07,-0.007367
4.7659401E-07,-0.007914
4.7664401E-07,-0.008522
4.7669401E-07,-0.009252
4.7674401E-07,-0.009982
4.7679401E-07,-0.010833
4.7684401E-07,-0.011685
4.7689401E-07,-0.012536
4.7694401E-07,-0.013387
4.7699401E-07,-0.014178
4.7704401E-07,-0.014968
4.7709401E-07,-0.015698
4.7714401E-07,-0.016367
4.7719401E-07,-0.016914
4.7724401E-07,-0.017401
4.7729401E-07,-0.017765
4.7734401E-07,-0.018009
4.7739401E-07,-0.018191
4.7744401E-07,-0.018252
4.7749401E-07,-0.018252
4.7754401E-07,-0.018130
4.7759401E-07,-0.017948
4.7764401E-07,-0.017705
4.7769401E-07,-0.017401
4.7774401E-07,-0.017036
4.7779401E-07,-0.016671
4.7784401E-07,-0.016245
4.7789401E-07,-0.015820
4.7794401E-07,-0.015394
4.7799401E-07,-0.014907
4.7804401E-07,-0.014421
4.7809401E-07,-0.013934
4.7814401E-07,-0.013448
4.7819401E-07,-0.012962
4.7824401E-07,-0.012414
4.7829401E-07,-0.011928
4.7834401E-07,-0.011441
4.7839401E-07,-0.010955
4.7844401E-07,-0.010468
4.7849401E-07,-0.009982
4.7854401E-07,-0.009556
4.7859401E-07,-0.009191
4.7864401E-07,-0.008826
4.7869401E-07,-0.008583
4.7874401E-07,-0.008340
4.7879401E-07,-0.008218
4.7884401E-07,-0.008218
4.7889401E-07,-0.008279
4.7894401E-07,-0.008401
4.7899401E-07,-0.008705
4.7904401E-07,-0.009070
4.7909401E-07,-0.009495
4.7914401E-07,-0.010043
4.7919401E-07,-0.010651
4.7924401E-07,-0.011320
4.7929401E-07,-0.011989
4.7934401E-07,-0.012718
4.7939401E-07,-0.013448
4.7944401E-07,-0.014178
4.7949401E-07,-0.014786
4.7954401E-07,-0.015394
4.7959401E-07,-0.015941
4.7964401E-07,-0.016367
4.7969401E-07,-0.016671
4.7974401E-07,-0.016853
4.7979401E-07,-0.016853
4.7984401E-07,-0.016792
4.7989401E-07,-0.016610
4.7994401E-07,-0.016245
4.7999401E-07,-0.015759
4.8004401E-07,-0.015151
4.8009401E-07,-0.014482
4.8014401E-07,-0.013691
4.8019401E-07,-0.012840
4.8024401E-07,-0.011928
4.8029401E-07,-0.011016
4.8034401E-07,-0.010043
4.8039401E-07,-0.009070
4.8044401E-07,-0.008097
4.8049401E-07,-0.007185
4.8054401E-07,-0.006272
4.8059401E-07,-0.005421
4.8064401E-07,-0.004631
4.8069401E-07,-0.003901
4.8074401E-07,-0.003232
4.8079401E-07,-0.002563
4.8084401E-07,-0.002016
4.8089401E-07,-0.001529
4.8094401E-07,-0.001043
4.8099401E-07,-0.000617
4.8104401E-07,-0.000252
4.8109401E-07,0.000052
4.8114401E-07,0.000417
4.8119401E-07,0.000660
4.8124401E-07,0.000964
4.8129401E-07,0.001207
4.8134401E-07,0.001450
4.8139401E-07,0.001694
4.8144401E-07,0.001937
4.8149401E-07,0.002119
4.8154401E-07,0.002302
4.8159401E-07,0.002484
4.8164401E-07,0.002606
4.8169401E-07,0.002666
4.8174401E-07,0.002727
4.8179401E-07,0.002727
4.8184401E-07,0.002666
4.8189401E-07,0.002606
4.8194401E-07,0.002484
4.8199401E-07,0.002302
4.8204401E-07,0.002119
4.8209401E-07,0.001876
4.8214401E-07,0.001633
4.8219401E-07,0.001389
4.8224401E-07,0.001146
4.8229401E-07,0.000903
4.8234401E-07,0.000721
4.8239401E-07,0.000599
4.8244401E-07,0.000477
4.8249401E-07,0.000417
4.8254401E-07,0.000417
4.8259401E-07,0.000538
4.8264401E-07,0.000660
4.8269401E-07,0.000903
4.8274401E-07,0.001146
4.8279401E-07,0.001450
4.8284401E-07,0.001815
4.8289401E-07,0.002180
4.8294401E-07,0.002545
4.8299401E-07,0.002971
4.8304401E-07,0.003275
4.8309401E-07,0.003639
4.8314401E-07,0.003883
4.8319401E-07,0.004126
4.8324401E-07,0.004248
4.8329401E-07,0.004308
4.8334401E-07,0.004369
4.8339401E-07,0.004308
4.8344401E-07,0.004187
4.8349401E-07,0.004065
4.8354401E-07,0.003883
4.8359401E-07,0.003700
4.8364401E-07,0.003457
4.8369401E-07,0.003275
4.8374401E-07,0.003092
4.8379401E-07,0.002971
4.8384401E-07,0.002910
4.8389401E-07,0.002910
4.8394401E-07,0.002910
4.8399401E-07,0.003031
4.8404401E-07,0.003214
4.8409401E-07,0.003396
4.8414401E-07,0.003700
4.8419401E-07,0.004004
4.8424401E-07,0.004308
4.8429401E-07,0.004612
4.8434401E-07,0.004977
4.8439401E-07,0.005220
4.8444401E-07,0.005525
4.8449401E-07,0.005707
4.8454401E-07,0.005889
4.8459401E-07,0.006011
4.8464401E-07,0.006072
4.8469401E-07,0.006072
4.8474401E-07,0.006011
4.8479401E-07,0.005889
4.8484401E-07,0.005768
4.8489401E-07,0.005646
4.8494401E-07,0.005464
4.8499401E-07,0.005342
4.8504401E-07,0.005220
4.8509401E-07,0.005099
4.8514401E-07,0.005099
4.8519401E-07,0.005099
4.8524401E-07,0.005160
4.8529401E-07,0.005220
4.8534401E-07,0.005403
4.8539401E-07,0.005585
4.8544401E-07,0.005829
4.8549401E-07,0.006072
4.8554401E-07,0.006376
4.8559401E-07,0.006619
4.8564401E-07,0.006862
4.8569401E-07,0.007045
4.8574401E-07,0.007166
4.8579401E-07,0.007288
4.8584401E-07,0.007288
4.8589401E-07,0.007288
4.8594401E-07,0.007166
4.8599401E-07,0.006984
4.8604401E-07,0.006680
4.8609401E-07,0.006376
4.8614401E-07,0.006011
4.8619401E-07,0.005585
4.8624401E-07,0.005160
4.8629401E-07,0.004734
4.8634401E-07,0.004308
4.8639401E-07,0.003883
4.8644401E-07,0.003518
4.8649401E-07,0.003153
4.8654401E-07,0.002849
4.8659401E-07,0.002606
4.8664401E-07,0.002423
4.8669401E-07,0.002241
4.8674401E-07,0.002119
4.8679401E-07,0.002119
4.8684401E-07,0.002058
4.8689401E-07,0.002119
4.8694401E-07,0.002180
4.8699401E-07,0.002241
4.8704401E-07,0.002302
4.8709401E-07,0.002362
4.8714401E-07,0.002423
4.8719401E-07,0.002484
4.8724401E-07,0.002484
4.8729401E-07,0.002545
4.8734401E-07,0.002545
4.8739401E-07,0.002484
4.8744401E-07,0.002484
4.8749401E-07,0.002484
4.8754401E-07,0.002423
4.8759401E-07,0.002423
4.8764401E-07,0.002423
4.8769401E-07,0.002423
4.8774401E-07,0.002423
4.8779401E-07,0.002545
4.8784401E-07,0.002606
4.8789401E-07,0.002788
4.8794401E-07,0.002971
4.8799401E-07,0.003214
4.8804401E-07,0.003518
4.8809401E-07,0.003822
4.8814401E-07,0.004187
4.8819401E-07,0.004552
4.8824401E-07,0.004977
4.8829401E-07,0.005342
4.8834401E-07,0.005707
4.8839401E-07,0.006133
4.8844401E-07,0.006437
4.8849401E-07,0.006741
4.8854401E-07,0.007045
4.8859401E-07,0.007227
4.8864401E-07,0.007410
4.8869401E-07,0.007531
4.8874401E-07,0.007531
4.8879401E-07,0.007531
4.8884401E-07,0.007470
4.8889401E-07,0.007349
4.8894401E-07,0.007166
4.8899401E-07,0.006923
4.8904401E-07,0.006680
4.8909401E-07,0.006376
4.8914401E-07,0.006011
4.8919401E-07,0.005707
4.8924401E-07,0.005342
4.8929401E-07,0.004977
4.8934401E-07,0.004673
4.8939401E-07,0.004308
4.8944401E-07,0.003943
4.8949401E-07,0.003639
4.8954401E-07,0.003275
4.8959401E-07,0.002971
4.8964401E-07,0.002666
4.8969401E-07,0.002362
4.8974401E-07,0.002058
4.8979401E-07,0.001754
4.8984401E-07,0.001450
4.8989401E-07,0.001146
4.8994401E-07,0.000903
4.8999401E-07,0.000660
4.9004401E-07,0.000477
4.9009401E-07,0.000295
4.9014401E-07,0.000173
4.9019401E-07,0.000112
4.9024401E-07,0.000112
4.9029401E-07,0.000234
4.9034401E-07,0.000417
4.9039401E-07,0.000721
4.9044401E-07,0.001085
4.9049401E-07,0.001633
4.9054401E-07,0.002241
4.9059401E-07,0.002971
4.9064401E-07,0.003822
4.9069401E-07,0.004795
4.9074401E-07,0.005829
4.9079401E-07,0.007045
4.9084401E-07,0.008261
4.9089401E-07,0.009660
4.9094401E-07,0.011058
4.9099401E-07,0.012578
4.9104401E-07,0.014099
4.9109401E-07,0.015740
4.9114401E-07,0.017443
4.9119401E-07,0.019146
4.9124401E-07,0.020909
4.9129401E-07,0.022794
4.9134401E-07,0.024740
4.9139401E-07,0.026747
4.9144401E-07,0.028814
4.9149401E-07,0.031064
4.9154401E-07,0.033436
4.9159401E-07,0.035929
4.9164401E-07,0.038605
4.9169401E-07,0.041402
4.9174401E-07,0.044442
4.9179401E-07,0.047665
4.9184401E-07,0.051132
4.9189401E-07,0.054780
4.9194401E-07,0.058611
4.9199401E-07,0.062746
4.9204401E-07,0.067064
4.9209401E-07,0.071563
4.9214401E-07,0.076307
4.9219401E-07,0.081232
4.9224401E-07,0.086401
4.9229401E-07,0.091752
4.9234401E-07,0.097286
4.9239401E-07,0.103002
4.9244401E-07,0.108900
4.9249401E-07,0.114981
4.9254401E-07,0.121305
4.9259401E-07,0.127812
4.9264401E-07,0.134562
4.9269401E-07,0.141555
4.9274401E-07,0.148852
4.9279401E-07,0.156392
4.9284401E-07,0.164298
4.9289401E-07,0.172507
4.9294401E-07,0.181081
4.9299401E-07,0.190020
4.9304401E-07,0.199385
4.9309401E-07,0.209175
4.9314401E-07,0.219391
4.9319401E-07,0.229972
4.9324401E-07,0.241039
4.9329401E-07,0.252471
4.9334401E-07,0.264390
4.9339401E-07,0.276673
4.9344401E-07,0.289261
4.9349401E-07,0.302274
4.9354401E-07,0.315591
4.9359401E-07,0.329152
4.9364401E-07,0.343016
4.9369401E-07,0.357063
4.9374401E-07,0.371293
4.9379401E-07,0.385765
4.9384401E-07,0.400299
4.9389401E-07,0.414954
4.9394401E-07,0.429791
4.9399401E-07,0.444629
4.9404401E-07,0.459527
4.9409401E-07,0.474547
4.9414401E-07,0.489567
4.9419401E-07,0.504647
4.9424401E-07,0.519789
4.9429401E-07,0.534991
4.9434401E-07,0.550194
4.9439401E-07,0.565457
4.9444401E-07,0.580720
4.9449401E-07,0.596044
4.9454401E-07,0.611307
4.9459401E-07,0.626631
4.9464401E-07,0.641955
4.9469401E-07,0.657218
4.9474401E-07,0.672420
4.9479401E-07,0.687562
4.9484401E-07,0.702582
4.9489401E-07,0.717480
4.9494401E-07,0.732196
4.9499401E-07,0.746729
4.9504401E-07,0.761080
4.9509401E-07,0.775188
4.9514401E-07,0.788992
4.9519401E-07,0.802491
4.9524401E-07,0.815687
4.9529401E-07,0.828518
4.9534401E-07,0.840984
4.9539401E-07,0.853085
4.9544401E-07,0.864760
4.9549401E-07,0.876071
4.9554401E-07,0.886895
4.9559401E-07,0.897354
4.9564401E-07,0.907327
4.9569401E-07,0.916813
4.9574401E-07,0.925873
4.9579401E-07,0.934508
4.9584401E-07,0.942596
4.9589401E-07,0.950197
4.9594401E-07,0.957312
4.9599401E-07,0.963879
4.9604401E-07,0.969960
4.9609401E-07,0.975494
4.9614401E-07,0.980541
4.9619401E-07,0.984980
4.9624401E-07,0.988811
4.9629401E-07,0.992156
4.9634401E-07,0.994892
4.9639401E-07,0.997020
4.9644401E-07,0.998601
4.9649401E-07,0.999574
4.9654401E-07,1.000000
4.9659401E-07,0.999878
4.9664401E-07,0.999149
4.9669401E-07,0.997932
4.9674401E-07,0.996230
4.9679401E-07,0.993980
4.9684401E-07,0.991365
4.9689401E-07,0.988264
4.9694401E-07,0.984798
4.9699401E-07,0.980967
4.9704401E-07,0.976832
4.9709401E-07,0.972393
4.9714401E-07,0.967771
4.9719401E-07,0.962906
4.9724401E-07,0.957859
4.9729401E-07,0.952690
4.9734401E-07,0.947339
4.9739401E-07,0.941927
4.9744401E-07,0.936454
4.9749401E-07,0.930921
4.9754401E-07,0.925265
4.9759401E-07,0.919610
4.9764401E-07,0.913894
4.9769401E-07,0.908178
4.9774401E-07,0.902340
4.9779401E-07,0.896503
4.9784401E-07,0.890665
4.9789401E-07,0.884766
4.9794401E-07,0.878807
4.9799401E-07,0.872787
4.9804401E-07,0.866767
4.9809401E-07,0.860747
4.9814401E-07,0.854666
4.9819401E-07,0.848646
4.9824401E-07,0.842626
4.9829401E-07,0.836605
4.9834401E-07,0.830646
4.9839401E-07,0.824748
4.9844401E-07,0.818971
4.9849401E-07,0.813255
4.9854401E-07,0.807660
4.9859401E-07,0.802248
4.9864401E-07,0.796897
4.9869401E-07,0.791728
4.9874401E-07,0.786620
4.9879401E-07,0.781755
4.9884401E-07,0.776951
4.9889401E-07,0.772269
4.9894401E-07,0.767708
4.9899401E-07,0.763269
4.9904401E-07,0.758891
4.9909401E-07,0.754574
4.9914401E-07,0.750256
4.9919401E-07,0.746000
4.9924401E-07,0.741743
4.9929401E-07,0.737547
4.9934401E-07,0.733290
4.9939401E-07,0.729034
4.9944401E-07,0.724716
4.9949401E-07,0.720399
4.9954401E-07,0.716081
4.9959401E-07,0.711764
4.9964401E-07,0.707386
4.9969401E-07,0.703068
4.9974401E-07,0.698811
4.9979401E-07,0.694494
4.9984401E-07,0.690298
4.9989401E-07,0.686102
4.9994401E-07,0.681967
4.9999401E-07,0.677954
5.0004401E-07,0.673940
5.0009401E-07,0.670049
5.0014401E-07,0.666157
5.0019401E-07,0.662387
5.0024401E-07,0.658617
5.0029401E-07,0.654907
5.0034401E-07,0.651198
5.0039401E-07,0.647488
5.0044401E-07,0.643718
5.0049401E-07,0.639948
5.0054401E-07,0.636056
5.0059401E-07,0.632164
5.0064401E-07,0.628151
5.0069401E-07,0.624016
5.0074401E-07,0.619820
5.0079401E-07,0.615442
5.0084401E-07,0.610942
5.0089401E-07,0.606381
5.0094401E-07,0.601638
5.0099401E-07,0.596773
5.0104401E-07,0.591787
5.0109401E-07,0.586740
5.0114401E-07,0.581571
5.0119401E-07,0.576281
5.0124401E-07,0.570930
5.0129401E-07,0.565457
5.0134401E-07,0.559923
5.0139401E-07,0.554329
5.0144401E-07,0.548673
5.0149401E-07,0.542896
5.0154401E-07,0.537120
5.0159401E-07,0.531221
5.0164401E-07,0.525262
5.0169401E-07,0.519181
5.0174401E-07,0.513100
5.0179401E-07,0.506897
5.0184401E-07,0.500634
5.0189401E-07,0.494310
5.0194401E-07,0.487925
5.0199401E-07,0.481479
5.0204401E-07,0.474972
5.0209401E-07,0.468405
5.0214401E-07,0.461838
5.0219401E-07,0.455270
5.0224401E-07,0.448703
5.0229401E-07,0.442196
5.0234401E-07,0.435750
5.0239401E-07,0.429305
5.0244401E-07,0.422980
5.0249401E-07,0.416717
5.0254401E-07,0.410636
5.0259401E-07,0.404616
5.0264401E-07,0.398718
5.0269401E-07,0.392941
5.0274401E-07,0.387346
5.0279401E-07,0.381813
5.0284401E-07,0.376401
5.0289401E-07,0.371171
5.0294401E-07,0.366002
5.0299401E-07,0.360894
5.0304401E-07,0.355908
5.0309401E-07,0.350921
5.0314401E-07,0.346057
5.0319401E-07,0.341192
5.0324401E-07,0.336388
5.0329401E-07,0.331584
5.0334401E-07,0.326841
5.0339401E-07,0.322098
5.0344401E-07,0.317355
5.0349401E-07,0.312672
5.0354401E-07,0.307990
5.0359401E-07,0.303369
5.0364401E-07,0.298808
5.0369401E-07,0.294308
5.0374401E-07,0.289930
5.0379401E-07,0.285673
5.0384401E-07,0.281538
5.0389401E-07,0.277525
5.0394401E-07,0.273754
5.0399401E-07,0.270106
5.0404401E-07,0.266640
5.0409401E-07,0.263417
5.0414401E-07,0.260376
5.0419401E-07,0.257579
5.0424401E-07,0.254964
5.0429401E-07,0.252654
5.0434401E-07,0.250525
5.0439401E-07,0.248640
5.0444401E-07,0.246998
5.0449401E-07,0.245539
5.0454401E-07,0.244323
5.0459401E-07,0.243350
5.0464401E-07,0.242559
5.0469401E-07,0.242012
5.0474401E-07,0.241647
5.0479401E-07,0.241465
5.0484401E-07,0.241525
5.0489401E-07,0.241708
5.0494401E-07,0.242194
5.0499401E-07,0.242802
5.0504401E-07,0.243654
5.0509401E-07,0.244688
5.0514401E-07,0.245904
5.0519401E-07,0.247363
5.0524401E-07,0.248944
5.0529401E-07,0.250647
5.0534401E-07,0.252532
5.0539401E-07,0.254539
5.0544401E-07,0.256606
5.0549401E-07,0.258734
5.0554401E-07,0.260924
5.0559401E-07,0.263113
5.0564401E-07,0.265241
5.0569401E-07,0.267309
5.0574401E-07,0.269255
5.0579401E-07,0.271079
5.0584401E-07,0.272721
5.0589401E-07,0.274119
5.0594401E-07,0.275335
5.0599401E-07,0.276308
5.0604401E-07,0.277038
5.0609401E-07,0.277464
5.0614401E-07,0.277707
5.0619401E-07,0.277646
5.0624401E-07,0.277403
5.0629401E-07,0.276977
5.0634401E-07,0.276369
5.0639401E-07,0.275639
5.0644401E-07,0.274788
5.0649401E-07,0.273815
5.0654401E-07,0.272842
5.0659401E-07,0.271869
5.0664401E-07,0.270896
5.0669401E-07,0.269984
5.0674401E-07,0.269133
5.0679401E-07,0.268342
5.0684401E-07,0.267613
5.0689401E-07,0.266944
5.0694401E-07,0.266396
5.0699401E-07,0.265910
5.0704401E-07,0.265484
5.0709401E-07,0.265119
5.0714401E-07,0.264694
5.0719401E-07,0.264329
5.0724401E-07,0.263964
5.0729401E-07,0.263538
5.0734401E-07,0.263052
5.0739401E-07,0.262505
5.0744401E-07,0.261897
5.0749401E-07,0.261167
5.0754401E-07,0.260376
5.0759401E-07,0.259464
5.0764401E-07,0.258491
5.0769401E-07,0.257397
5.0774401E-07,0.256181
5.0779401E-07,0.254964
5.0784401E-07,0.253627
5.0789401E-07,0.252289
5.0794401E-07,0.250829
5.0799401E-07,0.249370
5.0804401E-07,0.247789
5.0809401E-07,0.246208
5.0814401E-07,0.244566
5.0819401E-07,0.242924
5.0824401E-07,0.241161
5.0829401E-07,0.239336
5.0834401E-07,0.237512
5.0839401E-07,0.235566
5.0844401E-07,0.233559
5.0849401E-07,0.231431
5.0854401E-07,0.229303
5.0859401E-07,0.227053
5.0864401E-07,0.224742
5.0869401E-07,0.222431
5.0874401E-07,0.219999
5.0879401E-07,0.217627
5.0884401E-07,0.215195
5.0889401E-07,0.212763
5.0894401E-07,0.210391
5.0899401E-07,0.208080
5.0904401E-07,0.205830
5.0909401E-07,0.203702
5.0914401E-07,0.201635
5.0919401E-07,0.199689
5.0924401E-07,0.197925
5.0929401E-07,0.196223
5.0934401E-07,0.194702
5.0939401E-07,0.193304
5.0944401E-07,0.192027
5.0949401E-07,0.190810
5.0954401E-07,0.189777
5.0959401E-07,0.188743
5.0964401E-07,0.187770
5.0969401E-07,0.186858
5.0974401E-07,0.185946
5.0979401E-07,0.185034
5.0984401E-07,0.184121
5.0989401E-07,0.183149
5.0994401E-07,0.182176
5.0999401E-07,0.181142
5.1004401E-07,0.180108
5.1009401E-07,0.178953
5.1014401E-07,0.177858
5.1019401E-07,0.176703
5.1024401E-07,0.175547
5.1029401E-07,0.174453
5.1034401E-07,0.173358
5.1039401E-07,0.172264
5.1044401E-07,0.171291
5.1049401E-07,0.170379
5.1054401E-07,0.169588
5.1059401E-07,0.168858
5.1064401E-07,0.168250
5.1069401E-07,0.167764
5.1074401E-07,0.167399
5.1079401E-07,0.167095
5.1084401E-07,0.166912
5.1089401E-07,0.166791
5.1094401E-07,0.166730
5.1099401E-07,0.166669
5.1104401E-07,0.166669
5.1109401E-07,0.166669
5.1114401E-07,0.166669
5.1119401E-07,0.166669
5.1124401E-07,0.166548
5.1129401E-07,0.166426
5.1134401E-07,0.166244
5.1139401E-07,0.166000
5.1144401E-07,0.165635
5.1149401E-07,0.165271
5.1154401E-07,0.164845
5.1159401E-07,0.164358
5.1164401E-07,0.163811
5.1169401E-07,0.163325
5.1174401E-07,0.162777
5.1179401E-07,0.162291
5.1184401E-07,0.161865
5.1189401E-07,0.161440
5.1194401E-07,0.161136
5.1199401E-07,0.160832
5.1204401E-07,0.160710
5.1209401E-07,0.160588
5.1214401E-07,0.160588
5.1219401E-07,0.160649
5.1224401E-07,0.160771
5.1229401E-07,0.161014
5.1234401E-07,0.161196
5.1239401E-07,0.161440
5.1244401E-07,0.161683
5.1249401E-07,0.161926
5.1254401E-07,0.162048
5.1259401E-07,0.162169
5.1264401E-07,0.162169
5.1269401E-07,0.162109
5.1274401E-07,0.161865
5.1279401E-07,0.161500
5.1284401E-07,0.161075
5.1289401E-07,0.160467
5.1294401E-07,0.159737
5.1299401E-07,0.158886
5.1304401E-07,0.157913
5.1309401E-07,0.156879
5.1314401E-07,0.155784
5.1319401E-07,0.154568
5.1324401E-07,0.153352
5.1329401E-07,0.152075
5.1334401E-07,0.150737
5.1339401E-07,0.149460
5.1344401E-07,0.148122
5.1349401E-07,0.146845
5.1354401E-07,0.145568
5.1359401E-07,0.144231
5.1364401E-07,0.142954
5.1369401E-07,0.141677
5.1374401E-07,0.140400
5.1379401E-07,0.139062
5.1384401E-07,0.137724
5.1389401E-07,0.136265
5.1394401E-07,0.134805
5.1399401E-07,0.133285
5.1404401E-07,0.131704
5.1409401E-07,0.130001
5.1414401E-07,0.128238
5.1419401E-07,0.126413
5.1424401E-07,0.124468
5.1429401E-07,0.122522
5.1434401E-07,0.120515
5.1439401E-07,0.118508
5.1444401E-07,0.116441
5.1449401E-07,0.114434
5.1454401E-07,0.112366
5.1459401E-07,0.110421
5.1464401E-07,0.108475
5.1469401E-07,0.106650
5.1474401E-07,0.104887
5.1479401E-07,0.103184
5.1484401E-07,0.101603
5.1489401E-07,0.100144
5.1494401E-07,0.098745
5.1499401E-07,0.097407
5.1504401E-07,0.096191
5.1509401E-07,0.095036
5.1514401E-07,0.093941
5.1519401E-07,0.092908
5.1524401E-07,0.091935
5.1529401E-07,0.091022
5.1534401E-07,0.090110
5.1539401E-07,0.089198
5.1544401E-07,0.088408
5.1549401E-07,0.087617
5.1554401E-07,0.086887
5.1559401E-07,0.086158
5.1564401E-07,0.085550
5.1569401E-07,0.085002
5.1574401E-07,0.084516
5.1579401E-07,0.084151
5.1584401E-07,0.083847
5.1589401E-07,0.083664
5.1594401E-07,0.083604
5.1599401E-07,0.083664
5.1604401E-07,0.083847
5.1609401E-07,0.084090
5.1614401E-07,0.084455
5.1619401E-07,0.084941
5.1624401E-07,0.085428
5.1629401E-07,0.086036
5.1634401E-07,0.086644
5.1639401E-07,0.087252
5.1644401E-07,0.087921
5.1649401E-07,0.088529
5.1654401E-07,0.089137
5.1659401E-07,0.089685
5.1664401E-07,0.090171
5.1669401E-07,0.090597
5.1674401E-07,0.090962
5.1679401E-07,0.091266
5.1684401E-07,0.091509
5.1689401E-07,0.091691
5.1694401E-07,0.091813
5.1699401E-07,0.091935
5.1704401E-07,0.092056
5.1709401E-07,0.092239
5.1714401E-07,0.092360
5.1719401E-07,0.092543
5.1724401E-07,0.092786
5.1729401E-07,0.093090
5.1734401E-07,0.093455
5.1739401E-07,0.093941
5.1744401E-07,0.094489
5.1749401E-07,0.095097
5.1754401E-07,0.095766
5.1759401E-07,0.096556
5.1764401E-07,0.097407
5.1769401E-07,0.098259
5.1774401E-07,0.099171
5.1779401E-07,0.100144
5.1784401E-07,0.101117
5.1789401E-07,0.102090
5.1794401E-07,0.103002
5.1799401E-07,0.103975
5.1804401E-07,0.104826
5.1809401E-07,0.105677
5.1814401E-07,0.106468
5.1819401E-07,0.107259
5.1824401E-07,0.107927
5.1829401E-07,0.108535
5.1834401E-07,0.109083
5.1839401E-07,0.109630
5.1844401E-07,0.110056
5.1849401E-07,0.110481
5.1854401E-07,0.110785
5.1859401E-07,0.111150
5.1864401E-07,0.111394
5.1869401E-07,0.111637
5.1874401E-07,0.111819
5.1879401E-07,0.111941
5.1884401E-07,0.112062
5.1889401E-07,0.112062
5.1894401E-07,0.112062
5.1899401E-07,0.112002
5.1904401E-07,0.111880
5.1909401E-07,0.111698
5.1914401E-07,0.111394
5.1919401E-07,0.111029
5.1924401E-07,0.110603
5.1929401E-07,0.110056
5.1934401E-07,0.109387
5.1939401E-07,0.108596
5.1944401E-07,0.107745
5.1949401E-07,0.106833
5.1954401E-07,0.105799
5.1959401E-07,0.104644
5.1964401E-07,0.103488
5.1969401E-07,0.102211
5.1974401E-07,0.100934
5.1979401E-07,0.099657
5.1984401E-07,0.098380
5.1989401E-07,0.097103
5.1994401E-07,0.095826
5.1999401E-07,0.094610
5.2004401E-07,0.093516
5.2009401E-07,0.092421
5.2014401E-07,0.091448
5.2019401E-07,0.090597
5.2024401E-07,0.089806
5.2029401E-07,0.089077
5.2034401E-07,0.088468
5.2039401E-07,0.087982
5.2044401E-07,0.087556
5.2049401E-07,0.087131
5.2054401E-07,0.086827
5.2059401E-07,0.086523
5.2064401E-07,0.086279
5.2069401E-07,0.086036
5.2074401E-07,0.085854
5.2079401E-07,0.085610
5.2084401E-07,0.085367
5.2089401E-07,0.085124
5.2094401E-07,0.084820
5.2099401E-07,0.084577
5.2104401E-07,0.084273
5.2109401E-07,0.083969
5.2114401E-07,0.083604
5.2119401E-07,0.083300
5.2124401E-07,0.083056
5.2129401E-07,0.082752
5.2134401E-07,0.082509
5.2139401E-07,0.082266
5.2144401E-07,0.082023
5.2149401E-07,0.081840
5.2154401E-07,0.081658
5.2159401E-07,0.081536
5.2164401E-07,0.081354
5.2169401E-07,0.081232
5.2174401E-07,0.081050
5.2179401E-07,0.080928
5.2184401E-07,0.080685
5.2189401E-07,0.080502
5.2194401E-07,0.080198
5.2199401E-07,0.079894
5.2204401E-07,0.079529
5.2209401E-07,0.079165
5.2214401E-07,0.078678
5.2219401E-07,0.078192
5.2224401E-07,0.077705
5.2229401E-07,0.077158
5.2234401E-07,0.076611
5.2239401E-07,0.076063
5.2244401E-07,0.075577
5.2249401E-07,0.075090
5.2254401E-07,0.074604
5.2259401E-07,0.074178
5.2264401E-07,0.073813
5.2269401E-07,0.073509
5.2274401E-07,0.073266
5.2279401E-07,0.073084
5.2284401E-07,0.072901
5.2289401E-07,0.072719
5.2294401E-07,0.072597
5.2299401E-07,0.072415
5.2304401E-07,0.072293
5.2309401E-07,0.072050
5.2314401E-07,0.071807
5.2319401E-07,0.071503
5.2324401E-07,0.071077
5.2329401E-07,0.070590
5.2334401E-07,0.069982
5.2339401E-07,0.069313
5.2344401E-07,0.068584
5.2349401E-07,0.067732
5.2354401E-07,0.066760
5.2359401E-07,0.065787
5.2364401E-07,0.064753
5.2369401E-07,0.063719
5.2374401E-07,0.062685
5.2379401E-07,0.061652
5.2384401E-07,0.060679
5.2389401E-07,0.059766
5.2394401E-07,0.058854
5.2399401E-07,0.058125
5.2404401E-07,0.057395
5.2409401E-07,0.056787
5.2414401E-07,0.056300
5.2419401E-07,0.055875
5.2424401E-07,0.055571
5.2429401E-07,0.055267
5.2434401E-07,0.055084
5.2439401E-07,0.054902
5.2444401E-07,0.054719
5.2449401E-07,0.054598
5.2454401E-07,0.054415
5.2459401E-07,0.054233
5.2464401E-07,0.053990
5.2469401E-07,0.053686
5.2474401E-07,0.053321
5.2479401E-07,0.052956
5.2484401E-07,0.052469
5.2489401E-07,0.051922
5.2494401E-07,0.051375
5.2499401E-07,0.050706
5.2504401E-07,0.050098
5.2509401E-07,0.049429
5.2514401E-07,0.048699
5.2519401E-07,0.048091
5.2524401E-07,0.047422
5.2529401E-07,0.046814
5.2534401E-07,0.046267
5.2539401E-07,0.045780
5.2544401E-07,0.045355
5.2549401E-07,0.044929
5.2554401E-07,0.044625
5.2559401E-07,0.044321
5.2564401E-07,0.044078
5.2569401E-07,0.043895
5.2574401E-07,0.043713
5.2579401E-07,0.043530
5.2584401E-07,0.043287
5.2589401E-07,0.043105
5.2594401E-07,0.042861
5.2599401E-07,0.042557
5.2604401E-07,0.042253
5.2609401E-07,0.041828
5.2614401E-07,0.041402
5.2619401E-07,0.040855
5.2624401E-07,0.040307
5.2629401E-07,0.039699
5.2634401E-07,0.039030
5.2639401E-07,0.038362
5.2644401E-07,0.037632
5.2649401E-07,0.036963
5.2654401E-07,0.036233
5.2659401E-07,0.035625
5.2664401E-07,0.035017
5.2669401E-07,0.034470
5.2674401E-07,0.033983
5.2679401E-07,0.033618
5.2684401E-07,0.033314
5.2689401E-07,0.033132
5.2694401E-07,0.033010
5.2699401E-07,0.033071
5.2704401E-07,0.033132
5.2709401E-07,0.033375
5.2714401E-07,0.033679
5.2719401E-07,0.034044
5.2724401E-07,0.034470
5.2729401E-07,0.034956
5.2734401E-07,0.035504
5.2739401E-07,0.036112
5.2744401E-07,0.036720
5.2749401E-07,0.037389
5.2754401E-07,0.038058
5.2759401E-07,0.038787
5.2764401E-07,0.039517
5.2769401E-07,0.040247
5.2774401E-07,0.041037
5.2779401E-07,0.041828
5.2784401E-07,0.042618
5.2789401E-07,0.043530
5.2794401E-07,0.044442
5.2799401E-07,0.045355
5.2804401E-07,0.046388
5.2809401E-07,0.047422
5.2814401E-07,0.048517
5.2819401E-07,0.049611
5.2824401E-07,0.050767
5.2829401E-07,0.051922
5.2834401E-07,0.053077
5.2839401E-07,0.054233
5.2844401E-07,0.055327
5.2849401E-07,0.056361
5.2854401E-07,0.057334
5.2859401E-07,0.058246
5.2864401E-07,0.059098
5.2869401E-07,0.059827
5.2874401E-07,0.060435
5.2879401E-07,0.060983
5.2884401E-07,0.061408
5.2889401E-07,0.061773
5.2894401E-07,0.062016
5.2899401E-07,0.062199
5.2904401E-07,0.062381
5.2909401E-07,0.062503
5.2914401E-07,0.062624
5.2919401E-07,0.062746
5.2924401E-07,0.062929
5.2929401E-07,0.063172
5.2934401E-07,0.063415
5.2939401E-07,0.063780
5.2944401E-07,0.064206
5.2949401E-07,0.064753
5.2954401E-07,0.065300
5.2959401E-07,0.065969
5.2964401E-07,0.066699
5.2969401E-07,0.067489
5.2974401E-07,0.068280
5.2979401E-07,0.069070
5.2984401E-07,0.069861
5.2989401E-07,0.070590
5.2994401E-07,0.071320
5.2999401E-07,0.071989
5.3004401E-07,0.072536
5.3009401E-07,0.073023
5.3014401E-07,0.073388
5.3019401E-07,0.073692
5.3024401E-07,0.073874
5.3029401E-07,0.073996
5.3034401E-07,0.073996
5.3039401E-07,0.073996
5.3044401E-07,0.073874
5.3049401E-07,0.073692
5.3054401E-07,0.073509
5.3059401E-07,0.073266
5.3064401E-07,0.072962
5.3069401E-07,0.072719
5.3074401E-07,0.072354
5.3079401E-07,0.072050
5.3084401E-07,0.071624
5.3089401E-07,0.071199
5.3094401E-07,0.070712
5.3099401E-07,0.070165
5.3104401E-07,0.069557
5.3109401E-07,0.068827
5.3114401E-07,0.068036
5.3119401E-07,0.067124
5.3124401E-07,0.066091
5.3129401E-07,0.064935
5.3134401E-07,0.063658
5.3139401E-07,0.062260
5.3144401E-07,0.060800
5.3149401E-07,0.059280
5.3154401E-07,0.057638
5.3159401E-07,0.055996
5.3164401E-07,0.054354
5.3169401E-07,0.052713
5.3174401E-07,0.051132
5.3179401E-07,0.049611
5.3184401E-07,0.048152
5.3189401E-07,0.046814
5.3194401E-07,0.045598
5.3199401E-07,0.044564
5.3204401E-07,0.043652
5.3209401E-07,0.042922
5.3214401E-07,0.042314
5.3219401E-07,0.041888
5.3224401E-07,0.041524
5.3229401E-07,0.041341
5.3234401E-07,0.041220
5.3239401E-07,0.041220
5.3244401E-07,0.041280
5.3249401E-07,0.041341
5.3254401E-07,0.041402
5.3259401E-07,0.041463
5.3264401E-07,0.041463
5.3269401E-07,0.041463
5.3274401E-07,0.041402
5.3279401E-07,0.041220
5.3284401E-07,0.041037
5.3289401E-07,0.040733
5.3294401E-07,0.040368
5.3299401E-07,0.039882
5.3304401E-07,0.039395
5.3309401E-07,0.038848
5.3314401E-07,0.038240
5.3319401E-07,0.037632
5.3324401E-07,0.037024
5.3329401E-07,0.036416
5.3334401E-07,0.035808
5.3339401E-07,0.035199
5.3344401E-07,0.034652
5.3349401E-07,0.034105
5.3354401E-07,0.033618
5.3359401E-07,0.033193
5.3364401E-07,0.032828
5.3369401E-07,0.032463
5.3374401E-07,0.032159
5.3379401E-07,0.031855
5.3384401E-07,0.031551
5.3389401E-07,0.031308
5.3394401E-07,0.031004
5.3399401E-07,0.030760
5.3404401E-07,0.030456
5.3409401E-07,0.030152
5.3414401E-07,0.029787
5.3419401E-07,0.029483
5.3424401E-07,0.029119
5.3429401E-07,0.028754
5.3434401E-07,0.028389
5.3439401E-07,0.028024
5.3444401E-07,0.027720
5.3449401E-07,0.027416
5.3454401E-07,0.027112
5.3459401E-07,0.026929
5.3464401E-07,0.026869
5.3469401E-07,0.026808
5.3474401E-07,0.026929
5.3479401E-07,0.027112
5.3484401E-07,0.027416
5.3489401E-07,0.027842
5.3494401E-07,0.028389
5.3499401E-07,0.029058
5.3504401E-07,0.029787
5.3509401E-07,0.030639
5.3514401E-07,0.031612
5.3519401E-07,0.032585
5.3524401E-07,0.033618
5.3529401E-07,0.034713
5.3534401E-07,0.035747
5.3539401E-07,0.036841
5.3544401E-07,0.037875
5.3549401E-07,0.038909
5.3554401E-07,0.039882
5.3559401E-07,0.040794
5.3564401E-07,0.041645
5.3569401E-07,0.042436
5.3574401E-07,0.043165
5.3579401E-07,0.043895
5.3584401E-07,0.044564
5.3589401E-07,0.045172
5.3594401E-07,0.045780
5.3599401E-07,0.046388
5.3604401E-07,0.046996
5.3609401E-07,0.047605
5.3614401E-07,0.048213
5.3619401E-07,0.048882
5.3624401E-07,0.049550
5.3629401E-07,0.050159
5.3634401E-07,0.050827
5.3639401E-07,0.051496
5.3644401E-07,0.052104
5.3649401E-07,0.052652
5.3654401E-07,0.053199
5.3659401E-07,0.053625
5.3664401E-07,0.053990
5.3669401E-07,0.054233
5.3674401E-07,0.054415
5.3679401E-07,0.054476
5.3684401E-07,0.054415
5.3689401E-07,0.054294
5.3694401E-07,0.054050
5.3699401E-07,0.053746
5.3704401E-07,0.053381
5.3709401E-07,0.052956
5.3714401E-07,0.052469
5.3719401E-07,0.052044
5.3724401E-07,0.051618
5.3729401E-07,0.051253
5.3734401E-07,0.050888
5.3739401E-07,0.050645
5.3744401E-07,0.050523
5.3749401E-07,0.050402
5.3754401E-07,0.050402
5.3759401E-07,0.050523
5.3764401E-07,0.050706
5.3769401E-07,0.050949
5.3774401E-07,0.051253
5.3779401E-07,0.051557
5.3784401E-07,0.051922
5.3789401E-07,0.052226
5.3794401E-07,0.052469
5.3799401E-07,0.052713
5.3804401E-07,0.052895
5.3809401E-07,0.052956
5.3814401E-07,0.052956
5.3819401E-07,0.052834
5.3824401E-07,0.052591
5.3829401E-07,0.052287
5.3834401E-07,0.051861
5.3839401E-07,0.051375
5.3844401E-07,0.050827
5.3849401E-07,0.050219
5.3854401E-07,0.049611
5.3859401E-07,0.048942
5.3864401E-07,0.048334
5.3869401E-07,0.047665
5.3874401E-07,0.047057
5.3879401E-07,0.046510
5.3884401E-07,0.045963
5.3889401E-07,0.045476
5.3894401E-07,0.045051
5.3899401E-07,0.044625
5.3904401E-07,0.044260
5.3909401E-07,0.043956
5.3914401E-07,0.043591
5.3919401E-07,0.043287
5.3924401E-07,0.042983
5.3929401E-07,0.042679
5.3934401E-07,0.042375
5.3939401E-07,0.042071
5.3944401E-07,0.041767
5.3949401E-07,0.041402
5.3954401E-07,0.041098
5.3959401E-07,0.040794
5.3964401E-07,0.040490
5.3969401E-07,0.040247
5.3974401E-07,0.040003
5.3979401E-07,0.039882
5.3984401E-07,0.039821
5.3989401E-07,0.039821
5.3994401E-07,0.039882
5.3999401E-07,0.040064
5.4004401E-07,0.040368
5.4009401E-07,0.040733
5.4014401E-07,0.041220
5.4019401E-07,0.041767
5.4024401E-07,0.042375
5.4029401E-07,0.043044
5.4034401E-07,0.043713
5.4039401E-07,0.044442
5.4044401E-07,0.045172
5.4049401E-07,0.045780
5.4054401E-07,0.046449
5.4059401E-07,0.046936
5.4064401E-07,0.047422
5.4069401E-07,0.047726
5.4074401E-07,0.047969
5.4079401E-07,0.048030
5.4084401E-07,0.047969
5.4089401E-07,0.047787
5.4094401E-07,0.047544
5.4099401E-07,0.047118
5.4104401E-07,0.046571
5.4109401E-07,0.045963
5.4114401E-07,0.045294
5.4119401E-07,0.044503
5.4124401E-07,0.043713
5.4129401E-07,0.042922
5.4134401E-07,0.042071
5.4139401E-07,0.041280
5.4144401E-07,0.040490
5.4149401E-07,0.039699
5.4154401E-07,0.038970
5.4159401E-07,0.038301
5.4164401E-07,0.037632
5.4169401E-07,0.037085
5.4174401E-07,0.036537
5.4179401E-07,0.035990
5.4184401E-07,0.035504
5.4189401E-07,0.035017
5.4194401E-07,0.034531
5.4199401E-07,0.034044
5.4204401E-07,0.033558
5.4209401E-07,0.033071
5.4214401E-07,0.032524
5.4219401E-07,0.031977
5.4224401E-07,0.031429
5.4229401E-07,0.030821
5.4234401E-07,0.030274
5.4239401E-07,0.029666
5.4244401E-07,0.029058
5.4249401E-07,0.028450
5.4254401E-07,0.027902
5.4259401E-07,0.027355
5.4264401E-07,0.026869
5.4269401E-07,0.026504
5.4274401E-07,0.026139
5.4279401E-07,0.025896
5.4284401E-07,0.025713
5.4289401E-07,0.025592
5.4294401E-07,0.025531
5.4299401E-07,0.025592
5.4304401E-07,0.025713
5.4309401E-07,0.025835
5.4314401E-07,0.026078
5.4319401E-07,0.026261
5.4324401E-07,0.026504
5.4329401E-07,0.026686
5.4334401E-07,0.026869
5.4339401E-07,0.027051
5.4344401E-07,0.027112
5.4349401E-07,0.027173
5.4354401E-07,0.027173
5.4359401E-07,0.027112
5.4364401E-07,0.027051
5.4369401E-07,0.026869
5.4374401E-07,0.026686
5.4379401E-07,0.026504
5.4384401E-07,0.026321
5.4389401E-07,0.026078
5.4394401E-07,0.025956
5.4399401E-07,0.025835
5.4404401E-07,0.025713
5.4409401E-07,0.025713
5.4414401E-07,0.025713
5.4419401E-07,0.025835
5.4424401E-07,0.025956
5.4429401E-07,0.026200
5.4434401E-07,0.026443
5.4439401E-07,0.026686
5.4444401E-07,0.026990
5.4449401E-07,0.027233
5.4454401E-07,0.027537
5.4459401E-07,0.027720
5.4464401E-07,0.027902
5.4469401E-07,0.027963
5.4474401E-07,0.028024
5.4479401E-07,0.027963
5.4484401E-07,0.027842
5.4489401E-07,0.027659
5.4494401E-07,0.027355
5.4499401E-07,0.027051
5.4504401E-07,0.026747
5.4509401E-07,0.026382
5.4514401E-07,0.026078
5.4519401E-07,0.025774
5.4524401E-07,0.025531
5.4529401E-07,0.025409
5.4534401E-07,0.025288
5.4539401E-07,0.025348
5.4544401E-07,0.025470
5.4549401E-07,0.025652
5.4554401E-07,0.026017
5.4559401E-07,0.026382
5.4564401E-07,0.026869
5.4569401E-07,0.027416
5.4574401E-07,0.027963
5.4579401E-07,0.028571
5.4584401E-07,0.029119
5.4589401E-07,0.029605
5.4594401E-07,0.030031
5.4599401E-07,0.030335
5.4604401E-07,0.030578
5.4609401E-07,0.030639
5.4614401E-07,0.030578
5.4619401E-07,0.030396
5.4624401E-07,0.030031
5.4629401E-07,0.029544
5.4634401E-07,0.028936
5.4639401E-07,0.028267
5.4644401E-07,0.027477
5.4649401E-07,0.026625
5.4654401E-07,0.025774
5.4659401E-07,0.024862
5.4664401E-07,0.024011
5.4669401E-07,0.023220
5.4674401E-07,0.022430
5.4679401E-07,0.021761
5.4684401E-07,0.021153
5.4689401E-07,0.020666
5.4694401E-07,0.020240
5.4699401E-07,0.019936
5.4704401E-07,0.019754
5.4709401E-07,0.019632
5.4714401E-07,0.019571
5.4719401E-07,0.019571
5.4724401E-07,0.019632
5.4729401E-07,0.019754
5.4734401E-07,0.019815
5.4739401E-07,0.019936
5.4744401E-07,0.020058
5.4749401E-07,0.020180
5.4754401E-07,0.020301
5.4759401E-07,0.020423
5.4764401E-07,0.020484
5.4769401E-07,0.020605
5.4774401E-07,0.020727
5.4779401E-07,0.020848
5.4784401E-07,0.020970
5.4789401E-07,0.021153
5.4794401E-07,0.021335
5.4799401E-07,0.021639
5.4804401E-07,0.021943
5.4809401E-07,0.022369
5.4814401E-07,0.022794
5.4819401E-07,0.023342
5.4824401E-07,0.023889
5.4829401E-07,0.024497
5.4834401E-07,0.025166
5.4839401E-07,0.025835
5.4844401E-07,0.026565
5.4849401E-07,0.027233
5.4854401E-07,0.027902
5.4859401E-07,0.028571
5.4864401E-07,0.029179
5.4869401E-07,0.029727
5.4874401E-07,0.030213
5.4879401E-07,0.030639
5.4884401E-07,0.031004
5.4889401E-07,0.031308
5.4894401E-07,0.031551
5.4899401E-07,0.031673
5.4904401E-07,0.031855
5.4909401E-07,0.031916
5.4914401E-07,0.031977
5.4919401E-07,0.032037
5.4924401E-07,0.032098
5.4929401E-07,0.032159
5.4934401E-07,0.032220
5.4939401E-07,0.032281
5.4944401E-07,0.032402
5.4949401E-07,0.032524
5.4954401E-07,0.032706
5.4959401E-07,0.032889
5.4964401E-07,0.033132
5.4969401E-07,0.033314
5.4974401E-07,0.033558
5.4979401E-07,0.033740
5.4984401E-07,0.033922
5.4989401E-07,0.033983
5.4994401E-07,0.034044
5.4999401E-07,0.034044
5.5004401E-07,0.033983
5.5009401E-07,0.033801
5.5014401E-07,0.033497
5.5019401E-07,0.033193
5.5024401E-07,0.032767
5.5029401E-07,0.032281
5.5034401E-07,0.031733
5.5039401E-07,0.031125
5.5044401E-07,0.030517
5.5049401E-07,0.029848
5.5054401E-07,0.029240
5.5059401E-07,0.028693
5.5064401E-07,0.028146
5.5069401E-07,0.027659
5.5074401E-07,0.027233
5.5079401E-07,0.026929
5.5084401E-07,0.026747
5.5089401E-07,0.026625
5.5094401E-07,0.026565
5.5099401E-07,0.026625
5.5104401E-07,0.026808
5.5109401E-07,0.026990
5.5114401E-07,0.027233
5.5119401E-07,0.027537
5.5124401E-07,0.027842
5.5129401E-07,0.028085
5.5134401E-07,0.028328
5.5139401E-07,0.028510
5.5144401E-07,0.028693
5.5149401E-07,0.028754
5.5154401E-07,0.028754
5.5159401E-07,0.028632
5.5164401E-07,0.028450
5.5169401E-07,0.028146
5.5174401E-07,0.027842
5.5179401E-07,0.027416
5.5184401E-07,0.026929
5.5189401E-07,0.026443
5.5194401E-07,0.025896
5.5199401E-07,0.025348
5.5204401E-07,0.024740
5.5209401E-07,0.024193
5.5214401E-07,0.023646
5.5219401E-07,0.023159
5.5224401E-07,0.022612
5.5229401E-07,0.022125
5.5234401E-07,0.021578
5.5239401E-07,0.021092
5.5244401E-07,0.020544
5.5249401E-07,0.019997
5.5254401E-07,0.019389
5.5259401E-07,0.018781
5.5264401E-07,0.018051
5.5269401E-07,0.017261
5.5274401E-07,0.016470
5.5279401E-07,0.015558
5.5284401E-07,0.014585
5.5289401E-07,0.013551
5.5294401E-07,0.012518
5.5299401E-07,0.011484
5.5304401E-07,0.010450
5.5309401E-07,0.009416
5.5314401E-07,0.008443
5.5319401E-07,0.007531
5.5324401E-07,0.006741
5.5329401E-07,0.006072
5.5334401E-07,0.005525
5.5339401E-07,0.005160
5.5344401E-07,0.004916
5.5349401E-07,0.004856
5.5354401E-07,0.004977
5.5359401E-07,0.005220
5.5364401E-07,0.005646
5.5369401E-07,0.006133
5.5374401E-07,0.006741
5.5379401E-07,0.007470
5.5384401E-07,0.008200
5.5389401E-07,0.008930
5.5394401E-07,0.009660
5.5399401E-07,0.010328
5.5404401E-07,0.010997
5.5409401E-07,0.011545
5.5414401E-07,0.012031
5.5419401E-07,0.012396
5.5424401E-07,0.012639
5.5429401E-07,0.012822
5.5434401E-07,0.012882
5.5439401E-07,0.012822
5.5444401E-07,0.012700
5.5449401E-07,0.012578
5.5454401E-07,0.012335
5.5459401E-07,0.012092
5.5464401E-07,0.011849
5.5469401E-07,0.011605
5.5474401E-07,0.011362
5.5479401E-07,0.011119
5.5484401E-07,0.010937
5.5489401E-07,0.010815
5.5494401E-07,0.010693
5.5499401E-07,0.010693
5.5504401E-07,0.010633
5.5509401E-07,0.010633
5.5514401E-07,0.010693
5.5519401E-07,0.010754
5.5524401E-07,0.010876
5.5529401E-07,0.010997
5.5534401E-07,0.011119
5.5539401E-07,0.011241
5.5544401E-07,0.011362
5.5549401E-07,0.011545
5.5554401E-07,0.011727
5.5559401E-07,0.011970
5.5564401E-07,0.012274
5.5569401E-07,0.012578
5.5574401E-07,0.012943
5.5579401E-07,0.013430
5.5584401E-07,0.013977
5.5589401E-07,0.014585
5.5594401E-07,0.015315
5.5599401E-07,0.016105
5.5604401E-07,0.016957
5.5609401E-07,0.017930
5.5614401E-07,0.018903
5.5619401E-07,0.019936
5.5624401E-07,0.021031
5.5629401E-07,0.022065
5.5634401E-07,0.023098
5.5639401E-07,0.024071
5.5644401E-07,0.024984
5.5649401E-07,0.025774
5.5654401E-07,0.026443
5.5659401E-07,0.026990
5.5664401E-07,0.027416
5.5669401E-07,0.027659
5.5674401E-07,0.027720
5.5679401E-07,0.027659
5.5684401E-07,0.027416
5.5689401E-07,0.027051
5.5694401E-07,0.026565
5.5699401E-07,0.025956
5.5704401E-07,0.025288
5.5709401E-07,0.024619
5.5714401E-07,0.023889
5.5719401E-07,0.023159
5.5724401E-07,0.022490
5.5729401E-07,0.021882
5.5734401E-07,0.021335
5.5739401E-07,0.020909
5.5744401E-07,0.020605
5.5749401E-07,0.020423
5.5754401E-07,0.020362
5.5759401E-07,0.020423
5.5764401E-07,0.020666
5.5769401E-07,0.020909
5.5774401E-07,0.021335
5.5779401E-07,0.021761
5.5784401E-07,0.022308
5.5789401E-07,0.022855
5.5794401E-07,0.023402
5.5799401E-07,0.023889
5.5804401E-07,0.024375
5.5809401E-07,0.024801
5.5814401E-07,0.025166
5.5819401E-07,0.025470
5.5824401E-07,0.025652
5.5829401E-07,0.025774
5.5834401E-07,0.025835
5.5839401E-07,0.025774
5.5844401E-07,0.025713
5.5849401E-07,0.025531
5.5854401E-07,0.025348
5.5859401E-07,0.025166
5.5864401E-07,0.024984
5.5869401E-07,0.024862
5.5874401E-07,0.024679
5.5879401E-07,0.024619
5.5884401E-07,0.024558
5.5889401E-07,0.024558
5.5894401E-07,0.024619
5.5899401E-07,0.024679
5.5904401E-07,0.024801
5.5909401E-07,0.024923
5.5914401E-07,0.025105
5.5919401E-07,0.025227
5.5924401E-07,0.025409
5.5929401E-07,0.025470
5.5934401E-07,0.025531
5.5939401E-07,0.025531
5.5944401E-07,0.025409
5.5949401E-07,0.025288
5.5954401E-07,0.025044
5.5959401E-07,0.024740
5.5964401E-07,0.024375
5.5969401E-07,0.023950
5.5974401E-07,0.023463
5.5979401E-07,0.023038
5.5984401E-07,0.022551
5.5989401E-07,0.022065
5.5994401E-07,0.021639
5.5999401E-07,0.021274
5.6004401E-07,0.020970
5.6009401E-07,0.020727
5.6014401E-07,0.020605
5.6019401E-07,0.020544
5.6024401E-07,0.020544
5.6029401E-07,0.020666
5.6034401E-07,0.020788
5.6039401E-07,0.021031
5.6044401E-07,0.021274
5.6049401E-07,0.021517
5.6054401E-07,0.021761
5.6059401E-07,0.021943
5.6064401E-07,0.022065
5.6069401E-07,0.022125
5.6074401E-07,0.022125
5.6079401E-07,0.022004
5.6084401E-07,0.021761
5.6089401E-07,0.021457
5.6094401E-07,0.021031
5.6099401E-07,0.020544
5.6104401E-07,0.019936
5.6109401E-07,0.019267
5.6114401E-07,0.018599
5.6119401E-07,0.017869
5.6124401E-07,0.017200
5.6129401E-07,0.016470
5.6134401E-07,0.015862
5.6139401E-07,0.015254
5.6144401E-07,0.014707
5.6149401E-07,0.014281
5.6154401E-07,0.013855
5.6159401E-07,0.013551
5.6164401E-07,0.013247
5.6169401E-07,0.013004
5.6174401E-07,0.012822
5.6179401E-07,0.012639
5.6184401E-07,0.012457
5.6189401E-07,0.012274
5.6194401E-07,0.012031
5.6199401E-07,0.011727
5.6204401E-07,0.011423
5.6209401E-07,0.010997
5.6214401E-07,0.010572
5.6219401E-07,0.010024
5.6224401E-07,0.009477
5.6229401E-07,0.008930
5.6234401E-07,0.008383
5.6239401E-07,0.007774
5.6244401E-07,0.007227
5.6249401E-07,0.006802
5.6254401E-07,0.006376
5.6259401E-07,0.006072
5.6264401E-07,0.005889
5.6269401E-07,0.005829
5.6274401E-07,0.005889
5.6279401E-07,0.006133
5.6284401E-07,0.006437
5.6289401E-07,0.006862
5.6294401E-07,0.007470
5.6299401E-07,0.008079
5.6304401E-07,0.008747
5.6309401E-07,0.009477
5.6314401E-07,0.010146
5.6319401E-07,0.010876
5.6324401E-07,0.011484
5.6329401E-07,0.012031
5.6334401E-07,0.012457
5.6339401E-07,0.012761
5.6344401E-07,0.012943
5.6349401E-07,0.012943
5.6354401E-07,0.012882
5.6359401E-07,0.012639
5.6364401E-07,0.012214
5.6369401E-07,0.011727
5.6374401E-07,0.011180
5.6379401E-07,0.010511
5.6384401E-07,0.009781
5.6389401E-07,0.009051
5.6394401E-07,0.008322
5.6399401E-07,0.007592
5.6404401E-07,0.006862
5.6409401E-07,0.006254
5.6414401E-07,0.005646
5.6419401E-07,0.005099
5.6424401E-07,0.004673
5.6429401E-07,0.004308
5.6434401E-07,0.003943
5.6439401E-07,0.003700
5.6444401E-07,0.003518
5.6449401E-07,0.003335
5.6454401E-07,0.003214
5.6459401E-07,0.003153
5.6464401E-07,0.003092
5.6469401E-07,0.002971
5.6474401E-07,0.002910
5.6479401E-07,0.002849
5.6484401E-07,0.002788
5.6489401E-07,0.002788
5.6494401E-07,0.002727
5.6499401E-07,0.002727
5.6504401E-07,0.002727
5.6509401E-07,0.002788
5.6514401E-07,0.002971
5.6519401E-07,0.003153
5.6524401E-07,0.003396
5.6529401E-07,0.003761
5.6534401E-07,0.004248
5.6539401E-07,0.004795
5.6544401E-07,0.005464
5.6549401E-07,0.006193
5.6554401E-07,0.006984
5.6559401E-07,0.007896
5.6564401E-07,0.008808
5.6569401E-07,0.009842
5.6574401E-07,0.010815
5.6579401E-07,0.011788
5.6584401E-07,0.012761
5.6589401E-07,0.013673
5.6594401E-07,0.014463
5.6599401E-07,0.015193
5.6604401E-07,0.015862
5.6609401E-07,0.016409
5.6614401E-07,0.016774
5.6619401E-07,0.017078
5.6624401E-07,0.017261
5.6629401E-07,0.017322
5.6634401E-07,0.017322
5.6639401E-07,0.017200
5.6644401E-07,0.017078
5.6649401E-07,0.016896
5.6654401E-07,0.016653
5.6659401E-07,0.016470
5.6664401E-07,0.016288
5.6669401E-07,0.016166
5.6674401E-07,0.016105
5.6679401E-07,0.016105
5.6684401E-07,0.016166
5.6689401E-07,0.016349
5.6694401E-07,0.016592
5.6699401E-07,0.016957
5.6704401E-07,0.017322
5.6709401E-07,0.017808
5.6714401E-07,0.018234
5.6719401E-07,0.018720
5.6724401E-07,0.019207
5.6729401E-07,0.019693
5.6734401E-07,0.020119
5.6739401E-07,0.020484
5.6744401E-07,0.020788
5.6749401E-07,0.021031
5.6754401E-07,0.021213
5.6759401E-07,0.021274
5.6764401E-07,0.021335
5.6769401E-07,0.021335
5.6774401E-07,0.021213
5.6779401E-07,0.021153
5.6784401E-07,0.021092
5.6789401E-07,0.021031
5.6794401E-07,0.020970
5.6799401E-07,0.021031
5.6804401E-07,0.021092
5.6809401E-07,0.021274
5.6814401E-07,0.021578
5.6819401E-07,0.021943
5.6824401E-07,0.022430
5.6829401E-07,0.023038
5.6834401E-07,0.023646
5.6839401E-07,0.024375
5.6844401E-07,0.025166
5.6849401E-07,0.025956
5.6854401E-07,0.026747
5.6859401E-07,0.027537
5.6864401E-07,0.028267
5.6869401E-07,0.028936
5.6874401E-07,0.029605
5.6879401E-07,0.030152
5.6884401E-07,0.030578
5.6889401E-07,0.030943
5.6894401E-07,0.031186
5.6899401E-07,0.031368
5.6904401E-07,0.031429
5.6909401E-07,0.031429
5.6914401E-07,0.031429
5.6919401E-07,0.031308
5.6924401E-07,0.031186
5.6929401E-07,0.031125
5.6934401E-07,0.031004
5.6939401E-07,0.030882
5.6944401E-07,0.030760
5.6949401E-07,0.030700
5.6954401E-07,0.030639
5.6959401E-07,0.030639
5.6964401E-07,0.030578
5.6969401E-07,0.030578
5.6974401E-07,0.030517
5.6979401E-07,0.030456
5.6984401E-07,0.030335
5.6989401E-07,0.030152
5.6994401E-07,0.029909
5.6999401E-07,0.029605
5.7004401E-07,0.029179
5.7009401E-07,0.028693
5.7014401E-07,0.028146
5.7019401E-07,0.027537
5.7024401E-07,0.026929
5.7029401E-07,0.026200
5.7034401E-07,0.025531
5.7039401E-07,0.024862
5.7044401E-07,0.024193
5.7049401E-07,0.023646
5.7054401E-07,0.023159
5.7059401E-07,0.022794
5.7064401E-07,0.022551
5.7069401E-07,0.022430
5.7074401E-07,0.022490
5.7079401E-07,0.022673
5.7084401E-07,0.022977
5.7089401E-07,0.023463
5.7094401E-07,0.024011
5.7099401E-07,0.024679
5.7104401E-07,0.025409
5.7109401E-07,0.026139
5.7114401E-07,0.026929
5.7119401E-07,0.027659
5.7124401E-07,0.028328
5.7129401E-07,0.028936
5.7134401E-07,0.029483
5.7139401E-07,0.029848
5.7144401E-07,0.030091
5.7149401E-07,0.030152
5.7154401E-07,0.030091
5.7159401E-07,0.029909
5.7164401E-07,0.029544
5.7169401E-07,0.029058
5.7174401E-07,0.028450
5.7179401E-07,0.027720
5.7184401E-07,0.026929
5.7189401E-07,0.026078
5.7194401E-07,0.025166
5.7199401E-07,0.024254
5.7204401E-07,0.023402
5.7209401E-07,0.022490
5.7214401E-07,0.021700
5.7219401E-07,0.020909
5.7224401E-07,0.020180
5.7229401E-07,0.019511
5.7234401E-07,0.018903
5.7239401E-07,0.018355
5.7244401E-07,0.017869
5.7249401E-07,0.017382
5.7254401E-07,0.016957
5.7259401E-07,0.016531
5.7264401E-07,0.016166
5.7269401E-07,0.015740
5.7274401E-07,0.015315
5.7279401E-07,0.014889
5.7284401E-07,0.014463
5.7289401E-07,0.014038
5.7294401E-07,0.013612
5.7299401E-07,0.013186
5.7304401E-07,0.012761
5.7309401E-07,0.012396
5.7314401E-07,0.012031
5.7319401E-07,0.011788
5.7324401E-07,0.011545
5.7329401E-07,0.011423
5.7334401E-07,0.011423
5.7339401E-07,0.011423
5.7344401E-07,0.011605
5.7349401E-07,0.011849
5.7354401E-07,0.012153
5.7359401E-07,0.012578
5.7364401E-07,0.013004
5.7369401E-07,0.013491
5.7374401E-07,0.014038
5.7379401E-07,0.014524
5.7384401E-07,0.015011
5.7389401E-07,0.015436
5.7394401E-07,0.015801
5.7399401E-07,0.016045
5.7404401E-07,0.016227
5.7409401E-07,0.016227
5.7414401E-07,0.016166
5.7419401E-07,0.015923
5.7424401E-07,0.015558
5.7429401E-07,0.015072
5.7434401E-07,0.014524
5.7439401E-07,0.013795
5.7444401E-07,0.013065
5.7449401E-07,0.012274
5.7454401E-07,0.011423
5.7459401E-07,0.010572
5.7464401E-07,0.009720
5.7469401E-07,0.008869
5.7474401E-07,0.008139
5.7479401E-07,0.007470
5.7484401E-07,0.006862
5.7489401E-07,0.006315
5.7494401E-07,0.005829
5.7499401E-07,0.005464
5.7504401E-07,0.005160
5.7509401E-07,0.004916
5.7514401E-07,0.004734
5.7519401E-07,0.004552
5.7524401E-07,0.004369
5.7529401E-07,0.004187
5.7534401E-07,0.004004
5.7539401E-07,0.003761
5.7544401E-07,0.003518
5.7549401E-07,0.003214
5.7554401E-07,0.002788
5.7559401E-07,0.002423
5.7564401E-07,0.001937
5.7569401E-07,0.001450
5.7574401E-07,0.000964
5.7579401E-07,0.000477
5.7584401E-07,-0.000009
5.7589401E-07,-0.000435
5.7594401E-07,-0.000800
5.7599401E-07,-0.001043
5.7604401E-07,-0.001225
5.7609401E-07,-0.001286
5.7614401E-07,-0.001225
5.7619401E-07,-0.001043
5.7624401E-07,-0.000800
5.7629401E-07,-0.000374
5.7634401E-07,0.000173
5.7639401E-07,0.000721
5.7644401E-07,0.001389
5.7649401E-07,0.002119
5.7654401E-07,0.002849
5.7659401E-07,0.003579
5.7664401E-07,0.004308
5.7669401E-07,0.004977
5.7674401E-07,0.005585
5.7679401E-07,0.006072
5.7684401E-07,0.006437
5.7689401E-07,0.006741
5.7694401E-07,0.006984
5.7699401E-07,0.007045
5.7704401E-07,0.007045
5.7709401E-07,0.006923
5.7714401E-07,0.006741
5.7719401E-07,0.006497
5.7724401E-07,0.006193
5.7729401E-07,0.005889
5.7734401E-07,0.005585
5.7739401E-07,0.005281
5.7744401E-07,0.004977
5.7749401E-07,0.004673
5.7754401E-07,0.004430
5.7759401E-07,0.004248
5.7764401E-07,0.004065
5.7769401E-07,0.003943
5.7774401E-07,0.003822
5.7779401E-07,0.003700
5.7784401E-07,0.003579
5.7789401E-07,0.003457
5.7794401E-07,0.003335
5.7799401E-07,0.003153
5.7804401E-07,0.002971
5.7809401E-07,0.002727
5.7814401E-07,0.002484
5.7819401E-07,0.002180
5.7824401E-07,0.001815
5.7829401E-07,0.001450
5.7834401E-07,0.001025
5.7839401E-07,0.000599
5.7844401E-07,0.000234
5.7849401E-07,-0.000131
5.7854401E-07,-0.000435
5.7859401E-07,-0.000739
5.7864401E-07,-0.000921
5.7869401E-07,-0.001043
5.7874401E-07,-0.001104
5.7879401E-07,-0.001104
5.7884401E-07,-0.000982
5.7889401E-07,-0.000739
5.7894401E-07,-0.000496
5.7899401E-07,-0.000131
5.7904401E-07,0.000234
5.7909401E-07,0.000660
5.7914401E-07,0.001085
5.7919401E-07,0.001511
5.7924401E-07,0.001937
5.7929401E-07,0.002362
5.7934401E-07,0.002727
5.7939401E-07,0.003031
5.7944401E-07,0.003335
5.7949401E-07,0.003579
5.7954401E-07,0.003822
5.7959401E-07,0.004004
5.7964401E-07,0.004126
5.7969401E-07,0.004248
5.7974401E-07,0.004369
5.7979401E-07,0.004430
5.7984401E-07,0.004552
5.7989401E-07,0.004673
5.7994401E-07,0.004856
5.7999401E-07,0.005038
5.8004401E-07,0.005220
5.8009401E-07,0.005464
5.8014401E-07,0.005768
5.8019401E-07,0.006072
5.8024401E-07,0.006376
5.8029401E-07,0.006680
5.8034401E-07,0.006984
5.8039401E-07,0.007288
5.8044401E-07,0.007592
5.8049401E-07,0.007774
5.8054401E-07,0.007957
5.8059401E-07,0.008079
5.8064401E-07,0.008139
5.8069401E-07,0.008139
5.8074401E-07,0.008079
5.8079401E-07,0.007957
5.8084401E-07,0.007774
5.8089401E-07,0.007531
5.8094401E-07,0.007288
5.8099401E-07,0.007045
5.8104401E-07,0.006741
5.8109401E-07,0.006497
5.8114401E-07,0.006254
5.8119401E-07,0.006072
5.8124401E-07,0.005889
5.8129401E-07,0.005829
5.8134401E-07,0.005829
5.8139401E-07,0.005889
5.8144401E-07,0.006072
5.8149401E-07,0.006315
5.8154401E-07,0.006619
5.8159401E-07,0.006984
5.8164401E-07,0.007349
5.8169401E-07,0.007774
5.8174401E-07,0.008200
5.8179401E-07,0.008626
5.8184401E-07,0.008991
5.8189401E-07,0.009356
5.8194401E-07,0.009599
5.8199401E-07,0.009781
5.8204401E-07,0.009842
5.8209401E-07,0.009842
5.8214401E-07,0.009660
5.8219401E-07,0.009416
5.8224401E-07,0.009112
5.8229401E-07,0.008687
5.8234401E-07,0.008139
5.8239401E-07,0.007592
5.8244401E-07,0.007045
5.8249401E-07,0.006437
5.8254401E-07,0.005889
5.8259401E-07,0.005403
5.8264401E-07,0.004977
5.8269401E-07,0.004612
5.8274401E-07,0.004430
5.8279401E-07,0.004369
5.8284401E-07,0.004430
5.8289401E-07,0.004612
5.8294401E-07,0.004977
5.8299401E-07,0.005464
5.8304401E-07,0.006011
5.8309401E-07,0.006741
5.8314401E-07,0.007470
5.8319401E-07,0.008322
5.8324401E-07,0.009173
5.8329401E-07,0.009964
5.8334401E-07,0.010754
5.8339401E-07,0.011545
5.8344401E-07,0.012153
5.8349401E-07,0.012761
5.8354401E-07,0.013186
5.8359401E-07,0.013491
5.8364401E-07,0.013734
5.8369401E-07,0.013795
5.8374401E-07,0.013795
5.8379401E-07,0.013673
5.8384401E-07,0.013491
5.8389401E-07,0.013247
5.8394401E-07,0.012943
5.8399401E-07,0.012639
5.8404401E-07,0.012335
5.8409401E-07,0.011970
5.8414401E-07,0.011727
5.8419401E-07,0.011423
5.8424401E-07,0.011180
5.8429401E-07,0.010997
5.8434401E-07,0.010815
5.8439401E-07,0.010633
5.8444401E-07,0.010511
5.8449401E-07,0.010389
5.8454401E-07,0.010207
5.8459401E-07,0.010024
5.8464401E-07,0.009842
5.8469401E-07,0.009538
5.8474401E-07,0.009234
5.8479401E-07,0.008869
5.8484401E-07,0.008383
5.8489401E-07,0.007896
5.8494401E-07,0.007288
5.8499401E-07,0.006741
5.8504401E-07,0.006072
5.8509401E-07,0.005464
5.8514401E-07,0.004856
5.8519401E-07,0.004308
5.8524401E-07,0.003761
5.8529401E-07,0.003335
5.8534401E-07,0.003031
5.8539401E-07,0.002788
5.8544401E-07,0.002666
5.8549401E-07,0.002727
5.8554401E-07,0.002849
5.8559401E-07,0.003092
5.8564401E-07,0.003518
5.8569401E-07,0.004004
5.8574401E-07,0.004552
5.8579401E-07,0.005160
5.8584401E-07,0.005829
5.8589401E-07,0.006497
5.8594401E-07,0.007227
5.8599401E-07,0.007896
5.8604401E-07,0.008504
5.8609401E-07,0.009112
5.8614401E-07,0.009599
5.8619401E-07,0.010085
5.8624401E-07,0.010450
5.8629401E-07,0.010754
5.8634401E-07,0.010997
5.8639401E-07,0.011180
5.8644401E-07,0.011362
5.8649401E-07,0.011484
5.8654401E-07,0.011605
5.8659401E-07,0.011666
5.8664401E-07,0.011788
5.8669401E-07,0.011970
5.8674401E-07,0.012153
5.8679401E-07,0.012335
5.8684401E-07,0.012578
5.8689401E-07,0.012882
5.8694401E-07,0.013186
5.8699401E-07,0.013491
5.8704401E-07,0.013855
5.8709401E-07,0.014220
5.8714401E-07,0.014524
5.8719401E-07,0.014828
5.8724401E-07,0.015072
5.8729401E-07,0.015315
5.8734401E-07,0.015436
5.8739401E-07,0.015497
5.8744401E-07,0.015497
5.8749401E-07,0.015436
5.8754401E-07,0.015315
5.8759401E-07,0.015072
5.8764401E-07,0.014828
5.8769401E-07,0.014524
5.8774401E-07,0.014220
5.8779401E-07,0.013916
5.8784401E-07,0.013612
5.8789401E-07,0.013308
5.8794401E-07,0.013065
5.8799401E-07,0.012822
5.8804401E-07,0.012700
5.8809401E-07,0.012578
5.8814401E-07,0.012578
5.8819401E-07,0.012639
5.8824401E-07,0.012700
5.8829401E-07,0.012822
5.8834401E-07,0.013004
5.8839401E-07,0.013186
5.8844401E-07,0.013369
5.8849401E-07,0.013491
5.8854401E-07,0.013612
5.8859401E-07,0.013673
5.8864401E-07,0.013673
5.8869401E-07,0.013551
5.8874401E-07,0.013369
5.8879401E-07,0.013065
5.8884401E-07,0.012700
5.8889401E-07,0.012274
5.8894401E-07,0.011727
5.8899401E-07,0.011119
5.8904401E-07,0.010511
5.8909401E-07,0.009842
5.8914401E-07,0.009234
5.8919401E-07,0.008626
5.8924401E-07,0.008079
5.8929401E-07,0.007592
5.8934401E-07,0.007227
5.8939401E-07,0.006984
5.8944401E-07,0.006862
5.8949401E-07,0.006802
5.8954401E-07,0.006923
5.8959401E-07,0.007166
5.8964401E-07,0.007531
5.8969401E-07,0.008018
5.8974401E-07,0.008565
5.8979401E-07,0.009173
5.8984401E-07,0.009781
5.8989401E-07,0.010389
5.8994401E-07,0.010997
5.8999401E-07,0.011545
5.9004401E-07,0.012031
5.9009401E-07,0.012457
5.9014401E-07,0.012700
5.9019401E-07,0.012822
5.9024401E-07,0.012822
5.9029401E-07,0.012700
5.9034401E-07,0.012457
5.9039401E-07,0.012092
5.9044401E-07,0.011605
5.9049401E-07,0.010997
5.9054401E-07,0.010328
5.9059401E-07,0.009660
5.9064401E-07,0.008930
5.9069401E-07,0.008261
5.9074401E-07,0.007531
5.9079401E-07,0.006923
5.9084401E-07,0.006376
5.9089401E-07,0.005889
5.9094401E-07,0.005464
5.9099401E-07,0.005099
5.9104401E-07,0.004856
5.9109401E-07,0.004734
5.9114401E-07,0.004612
5.9119401E-07,0.004552
5.9124401E-07,0.004552
5.9129401E-07,0.004552
5.9134401E-07,0.004552
5.9139401E-07,0.004552
5.9144401E-07,0.004491
5.9149401E-07,0.004430
5.9154401E-07,0.004308
5.9159401E-07,0.004065
5.9164401E-07,0.003822
5.9169401E-07,0.003579
5.9174401E-07,0.003214
5.9179401E-07,0.002849
5.9184401E-07,0.002423
5.9189401E-07,0.002058
5.9194401E-07,0.001633
5.9199401E-07,0.001268
5.9204401E-07,0.000903
5.9209401E-07,0.000660
5.9214401E-07,0.000417
5.9219401E-07,0.000234
5.9224401E-07,0.000173
5.9229401E-07,0.000112
5.9234401E-07,0.000173
5.9239401E-07,0.000234
5.9244401E-07,0.000356
5.9249401E-07,0.000477
5.9254401E-07,0.000599
5.9259401E-07,0.000781
5.9264401E-07,0.000842
5.9269401E-07,0.000964
5.9274401E-07,0.000964
5.9279401E-07,0.000964
5.9284401E-07,0.000903
5.9289401E-07,0.000781
5.9294401E-07,0.000599
5.9299401E-07,0.000417
5.9304401E-07,0.000173
5.9309401E-07,-0.000070
5.9314401E-07,-0.000313
5.9319401E-07,-0.000496
5.9324401E-07,-0.000617
5.9329401E-07,-0.000739
5.9334401E-07,-0.000739
5.9339401E-07,-0.000678
5.9344401E-07,-0.000496
5.9349401E-07,-0.000192
5.9354401E-07,0.000173
5.9359401E-07,0.000660
5.9364401E-07,0.001207
5.9369401E-07,0.001876
5.9374401E-07,0.002545
5.9379401E-07,0.003275
5.9384401E-07,0.004004
5.9389401E-07,0.004734
5.9394401E-07,0.005403
5.9399401E-07,0.006011
5.9404401E-07,0.006619
5.9409401E-07,0.007106
5.9414401E-07,0.007531
5.9419401E-07,0.007835
5.9424401E-07,0.008018
5.9429401E-07,0.008139
5.9434401E-07,0.008139
5.9439401E-07,0.008079
5.9444401E-07,0.007957
5.9449401E-07,0.007714
5.9454401E-07,0.007470
5.9459401E-07,0.007227
5.9464401E-07,0.006923
5.9469401E-07,0.006680
5.9474401E-07,0.006376
5.9479401E-07,0.006133
5.9484401E-07,0.005950
5.9489401E-07,0.005768
5.9494401E-07,0.005585
5.9499401E-07,0.005464
5.9504401E-07,0.005403
5.9509401E-07,0.005342
5.9514401E-07,0.005281
5.9519401E-07,0.005281
5.9524401E-07,0.005281
5.9529401E-07,0.005281
5.9534401E-07,0.005281
5.9539401E-07,0.005281
5.9544401E-07,0.005281
5.9549401E-07,0.005281
5.9554401E-07,0.005281
5.9559401E-07,0.005281
5.9564401E-07,0.005281
5.9569401E-07,0.005342
5.9574401E-07,0.005403
5.9579401E-07,0.005464
5.9584401E-07,0.005585
5.9589401E-07,0.005768
5.9594401E-07,0.005950
5.9599401E-07,0.006254
5.9604401E-07,0.006558
5.9609401E-07,0.006923
5.9614401E-07,0.007349
5.9619401E-07,0.007774
5.9624401E-07,0.008261
5.9629401E-07,0.008747
5.9634401E-07,0.009234
5.9639401E-07,0.009720
5.9644401E-07,0.010207
5.9649401E-07,0.010572
5.9654401E-07,0.010937
5.9659401E-07,0.011241
5.9664401E-07,0.011423
5.9669401E-07,0.011484
5.9674401E-07,0.011484
5.9679401E-07,0.011423
5.9684401E-07,0.011180
5.9689401E-07,0.010876
5.9694401E-07,0.010511
5.9699401E-07,0.010024
5.9704401E-07,0.009538
5.9709401E-07,0.008991
5.9714401E-07,0.008383
5.9719401E-07,0.007835
5.9724401E-07,0.007288
5.9729401E-07,0.006802
5.9734401E-07,0.006437
5.9739401E-07,0.006072
5.9744401E-07,0.005889
5.9749401E-07,0.005768
5.9754401E-07,0.005829
5.9759401E-07,0.006011
5.9764401E-07,0.006315
5.9769401E-07,0.006741
5.9774401E-07,0.007288
5.9779401E-07,0.007896
5.9784401E-07,0.008626
5.9789401E-07,0.009416
5.9794401E-07,0.010207
5.9799401E-07,0.011058
5.9804401E-07,0.011849
5.9809401E-07,0.012639
5.9814401E-07,0.013369
5.9819401E-07,0.014038
5.9824401E-07,0.014585
5.9829401E-07,0.015072
5.9834401E-07,0.015497
5.9839401E-07,0.015740
5.9844401E-07,0.015923
5.9849401E-07,0.015984
5.9854401E-07,0.015984
5.9859401E-07,0.015923
5.9864401E-07,0.015740
5.9869401E-07,0.015558
5.9874401E-07,0.015254
5.9879401E-07,0.015011
5.9884401E-07,0.014646
5.9889401E-07,0.014342
5.9894401E-07,0.013977
5.9899401E-07,0.013673
5.9904401E-07,0.013308
5.9909401E-07,0.012882
5.9914401E-07,0.012518
5.9919401E-07,0.012092
5.9924401E-07,0.011605
5.9929401E-07,0.011119
5.9934401E-07,0.010572
5.9939401E-07,0.009903
5.9944401E-07,0.009234
5.9949401E-07,0.008504
5.9954401E-07,0.007653
5.9959401E-07,0.006802
5.9964401E-07,0.005889
5.9969401E-07,0.004916
5.9974401E-07,0.003943
5.9979401E-07,0.002971
5.9984401E-07,0.001998
5.9989401E-07,0.001085
5.9994401E-07,0.000234
5.9999401E-07,-0.000556
6.0004401E-07,-0.001225
6.0009401E-07,-0.001773
6.0014401E-07,-0.002198
6.0019401E-07,-0.002502
6.0024401E-07,-0.002685
6.0029401E-07,-0.002746
6.0034401E-07,-0.002746
6.0039401E-07,-0.002563
6.0044401E-07,-0.002381
6.0049401E-07,-0.002137
6.0054401E-07,-0.001833
6.0059401E-07,-0.001529
6.0064401E-07,-0.001225
6.0069401E-07,-0.000982
6.0074401E-07,-0.000800
6.0079401E-07,-0.000678
6.0084401E-07,-0.000617
6.0089401E-07,-0.000678
6.0094401E-07,-0.000800
6.0099401E-07,-0.001043
6.0104401E-07,-0.001286
6.0109401E-07,-0.001712
6.0114401E-07,-0.002077
6.0119401E-07,-0.002563
6.0124401E-07,-0.003050
6.0129401E-07,-0.003475
6.0134401E-07,-0.003962
6.0139401E-07,-0.004387
6.0144401E-07,-0.004752
6.0149401E-07,-0.005056
6.0154401E-07,-0.005239
6.0159401E-07,-0.005421
6.0164401E-07,-0.005482
6.0169401E-07,-0.005543
6.0174401E-07,-0.005482
6.0179401E-07,-0.005360
6.0184401E-07,-0.005178
6.0189401E-07,-0.004995
6.0194401E-07,-0.004813
6.0199401E-07,-0.004631
6.0204401E-07,-0.004387
6.0209401E-07,-0.004205
6.0214401E-07,-0.004023
6.0219401E-07,-0.003901
6.0224401E-07,-0.003779
6.0229401E-07,-0.003718
6.0234401E-07,-0.003718
6.0239401E-07,-0.003718
6.0244401E-07,-0.003718
6.0249401E-07,-0.003779
6.0254401E-07,-0.003779
6.0259401E-07,-0.003840
6.0264401E-07,-0.003901
6.0269401E-07,-0.003901
6.0274401E-07,-0.003901
6.0279401E-07,-0.003901
6.0284401E-07,-0.003840
6.0289401E-07,-0.003718
6.0294401E-07,-0.003597
6.0299401E-07,-0.003475
6.0304401E-07,-0.003293
6.0309401E-07,-0.003110
6.0314401E-07,-0.002928
6.0319401E-07,-0.002746
6.0324401E-07,-0.002624
6.0329401E-07,-0.002441
6.0334401E-07,-0.002320
6.0339401E-07,-0.002259
6.0344401E-07,-0.002198
6.0349401E-07,-0.002259
6.0354401E-07,-0.002259
6.0359401E-07,-0.002381
6.0364401E-07,-0.002563
6.0369401E-07,-0.002746
6.0374401E-07,-0.002989
6.0379401E-07,-0.003232
6.0384401E-07,-0.003475
6.0389401E-07,-0.003718
6.0394401E-07,-0.004023
6.0399401E-07,-0.004205
6.0404401E-07,-0.004448
6.0409401E-07,-0.004570
6.0414401E-07,-0.004691
6.0419401E-07,-0.004752
6.0424401E-07,-0.004752
6.0429401E-07,-0.004691
6.0434401E-07,-0.004570
6.0439401E-07,-0.004387
6.0444401E-07,-0.004144
6.0449401E-07,-0.003901
6.0454401E-07,-0.003597
6.0459401E-07,-0.003232
6.0464401E-07,-0.002928
6.0469401E-07,-0.002563
6.0474401E-07,-0.002259
6.0479401E-07,-0.002016
6.0484401E-07,-0.001773
6.0489401E-07,-0.001590
6.0494401E-07,-0.001408
6.0499401E-07,-0.001347
6.0504401E-07,-0.001347
6.0509401E-07,-0.001408
6.0514401E-07,-0.001469
6.0519401E-07,-0.001651
6.0524401E-07,-0.001833
6.0529401E-07,-0.002016
6.0534401E-07,-0.002259
6.0539401E-07,-0.002502
6.0544401E-07,-0.002746
6.0549401E-07,-0.002989
6.0554401E-07,-0.003232
6.0559401E-07,-0.003475
6.0564401E-07,-0.003658
6.0569401E-07,-0.003840
6.0574401E-07,-0.004023
6.0579401E-07,-0.004144
6.0584401E-07,-0.004327
6.0589401E-07,-0.004448
6.0594401E-07,-0.004631
6.0599401E-07,-0.004813
6.0604401E-07,-0.005056
6.0609401E-07,-0.005300
6.0614401E-07,-0.005604
6.0619401E-07,-0.005968
6.0624401E-07,-0.006394
6.0629401E-07,-0.006881
6.0634401E-07,-0.007428
6.0639401E-07,-0.008036
6.0644401E-07,-0.008705
6.0649401E-07,-0.009435
6.0654401E-07,-0.010164
6.0659401E-07,-0.010955
6.0664401E-07,-0.011685
6.0669401E-07,-0.012475
6.0674401E-07,-0.013266
6.0679401E-07,-0.013995
6.0684401E-07,-0.014725
6.0689401E-07,-0.015394
6.0694401E-07,-0.016002
6.0699401E-07,-0.016610
6.0704401E-07,-0.017157
6.0709401E-07,-0.017705
6.0714401E-07,-0.018252
6.0719401E-07,-0.018738
6.0724401E-07,-0.019164
6.0729401E-07,-0.019651
6.0734401E-07,-0.020076
6.0739401E-07,-0.020563
6.0744401E-07,-0.020988
6.0749401E-07,-0.021475
6.0754401E-07,-0.021900
6.0759401E-07,-0.022326
6.0764401E-07,-0.022752
6.0769401E-07,-0.023117
6.0774401E-07,-0.023421
6.0779401E-07,-0.023603
6.0784401E-07,-0.023786
6.0789401E-07,-0.023846
6.0794401E-07,-0.023725
6.0799401E-07,-0.023542
6.0804401E-07,-0.023177
6.0809401E-07,-0.022691
6.0814401E-07,-0.022022
6.0819401E-07,-0.021232
6.0824401E-07,-0.020319
6.0829401E-07,-0.019286
6.0834401E-07,-0.018191
6.0839401E-07,-0.016914
6.0844401E-07,-0.015637
6.0849401E-07,-0.014360
6.0854401E-07,-0.013022
6.0859401E-07,-0.011745
6.0864401E-07,-0.010468
6.0869401E-07,-0.009252
6.0874401E-07,-0.008158
6.0879401E-07,-0.007124
6.0884401E-07,-0.006212
6.0889401E-07,-0.005421
6.0894401E-07,-0.004752
6.0899401E-07,-0.004144
6.0904401E-07,-0.003718
6.0909401E-07,-0.003293
6.0914401E-07,-0.002989
6.0919401E-07,-0.002746
6.0924401E-07,-0.002563
6.0929401E-07,-0.002381
6.0934401E-07,-0.002259
6.0939401E-07,-0.002077
6.0944401E-07,-0.001894
6.0949401E-07,-0.001773
6.0954401E-07,-0.001529
6.0959401E-07,-0.001347
6.0964401E-07,-0.001104
6.0969401E-07,-0.000860
6.0974401E-07,-0.000617
6.0979401E-07,-0.000374
6.0984401E-07,-0.000131
6.0989401E-07,0.000112
6.0994401E-07,0.000356
6.0999401E-07,0.000538
6.1004401E-07,0.000660
6.1009401E-07,0.000781
6.1014401E-07,0.000842
6.1019401E-07,0.000842
6.1024401E-07,0.000903
6.1029401E-07,0.000903
6.1034401E-07,0.000842
6.1039401E-07,0.000842
6.1044401E-07,0.000842
6.1049401E-07,0.000842
6.1054401E-07,0.000903
6.1059401E-07,0.001025
6.1064401E-07,0.001146
6.1069401E-07,0.001389
6.1074401E-07,0.001633
6.1079401E-07,0.001937
6.1084401E-07,0.002302
6.1089401E-07,0.002666
6.1094401E-07,0.003092
6.1099401E-07,0.003518
6.1104401E-07,0.003943
6.1109401E-07,0.004308
6.1114401E-07,0.004673
6.1119401E-07,0.004977
6.1124401E-07,0.005220
6.1129401E-07,0.005342
6.1134401E-07,0.005342
6.1139401E-07,0.005281
6.1144401E-07,0.005038
6.1149401E-07,0.004734
6.1154401E-07,0.004248
6.1159401E-07,0.003700
6.1164401E-07,0.003031
6.1169401E-07,0.002241
6.1174401E-07,0.001389
6.1179401E-07,0.000417
6.1184401E-07,-0.000496
6.1189401E-07,-0.001529
6.1194401E-07,-0.002502
6.1199401E-07,-0.003475
6.1204401E-07,-0.004387
6.1209401E-07,-0.005239
6.1214401E-07,-0.006029
6.1219401E-07,-0.006698
6.1224401E-07,-0.007306
6.1229401E-07,-0.007732
6.1234401E-07,-0.008158
6.1239401E-07,-0.008401
6.1244401E-07,-0.008522
6.1249401E-07,-0.008583
6.1254401E-07,-0.008522
6.1259401E-07,-0.008401
6.1264401E-07,-0.008218
6.1269401E-07,-0.007914
6.1274401E-07,-0.007610
6.1279401E-07,-0.007306
6.1284401E-07,-0.006941
6.1289401E-07,-0.006577
6.1294401E-07,-0.006151
6.1299401E-07,-0.005786
6.1304401E-07,-0.005421
6.1309401E-07,-0.005056
6.1314401E-07,-0.004691
6.1319401E-07,-0.004266
6.1324401E-07,-0.003901
6.1329401E-07,-0.003475
6.1334401E-07,-0.003110
6.1339401E-07,-0.002624
6.1344401E-07,-0.002198
6.1349401E-07,-0.001651
6.1354401E-07,-0.001164
6.1359401E-07,-0.000556
6.1364401E-07,0.000052
6.1369401E-07,0.000660
6.1374401E-07,0.001329
6.1379401E-07,0.001937
6.1384401E-07,0.002606
6.1389401E-07,0.003275
6.1394401E-07,0.003943
6.1399401E-07,0.004552
6.1404401E-07,0.005160
6.1409401E-07,0.005707
6.1414401E-07,0.006254
6.1419401E-07,0.006680
6.1424401E-07,0.007106
6.1429401E-07,0.007470
6.1434401E-07,0.007774
6.1439401E-07,0.008018
6.1444401E-07,0.008261
6.1449401E-07,0.008443
6.1454401E-07,0.008626
6.1459401E-07,0.008808
6.1464401E-07,0.009051
6.1469401E-07,0.009234
6.1474401E-07,0.009477
6.1479401E-07,0.009720
6.1484401E-07,0.010024
6.1489401E-07,0.010328
6.1494401E-07,0.010693
6.1499401E-07,0.011058
6.1504401E-07,0.011423
6.1509401E-07,0.011788
6.1514401E-07,0.012153
6.1519401E-07,0.012518
6.1524401E-07,0.012822
6.1529401E-07,0.013065
6.1534401E-07,0.013247
6.1539401E-07,0.013308
6.1544401E-07,0.013308
6.1549401E-07,0.013186
6.1554401E-07,0.013004
6.1559401E-07,0.012700
6.1564401E-07,0.012274
6.1569401E-07,0.011727
6.1574401E-07,0.011119
6.1579401E-07,0.010450
6.1584401E-07,0.009720
6.1589401E-07,0.008930
6.1594401E-07,0.008139
6.1599401E-07,0.007288
6.1604401E-07,0.006437
6.1609401E-07,0.005585
6.1614401E-07,0.004734
6.1619401E-07,0.003943
6.1624401E-07,0.003153
6.1629401E-07,0.002423
6.1634401E-07,0.001694
6.1639401E-07,0.001025
6.1644401E-07,0.000356
6.1649401E-07,-0.000252
6.1654401E-07,-0.000921
6.1659401E-07,-0.001469
6.1664401E-07,-0.002077
6.1669401E-07,-0.002685
6.1674401E-07,-0.003293
6.1679401E-07,-0.003901
6.1684401E-07,-0.004570
6.1689401E-07,-0.005178
6.1694401E-07,-0.005847
6.1699401E-07,-0.006516
6.1704401E-07,-0.007124
6.1709401E-07,-0.007793
6.1714401E-07,-0.008401
6.1719401E-07,-0.008948
6.1724401E-07,-0.009495
6.1729401E-07,-0.009982
6.1734401E-07,-0.010408
6.1739401E-07,-0.010772
6.1744401E-07,-0.011076
6.1749401E-07,-0.011259
6.1754401E-07,-0.011441
6.1759401E-07,-0.011441
6.1764401E-07,-0.011441
6.1769401E-07,-0.011320
6.1774401E-07,-0.011137
6.1779401E-07,-0.010955
6.1784401E-07,-0.010651
6.1789401E-07,-0.010286
6.1794401E-07,-0.009921
6.1799401E-07,-0.009495
6.1804401E-07,-0.009070
6.1809401E-07,-0.008644
6.1814401E-07,-0.008218
6.1819401E-07,-0.007732
6.1824401E-07,-0.007306
6.1829401E-07,-0.006881
6.1834401E-07,-0.006455
6.1839401E-07,-0.006029
6.1844401E-07,-0.005604
6.1849401E-07,-0.005239
6.1854401E-07,-0.004874
6.1859401E-07,-0.004509
6.1864401E-07,-0.004205
6.1869401E-07,-0.003901
6.1874401E-07,-0.003597
6.1879401E-07,-0.003293
6.1884401E-07,-0.002989
6.1889401E-07,-0.002746
6.1894401E-07,-0.002502
6.1899401E-07,-0.002198
6.1904401E-07,-0.002016
6.1909401E-07,-0.001773
6.1914401E-07,-0.001590
6.1919401E-07,-0.001347
6.1924401E-07,-0.001225
6.1929401E-07,-0.001043
6.1934401E-07,-0.000921
6.1939401E-07,-0.000800
6.1944401E-07,-0.000678
6.1949401E-07,-0.000556
6.1954401E-07,-0.000496
6.1959401E-07,-0.000435
6.1964401E-07,-0.000374
6.1969401E-07,-0.000313
6.1974401E-07,-0.000252
6.1979401E-07,-0.000192
6.1984401E-07,-0.000070
6.1989401E-07,-0.000009
6.1994401E-07,0.000112
6.1999401E-07,0.000234
6.2004401E-07,0.000417
6.2009401E-07,0.000599
6.2014401E-07,0.000842
6.2019401E-07,0.001085
6.2024401E-07,0.001329
6.2029401E-07,0.001633
6.2034401E-07,0.001998
6.2039401E-07,0.002302
6.2044401E-07,0.002666
6.2049401E-07,0.002971
6.2054401E-07,0.003275
6.2059401E-07,0.003579
6.2064401E-07,0.003822
6.2069401E-07,0.004004
6.2074401E-07,0.004126
6.2079401E-07,0.004126
6.2084401E-07,0.004126
6.2089401E-07,0.004004
6.2094401E-07,0.003761
6.2099401E-07,0.003396
6.2104401E-07,0.003031
6.2109401E-07,0.002484
6.2114401E-07,0.001937
6.2119401E-07,0.001268
6.2124401E-07,0.000538
6.2129401E-07,-0.000192
6.2134401E-07,-0.000921
6.2139401E-07,-0.001712
6.2144401E-07,-0.002441
6.2149401E-07,-0.003171
6.2154401E-07,-0.003901
6.2159401E-07,-0.004509
6.2164401E-07,-0.005056
6.2169401E-07,-0.005543
6.2174401E-07,-0.005908
6.2179401E-07,-0.006272
6.2184401E-07,-0.006516
6.2189401E-07,-0.006637
6.2194401E-07,-0.006759
6.2199401E-07,-0.006759
6.2204401E-07,-0.006759
6.2209401E-07,-0.006698
6.2214401E-07,-0.006637
6.2219401E-07,-0.006516
6.2224401E-07,-0.006455
6.2229401E-07,-0.006333
6.2234401E-07,-0.006272
6.2239401E-07,-0.006212
6.2244401E-07,-0.006212
6.2249401E-07,-0.006212
6.2254401E-07,-0.006212
6.2259401E-07,-0.006272
6.2264401E-07,-0.006333
6.2269401E-07,-0.006394
6.2274401E-07,-0.006455
6.2279401E-07,-0.006577
6.2284401E-07,-0.006698
6.2289401E-07,-0.006820
6.2294401E-07,-0.006941
6.2299401E-07,-0.007063
6.2304401E-07,-0.007245
6.2309401E-07,-0.007428
6.2314401E-07,-0.007671
6.2319401E-07,-0.007914
6.2324401E-07,-0.008218
6.2329401E-07,-0.008583
6.2334401E-07,-0.009009
6.2339401E-07,-0.009495
6.2344401E-07,-0.010103
6.2349401E-07,-0.010712
6.2354401E-07,-0.011380
6.2359401E-07,-0.012171
6.2364401E-07,-0.012962
6.2369401E-07,-0.013752
6.2374401E-07,-0.014543
6.2379401E-07,-0.015394
6.2384401E-07,-0.016184
6.2389401E-07,-0.016914
6.2394401E-07,-0.017583
6.2399401E-07,-0.018191
6.2404401E-07,-0.018678
6.2409401E-07,-0.019042
6.2414401E-07,-0.019286
6.2419401E-07,-0.019407
6.2424401E-07,-0.019407
6.2429401E-07,-0.019286
6.2434401E-07,-0.019042
6.2439401E-07,-0.018738
6.2444401E-07,-0.018313
6.2449401E-07,-0.017826
6.2454401E-07,-0.017279
6.2459401E-07,-0.016671
6.2464401E-07,-0.016124
6.2469401E-07,-0.015576
6.2474401E-07,-0.015029
6.2479401E-07,-0.014543
6.2484401E-07,-0.014178
6.2489401E-07,-0.013813
6.2494401E-07,-0.013570
6.2499401E-07,-0.013448
6.2504401E-07,-0.013387
6.2509401E-07,-0.013387
6.2514401E-07,-0.013509
6.2519401E-07,-0.013630
6.2524401E-07,-0.013874
6.2529401E-07,-0.014117
6.2534401E-07,-0.014421
6.2539401E-07,-0.014725
6.2544401E-07,-0.015090
6.2549401E-07,-0.015394
6.2554401E-07,-0.015698
6.2559401E-07,-0.016002
6.2564401E-07,-0.016245
6.2569401E-07,-0.016488
6.2574401E-07,-0.016732
6.2579401E-07,-0.016914
6.2584401E-07,-0.017036
6.2589401E-07,-0.017218
6.2594401E-07,-0.017279
6.2599401E-07,-0.017401
6.2604401E-07,-0.017522
6.2609401E-07,-0.017583
6.2614401E-07,-0.017644
6.2619401E-07,-0.017705
6.2624401E-07,-0.017765
6.2629401E-07,-0.017826
6.2634401E-07,-0.017826
6.2639401E-07,-0.017826
6.2644401E-07,-0.017826
6.2649401E-07,-0.017826
6.2654401E-07,-0.017765
6.2659401E-07,-0.017644
6.2664401E-07,-0.017522
6.2669401E-07,-0.017340
6.2674401E-07,-0.017157
6.2679401E-07,-0.016914
6.2684401E-07,-0.016610
6.2689401E-07,-0.016245
6.2694401E-07,-0.015880
6.2699401E-07,-0.015455
6.2704401E-07,-0.015029
6.2709401E-07,-0.014603
6.2714401E-07,-0.014178
6.2719401E-07,-0.013752
6.2724401E-07,-0.013326
6.2729401E-07,-0.012901
6.2734401E-07,-0.012475
6.2739401E-07,-0.012171
6.2744401E-07,-0.011806
6.2749401E-07,-0.011563
6.2754401E-07,-0.011320
6.2759401E-07,-0.011076
6.2764401E-07,-0.010894
6.2769401E-07,-0.010772
6.2774401E-07,-0.010590
6.2779401E-07,-0.010408
6.2784401E-07,-0.010286
6.2789401E-07,-0.010103
6.2794401E-07,-0.009860
6.2799401E-07,-0.009556
6.2804401E-07,-0.009191
6.2809401E-07,-0.008766
6.2814401E-07,-0.008218
6.2819401E-07,-0.007610
6.2824401E-07,-0.006941
6.2829401E-07,-0.006090
6.2834401E-07,-0.005239
6.2839401E-07,-0.004266
6.2844401E-07,-0.003171
6.2849401E-07,-0.002077
6.2854401E-07,-0.000921
6.2859401E-07,0.000295
6.2864401E-07,0.001511
6.2869401E-07,0.002666
6.2874401E-07,0.003822
6.2879401E-07,0.004916
6.2884401E-07,0.005889
6.2889401E-07,0.006802
6.2894401E-07,0.007592
6.2899401E-07,0.008261
6.2904401E-07,0.008869
6.2909401E-07,0.009295
6.2914401E-07,0.009599
6.2919401E-07,0.009720
6.2924401E-07,0.009842
6.2929401E-07,0.009781
6.2934401E-07,0.009660
6.2939401E-07,0.009477
6.2944401E-07,0.009234
6.2949401E-07,0.008991
6.2954401E-07,0.008687
6.2959401E-07,0.008383
6.2964401E-07,0.008079
6.2969401E-07,0.007835
6.2974401E-07,0.007592
6.2979401E-07,0.007349
6.2984401E-07,0.007166
6.2989401E-07,0.006984
6.2994401E-07,0.006862
6.2999401E-07,0.006741
6.3004401E-07,0.006619
6.3009401E-07,0.006497
6.3014401E-07,0.006315
6.3019401E-07,0.006193
6.3024401E-07,0.005950
6.3029401E-07,0.005768
6.3034401E-07,0.005464
6.3039401E-07,0.005160
6.3044401E-07,0.004856
6.3049401E-07,0.004491
6.3054401E-07,0.004126
6.3059401E-07,0.003761
6.3064401E-07,0.003396
6.3069401E-07,0.003031
6.3074401E-07,0.002727
6.3079401E-07,0.002484
6.3084401E-07,0.002241
6.3089401E-07,0.002119
6.3094401E-07,0.002058
6.3099401E-07,0.002058
6.3104401E-07,0.002119
6.3109401E-07,0.002302
6.3114401E-07,0.002545
6.3119401E-07,0.002788
6.3124401E-07,0.003092
6.3129401E-07,0.003457
6.3134401E-07,0.003761
6.3139401E-07,0.004126
6.3144401E-07,0.004430
6.3149401E-07,0.004673
6.3154401E-07,0.004856
6.3159401E-07,0.004977
6.3164401E-07,0.005038
6.3169401E-07,0.004977
6.3174401E-07,0.004856
6.3179401E-07,0.004552
6.3184401E-07,0.004187
6.3189401E-07,0.003761
6.3194401E-07,0.003214
6.3199401E-07,0.002606
6.3204401E-07,0.001876
6.3209401E-07,0.001146
6.3214401E-07,0.000356
6.3219401E-07,-0.000496
6.3224401E-07,-0.001347
6.3229401E-07,-0.002259
6.3234401E-07,-0.003110
6.3239401E-07,-0.003962
6.3244401E-07,-0.004813
6.3249401E-07,-0.005604
6.3254401E-07,-0.006333
6.3259401E-07,-0.007063
6.3264401E-07,-0.007793
6.3269401E-07,-0.008401
6.3274401E-07,-0.009009
6.3279401E-07,-0.009556
6.3284401E-07,-0.009982
6.3289401E-07,-0.010408
6.3294401E-07,-0.010772
6.3299401E-07,-0.011016
6.3304401E-07,-0.011198
6.3309401E-07,-0.011320
6.3314401E-07,-0.011380
6.3319401E-07,-0.011320
6.3324401E-07,-0.011198
6.3329401E-07,-0.011016
6.3334401E-07,-0.010772
6.3339401E-07,-0.010468
6.3344401E-07,-0.010043
6.3349401E-07,-0.009617
6.3354401E-07,-0.009131
6.3359401E-07,-0.008583
6.3364401E-07,-0.008036
6.3369401E-07,-0.007428
6.3374401E-07,-0.006881
6.3379401E-07,-0.006272
6.3384401E-07,-0.005786
6.3389401E-07,-0.005239
6.3394401E-07,-0.004752
6.3399401E-07,-0.004387
6.3404401E-07,-0.004023
6.3409401E-07,-0.003718
6.3414401E-07,-0.003475
6.3419401E-07,-0.003293
6.3424401E-07,-0.003232
6.3429401E-07,-0.003171
6.3434401E-07,-0.003232
6.3439401E-07,-0.003293
6.3444401E-07,-0.003475
6.3449401E-07,-0.003658
6.3454401E-07,-0.003901
6.3459401E-07,-0.004205
6.3464401E-07,-0.004448
6.3469401E-07,-0.004813
6.3474401E-07,-0.005117
6.3479401E-07,-0.005421
6.3484401E-07,-0.005786
6.3489401E-07,-0.006090
6.3494401E-07,-0.006394
6.3499401E-07,-0.006698
6.3504401E-07,-0.007002
6.3509401E-07,-0.007245
6.3514401E-07,-0.007549
6.3519401E-07,-0.007732
6.3524401E-07,-0.007975
6.3529401E-07,-0.008218
6.3534401E-07,-0.008401
6.3539401E-07,-0.008644
6.3544401E-07,-0.008826
6.3549401E-07,-0.009009
6.3554401E-07,-0.009252
6.3559401E-07,-0.009435
6.3564401E-07,-0.009678
6.3569401E-07,-0.009921
6.3574401E-07,-0.010164
6.3579401E-07,-0.010408
6.3584401E-07,-0.010712
6.3589401E-07,-0.010955
6.3594401E-07,-0.011259
6.3599401E-07,-0.011563
6.3604401E-07,-0.011806
6.3609401E-07,-0.012049
6.3614401E-07,-0.012293
6.3619401E-07,-0.012536
6.3624401E-07,-0.012718
6.3629401E-07,-0.012901
6.3634401E-07,-0.013022
6.3639401E-07,-0.013144
6.3644401E-07,-0.013205
6.3649401E-07,-0.013266
6.3654401E-07,-0.013266
6.3659401E-07,-0.013205
6.3664401E-07,-0.013205
6.3669401E-07,-0.013144
6.3674401E-07,-0.013022
6.3679401E-07,-0.012962
6.3684401E-07,-0.012901
6.3689401E-07,-0.012779
6.3694401E-07,-0.012657
6.3699401E-07,-0.012597
6.3704401E-07,-0.012475
6.3709401E-07,-0.012414
6.3714401E-07,-0.012293
6.3719401E-07,-0.012232
6.3724401E-07,-0.012110
6.3729401E-07,-0.011989
6.3734401E-07,-0.011806
6.3739401E-07,-0.011624
6.3744401E-07,-0.011380
6.3749401E-07,-0.011137
6.3754401E-07,-0.010833
6.3759401E-07,-0.010468
6.3764401E-07,-0.010043
6.3769401E-07,-0.009617
6.3774401E-07,-0.009070
6.3779401E-07,-0.008522
6.3784401E-07,-0.007975
6.3789401E-07,-0.007367
6.3794401E-07,-0.006820
6.3799401E-07,-0.006212
6.3804401E-07,-0.005664
6.3809401E-07,-0.005117
6.3814401E-07,-0.004691
6.3819401E-07,-0.004266
6.3824401E-07,-0.003901
6.3829401E-07,-0.003658
6.3834401E-07,-0.003475
6.3839401E-07,-0.003354
6.3844401E-07,-0.003354
6.3849401E-07,-0.003414
6.3854401E-07,-0.003597
6.3859401E-07,-0.003779
6.3864401E-07,-0.004083
6.3869401E-07,-0.004387
6.3874401E-07,-0.004691
6.3879401E-07,-0.005056
6.3884401E-07,-0.005482
6.3889401E-07,-0.005847
6.3894401E-07,-0.006212
6.3899401E-07,-0.006577
6.3904401E-07,-0.006881
6.3909401E-07,-0.007185
6.3914401E-07,-0.007489
6.3919401E-07,-0.007793
6.3924401E-07,-0.008097
6.3929401E-07,-0.008340
6.3934401E-07,-0.008644
6.3939401E-07,-0.008948
6.3944401E-07,-0.009252
6.3949401E-07,-0.009556
6.3954401E-07,-0.009860
6.3959401E-07,-0.010225
6.3964401E-07,-0.010651
6.3969401E-07,-0.011016
6.3974401E-07,-0.011441
6.3979401E-07,-0.011867
6.3984401E-07,-0.012232
6.3989401E-07,-0.012597
6.3994401E-07,-0.012962
6.3999401E-07,-0.013266
6.4004401E-07,-0.013509
6.4009401E-07,-0.013691
6.4014401E-07,-0.013813
6.4019401E-07,-0.013813
6.4024401E-07,-0.013752
6.4029401E-07,-0.013630
6.4034401E-07,-0.013387
6.4039401E-07,-0.013083
6.4044401E-07,-0.012657
6.4049401E-07,-0.012171
6.4054401E-07,-0.011685
6.4059401E-07,-0.011076
6.4064401E-07,-0.010408
6.4069401E-07,-0.009799
6.4074401E-07,-0.009070
6.4079401E-07,-0.008401
6.4084401E-07,-0.007732
6.4089401E-07,-0.007063
6.4094401E-07,-0.006455
6.4099401E-07,-0.005847
6.4104401E-07,-0.005239
6.4109401E-07,-0.004752
6.4114401E-07,-0.004266
6.4119401E-07,-0.003840
6.4124401E-07,-0.003475
6.4129401E-07,-0.003110
6.4134401E-07,-0.002867
6.4139401E-07,-0.002624
6.4144401E-07,-0.002441
6.4149401E-07,-0.002320
6.4154401E-07,-0.002259
6.4159401E-07,-0.002259
6.4164401E-07,-0.002259
6.4169401E-07,-0.002381
6.4174401E-07,-0.002502
6.4179401E-07,-0.002685
6.4184401E-07,-0.002928
6.4189401E-07,-0.003232
6.4194401E-07,-0.003597
6.4199401E-07,-0.003962
6.4204401E-07,-0.004387
6.4209401E-07,-0.004874
6.4214401E-07,-0.005421
6.4219401E-07,-0.006029
6.4224401E-07,-0.006637
6.4229401E-07,-0.007306
6.4234401E-07,-0.007975
6.4239401E-07,-0.008705
6.4244401E-07,-0.009435
6.4249401E-07,-0.010225
6.4254401E-07,-0.011016
6.4259401E-07,-0.011806
6.4264401E-07,-0.012597
6.4269401E-07,-0.013326
6.4274401E-07,-0.014117
6.4279401E-07,-0.014847
6.4284401E-07,-0.015576
6.4289401E-07,-0.016245
6.4294401E-07,-0.016914
6.4299401E-07,-0.017461
6.4304401E-07,-0.018069
6.4309401E-07,-0.018556
6.4314401E-07,-0.018982
6.4319401E-07,-0.019407
6.4324401E-07,-0.019772
6.4329401E-07,-0.020015
6.4334401E-07,-0.020319
6.4339401E-07,-0.020502
6.4344401E-07,-0.020684
6.4349401E-07,-0.020806
6.4354401E-07,-0.020867
6.4359401E-07,-0.020988
6.4364401E-07,-0.020988
6.4369401E-07,-0.021049
6.4374401E-07,-0.021110
6.4379401E-07,-0.021110
6.4384401E-07,-0.021171
6.4389401E-07,-0.021171
6.4394401E-07,-0.021171
6.4399401E-07,-0.021171
6.4404401E-07,-0.021110
6.4409401E-07,-0.021110
6.4414401E-07,-0.020988
6.4419401E-07,-0.020867
6.4424401E-07,-0.020684
6.4429401E-07,-0.020502
6.4434401E-07,-0.020198
6.4439401E-07,-0.019833
6.4444401E-07,-0.019407
6.4449401E-07,-0.018921
6.4454401E-07,-0.018374
6.4459401E-07,-0.017705
6.4464401E-07,-0.017036
6.4469401E-07,-0.016245
6.4474401E-07,-0.015455
6.4479401E-07,-0.014603
6.4484401E-07,-0.013752
6.4489401E-07,-0.012840
6.4494401E-07,-0.011989
6.4499401E-07,-0.011076
6.4504401E-07,-0.010225
6.4509401E-07,-0.009374
6.4514401E-07,-0.008522
6.4519401E-07,-0.007793
6.4524401E-07,-0.007063
6.4529401E-07,-0.006333
6.4534401E-07,-0.005664
6.4539401E-07,-0.005056
6.4544401E-07,-0.004509
6.4549401E-07,-0.003962
6.4554401E-07,-0.003414
6.4559401E-07,-0.002928
6.4564401E-07,-0.002441
6.4569401E-07,-0.002016
6.4574401E-07,-0.001529
6.4579401E-07,-0.001104
6.4584401E-07,-0.000678
6.4589401E-07,-0.000313
6.4594401E-07,0.000112
6.4599401E-07,0.000417
6.4604401E-07,0.000781
6.4609401E-07,0.001085
6.4614401E-07,0.001329
6.4619401E-07,0.001511
6.4624401E-07,0.001633
6.4629401E-07,0.001754
6.4634401E-07,0.001815
6.4639401E-07,0.001815
6.4644401E-07,0.001754
6.4649401E-07,0.001633
6.4654401E-07,0.001511
6.4659401E-07,0.001329
6.4664401E-07,0.001146
6.4669401E-07,0.000964
6.4674401E-07,0.000721
6.4679401E-07,0.000538
6.4684401E-07,0.000356
6.4689401E-07,0.000173
6.4694401E-07,-0.000009
6.4699401E-07,-0.000131
6.4704401E-07,-0.000192
6.4709401E-07,-0.000252
6.4714401E-07,-0.000313
6.4719401E-07,-0.000313
6.4724401E-07,-0.000374
6.4729401E-07,-0.000374
6.4734401E-07,-0.000313
6.4739401E-07,-0.000313
6.4744401E-07,-0.000374
6.4749401E-07,-0.000374
6.4754401E-07,-0.000435
6.4759401E-07,-0.000496
6.4764401E-07,-0.000617
6.4769401E-07,-0.000739
6.4774401E-07,-0.000921
6.4779401E-07,-0.001164
6.4784401E-07,-0.001408
6.4789401E-07,-0.001651
6.4794401E-07,-0.001955
6.4799401E-07,-0.002259
6.4804401E-07,-0.002624
6.4809401E-07,-0.002989
6.4814401E-07,-0.003354
6.4819401E-07,-0.003718
6.4824401E-07,-0.004144
6.4829401E-07,-0.004509
6.4834401E-07,-0.004935
6.4839401E-07,-0.005360
6.4844401E-07,-0.005725
6.4849401E-07,-0.006151
6.4854401E-07,-0.006577
6.4859401E-07,-0.007002
6.4864401E-07,-0.007367
6.4869401E-07,-0.007793
6.4874401E-07,-0.008158
6.4879401E-07,-0.008462
6.4884401E-07,-0.008826
6.4889401E-07,-0.009070
6.4894401E-07,-0.009313
6.4899401E-07,-0.009556
6.4904401E-07,-0.009678
6.4909401E-07,-0.009739
6.4914401E-07,-0.009799
6.4919401E-07,-0.009739
6.4924401E-07,-0.009617
6.4929401E-07,-0.009435
6.4934401E-07,-0.009191
6.4939401E-07,-0.008887
6.4944401E-07,-0.008462
6.4949401E-07,-0.008036
6.4954401E-07,-0.007549
6.4959401E-07,-0.007002
6.4964401E-07,-0.006455
6.4969401E-07,-0.005908
6.4974401E-07,-0.005300
6.4979401E-07,-0.004691
6.4984401E-07,-0.004083
6.4989401E-07,-0.003475
6.4994401E-07,-0.002928
6.4999401E-07,-0.002381
6.5004401E-07,-0.001894
6.5009401E-07,-0.001469
6.5014401E-07,-0.001043
6.5019401E-07,-0.000739
6.5024401E-07,-0.000435
6.5029401E-07,-0.000192
6.5034401E-07,-0.000009
6.5039401E-07,0.000112
6.5044401E-07,0.000173
6.5049401E-07,0.000173
6.5054401E-07,0.000112
6.5059401E-07,0.000052
6.5064401E-07,-0.000070
6.5069401E-07,-0.000192
6.5074401E-07,-0.000374
6.5079401E-07,-0.000556
6.5084401E-07,-0.000739
6.5089401E-07,-0.000982
6.5094401E-07,-0.001164
6.5099401E-07,-0.001347
6.5104401E-07,-0.001529
6.5109401E-07,-0.001712
6.5114401E-07,-0.001833
6.5119401E-07,-0.001894
6.5124401E-07,-0.001955
6.5129401E-07,-0.002016
6.5134401E-07,-0.001955
6.5139401E-07,-0.001955
6.5144401E-07,-0.001833
6.5149401E-07,-0.001712
6.5154401E-07,-0.001590
6.5159401E-07,-0.001408
6.5164401E-07,-0.001225
6.5169401E-07,-0.001043
6.5174401E-07,-0.000860
6.5179401E-07,-0.000617
6.5184401E-07,-0.000435
6.5189401E-07,-0.000192
6.5194401E-07,0.000052
6.5199401E-07,0.000234
6.5204401E-07,0.000417
6.5209401E-07,0.000599
6.5214401E-07,0.000781
6.5219401E-07,0.000903
6.5224401E-07,0.001025
6.5229401E-07,0.001085
6.5234401E-07,0.001146
6.5239401E-07,0.001146
6.5244401E-07,0.001085
6.5249401E-07,0.000964
6.5254401E-07,0.000781
6.5259401E-07,0.000538
6.5264401E-07,0.000234
6.5269401E-07,-0.000192
6.5274401E-07,-0.000678
6.5279401E-07,-0.001225
6.5284401E-07,-0.001894
6.5289401E-07,-0.002685
6.5294401E-07,-0.003536
6.5299401E-07,-0.004509
6.5304401E-07,-0.005482
6.5309401E-07,-0.006577
6.5314401E-07,-0.007671
6.5319401E-07,-0.008826
6.5324401E-07,-0.009982
6.5329401E-07,-0.011076
6.5334401E-07,-0.012171
6.5339401E-07,-0.013144
6.5344401E-07,-0.014056
6.5349401E-07,-0.014786
6.5354401E-07,-0.015394
6.5359401E-07,-0.015759
6.5364401E-07,-0.016002
6.5369401E-07,-0.015941
6.5374401E-07,-0.015637
6.5379401E-07,-0.015090
6.5384401E-07,-0.014239
6.5389401E-07,-0.013144
6.5394401E-07,-0.011745
6.5399401E-07,-0.010043
6.5404401E-07,-0.008158
6.5409401E-07,-0.005968
6.5414401E-07,-0.003536
6.5419401E-07,-0.000921
6.5424401E-07,0.001876
6.5429401E-07,0.004856
6.5434401E-07,0.007896
6.5439401E-07,0.010997
