LECROYWaveRunner‘N,20113,Waveform
Segments,1,SegmentSize,4002
Segment,TrigTime,TimeSinceSegment1
#1,12-Dec-2018 11:28:55,0                 
Time,Ampl
4.5690816E-07,0.020831
4.5695816E-07,0.020191
4.5700816E-07,0.019551
4.5705816E-07,0.018911
4.5710816E-07,0.018271
4.5715816E-07,0.017524
4.5720816E-07,0.016777
4.5725816E-07,0.016137
4.5730816E-07,0.015390
4.5735816E-07,0.014643
4.5740816E-07,0.013896
4.5745816E-07,0.013150
4.5750816E-07,0.012403
4.5755816E-07,0.011656
4.5760816E-07,0.010909
4.5765816E-07,0.010162
4.5770816E-07,0.009416
4.5775816E-07,0.008669
4.5780816E-07,0.007922
4.5785816E-07,0.007175
4.5790816E-07,0.006535
4.5795816E-07,0.005788
4.5800816E-07,0.005041
4.5805816E-07,0.004295
4.5810816E-07,0.003548
4.5815816E-07,0.002694
4.5820816E-07,0.001841
4.5825816E-07,0.000987
4.5830816E-07,0.000134
4.5835816E-07,-0.000933
4.5840816E-07,-0.002000
4.5845816E-07,-0.003067
4.5850816E-07,-0.004240
4.5855816E-07,-0.005520
4.5860816E-07,-0.006801
4.5865816E-07,-0.008188
4.5870816E-07,-0.009575
4.5875816E-07,-0.011068
4.5880816E-07,-0.012562
4.5885816E-07,-0.013949
4.5890816E-07,-0.015442
4.5895816E-07,-0.016829
4.5900816E-07,-0.018110
4.5905816E-07,-0.019283
4.5910816E-07,-0.020350
4.5915816E-07,-0.021310
4.5920816E-07,-0.022057
4.5925816E-07,-0.022697
4.5930816E-07,-0.023017
4.5935816E-07,-0.023230
4.5940816E-07,-0.023230
4.5945816E-07,-0.023017
4.5950816E-07,-0.022590
4.5955816E-07,-0.022057
4.5960816E-07,-0.021310
4.5965816E-07,-0.020457
4.5970816E-07,-0.019496
4.5975816E-07,-0.018430
4.5980816E-07,-0.017256
4.5985816E-07,-0.016189
4.5990816E-07,-0.015016
4.5995816E-07,-0.013842
4.6000816E-07,-0.012882
4.6005816E-07,-0.011922
4.6010816E-07,-0.010962
4.6015816E-07,-0.010215
4.6020816E-07,-0.009681
4.6025816E-07,-0.009148
4.6030816E-07,-0.008828
4.6035816E-07,-0.008508
4.6040816E-07,-0.008401
4.6045816E-07,-0.008401
4.6050816E-07,-0.008508
4.6055816E-07,-0.008614
4.6060816E-07,-0.008721
4.6065816E-07,-0.008934
4.6070816E-07,-0.009148
4.6075816E-07,-0.009255
4.6080816E-07,-0.009361
4.6085816E-07,-0.009361
4.6090816E-07,-0.009361
4.6095816E-07,-0.009148
4.6100816E-07,-0.008934
4.6105816E-07,-0.008508
4.6110816E-07,-0.007974
4.6115816E-07,-0.007441
4.6120816E-07,-0.006694
4.6125816E-07,-0.005841
4.6130816E-07,-0.004880
4.6135816E-07,-0.003814
4.6140816E-07,-0.002747
4.6145816E-07,-0.001573
4.6150816E-07,-0.000400
4.6155816E-07,0.000774
4.6160816E-07,0.002054
4.6165816E-07,0.003228
4.6170816E-07,0.004508
4.6175816E-07,0.005682
4.6180816E-07,0.006748
4.6185816E-07,0.007922
4.6190816E-07,0.008989
4.6195816E-07,0.009949
4.6200816E-07,0.010909
4.6205816E-07,0.011869
4.6210816E-07,0.012723
4.6215816E-07,0.013576
4.6220816E-07,0.014323
4.6225816E-07,0.015070
4.6230816E-07,0.015817
4.6235816E-07,0.016457
4.6240816E-07,0.017097
4.6245816E-07,0.017630
4.6250816E-07,0.018164
4.6255816E-07,0.018591
4.6260816E-07,0.018911
4.6265816E-07,0.019124
4.6270816E-07,0.019231
4.6275816E-07,0.019231
4.6280816E-07,0.019124
4.6285816E-07,0.018911
4.6290816E-07,0.018484
4.6295816E-07,0.017951
4.6300816E-07,0.017310
4.6305816E-07,0.016457
4.6310816E-07,0.015497
4.6315816E-07,0.014430
4.6320816E-07,0.013256
4.6325816E-07,0.011976
4.6330816E-07,0.010696
4.6335816E-07,0.009309
4.6340816E-07,0.007922
4.6345816E-07,0.006535
4.6350816E-07,0.005148
4.6355816E-07,0.003868
4.6360816E-07,0.002694
4.6365816E-07,0.001521
4.6370816E-07,0.000561
4.6375816E-07,-0.000400
4.6380816E-07,-0.001146
4.6385816E-07,-0.001893
4.6390816E-07,-0.002533
4.6395816E-07,-0.003067
4.6400816E-07,-0.003493
4.6405816E-07,-0.003814
4.6410816E-07,-0.004134
4.6415816E-07,-0.004454
4.6420816E-07,-0.004667
4.6425816E-07,-0.004880
4.6430816E-07,-0.005200
4.6435816E-07,-0.005414
4.6440816E-07,-0.005734
4.6445816E-07,-0.006054
4.6450816E-07,-0.006481
4.6455816E-07,-0.006801
4.6460816E-07,-0.007227
4.6465816E-07,-0.007548
4.6470816E-07,-0.007974
4.6475816E-07,-0.008294
4.6480816E-07,-0.008508
4.6485816E-07,-0.008828
4.6490816E-07,-0.008934
4.6495816E-07,-0.009041
4.6500816E-07,-0.008934
4.6505816E-07,-0.008828
4.6510816E-07,-0.008614
4.6515816E-07,-0.008188
4.6520816E-07,-0.007761
4.6525816E-07,-0.007121
4.6530816E-07,-0.006481
4.6535816E-07,-0.005734
4.6540816E-07,-0.004880
4.6545816E-07,-0.004027
4.6550816E-07,-0.003173
4.6555816E-07,-0.002213
4.6560816E-07,-0.001253
4.6565816E-07,-0.000293
4.6570816E-07,0.000561
4.6575816E-07,0.001521
4.6580816E-07,0.002374
4.6585816E-07,0.003121
4.6590816E-07,0.003868
4.6595816E-07,0.004508
4.6600816E-07,0.005148
4.6605816E-07,0.005682
4.6610816E-07,0.006215
4.6615816E-07,0.006642
4.6620816E-07,0.006962
4.6625816E-07,0.007282
4.6630816E-07,0.007495
4.6635816E-07,0.007709
4.6640816E-07,0.007815
4.6645816E-07,0.007922
4.6650816E-07,0.007922
4.6655816E-07,0.007815
4.6660816E-07,0.007602
4.6665816E-07,0.007389
4.6670816E-07,0.007069
4.6675816E-07,0.006642
4.6680816E-07,0.006002
4.6685816E-07,0.005362
4.6690816E-07,0.004615
4.6695816E-07,0.003761
4.6700816E-07,0.002801
4.6705816E-07,0.001628
4.6710816E-07,0.000454
4.6715816E-07,-0.000720
4.6720816E-07,-0.002107
4.6725816E-07,-0.003493
4.6730816E-07,-0.004880
4.6735816E-07,-0.006374
4.6740816E-07,-0.007761
4.6745816E-07,-0.009255
4.6750816E-07,-0.010641
4.6755816E-07,-0.011922
4.6760816E-07,-0.013202
4.6765816E-07,-0.014375
4.6770816E-07,-0.015336
4.6775816E-07,-0.016296
4.6780816E-07,-0.017043
4.6785816E-07,-0.017683
4.6790816E-07,-0.018110
4.6795816E-07,-0.018430
4.6800816E-07,-0.018536
4.6805816E-07,-0.018536
4.6810816E-07,-0.018323
4.6815816E-07,-0.017896
4.6820816E-07,-0.017363
4.6825816E-07,-0.016616
4.6830816E-07,-0.015762
4.6835816E-07,-0.014802
4.6840816E-07,-0.013629
4.6845816E-07,-0.012455
4.6850816E-07,-0.011068
4.6855816E-07,-0.009681
4.6860816E-07,-0.008188
4.6865816E-07,-0.006694
4.6870816E-07,-0.005200
4.6875816E-07,-0.003707
4.6880816E-07,-0.002213
4.6885816E-07,-0.000720
4.6890816E-07,0.000667
4.6895816E-07,0.001948
4.6900816E-07,0.003121
4.6905816E-07,0.004081
4.6910816E-07,0.004935
4.6915816E-07,0.005682
4.6920816E-07,0.006215
4.6925816E-07,0.006535
4.6930816E-07,0.006642
4.6935816E-07,0.006535
4.6940816E-07,0.006215
4.6945816E-07,0.005682
4.6950816E-07,0.004935
4.6955816E-07,0.003975
4.6960816E-07,0.002801
4.6965816E-07,0.001414
4.6970816E-07,-0.000186
4.6975816E-07,-0.001893
4.6980816E-07,-0.003707
4.6985816E-07,-0.005627
4.6990816E-07,-0.007654
4.6995816E-07,-0.009788
4.7000816E-07,-0.011815
4.7005816E-07,-0.013949
4.7010816E-07,-0.016082
4.7015816E-07,-0.018110
4.7020816E-07,-0.020030
4.7025816E-07,-0.021950
4.7030816E-07,-0.023657
4.7035816E-07,-0.025258
4.7040816E-07,-0.026644
4.7045816E-07,-0.027925
4.7050816E-07,-0.028992
4.7055816E-07,-0.029952
4.7060816E-07,-0.030592
4.7065816E-07,-0.031125
4.7070816E-07,-0.031552
4.7075816E-07,-0.031659
4.7080816E-07,-0.031765
4.7085816E-07,-0.031552
4.7090816E-07,-0.031339
4.7095816E-07,-0.030912
4.7100816E-07,-0.030485
4.7105816E-07,-0.029845
4.7110816E-07,-0.029205
4.7115816E-07,-0.028458
4.7120816E-07,-0.027605
4.7125816E-07,-0.026751
4.7130816E-07,-0.025791
4.7135816E-07,-0.024831
4.7140816E-07,-0.023871
4.7145816E-07,-0.022804
4.7150816E-07,-0.021737
4.7155816E-07,-0.020670
4.7160816E-07,-0.019496
4.7165816E-07,-0.018323
4.7170816E-07,-0.017149
4.7175816E-07,-0.015976
4.7180816E-07,-0.014802
4.7185816E-07,-0.013522
4.7190816E-07,-0.012242
4.7195816E-07,-0.011068
4.7200816E-07,-0.009895
4.7205816E-07,-0.008721
4.7210816E-07,-0.007548
4.7215816E-07,-0.006481
4.7220816E-07,-0.005520
4.7225816E-07,-0.004560
4.7230816E-07,-0.003707
4.7235816E-07,-0.002960
4.7240816E-07,-0.002213
4.7245816E-07,-0.001680
4.7250816E-07,-0.001253
4.7255816E-07,-0.000933
4.7260816E-07,-0.000613
4.7265816E-07,-0.000506
4.7270816E-07,-0.000400
4.7275816E-07,-0.000400
4.7280816E-07,-0.000506
4.7285816E-07,-0.000613
4.7290816E-07,-0.000826
4.7295816E-07,-0.001040
4.7300816E-07,-0.001253
4.7305816E-07,-0.001573
4.7310816E-07,-0.001786
4.7315816E-07,-0.002107
4.7320816E-07,-0.002320
4.7325816E-07,-0.002640
4.7330816E-07,-0.002853
4.7335816E-07,-0.002960
4.7340816E-07,-0.003067
4.7345816E-07,-0.003173
4.7350816E-07,-0.003173
4.7355816E-07,-0.003067
4.7360816E-07,-0.002960
4.7365816E-07,-0.002747
4.7370816E-07,-0.002427
4.7375816E-07,-0.002107
4.7380816E-07,-0.001680
4.7385816E-07,-0.001146
4.7390816E-07,-0.000506
4.7395816E-07,0.000241
4.7400816E-07,0.000987
4.7405816E-07,0.001948
4.7410816E-07,0.002801
4.7415816E-07,0.003761
4.7420816E-07,0.004828
4.7425816E-07,0.005895
4.7430816E-07,0.006962
4.7435816E-07,0.008029
4.7440816E-07,0.009096
4.7445816E-07,0.010056
4.7450816E-07,0.011123
4.7455816E-07,0.011976
4.7460816E-07,0.012830
4.7465816E-07,0.013683
4.7470816E-07,0.014323
4.7475816E-07,0.014857
4.7480816E-07,0.015390
4.7485816E-07,0.015710
4.7490816E-07,0.016030
4.7495816E-07,0.016244
4.7500816E-07,0.016244
4.7505816E-07,0.016244
4.7510816E-07,0.016244
4.7515816E-07,0.016137
4.7520816E-07,0.015923
4.7525816E-07,0.015710
4.7530816E-07,0.015497
4.7535816E-07,0.015283
4.7540816E-07,0.015177
4.7545816E-07,0.014963
4.7550816E-07,0.014857
4.7555816E-07,0.014750
4.7560816E-07,0.014750
4.7565816E-07,0.014857
4.7570816E-07,0.014857
4.7575816E-07,0.015070
4.7580816E-07,0.015283
4.7585816E-07,0.015497
4.7590816E-07,0.015710
4.7595816E-07,0.016030
4.7600816E-07,0.016350
4.7605816E-07,0.016670
4.7610816E-07,0.016884
4.7615816E-07,0.017204
4.7620816E-07,0.017417
4.7625816E-07,0.017524
4.7630816E-07,0.017737
4.7635816E-07,0.017737
4.7640816E-07,0.017737
4.7645816E-07,0.017630
4.7650816E-07,0.017524
4.7655816E-07,0.017310
4.7660816E-07,0.017097
4.7665816E-07,0.016777
4.7670816E-07,0.016457
4.7675816E-07,0.016030
4.7680816E-07,0.015710
4.7685816E-07,0.015283
4.7690816E-07,0.014963
4.7695816E-07,0.014537
4.7700816E-07,0.014217
4.7705816E-07,0.014003
4.7710816E-07,0.013790
4.7715816E-07,0.013576
4.7720816E-07,0.013470
4.7725816E-07,0.013363
4.7730816E-07,0.013363
4.7735816E-07,0.013470
4.7740816E-07,0.013576
4.7745816E-07,0.013683
4.7750816E-07,0.013896
4.7755816E-07,0.014110
4.7760816E-07,0.014323
4.7765816E-07,0.014643
4.7770816E-07,0.014857
4.7775816E-07,0.015070
4.7780816E-07,0.015283
4.7785816E-07,0.015497
4.7790816E-07,0.015603
4.7795816E-07,0.015710
4.7800816E-07,0.015710
4.7805816E-07,0.015710
4.7810816E-07,0.015710
4.7815816E-07,0.015603
4.7820816E-07,0.015390
4.7825816E-07,0.015177
4.7830816E-07,0.014857
4.7835816E-07,0.014537
4.7840816E-07,0.014110
4.7845816E-07,0.013683
4.7850816E-07,0.013150
4.7855816E-07,0.012616
4.7860816E-07,0.011976
4.7865816E-07,0.011336
4.7870816E-07,0.010696
4.7875816E-07,0.010056
4.7880816E-07,0.009309
4.7885816E-07,0.008455
4.7890816E-07,0.007709
4.7895816E-07,0.006962
4.7900816E-07,0.006108
4.7905816E-07,0.005255
4.7910816E-07,0.004508
4.7915816E-07,0.003761
4.7920816E-07,0.002908
4.7925816E-07,0.002268
4.7930816E-07,0.001521
4.7935816E-07,0.000881
4.7940816E-07,0.000347
4.7945816E-07,-0.000186
4.7950816E-07,-0.000613
4.7955816E-07,-0.000933
4.7960816E-07,-0.001146
4.7965816E-07,-0.001360
4.7970816E-07,-0.001360
4.7975816E-07,-0.001360
4.7980816E-07,-0.001146
4.7985816E-07,-0.000933
4.7990816E-07,-0.000613
4.7995816E-07,-0.000293
4.8000816E-07,0.000241
4.8005816E-07,0.000667
4.8010816E-07,0.001201
4.8015816E-07,0.001734
4.8020816E-07,0.002268
4.8025816E-07,0.002801
4.8030816E-07,0.003228
4.8035816E-07,0.003655
4.8040816E-07,0.004081
4.8045816E-07,0.004295
4.8050816E-07,0.004508
4.8055816E-07,0.004615
4.8060816E-07,0.004508
4.8065816E-07,0.004401
4.8070816E-07,0.004081
4.8075816E-07,0.003761
4.8080816E-07,0.003334
4.8085816E-07,0.002694
4.8090816E-07,0.002054
4.8095816E-07,0.001307
4.8100816E-07,0.000454
4.8105816E-07,-0.000400
4.8110816E-07,-0.001253
4.8115816E-07,-0.002213
4.8120816E-07,-0.003173
4.8125816E-07,-0.004134
4.8130816E-07,-0.005094
4.8135816E-07,-0.006054
4.8140816E-07,-0.006907
4.8145816E-07,-0.007868
4.8150816E-07,-0.008721
4.8155816E-07,-0.009575
4.8160816E-07,-0.010321
4.8165816E-07,-0.011068
4.8170816E-07,-0.011708
4.8175816E-07,-0.012348
4.8180816E-07,-0.012989
4.8185816E-07,-0.013522
4.8190816E-07,-0.014055
4.8195816E-07,-0.014482
4.8200816E-07,-0.014802
4.8205816E-07,-0.015122
4.8210816E-07,-0.015442
4.8215816E-07,-0.015549
4.8220816E-07,-0.015656
4.8225816E-07,-0.015762
4.8230816E-07,-0.015656
4.8235816E-07,-0.015549
4.8240816E-07,-0.015336
4.8245816E-07,-0.015122
4.8250816E-07,-0.014696
4.8255816E-07,-0.014269
4.8260816E-07,-0.013735
4.8265816E-07,-0.013095
4.8270816E-07,-0.012348
4.8275816E-07,-0.011602
4.8280816E-07,-0.010748
4.8285816E-07,-0.009895
4.8290816E-07,-0.008934
4.8295816E-07,-0.007974
4.8300816E-07,-0.006907
4.8305816E-07,-0.005947
4.8310816E-07,-0.004880
4.8315816E-07,-0.003920
4.8320816E-07,-0.002853
4.8325816E-07,-0.001893
4.8330816E-07,-0.000933
4.8335816E-07,-0.000079
4.8340816E-07,0.000774
4.8345816E-07,0.001521
4.8350816E-07,0.002268
4.8355816E-07,0.002908
4.8360816E-07,0.003441
4.8365816E-07,0.003975
4.8370816E-07,0.004401
4.8375816E-07,0.004828
4.8380816E-07,0.005148
4.8385816E-07,0.005468
4.8390816E-07,0.005682
4.8395816E-07,0.006002
4.8400816E-07,0.006215
4.8405816E-07,0.006428
4.8410816E-07,0.006642
4.8415816E-07,0.006748
4.8420816E-07,0.006962
4.8425816E-07,0.007175
4.8430816E-07,0.007282
4.8435816E-07,0.007495
4.8440816E-07,0.007602
4.8445816E-07,0.007815
4.8450816E-07,0.007922
4.8455816E-07,0.007922
4.8460816E-07,0.007922
4.8465816E-07,0.007922
4.8470816E-07,0.007815
4.8475816E-07,0.007602
4.8480816E-07,0.007282
4.8485816E-07,0.006962
4.8490816E-07,0.006535
4.8495816E-07,0.006002
4.8500816E-07,0.005362
4.8505816E-07,0.004721
4.8510816E-07,0.003975
4.8515816E-07,0.003121
4.8520816E-07,0.002268
4.8525816E-07,0.001414
4.8530816E-07,0.000561
4.8535816E-07,-0.000400
4.8540816E-07,-0.001253
4.8545816E-07,-0.002107
4.8550816E-07,-0.002853
4.8555816E-07,-0.003707
4.8560816E-07,-0.004454
4.8565816E-07,-0.005094
4.8570816E-07,-0.005734
4.8575816E-07,-0.006374
4.8580816E-07,-0.006907
4.8585816E-07,-0.007441
4.8590816E-07,-0.007974
4.8595816E-07,-0.008508
4.8600816E-07,-0.009041
4.8605816E-07,-0.009468
4.8610816E-07,-0.010001
4.8615816E-07,-0.010535
4.8620816E-07,-0.010962
4.8625816E-07,-0.011495
4.8630816E-07,-0.011922
4.8635816E-07,-0.012348
4.8640816E-07,-0.012775
4.8645816E-07,-0.013095
4.8650816E-07,-0.013415
4.8655816E-07,-0.013629
4.8660816E-07,-0.013735
4.8665816E-07,-0.013735
4.8670816E-07,-0.013629
4.8675816E-07,-0.013415
4.8680816E-07,-0.013095
4.8685816E-07,-0.012562
4.8690816E-07,-0.012028
4.8695816E-07,-0.011175
4.8700816E-07,-0.010321
4.8705816E-07,-0.009361
4.8710816E-07,-0.008188
4.8715816E-07,-0.007014
4.8720816E-07,-0.005734
4.8725816E-07,-0.004347
4.8730816E-07,-0.002960
4.8735816E-07,-0.001573
4.8740816E-07,-0.000186
4.8745816E-07,0.001201
4.8750816E-07,0.002588
4.8755816E-07,0.003975
4.8760816E-07,0.005148
4.8765816E-07,0.006428
4.8770816E-07,0.007495
4.8775816E-07,0.008562
4.8780816E-07,0.009522
4.8785816E-07,0.010376
4.8790816E-07,0.011229
4.8795816E-07,0.011869
4.8800816E-07,0.012510
4.8805816E-07,0.013043
4.8810816E-07,0.013470
4.8815816E-07,0.013790
4.8820816E-07,0.014110
4.8825816E-07,0.014323
4.8830816E-07,0.014430
4.8835816E-07,0.014537
4.8840816E-07,0.014537
4.8845816E-07,0.014537
4.8850816E-07,0.014537
4.8855816E-07,0.014430
4.8860816E-07,0.014323
4.8865816E-07,0.014217
4.8870816E-07,0.014003
4.8875816E-07,0.013790
4.8880816E-07,0.013470
4.8885816E-07,0.013150
4.8890816E-07,0.012830
4.8895816E-07,0.012510
4.8900816E-07,0.012189
4.8905816E-07,0.011869
4.8910816E-07,0.011443
4.8915816E-07,0.011123
4.8920816E-07,0.010803
4.8925816E-07,0.010482
4.8930816E-07,0.010162
4.8935816E-07,0.009949
4.8940816E-07,0.009736
4.8945816E-07,0.009629
4.8950816E-07,0.009522
4.8955816E-07,0.009629
4.8960816E-07,0.009629
4.8965816E-07,0.009842
4.8970816E-07,0.010056
4.8975816E-07,0.010376
4.8980816E-07,0.010696
4.8985816E-07,0.011123
4.8990816E-07,0.011549
4.8995816E-07,0.011976
4.9000816E-07,0.012510
4.9005816E-07,0.012936
4.9010816E-07,0.013363
4.9015816E-07,0.013683
4.9020816E-07,0.014003
4.9025816E-07,0.014323
4.9030816E-07,0.014430
4.9035816E-07,0.014537
4.9040816E-07,0.014537
4.9045816E-07,0.014430
4.9050816E-07,0.014217
4.9055816E-07,0.014003
4.9060816E-07,0.013576
4.9065816E-07,0.013150
4.9070816E-07,0.012723
4.9075816E-07,0.012189
4.9080816E-07,0.011656
4.9085816E-07,0.011123
4.9090816E-07,0.010589
4.9095816E-07,0.010162
4.9100816E-07,0.009736
4.9105816E-07,0.009309
4.9110816E-07,0.009096
4.9115816E-07,0.008882
4.9120816E-07,0.008669
4.9125816E-07,0.008669
4.9130816E-07,0.008776
4.9135816E-07,0.008882
4.9140816E-07,0.009202
4.9145816E-07,0.009522
4.9150816E-07,0.010056
4.9155816E-07,0.010589
4.9160816E-07,0.011229
4.9165816E-07,0.011976
4.9170816E-07,0.012830
4.9175816E-07,0.013790
4.9180816E-07,0.014750
4.9185816E-07,0.015923
4.9190816E-07,0.017204
4.9195816E-07,0.018697
4.9200816E-07,0.020298
4.9205816E-07,0.022005
4.9210816E-07,0.023925
4.9215816E-07,0.026059
4.9220816E-07,0.028299
4.9225816E-07,0.030860
4.9230816E-07,0.033633
4.9235816E-07,0.036727
4.9240816E-07,0.039928
4.9245816E-07,0.043555
4.9250816E-07,0.047396
4.9255816E-07,0.051450
4.9260816E-07,0.055931
4.9265816E-07,0.060625
4.9270816E-07,0.065639
4.9275816E-07,0.070974
4.9280816E-07,0.076628
4.9285816E-07,0.082496
4.9290816E-07,0.088790
4.9295816E-07,0.095405
4.9300816E-07,0.102233
4.9305816E-07,0.109488
4.9310816E-07,0.117062
4.9315816E-07,0.124957
4.9320816E-07,0.133172
4.9325816E-07,0.141707
4.9330816E-07,0.150562
4.9335816E-07,0.159737
4.9340816E-07,0.169232
4.9345816E-07,0.179047
4.9350816E-07,0.189182
4.9355816E-07,0.199638
4.9360816E-07,0.210306
4.9365816E-07,0.221295
4.9370816E-07,0.232497
4.9375816E-07,0.244019
4.9380816E-07,0.255648
4.9385816E-07,0.267597
4.9390816E-07,0.279653
4.9395816E-07,0.291922
4.9400816E-07,0.304404
4.9405816E-07,0.316993
4.9410816E-07,0.329689
4.9415816E-07,0.342598
4.9420816E-07,0.355613
4.9425816E-07,0.368843
4.9430816E-07,0.382072
4.9435816E-07,0.395514
4.9440816E-07,0.409063
4.9445816E-07,0.422826
4.9450816E-07,0.436588
4.9455816E-07,0.450458
4.9460816E-07,0.464434
4.9465816E-07,0.478516
4.9470816E-07,0.492706
4.9475816E-07,0.506895
4.9480816E-07,0.521084
4.9485816E-07,0.535380
4.9490816E-07,0.549569
4.9495816E-07,0.563652
4.9500816E-07,0.577735
4.9505816E-07,0.591604
4.9510816E-07,0.605473
4.9515816E-07,0.619129
4.9520816E-07,0.632572
4.9525816E-07,0.645801
4.9530816E-07,0.658816
4.9535816E-07,0.671619
4.9540816E-07,0.684101
4.9545816E-07,0.696370
4.9550816E-07,0.708319
4.9555816E-07,0.720055
4.9560816E-07,0.731577
4.9565816E-07,0.742779
4.9570816E-07,0.753768
4.9575816E-07,0.764436
4.9580816E-07,0.774998
4.9585816E-07,0.785240
4.9590816E-07,0.795269
4.9595816E-07,0.805084
4.9600816E-07,0.814686
4.9605816E-07,0.824074
4.9610816E-07,0.833249
4.9615816E-07,0.842317
4.9620816E-07,0.851066
4.9625816E-07,0.859601
4.9630816E-07,0.867922
4.9635816E-07,0.876030
4.9640816E-07,0.884032
4.9645816E-07,0.891606
4.9650816E-07,0.899075
4.9655816E-07,0.906223
4.9660816E-07,0.913157
4.9665816E-07,0.919772
4.9670816E-07,0.926173
4.9675816E-07,0.932361
4.9680816E-07,0.938229
4.9685816E-07,0.943776
4.9690816E-07,0.949111
4.9695816E-07,0.954125
4.9700816E-07,0.958819
4.9705816E-07,0.963407
4.9710816E-07,0.967567
4.9715816E-07,0.971515
4.9720816E-07,0.975249
4.9725816E-07,0.978663
4.9730816E-07,0.981863
4.9735816E-07,0.984744
4.9740816E-07,0.987411
4.9745816E-07,0.989758
4.9750816E-07,0.991892
4.9755816E-07,0.993812
4.9760816E-07,0.995412
4.9765816E-07,0.996799
4.9770816E-07,0.997973
4.9775816E-07,0.998826
4.9780816E-07,0.999467
4.9785816E-07,0.999893
4.9790816E-07,1.000000
4.9795816E-07,0.999893
4.9800816E-07,0.999573
4.9805816E-07,0.999040
4.9810816E-07,0.998293
4.9815816E-07,0.997226
4.9820816E-07,0.995946
4.9825816E-07,0.994559
4.9830816E-07,0.992852
4.9835816E-07,0.991038
4.9840816E-07,0.988905
4.9845816E-07,0.986664
4.9850816E-07,0.984210
4.9855816E-07,0.981650
4.9860816E-07,0.978876
4.9865816E-07,0.975889
4.9870816E-07,0.972795
4.9875816E-07,0.969594
4.9880816E-07,0.966287
4.9885816E-07,0.962766
4.9890816E-07,0.959139
4.9895816E-07,0.955298
4.9900816E-07,0.951458
4.9905816E-07,0.947404
4.9910816E-07,0.943243
4.9915816E-07,0.938869
4.9920816E-07,0.934494
4.9925816E-07,0.929907
4.9930816E-07,0.925213
4.9935816E-07,0.920412
4.9940816E-07,0.915504
4.9945816E-07,0.910383
4.9950816E-07,0.905262
4.9955816E-07,0.899928
4.9960816E-07,0.894594
4.9965816E-07,0.889153
4.9970816E-07,0.883712
4.9975816E-07,0.878164
4.9980816E-07,0.872616
4.9985816E-07,0.867069
4.9990816E-07,0.861521
4.9995816E-07,0.855973
5.0000816E-07,0.850532
5.0005816E-07,0.845091
5.0010816E-07,0.839757
5.0015816E-07,0.834529
5.0020816E-07,0.829302
5.0025816E-07,0.824181
5.0030816E-07,0.819166
5.0035816E-07,0.814152
5.0040816E-07,0.809244
5.0045816E-07,0.804444
5.0050816E-07,0.799536
5.0055816E-07,0.794735
5.0060816E-07,0.789934
5.0065816E-07,0.785027
5.0070816E-07,0.780226
5.0075816E-07,0.775318
5.0080816E-07,0.770411
5.0085816E-07,0.765396
5.0090816E-07,0.760275
5.0095816E-07,0.755261
5.0100816E-07,0.750033
5.0105816E-07,0.744913
5.0110816E-07,0.739685
5.0115816E-07,0.734457
5.0120816E-07,0.729123
5.0125816E-07,0.723895
5.0130816E-07,0.718668
5.0135816E-07,0.713547
5.0140816E-07,0.708319
5.0145816E-07,0.703305
5.0150816E-07,0.698291
5.0155816E-07,0.693383
5.0160816E-07,0.688475
5.0165816E-07,0.683781
5.0170816E-07,0.679087
5.0175816E-07,0.674499
5.0180816E-07,0.669912
5.0185816E-07,0.665431
5.0190816E-07,0.661057
5.0195816E-07,0.656683
5.0200816E-07,0.652415
5.0205816E-07,0.648148
5.0210816E-07,0.643880
5.0215816E-07,0.639613
5.0220816E-07,0.635452
5.0225816E-07,0.631185
5.0230816E-07,0.627024
5.0235816E-07,0.622756
5.0240816E-07,0.618596
5.0245816E-07,0.614435
5.0250816E-07,0.610381
5.0255816E-07,0.606220
5.0260816E-07,0.602166
5.0265816E-07,0.598219
5.0270816E-07,0.594271
5.0275816E-07,0.590430
5.0280816E-07,0.586696
5.0285816E-07,0.583069
5.0290816E-07,0.579442
5.0295816E-07,0.576028
5.0300816E-07,0.572614
5.0305816E-07,0.569307
5.0310816E-07,0.566106
5.0315816E-07,0.563012
5.0320816E-07,0.560025
5.0325816E-07,0.557144
5.0330816E-07,0.554264
5.0335816E-07,0.551490
5.0340816E-07,0.548716
5.0345816E-07,0.546049
5.0350816E-07,0.543488
5.0355816E-07,0.540928
5.0360816E-07,0.538474
5.0365816E-07,0.536020
5.0370816E-07,0.533567
5.0375816E-07,0.531219
5.0380816E-07,0.528979
5.0385816E-07,0.526632
5.0390816E-07,0.524498
5.0395816E-07,0.522258
5.0400816E-07,0.520124
5.0405816E-07,0.518097
5.0410816E-07,0.515963
5.0415816E-07,0.513936
5.0420816E-07,0.512016
5.0425816E-07,0.510095
5.0430816E-07,0.508175
5.0435816E-07,0.506255
5.0440816E-07,0.504334
5.0445816E-07,0.502521
5.0450816E-07,0.500600
5.0455816E-07,0.498787
5.0460816E-07,0.496973
5.0465816E-07,0.495159
5.0470816E-07,0.493346
5.0475816E-07,0.491639
5.0480816E-07,0.489825
5.0485816E-07,0.488118
5.0490816E-07,0.486411
5.0495816E-07,0.484704
5.0500816E-07,0.482997
5.0505816E-07,0.481290
5.0510816E-07,0.479690
5.0515816E-07,0.478090
5.0520816E-07,0.476596
5.0525816E-07,0.475102
5.0530816E-07,0.473715
5.0535816E-07,0.472328
5.0540816E-07,0.471048
5.0545816E-07,0.469875
5.0550816E-07,0.468701
5.0555816E-07,0.467634
5.0560816E-07,0.466567
5.0565816E-07,0.465607
5.0570816E-07,0.464647
5.0575816E-07,0.463794
5.0580816E-07,0.463047
5.0585816E-07,0.462300
5.0590816E-07,0.461553
5.0595816E-07,0.460806
5.0600816E-07,0.460059
5.0605816E-07,0.459419
5.0610816E-07,0.458673
5.0615816E-07,0.457926
5.0620816E-07,0.457072
5.0625816E-07,0.456219
5.0630816E-07,0.455365
5.0635816E-07,0.454405
5.0640816E-07,0.453338
5.0645816E-07,0.452271
5.0650816E-07,0.451098
5.0655816E-07,0.449924
5.0660816E-07,0.448644
5.0665816E-07,0.447364
5.0670816E-07,0.445977
5.0675816E-07,0.444483
5.0680816E-07,0.443096
5.0685816E-07,0.441603
5.0690816E-07,0.440109
5.0695816E-07,0.438616
5.0700816E-07,0.437122
5.0705816E-07,0.435628
5.0710816E-07,0.434135
5.0715816E-07,0.432641
5.0720816E-07,0.431041
5.0725816E-07,0.429547
5.0730816E-07,0.427947
5.0735816E-07,0.426347
5.0740816E-07,0.424746
5.0745816E-07,0.422933
5.0750816E-07,0.421119
5.0755816E-07,0.419305
5.0760816E-07,0.417278
5.0765816E-07,0.415144
5.0770816E-07,0.413011
5.0775816E-07,0.410664
5.0780816E-07,0.408210
5.0785816E-07,0.405649
5.0790816E-07,0.402982
5.0795816E-07,0.400315
5.0800816E-07,0.397435
5.0805816E-07,0.394661
5.0810816E-07,0.391780
5.0815816E-07,0.388793
5.0820816E-07,0.385912
5.0825816E-07,0.383032
5.0830816E-07,0.380258
5.0835816E-07,0.377591
5.0840816E-07,0.374924
5.0845816E-07,0.372363
5.0850816E-07,0.369909
5.0855816E-07,0.367562
5.0860816E-07,0.365322
5.0865816E-07,0.363295
5.0870816E-07,0.361374
5.0875816E-07,0.359454
5.0880816E-07,0.357747
5.0885816E-07,0.356040
5.0890816E-07,0.354440
5.0895816E-07,0.352946
5.0900816E-07,0.351453
5.0905816E-07,0.350066
5.0910816E-07,0.348679
5.0915816E-07,0.347292
5.0920816E-07,0.345905
5.0925816E-07,0.344411
5.0930816E-07,0.343024
5.0935816E-07,0.341531
5.0940816E-07,0.340037
5.0945816E-07,0.338544
5.0950816E-07,0.336943
5.0955816E-07,0.335343
5.0960816E-07,0.333743
5.0965816E-07,0.332036
5.0970816E-07,0.330329
5.0975816E-07,0.328515
5.0980816E-07,0.326701
5.0985816E-07,0.324888
5.0990816E-07,0.323074
5.0995816E-07,0.321260
5.1000816E-07,0.319340
5.1005816E-07,0.317420
5.1010816E-07,0.315499
5.1015816E-07,0.313579
5.1020816E-07,0.311659
5.1025816E-07,0.309738
5.1030816E-07,0.307818
5.1035816E-07,0.305897
5.1040816E-07,0.303870
5.1045816E-07,0.301950
5.1050816E-07,0.299923
5.1055816E-07,0.297896
5.1060816E-07,0.295762
5.1065816E-07,0.293735
5.1070816E-07,0.291601
5.1075816E-07,0.289468
5.1080816E-07,0.287227
5.1085816E-07,0.284987
5.1090816E-07,0.282746
5.1095816E-07,0.280399
5.1100816E-07,0.277946
5.1105816E-07,0.275598
5.1110816E-07,0.273038
5.1115816E-07,0.270584
5.1120816E-07,0.268024
5.1125816E-07,0.265357
5.1130816E-07,0.262689
5.1135816E-07,0.260022
5.1140816E-07,0.257355
5.1145816E-07,0.254688
5.1150816E-07,0.251914
5.1155816E-07,0.249247
5.1160816E-07,0.246580
5.1165816E-07,0.243913
5.1170816E-07,0.241245
5.1175816E-07,0.238578
5.1180816E-07,0.236018
5.1185816E-07,0.233457
5.1190816E-07,0.231004
5.1195816E-07,0.228550
5.1200816E-07,0.226096
5.1205816E-07,0.223749
5.1210816E-07,0.221402
5.1215816E-07,0.219161
5.1220816E-07,0.217028
5.1225816E-07,0.214787
5.1230816E-07,0.212653
5.1235816E-07,0.210626
5.1240816E-07,0.208599
5.1245816E-07,0.206572
5.1250816E-07,0.204545
5.1255816E-07,0.202625
5.1260816E-07,0.200598
5.1265816E-07,0.198678
5.1270816E-07,0.196757
5.1275816E-07,0.194837
5.1280816E-07,0.192916
5.1285816E-07,0.190996
5.1290816E-07,0.189076
5.1295816E-07,0.187155
5.1300816E-07,0.185235
5.1305816E-07,0.183315
5.1310816E-07,0.181394
5.1315816E-07,0.179474
5.1320816E-07,0.177660
5.1325816E-07,0.175740
5.1330816E-07,0.173926
5.1335816E-07,0.172219
5.1340816E-07,0.170512
5.1345816E-07,0.168912
5.1350816E-07,0.167418
5.1355816E-07,0.166031
5.1360816E-07,0.164751
5.1365816E-07,0.163578
5.1370816E-07,0.162511
5.1375816E-07,0.161657
5.1380816E-07,0.160910
5.1385816E-07,0.160377
5.1390816E-07,0.159844
5.1395816E-07,0.159524
5.1400816E-07,0.159310
5.1405816E-07,0.159097
5.1410816E-07,0.158990
5.1415816E-07,0.158883
5.1420816E-07,0.158777
5.1425816E-07,0.158777
5.1430816E-07,0.158670
5.1435816E-07,0.158563
5.1440816E-07,0.158350
5.1445816E-07,0.158030
5.1450816E-07,0.157710
5.1455816E-07,0.157283
5.1460816E-07,0.156856
5.1465816E-07,0.156323
5.1470816E-07,0.155683
5.1475816E-07,0.155043
5.1480816E-07,0.154296
5.1485816E-07,0.153656
5.1490816E-07,0.152909
5.1495816E-07,0.152162
5.1500816E-07,0.151522
5.1505816E-07,0.150775
5.1510816E-07,0.150242
5.1515816E-07,0.149602
5.1520816E-07,0.149068
5.1525816E-07,0.148642
5.1530816E-07,0.148108
5.1535816E-07,0.147788
5.1540816E-07,0.147361
5.1545816E-07,0.147041
5.1550816E-07,0.146721
5.1555816E-07,0.146401
5.1560816E-07,0.145974
5.1565816E-07,0.145654
5.1570816E-07,0.145228
5.1575816E-07,0.144801
5.1580816E-07,0.144267
5.1585816E-07,0.143734
5.1590816E-07,0.143201
5.1595816E-07,0.142454
5.1600816E-07,0.141814
5.1605816E-07,0.140960
5.1610816E-07,0.140213
5.1615816E-07,0.139253
5.1620816E-07,0.138400
5.1625816E-07,0.137439
5.1630816E-07,0.136373
5.1635816E-07,0.135306
5.1640816E-07,0.134132
5.1645816E-07,0.132959
5.1650816E-07,0.131678
5.1655816E-07,0.130398
5.1660816E-07,0.129118
5.1665816E-07,0.127624
5.1670816E-07,0.126131
5.1675816E-07,0.124637
5.1680816E-07,0.123037
5.1685816E-07,0.121330
5.1690816E-07,0.119623
5.1695816E-07,0.117916
5.1700816E-07,0.116102
5.1705816E-07,0.114288
5.1710816E-07,0.112475
5.1715816E-07,0.110768
5.1720816E-07,0.108954
5.1725816E-07,0.107247
5.1730816E-07,0.105754
5.1735816E-07,0.104260
5.1740816E-07,0.102873
5.1745816E-07,0.101699
5.1750816E-07,0.100633
5.1755816E-07,0.099779
5.1760816E-07,0.099032
5.1765816E-07,0.098606
5.1770816E-07,0.098392
5.1775816E-07,0.098285
5.1780816E-07,0.098392
5.1785816E-07,0.098819
5.1790816E-07,0.099246
5.1795816E-07,0.099992
5.1800816E-07,0.100846
5.1805816E-07,0.101806
5.1810816E-07,0.102873
5.1815816E-07,0.104153
5.1820816E-07,0.105433
5.1825816E-07,0.106714
5.1830816E-07,0.108101
5.1835816E-07,0.109488
5.1840816E-07,0.110875
5.1845816E-07,0.112261
5.1850816E-07,0.113542
5.1855816E-07,0.114929
5.1860816E-07,0.116209
5.1865816E-07,0.117382
5.1870816E-07,0.118556
5.1875816E-07,0.119623
5.1880816E-07,0.120583
5.1885816E-07,0.121543
5.1890816E-07,0.122397
5.1895816E-07,0.123250
5.1900816E-07,0.123890
5.1905816E-07,0.124530
5.1910816E-07,0.125064
5.1915816E-07,0.125597
5.1920816E-07,0.125917
5.1925816E-07,0.126237
5.1930816E-07,0.126451
5.1935816E-07,0.126557
5.1940816E-07,0.126664
5.1945816E-07,0.126557
5.1950816E-07,0.126451
5.1955816E-07,0.126237
5.1960816E-07,0.125917
5.1965816E-07,0.125491
5.1970816E-07,0.124957
5.1975816E-07,0.124424
5.1980816E-07,0.123784
5.1985816E-07,0.123037
5.1990816E-07,0.122290
5.1995816E-07,0.121543
5.2000816E-07,0.120690
5.2005816E-07,0.119729
5.2010816E-07,0.118769
5.2015816E-07,0.117809
5.2020816E-07,0.116849
5.2025816E-07,0.115889
5.2030816E-07,0.114822
5.2035816E-07,0.113862
5.2040816E-07,0.112795
5.2045816E-07,0.111835
5.2050816E-07,0.110768
5.2055816E-07,0.109808
5.2060816E-07,0.108741
5.2065816E-07,0.107781
5.2070816E-07,0.106820
5.2075816E-07,0.105860
5.2080816E-07,0.104900
5.2085816E-07,0.103940
5.2090816E-07,0.103086
5.2095816E-07,0.102233
5.2100816E-07,0.101486
5.2105816E-07,0.100739
5.2110816E-07,0.099992
5.2115816E-07,0.099352
5.2120816E-07,0.098819
5.2125816E-07,0.098392
5.2130816E-07,0.098072
5.2135816E-07,0.097859
5.2140816E-07,0.097752
5.2145816E-07,0.097752
5.2150816E-07,0.097965
5.2155816E-07,0.098285
5.2160816E-07,0.098712
5.2165816E-07,0.099352
5.2170816E-07,0.100099
5.2175816E-07,0.100953
5.2180816E-07,0.102020
5.2185816E-07,0.103086
5.2190816E-07,0.104367
5.2195816E-07,0.105754
5.2200816E-07,0.107140
5.2205816E-07,0.108634
5.2210816E-07,0.110128
5.2215816E-07,0.111621
5.2220816E-07,0.113008
5.2225816E-07,0.114502
5.2230816E-07,0.115782
5.2235816E-07,0.117062
5.2240816E-07,0.118129
5.2245816E-07,0.119089
5.2250816E-07,0.119836
5.2255816E-07,0.120476
5.2260816E-07,0.121010
5.2265816E-07,0.121330
5.2270816E-07,0.121436
5.2275816E-07,0.121330
5.2280816E-07,0.121116
5.2285816E-07,0.120690
5.2290816E-07,0.120156
5.2295816E-07,0.119516
5.2300816E-07,0.118769
5.2305816E-07,0.117916
5.2310816E-07,0.116956
5.2315816E-07,0.115889
5.2320816E-07,0.114822
5.2325816E-07,0.113648
5.2330816E-07,0.112475
5.2335816E-07,0.111195
5.2340816E-07,0.109914
5.2345816E-07,0.108634
5.2350816E-07,0.107247
5.2355816E-07,0.105860
5.2360816E-07,0.104367
5.2365816E-07,0.102873
5.2370816E-07,0.101273
5.2375816E-07,0.099672
5.2380816E-07,0.098072
5.2385816E-07,0.096258
5.2390816E-07,0.094445
5.2395816E-07,0.092631
5.2400816E-07,0.090711
5.2405816E-07,0.088790
5.2410816E-07,0.086870
5.2415816E-07,0.084950
5.2420816E-07,0.082923
5.2425816E-07,0.081002
5.2430816E-07,0.079082
5.2435816E-07,0.077268
5.2440816E-07,0.075561
5.2445816E-07,0.073854
5.2450816E-07,0.072254
5.2455816E-07,0.070760
5.2460816E-07,0.069480
5.2465816E-07,0.068307
5.2470816E-07,0.067133
5.2475816E-07,0.066280
5.2480816E-07,0.065426
5.2485816E-07,0.064679
5.2490816E-07,0.064146
5.2495816E-07,0.063612
5.2500816E-07,0.063186
5.2505816E-07,0.062866
5.2510816E-07,0.062546
5.2515816E-07,0.062332
5.2520816E-07,0.062119
5.2525816E-07,0.061905
5.2530816E-07,0.061692
5.2535816E-07,0.061479
5.2540816E-07,0.061372
5.2545816E-07,0.061159
5.2550816E-07,0.060945
5.2555816E-07,0.060732
5.2560816E-07,0.060518
5.2565816E-07,0.060198
5.2570816E-07,0.059985
5.2575816E-07,0.059772
5.2580816E-07,0.059558
5.2585816E-07,0.059452
5.2590816E-07,0.059345
5.2595816E-07,0.059238
5.2600816E-07,0.059238
5.2605816E-07,0.059238
5.2610816E-07,0.059345
5.2615816E-07,0.059452
5.2620816E-07,0.059772
5.2625816E-07,0.059985
5.2630816E-07,0.060412
5.2635816E-07,0.060839
5.2640816E-07,0.061265
5.2645816E-07,0.061799
5.2650816E-07,0.062332
5.2655816E-07,0.062972
5.2660816E-07,0.063506
5.2665816E-07,0.064146
5.2670816E-07,0.064786
5.2675816E-07,0.065426
5.2680816E-07,0.066066
5.2685816E-07,0.066600
5.2690816E-07,0.067133
5.2695816E-07,0.067666
5.2700816E-07,0.068200
5.2705816E-07,0.068627
5.2710816E-07,0.069053
5.2715816E-07,0.069480
5.2720816E-07,0.069800
5.2725816E-07,0.070014
5.2730816E-07,0.070227
5.2735816E-07,0.070440
5.2740816E-07,0.070547
5.2745816E-07,0.070547
5.2750816E-07,0.070440
5.2755816E-07,0.070334
5.2760816E-07,0.070014
5.2765816E-07,0.069694
5.2770816E-07,0.069373
5.2775816E-07,0.068840
5.2780816E-07,0.068307
5.2785816E-07,0.067773
5.2790816E-07,0.067026
5.2795816E-07,0.066386
5.2800816E-07,0.065639
5.2805816E-07,0.064999
5.2810816E-07,0.064252
5.2815816E-07,0.063612
5.2820816E-07,0.063079
5.2825816E-07,0.062546
5.2830816E-07,0.062225
5.2835816E-07,0.062012
5.2840816E-07,0.061905
5.2845816E-07,0.062012
5.2850816E-07,0.062225
5.2855816E-07,0.062759
5.2860816E-07,0.063399
5.2865816E-07,0.064252
5.2870816E-07,0.065213
5.2875816E-07,0.066493
5.2880816E-07,0.067880
5.2885816E-07,0.069373
5.2890816E-07,0.070974
5.2895816E-07,0.072787
5.2900816E-07,0.074601
5.2905816E-07,0.076521
5.2910816E-07,0.078442
5.2915816E-07,0.080362
5.2920816E-07,0.082283
5.2925816E-07,0.084203
5.2930816E-07,0.086017
5.2935816E-07,0.087724
5.2940816E-07,0.089324
5.2945816E-07,0.090924
5.2950816E-07,0.092311
5.2955816E-07,0.093591
5.2960816E-07,0.094765
5.2965816E-07,0.095832
5.2970816E-07,0.096792
5.2975816E-07,0.097645
5.2980816E-07,0.098285
5.2985816E-07,0.098926
5.2990816E-07,0.099352
5.2995816E-07,0.099672
5.3000816E-07,0.099992
5.3005816E-07,0.100099
5.3010816E-07,0.100099
5.3015816E-07,0.100099
5.3020816E-07,0.099886
5.3025816E-07,0.099672
5.3030816E-07,0.099352
5.3035816E-07,0.098926
5.3040816E-07,0.098392
5.3045816E-07,0.097752
5.3050816E-07,0.097112
5.3055816E-07,0.096365
5.3060816E-07,0.095512
5.3065816E-07,0.094658
5.3070816E-07,0.093698
5.3075816E-07,0.092738
5.3080816E-07,0.091671
5.3085816E-07,0.090604
5.3090816E-07,0.089537
5.3095816E-07,0.088470
5.3100816E-07,0.087403
5.3105816E-07,0.086337
5.3110816E-07,0.085270
5.3115816E-07,0.084203
5.3120816E-07,0.083243
5.3125816E-07,0.082283
5.3130816E-07,0.081429
5.3135816E-07,0.080576
5.3140816E-07,0.079722
5.3145816E-07,0.078975
5.3150816E-07,0.078122
5.3155816E-07,0.077375
5.3160816E-07,0.076735
5.3165816E-07,0.075988
5.3170816E-07,0.075241
5.3175816E-07,0.074494
5.3180816E-07,0.073641
5.3185816E-07,0.072894
5.3190816E-07,0.071934
5.3195816E-07,0.070974
5.3200816E-07,0.070014
5.3205816E-07,0.068947
5.3210816E-07,0.067773
5.3215816E-07,0.066600
5.3220816E-07,0.065426
5.3225816E-07,0.064146
5.3230816E-07,0.062866
5.3235816E-07,0.061479
5.3240816E-07,0.060198
5.3245816E-07,0.058811
5.3250816E-07,0.057531
5.3255816E-07,0.056251
5.3260816E-07,0.054971
5.3265816E-07,0.053797
5.3270816E-07,0.052624
5.3275816E-07,0.051557
5.3280816E-07,0.050597
5.3285816E-07,0.049636
5.3290816E-07,0.048676
5.3295816E-07,0.047823
5.3300816E-07,0.047076
5.3305816E-07,0.046222
5.3310816E-07,0.045476
5.3315816E-07,0.044729
5.3320816E-07,0.043982
5.3325816E-07,0.043235
5.3330816E-07,0.042488
5.3335816E-07,0.041742
5.3340816E-07,0.040995
5.3345816E-07,0.040141
5.3350816E-07,0.039288
5.3355816E-07,0.038434
5.3360816E-07,0.037581
5.3365816E-07,0.036621
5.3370816E-07,0.035661
5.3375816E-07,0.034700
5.3380816E-07,0.033633
5.3385816E-07,0.032673
5.3390816E-07,0.031606
5.3395816E-07,0.030540
5.3400816E-07,0.029473
5.3405816E-07,0.028406
5.3410816E-07,0.027339
5.3415816E-07,0.026272
5.3420816E-07,0.025099
5.3425816E-07,0.024032
5.3430816E-07,0.022858
5.3435816E-07,0.021791
5.3440816E-07,0.020618
5.3445816E-07,0.019551
5.3450816E-07,0.018484
5.3455816E-07,0.017417
5.3460816E-07,0.016457
5.3465816E-07,0.015497
5.3470816E-07,0.014643
5.3475816E-07,0.013896
5.3480816E-07,0.013150
5.3485816E-07,0.012616
5.3490816E-07,0.012189
5.3495816E-07,0.011869
5.3500816E-07,0.011656
5.3505816E-07,0.011656
5.3510816E-07,0.011763
5.3515816E-07,0.011976
5.3520816E-07,0.012403
5.3525816E-07,0.012830
5.3530816E-07,0.013470
5.3535816E-07,0.014217
5.3540816E-07,0.014963
5.3545816E-07,0.015817
5.3550816E-07,0.016777
5.3555816E-07,0.017737
5.3560816E-07,0.018591
5.3565816E-07,0.019551
5.3570816E-07,0.020404
5.3575816E-07,0.021258
5.3580816E-07,0.022005
5.3585816E-07,0.022751
5.3590816E-07,0.023392
5.3595816E-07,0.023925
5.3600816E-07,0.024352
5.3605816E-07,0.024778
5.3610816E-07,0.025099
5.3615816E-07,0.025419
5.3620816E-07,0.025632
5.3625816E-07,0.025845
5.3630816E-07,0.026059
5.3635816E-07,0.026272
5.3640816E-07,0.026592
5.3645816E-07,0.026912
5.3650816E-07,0.027232
5.3655816E-07,0.027766
5.3660816E-07,0.028406
5.3665816E-07,0.029046
5.3670816E-07,0.029899
5.3675816E-07,0.030860
5.3680816E-07,0.031926
5.3685816E-07,0.033207
5.3690816E-07,0.034594
5.3695816E-07,0.035981
5.3700816E-07,0.037581
5.3705816E-07,0.039288
5.3710816E-07,0.040995
5.3715816E-07,0.042702
5.3720816E-07,0.044515
5.3725816E-07,0.046329
5.3730816E-07,0.048036
5.3735816E-07,0.049743
5.3740816E-07,0.051450
5.3745816E-07,0.053050
5.3750816E-07,0.054544
5.3755816E-07,0.055931
5.3760816E-07,0.057318
5.3765816E-07,0.058491
5.3770816E-07,0.059558
5.3775816E-07,0.060625
5.3780816E-07,0.061479
5.3785816E-07,0.062332
5.3790816E-07,0.062972
5.3795816E-07,0.063719
5.3800816E-07,0.064252
5.3805816E-07,0.064786
5.3810816E-07,0.065319
5.3815816E-07,0.065853
5.3820816E-07,0.066280
5.3825816E-07,0.066706
5.3830816E-07,0.067133
5.3835816E-07,0.067560
5.3840816E-07,0.067987
5.3845816E-07,0.068413
5.3850816E-07,0.068840
5.3855816E-07,0.069267
5.3860816E-07,0.069800
5.3865816E-07,0.070227
5.3870816E-07,0.070654
5.3875816E-07,0.071080
5.3880816E-07,0.071400
5.3885816E-07,0.071827
5.3890816E-07,0.072147
5.3895816E-07,0.072467
5.3900816E-07,0.072787
5.3905816E-07,0.073107
5.3910816E-07,0.073321
5.3915816E-07,0.073534
5.3920816E-07,0.073641
5.3925816E-07,0.073748
5.3930816E-07,0.073748
5.3935816E-07,0.073641
5.3940816E-07,0.073534
5.3945816E-07,0.073321
5.3950816E-07,0.073107
5.3955816E-07,0.072681
5.3960816E-07,0.072254
5.3965816E-07,0.071721
5.3970816E-07,0.071080
5.3975816E-07,0.070334
5.3980816E-07,0.069587
5.3985816E-07,0.068627
5.3990816E-07,0.067666
5.3995816E-07,0.066706
5.4000816E-07,0.065639
5.4005816E-07,0.064466
5.4010816E-07,0.063292
5.4015816E-07,0.062119
5.4020816E-07,0.060945
5.4025816E-07,0.059772
5.4030816E-07,0.058598
5.4035816E-07,0.057531
5.4040816E-07,0.056464
5.4045816E-07,0.055611
5.4050816E-07,0.054757
5.4055816E-07,0.054011
5.4060816E-07,0.053370
5.4065816E-07,0.052837
5.4070816E-07,0.052517
5.4075816E-07,0.052197
5.4080816E-07,0.051984
5.4085816E-07,0.051984
5.4090816E-07,0.051984
5.4095816E-07,0.052090
5.4100816E-07,0.052304
5.4105816E-07,0.052517
5.4110816E-07,0.052837
5.4115816E-07,0.053050
5.4120816E-07,0.053370
5.4125816E-07,0.053584
5.4130816E-07,0.053797
5.4135816E-07,0.054011
5.4140816E-07,0.054011
5.4145816E-07,0.054011
5.4150816E-07,0.053904
5.4155816E-07,0.053691
5.4160816E-07,0.053370
5.4165816E-07,0.052944
5.4170816E-07,0.052410
5.4175816E-07,0.051770
5.4180816E-07,0.051023
5.4185816E-07,0.050170
5.4190816E-07,0.049316
5.4195816E-07,0.048356
5.4200816E-07,0.047396
5.4205816E-07,0.046329
5.4210816E-07,0.045262
5.4215816E-07,0.044195
5.4220816E-07,0.043129
5.4225816E-07,0.042168
5.4230816E-07,0.041102
5.4235816E-07,0.040141
5.4240816E-07,0.039074
5.4245816E-07,0.038221
5.4250816E-07,0.037261
5.4255816E-07,0.036407
5.4260816E-07,0.035554
5.4265816E-07,0.034700
5.4270816E-07,0.033847
5.4275816E-07,0.033100
5.4280816E-07,0.032353
5.4285816E-07,0.031606
5.4290816E-07,0.030753
5.4295816E-07,0.030113
5.4300816E-07,0.029366
5.4305816E-07,0.028619
5.4310816E-07,0.027979
5.4315816E-07,0.027232
5.4320816E-07,0.026699
5.4325816E-07,0.026059
5.4330816E-07,0.025525
5.4335816E-07,0.025099
5.4340816E-07,0.024672
5.4345816E-07,0.024245
5.4350816E-07,0.023925
5.4355816E-07,0.023712
5.4360816E-07,0.023605
5.4365816E-07,0.023392
5.4370816E-07,0.023392
5.4375816E-07,0.023392
5.4380816E-07,0.023392
5.4385816E-07,0.023392
5.4390816E-07,0.023498
5.4395816E-07,0.023605
5.4400816E-07,0.023712
5.4405816E-07,0.023712
5.4410816E-07,0.023818
5.4415816E-07,0.023925
5.4420816E-07,0.023925
5.4425816E-07,0.023925
5.4430816E-07,0.023925
5.4435816E-07,0.023925
5.4440816E-07,0.023925
5.4445816E-07,0.023925
5.4450816E-07,0.023925
5.4455816E-07,0.024032
5.4460816E-07,0.024032
5.4465816E-07,0.024138
5.4470816E-07,0.024245
5.4475816E-07,0.024352
5.4480816E-07,0.024565
5.4485816E-07,0.024885
5.4490816E-07,0.025205
5.4495816E-07,0.025525
5.4500816E-07,0.025952
5.4505816E-07,0.026485
5.4510816E-07,0.027019
5.4515816E-07,0.027552
5.4520816E-07,0.028192
5.4525816E-07,0.028833
5.4530816E-07,0.029473
5.4535816E-07,0.030219
5.4540816E-07,0.030966
5.4545816E-07,0.031606
5.4550816E-07,0.032353
5.4555816E-07,0.033100
5.4560816E-07,0.033847
5.4565816E-07,0.034594
5.4570816E-07,0.035340
5.4575816E-07,0.035981
5.4580816E-07,0.036727
5.4585816E-07,0.037474
5.4590816E-07,0.038221
5.4595816E-07,0.038968
5.4600816E-07,0.039715
5.4605816E-07,0.040461
5.4610816E-07,0.041102
5.4615816E-07,0.041848
5.4620816E-07,0.042595
5.4625816E-07,0.043235
5.4630816E-07,0.043875
5.4635816E-07,0.044515
5.4640816E-07,0.045049
5.4645816E-07,0.045582
5.4650816E-07,0.046009
5.4655816E-07,0.046436
5.4660816E-07,0.046756
5.4665816E-07,0.046969
5.4670816E-07,0.047183
5.4675816E-07,0.047289
5.4680816E-07,0.047289
5.4685816E-07,0.047289
5.4690816E-07,0.047183
5.4695816E-07,0.046969
5.4700816E-07,0.046863
5.4705816E-07,0.046543
5.4710816E-07,0.046329
5.4715816E-07,0.046116
5.4720816E-07,0.045796
5.4725816E-07,0.045476
5.4730816E-07,0.045262
5.4735816E-07,0.045049
5.4740816E-07,0.044836
5.4745816E-07,0.044622
5.4750816E-07,0.044515
5.4755816E-07,0.044302
5.4760816E-07,0.044302
5.4765816E-07,0.044195
5.4770816E-07,0.044195
5.4775816E-07,0.044195
5.4780816E-07,0.044195
5.4785816E-07,0.044195
5.4790816E-07,0.044302
5.4795816E-07,0.044302
5.4800816E-07,0.044302
5.4805816E-07,0.044409
5.4810816E-07,0.044409
5.4815816E-07,0.044409
5.4820816E-07,0.044409
5.4825816E-07,0.044302
5.4830816E-07,0.044302
5.4835816E-07,0.044195
5.4840816E-07,0.044195
5.4845816E-07,0.044089
5.4850816E-07,0.044089
5.4855816E-07,0.043982
5.4860816E-07,0.043982
5.4865816E-07,0.043982
5.4870816E-07,0.043982
5.4875816E-07,0.044089
5.4880816E-07,0.044195
5.4885816E-07,0.044302
5.4890816E-07,0.044409
5.4895816E-07,0.044622
5.4900816E-07,0.044942
5.4905816E-07,0.045156
5.4910816E-07,0.045476
5.4915816E-07,0.045796
5.4920816E-07,0.046116
5.4925816E-07,0.046436
5.4930816E-07,0.046649
5.4935816E-07,0.046969
5.4940816E-07,0.047183
5.4945816E-07,0.047396
5.4950816E-07,0.047503
5.4955816E-07,0.047503
5.4960816E-07,0.047503
5.4965816E-07,0.047396
5.4970816E-07,0.047289
5.4975816E-07,0.046969
5.4980816E-07,0.046756
5.4985816E-07,0.046329
5.4990816E-07,0.045902
5.4995816E-07,0.045476
5.5000816E-07,0.045049
5.5005816E-07,0.044515
5.5010816E-07,0.044089
5.5015816E-07,0.043662
5.5020816E-07,0.043129
5.5025816E-07,0.042809
5.5030816E-07,0.042488
5.5035816E-07,0.042168
5.5040816E-07,0.041955
5.5045816E-07,0.041848
5.5050816E-07,0.041848
5.5055816E-07,0.041848
5.5060816E-07,0.041848
5.5065816E-07,0.042062
5.5070816E-07,0.042168
5.5075816E-07,0.042488
5.5080816E-07,0.042702
5.5085816E-07,0.043022
5.5090816E-07,0.043235
5.5095816E-07,0.043449
5.5100816E-07,0.043769
5.5105816E-07,0.043875
5.5110816E-07,0.044089
5.5115816E-07,0.044195
5.5120816E-07,0.044195
5.5125816E-07,0.044089
5.5130816E-07,0.043982
5.5135816E-07,0.043769
5.5140816E-07,0.043449
5.5145816E-07,0.043129
5.5150816E-07,0.042595
5.5155816E-07,0.042062
5.5160816E-07,0.041422
5.5165816E-07,0.040781
5.5170816E-07,0.039928
5.5175816E-07,0.039181
5.5180816E-07,0.038221
5.5185816E-07,0.037367
5.5190816E-07,0.036407
5.5195816E-07,0.035447
5.5200816E-07,0.034380
5.5205816E-07,0.033420
5.5210816E-07,0.032353
5.5215816E-07,0.031393
5.5220816E-07,0.030433
5.5225816E-07,0.029473
5.5230816E-07,0.028513
5.5235816E-07,0.027552
5.5240816E-07,0.026699
5.5245816E-07,0.025845
5.5250816E-07,0.025099
5.5255816E-07,0.024352
5.5260816E-07,0.023712
5.5265816E-07,0.023071
5.5270816E-07,0.022538
5.5275816E-07,0.022111
5.5280816E-07,0.021578
5.5285816E-07,0.021258
5.5290816E-07,0.020938
5.5295816E-07,0.020618
5.5300816E-07,0.020298
5.5305816E-07,0.020084
5.5310816E-07,0.019871
5.5315816E-07,0.019764
5.5320816E-07,0.019551
5.5325816E-07,0.019444
5.5330816E-07,0.019231
5.5335816E-07,0.019017
5.5340816E-07,0.018911
5.5345816E-07,0.018591
5.5350816E-07,0.018377
5.5355816E-07,0.018164
5.5360816E-07,0.017844
5.5365816E-07,0.017524
5.5370816E-07,0.017204
5.5375816E-07,0.016884
5.5380816E-07,0.016564
5.5385816E-07,0.016244
5.5390816E-07,0.016030
5.5395816E-07,0.015817
5.5400816E-07,0.015603
5.5405816E-07,0.015497
5.5410816E-07,0.015497
5.5415816E-07,0.015497
5.5420816E-07,0.015710
5.5425816E-07,0.015923
5.5430816E-07,0.016350
5.5435816E-07,0.016777
5.5440816E-07,0.017310
5.5445816E-07,0.017951
5.5450816E-07,0.018697
5.5455816E-07,0.019551
5.5460816E-07,0.020298
5.5465816E-07,0.021258
5.5470816E-07,0.022111
5.5475816E-07,0.022965
5.5480816E-07,0.023925
5.5485816E-07,0.024778
5.5490816E-07,0.025632
5.5495816E-07,0.026379
5.5500816E-07,0.027126
5.5505816E-07,0.027766
5.5510816E-07,0.028406
5.5515816E-07,0.028939
5.5520816E-07,0.029366
5.5525816E-07,0.029686
5.5530816E-07,0.029899
5.5535816E-07,0.030006
5.5540816E-07,0.030113
5.5545816E-07,0.030006
5.5550816E-07,0.029793
5.5555816E-07,0.029579
5.5560816E-07,0.029153
5.5565816E-07,0.028726
5.5570816E-07,0.028086
5.5575816E-07,0.027339
5.5580816E-07,0.026485
5.5585816E-07,0.025632
5.5590816E-07,0.024565
5.5595816E-07,0.023392
5.5600816E-07,0.022218
5.5605816E-07,0.020938
5.5610816E-07,0.019658
5.5615816E-07,0.018271
5.5620816E-07,0.016990
5.5625816E-07,0.015603
5.5630816E-07,0.014430
5.5635816E-07,0.013256
5.5640816E-07,0.012296
5.5645816E-07,0.011443
5.5650816E-07,0.010909
5.5655816E-07,0.010482
5.5660816E-07,0.010269
5.5665816E-07,0.010376
5.5670816E-07,0.010696
5.5675816E-07,0.011443
5.5680816E-07,0.012296
5.5685816E-07,0.013470
5.5690816E-07,0.014963
5.5695816E-07,0.016564
5.5700816E-07,0.018484
5.5705816E-07,0.020511
5.5710816E-07,0.022645
5.5715816E-07,0.024885
5.5720816E-07,0.027232
5.5725816E-07,0.029579
5.5730816E-07,0.031820
5.5735816E-07,0.034060
5.5740816E-07,0.036087
5.5745816E-07,0.038114
5.5750816E-07,0.039821
5.5755816E-07,0.041422
5.5760816E-07,0.042809
5.5765816E-07,0.043982
5.5770816E-07,0.044942
5.5775816E-07,0.045689
5.5780816E-07,0.046222
5.5785816E-07,0.046543
5.5790816E-07,0.046649
5.5795816E-07,0.046543
5.5800816E-07,0.046329
5.5805816E-07,0.045902
5.5810816E-07,0.045476
5.5815816E-07,0.044729
5.5820816E-07,0.043982
5.5825816E-07,0.043129
5.5830816E-07,0.042275
5.5835816E-07,0.041208
5.5840816E-07,0.040141
5.5845816E-07,0.038968
5.5850816E-07,0.037794
5.5855816E-07,0.036407
5.5860816E-07,0.035127
5.5865816E-07,0.033633
5.5870816E-07,0.032247
5.5875816E-07,0.030646
5.5880816E-07,0.029046
5.5885816E-07,0.027446
5.5890816E-07,0.025739
5.5895816E-07,0.024138
5.5900816E-07,0.022431
5.5905816E-07,0.020724
5.5910816E-07,0.019017
5.5915816E-07,0.017417
5.5920816E-07,0.015817
5.5925816E-07,0.014323
5.5930816E-07,0.012936
5.5935816E-07,0.011656
5.5940816E-07,0.010482
5.5945816E-07,0.009416
5.5950816E-07,0.008562
5.5955816E-07,0.007815
5.5960816E-07,0.007282
5.5965816E-07,0.006962
5.5970816E-07,0.006642
5.5975816E-07,0.006642
5.5980816E-07,0.006642
5.5985816E-07,0.006855
5.5990816E-07,0.007175
5.5995816E-07,0.007602
5.6000816E-07,0.008135
5.6005816E-07,0.008669
5.6010816E-07,0.009309
5.6015816E-07,0.009949
5.6020816E-07,0.010589
5.6025816E-07,0.011229
5.6030816E-07,0.011869
5.6035816E-07,0.012403
5.6040816E-07,0.013043
5.6045816E-07,0.013576
5.6050816E-07,0.014110
5.6055816E-07,0.014643
5.6060816E-07,0.015177
5.6065816E-07,0.015603
5.6070816E-07,0.016137
5.6075816E-07,0.016564
5.6080816E-07,0.017097
5.6085816E-07,0.017630
5.6090816E-07,0.018164
5.6095816E-07,0.018697
5.6100816E-07,0.019337
5.6105816E-07,0.019978
5.6110816E-07,0.020618
5.6115816E-07,0.021258
5.6120816E-07,0.022005
5.6125816E-07,0.022645
5.6130816E-07,0.023392
5.6135816E-07,0.024032
5.6140816E-07,0.024672
5.6145816E-07,0.025312
5.6150816E-07,0.025952
5.6155816E-07,0.026379
5.6160816E-07,0.026806
5.6165816E-07,0.027232
5.6170816E-07,0.027552
5.6175816E-07,0.027766
5.6180816E-07,0.027872
5.6185816E-07,0.027872
5.6190816E-07,0.027872
5.6195816E-07,0.027872
5.6200816E-07,0.027659
5.6205816E-07,0.027552
5.6210816E-07,0.027232
5.6215816E-07,0.027019
5.6220816E-07,0.026699
5.6225816E-07,0.026379
5.6230816E-07,0.025952
5.6235816E-07,0.025632
5.6240816E-07,0.025205
5.6245816E-07,0.024778
5.6250816E-07,0.024352
5.6255816E-07,0.023925
5.6260816E-07,0.023498
5.6265816E-07,0.022965
5.6270816E-07,0.022431
5.6275816E-07,0.022005
5.6280816E-07,0.021471
5.6285816E-07,0.020938
5.6290816E-07,0.020511
5.6295816E-07,0.019978
5.6300816E-07,0.019551
5.6305816E-07,0.019017
5.6310816E-07,0.018697
5.6315816E-07,0.018271
5.6320816E-07,0.017951
5.6325816E-07,0.017737
5.6330816E-07,0.017524
5.6335816E-07,0.017524
5.6340816E-07,0.017417
5.6345816E-07,0.017524
5.6350816E-07,0.017737
5.6355816E-07,0.018057
5.6360816E-07,0.018377
5.6365816E-07,0.018804
5.6370816E-07,0.019337
5.6375816E-07,0.019871
5.6380816E-07,0.020511
5.6385816E-07,0.021258
5.6390816E-07,0.021898
5.6395816E-07,0.022645
5.6400816E-07,0.023285
5.6405816E-07,0.024032
5.6410816E-07,0.024672
5.6415816E-07,0.025205
5.6420816E-07,0.025739
5.6425816E-07,0.026165
5.6430816E-07,0.026485
5.6435816E-07,0.026699
5.6440816E-07,0.026912
5.6445816E-07,0.026912
5.6450816E-07,0.026912
5.6455816E-07,0.026806
5.6460816E-07,0.026592
5.6465816E-07,0.026272
5.6470816E-07,0.025952
5.6475816E-07,0.025525
5.6480816E-07,0.024992
5.6485816E-07,0.024565
5.6490816E-07,0.024032
5.6495816E-07,0.023498
5.6500816E-07,0.022965
5.6505816E-07,0.022431
5.6510816E-07,0.021898
5.6515816E-07,0.021365
5.6520816E-07,0.020831
5.6525816E-07,0.020404
5.6530816E-07,0.019978
5.6535816E-07,0.019551
5.6540816E-07,0.019124
5.6545816E-07,0.018804
5.6550816E-07,0.018484
5.6555816E-07,0.018164
5.6560816E-07,0.017951
5.6565816E-07,0.017737
5.6570816E-07,0.017524
5.6575816E-07,0.017417
5.6580816E-07,0.017417
5.6585816E-07,0.017310
5.6590816E-07,0.017417
5.6595816E-07,0.017524
5.6600816E-07,0.017737
5.6605816E-07,0.018057
5.6610816E-07,0.018484
5.6615816E-07,0.018911
5.6620816E-07,0.019551
5.6625816E-07,0.020191
5.6630816E-07,0.020938
5.6635816E-07,0.021791
5.6640816E-07,0.022645
5.6645816E-07,0.023605
5.6650816E-07,0.024672
5.6655816E-07,0.025739
5.6660816E-07,0.026806
5.6665816E-07,0.027872
5.6670816E-07,0.028939
5.6675816E-07,0.030006
5.6680816E-07,0.031073
5.6685816E-07,0.032140
5.6690816E-07,0.033100
5.6695816E-07,0.034060
5.6700816E-07,0.034914
5.6705816E-07,0.035767
5.6710816E-07,0.036621
5.6715816E-07,0.037367
5.6720816E-07,0.038114
5.6725816E-07,0.038754
5.6730816E-07,0.039501
5.6735816E-07,0.040141
5.6740816E-07,0.040781
5.6745816E-07,0.041528
5.6750816E-07,0.042168
5.6755816E-07,0.042809
5.6760816E-07,0.043555
5.6765816E-07,0.044302
5.6770816E-07,0.044942
5.6775816E-07,0.045689
5.6780816E-07,0.046436
5.6785816E-07,0.047076
5.6790816E-07,0.047716
5.6795816E-07,0.048250
5.6800816E-07,0.048783
5.6805816E-07,0.049316
5.6810816E-07,0.049636
5.6815816E-07,0.049850
5.6820816E-07,0.050063
5.6825816E-07,0.050063
5.6830816E-07,0.049956
5.6835816E-07,0.049743
5.6840816E-07,0.049423
5.6845816E-07,0.048996
5.6850816E-07,0.048463
5.6855816E-07,0.047716
5.6860816E-07,0.047076
5.6865816E-07,0.046222
5.6870816E-07,0.045369
5.6875816E-07,0.044515
5.6880816E-07,0.043555
5.6885816E-07,0.042595
5.6890816E-07,0.041635
5.6895816E-07,0.040568
5.6900816E-07,0.039608
5.6905816E-07,0.038648
5.6910816E-07,0.037581
5.6915816E-07,0.036621
5.6920816E-07,0.035554
5.6925816E-07,0.034487
5.6930816E-07,0.033527
5.6935816E-07,0.032460
5.6940816E-07,0.031393
5.6945816E-07,0.030326
5.6950816E-07,0.029259
5.6955816E-07,0.028192
5.6960816E-07,0.027126
5.6965816E-07,0.026165
5.6970816E-07,0.025205
5.6975816E-07,0.024352
5.6980816E-07,0.023605
5.6985816E-07,0.022858
5.6990816E-07,0.022325
5.6995816E-07,0.021898
5.7000816E-07,0.021578
5.7005816E-07,0.021471
5.7010816E-07,0.021471
5.7015816E-07,0.021685
5.7020816E-07,0.022005
5.7025816E-07,0.022538
5.7030816E-07,0.023178
5.7035816E-07,0.023925
5.7040816E-07,0.024672
5.7045816E-07,0.025632
5.7050816E-07,0.026485
5.7055816E-07,0.027446
5.7060816E-07,0.028299
5.7065816E-07,0.029153
5.7070816E-07,0.029793
5.7075816E-07,0.030433
5.7080816E-07,0.030753
5.7085816E-07,0.031073
5.7090816E-07,0.031073
5.7095816E-07,0.030966
5.7100816E-07,0.030540
5.7105816E-07,0.030006
5.7110816E-07,0.029259
5.7115816E-07,0.028299
5.7120816E-07,0.027232
5.7125816E-07,0.025952
5.7130816E-07,0.024565
5.7135816E-07,0.023071
5.7140816E-07,0.021578
5.7145816E-07,0.020084
5.7150816E-07,0.018484
5.7155816E-07,0.016990
5.7160816E-07,0.015603
5.7165816E-07,0.014217
5.7170816E-07,0.013043
5.7175816E-07,0.011976
5.7180816E-07,0.011016
5.7185816E-07,0.010269
5.7190816E-07,0.009629
5.7195816E-07,0.009202
5.7200816E-07,0.008882
5.7205816E-07,0.008669
5.7210816E-07,0.008669
5.7215816E-07,0.008882
5.7220816E-07,0.009096
5.7225816E-07,0.009416
5.7230816E-07,0.009949
5.7235816E-07,0.010482
5.7240816E-07,0.011016
5.7245816E-07,0.011656
5.7250816E-07,0.012403
5.7255816E-07,0.013150
5.7260816E-07,0.013896
5.7265816E-07,0.014643
5.7270816E-07,0.015390
5.7275816E-07,0.016030
5.7280816E-07,0.016777
5.7285816E-07,0.017417
5.7290816E-07,0.018057
5.7295816E-07,0.018697
5.7300816E-07,0.019124
5.7305816E-07,0.019551
5.7310816E-07,0.019978
5.7315816E-07,0.020191
5.7320816E-07,0.020298
5.7325816E-07,0.020191
5.7330816E-07,0.020084
5.7335816E-07,0.019764
5.7340816E-07,0.019231
5.7345816E-07,0.018591
5.7350816E-07,0.017844
5.7355816E-07,0.016884
5.7360816E-07,0.015710
5.7365816E-07,0.014537
5.7370816E-07,0.013256
5.7375816E-07,0.011763
5.7380816E-07,0.010376
5.7385816E-07,0.008882
5.7390816E-07,0.007495
5.7395816E-07,0.006108
5.7400816E-07,0.004828
5.7405816E-07,0.003655
5.7410816E-07,0.002694
5.7415816E-07,0.001948
5.7420816E-07,0.001414
5.7425816E-07,0.001094
5.7430816E-07,0.000987
5.7435816E-07,0.001307
5.7440816E-07,0.001734
5.7445816E-07,0.002481
5.7450816E-07,0.003548
5.7455816E-07,0.004828
5.7460816E-07,0.006215
5.7465816E-07,0.007922
5.7470816E-07,0.009736
5.7475816E-07,0.011549
5.7480816E-07,0.013576
5.7485816E-07,0.015603
5.7490816E-07,0.017524
5.7495816E-07,0.019444
5.7500816E-07,0.021365
5.7505816E-07,0.023071
5.7510816E-07,0.024672
5.7515816E-07,0.026165
5.7520816E-07,0.027446
5.7525816E-07,0.028513
5.7530816E-07,0.029473
5.7535816E-07,0.030113
5.7540816E-07,0.030646
5.7545816E-07,0.030966
5.7550816E-07,0.031073
5.7555816E-07,0.031073
5.7560816E-07,0.030966
5.7565816E-07,0.030646
5.7570816E-07,0.030326
5.7575816E-07,0.029793
5.7580816E-07,0.029153
5.7585816E-07,0.028513
5.7590816E-07,0.027766
5.7595816E-07,0.027019
5.7600816E-07,0.026165
5.7605816E-07,0.025205
5.7610816E-07,0.024245
5.7615816E-07,0.023285
5.7620816E-07,0.022325
5.7625816E-07,0.021258
5.7630816E-07,0.020191
5.7635816E-07,0.019124
5.7640816E-07,0.018057
5.7645816E-07,0.016884
5.7650816E-07,0.015817
5.7655816E-07,0.014643
5.7660816E-07,0.013576
5.7665816E-07,0.012510
5.7670816E-07,0.011549
5.7675816E-07,0.010482
5.7680816E-07,0.009629
5.7685816E-07,0.008776
5.7690816E-07,0.008029
5.7695816E-07,0.007282
5.7700816E-07,0.006748
5.7705816E-07,0.006215
5.7710816E-07,0.005895
5.7715816E-07,0.005575
5.7720816E-07,0.005362
5.7725816E-07,0.005255
5.7730816E-07,0.005148
5.7735816E-07,0.005255
5.7740816E-07,0.005255
5.7745816E-07,0.005362
5.7750816E-07,0.005468
5.7755816E-07,0.005575
5.7760816E-07,0.005682
5.7765816E-07,0.005788
5.7770816E-07,0.005788
5.7775816E-07,0.005788
5.7780816E-07,0.005682
5.7785816E-07,0.005575
5.7790816E-07,0.005468
5.7795816E-07,0.005148
5.7800816E-07,0.004935
5.7805816E-07,0.004615
5.7810816E-07,0.004188
5.7815816E-07,0.003761
5.7820816E-07,0.003334
5.7825816E-07,0.003014
5.7830816E-07,0.002588
5.7835816E-07,0.002161
5.7840816E-07,0.001734
5.7845816E-07,0.001414
5.7850816E-07,0.001201
5.7855816E-07,0.000881
5.7860816E-07,0.000774
5.7865816E-07,0.000561
5.7870816E-07,0.000561
5.7875816E-07,0.000561
5.7880816E-07,0.000561
5.7885816E-07,0.000774
5.7890816E-07,0.000881
5.7895816E-07,0.001201
5.7900816E-07,0.001521
5.7905816E-07,0.001948
5.7910816E-07,0.002374
5.7915816E-07,0.003014
5.7920816E-07,0.003655
5.7925816E-07,0.004401
5.7930816E-07,0.005148
5.7935816E-07,0.006108
5.7940816E-07,0.007069
5.7945816E-07,0.008242
5.7950816E-07,0.009416
5.7955816E-07,0.010696
5.7960816E-07,0.011976
5.7965816E-07,0.013470
5.7970816E-07,0.014857
5.7975816E-07,0.016350
5.7980816E-07,0.017844
5.7985816E-07,0.019337
5.7990816E-07,0.020831
5.7995816E-07,0.022325
5.8000816E-07,0.023605
5.8005816E-07,0.024885
5.8010816E-07,0.026059
5.8015816E-07,0.027126
5.8020816E-07,0.028086
5.8025816E-07,0.028833
5.8030816E-07,0.029366
5.8035816E-07,0.029899
5.8040816E-07,0.030219
5.8045816E-07,0.030326
5.8050816E-07,0.030433
5.8055816E-07,0.030326
5.8060816E-07,0.030113
5.8065816E-07,0.029899
5.8070816E-07,0.029473
5.8075816E-07,0.029153
5.8080816E-07,0.028726
5.8085816E-07,0.028406
5.8090816E-07,0.027979
5.8095816E-07,0.027659
5.8100816E-07,0.027339
5.8105816E-07,0.027126
5.8110816E-07,0.026912
5.8115816E-07,0.026699
5.8120816E-07,0.026592
5.8125816E-07,0.026592
5.8130816E-07,0.026485
5.8135816E-07,0.026485
5.8140816E-07,0.026485
5.8145816E-07,0.026485
5.8150816E-07,0.026485
5.8155816E-07,0.026485
5.8160816E-07,0.026379
5.8165816E-07,0.026165
5.8170816E-07,0.026059
5.8175816E-07,0.025739
5.8180816E-07,0.025419
5.8185816E-07,0.024992
5.8190816E-07,0.024565
5.8195816E-07,0.024138
5.8200816E-07,0.023605
5.8205816E-07,0.023071
5.8210816E-07,0.022538
5.8215816E-07,0.021898
5.8220816E-07,0.021471
5.8225816E-07,0.020938
5.8230816E-07,0.020511
5.8235816E-07,0.020191
5.8240816E-07,0.019871
5.8245816E-07,0.019658
5.8250816E-07,0.019551
5.8255816E-07,0.019551
5.8260816E-07,0.019551
5.8265816E-07,0.019764
5.8270816E-07,0.019871
5.8275816E-07,0.020191
5.8280816E-07,0.020404
5.8285816E-07,0.020724
5.8290816E-07,0.021151
5.8295816E-07,0.021471
5.8300816E-07,0.021791
5.8305816E-07,0.022005
5.8310816E-07,0.022218
5.8315816E-07,0.022431
5.8320816E-07,0.022538
5.8325816E-07,0.022645
5.8330816E-07,0.022645
5.8335816E-07,0.022538
5.8340816E-07,0.022431
5.8345816E-07,0.022218
5.8350816E-07,0.021898
5.8355816E-07,0.021578
5.8360816E-07,0.021258
5.8365816E-07,0.020938
5.8370816E-07,0.020511
5.8375816E-07,0.020084
5.8380816E-07,0.019658
5.8385816E-07,0.019337
5.8390816E-07,0.018911
5.8395816E-07,0.018484
5.8400816E-07,0.018164
5.8405816E-07,0.017844
5.8410816E-07,0.017524
5.8415816E-07,0.017310
5.8420816E-07,0.017097
5.8425816E-07,0.016884
5.8430816E-07,0.016670
5.8435816E-07,0.016564
5.8440816E-07,0.016457
5.8445816E-07,0.016457
5.8450816E-07,0.016457
5.8455816E-07,0.016457
5.8460816E-07,0.016564
5.8465816E-07,0.016777
5.8470816E-07,0.016884
5.8475816E-07,0.017204
5.8480816E-07,0.017524
5.8485816E-07,0.017844
5.8490816E-07,0.018271
5.8495816E-07,0.018697
5.8500816E-07,0.019124
5.8505816E-07,0.019551
5.8510816E-07,0.020084
5.8515816E-07,0.020511
5.8520816E-07,0.020938
5.8525816E-07,0.021365
5.8530816E-07,0.021685
5.8535816E-07,0.021898
5.8540816E-07,0.022111
5.8545816E-07,0.022111
5.8550816E-07,0.022111
5.8555816E-07,0.021898
5.8560816E-07,0.021685
5.8565816E-07,0.021258
5.8570816E-07,0.020831
5.8575816E-07,0.020191
5.8580816E-07,0.019551
5.8585816E-07,0.018911
5.8590816E-07,0.018164
5.8595816E-07,0.017310
5.8600816E-07,0.016564
5.8605816E-07,0.015710
5.8610816E-07,0.015070
5.8615816E-07,0.014323
5.8620816E-07,0.013790
5.8625816E-07,0.013256
5.8630816E-07,0.012830
5.8635816E-07,0.012510
5.8640816E-07,0.012403
5.8645816E-07,0.012296
5.8650816E-07,0.012296
5.8655816E-07,0.012403
5.8660816E-07,0.012723
5.8665816E-07,0.012936
5.8670816E-07,0.013363
5.8675816E-07,0.013683
5.8680816E-07,0.014110
5.8685816E-07,0.014537
5.8690816E-07,0.014963
5.8695816E-07,0.015390
5.8700816E-07,0.015710
5.8705816E-07,0.016030
5.8710816E-07,0.016244
5.8715816E-07,0.016457
5.8720816E-07,0.016564
5.8725816E-07,0.016564
5.8730816E-07,0.016564
5.8735816E-07,0.016457
5.8740816E-07,0.016244
5.8745816E-07,0.016030
5.8750816E-07,0.015817
5.8755816E-07,0.015603
5.8760816E-07,0.015390
5.8765816E-07,0.015177
5.8770816E-07,0.014963
5.8775816E-07,0.014857
5.8780816E-07,0.014643
5.8785816E-07,0.014643
5.8790816E-07,0.014537
5.8795816E-07,0.014537
5.8800816E-07,0.014643
5.8805816E-07,0.014750
5.8810816E-07,0.014857
5.8815816E-07,0.015070
5.8820816E-07,0.015283
5.8825816E-07,0.015497
5.8830816E-07,0.015817
5.8835816E-07,0.016030
5.8840816E-07,0.016244
5.8845816E-07,0.016457
5.8850816E-07,0.016670
5.8855816E-07,0.016884
5.8860816E-07,0.016990
5.8865816E-07,0.017097
5.8870816E-07,0.017204
5.8875816E-07,0.017204
5.8880816E-07,0.017097
5.8885816E-07,0.017097
5.8890816E-07,0.016990
5.8895816E-07,0.016777
5.8900816E-07,0.016670
5.8905816E-07,0.016457
5.8910816E-07,0.016244
5.8915816E-07,0.016030
5.8920816E-07,0.015817
5.8925816E-07,0.015603
5.8930816E-07,0.015390
5.8935816E-07,0.015283
5.8940816E-07,0.015177
5.8945816E-07,0.015070
5.8950816E-07,0.014963
5.8955816E-07,0.014963
5.8960816E-07,0.014963
5.8965816E-07,0.015070
5.8970816E-07,0.015177
5.8975816E-07,0.015283
5.8980816E-07,0.015497
5.8985816E-07,0.015817
5.8990816E-07,0.016137
5.8995816E-07,0.016457
5.9000816E-07,0.016777
5.9005816E-07,0.017204
5.9010816E-07,0.017630
5.9015816E-07,0.018057
5.9020816E-07,0.018484
5.9025816E-07,0.018911
5.9030816E-07,0.019337
5.9035816E-07,0.019764
5.9040816E-07,0.020191
5.9045816E-07,0.020511
5.9050816E-07,0.020831
5.9055816E-07,0.021151
5.9060816E-07,0.021258
5.9065816E-07,0.021365
5.9070816E-07,0.021471
5.9075816E-07,0.021365
5.9080816E-07,0.021151
5.9085816E-07,0.020831
5.9090816E-07,0.020298
5.9095816E-07,0.019764
5.9100816E-07,0.019017
5.9105816E-07,0.018164
5.9110816E-07,0.017204
5.9115816E-07,0.016137
5.9120816E-07,0.014963
5.9125816E-07,0.013683
5.9130816E-07,0.012403
5.9135816E-07,0.011016
5.9140816E-07,0.009736
5.9145816E-07,0.008455
5.9150816E-07,0.007175
5.9155816E-07,0.006002
5.9160816E-07,0.005041
5.9165816E-07,0.004081
5.9170816E-07,0.003441
5.9175816E-07,0.002908
5.9180816E-07,0.002588
5.9185816E-07,0.002481
5.9190816E-07,0.002481
5.9195816E-07,0.002801
5.9200816E-07,0.003334
5.9205816E-07,0.003975
5.9210816E-07,0.004721
5.9215816E-07,0.005682
5.9220816E-07,0.006748
5.9225816E-07,0.007815
5.9230816E-07,0.008882
5.9235816E-07,0.010056
5.9240816E-07,0.011123
5.9245816E-07,0.012189
5.9250816E-07,0.013150
5.9255816E-07,0.013896
5.9260816E-07,0.014643
5.9265816E-07,0.015177
5.9270816E-07,0.015603
5.9275816E-07,0.015817
5.9280816E-07,0.015923
5.9285816E-07,0.015923
5.9290816E-07,0.015710
5.9295816E-07,0.015390
5.9300816E-07,0.014963
5.9305816E-07,0.014430
5.9310816E-07,0.013896
5.9315816E-07,0.013150
5.9320816E-07,0.012403
5.9325816E-07,0.011656
5.9330816E-07,0.010803
5.9335816E-07,0.009949
5.9340816E-07,0.008989
5.9345816E-07,0.008135
5.9350816E-07,0.007175
5.9355816E-07,0.006215
5.9360816E-07,0.005362
5.9365816E-07,0.004401
5.9370816E-07,0.003548
5.9375816E-07,0.002588
5.9380816E-07,0.001734
5.9385816E-07,0.000881
5.9390816E-07,0.000027
5.9395816E-07,-0.000720
5.9400816E-07,-0.001360
5.9405816E-07,-0.002000
5.9410816E-07,-0.002533
5.9415816E-07,-0.002960
5.9420816E-07,-0.003280
5.9425816E-07,-0.003493
5.9430816E-07,-0.003600
5.9435816E-07,-0.003493
5.9440816E-07,-0.003280
5.9445816E-07,-0.002853
5.9450816E-07,-0.002427
5.9455816E-07,-0.001786
5.9460816E-07,-0.000933
5.9465816E-07,-0.000079
5.9470816E-07,0.000881
5.9475816E-07,0.002054
5.9480816E-07,0.003121
5.9485816E-07,0.004401
5.9490816E-07,0.005575
5.9495816E-07,0.006855
5.9500816E-07,0.008029
5.9505816E-07,0.009309
5.9510816E-07,0.010376
5.9515816E-07,0.011443
5.9520816E-07,0.012510
5.9525816E-07,0.013363
5.9530816E-07,0.014217
5.9535816E-07,0.014857
5.9540816E-07,0.015497
5.9545816E-07,0.015923
5.9550816E-07,0.016350
5.9555816E-07,0.016564
5.9560816E-07,0.016777
5.9565816E-07,0.016884
5.9570816E-07,0.016884
5.9575816E-07,0.016884
5.9580816E-07,0.016670
5.9585816E-07,0.016564
5.9590816E-07,0.016350
5.9595816E-07,0.016030
5.9600816E-07,0.015710
5.9605816E-07,0.015390
5.9610816E-07,0.015070
5.9615816E-07,0.014643
5.9620816E-07,0.014217
5.9625816E-07,0.013683
5.9630816E-07,0.013150
5.9635816E-07,0.012616
5.9640816E-07,0.012083
5.9645816E-07,0.011443
5.9650816E-07,0.010696
5.9655816E-07,0.010056
5.9660816E-07,0.009309
5.9665816E-07,0.008562
5.9670816E-07,0.007709
5.9675816E-07,0.006962
5.9680816E-07,0.006215
5.9685816E-07,0.005468
5.9690816E-07,0.004828
5.9695816E-07,0.004188
5.9700816E-07,0.003548
5.9705816E-07,0.003121
5.9710816E-07,0.002694
5.9715816E-07,0.002374
5.9720816E-07,0.002268
5.9725816E-07,0.002268
5.9730816E-07,0.002374
5.9735816E-07,0.002588
5.9740816E-07,0.002908
5.9745816E-07,0.003334
5.9750816E-07,0.003975
5.9755816E-07,0.004615
5.9760816E-07,0.005362
5.9765816E-07,0.006108
5.9770816E-07,0.006962
5.9775816E-07,0.007815
5.9780816E-07,0.008669
5.9785816E-07,0.009522
5.9790816E-07,0.010269
5.9795816E-07,0.011016
5.9800816E-07,0.011763
5.9805816E-07,0.012296
5.9810816E-07,0.012830
5.9815816E-07,0.013150
5.9820816E-07,0.013470
5.9825816E-07,0.013576
5.9830816E-07,0.013683
5.9835816E-07,0.013576
5.9840816E-07,0.013470
5.9845816E-07,0.013150
5.9850816E-07,0.012830
5.9855816E-07,0.012403
5.9860816E-07,0.011976
5.9865816E-07,0.011336
5.9870816E-07,0.010696
5.9875816E-07,0.010056
5.9880816E-07,0.009416
5.9885816E-07,0.008669
5.9890816E-07,0.007922
5.9895816E-07,0.007175
5.9900816E-07,0.006322
5.9905816E-07,0.005575
5.9910816E-07,0.004828
5.9915816E-07,0.003975
5.9920816E-07,0.003228
5.9925816E-07,0.002481
5.9930816E-07,0.001734
5.9935816E-07,0.001094
5.9940816E-07,0.000454
5.9945816E-07,-0.000186
5.9950816E-07,-0.000720
5.9955816E-07,-0.001253
5.9960816E-07,-0.001680
5.9965816E-07,-0.002000
5.9970816E-07,-0.002213
5.9975816E-07,-0.002427
5.9980816E-07,-0.002427
5.9985816E-07,-0.002427
5.9990816E-07,-0.002213
5.9995816E-07,-0.001893
6.0000816E-07,-0.001573
6.0005816E-07,-0.001040
6.0010816E-07,-0.000400
6.0015816E-07,0.000241
6.0020816E-07,0.001094
6.0025816E-07,0.001948
6.0030816E-07,0.002908
6.0035816E-07,0.003868
6.0040816E-07,0.004828
6.0045816E-07,0.005895
6.0050816E-07,0.006855
6.0055816E-07,0.007922
6.0060816E-07,0.008882
6.0065816E-07,0.009949
6.0070816E-07,0.010803
6.0075816E-07,0.011656
6.0080816E-07,0.012510
6.0085816E-07,0.013256
6.0090816E-07,0.014003
6.0095816E-07,0.014643
6.0100816E-07,0.015283
6.0105816E-07,0.015817
6.0110816E-07,0.016244
6.0115816E-07,0.016670
6.0120816E-07,0.016990
6.0125816E-07,0.017310
6.0130816E-07,0.017630
6.0135816E-07,0.017844
6.0140816E-07,0.017951
6.0145816E-07,0.018164
6.0150816E-07,0.018164
6.0155816E-07,0.018271
6.0160816E-07,0.018164
6.0165816E-07,0.018164
6.0170816E-07,0.018057
6.0175816E-07,0.017844
6.0180816E-07,0.017737
6.0185816E-07,0.017417
6.0190816E-07,0.017204
6.0195816E-07,0.016884
6.0200816E-07,0.016564
6.0205816E-07,0.016244
6.0210816E-07,0.015923
6.0215816E-07,0.015603
6.0220816E-07,0.015283
6.0225816E-07,0.015070
6.0230816E-07,0.014750
6.0235816E-07,0.014537
6.0240816E-07,0.014323
6.0245816E-07,0.014217
6.0250816E-07,0.014110
6.0255816E-07,0.014003
6.0260816E-07,0.013896
6.0265816E-07,0.013896
6.0270816E-07,0.013896
6.0275816E-07,0.013896
6.0280816E-07,0.013790
6.0285816E-07,0.013790
6.0290816E-07,0.013683
6.0295816E-07,0.013576
6.0300816E-07,0.013470
6.0305816E-07,0.013256
6.0310816E-07,0.012936
6.0315816E-07,0.012510
6.0320816E-07,0.012083
6.0325816E-07,0.011549
6.0330816E-07,0.011016
6.0335816E-07,0.010376
6.0340816E-07,0.009629
6.0345816E-07,0.008882
6.0350816E-07,0.008029
6.0355816E-07,0.007175
6.0360816E-07,0.006322
6.0365816E-07,0.005468
6.0370816E-07,0.004721
6.0375816E-07,0.003868
6.0380816E-07,0.003121
6.0385816E-07,0.002481
6.0390816E-07,0.001841
6.0395816E-07,0.001307
6.0400816E-07,0.000881
6.0405816E-07,0.000454
6.0410816E-07,0.000241
6.0415816E-07,0.000134
6.0420816E-07,0.000027
6.0425816E-07,0.000134
6.0430816E-07,0.000347
6.0435816E-07,0.000561
6.0440816E-07,0.000987
6.0445816E-07,0.001414
6.0450816E-07,0.001948
6.0455816E-07,0.002588
6.0460816E-07,0.003334
6.0465816E-07,0.004081
6.0470816E-07,0.004935
6.0475816E-07,0.005788
6.0480816E-07,0.006748
6.0485816E-07,0.007709
6.0490816E-07,0.008562
6.0495816E-07,0.009522
6.0500816E-07,0.010482
6.0505816E-07,0.011443
6.0510816E-07,0.012296
6.0515816E-07,0.013150
6.0520816E-07,0.014003
6.0525816E-07,0.014750
6.0530816E-07,0.015390
6.0535816E-07,0.016030
6.0540816E-07,0.016564
6.0545816E-07,0.017097
6.0550816E-07,0.017524
6.0555816E-07,0.017844
6.0560816E-07,0.018057
6.0565816E-07,0.018271
6.0570816E-07,0.018484
6.0575816E-07,0.018591
6.0580816E-07,0.018591
6.0585816E-07,0.018697
6.0590816E-07,0.018697
6.0595816E-07,0.018697
6.0600816E-07,0.018697
6.0605816E-07,0.018804
6.0610816E-07,0.018911
6.0615816E-07,0.019017
6.0620816E-07,0.019231
6.0625816E-07,0.019444
6.0630816E-07,0.019764
6.0635816E-07,0.020191
6.0640816E-07,0.020724
6.0645816E-07,0.021365
6.0650816E-07,0.022111
6.0655816E-07,0.022965
6.0660816E-07,0.023925
6.0665816E-07,0.024885
6.0670816E-07,0.026059
6.0675816E-07,0.027339
6.0680816E-07,0.028619
6.0685816E-07,0.029899
6.0690816E-07,0.031393
6.0695816E-07,0.032780
6.0700816E-07,0.034274
6.0705816E-07,0.035767
6.0710816E-07,0.037154
6.0715816E-07,0.038541
6.0720816E-07,0.039928
6.0725816E-07,0.041208
6.0730816E-07,0.042382
6.0735816E-07,0.043449
6.0740816E-07,0.044515
6.0745816E-07,0.045262
6.0750816E-07,0.046009
6.0755816E-07,0.046543
6.0760816E-07,0.046969
6.0765816E-07,0.047183
6.0770816E-07,0.047183
6.0775816E-07,0.047183
6.0780816E-07,0.046863
6.0785816E-07,0.046543
6.0790816E-07,0.046009
6.0795816E-07,0.045369
6.0800816E-07,0.044622
6.0805816E-07,0.043769
6.0810816E-07,0.042809
6.0815816E-07,0.041742
6.0820816E-07,0.040675
6.0825816E-07,0.039608
6.0830816E-07,0.038434
6.0835816E-07,0.037261
6.0840816E-07,0.036087
6.0845816E-07,0.034914
6.0850816E-07,0.033847
6.0855816E-07,0.032780
6.0860816E-07,0.031820
6.0865816E-07,0.030966
6.0870816E-07,0.030113
6.0875816E-07,0.029366
6.0880816E-07,0.028726
6.0885816E-07,0.028086
6.0890816E-07,0.027659
6.0895816E-07,0.027339
6.0900816E-07,0.027019
6.0905816E-07,0.026912
6.0910816E-07,0.026806
6.0915816E-07,0.026806
6.0920816E-07,0.026806
6.0925816E-07,0.026912
6.0930816E-07,0.027019
6.0935816E-07,0.027232
6.0940816E-07,0.027339
6.0945816E-07,0.027446
6.0950816E-07,0.027446
6.0955816E-07,0.027446
6.0960816E-07,0.027232
6.0965816E-07,0.027019
6.0970816E-07,0.026699
6.0975816E-07,0.026272
6.0980816E-07,0.025632
6.0985816E-07,0.024885
6.0990816E-07,0.024032
6.0995816E-07,0.022965
6.1000816E-07,0.021791
6.1005816E-07,0.020511
6.1010816E-07,0.019017
6.1015816E-07,0.017417
6.1020816E-07,0.015817
6.1025816E-07,0.014003
6.1030816E-07,0.012189
6.1035816E-07,0.010376
6.1040816E-07,0.008455
6.1045816E-07,0.006535
6.1050816E-07,0.004615
6.1055816E-07,0.002801
6.1060816E-07,0.000987
6.1065816E-07,-0.000720
6.1070816E-07,-0.002427
6.1075816E-07,-0.003920
6.1080816E-07,-0.005414
6.1085816E-07,-0.006801
6.1090816E-07,-0.007974
6.1095816E-07,-0.009041
6.1100816E-07,-0.010001
6.1105816E-07,-0.010855
6.1110816E-07,-0.011602
6.1115816E-07,-0.012135
6.1120816E-07,-0.012668
6.1125816E-07,-0.013095
6.1130816E-07,-0.013309
6.1135816E-07,-0.013522
6.1140816E-07,-0.013629
6.1145816E-07,-0.013735
6.1150816E-07,-0.013735
6.1155816E-07,-0.013735
6.1160816E-07,-0.013629
6.1165816E-07,-0.013415
6.1170816E-07,-0.013309
6.1175816E-07,-0.013095
6.1180816E-07,-0.012775
6.1185816E-07,-0.012562
6.1190816E-07,-0.012242
6.1195816E-07,-0.011922
6.1200816E-07,-0.011602
6.1205816E-07,-0.011282
6.1210816E-07,-0.010962
6.1215816E-07,-0.010535
6.1220816E-07,-0.010108
6.1225816E-07,-0.009788
6.1230816E-07,-0.009361
6.1235816E-07,-0.009041
6.1240816E-07,-0.008721
6.1245816E-07,-0.008401
6.1250816E-07,-0.008188
6.1255816E-07,-0.007974
6.1260816E-07,-0.007761
6.1265816E-07,-0.007654
6.1270816E-07,-0.007548
6.1275816E-07,-0.007654
6.1280816E-07,-0.007654
6.1285816E-07,-0.007868
6.1290816E-07,-0.007974
6.1295816E-07,-0.008294
6.1300816E-07,-0.008508
6.1305816E-07,-0.008828
6.1310816E-07,-0.009148
6.1315816E-07,-0.009468
6.1320816E-07,-0.009788
6.1325816E-07,-0.010001
6.1330816E-07,-0.010215
6.1335816E-07,-0.010321
6.1340816E-07,-0.010428
6.1345816E-07,-0.010428
6.1350816E-07,-0.010321
6.1355816E-07,-0.010001
6.1360816E-07,-0.009681
6.1365816E-07,-0.009255
6.1370816E-07,-0.008614
6.1375816E-07,-0.007974
6.1380816E-07,-0.007121
6.1385816E-07,-0.006267
6.1390816E-07,-0.005200
6.1395816E-07,-0.004134
6.1400816E-07,-0.002960
6.1405816E-07,-0.001786
6.1410816E-07,-0.000506
6.1415816E-07,0.000774
6.1420816E-07,0.002161
6.1425816E-07,0.003441
6.1430816E-07,0.004828
6.1435816E-07,0.006215
6.1440816E-07,0.007602
6.1445816E-07,0.008882
6.1450816E-07,0.010269
6.1455816E-07,0.011443
6.1460816E-07,0.012723
6.1465816E-07,0.013896
6.1470816E-07,0.014963
6.1475816E-07,0.016030
6.1480816E-07,0.016990
6.1485816E-07,0.017844
6.1490816E-07,0.018697
6.1495816E-07,0.019337
6.1500816E-07,0.019978
6.1505816E-07,0.020404
6.1510816E-07,0.020724
6.1515816E-07,0.020938
6.1520816E-07,0.021044
6.1525816E-07,0.021044
6.1530816E-07,0.020938
6.1535816E-07,0.020724
6.1540816E-07,0.020298
6.1545816E-07,0.019871
6.1550816E-07,0.019444
6.1555816E-07,0.018804
6.1560816E-07,0.018164
6.1565816E-07,0.017524
6.1570816E-07,0.016777
6.1575816E-07,0.016137
6.1580816E-07,0.015390
6.1585816E-07,0.014750
6.1590816E-07,0.014003
6.1595816E-07,0.013363
6.1600816E-07,0.012723
6.1605816E-07,0.012083
6.1610816E-07,0.011549
6.1615816E-07,0.011016
6.1620816E-07,0.010589
6.1625816E-07,0.010056
6.1630816E-07,0.009629
6.1635816E-07,0.009309
6.1640816E-07,0.008882
6.1645816E-07,0.008562
6.1650816E-07,0.008135
6.1655816E-07,0.007815
6.1660816E-07,0.007495
6.1665816E-07,0.007175
6.1670816E-07,0.006855
6.1675816E-07,0.006535
6.1680816E-07,0.006215
6.1685816E-07,0.006002
6.1690816E-07,0.005682
6.1695816E-07,0.005468
6.1700816E-07,0.005362
6.1705816E-07,0.005148
6.1710816E-07,0.005041
6.1715816E-07,0.005041
6.1720816E-07,0.004935
6.1725816E-07,0.005041
6.1730816E-07,0.005041
6.1735816E-07,0.005148
6.1740816E-07,0.005362
6.1745816E-07,0.005468
6.1750816E-07,0.005682
6.1755816E-07,0.005895
6.1760816E-07,0.006108
6.1765816E-07,0.006322
6.1770816E-07,0.006428
6.1775816E-07,0.006535
6.1780816E-07,0.006642
6.1785816E-07,0.006535
6.1790816E-07,0.006428
6.1795816E-07,0.006322
6.1800816E-07,0.006002
6.1805816E-07,0.005682
6.1810816E-07,0.005148
6.1815816E-07,0.004615
6.1820816E-07,0.003868
6.1825816E-07,0.003228
6.1830816E-07,0.002374
6.1835816E-07,0.001521
6.1840816E-07,0.000667
6.1845816E-07,-0.000293
6.1850816E-07,-0.001146
6.1855816E-07,-0.002000
6.1860816E-07,-0.002747
6.1865816E-07,-0.003493
6.1870816E-07,-0.004134
6.1875816E-07,-0.004560
6.1880816E-07,-0.004987
6.1885816E-07,-0.005200
6.1890816E-07,-0.005307
6.1895816E-07,-0.005307
6.1900816E-07,-0.005200
6.1905816E-07,-0.004880
6.1910816E-07,-0.004560
6.1915816E-07,-0.004027
6.1920816E-07,-0.003493
6.1925816E-07,-0.002853
6.1930816E-07,-0.002213
6.1935816E-07,-0.001573
6.1940816E-07,-0.000826
6.1945816E-07,-0.000186
6.1950816E-07,0.000454
6.1955816E-07,0.000987
6.1960816E-07,0.001521
6.1965816E-07,0.001948
6.1970816E-07,0.002268
6.1975816E-07,0.002481
6.1980816E-07,0.002588
6.1985816E-07,0.002588
6.1990816E-07,0.002588
6.1995816E-07,0.002481
6.2000816E-07,0.002268
6.2005816E-07,0.001948
6.2010816E-07,0.001628
6.2015816E-07,0.001201
6.2020816E-07,0.000774
6.2025816E-07,0.000241
6.2030816E-07,-0.000293
6.2035816E-07,-0.000826
6.2040816E-07,-0.001360
6.2045816E-07,-0.001893
6.2050816E-07,-0.002427
6.2055816E-07,-0.003067
6.2060816E-07,-0.003600
6.2065816E-07,-0.004134
6.2070816E-07,-0.004667
6.2075816E-07,-0.005200
6.2080816E-07,-0.005734
6.2085816E-07,-0.006161
6.2090816E-07,-0.006694
6.2095816E-07,-0.007121
6.2100816E-07,-0.007548
6.2105816E-07,-0.007974
6.2110816E-07,-0.008294
6.2115816E-07,-0.008721
6.2120816E-07,-0.009041
6.2125816E-07,-0.009361
6.2130816E-07,-0.009681
6.2135816E-07,-0.009895
6.2140816E-07,-0.010215
6.2145816E-07,-0.010535
6.2150816E-07,-0.010748
6.2155816E-07,-0.010962
6.2160816E-07,-0.011282
6.2165816E-07,-0.011495
6.2170816E-07,-0.011708
6.2175816E-07,-0.011922
6.2180816E-07,-0.012242
6.2185816E-07,-0.012455
6.2190816E-07,-0.012668
6.2195816E-07,-0.012882
6.2200816E-07,-0.013095
6.2205816E-07,-0.013309
6.2210816E-07,-0.013522
6.2215816E-07,-0.013735
6.2220816E-07,-0.013842
6.2225816E-07,-0.013949
6.2230816E-07,-0.014055
6.2235816E-07,-0.014055
6.2240816E-07,-0.013949
6.2245816E-07,-0.013949
6.2250816E-07,-0.013735
6.2255816E-07,-0.013522
6.2260816E-07,-0.013202
6.2265816E-07,-0.012775
6.2270816E-07,-0.012242
6.2275816E-07,-0.011708
6.2280816E-07,-0.011068
6.2285816E-07,-0.010321
6.2290816E-07,-0.009468
6.2295816E-07,-0.008614
6.2300816E-07,-0.007548
6.2305816E-07,-0.006587
6.2310816E-07,-0.005414
6.2315816E-07,-0.004347
6.2320816E-07,-0.003173
6.2325816E-07,-0.002000
6.2330816E-07,-0.000720
6.2335816E-07,0.000454
6.2340816E-07,0.001628
6.2345816E-07,0.002801
6.2350816E-07,0.003975
6.2355816E-07,0.005041
6.2360816E-07,0.006108
6.2365816E-07,0.007069
6.2370816E-07,0.007922
6.2375816E-07,0.008669
6.2380816E-07,0.009416
6.2385816E-07,0.009949
6.2390816E-07,0.010482
6.2395816E-07,0.010909
6.2400816E-07,0.011123
6.2405816E-07,0.011336
6.2410816E-07,0.011336
6.2415816E-07,0.011336
6.2420816E-07,0.011123
6.2425816E-07,0.010909
6.2430816E-07,0.010589
6.2435816E-07,0.010269
6.2440816E-07,0.009842
6.2445816E-07,0.009309
6.2450816E-07,0.008882
6.2455816E-07,0.008349
6.2460816E-07,0.007709
6.2465816E-07,0.007175
6.2470816E-07,0.006535
6.2475816E-07,0.006002
6.2480816E-07,0.005468
6.2485816E-07,0.004828
6.2490816E-07,0.004295
6.2495816E-07,0.003761
6.2500816E-07,0.003228
6.2505816E-07,0.002694
6.2510816E-07,0.002161
6.2515816E-07,0.001628
6.2520816E-07,0.001094
6.2525816E-07,0.000667
6.2530816E-07,0.000134
6.2535816E-07,-0.000293
6.2540816E-07,-0.000720
6.2545816E-07,-0.001253
6.2550816E-07,-0.001573
6.2555816E-07,-0.002000
6.2560816E-07,-0.002320
6.2565816E-07,-0.002533
6.2570816E-07,-0.002747
6.2575816E-07,-0.002853
6.2580816E-07,-0.002853
6.2585816E-07,-0.002853
6.2590816E-07,-0.002747
6.2595816E-07,-0.002533
6.2600816E-07,-0.002213
6.2605816E-07,-0.001893
6.2610816E-07,-0.001466
6.2615816E-07,-0.001040
6.2620816E-07,-0.000506
6.2625816E-07,0.000027
6.2630816E-07,0.000561
6.2635816E-07,0.001094
6.2640816E-07,0.001628
6.2645816E-07,0.002161
6.2650816E-07,0.002588
6.2655816E-07,0.002908
6.2660816E-07,0.003228
6.2665816E-07,0.003441
6.2670816E-07,0.003548
6.2675816E-07,0.003548
6.2680816E-07,0.003548
6.2685816E-07,0.003334
6.2690816E-07,0.003121
6.2695816E-07,0.002801
6.2700816E-07,0.002374
6.2705816E-07,0.001948
6.2710816E-07,0.001521
6.2715816E-07,0.000987
6.2720816E-07,0.000561
6.2725816E-07,0.000027
6.2730816E-07,-0.000506
6.2735816E-07,-0.000933
6.2740816E-07,-0.001360
6.2745816E-07,-0.001680
6.2750816E-07,-0.002000
6.2755816E-07,-0.002213
6.2760816E-07,-0.002427
6.2765816E-07,-0.002533
6.2770816E-07,-0.002533
6.2775816E-07,-0.002533
6.2780816E-07,-0.002427
6.2785816E-07,-0.002213
6.2790816E-07,-0.001893
6.2795816E-07,-0.001573
6.2800816E-07,-0.001040
6.2805816E-07,-0.000506
6.2810816E-07,0.000134
6.2815816E-07,0.000881
6.2820816E-07,0.001734
6.2825816E-07,0.002588
6.2830816E-07,0.003548
6.2835816E-07,0.004615
6.2840816E-07,0.005788
6.2845816E-07,0.006855
6.2850816E-07,0.008135
6.2855816E-07,0.009309
6.2860816E-07,0.010589
6.2865816E-07,0.011869
6.2870816E-07,0.013043
6.2875816E-07,0.014217
6.2880816E-07,0.015283
6.2885816E-07,0.016244
6.2890816E-07,0.017204
6.2895816E-07,0.017951
6.2900816E-07,0.018591
6.2905816E-07,0.019124
6.2910816E-07,0.019444
6.2915816E-07,0.019658
6.2920816E-07,0.019658
6.2925816E-07,0.019551
6.2930816E-07,0.019337
6.2935816E-07,0.018911
6.2940816E-07,0.018377
6.2945816E-07,0.017737
6.2950816E-07,0.016990
6.2955816E-07,0.016244
6.2960816E-07,0.015283
6.2965816E-07,0.014323
6.2970816E-07,0.013363
6.2975816E-07,0.012403
6.2980816E-07,0.011443
6.2985816E-07,0.010376
6.2990816E-07,0.009416
6.2995816E-07,0.008562
6.3000816E-07,0.007709
6.3005816E-07,0.006855
6.3010816E-07,0.006108
6.3015816E-07,0.005362
6.3020816E-07,0.004828
6.3025816E-07,0.004295
6.3030816E-07,0.003868
6.3035816E-07,0.003441
6.3040816E-07,0.003228
6.3045816E-07,0.003014
6.3050816E-07,0.002908
6.3055816E-07,0.002908
6.3060816E-07,0.002908
6.3065816E-07,0.003121
6.3070816E-07,0.003228
6.3075816E-07,0.003548
6.3080816E-07,0.003761
6.3085816E-07,0.004081
6.3090816E-07,0.004508
6.3095816E-07,0.004828
6.3100816E-07,0.005148
6.3105816E-07,0.005362
6.3110816E-07,0.005682
6.3115816E-07,0.005788
6.3120816E-07,0.005895
6.3125816E-07,0.006002
6.3130816E-07,0.005895
6.3135816E-07,0.005682
6.3140816E-07,0.005468
6.3145816E-07,0.005041
6.3150816E-07,0.004508
6.3155816E-07,0.003868
6.3160816E-07,0.003228
6.3165816E-07,0.002374
6.3170816E-07,0.001521
6.3175816E-07,0.000561
6.3180816E-07,-0.000400
6.3185816E-07,-0.001360
6.3190816E-07,-0.002320
6.3195816E-07,-0.003280
6.3200816E-07,-0.004134
6.3205816E-07,-0.004987
6.3210816E-07,-0.005734
6.3215816E-07,-0.006267
6.3220816E-07,-0.006801
6.3225816E-07,-0.007121
6.3230816E-07,-0.007334
6.3235816E-07,-0.007334
6.3240816E-07,-0.007227
6.3245816E-07,-0.006907
6.3250816E-07,-0.006481
6.3255816E-07,-0.005947
6.3260816E-07,-0.005200
6.3265816E-07,-0.004454
6.3270816E-07,-0.003493
6.3275816E-07,-0.002533
6.3280816E-07,-0.001573
6.3285816E-07,-0.000506
6.3290816E-07,0.000561
6.3295816E-07,0.001628
6.3300816E-07,0.002694
6.3305816E-07,0.003655
6.3310816E-07,0.004615
6.3315816E-07,0.005468
6.3320816E-07,0.006322
6.3325816E-07,0.006962
6.3330816E-07,0.007602
6.3335816E-07,0.008242
6.3340816E-07,0.008669
6.3345816E-07,0.009096
6.3350816E-07,0.009522
6.3355816E-07,0.009842
6.3360816E-07,0.010162
6.3365816E-07,0.010376
6.3370816E-07,0.010589
6.3375816E-07,0.010803
6.3380816E-07,0.010909
6.3385816E-07,0.011123
6.3390816E-07,0.011229
6.3395816E-07,0.011443
6.3400816E-07,0.011549
6.3405816E-07,0.011656
6.3410816E-07,0.011656
6.3415816E-07,0.011656
6.3420816E-07,0.011656
6.3425816E-07,0.011656
6.3430816E-07,0.011549
6.3435816E-07,0.011336
6.3440816E-07,0.011016
6.3445816E-07,0.010696
6.3450816E-07,0.010376
6.3455816E-07,0.009842
6.3460816E-07,0.009309
6.3465816E-07,0.008669
6.3470816E-07,0.007922
6.3475816E-07,0.007282
6.3480816E-07,0.006428
6.3485816E-07,0.005682
6.3490816E-07,0.004828
6.3495816E-07,0.004081
6.3500816E-07,0.003228
6.3505816E-07,0.002481
6.3510816E-07,0.001841
6.3515816E-07,0.001094
6.3520816E-07,0.000561
6.3525816E-07,0.000027
6.3530816E-07,-0.000506
6.3535816E-07,-0.000933
6.3540816E-07,-0.001253
6.3545816E-07,-0.001573
6.3550816E-07,-0.001786
6.3555816E-07,-0.002000
6.3560816E-07,-0.002213
6.3565816E-07,-0.002320
6.3570816E-07,-0.002427
6.3575816E-07,-0.002640
6.3580816E-07,-0.002747
6.3585816E-07,-0.002960
6.3590816E-07,-0.003173
6.3595816E-07,-0.003280
6.3600816E-07,-0.003493
6.3605816E-07,-0.003814
6.3610816E-07,-0.004027
6.3615816E-07,-0.004240
6.3620816E-07,-0.004454
6.3625816E-07,-0.004667
6.3630816E-07,-0.004880
6.3635816E-07,-0.004987
6.3640816E-07,-0.005094
6.3645816E-07,-0.005200
6.3650816E-07,-0.005200
6.3655816E-07,-0.005200
6.3660816E-07,-0.005094
6.3665816E-07,-0.004987
6.3670816E-07,-0.004774
6.3675816E-07,-0.004667
6.3680816E-07,-0.004454
6.3685816E-07,-0.004240
6.3690816E-07,-0.004027
6.3695816E-07,-0.003920
6.3700816E-07,-0.003814
6.3705816E-07,-0.003707
6.3710816E-07,-0.003707
6.3715816E-07,-0.003814
6.3720816E-07,-0.003920
6.3725816E-07,-0.004134
6.3730816E-07,-0.004454
6.3735816E-07,-0.004774
6.3740816E-07,-0.005200
6.3745816E-07,-0.005627
6.3750816E-07,-0.006161
6.3755816E-07,-0.006694
6.3760816E-07,-0.007121
6.3765816E-07,-0.007654
6.3770816E-07,-0.008188
6.3775816E-07,-0.008614
6.3780816E-07,-0.009041
6.3785816E-07,-0.009468
6.3790816E-07,-0.009681
6.3795816E-07,-0.010001
6.3800816E-07,-0.010215
6.3805816E-07,-0.010321
6.3810816E-07,-0.010428
6.3815816E-07,-0.010428
6.3820816E-07,-0.010428
6.3825816E-07,-0.010321
6.3830816E-07,-0.010215
6.3835816E-07,-0.010108
6.3840816E-07,-0.010001
6.3845816E-07,-0.009788
6.3850816E-07,-0.009681
6.3855816E-07,-0.009468
6.3860816E-07,-0.009361
6.3865816E-07,-0.009148
6.3870816E-07,-0.008934
6.3875816E-07,-0.008721
6.3880816E-07,-0.008508
6.3885816E-07,-0.008294
6.3890816E-07,-0.007974
6.3895816E-07,-0.007654
6.3900816E-07,-0.007334
6.3905816E-07,-0.006907
6.3910816E-07,-0.006481
6.3915816E-07,-0.006054
6.3920816E-07,-0.005520
6.3925816E-07,-0.004987
6.3930816E-07,-0.004454
6.3935816E-07,-0.003814
6.3940816E-07,-0.003280
6.3945816E-07,-0.002747
6.3950816E-07,-0.002107
6.3955816E-07,-0.001680
6.3960816E-07,-0.001146
6.3965816E-07,-0.000720
6.3970816E-07,-0.000400
6.3975816E-07,-0.000079
6.3980816E-07,0.000134
6.3985816E-07,0.000347
6.3990816E-07,0.000454
6.3995816E-07,0.000454
6.4000816E-07,0.000454
6.4005816E-07,0.000347
6.4010816E-07,0.000347
6.4015816E-07,0.000241
6.4020816E-07,0.000134
6.4025816E-07,0.000027
6.4030816E-07,-0.000079
6.4035816E-07,-0.000079
6.4040816E-07,-0.000079
6.4045816E-07,0.000027
6.4050816E-07,0.000134
6.4055816E-07,0.000347
6.4060816E-07,0.000561
6.4065816E-07,0.000881
6.4070816E-07,0.001201
6.4075816E-07,0.001521
6.4080816E-07,0.001948
6.4085816E-07,0.002268
6.4090816E-07,0.002588
6.4095816E-07,0.002908
6.4100816E-07,0.003121
6.4105816E-07,0.003334
6.4110816E-07,0.003441
6.4115816E-07,0.003441
6.4120816E-07,0.003441
6.4125816E-07,0.003228
6.4130816E-07,0.003014
6.4135816E-07,0.002694
6.4140816E-07,0.002268
6.4145816E-07,0.001841
6.4150816E-07,0.001307
6.4155816E-07,0.000774
6.4160816E-07,0.000241
6.4165816E-07,-0.000293
6.4170816E-07,-0.000826
6.4175816E-07,-0.001253
6.4180816E-07,-0.001680
6.4185816E-07,-0.002000
6.4190816E-07,-0.002320
6.4195816E-07,-0.002533
6.4200816E-07,-0.002640
6.4205816E-07,-0.002747
6.4210816E-07,-0.002747
6.4215816E-07,-0.002853
6.4220816E-07,-0.002747
6.4225816E-07,-0.002747
6.4230816E-07,-0.002747
6.4235816E-07,-0.002747
6.4240816E-07,-0.002747
6.4245816E-07,-0.002853
6.4250816E-07,-0.002960
6.4255816E-07,-0.003173
6.4260816E-07,-0.003493
6.4265816E-07,-0.003814
6.4270816E-07,-0.004134
6.4275816E-07,-0.004560
6.4280816E-07,-0.005094
6.4285816E-07,-0.005627
6.4290816E-07,-0.006054
6.4295816E-07,-0.006587
6.4300816E-07,-0.007014
6.4305816E-07,-0.007441
6.4310816E-07,-0.007868
6.4315816E-07,-0.008188
6.4320816E-07,-0.008401
6.4325816E-07,-0.008508
6.4330816E-07,-0.008508
6.4335816E-07,-0.008508
6.4340816E-07,-0.008401
6.4345816E-07,-0.008188
6.4350816E-07,-0.007868
6.4355816E-07,-0.007548
6.4360816E-07,-0.007227
6.4365816E-07,-0.006801
6.4370816E-07,-0.006481
6.4375816E-07,-0.006054
6.4380816E-07,-0.005734
6.4385816E-07,-0.005414
6.4390816E-07,-0.005094
6.4395816E-07,-0.004774
6.4400816E-07,-0.004560
6.4405816E-07,-0.004347
6.4410816E-07,-0.004134
6.4415816E-07,-0.004027
6.4420816E-07,-0.003920
6.4425816E-07,-0.003814
6.4430816E-07,-0.003600
6.4435816E-07,-0.003493
6.4440816E-07,-0.003387
6.4445816E-07,-0.003173
6.4450816E-07,-0.002960
6.4455816E-07,-0.002747
6.4460816E-07,-0.002427
6.4465816E-07,-0.002213
6.4470816E-07,-0.001893
6.4475816E-07,-0.001573
6.4480816E-07,-0.001360
6.4485816E-07,-0.001146
6.4490816E-07,-0.000933
6.4495816E-07,-0.000826
6.4500816E-07,-0.000720
6.4505816E-07,-0.000720
6.4510816E-07,-0.000826
6.4515816E-07,-0.000933
6.4520816E-07,-0.001253
6.4525816E-07,-0.001573
6.4530816E-07,-0.002000
6.4535816E-07,-0.002533
6.4540816E-07,-0.003173
6.4545816E-07,-0.003814
6.4550816E-07,-0.004454
6.4555816E-07,-0.005200
6.4560816E-07,-0.005841
6.4565816E-07,-0.006587
6.4570816E-07,-0.007227
6.4575816E-07,-0.007868
6.4580816E-07,-0.008401
6.4585816E-07,-0.008934
6.4590816E-07,-0.009361
6.4595816E-07,-0.009788
6.4600816E-07,-0.010001
6.4605816E-07,-0.010215
6.4610816E-07,-0.010321
6.4615816E-07,-0.010428
6.4620816E-07,-0.010321
6.4625816E-07,-0.010215
6.4630816E-07,-0.010001
6.4635816E-07,-0.009788
6.4640816E-07,-0.009468
6.4645816E-07,-0.009148
6.4650816E-07,-0.008721
6.4655816E-07,-0.008294
6.4660816E-07,-0.007868
6.4665816E-07,-0.007334
6.4670816E-07,-0.006801
6.4675816E-07,-0.006267
6.4680816E-07,-0.005734
6.4685816E-07,-0.005094
6.4690816E-07,-0.004560
6.4695816E-07,-0.003920
6.4700816E-07,-0.003387
6.4705816E-07,-0.002747
6.4710816E-07,-0.002107
6.4715816E-07,-0.001573
6.4720816E-07,-0.001040
6.4725816E-07,-0.000400
6.4730816E-07,0.000027
6.4735816E-07,0.000561
6.4740816E-07,0.000987
6.4745816E-07,0.001414
6.4750816E-07,0.001734
6.4755816E-07,0.002054
6.4760816E-07,0.002268
6.4765816E-07,0.002374
6.4770816E-07,0.002481
6.4775816E-07,0.002588
6.4780816E-07,0.002588
6.4785816E-07,0.002481
6.4790816E-07,0.002374
6.4795816E-07,0.002161
6.4800816E-07,0.001948
6.4805816E-07,0.001734
6.4810816E-07,0.001521
6.4815816E-07,0.001201
6.4820816E-07,0.000987
6.4825816E-07,0.000774
6.4830816E-07,0.000561
6.4835816E-07,0.000347
6.4840816E-07,0.000241
6.4845816E-07,0.000134
6.4850816E-07,0.000027
6.4855816E-07,0.000134
6.4860816E-07,0.000134
6.4865816E-07,0.000347
6.4870816E-07,0.000561
6.4875816E-07,0.000774
6.4880816E-07,0.001094
6.4885816E-07,0.001414
6.4890816E-07,0.001734
6.4895816E-07,0.002161
6.4900816E-07,0.002588
6.4905816E-07,0.003014
6.4910816E-07,0.003441
6.4915816E-07,0.003761
6.4920816E-07,0.004188
6.4925816E-07,0.004508
6.4930816E-07,0.004828
6.4935816E-07,0.005148
6.4940816E-07,0.005362
6.4945816E-07,0.005575
6.4950816E-07,0.005788
6.4955816E-07,0.005895
6.4960816E-07,0.006002
6.4965816E-07,0.006002
6.4970816E-07,0.006002
6.4975816E-07,0.006002
6.4980816E-07,0.005895
6.4985816E-07,0.005788
6.4990816E-07,0.005682
6.4995816E-07,0.005362
6.5000816E-07,0.005148
6.5005816E-07,0.004828
6.5010816E-07,0.004401
6.5015816E-07,0.003975
6.5020816E-07,0.003548
6.5025816E-07,0.003014
6.5030816E-07,0.002374
6.5035816E-07,0.001734
6.5040816E-07,0.000987
6.5045816E-07,0.000134
6.5050816E-07,-0.000613
6.5055816E-07,-0.001573
6.5060816E-07,-0.002427
6.5065816E-07,-0.003387
6.5070816E-07,-0.004347
6.5075816E-07,-0.005307
6.5080816E-07,-0.006161
6.5085816E-07,-0.007121
6.5090816E-07,-0.007974
6.5095816E-07,-0.008828
6.5100816E-07,-0.009575
6.5105816E-07,-0.010215
6.5110816E-07,-0.010855
6.5115816E-07,-0.011388
6.5120816E-07,-0.011815
6.5125816E-07,-0.012135
6.5130816E-07,-0.012348
6.5135816E-07,-0.012562
6.5140816E-07,-0.012562
6.5145816E-07,-0.012668
6.5150816E-07,-0.012562
6.5155816E-07,-0.012455
6.5160816E-07,-0.012242
6.5165816E-07,-0.012028
6.5170816E-07,-0.011815
6.5175816E-07,-0.011602
6.5180816E-07,-0.011388
6.5185816E-07,-0.011068
6.5190816E-07,-0.010855
6.5195816E-07,-0.010641
6.5200816E-07,-0.010428
6.5205816E-07,-0.010108
6.5210816E-07,-0.010001
6.5215816E-07,-0.009788
6.5220816E-07,-0.009575
6.5225816E-07,-0.009361
6.5230816E-07,-0.009255
6.5235816E-07,-0.009041
6.5240816E-07,-0.008934
6.5245816E-07,-0.008721
6.5250816E-07,-0.008614
6.5255816E-07,-0.008401
6.5260816E-07,-0.008294
6.5265816E-07,-0.008188
6.5270816E-07,-0.008081
6.5275816E-07,-0.007974
6.5280816E-07,-0.007868
6.5285816E-07,-0.007974
6.5290816E-07,-0.007974
6.5295816E-07,-0.008188
6.5300816E-07,-0.008401
6.5305816E-07,-0.008828
6.5310816E-07,-0.009255
6.5315816E-07,-0.009788
6.5320816E-07,-0.010428
6.5325816E-07,-0.011282
6.5330816E-07,-0.012135
6.5335816E-07,-0.013095
6.5340816E-07,-0.014162
6.5345816E-07,-0.015442
6.5350816E-07,-0.016616
6.5355816E-07,-0.017896
6.5360816E-07,-0.019283
6.5365816E-07,-0.020670
6.5370816E-07,-0.021950
6.5375816E-07,-0.023337
6.5380816E-07,-0.024617
6.5385816E-07,-0.025898
6.5390816E-07,-0.027071
6.5395816E-07,-0.028138
6.5400816E-07,-0.029205
6.5405816E-07,-0.030058
6.5410816E-07,-0.030912
6.5415816E-07,-0.031765
6.5420816E-07,-0.032405
6.5425816E-07,-0.033046
6.5430816E-07,-0.033579
6.5435816E-07,-0.034112
