LECROYWaveRunner‘N,20113,Waveform
Segments,1,SegmentSize,4002
Segment,TrigTime,TimeSinceSegment1
#1,12-Dec-2018 11:30:08,0                 
Time,Ampl
4.5693908E-07,-0.002413
4.5698908E-07,-0.001730
4.5703908E-07,-0.000707
4.5708908E-07,0.000317
4.5713908E-07,0.001341
4.5718908E-07,0.002707
4.5723908E-07,0.003389
4.5728908E-07,0.004413
4.5733908E-07,0.005096
4.5738908E-07,0.006120
4.5743908E-07,0.006802
4.5748908E-07,0.007144
4.5753908E-07,0.007826
4.5758908E-07,0.008167
4.5763908E-07,0.008850
4.5768908E-07,0.009533
4.5773908E-07,0.009874
4.5778908E-07,0.010557
4.5783908E-07,0.011580
4.5788908E-07,0.012263
4.5793908E-07,0.013287
4.5798908E-07,0.014652
4.5803908E-07,0.015676
4.5808908E-07,0.017041
4.5813908E-07,0.018407
4.5818908E-07,0.019772
4.5823908E-07,0.021478
4.5828908E-07,0.022844
4.5833908E-07,0.024550
4.5838908E-07,0.025915
4.5843908E-07,0.027622
4.5848908E-07,0.028987
4.5853908E-07,0.030352
4.5858908E-07,0.031717
4.5863908E-07,0.032741
4.5868908E-07,0.033765
4.5873908E-07,0.034789
4.5878908E-07,0.035813
4.5883908E-07,0.036496
4.5888908E-07,0.037178
4.5893908E-07,0.037520
4.5898908E-07,0.037861
4.5903908E-07,0.037861
4.5908908E-07,0.037861
4.5913908E-07,0.037861
4.5918908E-07,0.037520
4.5923908E-07,0.036837
4.5928908E-07,0.036154
4.5933908E-07,0.034789
4.5938908E-07,0.033765
4.5943908E-07,0.032059
4.5948908E-07,0.030011
4.5953908E-07,0.027622
4.5958908E-07,0.025233
4.5963908E-07,0.022161
4.5968908E-07,0.018407
4.5973908E-07,0.014652
4.5978908E-07,0.010215
4.5983908E-07,0.005437
4.5988908E-07,0.000317
4.5993908E-07,-0.005143
4.5998908E-07,-0.010604
4.6003908E-07,-0.016748
4.6008908E-07,-0.022891
4.6013908E-07,-0.029035
4.6018908E-07,-0.035178
4.6023908E-07,-0.041322
4.6028908E-07,-0.047124
4.6033908E-07,-0.052585
4.6038908E-07,-0.057704
4.6043908E-07,-0.062483
4.6048908E-07,-0.066578
4.6053908E-07,-0.070333
4.6058908E-07,-0.073063
4.6063908E-07,-0.075111
4.6068908E-07,-0.076476
4.6073908E-07,-0.077159
4.6078908E-07,-0.077159
4.6083908E-07,-0.076476
4.6088908E-07,-0.074770
4.6093908E-07,-0.072722
4.6098908E-07,-0.070333
4.6103908E-07,-0.067261
4.6108908E-07,-0.063848
4.6113908E-07,-0.059752
4.6118908E-07,-0.055657
4.6123908E-07,-0.051561
4.6128908E-07,-0.047124
4.6133908E-07,-0.042687
4.6138908E-07,-0.037909
4.6143908E-07,-0.033472
4.6148908E-07,-0.028694
4.6153908E-07,-0.023915
4.6158908E-07,-0.019478
4.6163908E-07,-0.015041
4.6168908E-07,-0.010604
4.6173908E-07,-0.006167
4.6178908E-07,-0.001730
4.6183908E-07,0.002707
4.6188908E-07,0.006802
4.6193908E-07,0.010898
4.6198908E-07,0.014652
4.6203908E-07,0.018407
4.6208908E-07,0.021820
4.6213908E-07,0.024891
4.6218908E-07,0.027622
4.6223908E-07,0.030011
4.6228908E-07,0.032059
4.6233908E-07,0.033424
4.6238908E-07,0.034448
4.6243908E-07,0.034789
4.6248908E-07,0.034789
4.6253908E-07,0.034448
4.6258908E-07,0.033424
4.6263908E-07,0.032059
4.6268908E-07,0.030352
4.6273908E-07,0.028304
4.6278908E-07,0.025915
4.6283908E-07,0.023526
4.6288908E-07,0.021137
4.6293908E-07,0.018407
4.6298908E-07,0.016017
4.6303908E-07,0.013628
4.6308908E-07,0.011580
4.6313908E-07,0.009533
4.6318908E-07,0.007826
4.6323908E-07,0.006461
4.6328908E-07,0.005096
4.6333908E-07,0.003730
4.6338908E-07,0.003048
4.6343908E-07,0.002024
4.6348908E-07,0.001341
4.6353908E-07,0.000659
4.6358908E-07,-0.000024
4.6363908E-07,-0.000707
4.6368908E-07,-0.001730
4.6373908E-07,-0.002754
4.6378908E-07,-0.003778
4.6383908E-07,-0.004802
4.6388908E-07,-0.006167
4.6393908E-07,-0.007533
4.6398908E-07,-0.008898
4.6403908E-07,-0.009922
4.6408908E-07,-0.011287
4.6413908E-07,-0.012311
4.6418908E-07,-0.013335
4.6423908E-07,-0.014017
4.6428908E-07,-0.014359
4.6433908E-07,-0.014700
4.6438908E-07,-0.014359
4.6443908E-07,-0.013676
4.6448908E-07,-0.012311
4.6453908E-07,-0.010946
4.6458908E-07,-0.009239
4.6463908E-07,-0.006850
4.6468908E-07,-0.004461
4.6473908E-07,-0.001730
4.6478908E-07,0.001000
4.6483908E-07,0.004072
4.6488908E-07,0.007144
4.6493908E-07,0.009874
4.6498908E-07,0.012946
4.6503908E-07,0.015335
4.6508908E-07,0.017724
4.6513908E-07,0.020113
4.6518908E-07,0.021820
4.6523908E-07,0.023185
4.6528908E-07,0.024209
4.6533908E-07,0.024891
4.6538908E-07,0.025233
4.6543908E-07,0.025233
4.6548908E-07,0.024891
4.6553908E-07,0.023867
4.6558908E-07,0.022844
4.6563908E-07,0.021820
4.6568908E-07,0.020113
4.6573908E-07,0.018407
4.6578908E-07,0.016700
4.6583908E-07,0.014652
4.6588908E-07,0.012604
4.6593908E-07,0.010557
4.6598908E-07,0.008167
4.6603908E-07,0.005778
4.6608908E-07,0.003389
4.6613908E-07,0.000659
4.6618908E-07,-0.001730
4.6623908E-07,-0.004461
4.6628908E-07,-0.007191
4.6633908E-07,-0.009922
4.6638908E-07,-0.012652
4.6643908E-07,-0.015383
4.6648908E-07,-0.018454
4.6653908E-07,-0.021526
4.6658908E-07,-0.024598
4.6663908E-07,-0.027670
4.6668908E-07,-0.030741
4.6673908E-07,-0.033472
4.6678908E-07,-0.036544
4.6683908E-07,-0.039274
4.6688908E-07,-0.042004
4.6693908E-07,-0.044394
4.6698908E-07,-0.046783
4.6703908E-07,-0.049172
4.6708908E-07,-0.050878
4.6713908E-07,-0.052585
4.6718908E-07,-0.054291
4.6723908E-07,-0.055315
4.6728908E-07,-0.056339
4.6733908E-07,-0.057363
4.6738908E-07,-0.058046
4.6743908E-07,-0.058387
4.6748908E-07,-0.058728
4.6753908E-07,-0.059070
4.6758908E-07,-0.059411
4.6763908E-07,-0.059411
4.6768908E-07,-0.059752
4.6773908E-07,-0.060435
4.6778908E-07,-0.060776
4.6783908E-07,-0.061459
4.6788908E-07,-0.062483
4.6793908E-07,-0.063507
4.6798908E-07,-0.064872
4.6803908E-07,-0.066237
4.6808908E-07,-0.067944
4.6813908E-07,-0.069650
4.6818908E-07,-0.071698
4.6823908E-07,-0.073746
4.6828908E-07,-0.076135
4.6833908E-07,-0.078183
4.6838908E-07,-0.080231
4.6843908E-07,-0.082620
4.6848908E-07,-0.084668
4.6853908E-07,-0.086715
4.6858908E-07,-0.088763
4.6863908E-07,-0.090470
4.6868908E-07,-0.092518
4.6873908E-07,-0.093883
4.6878908E-07,-0.095589
4.6883908E-07,-0.097296
4.6888908E-07,-0.098661
4.6893908E-07,-0.100026
4.6898908E-07,-0.101392
4.6903908E-07,-0.102757
4.6908908E-07,-0.104463
4.6913908E-07,-0.105828
4.6918908E-07,-0.107194
4.6923908E-07,-0.108559
4.6928908E-07,-0.109924
4.6933908E-07,-0.111289
4.6938908E-07,-0.112655
4.6943908E-07,-0.113678
4.6948908E-07,-0.114361
4.6953908E-07,-0.115044
4.6958908E-07,-0.115044
4.6963908E-07,-0.114702
4.6968908E-07,-0.113678
4.6973908E-07,-0.112313
4.6978908E-07,-0.110607
4.6983908E-07,-0.107876
4.6988908E-07,-0.104805
4.6993908E-07,-0.101050
4.6998908E-07,-0.096955
4.7003908E-07,-0.092518
4.7008908E-07,-0.087398
4.7013908E-07,-0.081937
4.7018908E-07,-0.076476
4.7023908E-07,-0.071015
4.7028908E-07,-0.065554
4.7033908E-07,-0.060094
4.7038908E-07,-0.054974
4.7043908E-07,-0.050196
4.7048908E-07,-0.045417
4.7053908E-07,-0.041663
4.7058908E-07,-0.037909
4.7063908E-07,-0.034837
4.7068908E-07,-0.032448
4.7073908E-07,-0.030400
4.7078908E-07,-0.028694
4.7083908E-07,-0.027670
4.7088908E-07,-0.026987
4.7093908E-07,-0.026987
4.7098908E-07,-0.026987
4.7103908E-07,-0.027328
4.7108908E-07,-0.028011
4.7113908E-07,-0.028694
4.7118908E-07,-0.029717
4.7123908E-07,-0.030741
4.7128908E-07,-0.032107
4.7133908E-07,-0.033472
4.7138908E-07,-0.034837
4.7143908E-07,-0.036544
4.7148908E-07,-0.037909
4.7153908E-07,-0.039957
4.7158908E-07,-0.041663
4.7163908E-07,-0.043711
4.7168908E-07,-0.045417
4.7173908E-07,-0.047465
4.7178908E-07,-0.049172
4.7183908E-07,-0.051220
4.7188908E-07,-0.052926
4.7193908E-07,-0.054291
4.7198908E-07,-0.055315
4.7203908E-07,-0.056339
4.7208908E-07,-0.056681
4.7213908E-07,-0.056681
4.7218908E-07,-0.055998
4.7223908E-07,-0.054974
4.7228908E-07,-0.053267
4.7233908E-07,-0.051220
4.7238908E-07,-0.048489
4.7243908E-07,-0.045076
4.7248908E-07,-0.041322
4.7253908E-07,-0.037567
4.7258908E-07,-0.033130
4.7263908E-07,-0.028694
4.7268908E-07,-0.023915
4.7273908E-07,-0.019137
4.7278908E-07,-0.014700
4.7283908E-07,-0.010263
4.7288908E-07,-0.006167
4.7293908E-07,-0.002072
4.7298908E-07,0.001341
4.7303908E-07,0.004413
4.7308908E-07,0.007144
4.7313908E-07,0.009191
4.7318908E-07,0.010898
4.7323908E-07,0.012263
4.7328908E-07,0.013287
4.7333908E-07,0.013970
4.7338908E-07,0.014652
4.7343908E-07,0.014994
4.7348908E-07,0.015335
4.7353908E-07,0.016017
4.7358908E-07,0.016359
4.7363908E-07,0.017383
4.7368908E-07,0.018407
4.7373908E-07,0.019430
4.7378908E-07,0.021137
4.7383908E-07,0.023185
4.7388908E-07,0.025574
4.7393908E-07,0.028304
4.7398908E-07,0.031717
4.7403908E-07,0.035131
4.7408908E-07,0.038885
4.7413908E-07,0.042639
4.7418908E-07,0.046735
4.7423908E-07,0.050831
4.7428908E-07,0.054926
4.7433908E-07,0.058681
4.7438908E-07,0.062435
4.7443908E-07,0.065848
4.7448908E-07,0.069261
4.7453908E-07,0.071991
4.7458908E-07,0.074381
4.7463908E-07,0.076428
4.7468908E-07,0.077794
4.7473908E-07,0.078818
4.7478908E-07,0.079500
4.7483908E-07,0.079500
4.7488908E-07,0.079159
4.7493908E-07,0.078476
4.7498908E-07,0.077452
4.7503908E-07,0.076428
4.7508908E-07,0.075063
4.7513908E-07,0.073357
4.7518908E-07,0.071650
4.7523908E-07,0.069944
4.7528908E-07,0.068578
4.7533908E-07,0.066872
4.7538908E-07,0.065507
4.7543908E-07,0.064141
4.7548908E-07,0.063118
4.7553908E-07,0.062435
4.7558908E-07,0.061752
4.7563908E-07,0.061070
4.7568908E-07,0.061070
4.7573908E-07,0.060728
4.7578908E-07,0.061070
4.7583908E-07,0.061070
4.7588908E-07,0.061411
4.7593908E-07,0.061752
4.7598908E-07,0.062094
4.7603908E-07,0.062776
4.7608908E-07,0.063118
4.7613908E-07,0.063459
4.7618908E-07,0.064141
4.7623908E-07,0.064483
4.7628908E-07,0.064824
4.7633908E-07,0.065165
4.7638908E-07,0.065507
4.7643908E-07,0.065848
4.7648908E-07,0.066189
4.7653908E-07,0.066531
4.7658908E-07,0.066872
4.7663908E-07,0.066872
4.7668908E-07,0.067213
4.7673908E-07,0.067213
4.7678908E-07,0.067213
4.7683908E-07,0.066872
4.7688908E-07,0.066872
4.7693908E-07,0.066531
4.7698908E-07,0.065848
4.7703908E-07,0.065165
4.7708908E-07,0.064483
4.7713908E-07,0.063459
4.7718908E-07,0.062435
4.7723908E-07,0.061070
4.7728908E-07,0.059704
4.7733908E-07,0.058339
4.7738908E-07,0.056974
4.7743908E-07,0.055268
4.7748908E-07,0.053902
4.7753908E-07,0.052537
4.7758908E-07,0.051513
4.7763908E-07,0.050489
4.7768908E-07,0.049465
4.7773908E-07,0.048783
4.7778908E-07,0.048100
4.7783908E-07,0.048100
4.7788908E-07,0.047759
4.7793908E-07,0.048100
4.7798908E-07,0.048100
4.7803908E-07,0.048441
4.7808908E-07,0.048783
4.7813908E-07,0.049124
4.7818908E-07,0.049465
4.7823908E-07,0.049465
4.7828908E-07,0.049465
4.7833908E-07,0.049124
4.7838908E-07,0.048783
4.7843908E-07,0.047759
4.7848908E-07,0.046735
4.7853908E-07,0.045028
4.7858908E-07,0.043322
4.7863908E-07,0.041274
4.7868908E-07,0.038885
4.7873908E-07,0.036154
4.7878908E-07,0.033765
4.7883908E-07,0.031035
4.7888908E-07,0.028646
4.7893908E-07,0.025915
4.7898908E-07,0.023867
4.7903908E-07,0.021820
4.7908908E-07,0.020454
4.7913908E-07,0.019089
4.7918908E-07,0.018065
4.7923908E-07,0.017724
4.7928908E-07,0.017724
4.7933908E-07,0.018065
4.7938908E-07,0.019089
4.7943908E-07,0.020113
4.7948908E-07,0.021478
4.7953908E-07,0.022844
4.7958908E-07,0.024550
4.7963908E-07,0.026257
4.7968908E-07,0.027963
4.7973908E-07,0.029328
4.7978908E-07,0.031035
4.7983908E-07,0.032059
4.7988908E-07,0.033083
4.7993908E-07,0.034107
4.7998908E-07,0.034789
4.8003908E-07,0.035131
4.8008908E-07,0.035131
4.8013908E-07,0.035131
4.8018908E-07,0.034789
4.8023908E-07,0.034448
4.8028908E-07,0.033765
4.8033908E-07,0.033083
4.8038908E-07,0.032400
4.8043908E-07,0.031717
4.8048908E-07,0.030694
4.8053908E-07,0.029670
4.8058908E-07,0.028646
4.8063908E-07,0.027281
4.8068908E-07,0.026257
4.8073908E-07,0.024891
4.8078908E-07,0.023185
4.8083908E-07,0.021820
4.8088908E-07,0.019772
4.8093908E-07,0.017724
4.8098908E-07,0.015676
4.8103908E-07,0.013287
4.8108908E-07,0.010898
4.8113908E-07,0.008167
4.8118908E-07,0.005437
4.8123908E-07,0.002707
4.8128908E-07,-0.000365
4.8133908E-07,-0.003096
4.8138908E-07,-0.005826
4.8143908E-07,-0.008557
4.8148908E-07,-0.011287
4.8153908E-07,-0.013676
4.8158908E-07,-0.016065
4.8163908E-07,-0.018113
4.8168908E-07,-0.019820
4.8173908E-07,-0.021185
4.8178908E-07,-0.022550
4.8183908E-07,-0.023574
4.8188908E-07,-0.024598
4.8193908E-07,-0.025280
4.8198908E-07,-0.025622
4.8203908E-07,-0.026304
4.8208908E-07,-0.026646
4.8213908E-07,-0.027328
4.8218908E-07,-0.028011
4.8223908E-07,-0.028694
4.8228908E-07,-0.029717
4.8233908E-07,-0.030741
4.8238908E-07,-0.032448
4.8243908E-07,-0.034154
4.8248908E-07,-0.035861
4.8253908E-07,-0.038250
4.8258908E-07,-0.040639
4.8263908E-07,-0.043370
4.8268908E-07,-0.046441
4.8273908E-07,-0.049513
4.8278908E-07,-0.052585
4.8283908E-07,-0.055657
4.8288908E-07,-0.058387
4.8293908E-07,-0.061118
4.8298908E-07,-0.063848
4.8303908E-07,-0.065896
4.8308908E-07,-0.067602
4.8313908E-07,-0.068968
4.8318908E-07,-0.069991
4.8323908E-07,-0.070333
4.8328908E-07,-0.069991
4.8333908E-07,-0.068968
4.8338908E-07,-0.067261
4.8343908E-07,-0.065213
4.8348908E-07,-0.062483
4.8353908E-07,-0.059411
4.8358908E-07,-0.055657
4.8363908E-07,-0.051561
4.8368908E-07,-0.046783
4.8373908E-07,-0.042004
4.8378908E-07,-0.037226
4.8383908E-07,-0.032107
4.8388908E-07,-0.026987
4.8393908E-07,-0.021867
4.8398908E-07,-0.017089
4.8403908E-07,-0.012311
4.8408908E-07,-0.007533
4.8413908E-07,-0.003437
4.8418908E-07,0.000659
4.8423908E-07,0.004413
4.8428908E-07,0.007826
4.8433908E-07,0.011239
4.8438908E-07,0.013970
4.8443908E-07,0.016700
4.8448908E-07,0.019089
4.8453908E-07,0.021137
4.8458908E-07,0.023185
4.8463908E-07,0.025233
4.8468908E-07,0.026939
4.8473908E-07,0.028646
4.8478908E-07,0.030352
4.8483908E-07,0.032059
4.8488908E-07,0.033765
4.8493908E-07,0.035472
4.8498908E-07,0.037520
4.8503908E-07,0.039567
4.8508908E-07,0.041615
4.8513908E-07,0.043663
4.8518908E-07,0.046052
4.8523908E-07,0.048783
4.8528908E-07,0.051172
4.8533908E-07,0.054244
4.8538908E-07,0.056974
4.8543908E-07,0.060046
4.8548908E-07,0.063459
4.8553908E-07,0.066872
4.8558908E-07,0.070285
4.8563908E-07,0.073698
4.8568908E-07,0.077452
4.8573908E-07,0.081207
4.8578908E-07,0.084620
4.8583908E-07,0.088374
4.8588908E-07,0.091787
4.8593908E-07,0.095200
4.8598908E-07,0.098272
4.8603908E-07,0.101002
4.8608908E-07,0.103733
4.8613908E-07,0.105781
4.8618908E-07,0.107146
4.8623908E-07,0.108511
4.8628908E-07,0.108852
4.8633908E-07,0.108852
4.8638908E-07,0.108511
4.8643908E-07,0.107146
4.8648908E-07,0.105439
4.8653908E-07,0.103392
4.8658908E-07,0.100661
4.8663908E-07,0.097589
4.8668908E-07,0.094176
4.8673908E-07,0.090422
4.8678908E-07,0.086668
4.8683908E-07,0.082572
4.8688908E-07,0.078818
4.8693908E-07,0.074722
4.8698908E-07,0.071309
4.8703908E-07,0.067555
4.8708908E-07,0.064483
4.8713908E-07,0.061411
4.8718908E-07,0.058339
4.8723908E-07,0.055950
4.8728908E-07,0.053561
4.8733908E-07,0.051172
4.8738908E-07,0.049124
4.8743908E-07,0.046735
4.8748908E-07,0.044687
4.8753908E-07,0.042298
4.8758908E-07,0.039567
4.8763908E-07,0.036837
4.8768908E-07,0.033765
4.8773908E-07,0.030352
4.8778908E-07,0.026257
4.8783908E-07,0.022161
4.8788908E-07,0.017724
4.8793908E-07,0.012946
4.8798908E-07,0.008167
4.8803908E-07,0.003389
4.8808908E-07,-0.001730
4.8813908E-07,-0.006509
4.8818908E-07,-0.011287
4.8823908E-07,-0.015724
4.8828908E-07,-0.019478
4.8833908E-07,-0.022891
4.8838908E-07,-0.025622
4.8843908E-07,-0.028011
4.8848908E-07,-0.029717
4.8853908E-07,-0.030400
4.8858908E-07,-0.030741
4.8863908E-07,-0.030400
4.8868908E-07,-0.029717
4.8873908E-07,-0.028352
4.8878908E-07,-0.026987
4.8883908E-07,-0.024939
4.8888908E-07,-0.023233
4.8893908E-07,-0.021185
4.8898908E-07,-0.019137
4.8903908E-07,-0.017430
4.8908908E-07,-0.016065
4.8913908E-07,-0.014700
4.8918908E-07,-0.014017
4.8923908E-07,-0.013335
4.8928908E-07,-0.013335
4.8933908E-07,-0.014017
4.8938908E-07,-0.014700
4.8943908E-07,-0.015724
4.8948908E-07,-0.017089
4.8953908E-07,-0.018454
4.8958908E-07,-0.020161
4.8963908E-07,-0.022209
4.8968908E-07,-0.023915
4.8973908E-07,-0.025622
4.8978908E-07,-0.027328
4.8983908E-07,-0.028694
4.8988908E-07,-0.030059
4.8993908E-07,-0.031083
4.8998908E-07,-0.032107
4.9003908E-07,-0.032789
4.9008908E-07,-0.033130
4.9013908E-07,-0.033813
4.9018908E-07,-0.033813
4.9023908E-07,-0.034154
4.9028908E-07,-0.034154
4.9033908E-07,-0.034496
4.9038908E-07,-0.034496
4.9043908E-07,-0.034837
4.9048908E-07,-0.034837
4.9053908E-07,-0.035520
4.9058908E-07,-0.035861
4.9063908E-07,-0.036202
4.9068908E-07,-0.036885
4.9073908E-07,-0.037567
4.9078908E-07,-0.038250
4.9083908E-07,-0.038591
4.9088908E-07,-0.039274
4.9093908E-07,-0.039615
4.9098908E-07,-0.039957
4.9103908E-07,-0.039957
4.9108908E-07,-0.039957
4.9113908E-07,-0.039615
4.9118908E-07,-0.038933
4.9123908E-07,-0.038250
4.9128908E-07,-0.036885
4.9133908E-07,-0.035520
4.9138908E-07,-0.033813
4.9143908E-07,-0.031765
4.9148908E-07,-0.029717
4.9153908E-07,-0.027328
4.9158908E-07,-0.024598
4.9163908E-07,-0.021867
4.9168908E-07,-0.019137
4.9173908E-07,-0.016065
4.9178908E-07,-0.012993
4.9183908E-07,-0.009922
4.9188908E-07,-0.006850
4.9193908E-07,-0.003437
4.9198908E-07,-0.000024
4.9203908E-07,0.003389
4.9208908E-07,0.006802
4.9213908E-07,0.010557
4.9218908E-07,0.014652
4.9223908E-07,0.018748
4.9228908E-07,0.023185
4.9233908E-07,0.027963
4.9238908E-07,0.033083
4.9243908E-07,0.038885
4.9248908E-07,0.045028
4.9253908E-07,0.051513
4.9258908E-07,0.058681
4.9263908E-07,0.066189
4.9268908E-07,0.074039
4.9273908E-07,0.082572
4.9278908E-07,0.091446
4.9283908E-07,0.100661
4.9288908E-07,0.110218
4.9293908E-07,0.119774
4.9298908E-07,0.130013
4.9303908E-07,0.140252
4.9308908E-07,0.150492
4.9313908E-07,0.161072
4.9318908E-07,0.171653
4.9323908E-07,0.182233
4.9328908E-07,0.192813
4.9333908E-07,0.203735
4.9338908E-07,0.214657
4.9343908E-07,0.225579
4.9348908E-07,0.236842
4.9353908E-07,0.248105
4.9358908E-07,0.260051
4.9363908E-07,0.271996
4.9368908E-07,0.284625
4.9373908E-07,0.297253
4.9378908E-07,0.310905
4.9383908E-07,0.324899
4.9388908E-07,0.339575
4.9393908E-07,0.354592
4.9398908E-07,0.370292
4.9403908E-07,0.386333
4.9408908E-07,0.403057
4.9413908E-07,0.420123
4.9418908E-07,0.437871
4.9423908E-07,0.455618
4.9428908E-07,0.473708
4.9433908E-07,0.491797
4.9438908E-07,0.509886
4.9443908E-07,0.528316
4.9448908E-07,0.546406
4.9453908E-07,0.564495
4.9458908E-07,0.582584
4.9463908E-07,0.600332
4.9468908E-07,0.617738
4.9473908E-07,0.635145
4.9478908E-07,0.652551
4.9483908E-07,0.669617
4.9488908E-07,0.686682
4.9493908E-07,0.703747
4.9498908E-07,0.720471
4.9503908E-07,0.737195
4.9508908E-07,0.753919
4.9513908E-07,0.770302
4.9518908E-07,0.786684
4.9523908E-07,0.803067
4.9528908E-07,0.819108
4.9533908E-07,0.834808
4.9538908E-07,0.850167
4.9543908E-07,0.865184
4.9548908E-07,0.879178
4.9553908E-07,0.892830
4.9558908E-07,0.905800
4.9563908E-07,0.917745
4.9568908E-07,0.928667
4.9573908E-07,0.938565
4.9578908E-07,0.947439
4.9583908E-07,0.954948
4.9588908E-07,0.961774
4.9593908E-07,0.967235
4.9598908E-07,0.971672
4.9603908E-07,0.975085
4.9608908E-07,0.977474
4.9613908E-07,0.979522
4.9618908E-07,0.980546
4.9623908E-07,0.981228
4.9628908E-07,0.981570
4.9633908E-07,0.981570
4.9638908E-07,0.981570
4.9643908E-07,0.981570
4.9648908E-07,0.981570
4.9653908E-07,0.981570
4.9658908E-07,0.982252
4.9663908E-07,0.982935
4.9668908E-07,0.983959
4.9673908E-07,0.985324
4.9678908E-07,0.987030
4.9683908E-07,0.988737
4.9688908E-07,0.990785
4.9693908E-07,0.992833
4.9698908E-07,0.994880
4.9703908E-07,0.996587
4.9708908E-07,0.997952
4.9713908E-07,0.999317
4.9718908E-07,1.000000
4.9723908E-07,1.000000
4.9728908E-07,0.999659
4.9733908E-07,0.998293
4.9738908E-07,0.996587
4.9743908E-07,0.993857
4.9748908E-07,0.990443
4.9753908E-07,0.986348
4.9758908E-07,0.981228
4.9763908E-07,0.975767
4.9768908E-07,0.969624
4.9773908E-07,0.962798
4.9778908E-07,0.955630
4.9783908E-07,0.947780
4.9788908E-07,0.939589
4.9793908E-07,0.931056
4.9798908E-07,0.922182
4.9803908E-07,0.913309
4.9808908E-07,0.904093
4.9813908E-07,0.894537
4.9818908E-07,0.884980
4.9823908E-07,0.875424
4.9828908E-07,0.865526
4.9833908E-07,0.855628
4.9838908E-07,0.845389
4.9843908E-07,0.835491
4.9848908E-07,0.824910
4.9853908E-07,0.814671
4.9858908E-07,0.804091
4.9863908E-07,0.793510
4.9868908E-07,0.782930
4.9873908E-07,0.772350
4.9878908E-07,0.761769
4.9883908E-07,0.750847
4.9888908E-07,0.740267
4.9893908E-07,0.730028
4.9898908E-07,0.719447
4.9903908E-07,0.709549
4.9908908E-07,0.699652
4.9913908E-07,0.690436
4.9918908E-07,0.681221
4.9923908E-07,0.672688
4.9928908E-07,0.664497
4.9933908E-07,0.656647
4.9938908E-07,0.649138
4.9943908E-07,0.641971
4.9948908E-07,0.635486
4.9953908E-07,0.629001
4.9958908E-07,0.622858
4.9963908E-07,0.616714
4.9968908E-07,0.610571
4.9973908E-07,0.604769
4.9978908E-07,0.598625
4.9983908E-07,0.592482
4.9988908E-07,0.585997
4.9993908E-07,0.579171
4.9998908E-07,0.572345
5.0003908E-07,0.564836
5.0008908E-07,0.557327
5.0013908E-07,0.549477
5.0018908E-07,0.540945
5.0023908E-07,0.532753
5.0028908E-07,0.524221
5.0033908E-07,0.515688
5.0038908E-07,0.507155
5.0043908E-07,0.498623
5.0048908E-07,0.490773
5.0053908E-07,0.482923
5.0058908E-07,0.475414
5.0063908E-07,0.468588
5.0068908E-07,0.462103
5.0073908E-07,0.456301
5.0078908E-07,0.451181
5.0083908E-07,0.446403
5.0088908E-07,0.442307
5.0093908E-07,0.438553
5.0098908E-07,0.435140
5.0103908E-07,0.432068
5.0108908E-07,0.429338
5.0113908E-07,0.426607
5.0118908E-07,0.424218
5.0123908E-07,0.421488
5.0128908E-07,0.418757
5.0133908E-07,0.415686
5.0138908E-07,0.412614
5.0143908E-07,0.408860
5.0148908E-07,0.405105
5.0153908E-07,0.401010
5.0158908E-07,0.396914
5.0163908E-07,0.392136
5.0168908E-07,0.387357
5.0173908E-07,0.382579
5.0178908E-07,0.377460
5.0183908E-07,0.372340
5.0188908E-07,0.367562
5.0193908E-07,0.362783
5.0198908E-07,0.358005
5.0203908E-07,0.353568
5.0208908E-07,0.349814
5.0213908E-07,0.346059
5.0218908E-07,0.342646
5.0223908E-07,0.339575
5.0228908E-07,0.337186
5.0233908E-07,0.335138
5.0238908E-07,0.333090
5.0243908E-07,0.331725
5.0248908E-07,0.330701
5.0253908E-07,0.330018
5.0258908E-07,0.329336
5.0263908E-07,0.328994
5.0268908E-07,0.328994
5.0273908E-07,0.328994
5.0278908E-07,0.328994
5.0283908E-07,0.328994
5.0288908E-07,0.329336
5.0293908E-07,0.329677
5.0298908E-07,0.329677
5.0303908E-07,0.330018
5.0308908E-07,0.330018
5.0313908E-07,0.329677
5.0318908E-07,0.329336
5.0323908E-07,0.328994
5.0328908E-07,0.328312
5.0333908E-07,0.327288
5.0338908E-07,0.326264
5.0343908E-07,0.324557
5.0348908E-07,0.322851
5.0353908E-07,0.320462
5.0358908E-07,0.318072
5.0363908E-07,0.315001
5.0368908E-07,0.311929
5.0373908E-07,0.308516
5.0378908E-07,0.304762
5.0383908E-07,0.301007
5.0388908E-07,0.297253
5.0393908E-07,0.293498
5.0398908E-07,0.289744
5.0403908E-07,0.285990
5.0408908E-07,0.282918
5.0413908E-07,0.280188
5.0418908E-07,0.277798
5.0423908E-07,0.276092
5.0428908E-07,0.275409
5.0433908E-07,0.275068
5.0438908E-07,0.275751
5.0443908E-07,0.277116
5.0448908E-07,0.279505
5.0453908E-07,0.282577
5.0458908E-07,0.286331
5.0463908E-07,0.290768
5.0468908E-07,0.295888
5.0473908E-07,0.301690
5.0478908E-07,0.307492
5.0483908E-07,0.313977
5.0488908E-07,0.320462
5.0493908E-07,0.326605
5.0498908E-07,0.333090
5.0503908E-07,0.338892
5.0508908E-07,0.344353
5.0513908E-07,0.349131
5.0518908E-07,0.353568
5.0523908E-07,0.357323
5.0528908E-07,0.360053
5.0533908E-07,0.362101
5.0538908E-07,0.363807
5.0543908E-07,0.364149
5.0548908E-07,0.364149
5.0553908E-07,0.363807
5.0558908E-07,0.362442
5.0563908E-07,0.360736
5.0568908E-07,0.359029
5.0573908E-07,0.356640
5.0578908E-07,0.354592
5.0583908E-07,0.352203
5.0588908E-07,0.349814
5.0593908E-07,0.347766
5.0598908E-07,0.345718
5.0603908E-07,0.344012
5.0608908E-07,0.342305
5.0613908E-07,0.340940
5.0618908E-07,0.339916
5.0623908E-07,0.338892
5.0628908E-07,0.338209
5.0633908E-07,0.337527
5.0638908E-07,0.336844
5.0643908E-07,0.335820
5.0648908E-07,0.335138
5.0653908E-07,0.334114
5.0658908E-07,0.332749
5.0663908E-07,0.331383
5.0668908E-07,0.329336
5.0673908E-07,0.327288
5.0678908E-07,0.324899
5.0683908E-07,0.322509
5.0688908E-07,0.319438
5.0693908E-07,0.316366
5.0698908E-07,0.313294
5.0703908E-07,0.310222
5.0708908E-07,0.307151
5.0713908E-07,0.304079
5.0718908E-07,0.301348
5.0723908E-07,0.298618
5.0728908E-07,0.296229
5.0733908E-07,0.294181
5.0738908E-07,0.292475
5.0743908E-07,0.291451
5.0748908E-07,0.290427
5.0753908E-07,0.289744
5.0758908E-07,0.289403
5.0763908E-07,0.289062
5.0768908E-07,0.289062
5.0773908E-07,0.289062
5.0778908E-07,0.289403
5.0783908E-07,0.289403
5.0788908E-07,0.289403
5.0793908E-07,0.289062
5.0798908E-07,0.288720
5.0803908E-07,0.288379
5.0808908E-07,0.287696
5.0813908E-07,0.286672
5.0818908E-07,0.285648
5.0823908E-07,0.284283
5.0828908E-07,0.283259
5.0833908E-07,0.281894
5.0838908E-07,0.280529
5.0843908E-07,0.279164
5.0848908E-07,0.278140
5.0853908E-07,0.277457
5.0858908E-07,0.276775
5.0863908E-07,0.276433
5.0868908E-07,0.276433
5.0873908E-07,0.276433
5.0878908E-07,0.277116
5.0883908E-07,0.277798
5.0888908E-07,0.278481
5.0893908E-07,0.279505
5.0898908E-07,0.280870
5.0903908E-07,0.281894
5.0908908E-07,0.282918
5.0913908E-07,0.283601
5.0918908E-07,0.284625
5.0923908E-07,0.284966
5.0928908E-07,0.285307
5.0933908E-07,0.284966
5.0938908E-07,0.284625
5.0943908E-07,0.284283
5.0948908E-07,0.283259
5.0953908E-07,0.282235
5.0958908E-07,0.280870
5.0963908E-07,0.279164
5.0968908E-07,0.277798
5.0973908E-07,0.276433
5.0978908E-07,0.274727
5.0983908E-07,0.273361
5.0988908E-07,0.272338
5.0993908E-07,0.271314
5.0998908E-07,0.270631
5.1003908E-07,0.269948
5.1008908E-07,0.269948
5.1013908E-07,0.269948
5.1018908E-07,0.269948
5.1023908E-07,0.270290
5.1028908E-07,0.270972
5.1033908E-07,0.271655
5.1038908E-07,0.272338
5.1043908E-07,0.273020
5.1048908E-07,0.274044
5.1053908E-07,0.274727
5.1058908E-07,0.275409
5.1063908E-07,0.276433
5.1068908E-07,0.277116
5.1073908E-07,0.278140
5.1078908E-07,0.278822
5.1083908E-07,0.279846
5.1088908E-07,0.281211
5.1093908E-07,0.282577
5.1098908E-07,0.284283
5.1103908E-07,0.285990
5.1108908E-07,0.288379
5.1113908E-07,0.291109
5.1118908E-07,0.294181
5.1123908E-07,0.297594
5.1128908E-07,0.301690
5.1133908E-07,0.305785
5.1138908E-07,0.310564
5.1143908E-07,0.315683
5.1148908E-07,0.320803
5.1153908E-07,0.326264
5.1158908E-07,0.332066
5.1163908E-07,0.337527
5.1168908E-07,0.342988
5.1173908E-07,0.348449
5.1178908E-07,0.353568
5.1183908E-07,0.358688
5.1188908E-07,0.363125
5.1193908E-07,0.367220
5.1198908E-07,0.370633
5.1203908E-07,0.373705
5.1208908E-07,0.376094
5.1213908E-07,0.378142
5.1218908E-07,0.379507
5.1223908E-07,0.380531
5.1228908E-07,0.380873
5.1233908E-07,0.380873
5.1238908E-07,0.380531
5.1243908E-07,0.379507
5.1248908E-07,0.378483
5.1253908E-07,0.377460
5.1258908E-07,0.375753
5.1263908E-07,0.374388
5.1268908E-07,0.372681
5.1273908E-07,0.370975
5.1278908E-07,0.368927
5.1283908E-07,0.367220
5.1288908E-07,0.365514
5.1293908E-07,0.363807
5.1298908E-07,0.362101
5.1303908E-07,0.360053
5.1308908E-07,0.358346
5.1313908E-07,0.356640
5.1318908E-07,0.354592
5.1323908E-07,0.352886
5.1328908E-07,0.350838
5.1333908E-07,0.348790
5.1338908E-07,0.346742
5.1343908E-07,0.344353
5.1348908E-07,0.342305
5.1353908E-07,0.340257
5.1358908E-07,0.338209
5.1363908E-07,0.336162
5.1368908E-07,0.334114
5.1373908E-07,0.332066
5.1378908E-07,0.330359
5.1383908E-07,0.328994
5.1388908E-07,0.327629
5.1393908E-07,0.326264
5.1398908E-07,0.325581
5.1403908E-07,0.324557
5.1408908E-07,0.323875
5.1413908E-07,0.323533
5.1418908E-07,0.323192
5.1423908E-07,0.322851
5.1428908E-07,0.322509
5.1433908E-07,0.322168
5.1438908E-07,0.321485
5.1443908E-07,0.320803
5.1448908E-07,0.319779
5.1453908E-07,0.318414
5.1458908E-07,0.316707
5.1463908E-07,0.314659
5.1468908E-07,0.311929
5.1473908E-07,0.309199
5.1478908E-07,0.305785
5.1483908E-07,0.302031
5.1488908E-07,0.298277
5.1493908E-07,0.293840
5.1498908E-07,0.289403
5.1503908E-07,0.284966
5.1508908E-07,0.280529
5.1513908E-07,0.276092
5.1518908E-07,0.271655
5.1523908E-07,0.267559
5.1528908E-07,0.263805
5.1533908E-07,0.260733
5.1538908E-07,0.257661
5.1543908E-07,0.255272
5.1548908E-07,0.253224
5.1553908E-07,0.251859
5.1558908E-07,0.250835
5.1563908E-07,0.250153
5.1568908E-07,0.249811
5.1573908E-07,0.249811
5.1578908E-07,0.249811
5.1583908E-07,0.250153
5.1588908E-07,0.250494
5.1593908E-07,0.251177
5.1598908E-07,0.251518
5.1603908E-07,0.251859
5.1608908E-07,0.252542
5.1613908E-07,0.252883
5.1618908E-07,0.253224
5.1623908E-07,0.253566
5.1628908E-07,0.254248
5.1633908E-07,0.254590
5.1638908E-07,0.255614
5.1643908E-07,0.256638
5.1648908E-07,0.258003
5.1653908E-07,0.259709
5.1658908E-07,0.261757
5.1663908E-07,0.264488
5.1668908E-07,0.267901
5.1673908E-07,0.271655
5.1678908E-07,0.275751
5.1683908E-07,0.280188
5.1688908E-07,0.285307
5.1693908E-07,0.290768
5.1698908E-07,0.296229
5.1703908E-07,0.302031
5.1708908E-07,0.307833
5.1713908E-07,0.313635
5.1718908E-07,0.319438
5.1723908E-07,0.324557
5.1728908E-07,0.329677
5.1733908E-07,0.334455
5.1738908E-07,0.338551
5.1743908E-07,0.342305
5.1748908E-07,0.345377
5.1753908E-07,0.348107
5.1758908E-07,0.350496
5.1763908E-07,0.352203
5.1768908E-07,0.353568
5.1773908E-07,0.354933
5.1778908E-07,0.355616
5.1783908E-07,0.356299
5.1788908E-07,0.356981
5.1793908E-07,0.357323
5.1798908E-07,0.357664
5.1803908E-07,0.358005
5.1808908E-07,0.358346
5.1813908E-07,0.358688
5.1818908E-07,0.359029
5.1823908E-07,0.359370
5.1828908E-07,0.359712
5.1833908E-07,0.359712
5.1838908E-07,0.359370
5.1843908E-07,0.359029
5.1848908E-07,0.358346
5.1853908E-07,0.357323
5.1858908E-07,0.355957
5.1863908E-07,0.354251
5.1868908E-07,0.352203
5.1873908E-07,0.349473
5.1878908E-07,0.346742
5.1883908E-07,0.343329
5.1888908E-07,0.339575
5.1893908E-07,0.335820
5.1898908E-07,0.331725
5.1903908E-07,0.327629
5.1908908E-07,0.323533
5.1913908E-07,0.319438
5.1918908E-07,0.315342
5.1923908E-07,0.311588
5.1928908E-07,0.307833
5.1933908E-07,0.304420
5.1938908E-07,0.301007
5.1943908E-07,0.298277
5.1948908E-07,0.295546
5.1953908E-07,0.293157
5.1958908E-07,0.290768
5.1963908E-07,0.289062
5.1968908E-07,0.287014
5.1973908E-07,0.285648
5.1978908E-07,0.283942
5.1983908E-07,0.282577
5.1988908E-07,0.281553
5.1993908E-07,0.280188
5.1998908E-07,0.279164
5.2003908E-07,0.278140
5.2008908E-07,0.277116
5.2013908E-07,0.276092
5.2018908E-07,0.275068
5.2023908E-07,0.274385
5.2028908E-07,0.274044
5.2033908E-07,0.273361
5.2038908E-07,0.273361
5.2043908E-07,0.273020
5.2048908E-07,0.273361
5.2053908E-07,0.273703
5.2058908E-07,0.274044
5.2063908E-07,0.274727
5.2068908E-07,0.275409
5.2073908E-07,0.276433
5.2078908E-07,0.277116
5.2083908E-07,0.278140
5.2088908E-07,0.278822
5.2093908E-07,0.279505
5.2098908E-07,0.279846
5.2103908E-07,0.280188
5.2108908E-07,0.279846
5.2113908E-07,0.279505
5.2118908E-07,0.278481
5.2123908E-07,0.277457
5.2128908E-07,0.275751
5.2133908E-07,0.273703
5.2138908E-07,0.271314
5.2143908E-07,0.268242
5.2148908E-07,0.265170
5.2153908E-07,0.261757
5.2158908E-07,0.258344
5.2163908E-07,0.254931
5.2168908E-07,0.251177
5.2173908E-07,0.247422
5.2178908E-07,0.244009
5.2183908E-07,0.240937
5.2188908E-07,0.238207
5.2193908E-07,0.235477
5.2198908E-07,0.233429
5.2203908E-07,0.231722
5.2208908E-07,0.230357
5.2213908E-07,0.229674
5.2218908E-07,0.229333
5.2223908E-07,0.229333
5.2228908E-07,0.229674
5.2233908E-07,0.230357
5.2238908E-07,0.231381
5.2243908E-07,0.232746
5.2248908E-07,0.233770
5.2253908E-07,0.235135
5.2258908E-07,0.236159
5.2263908E-07,0.237183
5.2268908E-07,0.237866
5.2273908E-07,0.238207
5.2278908E-07,0.238207
5.2283908E-07,0.237866
5.2288908E-07,0.237183
5.2293908E-07,0.236159
5.2298908E-07,0.234453
5.2303908E-07,0.232746
5.2308908E-07,0.230698
5.2313908E-07,0.227968
5.2318908E-07,0.225237
5.2323908E-07,0.222507
5.2328908E-07,0.219094
5.2333908E-07,0.216022
5.2338908E-07,0.212950
5.2343908E-07,0.209537
5.2348908E-07,0.206466
5.2353908E-07,0.203394
5.2358908E-07,0.200322
5.2363908E-07,0.197250
5.2368908E-07,0.194179
5.2373908E-07,0.191107
5.2378908E-07,0.188035
5.2383908E-07,0.185305
5.2388908E-07,0.182233
5.2393908E-07,0.179161
5.2398908E-07,0.176090
5.2403908E-07,0.172676
5.2408908E-07,0.169605
5.2413908E-07,0.166192
5.2418908E-07,0.163120
5.2423908E-07,0.160048
5.2428908E-07,0.156976
5.2433908E-07,0.153905
5.2438908E-07,0.151174
5.2443908E-07,0.149126
5.2448908E-07,0.147079
5.2453908E-07,0.145372
5.2458908E-07,0.144348
5.2463908E-07,0.143666
5.2468908E-07,0.143666
5.2473908E-07,0.144007
5.2478908E-07,0.145031
5.2483908E-07,0.146737
5.2488908E-07,0.148444
5.2493908E-07,0.150833
5.2498908E-07,0.153222
5.2503908E-07,0.155953
5.2508908E-07,0.158683
5.2513908E-07,0.161413
5.2518908E-07,0.163803
5.2523908E-07,0.166192
5.2528908E-07,0.167898
5.2533908E-07,0.169263
5.2538908E-07,0.170287
5.2543908E-07,0.170287
5.2548908E-07,0.169946
5.2553908E-07,0.169263
5.2558908E-07,0.167557
5.2563908E-07,0.165509
5.2568908E-07,0.163120
5.2573908E-07,0.160048
5.2578908E-07,0.156635
5.2583908E-07,0.153222
5.2588908E-07,0.149468
5.2593908E-07,0.145713
5.2598908E-07,0.141959
5.2603908E-07,0.138205
5.2608908E-07,0.134450
5.2613908E-07,0.131037
5.2618908E-07,0.127966
5.2623908E-07,0.124894
5.2628908E-07,0.122163
5.2633908E-07,0.119433
5.2638908E-07,0.117385
5.2643908E-07,0.114996
5.2648908E-07,0.113289
5.2653908E-07,0.111242
5.2658908E-07,0.109535
5.2663908E-07,0.108170
5.2668908E-07,0.106805
5.2673908E-07,0.105439
5.2678908E-07,0.104074
5.2683908E-07,0.103050
5.2688908E-07,0.102026
5.2693908E-07,0.101002
5.2698908E-07,0.100320
5.2703908E-07,0.099637
5.2708908E-07,0.099296
5.2713908E-07,0.099296
5.2718908E-07,0.099296
5.2723908E-07,0.099637
5.2728908E-07,0.100320
5.2733908E-07,0.101002
5.2738908E-07,0.102026
5.2743908E-07,0.103050
5.2748908E-07,0.104074
5.2753908E-07,0.105098
5.2758908E-07,0.106122
5.2763908E-07,0.107146
5.2768908E-07,0.107829
5.2773908E-07,0.108170
5.2778908E-07,0.108511
5.2783908E-07,0.108170
5.2788908E-07,0.107487
5.2793908E-07,0.106463
5.2798908E-07,0.105098
5.2803908E-07,0.103050
5.2808908E-07,0.101002
5.2813908E-07,0.098272
5.2818908E-07,0.095542
5.2823908E-07,0.092470
5.2828908E-07,0.089398
5.2833908E-07,0.085985
5.2838908E-07,0.082913
5.2843908E-07,0.080183
5.2848908E-07,0.077452
5.2853908E-07,0.075063
5.2858908E-07,0.073015
5.2863908E-07,0.071309
5.2868908E-07,0.070285
5.2873908E-07,0.069602
5.2878908E-07,0.069602
5.2883908E-07,0.069944
5.2888908E-07,0.070626
5.2893908E-07,0.071991
5.2898908E-07,0.073357
5.2903908E-07,0.075405
5.2908908E-07,0.077452
5.2913908E-07,0.079841
5.2918908E-07,0.082231
5.2923908E-07,0.084961
5.2928908E-07,0.087350
5.2933908E-07,0.090081
5.2938908E-07,0.092811
5.2943908E-07,0.095542
5.2948908E-07,0.097931
5.2953908E-07,0.100661
5.2958908E-07,0.103392
5.2963908E-07,0.106463
5.2968908E-07,0.109535
5.2973908E-07,0.112607
5.2978908E-07,0.116020
5.2983908E-07,0.119774
5.2988908E-07,0.123870
5.2993908E-07,0.128648
5.2998908E-07,0.133426
5.3003908E-07,0.138887
5.3008908E-07,0.144348
5.3013908E-07,0.150492
5.3018908E-07,0.156635
5.3023908E-07,0.163461
5.3028908E-07,0.169946
5.3033908E-07,0.176772
5.3038908E-07,0.183257
5.3043908E-07,0.189742
5.3048908E-07,0.196227
5.3053908E-07,0.202029
5.3058908E-07,0.207148
5.3063908E-07,0.211927
5.3068908E-07,0.216022
5.3073908E-07,0.219777
5.3078908E-07,0.222166
5.3083908E-07,0.224214
5.3088908E-07,0.225237
5.3093908E-07,0.225920
5.3098908E-07,0.225579
5.3103908E-07,0.224555
5.3108908E-07,0.223190
5.3113908E-07,0.221142
5.3118908E-07,0.218753
5.3123908E-07,0.216022
5.3128908E-07,0.212950
5.3133908E-07,0.209879
5.3138908E-07,0.206807
5.3143908E-07,0.203735
5.3148908E-07,0.200663
5.3153908E-07,0.197592
5.3158908E-07,0.194861
5.3163908E-07,0.192131
5.3168908E-07,0.189400
5.3173908E-07,0.187011
5.3178908E-07,0.184622
5.3183908E-07,0.182233
5.3188908E-07,0.179844
5.3193908E-07,0.177455
5.3198908E-07,0.175407
5.3203908E-07,0.173018
5.3208908E-07,0.170970
5.3213908E-07,0.168581
5.3218908E-07,0.166533
5.3223908E-07,0.164485
5.3228908E-07,0.162437
5.3233908E-07,0.160731
5.3238908E-07,0.159366
5.3243908E-07,0.158000
5.3248908E-07,0.157318
5.3253908E-07,0.156635
5.3258908E-07,0.156635
5.3263908E-07,0.156635
5.3268908E-07,0.157318
5.3273908E-07,0.158342
5.3278908E-07,0.159707
5.3283908E-07,0.161413
5.3288908E-07,0.163120
5.3293908E-07,0.165168
5.3298908E-07,0.166874
5.3303908E-07,0.168581
5.3308908E-07,0.170287
5.3313908E-07,0.171311
5.3318908E-07,0.171994
5.3323908E-07,0.172335
5.3328908E-07,0.171653
5.3333908E-07,0.170629
5.3338908E-07,0.168581
5.3343908E-07,0.166192
5.3348908E-07,0.162779
5.3353908E-07,0.158683
5.3358908E-07,0.153905
5.3363908E-07,0.148785
5.3368908E-07,0.142983
5.3373908E-07,0.137181
5.3378908E-07,0.130696
5.3383908E-07,0.124552
5.3388908E-07,0.118068
5.3393908E-07,0.111924
5.3398908E-07,0.106122
5.3403908E-07,0.100661
5.3408908E-07,0.095542
5.3413908E-07,0.091105
5.3418908E-07,0.087009
5.3423908E-07,0.083596
5.3428908E-07,0.080524
5.3433908E-07,0.078476
5.3438908E-07,0.076428
5.3443908E-07,0.075063
5.3448908E-07,0.074381
5.3453908E-07,0.073698
5.3458908E-07,0.073698
5.3463908E-07,0.073698
5.3468908E-07,0.074039
5.3473908E-07,0.074722
5.3478908E-07,0.075405
5.3483908E-07,0.076428
5.3488908E-07,0.077452
5.3493908E-07,0.078818
5.3498908E-07,0.080183
5.3503908E-07,0.081548
5.3508908E-07,0.083596
5.3513908E-07,0.085302
5.3518908E-07,0.087692
5.3523908E-07,0.090081
5.3528908E-07,0.092811
5.3533908E-07,0.095542
5.3538908E-07,0.098613
5.3543908E-07,0.101685
5.3548908E-07,0.104757
5.3553908E-07,0.108170
5.3558908E-07,0.111242
5.3563908E-07,0.114313
5.3568908E-07,0.117044
5.3573908E-07,0.119433
5.3578908E-07,0.121481
5.3583908E-07,0.122846
5.3588908E-07,0.124211
5.3593908E-07,0.124552
5.3598908E-07,0.124552
5.3603908E-07,0.123870
5.3608908E-07,0.122505
5.3613908E-07,0.120798
5.3618908E-07,0.118750
5.3623908E-07,0.116361
5.3628908E-07,0.113631
5.3633908E-07,0.110559
5.3638908E-07,0.107829
5.3643908E-07,0.105098
5.3648908E-07,0.102709
5.3653908E-07,0.100320
5.3658908E-07,0.098613
5.3663908E-07,0.097589
5.3668908E-07,0.096907
5.3673908E-07,0.096565
5.3678908E-07,0.097248
5.3683908E-07,0.098272
5.3688908E-07,0.099978
5.3693908E-07,0.102026
5.3698908E-07,0.104415
5.3703908E-07,0.107146
5.3708908E-07,0.110218
5.3713908E-07,0.112948
5.3718908E-07,0.116020
5.3723908E-07,0.118750
5.3728908E-07,0.121481
5.3733908E-07,0.123529
5.3738908E-07,0.125576
5.3743908E-07,0.127283
5.3748908E-07,0.128307
5.3753908E-07,0.128989
5.3758908E-07,0.129672
5.3763908E-07,0.129672
5.3768908E-07,0.129672
5.3773908E-07,0.129331
5.3778908E-07,0.128989
5.3783908E-07,0.128648
5.3788908E-07,0.128307
5.3793908E-07,0.128307
5.3798908E-07,0.128307
5.3803908E-07,0.128648
5.3808908E-07,0.128989
5.3813908E-07,0.130013
5.3818908E-07,0.131037
5.3823908E-07,0.132744
5.3828908E-07,0.134450
5.3833908E-07,0.136157
5.3838908E-07,0.138205
5.3843908E-07,0.140252
5.3848908E-07,0.142300
5.3853908E-07,0.144348
5.3858908E-07,0.146055
5.3863908E-07,0.147761
5.3868908E-07,0.149126
5.3873908E-07,0.150492
5.3878908E-07,0.151174
5.3883908E-07,0.151516
5.3888908E-07,0.151857
5.3893908E-07,0.151516
5.3898908E-07,0.151174
5.3903908E-07,0.150492
5.3908908E-07,0.149809
5.3913908E-07,0.148785
5.3918908E-07,0.147761
5.3923908E-07,0.146737
5.3928908E-07,0.145713
5.3933908E-07,0.145031
5.3938908E-07,0.144007
5.3943908E-07,0.143324
5.3948908E-07,0.142642
5.3953908E-07,0.142300
5.3958908E-07,0.141959
5.3963908E-07,0.141959
5.3968908E-07,0.141618
5.3973908E-07,0.141618
5.3978908E-07,0.141618
5.3983908E-07,0.141618
5.3988908E-07,0.141276
5.3993908E-07,0.141276
5.3998908E-07,0.140594
5.4003908E-07,0.140252
5.4008908E-07,0.139229
5.4013908E-07,0.138205
5.4018908E-07,0.137181
5.4023908E-07,0.135816
5.4028908E-07,0.134109
5.4033908E-07,0.132402
5.4038908E-07,0.130355
5.4043908E-07,0.128648
5.4048908E-07,0.126600
5.4053908E-07,0.124552
5.4058908E-07,0.122505
5.4063908E-07,0.120457
5.4068908E-07,0.118750
5.4073908E-07,0.117044
5.4078908E-07,0.115337
5.4083908E-07,0.113631
5.4088908E-07,0.112265
5.4093908E-07,0.110900
5.4098908E-07,0.109194
5.4103908E-07,0.107829
5.4108908E-07,0.106463
5.4113908E-07,0.104757
5.4118908E-07,0.102709
5.4123908E-07,0.100661
5.4128908E-07,0.098272
5.4133908E-07,0.095542
5.4138908E-07,0.092811
5.4143908E-07,0.089398
5.4148908E-07,0.085644
5.4153908E-07,0.081548
5.4158908E-07,0.077452
5.4163908E-07,0.073015
5.4168908E-07,0.068237
5.4173908E-07,0.063459
5.4178908E-07,0.058681
5.4183908E-07,0.053902
5.4188908E-07,0.049124
5.4193908E-07,0.044687
5.4198908E-07,0.040591
5.4203908E-07,0.036837
5.4208908E-07,0.033424
5.4213908E-07,0.030352
5.4218908E-07,0.027622
5.4223908E-07,0.025574
5.4228908E-07,0.023867
5.4233908E-07,0.022502
5.4238908E-07,0.021820
5.4243908E-07,0.021137
5.4248908E-07,0.021137
5.4253908E-07,0.021137
5.4258908E-07,0.021478
5.4263908E-07,0.022161
5.4268908E-07,0.023185
5.4273908E-07,0.024209
5.4278908E-07,0.025233
5.4283908E-07,0.026598
5.4288908E-07,0.027963
5.4293908E-07,0.029328
5.4298908E-07,0.031035
5.4303908E-07,0.032741
5.4308908E-07,0.034448
5.4313908E-07,0.036154
5.4318908E-07,0.037861
5.4323908E-07,0.039909
5.4328908E-07,0.041957
5.4333908E-07,0.044004
5.4338908E-07,0.046052
5.4343908E-07,0.048100
5.4348908E-07,0.049807
5.4353908E-07,0.051854
5.4358908E-07,0.053220
5.4363908E-07,0.054585
5.4368908E-07,0.055609
5.4373908E-07,0.056291
5.4378908E-07,0.056633
5.4383908E-07,0.056291
5.4388908E-07,0.055609
5.4393908E-07,0.054244
5.4398908E-07,0.052537
5.4403908E-07,0.050148
5.4408908E-07,0.047418
5.4413908E-07,0.044004
5.4418908E-07,0.040250
5.4423908E-07,0.036154
5.4428908E-07,0.031717
5.4433908E-07,0.026939
5.4438908E-07,0.022161
5.4443908E-07,0.017383
5.4448908E-07,0.012946
5.4453908E-07,0.008167
5.4458908E-07,0.003730
5.4463908E-07,-0.000365
5.4468908E-07,-0.004120
5.4473908E-07,-0.007874
5.4478908E-07,-0.010946
5.4483908E-07,-0.013676
5.4488908E-07,-0.016065
5.4493908E-07,-0.018113
5.4498908E-07,-0.019820
5.4503908E-07,-0.021185
5.4508908E-07,-0.022550
5.4513908E-07,-0.023574
5.4518908E-07,-0.024598
5.4523908E-07,-0.025622
5.4528908E-07,-0.026646
5.4533908E-07,-0.027670
5.4538908E-07,-0.028694
5.4543908E-07,-0.029717
5.4548908E-07,-0.031083
5.4553908E-07,-0.032107
5.4558908E-07,-0.033472
5.4563908E-07,-0.034837
5.4568908E-07,-0.035861
5.4573908E-07,-0.037226
5.4578908E-07,-0.037909
5.4583908E-07,-0.038591
5.4588908E-07,-0.039274
5.4593908E-07,-0.039274
5.4598908E-07,-0.038933
5.4603908E-07,-0.038250
5.4608908E-07,-0.037226
5.4613908E-07,-0.035861
5.4618908E-07,-0.034154
5.4623908E-07,-0.031765
5.4628908E-07,-0.029035
5.4633908E-07,-0.026304
5.4638908E-07,-0.022891
5.4643908E-07,-0.019820
5.4648908E-07,-0.016065
5.4653908E-07,-0.012652
5.4658908E-07,-0.008898
5.4663908E-07,-0.005485
5.4668908E-07,-0.002072
5.4673908E-07,0.001341
5.4678908E-07,0.004413
5.4683908E-07,0.007485
5.4688908E-07,0.010215
5.4693908E-07,0.012946
5.4698908E-07,0.015335
5.4703908E-07,0.017724
5.4708908E-07,0.020113
5.4713908E-07,0.022161
5.4718908E-07,0.024550
5.4723908E-07,0.026598
5.4728908E-07,0.028646
5.4733908E-07,0.030694
5.4738908E-07,0.032741
5.4743908E-07,0.034789
5.4748908E-07,0.037178
5.4753908E-07,0.038885
5.4758908E-07,0.040933
5.4763908E-07,0.042639
5.4768908E-07,0.044346
5.4773908E-07,0.045711
5.4778908E-07,0.047076
5.4783908E-07,0.048100
5.4788908E-07,0.048783
5.4793908E-07,0.049124
5.4798908E-07,0.049124
5.4803908E-07,0.049124
5.4808908E-07,0.048783
5.4813908E-07,0.048100
5.4818908E-07,0.047418
5.4823908E-07,0.046394
5.4828908E-07,0.045711
5.4833908E-07,0.045028
5.4838908E-07,0.044687
5.4843908E-07,0.044346
5.4848908E-07,0.044346
5.4853908E-07,0.045028
5.4858908E-07,0.046052
5.4863908E-07,0.047759
5.4868908E-07,0.049807
5.4873908E-07,0.052537
5.4878908E-07,0.055609
5.4883908E-07,0.059363
5.4888908E-07,0.063800
5.4893908E-07,0.068237
5.4898908E-07,0.073357
5.4903908E-07,0.078135
5.4908908E-07,0.083596
5.4913908E-07,0.088715
5.4918908E-07,0.093494
5.4923908E-07,0.098272
5.4928908E-07,0.102709
5.4933908E-07,0.106463
5.4938908E-07,0.109535
5.4943908E-07,0.112265
5.4948908E-07,0.114313
5.4953908E-07,0.115679
5.4958908E-07,0.116361
5.4963908E-07,0.116361
5.4968908E-07,0.115679
5.4973908E-07,0.114313
5.4978908E-07,0.112607
5.4983908E-07,0.110218
5.4988908E-07,0.107487
5.4993908E-07,0.104415
5.4998908E-07,0.101344
5.5003908E-07,0.098272
5.5008908E-07,0.094859
5.5013908E-07,0.091446
5.5018908E-07,0.088374
5.5023908E-07,0.085302
5.5028908E-07,0.082231
5.5033908E-07,0.079500
5.5038908E-07,0.076770
5.5043908E-07,0.074722
5.5048908E-07,0.072333
5.5053908E-07,0.070285
5.5058908E-07,0.068578
5.5063908E-07,0.066872
5.5068908E-07,0.065507
5.5073908E-07,0.063800
5.5078908E-07,0.062435
5.5083908E-07,0.061411
5.5088908E-07,0.060046
5.5093908E-07,0.059022
5.5098908E-07,0.057998
5.5103908E-07,0.056974
5.5108908E-07,0.056291
5.5113908E-07,0.055609
5.5118908E-07,0.054926
5.5123908E-07,0.054585
5.5128908E-07,0.054244
5.5133908E-07,0.054244
5.5138908E-07,0.054244
5.5143908E-07,0.054585
5.5148908E-07,0.054926
5.5153908E-07,0.055609
5.5158908E-07,0.056291
5.5163908E-07,0.056974
5.5168908E-07,0.057657
5.5173908E-07,0.058339
5.5178908E-07,0.058681
5.5183908E-07,0.059363
5.5188908E-07,0.059704
5.5193908E-07,0.059704
5.5198908E-07,0.059704
5.5203908E-07,0.059363
5.5208908E-07,0.059022
5.5213908E-07,0.058339
5.5218908E-07,0.057657
5.5223908E-07,0.056974
5.5228908E-07,0.055950
5.5233908E-07,0.054926
5.5238908E-07,0.053902
5.5243908E-07,0.053220
5.5248908E-07,0.052537
5.5253908E-07,0.052196
5.5258908E-07,0.051854
5.5263908E-07,0.051854
5.5268908E-07,0.052196
5.5273908E-07,0.052878
5.5278908E-07,0.053902
5.5283908E-07,0.055268
5.5288908E-07,0.056974
5.5293908E-07,0.058681
5.5298908E-07,0.060387
5.5303908E-07,0.062435
5.5308908E-07,0.064483
5.5313908E-07,0.066531
5.5318908E-07,0.068578
5.5323908E-07,0.070285
5.5328908E-07,0.071991
5.5333908E-07,0.073357
5.5338908E-07,0.074381
5.5343908E-07,0.075063
5.5348908E-07,0.075405
5.5353908E-07,0.075746
5.5358908E-07,0.075746
5.5363908E-07,0.075405
5.5368908E-07,0.075063
5.5373908E-07,0.074381
5.5378908E-07,0.073698
5.5383908E-07,0.073357
5.5388908E-07,0.072674
5.5393908E-07,0.072333
5.5398908E-07,0.071991
5.5403908E-07,0.071991
5.5408908E-07,0.072333
5.5413908E-07,0.072674
5.5418908E-07,0.073357
5.5423908E-07,0.074381
5.5428908E-07,0.075746
5.5433908E-07,0.077111
5.5438908E-07,0.078818
5.5443908E-07,0.080524
5.5448908E-07,0.082231
5.5453908E-07,0.083937
5.5458908E-07,0.085644
5.5463908E-07,0.087009
5.5468908E-07,0.088374
5.5473908E-07,0.089739
5.5478908E-07,0.090422
5.5483908E-07,0.091105
5.5488908E-07,0.091446
5.5493908E-07,0.091446
5.5498908E-07,0.091105
5.5503908E-07,0.090081
5.5508908E-07,0.089057
5.5513908E-07,0.087692
5.5518908E-07,0.085985
5.5523908E-07,0.083937
5.5528908E-07,0.081889
5.5533908E-07,0.079500
5.5538908E-07,0.076770
5.5543908E-07,0.074039
5.5548908E-07,0.070968
5.5553908E-07,0.067896
5.5558908E-07,0.064824
5.5563908E-07,0.061411
5.5568908E-07,0.057998
5.5573908E-07,0.054926
5.5578908E-07,0.051172
5.5583908E-07,0.047759
5.5588908E-07,0.044346
5.5593908E-07,0.040591
5.5598908E-07,0.036837
5.5603908E-07,0.033424
5.5608908E-07,0.029670
5.5613908E-07,0.026257
5.5618908E-07,0.022502
5.5623908E-07,0.019089
5.5628908E-07,0.015676
5.5633908E-07,0.012263
5.5638908E-07,0.009191
5.5643908E-07,0.006120
5.5648908E-07,0.003389
5.5653908E-07,0.000659
5.5658908E-07,-0.001730
5.5663908E-07,-0.003778
5.5668908E-07,-0.005485
5.5673908E-07,-0.006850
5.5678908E-07,-0.007874
5.5683908E-07,-0.008898
5.5688908E-07,-0.009239
5.5693908E-07,-0.009239
5.5698908E-07,-0.009239
5.5703908E-07,-0.008557
5.5708908E-07,-0.007533
5.5713908E-07,-0.006509
5.5718908E-07,-0.004802
5.5723908E-07,-0.003096
5.5728908E-07,-0.001048
5.5733908E-07,0.001341
5.5738908E-07,0.004072
5.5743908E-07,0.007144
5.5748908E-07,0.010557
5.5753908E-07,0.013970
5.5758908E-07,0.017724
5.5763908E-07,0.021820
5.5768908E-07,0.026257
5.5773908E-07,0.031035
5.5778908E-07,0.035813
5.5783908E-07,0.040933
5.5788908E-07,0.046394
5.5793908E-07,0.051854
5.5798908E-07,0.057657
5.5803908E-07,0.063459
5.5808908E-07,0.069261
5.5813908E-07,0.075063
5.5818908E-07,0.080865
5.5823908E-07,0.086668
5.5828908E-07,0.092128
5.5833908E-07,0.097248
5.5838908E-07,0.102368
5.5843908E-07,0.106805
5.5848908E-07,0.111242
5.5853908E-07,0.114996
5.5858908E-07,0.118409
5.5863908E-07,0.121139
5.5868908E-07,0.123187
5.5873908E-07,0.124894
5.5878908E-07,0.126259
5.5883908E-07,0.126942
5.5888908E-07,0.126942
5.5893908E-07,0.126942
5.5898908E-07,0.126259
5.5903908E-07,0.125576
5.5908908E-07,0.124211
5.5913908E-07,0.123187
5.5918908E-07,0.121822
5.5923908E-07,0.120457
5.5928908E-07,0.119092
5.5933908E-07,0.118068
5.5938908E-07,0.117044
5.5943908E-07,0.116361
5.5948908E-07,0.115679
5.5953908E-07,0.115679
5.5958908E-07,0.115679
5.5963908E-07,0.115679
5.5968908E-07,0.116020
5.5973908E-07,0.116702
5.5978908E-07,0.117385
5.5983908E-07,0.118068
5.5988908E-07,0.118750
5.5993908E-07,0.119433
5.5998908E-07,0.119774
5.6003908E-07,0.120115
5.6008908E-07,0.120457
5.6013908E-07,0.120457
5.6018908E-07,0.120457
5.6023908E-07,0.120115
5.6028908E-07,0.119433
5.6033908E-07,0.118750
5.6038908E-07,0.117726
5.6043908E-07,0.117044
5.6048908E-07,0.116020
5.6053908E-07,0.115337
5.6058908E-07,0.114655
5.6063908E-07,0.113972
5.6068908E-07,0.113972
5.6073908E-07,0.113972
5.6078908E-07,0.114313
5.6083908E-07,0.115337
5.6088908E-07,0.116361
5.6093908E-07,0.118068
5.6098908E-07,0.120115
5.6103908E-07,0.122163
5.6108908E-07,0.124894
5.6113908E-07,0.127624
5.6118908E-07,0.130696
5.6123908E-07,0.133768
5.6128908E-07,0.136839
5.6133908E-07,0.139911
5.6138908E-07,0.142983
5.6143908E-07,0.145713
5.6148908E-07,0.148103
5.6153908E-07,0.150492
5.6158908E-07,0.152198
5.6163908E-07,0.153905
5.6168908E-07,0.154929
5.6173908E-07,0.155611
5.6178908E-07,0.155953
5.6183908E-07,0.155953
5.6188908E-07,0.155611
5.6193908E-07,0.155270
5.6198908E-07,0.154246
5.6203908E-07,0.153222
5.6208908E-07,0.151857
5.6213908E-07,0.150492
5.6218908E-07,0.148785
5.6223908E-07,0.146737
5.6228908E-07,0.144689
5.6233908E-07,0.142642
5.6238908E-07,0.140252
5.6243908E-07,0.137522
5.6248908E-07,0.134792
5.6253908E-07,0.131379
5.6258908E-07,0.128307
5.6263908E-07,0.124552
5.6268908E-07,0.120457
5.6273908E-07,0.116020
5.6278908E-07,0.111583
5.6283908E-07,0.106463
5.6288908E-07,0.101344
5.6293908E-07,0.095883
5.6298908E-07,0.090422
5.6303908E-07,0.084620
5.6308908E-07,0.078818
5.6313908E-07,0.073015
5.6318908E-07,0.067213
5.6323908E-07,0.061411
5.6328908E-07,0.055950
5.6333908E-07,0.050489
5.6338908E-07,0.045370
5.6343908E-07,0.040933
5.6348908E-07,0.036496
5.6353908E-07,0.032741
5.6358908E-07,0.029328
5.6363908E-07,0.026598
5.6368908E-07,0.023867
5.6373908E-07,0.021820
5.6378908E-07,0.020113
5.6383908E-07,0.019089
5.6388908E-07,0.018065
5.6393908E-07,0.017724
5.6398908E-07,0.017383
5.6403908E-07,0.017383
5.6408908E-07,0.017724
5.6413908E-07,0.018407
5.6418908E-07,0.019089
5.6423908E-07,0.020113
5.6428908E-07,0.021137
5.6433908E-07,0.022161
5.6438908E-07,0.023526
5.6443908E-07,0.025233
5.6448908E-07,0.026598
5.6453908E-07,0.028304
5.6458908E-07,0.030011
5.6463908E-07,0.031717
5.6468908E-07,0.033424
5.6473908E-07,0.035131
5.6478908E-07,0.036837
5.6483908E-07,0.038202
5.6488908E-07,0.039567
5.6493908E-07,0.040933
5.6498908E-07,0.041957
5.6503908E-07,0.042639
5.6508908E-07,0.042981
5.6513908E-07,0.043322
5.6518908E-07,0.042981
5.6523908E-07,0.042298
5.6528908E-07,0.041274
5.6533908E-07,0.039567
5.6538908E-07,0.037861
5.6543908E-07,0.035472
5.6548908E-07,0.033083
5.6553908E-07,0.030352
5.6558908E-07,0.027281
5.6563908E-07,0.023867
5.6568908E-07,0.020796
5.6573908E-07,0.017724
5.6578908E-07,0.014311
5.6583908E-07,0.011580
5.6588908E-07,0.008850
5.6593908E-07,0.006802
5.6598908E-07,0.005096
5.6603908E-07,0.003730
5.6608908E-07,0.003048
5.6613908E-07,0.003048
5.6618908E-07,0.003730
5.6623908E-07,0.004754
5.6628908E-07,0.006802
5.6633908E-07,0.009191
5.6638908E-07,0.011922
5.6643908E-07,0.015335
5.6648908E-07,0.019089
5.6653908E-07,0.023185
5.6658908E-07,0.027281
5.6663908E-07,0.031717
5.6668908E-07,0.035813
5.6673908E-07,0.039909
5.6678908E-07,0.044004
5.6683908E-07,0.047418
5.6688908E-07,0.050831
5.6693908E-07,0.053561
5.6698908E-07,0.055609
5.6703908E-07,0.057657
5.6708908E-07,0.059022
5.6713908E-07,0.059704
5.6718908E-07,0.060387
5.6723908E-07,0.060387
5.6728908E-07,0.060387
5.6733908E-07,0.060046
5.6738908E-07,0.059363
5.6743908E-07,0.058681
5.6748908E-07,0.057998
5.6753908E-07,0.057315
5.6758908E-07,0.056633
5.6763908E-07,0.056291
5.6768908E-07,0.055609
5.6773908E-07,0.055609
5.6778908E-07,0.055268
5.6783908E-07,0.055268
5.6788908E-07,0.055609
5.6793908E-07,0.055609
5.6798908E-07,0.055950
5.6803908E-07,0.055950
5.6808908E-07,0.056291
5.6813908E-07,0.056291
5.6818908E-07,0.056291
5.6823908E-07,0.055950
5.6828908E-07,0.055950
5.6833908E-07,0.055609
5.6838908E-07,0.054926
5.6843908E-07,0.054585
5.6848908E-07,0.053902
5.6853908E-07,0.053561
5.6858908E-07,0.053220
5.6863908E-07,0.052878
5.6868908E-07,0.052537
5.6873908E-07,0.052537
5.6878908E-07,0.052878
5.6883908E-07,0.053561
5.6888908E-07,0.054244
5.6893908E-07,0.055268
5.6898908E-07,0.056291
5.6903908E-07,0.057657
5.6908908E-07,0.059022
5.6913908E-07,0.060387
5.6918908E-07,0.061752
5.6923908E-07,0.063118
5.6928908E-07,0.064141
5.6933908E-07,0.064824
5.6938908E-07,0.065165
5.6943908E-07,0.065165
5.6948908E-07,0.064824
5.6953908E-07,0.063800
5.6958908E-07,0.062094
5.6963908E-07,0.060046
5.6968908E-07,0.057657
5.6973908E-07,0.054585
5.6978908E-07,0.051172
5.6983908E-07,0.047418
5.6988908E-07,0.043663
5.6993908E-07,0.039226
5.6998908E-07,0.035131
5.7003908E-07,0.030694
5.7008908E-07,0.026257
5.7013908E-07,0.022161
5.7018908E-07,0.017724
5.7023908E-07,0.013970
5.7028908E-07,0.010215
5.7033908E-07,0.006802
5.7038908E-07,0.003730
5.7043908E-07,0.000659
5.7048908E-07,-0.001730
5.7053908E-07,-0.004120
5.7058908E-07,-0.006167
5.7063908E-07,-0.008215
5.7068908E-07,-0.009580
5.7073908E-07,-0.010946
5.7078908E-07,-0.011970
5.7083908E-07,-0.012993
5.7088908E-07,-0.013676
5.7093908E-07,-0.013676
5.7098908E-07,-0.013676
5.7103908E-07,-0.013335
5.7108908E-07,-0.012311
5.7113908E-07,-0.011287
5.7118908E-07,-0.009239
5.7123908E-07,-0.007191
5.7128908E-07,-0.004461
5.7133908E-07,-0.001048
5.7138908E-07,0.002707
5.7143908E-07,0.007144
5.7148908E-07,0.011922
5.7153908E-07,0.017041
5.7158908E-07,0.022844
5.7163908E-07,0.028646
5.7168908E-07,0.034789
5.7173908E-07,0.040933
5.7178908E-07,0.047076
5.7183908E-07,0.053220
5.7188908E-07,0.059022
5.7193908E-07,0.064483
5.7198908E-07,0.069261
5.7203908E-07,0.074039
5.7208908E-07,0.077794
5.7213908E-07,0.081207
5.7218908E-07,0.083596
5.7223908E-07,0.085302
5.7228908E-07,0.086668
5.7233908E-07,0.087009
5.7238908E-07,0.086668
5.7243908E-07,0.085985
5.7248908E-07,0.084620
5.7253908E-07,0.082572
5.7258908E-07,0.080524
5.7263908E-07,0.078135
5.7268908E-07,0.075405
5.7273908E-07,0.072674
5.7278908E-07,0.070285
5.7283908E-07,0.067555
5.7288908E-07,0.065165
5.7293908E-07,0.063118
5.7298908E-07,0.061411
5.7303908E-07,0.059704
5.7308908E-07,0.058681
5.7313908E-07,0.057657
5.7318908E-07,0.057315
5.7323908E-07,0.056974
5.7328908E-07,0.056974
5.7333908E-07,0.056974
5.7338908E-07,0.057315
5.7343908E-07,0.057657
5.7348908E-07,0.057998
5.7353908E-07,0.058339
5.7358908E-07,0.058681
5.7363908E-07,0.059022
5.7368908E-07,0.059363
5.7373908E-07,0.059363
5.7378908E-07,0.059363
5.7383908E-07,0.059363
5.7388908E-07,0.059363
5.7393908E-07,0.059363
5.7398908E-07,0.059363
5.7403908E-07,0.059363
5.7408908E-07,0.059704
5.7413908E-07,0.060046
5.7418908E-07,0.060728
5.7423908E-07,0.061752
5.7428908E-07,0.063118
5.7433908E-07,0.064483
5.7438908E-07,0.066189
5.7443908E-07,0.068237
5.7448908E-07,0.070626
5.7453908E-07,0.073015
5.7458908E-07,0.075405
5.7463908E-07,0.077794
5.7468908E-07,0.080183
5.7473908E-07,0.082572
5.7478908E-07,0.084620
5.7483908E-07,0.086668
5.7488908E-07,0.088033
5.7493908E-07,0.089057
5.7498908E-07,0.089739
5.7503908E-07,0.090081
5.7508908E-07,0.089739
5.7513908E-07,0.089057
5.7518908E-07,0.087692
5.7523908E-07,0.086326
5.7528908E-07,0.084278
5.7533908E-07,0.081889
5.7538908E-07,0.079500
5.7543908E-07,0.076770
5.7548908E-07,0.074039
5.7553908E-07,0.070968
5.7558908E-07,0.068237
5.7563908E-07,0.065507
5.7568908E-07,0.062776
5.7573908E-07,0.060046
5.7578908E-07,0.057657
5.7583908E-07,0.055609
5.7588908E-07,0.053220
5.7593908E-07,0.051172
5.7598908E-07,0.049124
5.7603908E-07,0.047418
5.7608908E-07,0.045370
5.7613908E-07,0.043663
5.7618908E-07,0.041615
5.7623908E-07,0.039909
5.7628908E-07,0.037861
5.7633908E-07,0.035813
5.7638908E-07,0.033765
5.7643908E-07,0.031717
5.7648908E-07,0.030011
5.7653908E-07,0.027963
5.7658908E-07,0.026257
5.7663908E-07,0.024550
5.7668908E-07,0.023185
5.7673908E-07,0.021820
5.7678908E-07,0.020796
5.7683908E-07,0.020113
5.7688908E-07,0.019772
5.7693908E-07,0.019430
5.7698908E-07,0.019430
5.7703908E-07,0.019772
5.7708908E-07,0.020113
5.7713908E-07,0.020796
5.7718908E-07,0.021478
5.7723908E-07,0.022161
5.7728908E-07,0.022502
5.7733908E-07,0.023185
5.7738908E-07,0.023526
5.7743908E-07,0.023526
5.7748908E-07,0.023526
5.7753908E-07,0.023185
5.7758908E-07,0.022844
5.7763908E-07,0.021820
5.7768908E-07,0.020796
5.7773908E-07,0.019772
5.7778908E-07,0.018407
5.7783908E-07,0.017041
5.7788908E-07,0.015335
5.7793908E-07,0.013970
5.7798908E-07,0.012604
5.7803908E-07,0.011239
5.7808908E-07,0.010215
5.7813908E-07,0.009191
5.7818908E-07,0.008509
5.7823908E-07,0.007826
5.7828908E-07,0.007485
5.7833908E-07,0.007144
5.7838908E-07,0.007485
5.7843908E-07,0.007485
5.7848908E-07,0.007826
5.7853908E-07,0.008509
5.7858908E-07,0.008850
5.7863908E-07,0.009533
5.7868908E-07,0.009874
5.7873908E-07,0.010557
5.7878908E-07,0.011239
5.7883908E-07,0.011580
5.7888908E-07,0.012263
5.7893908E-07,0.012604
5.7898908E-07,0.012946
5.7903908E-07,0.013287
5.7908908E-07,0.013628
5.7913908E-07,0.013970
5.7918908E-07,0.014311
5.7923908E-07,0.014652
5.7928908E-07,0.014994
5.7933908E-07,0.015676
5.7938908E-07,0.016359
5.7943908E-07,0.017041
5.7948908E-07,0.018065
5.7953908E-07,0.019089
5.7958908E-07,0.020113
5.7963908E-07,0.021478
5.7968908E-07,0.022844
5.7973908E-07,0.024550
5.7978908E-07,0.025915
5.7983908E-07,0.027622
5.7988908E-07,0.029670
5.7993908E-07,0.031376
5.7998908E-07,0.033083
5.8003908E-07,0.034789
5.8008908E-07,0.036496
5.8013908E-07,0.038202
5.8018908E-07,0.039567
5.8023908E-07,0.040591
5.8028908E-07,0.041615
5.8033908E-07,0.042298
5.8038908E-07,0.042981
5.8043908E-07,0.042981
5.8048908E-07,0.042639
5.8053908E-07,0.041957
5.8058908E-07,0.041274
5.8063908E-07,0.039909
5.8068908E-07,0.037861
5.8073908E-07,0.035813
5.8078908E-07,0.033424
5.8083908E-07,0.030694
5.8088908E-07,0.027622
5.8093908E-07,0.024550
5.8098908E-07,0.021478
5.8103908E-07,0.018065
5.8108908E-07,0.014652
5.8113908E-07,0.011239
5.8118908E-07,0.008167
5.8123908E-07,0.005437
5.8128908E-07,0.002707
5.8133908E-07,0.000317
5.8138908E-07,-0.001389
5.8143908E-07,-0.003096
5.8148908E-07,-0.004120
5.8153908E-07,-0.004802
5.8158908E-07,-0.004802
5.8163908E-07,-0.004461
5.8168908E-07,-0.003778
5.8173908E-07,-0.002754
5.8178908E-07,-0.001048
5.8183908E-07,0.001000
5.8188908E-07,0.003048
5.8193908E-07,0.005437
5.8198908E-07,0.008167
5.8203908E-07,0.011239
5.8208908E-07,0.013970
5.8213908E-07,0.017041
5.8218908E-07,0.020113
5.8223908E-07,0.022844
5.8228908E-07,0.025574
5.8233908E-07,0.028304
5.8238908E-07,0.030694
5.8243908E-07,0.032741
5.8248908E-07,0.034789
5.8253908E-07,0.036154
5.8258908E-07,0.037178
5.8263908E-07,0.038202
5.8268908E-07,0.038544
5.8273908E-07,0.038885
5.8278908E-07,0.038544
5.8283908E-07,0.037861
5.8288908E-07,0.036837
5.8293908E-07,0.035813
5.8298908E-07,0.034448
5.8303908E-07,0.032741
5.8308908E-07,0.031035
5.8313908E-07,0.029328
5.8318908E-07,0.027281
5.8323908E-07,0.025574
5.8328908E-07,0.023867
5.8333908E-07,0.022502
5.8338908E-07,0.021137
5.8343908E-07,0.020113
5.8348908E-07,0.019089
5.8353908E-07,0.018748
5.8358908E-07,0.018407
5.8363908E-07,0.018407
5.8368908E-07,0.018407
5.8373908E-07,0.018748
5.8378908E-07,0.019430
5.8383908E-07,0.020113
5.8388908E-07,0.021137
5.8393908E-07,0.021820
5.8398908E-07,0.022844
5.8403908E-07,0.023526
5.8408908E-07,0.024209
5.8413908E-07,0.024891
5.8418908E-07,0.025233
5.8423908E-07,0.025574
5.8428908E-07,0.025574
5.8433908E-07,0.025233
5.8438908E-07,0.025233
5.8443908E-07,0.024891
5.8448908E-07,0.024550
5.8453908E-07,0.023867
5.8458908E-07,0.023526
5.8463908E-07,0.023185
5.8468908E-07,0.022844
5.8473908E-07,0.022502
5.8478908E-07,0.022502
5.8483908E-07,0.022502
5.8488908E-07,0.022502
5.8493908E-07,0.022844
5.8498908E-07,0.023185
5.8503908E-07,0.023526
5.8508908E-07,0.023526
5.8513908E-07,0.023526
5.8518908E-07,0.023526
5.8523908E-07,0.023185
5.8528908E-07,0.022502
5.8533908E-07,0.021478
5.8538908E-07,0.020113
5.8543908E-07,0.018065
5.8548908E-07,0.015676
5.8553908E-07,0.012604
5.8558908E-07,0.009191
5.8563908E-07,0.005096
5.8568908E-07,0.000659
5.8573908E-07,-0.004120
5.8578908E-07,-0.009239
5.8583908E-07,-0.014700
5.8588908E-07,-0.020161
5.8593908E-07,-0.025963
5.8598908E-07,-0.031424
5.8603908E-07,-0.036885
5.8608908E-07,-0.042004
5.8613908E-07,-0.047124
5.8618908E-07,-0.051561
5.8623908E-07,-0.055315
5.8628908E-07,-0.058728
5.8633908E-07,-0.061459
5.8638908E-07,-0.063507
5.8643908E-07,-0.064872
5.8648908E-07,-0.065896
5.8653908E-07,-0.065896
5.8658908E-07,-0.065213
5.8663908E-07,-0.063848
5.8668908E-07,-0.062141
5.8673908E-07,-0.059752
5.8678908E-07,-0.056681
5.8683908E-07,-0.053267
5.8688908E-07,-0.049513
5.8693908E-07,-0.045076
5.8698908E-07,-0.040639
5.8703908E-07,-0.035861
5.8708908E-07,-0.030741
5.8713908E-07,-0.025622
5.8718908E-07,-0.020502
5.8723908E-07,-0.015041
5.8728908E-07,-0.009922
5.8733908E-07,-0.004461
5.8738908E-07,0.000659
5.8743908E-07,0.005778
5.8748908E-07,0.010557
5.8753908E-07,0.015335
5.8758908E-07,0.019772
5.8763908E-07,0.023867
5.8768908E-07,0.027963
5.8773908E-07,0.031717
5.8778908E-07,0.035131
5.8783908E-07,0.038202
5.8788908E-07,0.040933
5.8793908E-07,0.043663
5.8798908E-07,0.045711
5.8803908E-07,0.047759
5.8808908E-07,0.049465
5.8813908E-07,0.051172
5.8818908E-07,0.052196
5.8823908E-07,0.053220
5.8828908E-07,0.053902
5.8833908E-07,0.054585
5.8838908E-07,0.055268
5.8843908E-07,0.055609
5.8848908E-07,0.055950
5.8853908E-07,0.055950
5.8858908E-07,0.056291
5.8863908E-07,0.056291
5.8868908E-07,0.056633
5.8873908E-07,0.056633
5.8878908E-07,0.056974
5.8883908E-07,0.057315
5.8888908E-07,0.057657
5.8893908E-07,0.058339
5.8898908E-07,0.059022
5.8903908E-07,0.059704
5.8908908E-07,0.060387
5.8913908E-07,0.061070
5.8918908E-07,0.062094
5.8923908E-07,0.063118
5.8928908E-07,0.063800
5.8933908E-07,0.064824
5.8938908E-07,0.065507
5.8943908E-07,0.066189
5.8948908E-07,0.066531
5.8953908E-07,0.066872
5.8958908E-07,0.066872
5.8963908E-07,0.066872
5.8968908E-07,0.066531
5.8973908E-07,0.066189
5.8978908E-07,0.065165
5.8983908E-07,0.064483
5.8988908E-07,0.063118
5.8993908E-07,0.062094
5.8998908E-07,0.060728
5.9003908E-07,0.059363
5.9008908E-07,0.057998
5.9013908E-07,0.056974
5.9018908E-07,0.055609
5.9023908E-07,0.054926
5.9028908E-07,0.054244
5.9033908E-07,0.053561
5.9038908E-07,0.053220
5.9043908E-07,0.053220
5.9048908E-07,0.053561
5.9053908E-07,0.053902
5.9058908E-07,0.054244
5.9063908E-07,0.054926
5.9068908E-07,0.055268
5.9073908E-07,0.055950
5.9078908E-07,0.056291
5.9083908E-07,0.056633
5.9088908E-07,0.056633
5.9093908E-07,0.056291
5.9098908E-07,0.055609
5.9103908E-07,0.054244
5.9108908E-07,0.052537
5.9113908E-07,0.050489
5.9118908E-07,0.047759
5.9123908E-07,0.044687
5.9128908E-07,0.041274
5.9133908E-07,0.037520
5.9138908E-07,0.033083
5.9143908E-07,0.028304
5.9148908E-07,0.023185
5.9153908E-07,0.018065
5.9158908E-07,0.012604
5.9163908E-07,0.007144
5.9168908E-07,0.001683
5.9173908E-07,-0.004120
5.9178908E-07,-0.009922
5.9183908E-07,-0.015724
5.9188908E-07,-0.021867
5.9193908E-07,-0.027670
5.9198908E-07,-0.033472
5.9203908E-07,-0.039274
5.9208908E-07,-0.045417
5.9213908E-07,-0.051220
5.9218908E-07,-0.057022
5.9223908E-07,-0.062824
5.9228908E-07,-0.068626
5.9233908E-07,-0.074428
5.9238908E-07,-0.079889
5.9243908E-07,-0.085350
5.9248908E-07,-0.090470
5.9253908E-07,-0.095248
5.9258908E-07,-0.099685
5.9263908E-07,-0.103439
5.9268908E-07,-0.106852
5.9273908E-07,-0.109583
5.9278908E-07,-0.111289
5.9283908E-07,-0.112655
5.9288908E-07,-0.112996
5.9293908E-07,-0.112655
5.9298908E-07,-0.111631
5.9303908E-07,-0.109583
5.9308908E-07,-0.106852
5.9313908E-07,-0.103439
5.9318908E-07,-0.099344
5.9323908E-07,-0.094907
5.9328908E-07,-0.089787
5.9333908E-07,-0.083985
5.9338908E-07,-0.078524
5.9343908E-07,-0.072381
5.9348908E-07,-0.066578
5.9353908E-07,-0.060776
5.9358908E-07,-0.054974
5.9363908E-07,-0.049513
5.9368908E-07,-0.044394
5.9373908E-07,-0.039957
5.9378908E-07,-0.035861
5.9383908E-07,-0.032107
5.9388908E-07,-0.029035
5.9393908E-07,-0.026304
5.9398908E-07,-0.024257
5.9403908E-07,-0.022891
5.9408908E-07,-0.021867
5.9413908E-07,-0.021185
5.9418908E-07,-0.020844
5.9423908E-07,-0.021185
5.9428908E-07,-0.021526
5.9433908E-07,-0.022209
5.9438908E-07,-0.022891
5.9443908E-07,-0.023574
5.9448908E-07,-0.024598
5.9453908E-07,-0.025622
5.9458908E-07,-0.026646
5.9463908E-07,-0.027328
5.9468908E-07,-0.028352
5.9473908E-07,-0.029035
5.9478908E-07,-0.029717
5.9483908E-07,-0.030059
5.9488908E-07,-0.030741
5.9493908E-07,-0.030741
5.9498908E-07,-0.031083
5.9503908E-07,-0.031083
5.9508908E-07,-0.031083
5.9513908E-07,-0.031083
5.9518908E-07,-0.030741
5.9523908E-07,-0.030400
5.9528908E-07,-0.029717
5.9533908E-07,-0.029035
5.9538908E-07,-0.028011
5.9543908E-07,-0.026987
5.9548908E-07,-0.025622
5.9553908E-07,-0.023915
5.9558908E-07,-0.021867
5.9563908E-07,-0.019478
5.9568908E-07,-0.016748
5.9573908E-07,-0.014017
5.9578908E-07,-0.010604
5.9583908E-07,-0.007191
5.9588908E-07,-0.003096
5.9593908E-07,0.001000
5.9598908E-07,0.005437
5.9603908E-07,0.010215
5.9608908E-07,0.014994
5.9613908E-07,0.019772
5.9618908E-07,0.024209
5.9623908E-07,0.028987
5.9628908E-07,0.033424
5.9633908E-07,0.037861
5.9638908E-07,0.041615
5.9643908E-07,0.045028
5.9648908E-07,0.048100
5.9653908E-07,0.050489
5.9658908E-07,0.052537
5.9663908E-07,0.053902
5.9668908E-07,0.054585
5.9673908E-07,0.054926
5.9678908E-07,0.054585
5.9683908E-07,0.053561
5.9688908E-07,0.052196
5.9693908E-07,0.050489
5.9698908E-07,0.048100
5.9703908E-07,0.045370
5.9708908E-07,0.042639
5.9713908E-07,0.039567
5.9718908E-07,0.036154
5.9723908E-07,0.033083
5.9728908E-07,0.029670
5.9733908E-07,0.026598
5.9738908E-07,0.023185
5.9743908E-07,0.020113
5.9748908E-07,0.017383
5.9753908E-07,0.014652
5.9758908E-07,0.012263
5.9763908E-07,0.010215
5.9768908E-07,0.008167
5.9773908E-07,0.006461
5.9778908E-07,0.005096
5.9783908E-07,0.004072
5.9788908E-07,0.003048
5.9793908E-07,0.002707
5.9798908E-07,0.002365
5.9803908E-07,0.002365
5.9808908E-07,0.002707
5.9813908E-07,0.003389
5.9818908E-07,0.004413
5.9823908E-07,0.005437
5.9828908E-07,0.006802
5.9833908E-07,0.008509
5.9838908E-07,0.010215
5.9843908E-07,0.012263
5.9848908E-07,0.014311
5.9853908E-07,0.016700
5.9858908E-07,0.018748
5.9863908E-07,0.020796
5.9868908E-07,0.022844
5.9873908E-07,0.024891
5.9878908E-07,0.026598
5.9883908E-07,0.028304
5.9888908E-07,0.029670
5.9893908E-07,0.030694
5.9898908E-07,0.031376
5.9903908E-07,0.031717
5.9908908E-07,0.032059
5.9913908E-07,0.032059
5.9918908E-07,0.031717
5.9923908E-07,0.031376
5.9928908E-07,0.031035
5.9933908E-07,0.030352
5.9938908E-07,0.029670
5.9943908E-07,0.029328
5.9948908E-07,0.028987
5.9953908E-07,0.028987
5.9958908E-07,0.028987
5.9963908E-07,0.029328
5.9968908E-07,0.030011
5.9973908E-07,0.030694
5.9978908E-07,0.032059
5.9983908E-07,0.033424
5.9988908E-07,0.035131
5.9993908E-07,0.036837
5.9998908E-07,0.038885
6.0003908E-07,0.040933
6.0008908E-07,0.042981
6.0013908E-07,0.045028
6.0018908E-07,0.047076
6.0023908E-07,0.048783
6.0028908E-07,0.050489
6.0033908E-07,0.052196
6.0038908E-07,0.053561
6.0043908E-07,0.054585
6.0048908E-07,0.055609
6.0053908E-07,0.056291
6.0058908E-07,0.056974
6.0063908E-07,0.057657
6.0068908E-07,0.058339
6.0073908E-07,0.058681
6.0078908E-07,0.059363
6.0083908E-07,0.060046
6.0088908E-07,0.060728
6.0093908E-07,0.061411
6.0098908E-07,0.062435
6.0103908E-07,0.063118
6.0108908E-07,0.064141
6.0113908E-07,0.065165
6.0118908E-07,0.065848
6.0123908E-07,0.066872
6.0128908E-07,0.067555
6.0133908E-07,0.067896
6.0138908E-07,0.068237
6.0143908E-07,0.068237
6.0148908E-07,0.068237
6.0153908E-07,0.067555
6.0158908E-07,0.066872
6.0163908E-07,0.065507
6.0168908E-07,0.063800
6.0173908E-07,0.062094
6.0178908E-07,0.059704
6.0183908E-07,0.057315
6.0188908E-07,0.054585
6.0193908E-07,0.051854
6.0198908E-07,0.049124
6.0203908E-07,0.046052
6.0208908E-07,0.043322
6.0213908E-07,0.040250
6.0218908E-07,0.037520
6.0223908E-07,0.035131
6.0228908E-07,0.032741
6.0233908E-07,0.030694
6.0238908E-07,0.028987
6.0243908E-07,0.027622
6.0248908E-07,0.026598
6.0253908E-07,0.025574
6.0258908E-07,0.025233
6.0263908E-07,0.024891
6.0268908E-07,0.024891
6.0273908E-07,0.025233
6.0278908E-07,0.025574
6.0283908E-07,0.025915
6.0288908E-07,0.026257
6.0293908E-07,0.026939
6.0298908E-07,0.027281
6.0303908E-07,0.027622
6.0308908E-07,0.027963
6.0313908E-07,0.027622
6.0318908E-07,0.027281
6.0323908E-07,0.026598
6.0328908E-07,0.025915
6.0333908E-07,0.024550
6.0338908E-07,0.022844
6.0343908E-07,0.021137
6.0348908E-07,0.018748
6.0353908E-07,0.016017
6.0358908E-07,0.013287
6.0363908E-07,0.010215
6.0368908E-07,0.007144
6.0373908E-07,0.003730
6.0378908E-07,0.000317
6.0383908E-07,-0.003096
6.0388908E-07,-0.006509
6.0393908E-07,-0.010263
6.0398908E-07,-0.013676
6.0403908E-07,-0.016748
6.0408908E-07,-0.020161
6.0413908E-07,-0.023233
6.0418908E-07,-0.025963
6.0423908E-07,-0.029035
6.0428908E-07,-0.031424
6.0433908E-07,-0.034154
6.0438908E-07,-0.036544
6.0443908E-07,-0.038933
6.0448908E-07,-0.040981
6.0453908E-07,-0.043028
6.0458908E-07,-0.045076
6.0463908E-07,-0.046783
6.0468908E-07,-0.048148
6.0473908E-07,-0.049513
6.0478908E-07,-0.050878
6.0483908E-07,-0.051561
6.0488908E-07,-0.051902
6.0493908E-07,-0.051902
6.0498908E-07,-0.051561
6.0503908E-07,-0.050537
6.0508908E-07,-0.048831
6.0513908E-07,-0.046783
6.0518908E-07,-0.044394
6.0523908E-07,-0.040981
6.0528908E-07,-0.037226
6.0533908E-07,-0.033130
6.0538908E-07,-0.028352
6.0543908E-07,-0.022891
6.0548908E-07,-0.017430
6.0553908E-07,-0.011287
6.0558908E-07,-0.005485
6.0563908E-07,0.001000
6.0568908E-07,0.007144
6.0573908E-07,0.013287
6.0578908E-07,0.019430
6.0583908E-07,0.025233
6.0588908E-07,0.031035
6.0593908E-07,0.036154
6.0598908E-07,0.040933
6.0603908E-07,0.045370
6.0608908E-07,0.049124
6.0613908E-07,0.052537
6.0618908E-07,0.055268
6.0623908E-07,0.057657
6.0628908E-07,0.059363
6.0633908E-07,0.060728
6.0638908E-07,0.061411
6.0643908E-07,0.061752
6.0648908E-07,0.061411
6.0653908E-07,0.060387
6.0658908E-07,0.059022
6.0663908E-07,0.056974
6.0668908E-07,0.054585
6.0673908E-07,0.051513
6.0678908E-07,0.047759
6.0683908E-07,0.043663
6.0688908E-07,0.038885
6.0693908E-07,0.033765
6.0698908E-07,0.027963
6.0703908E-07,0.022161
6.0708908E-07,0.015676
6.0713908E-07,0.009191
6.0718908E-07,0.002365
6.0723908E-07,-0.004461
6.0728908E-07,-0.011287
6.0733908E-07,-0.017772
6.0738908E-07,-0.023915
6.0743908E-07,-0.029376
6.0748908E-07,-0.034496
6.0753908E-07,-0.038933
6.0758908E-07,-0.042687
6.0763908E-07,-0.045417
6.0768908E-07,-0.047465
6.0773908E-07,-0.048148
6.0778908E-07,-0.048489
6.0783908E-07,-0.047465
6.0788908E-07,-0.046100
6.0793908E-07,-0.043711
6.0798908E-07,-0.040639
6.0803908E-07,-0.037226
6.0808908E-07,-0.033130
6.0813908E-07,-0.028694
6.0818908E-07,-0.024257
6.0823908E-07,-0.019820
6.0828908E-07,-0.015041
6.0833908E-07,-0.010604
6.0838908E-07,-0.006509
6.0843908E-07,-0.002754
6.0848908E-07,0.001000
6.0853908E-07,0.004072
6.0858908E-07,0.007144
6.0863908E-07,0.009533
6.0868908E-07,0.011580
6.0873908E-07,0.013628
6.0878908E-07,0.014994
6.0883908E-07,0.016359
6.0888908E-07,0.017724
6.0893908E-07,0.018748
6.0898908E-07,0.019772
6.0903908E-07,0.020796
6.0908908E-07,0.021820
6.0913908E-07,0.023185
6.0918908E-07,0.024209
6.0923908E-07,0.025574
6.0928908E-07,0.026598
6.0933908E-07,0.028304
6.0938908E-07,0.029670
6.0943908E-07,0.031035
6.0948908E-07,0.032741
6.0953908E-07,0.034107
6.0958908E-07,0.035472
6.0963908E-07,0.037178
6.0968908E-07,0.038202
6.0973908E-07,0.039567
6.0978908E-07,0.040591
6.0983908E-07,0.041615
6.0988908E-07,0.042639
6.0993908E-07,0.043322
6.0998908E-07,0.043663
6.1003908E-07,0.044004
6.1008908E-07,0.044346
6.1013908E-07,0.044346
6.1018908E-07,0.044346
6.1023908E-07,0.044346
6.1028908E-07,0.044004
6.1033908E-07,0.043663
6.1038908E-07,0.043322
6.1043908E-07,0.042639
6.1048908E-07,0.041957
6.1053908E-07,0.041274
6.1058908E-07,0.040250
6.1063908E-07,0.039226
6.1068908E-07,0.038202
6.1073908E-07,0.037178
6.1078908E-07,0.035813
6.1083908E-07,0.034107
6.1088908E-07,0.032741
6.1093908E-07,0.031035
6.1098908E-07,0.029328
6.1103908E-07,0.027281
6.1108908E-07,0.025233
6.1113908E-07,0.023185
6.1118908E-07,0.021137
6.1123908E-07,0.018748
6.1128908E-07,0.016359
6.1133908E-07,0.014311
6.1138908E-07,0.011922
6.1143908E-07,0.009874
6.1148908E-07,0.007826
6.1153908E-07,0.006120
6.1158908E-07,0.004413
6.1163908E-07,0.003048
6.1168908E-07,0.002024
6.1173908E-07,0.001341
6.1178908E-07,0.000659
6.1183908E-07,0.000659
6.1188908E-07,0.000659
6.1193908E-07,0.001341
6.1198908E-07,0.002024
6.1203908E-07,0.003389
6.1208908E-07,0.004754
6.1213908E-07,0.006120
6.1218908E-07,0.007826
6.1223908E-07,0.009533
6.1228908E-07,0.011239
6.1233908E-07,0.012946
6.1238908E-07,0.014311
6.1243908E-07,0.015676
6.1248908E-07,0.016359
6.1253908E-07,0.017041
6.1258908E-07,0.017041
6.1263908E-07,0.016700
6.1268908E-07,0.016017
6.1273908E-07,0.014652
6.1278908E-07,0.013287
6.1283908E-07,0.011239
6.1288908E-07,0.008850
6.1293908E-07,0.006461
6.1298908E-07,0.003730
6.1303908E-07,0.001000
6.1308908E-07,-0.001730
6.1313908E-07,-0.004120
6.1318908E-07,-0.006509
6.1323908E-07,-0.008898
6.1328908E-07,-0.010604
6.1333908E-07,-0.011970
6.1338908E-07,-0.012652
6.1343908E-07,-0.013335
6.1348908E-07,-0.013335
6.1353908E-07,-0.012993
6.1358908E-07,-0.012311
6.1363908E-07,-0.010946
6.1368908E-07,-0.009580
6.1373908E-07,-0.007874
6.1378908E-07,-0.005826
6.1383908E-07,-0.003778
6.1388908E-07,-0.001389
6.1393908E-07,0.001000
6.1398908E-07,0.003389
6.1403908E-07,0.005778
6.1408908E-07,0.008167
6.1413908E-07,0.010557
6.1418908E-07,0.013287
6.1423908E-07,0.016017
6.1428908E-07,0.018748
6.1433908E-07,0.021820
6.1438908E-07,0.024891
6.1443908E-07,0.028304
6.1448908E-07,0.032059
6.1453908E-07,0.035813
6.1458908E-07,0.039909
6.1463908E-07,0.044004
6.1468908E-07,0.048100
6.1473908E-07,0.052537
6.1478908E-07,0.056974
6.1483908E-07,0.061070
6.1488908E-07,0.065165
6.1493908E-07,0.068920
6.1498908E-07,0.072333
6.1503908E-07,0.075405
6.1508908E-07,0.078135
6.1513908E-07,0.079841
6.1518908E-07,0.081207
6.1523908E-07,0.081889
6.1528908E-07,0.081889
6.1533908E-07,0.081548
6.1538908E-07,0.080183
6.1543908E-07,0.078476
6.1548908E-07,0.076428
6.1553908E-07,0.073698
6.1558908E-07,0.070968
6.1563908E-07,0.067896
6.1568908E-07,0.064824
6.1573908E-07,0.061752
6.1578908E-07,0.058339
6.1583908E-07,0.055609
6.1588908E-07,0.052878
6.1593908E-07,0.050148
6.1598908E-07,0.047759
6.1603908E-07,0.045711
6.1608908E-07,0.044004
6.1613908E-07,0.042639
6.1618908E-07,0.041274
6.1623908E-07,0.040250
6.1628908E-07,0.039567
6.1633908E-07,0.038885
6.1638908E-07,0.038202
6.1643908E-07,0.037520
6.1648908E-07,0.036837
6.1653908E-07,0.036154
6.1658908E-07,0.035813
6.1663908E-07,0.035131
6.1668908E-07,0.034448
6.1673908E-07,0.033424
6.1678908E-07,0.032741
6.1683908E-07,0.031717
6.1688908E-07,0.031035
6.1693908E-07,0.030011
6.1698908E-07,0.028987
6.1703908E-07,0.028304
6.1708908E-07,0.027281
6.1713908E-07,0.026257
6.1718908E-07,0.025233
6.1723908E-07,0.024209
6.1728908E-07,0.023185
6.1733908E-07,0.022502
6.1738908E-07,0.021137
6.1743908E-07,0.020113
6.1748908E-07,0.019089
6.1753908E-07,0.018065
6.1758908E-07,0.016700
6.1763908E-07,0.015335
6.1768908E-07,0.014311
6.1773908E-07,0.012946
6.1778908E-07,0.011580
6.1783908E-07,0.010215
6.1788908E-07,0.008850
6.1793908E-07,0.007826
6.1798908E-07,0.006802
6.1803908E-07,0.005778
6.1808908E-07,0.005096
6.1813908E-07,0.004754
6.1818908E-07,0.004413
6.1823908E-07,0.004413
6.1828908E-07,0.004413
6.1833908E-07,0.005096
6.1838908E-07,0.005778
6.1843908E-07,0.006802
6.1848908E-07,0.008167
6.1853908E-07,0.009874
6.1858908E-07,0.011922
6.1863908E-07,0.013970
6.1868908E-07,0.016359
6.1873908E-07,0.019089
6.1878908E-07,0.021820
6.1883908E-07,0.024550
6.1888908E-07,0.027622
6.1893908E-07,0.030694
6.1898908E-07,0.033765
6.1903908E-07,0.037178
6.1908908E-07,0.040250
6.1913908E-07,0.043322
6.1918908E-07,0.046394
6.1923908E-07,0.049124
6.1928908E-07,0.051854
6.1933908E-07,0.054585
6.1938908E-07,0.056974
6.1943908E-07,0.059363
6.1948908E-07,0.061411
6.1953908E-07,0.063459
6.1958908E-07,0.065507
6.1963908E-07,0.067213
6.1968908E-07,0.068578
6.1973908E-07,0.069944
6.1978908E-07,0.070968
6.1983908E-07,0.071991
6.1988908E-07,0.073015
6.1993908E-07,0.073698
6.1998908E-07,0.074381
6.2003908E-07,0.074722
6.2008908E-07,0.074722
6.2013908E-07,0.074381
6.2018908E-07,0.074039
6.2023908E-07,0.073357
6.2028908E-07,0.071991
6.2033908E-07,0.070626
6.2038908E-07,0.068578
6.2043908E-07,0.066189
6.2048908E-07,0.063459
6.2053908E-07,0.060046
6.2058908E-07,0.056291
6.2063908E-07,0.051854
6.2068908E-07,0.047076
6.2073908E-07,0.042298
6.2078908E-07,0.036837
6.2083908E-07,0.031376
6.2088908E-07,0.025574
6.2093908E-07,0.019772
6.2098908E-07,0.013970
6.2103908E-07,0.008167
6.2108908E-07,0.002707
6.2113908E-07,-0.002754
6.2118908E-07,-0.007874
6.2123908E-07,-0.012311
6.2128908E-07,-0.016748
6.2133908E-07,-0.020502
6.2138908E-07,-0.023915
6.2143908E-07,-0.026987
6.2148908E-07,-0.029376
6.2153908E-07,-0.031765
6.2158908E-07,-0.033472
6.2163908E-07,-0.035178
6.2168908E-07,-0.036202
6.2173908E-07,-0.037567
6.2178908E-07,-0.038250
6.2183908E-07,-0.038933
6.2188908E-07,-0.039615
6.2193908E-07,-0.040298
6.2198908E-07,-0.040639
6.2203908E-07,-0.040981
6.2208908E-07,-0.041322
6.2213908E-07,-0.041322
6.2218908E-07,-0.040981
6.2223908E-07,-0.040639
6.2228908E-07,-0.039615
6.2233908E-07,-0.038591
6.2238908E-07,-0.036885
6.2243908E-07,-0.035178
6.2248908E-07,-0.032448
6.2253908E-07,-0.029717
6.2258908E-07,-0.026304
6.2263908E-07,-0.022550
6.2268908E-07,-0.018454
6.2273908E-07,-0.014017
6.2278908E-07,-0.009580
6.2283908E-07,-0.004802
6.2288908E-07,-0.000024
6.2293908E-07,0.004754
6.2298908E-07,0.009191
6.2303908E-07,0.013628
6.2308908E-07,0.017724
6.2313908E-07,0.021137
6.2318908E-07,0.024209
6.2323908E-07,0.026939
6.2328908E-07,0.028987
6.2333908E-07,0.030694
6.2338908E-07,0.032059
6.2343908E-07,0.032741
6.2348908E-07,0.033083
6.2353908E-07,0.033083
6.2358908E-07,0.032741
6.2363908E-07,0.032059
6.2368908E-07,0.031376
6.2373908E-07,0.030694
6.2378908E-07,0.030011
6.2383908E-07,0.029328
6.2388908E-07,0.028646
6.2393908E-07,0.027963
6.2398908E-07,0.027622
6.2403908E-07,0.027281
6.2408908E-07,0.026939
6.2413908E-07,0.026598
6.2418908E-07,0.026257
6.2423908E-07,0.025915
6.2428908E-07,0.025574
6.2433908E-07,0.025233
6.2438908E-07,0.024891
6.2443908E-07,0.024209
6.2448908E-07,0.023526
6.2453908E-07,0.022844
6.2458908E-07,0.021820
6.2463908E-07,0.020796
6.2468908E-07,0.019772
6.2473908E-07,0.018748
6.2478908E-07,0.018065
6.2483908E-07,0.017041
6.2488908E-07,0.016359
6.2493908E-07,0.016017
6.2498908E-07,0.016017
6.2503908E-07,0.016359
6.2508908E-07,0.017041
6.2513908E-07,0.018407
6.2518908E-07,0.019772
6.2523908E-07,0.021820
6.2528908E-07,0.024550
6.2533908E-07,0.027281
6.2538908E-07,0.030694
6.2543908E-07,0.034448
6.2548908E-07,0.038202
6.2553908E-07,0.042639
6.2558908E-07,0.046735
6.2563908E-07,0.051172
6.2568908E-07,0.055268
6.2573908E-07,0.059704
6.2578908E-07,0.063800
6.2583908E-07,0.067555
6.2588908E-07,0.071309
6.2593908E-07,0.074381
6.2598908E-07,0.077452
6.2603908E-07,0.079841
6.2608908E-07,0.082231
6.2613908E-07,0.083937
6.2618908E-07,0.085302
6.2623908E-07,0.086668
6.2628908E-07,0.087350
6.2633908E-07,0.088033
6.2638908E-07,0.088033
6.2643908E-07,0.088374
6.2648908E-07,0.088033
6.2653908E-07,0.087692
6.2658908E-07,0.087350
6.2663908E-07,0.086668
6.2668908E-07,0.085644
6.2673908E-07,0.084961
6.2678908E-07,0.083596
6.2683908E-07,0.082572
6.2688908E-07,0.080865
6.2693908E-07,0.079159
6.2698908E-07,0.077111
6.2703908E-07,0.075063
6.2708908E-07,0.072674
6.2713908E-07,0.069944
6.2718908E-07,0.066872
6.2723908E-07,0.063459
6.2728908E-07,0.060046
6.2733908E-07,0.056633
6.2738908E-07,0.052537
6.2743908E-07,0.048783
6.2748908E-07,0.044687
6.2753908E-07,0.040933
6.2758908E-07,0.037178
6.2763908E-07,0.033424
6.2768908E-07,0.030011
6.2773908E-07,0.027281
6.2778908E-07,0.024550
6.2783908E-07,0.022161
6.2788908E-07,0.020454
6.2793908E-07,0.019430
6.2798908E-07,0.018748
6.2803908E-07,0.018407
6.2808908E-07,0.018748
6.2813908E-07,0.019089
6.2818908E-07,0.020113
6.2823908E-07,0.021478
6.2828908E-07,0.023185
6.2833908E-07,0.024891
6.2838908E-07,0.026939
6.2843908E-07,0.028646
6.2848908E-07,0.030694
6.2853908E-07,0.032400
6.2858908E-07,0.033765
6.2863908E-07,0.035131
6.2868908E-07,0.036154
6.2873908E-07,0.037178
6.2878908E-07,0.037520
6.2883908E-07,0.037861
6.2888908E-07,0.037861
6.2893908E-07,0.037520
6.2898908E-07,0.037178
6.2903908E-07,0.036496
6.2908908E-07,0.035472
6.2913908E-07,0.034448
6.2918908E-07,0.033083
6.2923908E-07,0.031717
6.2928908E-07,0.030352
6.2933908E-07,0.028646
6.2938908E-07,0.026939
6.2943908E-07,0.024891
6.2948908E-07,0.022502
6.2953908E-07,0.020113
6.2958908E-07,0.017383
6.2963908E-07,0.014652
6.2968908E-07,0.011239
6.2973908E-07,0.007826
6.2978908E-07,0.003730
6.2983908E-07,-0.000365
6.2988908E-07,-0.004461
6.2993908E-07,-0.009239
6.2998908E-07,-0.013676
6.3003908E-07,-0.018454
6.3008908E-07,-0.023233
6.3013908E-07,-0.027670
6.3018908E-07,-0.032107
6.3023908E-07,-0.036202
6.3028908E-07,-0.039957
6.3033908E-07,-0.043370
6.3038908E-07,-0.046100
6.3043908E-07,-0.048148
6.3048908E-07,-0.049513
6.3053908E-07,-0.050537
6.3058908E-07,-0.050878
6.3063908E-07,-0.050537
6.3068908E-07,-0.049513
6.3073908E-07,-0.048148
6.3078908E-07,-0.046441
6.3083908E-07,-0.044394
6.3088908E-07,-0.042004
6.3093908E-07,-0.039615
6.3098908E-07,-0.037226
6.3103908E-07,-0.034837
6.3108908E-07,-0.032448
6.3113908E-07,-0.030400
6.3118908E-07,-0.028694
6.3123908E-07,-0.027328
6.3128908E-07,-0.026304
6.3133908E-07,-0.025963
6.3138908E-07,-0.025622
6.3143908E-07,-0.025622
6.3148908E-07,-0.025963
6.3153908E-07,-0.026646
6.3158908E-07,-0.027328
6.3163908E-07,-0.028011
6.3168908E-07,-0.028694
6.3173908E-07,-0.029035
6.3178908E-07,-0.029717
6.3183908E-07,-0.029717
6.3188908E-07,-0.029717
6.3193908E-07,-0.029035
6.3198908E-07,-0.028352
6.3203908E-07,-0.026987
6.3208908E-07,-0.025622
6.3213908E-07,-0.023915
6.3218908E-07,-0.021867
6.3223908E-07,-0.019478
6.3228908E-07,-0.017430
6.3233908E-07,-0.015041
6.3238908E-07,-0.012311
6.3243908E-07,-0.010263
6.3248908E-07,-0.007874
6.3253908E-07,-0.005826
6.3258908E-07,-0.004120
6.3263908E-07,-0.002413
6.3268908E-07,-0.001389
6.3273908E-07,-0.000365
6.3278908E-07,0.000317
6.3283908E-07,0.001000
6.3288908E-07,0.001341
6.3293908E-07,0.001341
6.3298908E-07,0.001341
6.3303908E-07,0.001000
6.3308908E-07,0.000659
6.3313908E-07,0.000317
6.3318908E-07,-0.000024
6.3323908E-07,-0.000365
6.3328908E-07,-0.000707
6.3333908E-07,-0.001048
6.3338908E-07,-0.001389
6.3343908E-07,-0.001730
6.3348908E-07,-0.002072
6.3353908E-07,-0.002413
6.3358908E-07,-0.002754
6.3363908E-07,-0.003096
6.3368908E-07,-0.003437
6.3373908E-07,-0.004120
6.3378908E-07,-0.004461
6.3383908E-07,-0.005143
6.3388908E-07,-0.005826
6.3393908E-07,-0.006509
6.3398908E-07,-0.007533
6.3403908E-07,-0.008215
6.3408908E-07,-0.009239
6.3413908E-07,-0.009922
6.3418908E-07,-0.010604
6.3423908E-07,-0.011287
6.3428908E-07,-0.011970
6.3433908E-07,-0.012652
6.3438908E-07,-0.012993
6.3443908E-07,-0.012993
6.3448908E-07,-0.013335
6.3453908E-07,-0.012993
6.3458908E-07,-0.012993
6.3463908E-07,-0.012652
6.3468908E-07,-0.011970
6.3473908E-07,-0.011628
6.3478908E-07,-0.011287
6.3483908E-07,-0.010604
6.3488908E-07,-0.010263
6.3493908E-07,-0.010263
6.3498908E-07,-0.009922
6.3503908E-07,-0.010263
6.3508908E-07,-0.010604
6.3513908E-07,-0.011287
6.3518908E-07,-0.012311
6.3523908E-07,-0.013676
6.3528908E-07,-0.015041
6.3533908E-07,-0.016748
6.3538908E-07,-0.018796
6.3543908E-07,-0.021185
6.3548908E-07,-0.023233
6.3553908E-07,-0.025622
6.3558908E-07,-0.027670
6.3563908E-07,-0.029717
6.3568908E-07,-0.031424
6.3573908E-07,-0.032789
6.3578908E-07,-0.033813
6.3583908E-07,-0.034496
6.3588908E-07,-0.034837
6.3593908E-07,-0.034496
6.3598908E-07,-0.033472
6.3603908E-07,-0.032107
6.3608908E-07,-0.030400
6.3613908E-07,-0.028011
6.3618908E-07,-0.025622
6.3623908E-07,-0.022550
6.3628908E-07,-0.019478
6.3633908E-07,-0.016065
6.3638908E-07,-0.012993
6.3643908E-07,-0.009580
6.3648908E-07,-0.006509
6.3653908E-07,-0.003778
6.3658908E-07,-0.001048
6.3663908E-07,0.001341
6.3668908E-07,0.003389
6.3673908E-07,0.005096
6.3678908E-07,0.006120
6.3683908E-07,0.007485
6.3688908E-07,0.008167
6.3693908E-07,0.008850
6.3698908E-07,0.009533
6.3703908E-07,0.009874
6.3708908E-07,0.010557
6.3713908E-07,0.011239
6.3718908E-07,0.012263
6.3723908E-07,0.013287
6.3728908E-07,0.014994
6.3733908E-07,0.016700
6.3738908E-07,0.018748
6.3743908E-07,0.021137
6.3748908E-07,0.023867
6.3753908E-07,0.026598
6.3758908E-07,0.029670
6.3763908E-07,0.032400
6.3768908E-07,0.035472
6.3773908E-07,0.038544
6.3778908E-07,0.041274
6.3783908E-07,0.044004
6.3788908E-07,0.046052
6.3793908E-07,0.048100
6.3798908E-07,0.049465
6.3803908E-07,0.050489
6.3808908E-07,0.051172
6.3813908E-07,0.051513
6.3818908E-07,0.051513
6.3823908E-07,0.051172
6.3828908E-07,0.050831
6.3833908E-07,0.049807
6.3838908E-07,0.049124
6.3843908E-07,0.048100
6.3848908E-07,0.047076
6.3853908E-07,0.046052
6.3858908E-07,0.045028
6.3863908E-07,0.044004
6.3868908E-07,0.042981
6.3873908E-07,0.042298
6.3878908E-07,0.041274
6.3883908E-07,0.040591
6.3888908E-07,0.039909
6.3893908E-07,0.038885
6.3898908E-07,0.037861
6.3903908E-07,0.036496
6.3908908E-07,0.035131
6.3913908E-07,0.033424
6.3918908E-07,0.031376
6.3923908E-07,0.029328
6.3928908E-07,0.026939
6.3933908E-07,0.024209
6.3938908E-07,0.021478
6.3943908E-07,0.018407
6.3948908E-07,0.014994
6.3953908E-07,0.011922
6.3958908E-07,0.008850
6.3963908E-07,0.005778
6.3968908E-07,0.003048
6.3973908E-07,0.000317
6.3978908E-07,-0.002072
6.3983908E-07,-0.004461
6.3988908E-07,-0.006167
6.3993908E-07,-0.007533
6.3998908E-07,-0.008898
6.4003908E-07,-0.009580
6.4008908E-07,-0.010263
6.4013908E-07,-0.010604
6.4018908E-07,-0.010604
6.4023908E-07,-0.010946
6.4028908E-07,-0.010946
6.4033908E-07,-0.010946
6.4038908E-07,-0.010946
6.4043908E-07,-0.010946
6.4048908E-07,-0.010946
6.4053908E-07,-0.011287
6.4058908E-07,-0.011970
6.4063908E-07,-0.012311
6.4068908E-07,-0.012993
6.4073908E-07,-0.013676
6.4078908E-07,-0.014359
6.4083908E-07,-0.015041
6.4088908E-07,-0.015383
6.4093908E-07,-0.015724
6.4098908E-07,-0.015724
6.4103908E-07,-0.015724
6.4108908E-07,-0.015383
6.4113908E-07,-0.014359
6.4118908E-07,-0.013335
6.4123908E-07,-0.011628
6.4128908E-07,-0.009580
6.4133908E-07,-0.007533
6.4138908E-07,-0.004802
6.4143908E-07,-0.002072
6.4148908E-07,0.000659
6.4153908E-07,0.003730
6.4158908E-07,0.006802
6.4163908E-07,0.009874
6.4168908E-07,0.012604
6.4173908E-07,0.014994
6.4178908E-07,0.017383
6.4183908E-07,0.019430
6.4188908E-07,0.020796
6.4193908E-07,0.022161
6.4198908E-07,0.022844
6.4203908E-07,0.023185
6.4208908E-07,0.023185
6.4213908E-07,0.022844
6.4218908E-07,0.022161
6.4223908E-07,0.021478
6.4228908E-07,0.020454
6.4233908E-07,0.019089
6.4238908E-07,0.018065
6.4243908E-07,0.017041
6.4248908E-07,0.016017
6.4253908E-07,0.014994
6.4258908E-07,0.014311
6.4263908E-07,0.013628
6.4268908E-07,0.012946
6.4273908E-07,0.012604
6.4278908E-07,0.012263
6.4283908E-07,0.011922
6.4288908E-07,0.011580
6.4293908E-07,0.011239
6.4298908E-07,0.010557
6.4303908E-07,0.010215
6.4308908E-07,0.009191
6.4313908E-07,0.008167
6.4318908E-07,0.006802
6.4323908E-07,0.005437
6.4328908E-07,0.003730
6.4333908E-07,0.001683
6.4338908E-07,-0.000707
6.4343908E-07,-0.002754
6.4348908E-07,-0.005143
6.4353908E-07,-0.007533
6.4358908E-07,-0.009922
6.4363908E-07,-0.011970
6.4368908E-07,-0.014017
6.4373908E-07,-0.015724
6.4378908E-07,-0.017089
6.4383908E-07,-0.017772
6.4388908E-07,-0.018454
6.4393908E-07,-0.018796
6.4398908E-07,-0.018454
6.4403908E-07,-0.018113
6.4408908E-07,-0.017089
6.4413908E-07,-0.016065
6.4418908E-07,-0.015041
6.4423908E-07,-0.013676
6.4428908E-07,-0.012311
6.4433908E-07,-0.011287
6.4438908E-07,-0.010604
6.4443908E-07,-0.009922
6.4448908E-07,-0.009580
6.4453908E-07,-0.009922
6.4458908E-07,-0.010604
6.4463908E-07,-0.011628
6.4468908E-07,-0.013335
6.4473908E-07,-0.015041
6.4478908E-07,-0.017430
6.4483908E-07,-0.020161
6.4488908E-07,-0.022891
6.4493908E-07,-0.025963
6.4498908E-07,-0.028694
6.4503908E-07,-0.031765
6.4508908E-07,-0.034496
6.4513908E-07,-0.036885
6.4518908E-07,-0.039274
6.4523908E-07,-0.040981
6.4528908E-07,-0.042346
6.4533908E-07,-0.043370
6.4538908E-07,-0.043711
6.4543908E-07,-0.044052
6.4548908E-07,-0.043711
6.4553908E-07,-0.043028
6.4558908E-07,-0.042004
6.4563908E-07,-0.040981
6.4568908E-07,-0.039615
6.4573908E-07,-0.037909
6.4578908E-07,-0.036544
6.4583908E-07,-0.035178
6.4588908E-07,-0.033813
6.4593908E-07,-0.032448
6.4598908E-07,-0.031083
6.4603908E-07,-0.030059
6.4608908E-07,-0.029376
6.4613908E-07,-0.028694
6.4618908E-07,-0.028011
6.4623908E-07,-0.027328
6.4628908E-07,-0.026646
6.4633908E-07,-0.025963
6.4638908E-07,-0.025622
6.4643908E-07,-0.024598
6.4648908E-07,-0.023915
6.4653908E-07,-0.022891
6.4658908E-07,-0.021867
6.4663908E-07,-0.020844
6.4668908E-07,-0.019478
6.4673908E-07,-0.018113
6.4678908E-07,-0.016748
6.4683908E-07,-0.015383
6.4688908E-07,-0.014017
6.4693908E-07,-0.012652
6.4698908E-07,-0.011628
6.4703908E-07,-0.010604
6.4708908E-07,-0.009580
6.4713908E-07,-0.008898
6.4718908E-07,-0.008557
6.4723908E-07,-0.008215
6.4728908E-07,-0.007874
6.4733908E-07,-0.007874
6.4738908E-07,-0.008215
6.4743908E-07,-0.008215
6.4748908E-07,-0.008215
6.4753908E-07,-0.008215
6.4758908E-07,-0.008215
6.4763908E-07,-0.007874
6.4768908E-07,-0.007533
6.4773908E-07,-0.006850
6.4778908E-07,-0.005826
6.4783908E-07,-0.004461
6.4788908E-07,-0.002754
6.4793908E-07,-0.000707
6.4798908E-07,0.001341
6.4803908E-07,0.003730
6.4808908E-07,0.006120
6.4813908E-07,0.008509
6.4818908E-07,0.011239
6.4823908E-07,0.013970
6.4828908E-07,0.016359
6.4833908E-07,0.018748
6.4838908E-07,0.021137
6.4843908E-07,0.022844
6.4848908E-07,0.024550
6.4853908E-07,0.026257
6.4858908E-07,0.027281
6.4863908E-07,0.028304
6.4868908E-07,0.028987
6.4873908E-07,0.029670
6.4878908E-07,0.030011
6.4883908E-07,0.030352
6.4888908E-07,0.030352
6.4893908E-07,0.030694
6.4898908E-07,0.031035
6.4903908E-07,0.031376
6.4908908E-07,0.031717
6.4913908E-07,0.032059
6.4918908E-07,0.032741
6.4923908E-07,0.033424
6.4928908E-07,0.034107
6.4933908E-07,0.035131
6.4938908E-07,0.035813
6.4943908E-07,0.036837
6.4948908E-07,0.037520
6.4953908E-07,0.038202
6.4958908E-07,0.038544
6.4963908E-07,0.038544
6.4968908E-07,0.038202
6.4973908E-07,0.037861
6.4978908E-07,0.036837
6.4983908E-07,0.035472
6.4988908E-07,0.033765
6.4993908E-07,0.032059
6.4998908E-07,0.029670
6.5003908E-07,0.027281
6.5008908E-07,0.024550
6.5013908E-07,0.021820
6.5018908E-07,0.019089
6.5023908E-07,0.016359
6.5028908E-07,0.013970
6.5033908E-07,0.011580
6.5038908E-07,0.009874
6.5043908E-07,0.008167
6.5048908E-07,0.007144
6.5053908E-07,0.006461
6.5058908E-07,0.006120
6.5063908E-07,0.006461
6.5068908E-07,0.007144
6.5073908E-07,0.008167
6.5078908E-07,0.009191
6.5083908E-07,0.010898
6.5088908E-07,0.012263
6.5093908E-07,0.013970
6.5098908E-07,0.015676
6.5103908E-07,0.017383
6.5108908E-07,0.018748
6.5113908E-07,0.019772
6.5118908E-07,0.020796
6.5123908E-07,0.021478
6.5128908E-07,0.021820
6.5133908E-07,0.022161
6.5138908E-07,0.022161
6.5143908E-07,0.021820
6.5148908E-07,0.021478
6.5153908E-07,0.021137
6.5158908E-07,0.020796
6.5163908E-07,0.020454
6.5168908E-07,0.020454
6.5173908E-07,0.020454
6.5178908E-07,0.020796
6.5183908E-07,0.021478
6.5188908E-07,0.022502
6.5193908E-07,0.023526
6.5198908E-07,0.024891
6.5203908E-07,0.026598
6.5208908E-07,0.028304
6.5213908E-07,0.030352
6.5218908E-07,0.032400
6.5223908E-07,0.034448
6.5228908E-07,0.036154
6.5233908E-07,0.037861
6.5238908E-07,0.039226
6.5243908E-07,0.040250
6.5248908E-07,0.040933
6.5253908E-07,0.041274
6.5258908E-07,0.041274
6.5263908E-07,0.040933
6.5268908E-07,0.039909
6.5273908E-07,0.038544
6.5278908E-07,0.037178
6.5283908E-07,0.035472
6.5288908E-07,0.033424
6.5293908E-07,0.031376
6.5298908E-07,0.028987
6.5303908E-07,0.026939
6.5308908E-07,0.024891
6.5313908E-07,0.022844
6.5318908E-07,0.020796
6.5323908E-07,0.019089
6.5328908E-07,0.017383
6.5333908E-07,0.015335
6.5338908E-07,0.013628
6.5343908E-07,0.011239
6.5348908E-07,0.008850
6.5353908E-07,0.005778
6.5358908E-07,0.002024
6.5363908E-07,-0.002413
6.5368908E-07,-0.007874
6.5373908E-07,-0.014359
6.5378908E-07,-0.022209
6.5383908E-07,-0.031765
6.5388908E-07,-0.042346
6.5393908E-07,-0.054974
6.5398908E-07,-0.068968
6.5403908E-07,-0.084668
6.5408908E-07,-0.102074
6.5413908E-07,-0.120846
6.5418908E-07,-0.140642
6.5423908E-07,-0.162144
6.5428908E-07,-0.184670
6.5433908E-07,-0.207537
6.5438908E-07,-0.231429
