LECROYWaveRunner‘N,20113,Waveform
Segments,1,SegmentSize,4002
Segment,TrigTime,TimeSinceSegment1
#1,12-Dec-2018 11:31:39,0                 
Time,Ampl
4.5694118E-07,0.045148
4.5699118E-07,0.043965
4.5704118E-07,0.042585
4.5709118E-07,0.041008
4.5714118E-07,0.039430
4.5719118E-07,0.037656
4.5724118E-07,0.035881
4.5729118E-07,0.034107
4.5734118E-07,0.032135
4.5739118E-07,0.030361
4.5744118E-07,0.028586
4.5749118E-07,0.026615
4.5754118E-07,0.024643
4.5759118E-07,0.022869
4.5764118E-07,0.020700
4.5769118E-07,0.018728
4.5774118E-07,0.016560
4.5779118E-07,0.014391
4.5784118E-07,0.012222
4.5789118E-07,0.009856
4.5794118E-07,0.007490
4.5799118E-07,0.004927
4.5804118E-07,0.002561
4.5809118E-07,-0.000002
4.5814118E-07,-0.002565
4.5819118E-07,-0.004931
4.5824118E-07,-0.007297
4.5829118E-07,-0.009663
4.5834118E-07,-0.011634
4.5839118E-07,-0.013606
4.5844118E-07,-0.015183
4.5849118E-07,-0.016564
4.5854118E-07,-0.017746
4.5859118E-07,-0.018732
4.5864118E-07,-0.019324
4.5869118E-07,-0.019718
4.5874118E-07,-0.019915
4.5879118E-07,-0.019718
4.5884118E-07,-0.019521
4.5889118E-07,-0.019127
4.5894118E-07,-0.018732
4.5899118E-07,-0.018141
4.5904118E-07,-0.017549
4.5909118E-07,-0.017155
4.5914118E-07,-0.016564
4.5919118E-07,-0.016169
4.5924118E-07,-0.015972
4.5929118E-07,-0.015775
4.5934118E-07,-0.015775
4.5939118E-07,-0.015775
4.5944118E-07,-0.015775
4.5949118E-07,-0.015775
4.5954118E-07,-0.015972
4.5959118E-07,-0.015775
4.5964118E-07,-0.015775
4.5969118E-07,-0.015381
4.5974118E-07,-0.014986
4.5979118E-07,-0.014198
4.5984118E-07,-0.013212
4.5989118E-07,-0.011832
4.5994118E-07,-0.010057
4.5999118E-07,-0.008086
4.6004118E-07,-0.005720
4.6009118E-07,-0.002959
4.6014118E-07,-0.000002
4.6019118E-07,0.003153
4.6024118E-07,0.006504
4.6029118E-07,0.010250
4.6034118E-07,0.013799
4.6039118E-07,0.017545
4.6044118E-07,0.021291
4.6049118E-07,0.024840
4.6054118E-07,0.028389
4.6059118E-07,0.031741
4.6064118E-07,0.034896
4.6069118E-07,0.037656
4.6074118E-07,0.040219
4.6079118E-07,0.042585
4.6084118E-07,0.044754
4.6089118E-07,0.046331
4.6094118E-07,0.047908
4.6099118E-07,0.049091
4.6104118E-07,0.050077
4.6109118E-07,0.050668
4.6114118E-07,0.051260
4.6119118E-07,0.051457
4.6124118E-07,0.051457
4.6129118E-07,0.051260
4.6134118E-07,0.050866
4.6139118E-07,0.050077
4.6144118E-07,0.049288
4.6149118E-07,0.048105
4.6154118E-07,0.046725
4.6159118E-07,0.045148
4.6164118E-07,0.043176
4.6169118E-07,0.041008
4.6174118E-07,0.038642
4.6179118E-07,0.035881
4.6184118E-07,0.032924
4.6189118E-07,0.029769
4.6194118E-07,0.026615
4.6199118E-07,0.023066
4.6204118E-07,0.019517
4.6209118E-07,0.015968
4.6214118E-07,0.012616
4.6219118E-07,0.009265
4.6224118E-07,0.006110
4.6229118E-07,0.003350
4.6234118E-07,0.000787
4.6239118E-07,-0.001382
4.6244118E-07,-0.002959
4.6249118E-07,-0.004142
4.6254118E-07,-0.004734
4.6259118E-07,-0.004931
4.6264118E-07,-0.004537
4.6269118E-07,-0.003748
4.6274118E-07,-0.002368
4.6279118E-07,-0.000791
4.6284118E-07,0.001378
4.6289118E-07,0.003547
4.6294118E-07,0.005913
4.6299118E-07,0.008279
4.6304118E-07,0.010645
4.6309118E-07,0.013011
4.6314118E-07,0.014982
4.6319118E-07,0.016560
4.6324118E-07,0.017940
4.6329118E-07,0.018926
4.6334118E-07,0.019320
4.6339118E-07,0.019123
4.6344118E-07,0.018531
4.6349118E-07,0.017545
4.6354118E-07,0.016165
4.6359118E-07,0.014194
4.6364118E-07,0.012025
4.6369118E-07,0.009462
4.6374118E-07,0.006899
4.6379118E-07,0.003941
4.6384118E-07,0.000984
4.6389118E-07,-0.001974
4.6394118E-07,-0.004931
4.6399118E-07,-0.007691
4.6404118E-07,-0.010452
4.6409118E-07,-0.013212
4.6414118E-07,-0.015775
4.6419118E-07,-0.018141
4.6424118E-07,-0.020310
4.6429118E-07,-0.022478
4.6434118E-07,-0.024450
4.6439118E-07,-0.026422
4.6444118E-07,-0.028393
4.6449118E-07,-0.030365
4.6454118E-07,-0.032139
4.6459118E-07,-0.034111
4.6464118E-07,-0.036082
4.6469118E-07,-0.038054
4.6474118E-07,-0.039829
4.6479118E-07,-0.041800
4.6484118E-07,-0.043575
4.6489118E-07,-0.045152
4.6494118E-07,-0.046729
4.6499118E-07,-0.047912
4.6504118E-07,-0.049095
4.6509118E-07,-0.049884
4.6514118E-07,-0.050278
4.6519118E-07,-0.050475
4.6524118E-07,-0.050278
4.6529118E-07,-0.049687
4.6534118E-07,-0.048701
4.6539118E-07,-0.047321
4.6544118E-07,-0.045941
4.6549118E-07,-0.043969
4.6554118E-07,-0.041997
4.6559118E-07,-0.039829
4.6564118E-07,-0.037660
4.6569118E-07,-0.035294
4.6574118E-07,-0.032928
4.6579118E-07,-0.030759
4.6584118E-07,-0.028590
4.6589118E-07,-0.026619
4.6594118E-07,-0.024844
4.6599118E-07,-0.023267
4.6604118E-07,-0.021887
4.6609118E-07,-0.020507
4.6614118E-07,-0.019521
4.6619118E-07,-0.018535
4.6624118E-07,-0.017549
4.6629118E-07,-0.016761
4.6634118E-07,-0.015775
4.6639118E-07,-0.014986
4.6644118E-07,-0.014198
4.6649118E-07,-0.013212
4.6654118E-07,-0.012029
4.6659118E-07,-0.010846
4.6664118E-07,-0.009663
4.6669118E-07,-0.008283
4.6674118E-07,-0.006903
4.6679118E-07,-0.005325
4.6684118E-07,-0.003945
4.6689118E-07,-0.002565
4.6694118E-07,-0.001185
4.6699118E-07,-0.000002
4.6704118E-07,0.000984
4.6709118E-07,0.001772
4.6714118E-07,0.002167
4.6719118E-07,0.002167
4.6724118E-07,0.001970
4.6729118E-07,0.001378
4.6734118E-07,0.000392
4.6739118E-07,-0.000791
4.6744118E-07,-0.002565
4.6749118E-07,-0.004340
4.6754118E-07,-0.006508
4.6759118E-07,-0.008677
4.6764118E-07,-0.011240
4.6769118E-07,-0.013606
4.6774118E-07,-0.015972
4.6779118E-07,-0.018338
4.6784118E-07,-0.020704
4.6789118E-07,-0.022676
4.6794118E-07,-0.024450
4.6799118E-07,-0.026027
4.6804118E-07,-0.027210
4.6809118E-07,-0.028196
4.6814118E-07,-0.028788
4.6819118E-07,-0.028985
4.6824118E-07,-0.028985
4.6829118E-07,-0.028788
4.6834118E-07,-0.028196
4.6839118E-07,-0.027407
4.6844118E-07,-0.026422
4.6849118E-07,-0.025239
4.6854118E-07,-0.024056
4.6859118E-07,-0.022676
4.6864118E-07,-0.021098
4.6869118E-07,-0.019718
4.6874118E-07,-0.018141
4.6879118E-07,-0.016564
4.6884118E-07,-0.014789
4.6889118E-07,-0.013212
4.6894118E-07,-0.011437
4.6899118E-07,-0.009663
4.6904118E-07,-0.007888
4.6909118E-07,-0.005917
4.6914118E-07,-0.003945
4.6919118E-07,-0.001776
4.6924118E-07,0.000392
4.6929118E-07,0.002758
4.6934118E-07,0.004927
4.6939118E-07,0.007293
4.6944118E-07,0.009659
4.6949118E-07,0.012025
4.6954118E-07,0.014391
4.6959118E-07,0.016560
4.6964118E-07,0.018531
4.6969118E-07,0.020306
4.6974118E-07,0.021883
4.6979118E-07,0.023263
4.6984118E-07,0.024249
4.6989118E-07,0.025038
4.6994118E-07,0.025432
4.6999118E-07,0.025629
4.7004118E-07,0.025235
4.7009118E-07,0.024643
4.7014118E-07,0.023855
4.7019118E-07,0.022869
4.7024118E-07,0.021489
4.7029118E-07,0.020108
4.7034118E-07,0.018531
4.7039118E-07,0.016954
4.7044118E-07,0.015574
4.7049118E-07,0.013996
4.7054118E-07,0.012616
4.7059118E-07,0.011236
4.7064118E-07,0.010053
4.7069118E-07,0.009265
4.7074118E-07,0.008476
4.7079118E-07,0.007687
4.7084118E-07,0.007293
4.7089118E-07,0.007096
4.7094118E-07,0.006899
4.7099118E-07,0.006899
4.7104118E-07,0.007096
4.7109118E-07,0.007096
4.7114118E-07,0.007293
4.7119118E-07,0.007490
4.7124118E-07,0.007884
4.7129118E-07,0.008082
4.7134118E-07,0.008279
4.7139118E-07,0.008279
4.7144118E-07,0.008476
4.7149118E-07,0.008673
4.7154118E-07,0.008870
4.7159118E-07,0.009067
4.7164118E-07,0.009462
4.7169118E-07,0.009659
4.7174118E-07,0.010053
4.7179118E-07,0.010645
4.7184118E-07,0.011236
4.7189118E-07,0.012025
4.7194118E-07,0.012814
4.7199118E-07,0.013602
4.7204118E-07,0.014391
4.7209118E-07,0.015377
4.7214118E-07,0.016362
4.7219118E-07,0.017151
4.7224118E-07,0.017940
4.7229118E-07,0.018531
4.7234118E-07,0.019123
4.7239118E-07,0.019517
4.7244118E-07,0.019714
4.7249118E-07,0.019517
4.7254118E-07,0.019320
4.7259118E-07,0.018926
4.7264118E-07,0.018334
4.7269118E-07,0.017545
4.7274118E-07,0.016560
4.7279118E-07,0.015574
4.7284118E-07,0.014588
4.7289118E-07,0.013799
4.7294118E-07,0.012814
4.7299118E-07,0.012222
4.7304118E-07,0.011631
4.7309118E-07,0.011433
4.7314118E-07,0.011433
4.7319118E-07,0.011828
4.7324118E-07,0.012616
4.7329118E-07,0.013602
4.7334118E-07,0.014982
4.7339118E-07,0.016560
4.7344118E-07,0.018334
4.7349118E-07,0.020503
4.7354118E-07,0.022672
4.7359118E-07,0.025038
4.7364118E-07,0.027601
4.7369118E-07,0.029967
4.7374118E-07,0.032332
4.7379118E-07,0.034501
4.7384118E-07,0.036473
4.7389118E-07,0.038050
4.7394118E-07,0.039627
4.7399118E-07,0.040810
4.7404118E-07,0.041796
4.7409118E-07,0.042388
4.7414118E-07,0.042782
4.7419118E-07,0.042979
4.7424118E-07,0.042979
4.7429118E-07,0.042585
4.7434118E-07,0.042191
4.7439118E-07,0.041796
4.7444118E-07,0.041205
4.7449118E-07,0.040613
4.7454118E-07,0.040022
4.7459118E-07,0.039233
4.7464118E-07,0.038642
4.7469118E-07,0.038050
4.7474118E-07,0.037262
4.7479118E-07,0.036670
4.7484118E-07,0.035881
4.7489118E-07,0.035093
4.7494118E-07,0.034107
4.7499118E-07,0.033121
4.7504118E-07,0.031938
4.7509118E-07,0.030558
4.7514118E-07,0.028981
4.7519118E-07,0.027403
4.7524118E-07,0.025432
4.7529118E-07,0.023460
4.7534118E-07,0.021291
4.7539118E-07,0.019320
4.7544118E-07,0.017151
4.7549118E-07,0.015179
4.7554118E-07,0.013208
4.7559118E-07,0.011631
4.7564118E-07,0.010250
4.7569118E-07,0.009462
4.7574118E-07,0.008870
4.7579118E-07,0.008870
4.7584118E-07,0.009462
4.7589118E-07,0.010645
4.7594118E-07,0.012419
4.7599118E-07,0.014588
4.7604118E-07,0.017545
4.7609118E-07,0.020897
4.7614118E-07,0.024643
4.7619118E-07,0.028981
4.7624118E-07,0.033515
4.7629118E-07,0.038247
4.7634118E-07,0.042979
4.7639118E-07,0.047908
4.7644118E-07,0.052640
4.7649118E-07,0.057372
4.7654118E-07,0.061710
4.7659118E-07,0.065653
4.7664118E-07,0.069399
4.7669118E-07,0.072553
4.7674118E-07,0.075314
4.7679118E-07,0.077482
4.7684118E-07,0.079257
4.7689118E-07,0.080637
4.7694118E-07,0.081426
4.7699118E-07,0.081820
4.7704118E-07,0.082017
4.7709118E-07,0.081623
4.7714118E-07,0.081031
4.7719118E-07,0.080046
4.7724118E-07,0.078863
4.7729118E-07,0.077482
4.7734118E-07,0.075905
4.7739118E-07,0.074131
4.7744118E-07,0.072159
4.7749118E-07,0.070187
4.7754118E-07,0.067822
4.7759118E-07,0.065456
4.7764118E-07,0.062695
4.7769118E-07,0.059935
4.7774118E-07,0.056978
4.7779118E-07,0.053823
4.7784118E-07,0.050274
4.7789118E-07,0.046725
4.7794118E-07,0.043176
4.7799118E-07,0.039233
4.7804118E-07,0.035487
4.7809118E-07,0.031544
4.7814118E-07,0.027798
4.7819118E-07,0.024052
4.7824118E-07,0.020503
4.7829118E-07,0.017151
4.7834118E-07,0.014194
4.7839118E-07,0.011631
4.7844118E-07,0.009462
4.7849118E-07,0.007687
4.7854118E-07,0.006307
4.7859118E-07,0.005519
4.7864118E-07,0.005124
4.7869118E-07,0.005124
4.7874118E-07,0.005519
4.7879118E-07,0.006110
4.7884118E-07,0.007096
4.7889118E-07,0.008476
4.7894118E-07,0.009659
4.7899118E-07,0.011236
4.7904118E-07,0.012616
4.7909118E-07,0.013799
4.7914118E-07,0.014982
4.7919118E-07,0.015968
4.7924118E-07,0.016560
4.7929118E-07,0.017151
4.7934118E-07,0.017348
4.7939118E-07,0.017151
4.7944118E-07,0.016757
4.7949118E-07,0.016362
4.7954118E-07,0.015574
4.7959118E-07,0.014588
4.7964118E-07,0.013602
4.7969118E-07,0.012616
4.7974118E-07,0.011433
4.7979118E-07,0.010250
4.7984118E-07,0.009067
4.7989118E-07,0.007884
4.7994118E-07,0.006899
4.7999118E-07,0.005716
4.8004118E-07,0.004533
4.8009118E-07,0.003350
4.8014118E-07,0.002167
4.8019118E-07,0.000787
4.8024118E-07,-0.000791
4.8029118E-07,-0.002368
4.8034118E-07,-0.004340
4.8039118E-07,-0.006311
4.8044118E-07,-0.008677
4.8049118E-07,-0.011240
4.8054118E-07,-0.013803
4.8059118E-07,-0.016564
4.8064118E-07,-0.019521
4.8069118E-07,-0.022478
4.8074118E-07,-0.025436
4.8079118E-07,-0.028196
4.8084118E-07,-0.030759
4.8089118E-07,-0.033125
4.8094118E-07,-0.035097
4.8099118E-07,-0.036871
4.8104118E-07,-0.038054
4.8109118E-07,-0.038646
4.8114118E-07,-0.038843
4.8119118E-07,-0.038646
4.8124118E-07,-0.037857
4.8129118E-07,-0.036477
4.8134118E-07,-0.034702
4.8139118E-07,-0.032731
4.8144118E-07,-0.030365
4.8149118E-07,-0.027802
4.8154118E-07,-0.025041
4.8159118E-07,-0.022281
4.8164118E-07,-0.019521
4.8169118E-07,-0.016761
4.8174118E-07,-0.014198
4.8179118E-07,-0.012029
4.8184118E-07,-0.009860
4.8189118E-07,-0.008086
4.8194118E-07,-0.006508
4.8199118E-07,-0.005325
4.8204118E-07,-0.004340
4.8209118E-07,-0.003354
4.8214118E-07,-0.002762
4.8219118E-07,-0.002171
4.8224118E-07,-0.001579
4.8229118E-07,-0.001185
4.8234118E-07,-0.000593
4.8239118E-07,0.000195
4.8244118E-07,0.000984
4.8249118E-07,0.001970
4.8254118E-07,0.002955
4.8259118E-07,0.004138
4.8264118E-07,0.005519
4.8269118E-07,0.007096
4.8274118E-07,0.008673
4.8279118E-07,0.010250
4.8284118E-07,0.011828
4.8289118E-07,0.013208
4.8294118E-07,0.014588
4.8299118E-07,0.015771
4.8304118E-07,0.016560
4.8309118E-07,0.017151
4.8314118E-07,0.017545
4.8319118E-07,0.017545
4.8324118E-07,0.017151
4.8329118E-07,0.016560
4.8334118E-07,0.015574
4.8339118E-07,0.014391
4.8344118E-07,0.013011
4.8349118E-07,0.011236
4.8354118E-07,0.009462
4.8359118E-07,0.007687
4.8364118E-07,0.005913
4.8369118E-07,0.004138
4.8374118E-07,0.002364
4.8379118E-07,0.000787
4.8384118E-07,-0.000791
4.8389118E-07,-0.001974
4.8394118E-07,-0.003157
4.8399118E-07,-0.003945
4.8404118E-07,-0.004734
4.8409118E-07,-0.005128
4.8414118E-07,-0.005522
4.8419118E-07,-0.005917
4.8424118E-07,-0.006114
4.8429118E-07,-0.006311
4.8434118E-07,-0.006508
4.8439118E-07,-0.006705
4.8444118E-07,-0.007100
4.8449118E-07,-0.007494
4.8454118E-07,-0.008086
4.8459118E-07,-0.008677
4.8464118E-07,-0.009663
4.8469118E-07,-0.010452
4.8474118E-07,-0.011437
4.8479118E-07,-0.012620
4.8484118E-07,-0.013606
4.8489118E-07,-0.014592
4.8494118E-07,-0.015578
4.8499118E-07,-0.016169
4.8504118E-07,-0.016761
4.8509118E-07,-0.017155
4.8514118E-07,-0.017155
4.8519118E-07,-0.016761
4.8524118E-07,-0.016169
4.8529118E-07,-0.015183
4.8534118E-07,-0.014000
4.8539118E-07,-0.012423
4.8544118E-07,-0.010452
4.8549118E-07,-0.008480
4.8554118E-07,-0.006114
4.8559118E-07,-0.003748
4.8564118E-07,-0.001185
4.8569118E-07,0.001181
4.8574118E-07,0.003744
4.8579118E-07,0.006110
4.8584118E-07,0.008279
4.8589118E-07,0.010448
4.8594118E-07,0.012222
4.8599118E-07,0.013996
4.8604118E-07,0.015574
4.8609118E-07,0.017151
4.8614118E-07,0.018334
4.8619118E-07,0.019714
4.8624118E-07,0.020897
4.8629118E-07,0.021883
4.8634118E-07,0.023066
4.8639118E-07,0.024446
4.8644118E-07,0.025826
4.8649118E-07,0.027206
4.8654118E-07,0.028784
4.8659118E-07,0.030361
4.8664118E-07,0.032135
4.8669118E-07,0.033910
4.8674118E-07,0.035684
4.8679118E-07,0.037459
4.8684118E-07,0.039036
4.8689118E-07,0.040613
4.8694118E-07,0.041993
4.8699118E-07,0.042979
4.8704118E-07,0.043768
4.8709118E-07,0.044162
4.8714118E-07,0.044162
4.8719118E-07,0.043965
4.8724118E-07,0.043374
4.8729118E-07,0.042388
4.8734118E-07,0.041008
4.8739118E-07,0.039627
4.8744118E-07,0.038050
4.8749118E-07,0.036473
4.8754118E-07,0.034896
4.8759118E-07,0.033318
4.8764118E-07,0.031938
4.8769118E-07,0.030952
4.8774118E-07,0.030164
4.8779118E-07,0.029769
4.8784118E-07,0.029967
4.8789118E-07,0.030361
4.8794118E-07,0.031150
4.8799118E-07,0.032530
4.8804118E-07,0.034107
4.8809118E-07,0.035881
4.8814118E-07,0.037853
4.8819118E-07,0.039825
4.8824118E-07,0.041993
4.8829118E-07,0.043965
4.8834118E-07,0.045739
4.8839118E-07,0.047120
4.8844118E-07,0.048303
4.8849118E-07,0.048894
4.8854118E-07,0.049091
4.8859118E-07,0.048697
4.8864118E-07,0.047908
4.8869118E-07,0.046528
4.8874118E-07,0.044754
4.8879118E-07,0.042585
4.8884118E-07,0.040219
4.8889118E-07,0.037459
4.8894118E-07,0.034501
4.8899118E-07,0.031347
4.8904118E-07,0.028389
4.8909118E-07,0.025432
4.8914118E-07,0.022672
4.8919118E-07,0.020108
4.8924118E-07,0.017743
4.8929118E-07,0.015771
4.8934118E-07,0.013996
4.8939118E-07,0.012419
4.8944118E-07,0.011039
4.8949118E-07,0.010053
4.8954118E-07,0.009265
4.8959118E-07,0.008476
4.8964118E-07,0.007884
4.8969118E-07,0.007490
4.8974118E-07,0.006899
4.8979118E-07,0.006307
4.8984118E-07,0.005716
4.8989118E-07,0.005124
4.8994118E-07,0.004336
4.8999118E-07,0.003547
4.9004118E-07,0.002758
4.9009118E-07,0.001970
4.9014118E-07,0.001378
4.9019118E-07,0.000787
4.9024118E-07,0.000195
4.9029118E-07,-0.000002
4.9034118E-07,-0.000002
4.9039118E-07,0.000392
4.9044118E-07,0.000984
4.9049118E-07,0.001970
4.9054118E-07,0.003350
4.9059118E-07,0.004927
4.9064118E-07,0.007096
4.9069118E-07,0.009265
4.9074118E-07,0.011828
4.9079118E-07,0.014588
4.9084118E-07,0.017348
4.9089118E-07,0.020108
4.9094118E-07,0.022869
4.9099118E-07,0.025629
4.9104118E-07,0.027995
4.9109118E-07,0.029967
4.9114118E-07,0.031741
4.9119118E-07,0.033121
4.9124118E-07,0.034107
4.9129118E-07,0.034698
4.9134118E-07,0.034698
4.9139118E-07,0.034501
4.9144118E-07,0.033910
4.9149118E-07,0.032924
4.9154118E-07,0.031938
4.9159118E-07,0.030558
4.9164118E-07,0.029178
4.9169118E-07,0.027798
4.9174118E-07,0.026418
4.9179118E-07,0.025235
4.9184118E-07,0.024249
4.9189118E-07,0.023460
4.9194118E-07,0.023066
4.9199118E-07,0.022869
4.9204118E-07,0.023066
4.9209118E-07,0.023460
4.9214118E-07,0.024249
4.9219118E-07,0.025432
4.9224118E-07,0.026615
4.9229118E-07,0.028192
4.9234118E-07,0.029967
4.9239118E-07,0.031938
4.9244118E-07,0.033910
4.9249118E-07,0.036079
4.9254118E-07,0.038247
4.9259118E-07,0.040416
4.9264118E-07,0.042585
4.9269118E-07,0.044951
4.9274118E-07,0.047120
4.9279118E-07,0.049486
4.9284118E-07,0.051851
4.9289118E-07,0.054415
4.9294118E-07,0.056978
4.9299118E-07,0.059738
4.9304118E-07,0.062695
4.9309118E-07,0.066047
4.9314118E-07,0.069596
4.9319118E-07,0.073539
4.9324118E-07,0.077877
4.9329118E-07,0.082411
4.9334118E-07,0.087538
4.9339118E-07,0.093058
4.9344118E-07,0.098776
4.9349118E-07,0.105085
4.9354118E-07,0.111591
4.9359118E-07,0.118689
4.9364118E-07,0.125984
4.9369118E-07,0.133673
4.9374118E-07,0.141560
4.9379118E-07,0.149841
4.9384118E-07,0.158319
4.9389118E-07,0.167191
4.9394118E-07,0.176260
4.9399118E-07,0.185724
4.9404118E-07,0.195385
4.9409118E-07,0.205440
4.9414118E-07,0.215890
4.9419118E-07,0.226733
4.9424118E-07,0.237972
4.9429118E-07,0.249604
4.9434118E-07,0.261631
4.9439118E-07,0.274249
4.9444118E-07,0.287262
4.9449118E-07,0.300669
4.9454118E-07,0.314667
4.9459118E-07,0.328863
4.9464118E-07,0.343650
4.9469118E-07,0.358634
4.9474118E-07,0.373816
4.9479118E-07,0.389194
4.9484118E-07,0.404770
4.9489118E-07,0.420149
4.9494118E-07,0.435724
4.9499118E-07,0.451103
4.9504118E-07,0.466482
4.9509118E-07,0.481663
4.9514118E-07,0.496647
4.9519118E-07,0.511434
4.9524118E-07,0.525827
4.9529118E-07,0.540220
4.9534118E-07,0.554416
4.9539118E-07,0.568611
4.9544118E-07,0.582610
4.9549118E-07,0.596805
4.9554118E-07,0.610804
4.9559118E-07,0.624999
4.9564118E-07,0.639392
4.9569118E-07,0.653982
4.9574118E-07,0.668769
4.9579118E-07,0.683950
4.9584118E-07,0.699132
4.9589118E-07,0.714708
4.9594118E-07,0.730283
4.9599118E-07,0.745859
4.9604118E-07,0.761632
4.9609118E-07,0.777208
4.9614118E-07,0.792586
4.9619118E-07,0.807571
4.9624118E-07,0.822358
4.9629118E-07,0.836553
4.9634118E-07,0.850157
4.9639118E-07,0.862973
4.9644118E-07,0.875000
4.9649118E-07,0.886435
4.9654118E-07,0.896885
4.9659118E-07,0.906546
4.9664118E-07,0.915418
4.9669118E-07,0.923501
4.9674118E-07,0.930796
4.9679118E-07,0.937303
4.9684118E-07,0.943415
4.9689118E-07,0.948935
4.9694118E-07,0.953864
4.9699118E-07,0.958596
4.9704118E-07,0.962934
4.9709118E-07,0.967074
4.9714118E-07,0.971017
4.9719118E-07,0.974763
4.9724118E-07,0.978509
4.9729118E-07,0.981861
4.9734118E-07,0.985213
4.9739118E-07,0.988367
4.9744118E-07,0.991128
4.9749118E-07,0.993691
4.9754118E-07,0.995860
4.9759118E-07,0.997634
4.9764118E-07,0.999014
4.9769118E-07,0.999803
4.9774118E-07,1.000000
4.9779118E-07,0.999606
4.9784118E-07,0.998817
4.9789118E-07,0.997437
4.9794118E-07,0.995465
4.9799118E-07,0.992902
4.9804118E-07,0.989945
4.9809118E-07,0.986593
4.9814118E-07,0.982847
4.9819118E-07,0.978904
4.9824118E-07,0.974763
4.9829118E-07,0.970623
4.9834118E-07,0.966285
4.9839118E-07,0.961948
4.9844118E-07,0.957807
4.9849118E-07,0.953667
4.9854118E-07,0.949527
4.9859118E-07,0.945583
4.9864118E-07,0.941640
4.9869118E-07,0.937894
4.9874118E-07,0.933951
4.9879118E-07,0.930205
4.9884118E-07,0.926262
4.9889118E-07,0.922318
4.9894118E-07,0.917981
4.9899118E-07,0.913643
4.9904118E-07,0.908911
4.9909118E-07,0.903785
4.9914118E-07,0.898462
4.9919118E-07,0.892744
4.9924118E-07,0.886632
4.9929118E-07,0.880323
4.9934118E-07,0.873422
4.9939118E-07,0.866522
4.9944118E-07,0.859227
4.9949118E-07,0.851735
4.9954118E-07,0.844243
4.9959118E-07,0.836553
4.9964118E-07,0.828667
4.9969118E-07,0.820978
4.9974118E-07,0.813288
4.9979118E-07,0.805796
4.9984118E-07,0.798304
4.9989118E-07,0.790812
4.9994118E-07,0.783714
4.9999118E-07,0.776419
5.0004118E-07,0.769518
5.0009118E-07,0.762421
5.0014118E-07,0.755520
5.0019118E-07,0.748619
5.0024118E-07,0.741522
5.0029118E-07,0.734621
5.0034118E-07,0.727523
5.0039118E-07,0.720425
5.0044118E-07,0.713130
5.0049118E-07,0.706033
5.0054118E-07,0.698540
5.0059118E-07,0.691245
5.0064118E-07,0.683950
5.0069118E-07,0.676656
5.0074118E-07,0.669361
5.0079118E-07,0.662263
5.0084118E-07,0.655362
5.0089118E-07,0.648659
5.0094118E-07,0.642349
5.0099118E-07,0.636435
5.0104118E-07,0.630717
5.0109118E-07,0.625394
5.0114118E-07,0.620465
5.0119118E-07,0.615930
5.0124118E-07,0.611592
5.0129118E-07,0.607649
5.0134118E-07,0.603706
5.0139118E-07,0.600157
5.0144118E-07,0.596608
5.0149118E-07,0.592862
5.0154118E-07,0.589313
5.0159118E-07,0.585370
5.0164118E-07,0.581427
5.0169118E-07,0.576892
5.0174118E-07,0.572160
5.0179118E-07,0.567034
5.0184118E-07,0.561513
5.0189118E-07,0.555598
5.0194118E-07,0.549289
5.0199118E-07,0.542783
5.0204118E-07,0.535882
5.0209118E-07,0.528587
5.0214118E-07,0.521292
5.0219118E-07,0.513997
5.0224118E-07,0.506702
5.0229118E-07,0.499408
5.0234118E-07,0.492310
5.0239118E-07,0.485409
5.0244118E-07,0.478903
5.0249118E-07,0.472791
5.0254118E-07,0.466876
5.0259118E-07,0.461553
5.0264118E-07,0.456426
5.0269118E-07,0.451497
5.0274118E-07,0.446963
5.0279118E-07,0.442822
5.0284118E-07,0.438682
5.0289118E-07,0.434541
5.0294118E-07,0.430598
5.0299118E-07,0.426458
5.0304118E-07,0.422317
5.0309118E-07,0.417783
5.0314118E-07,0.413248
5.0319118E-07,0.408319
5.0324118E-07,0.403193
5.0329118E-07,0.397672
5.0334118E-07,0.392152
5.0339118E-07,0.386237
5.0344118E-07,0.380322
5.0349118E-07,0.374407
5.0354118E-07,0.368295
5.0359118E-07,0.362380
5.0364118E-07,0.356663
5.0369118E-07,0.351339
5.0374118E-07,0.346016
5.0379118E-07,0.341284
5.0384118E-07,0.336749
5.0389118E-07,0.332806
5.0394118E-07,0.329257
5.0399118E-07,0.326103
5.0404118E-07,0.323343
5.0409118E-07,0.320779
5.0414118E-07,0.318611
5.0419118E-07,0.316639
5.0424118E-07,0.314667
5.0429118E-07,0.312893
5.0434118E-07,0.311119
5.0439118E-07,0.309344
5.0444118E-07,0.307372
5.0449118E-07,0.305204
5.0454118E-07,0.303035
5.0459118E-07,0.300472
5.0464118E-07,0.297909
5.0469118E-07,0.295148
5.0474118E-07,0.292388
5.0479118E-07,0.289628
5.0484118E-07,0.286671
5.0489118E-07,0.283910
5.0494118E-07,0.281347
5.0499118E-07,0.278981
5.0504118E-07,0.276812
5.0509118E-07,0.274841
5.0514118E-07,0.273264
5.0519118E-07,0.272081
5.0524118E-07,0.271292
5.0529118E-07,0.270700
5.0534118E-07,0.270503
5.0539118E-07,0.270306
5.0544118E-07,0.270503
5.0549118E-07,0.270700
5.0554118E-07,0.270898
5.0559118E-07,0.271095
5.0564118E-07,0.271095
5.0569118E-07,0.271095
5.0574118E-07,0.270503
5.0579118E-07,0.269912
5.0584118E-07,0.268926
5.0589118E-07,0.267546
5.0594118E-07,0.265771
5.0599118E-07,0.263800
5.0604118E-07,0.261434
5.0609118E-07,0.258871
5.0614118E-07,0.256111
5.0619118E-07,0.253350
5.0624118E-07,0.250393
5.0629118E-07,0.247633
5.0634118E-07,0.244872
5.0639118E-07,0.242506
5.0644118E-07,0.240140
5.0649118E-07,0.238169
5.0654118E-07,0.236592
5.0659118E-07,0.235211
5.0664118E-07,0.234226
5.0669118E-07,0.233634
5.0674118E-07,0.233437
5.0679118E-07,0.233437
5.0684118E-07,0.233831
5.0689118E-07,0.234423
5.0694118E-07,0.235409
5.0699118E-07,0.236394
5.0704118E-07,0.237577
5.0709118E-07,0.238957
5.0714118E-07,0.240535
5.0719118E-07,0.242112
5.0724118E-07,0.243689
5.0729118E-07,0.245464
5.0734118E-07,0.247238
5.0739118E-07,0.249210
5.0744118E-07,0.251181
5.0749118E-07,0.253350
5.0754118E-07,0.255519
5.0759118E-07,0.257688
5.0764118E-07,0.260054
5.0769118E-07,0.262617
5.0774118E-07,0.265180
5.0779118E-07,0.267743
5.0784118E-07,0.270306
5.0789118E-07,0.272869
5.0794118E-07,0.275235
5.0799118E-07,0.277601
5.0804118E-07,0.279573
5.0809118E-07,0.281544
5.0814118E-07,0.282924
5.0819118E-07,0.284107
5.0824118E-07,0.284896
5.0829118E-07,0.285093
5.0834118E-07,0.284896
5.0839118E-07,0.284107
5.0844118E-07,0.282727
5.0849118E-07,0.281150
5.0854118E-07,0.278784
5.0859118E-07,0.276221
5.0864118E-07,0.273264
5.0869118E-07,0.269912
5.0874118E-07,0.266363
5.0879118E-07,0.262617
5.0884118E-07,0.258871
5.0889118E-07,0.255125
5.0894118E-07,0.251379
5.0899118E-07,0.247830
5.0904118E-07,0.244478
5.0909118E-07,0.241323
5.0914118E-07,0.238366
5.0919118E-07,0.235803
5.0924118E-07,0.233437
5.0929118E-07,0.231465
5.0934118E-07,0.229888
5.0939118E-07,0.228508
5.0944118E-07,0.227325
5.0949118E-07,0.226339
5.0954118E-07,0.225551
5.0959118E-07,0.224959
5.0964118E-07,0.224368
5.0969118E-07,0.223776
5.0974118E-07,0.223185
5.0979118E-07,0.222593
5.0984118E-07,0.221804
5.0989118E-07,0.221016
5.0994118E-07,0.220030
5.0999118E-07,0.219044
5.1004118E-07,0.217861
5.1009118E-07,0.216481
5.1014118E-07,0.215101
5.1019118E-07,0.213721
5.1024118E-07,0.212144
5.1029118E-07,0.210369
5.1034118E-07,0.208792
5.1039118E-07,0.207017
5.1044118E-07,0.205243
5.1049118E-07,0.203271
5.1054118E-07,0.201300
5.1059118E-07,0.199328
5.1064118E-07,0.197159
5.1069118E-07,0.194991
5.1074118E-07,0.192625
5.1079118E-07,0.189864
5.1084118E-07,0.187104
5.1089118E-07,0.184147
5.1094118E-07,0.180992
5.1099118E-07,0.177443
5.1104118E-07,0.173697
5.1109118E-07,0.169754
5.1114118E-07,0.165613
5.1119118E-07,0.161276
5.1124118E-07,0.156741
5.1129118E-07,0.152207
5.1134118E-07,0.147672
5.1139118E-07,0.143334
5.1144118E-07,0.138800
5.1149118E-07,0.134659
5.1154118E-07,0.130716
5.1159118E-07,0.126970
5.1164118E-07,0.123618
5.1169118E-07,0.120661
5.1174118E-07,0.118098
5.1179118E-07,0.115929
5.1184118E-07,0.114154
5.1189118E-07,0.112971
5.1194118E-07,0.111788
5.1199118E-07,0.111197
5.1204118E-07,0.110606
5.1209118E-07,0.110408
5.1214118E-07,0.110211
5.1219118E-07,0.110211
5.1224118E-07,0.110211
5.1229118E-07,0.110014
5.1234118E-07,0.109817
5.1239118E-07,0.109423
5.1244118E-07,0.109028
5.1249118E-07,0.108437
5.1254118E-07,0.107648
5.1259118E-07,0.106662
5.1264118E-07,0.105676
5.1269118E-07,0.104691
5.1274118E-07,0.103705
5.1279118E-07,0.102916
5.1284118E-07,0.102128
5.1289118E-07,0.101536
5.1294118E-07,0.101142
5.1299118E-07,0.100945
5.1304118E-07,0.101142
5.1309118E-07,0.101536
5.1314118E-07,0.102325
5.1319118E-07,0.103311
5.1324118E-07,0.104494
5.1329118E-07,0.105874
5.1334118E-07,0.107254
5.1339118E-07,0.108831
5.1344118E-07,0.110211
5.1349118E-07,0.111394
5.1354118E-07,0.112380
5.1359118E-07,0.113169
5.1364118E-07,0.113760
5.1369118E-07,0.113760
5.1374118E-07,0.113563
5.1379118E-07,0.112971
5.1384118E-07,0.111986
5.1389118E-07,0.110606
5.1394118E-07,0.109028
5.1399118E-07,0.107254
5.1404118E-07,0.105282
5.1409118E-07,0.103311
5.1414118E-07,0.101339
5.1419118E-07,0.099564
5.1424118E-07,0.097790
5.1429118E-07,0.096410
5.1434118E-07,0.095227
5.1439118E-07,0.094438
5.1444118E-07,0.094044
5.1449118E-07,0.094044
5.1454118E-07,0.094241
5.1459118E-07,0.094833
5.1464118E-07,0.095621
5.1469118E-07,0.096607
5.1474118E-07,0.097593
5.1479118E-07,0.098776
5.1484118E-07,0.099762
5.1489118E-07,0.100747
5.1494118E-07,0.101536
5.1499118E-07,0.101930
5.1504118E-07,0.102128
5.1509118E-07,0.102128
5.1514118E-07,0.101536
5.1519118E-07,0.100747
5.1524118E-07,0.099762
5.1529118E-07,0.098184
5.1534118E-07,0.096607
5.1539118E-07,0.094635
5.1544118E-07,0.092664
5.1549118E-07,0.090692
5.1554118E-07,0.088523
5.1559118E-07,0.086552
5.1564118E-07,0.084580
5.1569118E-07,0.082806
5.1574118E-07,0.081228
5.1579118E-07,0.080046
5.1584118E-07,0.078863
5.1589118E-07,0.077877
5.1594118E-07,0.077285
5.1599118E-07,0.076694
5.1604118E-07,0.076299
5.1609118E-07,0.076102
5.1614118E-07,0.075708
5.1619118E-07,0.075511
5.1624118E-07,0.075314
5.1629118E-07,0.074919
5.1634118E-07,0.074328
5.1639118E-07,0.073736
5.1644118E-07,0.072948
5.1649118E-07,0.071962
5.1654118E-07,0.070779
5.1659118E-07,0.069596
5.1664118E-07,0.068413
5.1669118E-07,0.067033
5.1674118E-07,0.065653
5.1679118E-07,0.064273
5.1684118E-07,0.063090
5.1689118E-07,0.062104
5.1694118E-07,0.061315
5.1699118E-07,0.060724
5.1704118E-07,0.060329
5.1709118E-07,0.060329
5.1714118E-07,0.060527
5.1719118E-07,0.061118
5.1724118E-07,0.061907
5.1729118E-07,0.062892
5.1734118E-07,0.063878
5.1739118E-07,0.065258
5.1744118E-07,0.066441
5.1749118E-07,0.067822
5.1754118E-07,0.069004
5.1759118E-07,0.069990
5.1764118E-07,0.070779
5.1769118E-07,0.071568
5.1774118E-07,0.071765
5.1779118E-07,0.071962
5.1784118E-07,0.071765
5.1789118E-07,0.071370
5.1794118E-07,0.070582
5.1799118E-07,0.069596
5.1804118E-07,0.068610
5.1809118E-07,0.067427
5.1814118E-07,0.066244
5.1819118E-07,0.065061
5.1824118E-07,0.064075
5.1829118E-07,0.063090
5.1834118E-07,0.062301
5.1839118E-07,0.061907
5.1844118E-07,0.061710
5.1849118E-07,0.061710
5.1854118E-07,0.061907
5.1859118E-07,0.062498
5.1864118E-07,0.063287
5.1869118E-07,0.064273
5.1874118E-07,0.065456
5.1879118E-07,0.066639
5.1884118E-07,0.067822
5.1889118E-07,0.069004
5.1894118E-07,0.070187
5.1899118E-07,0.071173
5.1904118E-07,0.071962
5.1909118E-07,0.072553
5.1914118E-07,0.072948
5.1919118E-07,0.073145
5.1924118E-07,0.072948
5.1929118E-07,0.072751
5.1934118E-07,0.072356
5.1939118E-07,0.071962
5.1944118E-07,0.071370
5.1949118E-07,0.070779
5.1954118E-07,0.070385
5.1959118E-07,0.069990
5.1964118E-07,0.069793
5.1969118E-07,0.069990
5.1974118E-07,0.070187
5.1979118E-07,0.070779
5.1984118E-07,0.071568
5.1989118E-07,0.072751
5.1994118E-07,0.074131
5.1999118E-07,0.075708
5.2004118E-07,0.077482
5.2009118E-07,0.079257
5.2014118E-07,0.081228
5.2019118E-07,0.083003
5.2024118E-07,0.084975
5.2029118E-07,0.086552
5.2034118E-07,0.088129
5.2039118E-07,0.089509
5.2044118E-07,0.090495
5.2049118E-07,0.091284
5.2054118E-07,0.091875
5.2059118E-07,0.092270
5.2064118E-07,0.092270
5.2069118E-07,0.092270
5.2074118E-07,0.091875
5.2079118E-07,0.091481
5.2084118E-07,0.091087
5.2089118E-07,0.090692
5.2094118E-07,0.090298
5.2099118E-07,0.090101
5.2104118E-07,0.089904
5.2109118E-07,0.089904
5.2114118E-07,0.090101
5.2119118E-07,0.090298
5.2124118E-07,0.090692
5.2129118E-07,0.091284
5.2134118E-07,0.091875
5.2139118E-07,0.092467
5.2144118E-07,0.093058
5.2149118E-07,0.093650
5.2154118E-07,0.094044
5.2159118E-07,0.094044
5.2164118E-07,0.094044
5.2169118E-07,0.093847
5.2174118E-07,0.093255
5.2179118E-07,0.092467
5.2184118E-07,0.091284
5.2189118E-07,0.089706
5.2194118E-07,0.088129
5.2199118E-07,0.086158
5.2204118E-07,0.083989
5.2209118E-07,0.081820
5.2214118E-07,0.079454
5.2219118E-07,0.077088
5.2224118E-07,0.074722
5.2229118E-07,0.072356
5.2234118E-07,0.069990
5.2239118E-07,0.067822
5.2244118E-07,0.065850
5.2249118E-07,0.063878
5.2254118E-07,0.061907
5.2259118E-07,0.060329
5.2264118E-07,0.058555
5.2269118E-07,0.056978
5.2274118E-07,0.055400
5.2279118E-07,0.054020
5.2284118E-07,0.052443
5.2289118E-07,0.050866
5.2294118E-07,0.049288
5.2299118E-07,0.047711
5.2304118E-07,0.046134
5.2309118E-07,0.044359
5.2314118E-07,0.042782
5.2319118E-07,0.041205
5.2324118E-07,0.039825
5.2329118E-07,0.038444
5.2334118E-07,0.037262
5.2339118E-07,0.036473
5.2344118E-07,0.035881
5.2349118E-07,0.035881
5.2354118E-07,0.036079
5.2359118E-07,0.036670
5.2364118E-07,0.037656
5.2369118E-07,0.039233
5.2374118E-07,0.041008
5.2379118E-07,0.043374
5.2384118E-07,0.045937
5.2389118E-07,0.048894
5.2394118E-07,0.052049
5.2399118E-07,0.055203
5.2404118E-07,0.058358
5.2409118E-07,0.061512
5.2414118E-07,0.064667
5.2419118E-07,0.067427
5.2424118E-07,0.069990
5.2429118E-07,0.072159
5.2434118E-07,0.073934
5.2439118E-07,0.075314
5.2444118E-07,0.076299
5.2449118E-07,0.076694
5.2454118E-07,0.076497
5.2459118E-07,0.075905
5.2464118E-07,0.074919
5.2469118E-07,0.073736
5.2474118E-07,0.071962
5.2479118E-07,0.069990
5.2484118E-07,0.067822
5.2489118E-07,0.065456
5.2494118E-07,0.063090
5.2499118E-07,0.060527
5.2504118E-07,0.057963
5.2509118E-07,0.055400
5.2514118E-07,0.053034
5.2519118E-07,0.050471
5.2524118E-07,0.048105
5.2529118E-07,0.045739
5.2534118E-07,0.043571
5.2539118E-07,0.041205
5.2544118E-07,0.039036
5.2549118E-07,0.036670
5.2554118E-07,0.034501
5.2559118E-07,0.032135
5.2564118E-07,0.029769
5.2569118E-07,0.027403
5.2574118E-07,0.025038
5.2579118E-07,0.022672
5.2584118E-07,0.020306
5.2589118E-07,0.018137
5.2594118E-07,0.015771
5.2599118E-07,0.013799
5.2604118E-07,0.012025
5.2609118E-07,0.010448
5.2614118E-07,0.009067
5.2619118E-07,0.008082
5.2624118E-07,0.007687
5.2629118E-07,0.007490
5.2634118E-07,0.007687
5.2639118E-07,0.008476
5.2644118E-07,0.009659
5.2649118E-07,0.011039
5.2654118E-07,0.013011
5.2659118E-07,0.015179
5.2664118E-07,0.017545
5.2669118E-07,0.020108
5.2674118E-07,0.022672
5.2679118E-07,0.025432
5.2684118E-07,0.027995
5.2689118E-07,0.030361
5.2694118E-07,0.032530
5.2699118E-07,0.034501
5.2704118E-07,0.036276
5.2709118E-07,0.037656
5.2714118E-07,0.038642
5.2719118E-07,0.039233
5.2724118E-07,0.039430
5.2729118E-07,0.039430
5.2734118E-07,0.039233
5.2739118E-07,0.038642
5.2744118E-07,0.038050
5.2749118E-07,0.037262
5.2754118E-07,0.036473
5.2759118E-07,0.035881
5.2764118E-07,0.035290
5.2769118E-07,0.034698
5.2774118E-07,0.034501
5.2779118E-07,0.034501
5.2784118E-07,0.034698
5.2789118E-07,0.035093
5.2794118E-07,0.035881
5.2799118E-07,0.036867
5.2804118E-07,0.038050
5.2809118E-07,0.039430
5.2814118E-07,0.041008
5.2819118E-07,0.042782
5.2824118E-07,0.044556
5.2829118E-07,0.046331
5.2834118E-07,0.048500
5.2839118E-07,0.050471
5.2844118E-07,0.052640
5.2849118E-07,0.054809
5.2854118E-07,0.056978
5.2859118E-07,0.059344
5.2864118E-07,0.061710
5.2869118E-07,0.064470
5.2874118E-07,0.067230
5.2879118E-07,0.070187
5.2884118E-07,0.073342
5.2889118E-07,0.076891
5.2894118E-07,0.080637
5.2899118E-07,0.084580
5.2904118E-07,0.088721
5.2909118E-07,0.093058
5.2914118E-07,0.097593
5.2919118E-07,0.102325
5.2924118E-07,0.106859
5.2929118E-07,0.111591
5.2934118E-07,0.116126
5.2939118E-07,0.120464
5.2944118E-07,0.124407
5.2949118E-07,0.128153
5.2954118E-07,0.131505
5.2959118E-07,0.134265
5.2964118E-07,0.136631
5.2969118E-07,0.138405
5.2974118E-07,0.139391
5.2979118E-07,0.139983
5.2984118E-07,0.140180
5.2989118E-07,0.139588
5.2994118E-07,0.138602
5.2999118E-07,0.137222
5.3004118E-07,0.135448
5.3009118E-07,0.133476
5.3014118E-07,0.131110
5.3019118E-07,0.128744
5.3024118E-07,0.126181
5.3029118E-07,0.123815
5.3034118E-07,0.121252
5.3039118E-07,0.119083
5.3044118E-07,0.116915
5.3049118E-07,0.114943
5.3054118E-07,0.113169
5.3059118E-07,0.111591
5.3064118E-07,0.110211
5.3069118E-07,0.109028
5.3074118E-07,0.108240
5.3079118E-07,0.107451
5.3084118E-07,0.106859
5.3089118E-07,0.106268
5.3094118E-07,0.105874
5.3099118E-07,0.105676
5.3104118E-07,0.105282
5.3109118E-07,0.105085
5.3114118E-07,0.104888
5.3119118E-07,0.104888
5.3124118E-07,0.104691
5.3129118E-07,0.104494
5.3134118E-07,0.104494
5.3139118E-07,0.104494
5.3144118E-07,0.104296
5.3149118E-07,0.104296
5.3154118E-07,0.104296
5.3159118E-07,0.104296
5.3164118E-07,0.104296
5.3169118E-07,0.104296
5.3174118E-07,0.104296
5.3179118E-07,0.104296
5.3184118E-07,0.104099
5.3189118E-07,0.103902
5.3194118E-07,0.103508
5.3199118E-07,0.103113
5.3204118E-07,0.102325
5.3209118E-07,0.101536
5.3214118E-07,0.100353
5.3219118E-07,0.099170
5.3224118E-07,0.097593
5.3229118E-07,0.095818
5.3234118E-07,0.093847
5.3239118E-07,0.091678
5.3244118E-07,0.089509
5.3249118E-07,0.086946
5.3254118E-07,0.084383
5.3259118E-07,0.081820
5.3264118E-07,0.079257
5.3269118E-07,0.076891
5.3274118E-07,0.074328
5.3279118E-07,0.072159
5.3284118E-07,0.069990
5.3289118E-07,0.067822
5.3294118E-07,0.066047
5.3299118E-07,0.064470
5.3304118E-07,0.062892
5.3309118E-07,0.061512
5.3314118E-07,0.060329
5.3319118E-07,0.059146
5.3324118E-07,0.057963
5.3329118E-07,0.056583
5.3334118E-07,0.055203
5.3339118E-07,0.053626
5.3344118E-07,0.051851
5.3349118E-07,0.049880
5.3354118E-07,0.047514
5.3359118E-07,0.044754
5.3364118E-07,0.041599
5.3369118E-07,0.038247
5.3374118E-07,0.034501
5.3379118E-07,0.030558
5.3384118E-07,0.026220
5.3389118E-07,0.021686
5.3394118E-07,0.017151
5.3399118E-07,0.012419
5.3404118E-07,0.007884
5.3409118E-07,0.003350
5.3414118E-07,-0.000988
5.3419118E-07,-0.005128
5.3424118E-07,-0.008874
5.3429118E-07,-0.012423
5.3434118E-07,-0.015381
5.3439118E-07,-0.017746
5.3444118E-07,-0.019915
5.3449118E-07,-0.021493
5.3454118E-07,-0.022478
5.3459118E-07,-0.023070
5.3464118E-07,-0.023267
5.3469118E-07,-0.023070
5.3474118E-07,-0.022478
5.3479118E-07,-0.021690
5.3484118E-07,-0.020507
5.3489118E-07,-0.019127
5.3494118E-07,-0.017352
5.3499118E-07,-0.015578
5.3504118E-07,-0.013803
5.3509118E-07,-0.011634
5.3514118E-07,-0.009466
5.3519118E-07,-0.007100
5.3524118E-07,-0.004734
5.3529118E-07,-0.002171
5.3534118E-07,0.000392
5.3539118E-07,0.003350
5.3544118E-07,0.006307
5.3549118E-07,0.009462
5.3554118E-07,0.012616
5.3559118E-07,0.015968
5.3564118E-07,0.019517
5.3569118E-07,0.023263
5.3574118E-07,0.026812
5.3579118E-07,0.030558
5.3584118E-07,0.034304
5.3589118E-07,0.037656
5.3594118E-07,0.041008
5.3599118E-07,0.044162
5.3604118E-07,0.046922
5.3609118E-07,0.049486
5.3614118E-07,0.051457
5.3619118E-07,0.053034
5.3624118E-07,0.054217
5.3629118E-07,0.054809
5.3634118E-07,0.055006
5.3639118E-07,0.054612
5.3644118E-07,0.053823
5.3649118E-07,0.052640
5.3654118E-07,0.051260
5.3659118E-07,0.049486
5.3664118E-07,0.047514
5.3669118E-07,0.045739
5.3674118E-07,0.043768
5.3679118E-07,0.041796
5.3684118E-07,0.040219
5.3689118E-07,0.038839
5.3694118E-07,0.037656
5.3699118E-07,0.036867
5.3704118E-07,0.036473
5.3709118E-07,0.036276
5.3714118E-07,0.036670
5.3719118E-07,0.037262
5.3724118E-07,0.038050
5.3729118E-07,0.039233
5.3734118E-07,0.040613
5.3739118E-07,0.041993
5.3744118E-07,0.043571
5.3749118E-07,0.044951
5.3754118E-07,0.046528
5.3759118E-07,0.047908
5.3764118E-07,0.049288
5.3769118E-07,0.050471
5.3774118E-07,0.051457
5.3779118E-07,0.052443
5.3784118E-07,0.053232
5.3789118E-07,0.054020
5.3794118E-07,0.054612
5.3799118E-07,0.055400
5.3804118E-07,0.055992
5.3809118E-07,0.056780
5.3814118E-07,0.057766
5.3819118E-07,0.058752
5.3824118E-07,0.060132
5.3829118E-07,0.061512
5.3834118E-07,0.063090
5.3839118E-07,0.065061
5.3844118E-07,0.067033
5.3849118E-07,0.069202
5.3854118E-07,0.071370
5.3859118E-07,0.073736
5.3864118E-07,0.076102
5.3869118E-07,0.078271
5.3874118E-07,0.080440
5.3879118E-07,0.082411
5.3884118E-07,0.084186
5.3889118E-07,0.085763
5.3894118E-07,0.086946
5.3899118E-07,0.087932
5.3904118E-07,0.088523
5.3909118E-07,0.088721
5.3914118E-07,0.088721
5.3919118E-07,0.088523
5.3924118E-07,0.087932
5.3929118E-07,0.087143
5.3934118E-07,0.086355
5.3939118E-07,0.085369
5.3944118E-07,0.084186
5.3949118E-07,0.083003
5.3954118E-07,0.081820
5.3959118E-07,0.080637
5.3964118E-07,0.079454
5.3969118E-07,0.078271
5.3974118E-07,0.077285
5.3979118E-07,0.076102
5.3984118E-07,0.074919
5.3989118E-07,0.073934
5.3994118E-07,0.072751
5.3999118E-07,0.071568
5.4004118E-07,0.070187
5.4009118E-07,0.068807
5.4014118E-07,0.067033
5.4019118E-07,0.065456
5.4024118E-07,0.063484
5.4029118E-07,0.061512
5.4034118E-07,0.059344
5.4039118E-07,0.057175
5.4044118E-07,0.055006
5.4049118E-07,0.052640
5.4054118E-07,0.050471
5.4059118E-07,0.048303
5.4064118E-07,0.046331
5.4069118E-07,0.044556
5.4074118E-07,0.042979
5.4079118E-07,0.041599
5.4084118E-07,0.040613
5.4089118E-07,0.040022
5.4094118E-07,0.039825
5.4099118E-07,0.039825
5.4104118E-07,0.040219
5.4109118E-07,0.040810
5.4114118E-07,0.041599
5.4119118E-07,0.042782
5.4124118E-07,0.043965
5.4129118E-07,0.045345
5.4134118E-07,0.046725
5.4139118E-07,0.048105
5.4144118E-07,0.049288
5.4149118E-07,0.050471
5.4154118E-07,0.051457
5.4159118E-07,0.052246
5.4164118E-07,0.052837
5.4169118E-07,0.053232
5.4174118E-07,0.053429
5.4179118E-07,0.053429
5.4184118E-07,0.053232
5.4189118E-07,0.053034
5.4194118E-07,0.052640
5.4199118E-07,0.052246
5.4204118E-07,0.051851
5.4209118E-07,0.051654
5.4214118E-07,0.051457
5.4219118E-07,0.051260
5.4224118E-07,0.051260
5.4229118E-07,0.051457
5.4234118E-07,0.051654
5.4239118E-07,0.052049
5.4244118E-07,0.052640
5.4249118E-07,0.053232
5.4254118E-07,0.054020
5.4259118E-07,0.054612
5.4264118E-07,0.055400
5.4269118E-07,0.055992
5.4274118E-07,0.056386
5.4279118E-07,0.056583
5.4284118E-07,0.056780
5.4289118E-07,0.056780
5.4294118E-07,0.056386
5.4299118E-07,0.055795
5.4304118E-07,0.055006
5.4309118E-07,0.054217
5.4314118E-07,0.053034
5.4319118E-07,0.051851
5.4324118E-07,0.050471
5.4329118E-07,0.049091
5.4334118E-07,0.047711
5.4339118E-07,0.046528
5.4344118E-07,0.045148
5.4349118E-07,0.044162
5.4354118E-07,0.042979
5.4359118E-07,0.042191
5.4364118E-07,0.041402
5.4369118E-07,0.040810
5.4374118E-07,0.040219
5.4379118E-07,0.039825
5.4384118E-07,0.039430
5.4389118E-07,0.039036
5.4394118E-07,0.038642
5.4399118E-07,0.038247
5.4404118E-07,0.037656
5.4409118E-07,0.036867
5.4414118E-07,0.036079
5.4419118E-07,0.035093
5.4424118E-07,0.033910
5.4429118E-07,0.032727
5.4434118E-07,0.031150
5.4439118E-07,0.029769
5.4444118E-07,0.028192
5.4449118E-07,0.026418
5.4454118E-07,0.025038
5.4459118E-07,0.023460
5.4464118E-07,0.022277
5.4469118E-07,0.021094
5.4474118E-07,0.020108
5.4479118E-07,0.019517
5.4484118E-07,0.019123
5.4489118E-07,0.018926
5.4494118E-07,0.019123
5.4499118E-07,0.019320
5.4504118E-07,0.019714
5.4509118E-07,0.020306
5.4514118E-07,0.020897
5.4519118E-07,0.021291
5.4524118E-07,0.021686
5.4529118E-07,0.021686
5.4534118E-07,0.021489
5.4539118E-07,0.020897
5.4544118E-07,0.019911
5.4549118E-07,0.018531
5.4554118E-07,0.016560
5.4559118E-07,0.013996
5.4564118E-07,0.010842
5.4569118E-07,0.007293
5.4574118E-07,0.003350
5.4579118E-07,-0.000988
5.4584118E-07,-0.005720
5.4589118E-07,-0.010452
5.4594118E-07,-0.015578
5.4599118E-07,-0.020507
5.4604118E-07,-0.025436
5.4609118E-07,-0.029970
5.4614118E-07,-0.034308
5.4619118E-07,-0.038251
5.4624118E-07,-0.041800
5.4629118E-07,-0.044758
5.4634118E-07,-0.047124
5.4639118E-07,-0.048701
5.4644118E-07,-0.049884
5.4649118E-07,-0.050475
5.4654118E-07,-0.050278
5.4659118E-07,-0.049687
5.4664118E-07,-0.048701
5.4669118E-07,-0.047124
5.4674118E-07,-0.045152
5.4679118E-07,-0.042786
5.4684118E-07,-0.040420
5.4689118E-07,-0.037660
5.4694118E-07,-0.034702
5.4699118E-07,-0.031745
5.4704118E-07,-0.028788
5.4709118E-07,-0.025830
5.4714118E-07,-0.022676
5.4719118E-07,-0.019521
5.4724118E-07,-0.016564
5.4729118E-07,-0.013409
5.4734118E-07,-0.010254
5.4739118E-07,-0.007100
5.4744118E-07,-0.003748
5.4749118E-07,-0.000396
5.4754118E-07,0.002955
5.4759118E-07,0.006307
5.4764118E-07,0.009856
5.4769118E-07,0.013405
5.4774118E-07,0.017151
5.4779118E-07,0.020897
5.4784118E-07,0.024446
5.4789118E-07,0.028192
5.4794118E-07,0.031741
5.4799118E-07,0.035290
5.4804118E-07,0.038642
5.4809118E-07,0.041993
5.4814118E-07,0.044951
5.4819118E-07,0.047711
5.4824118E-07,0.050274
5.4829118E-07,0.052640
5.4834118E-07,0.054809
5.4839118E-07,0.056583
5.4844118E-07,0.058358
5.4849118E-07,0.059738
5.4854118E-07,0.060921
5.4859118E-07,0.062104
5.4864118E-07,0.062892
5.4869118E-07,0.063878
5.4874118E-07,0.064470
5.4879118E-07,0.065258
5.4884118E-07,0.065850
5.4889118E-07,0.066441
5.4894118E-07,0.067033
5.4899118E-07,0.067624
5.4904118E-07,0.068019
5.4909118E-07,0.068610
5.4914118E-07,0.069004
5.4919118E-07,0.069202
5.4924118E-07,0.069399
5.4929118E-07,0.069596
5.4934118E-07,0.069399
5.4939118E-07,0.069202
5.4944118E-07,0.068610
5.4949118E-07,0.068019
5.4954118E-07,0.067230
5.4959118E-07,0.066244
5.4964118E-07,0.065061
5.4969118E-07,0.063681
5.4974118E-07,0.062104
5.4979118E-07,0.060527
5.4984118E-07,0.058752
5.4989118E-07,0.057175
5.4994118E-07,0.055400
5.4999118E-07,0.053823
5.5004118E-07,0.052246
5.5009118E-07,0.050668
5.5014118E-07,0.049288
5.5019118E-07,0.048105
5.5024118E-07,0.046922
5.5029118E-07,0.045937
5.5034118E-07,0.045148
5.5039118E-07,0.044359
5.5044118E-07,0.043571
5.5049118E-07,0.042979
5.5054118E-07,0.042388
5.5059118E-07,0.041599
5.5064118E-07,0.041008
5.5069118E-07,0.040219
5.5074118E-07,0.039627
5.5079118E-07,0.038642
5.5084118E-07,0.037853
5.5089118E-07,0.036867
5.5094118E-07,0.036079
5.5099118E-07,0.035093
5.5104118E-07,0.034304
5.5109118E-07,0.033515
5.5114118E-07,0.032924
5.5119118E-07,0.032332
5.5124118E-07,0.032135
5.5129118E-07,0.032332
5.5134118E-07,0.032530
5.5139118E-07,0.033318
5.5144118E-07,0.034304
5.5149118E-07,0.035881
5.5154118E-07,0.037656
5.5159118E-07,0.039627
5.5164118E-07,0.042191
5.5169118E-07,0.044754
5.5174118E-07,0.047514
5.5179118E-07,0.050471
5.5184118E-07,0.053626
5.5189118E-07,0.056583
5.5194118E-07,0.059344
5.5199118E-07,0.062104
5.5204118E-07,0.064667
5.5209118E-07,0.066639
5.5214118E-07,0.068413
5.5219118E-07,0.069793
5.5224118E-07,0.070582
5.5229118E-07,0.071173
5.5234118E-07,0.070976
5.5239118E-07,0.070582
5.5244118E-07,0.069596
5.5249118E-07,0.068413
5.5254118E-07,0.066836
5.5259118E-07,0.064864
5.5264118E-07,0.062695
5.5269118E-07,0.060329
5.5274118E-07,0.057963
5.5279118E-07,0.055598
5.5284118E-07,0.053034
5.5289118E-07,0.050668
5.5294118E-07,0.048303
5.5299118E-07,0.046134
5.5304118E-07,0.043965
5.5309118E-07,0.041993
5.5314118E-07,0.040022
5.5319118E-07,0.038247
5.5324118E-07,0.036473
5.5329118E-07,0.034896
5.5334118E-07,0.033121
5.5339118E-07,0.031347
5.5344118E-07,0.029769
5.5349118E-07,0.027995
5.5354118E-07,0.026220
5.5359118E-07,0.024249
5.5364118E-07,0.022277
5.5369118E-07,0.020306
5.5374118E-07,0.018137
5.5379118E-07,0.016165
5.5384118E-07,0.014194
5.5389118E-07,0.012419
5.5394118E-07,0.010645
5.5399118E-07,0.009067
5.5404118E-07,0.007687
5.5409118E-07,0.006702
5.5414118E-07,0.005913
5.5419118E-07,0.005519
5.5424118E-07,0.005519
5.5429118E-07,0.005913
5.5434118E-07,0.006504
5.5439118E-07,0.007687
5.5444118E-07,0.009067
5.5449118E-07,0.010645
5.5454118E-07,0.012616
5.5459118E-07,0.014785
5.5464118E-07,0.016954
5.5469118E-07,0.019320
5.5474118E-07,0.021489
5.5479118E-07,0.023855
5.5484118E-07,0.025826
5.5489118E-07,0.027798
5.5494118E-07,0.029572
5.5499118E-07,0.031150
5.5504118E-07,0.032332
5.5509118E-07,0.033318
5.5514118E-07,0.033910
5.5519118E-07,0.034304
5.5524118E-07,0.034501
5.5529118E-07,0.034304
5.5534118E-07,0.033910
5.5539118E-07,0.033515
5.5544118E-07,0.032727
5.5549118E-07,0.031938
5.5554118E-07,0.031150
5.5559118E-07,0.030164
5.5564118E-07,0.029178
5.5569118E-07,0.028192
5.5574118E-07,0.027206
5.5579118E-07,0.026220
5.5584118E-07,0.025235
5.5589118E-07,0.024249
5.5594118E-07,0.023263
5.5599118E-07,0.022277
5.5604118E-07,0.021291
5.5609118E-07,0.020306
5.5614118E-07,0.019320
5.5619118E-07,0.018334
5.5624118E-07,0.017348
5.5629118E-07,0.016165
5.5634118E-07,0.015179
5.5639118E-07,0.014194
5.5644118E-07,0.013208
5.5649118E-07,0.012222
5.5654118E-07,0.011433
5.5659118E-07,0.010842
5.5664118E-07,0.010250
5.5669118E-07,0.009856
5.5674118E-07,0.009659
5.5679118E-07,0.009462
5.5684118E-07,0.009659
5.5689118E-07,0.010053
5.5694118E-07,0.010645
5.5699118E-07,0.011433
5.5704118E-07,0.012222
5.5709118E-07,0.013208
5.5714118E-07,0.014391
5.5719118E-07,0.015574
5.5724118E-07,0.016954
5.5729118E-07,0.018137
5.5734118E-07,0.019320
5.5739118E-07,0.020503
5.5744118E-07,0.021686
5.5749118E-07,0.022672
5.5754118E-07,0.023460
5.5759118E-07,0.024052
5.5764118E-07,0.024643
5.5769118E-07,0.025038
5.5774118E-07,0.025432
5.5779118E-07,0.025629
5.5784118E-07,0.025629
5.5789118E-07,0.025826
5.5794118E-07,0.025826
5.5799118E-07,0.025826
5.5804118E-07,0.025826
5.5809118E-07,0.025826
5.5814118E-07,0.026023
5.5819118E-07,0.026220
5.5824118E-07,0.026615
5.5829118E-07,0.027009
5.5834118E-07,0.027601
5.5839118E-07,0.028192
5.5844118E-07,0.028981
5.5849118E-07,0.029769
5.5854118E-07,0.030558
5.5859118E-07,0.031347
5.5864118E-07,0.032332
5.5869118E-07,0.033121
5.5874118E-07,0.033910
5.5879118E-07,0.034501
5.5884118E-07,0.035290
5.5889118E-07,0.035684
5.5894118E-07,0.036276
5.5899118E-07,0.036473
5.5904118E-07,0.036670
5.5909118E-07,0.036867
5.5914118E-07,0.036867
5.5919118E-07,0.036867
5.5924118E-07,0.036867
5.5929118E-07,0.036670
5.5934118E-07,0.036670
5.5939118E-07,0.036473
5.5944118E-07,0.036473
5.5949118E-07,0.036276
5.5954118E-07,0.036276
5.5959118E-07,0.036276
5.5964118E-07,0.036276
5.5969118E-07,0.036473
5.5974118E-07,0.036473
5.5979118E-07,0.036473
5.5984118E-07,0.036473
5.5989118E-07,0.036276
5.5994118E-07,0.036079
5.5999118E-07,0.035881
5.6004118E-07,0.035487
5.6009118E-07,0.034896
5.6014118E-07,0.034304
5.6019118E-07,0.033515
5.6024118E-07,0.032727
5.6029118E-07,0.031741
5.6034118E-07,0.030755
5.6039118E-07,0.029769
5.6044118E-07,0.028784
5.6049118E-07,0.027798
5.6054118E-07,0.027009
5.6059118E-07,0.026418
5.6064118E-07,0.025826
5.6069118E-07,0.025629
5.6074118E-07,0.025629
5.6079118E-07,0.025826
5.6084118E-07,0.026418
5.6089118E-07,0.027403
5.6094118E-07,0.028389
5.6099118E-07,0.029769
5.6104118E-07,0.031347
5.6109118E-07,0.033121
5.6114118E-07,0.034896
5.6119118E-07,0.036867
5.6124118E-07,0.038642
5.6129118E-07,0.040613
5.6134118E-07,0.042191
5.6139118E-07,0.043768
5.6144118E-07,0.044951
5.6149118E-07,0.045937
5.6154118E-07,0.046528
5.6159118E-07,0.046725
5.6164118E-07,0.046725
5.6169118E-07,0.046331
5.6174118E-07,0.045542
5.6179118E-07,0.044359
5.6184118E-07,0.042979
5.6189118E-07,0.041205
5.6194118E-07,0.039233
5.6199118E-07,0.037262
5.6204118E-07,0.034896
5.6209118E-07,0.032530
5.6214118E-07,0.029967
5.6219118E-07,0.027601
5.6224118E-07,0.025038
5.6229118E-07,0.022474
5.6234118E-07,0.019911
5.6239118E-07,0.017348
5.6244118E-07,0.014785
5.6249118E-07,0.012419
5.6254118E-07,0.009856
5.6259118E-07,0.007490
5.6264118E-07,0.005124
5.6269118E-07,0.002758
5.6274118E-07,0.000392
5.6279118E-07,-0.001974
5.6284118E-07,-0.004340
5.6289118E-07,-0.006508
5.6294118E-07,-0.008480
5.6299118E-07,-0.010649
5.6304118E-07,-0.012423
5.6309118E-07,-0.014000
5.6314118E-07,-0.015381
5.6319118E-07,-0.016564
5.6324118E-07,-0.017549
5.6329118E-07,-0.018141
5.6334118E-07,-0.018338
5.6339118E-07,-0.018338
5.6344118E-07,-0.017746
5.6349118E-07,-0.016958
5.6354118E-07,-0.015972
5.6359118E-07,-0.014395
5.6364118E-07,-0.012817
5.6369118E-07,-0.010846
5.6374118E-07,-0.008677
5.6379118E-07,-0.006311
5.6384118E-07,-0.003748
5.6389118E-07,-0.001382
5.6394118E-07,0.001181
5.6399118E-07,0.003744
5.6404118E-07,0.006110
5.6409118E-07,0.008476
5.6414118E-07,0.010645
5.6419118E-07,0.012814
5.6424118E-07,0.014785
5.6429118E-07,0.016560
5.6434118E-07,0.018334
5.6439118E-07,0.019911
5.6444118E-07,0.021291
5.6449118E-07,0.022672
5.6454118E-07,0.023855
5.6459118E-07,0.025235
5.6464118E-07,0.026418
5.6469118E-07,0.027601
5.6474118E-07,0.028981
5.6479118E-07,0.030164
5.6484118E-07,0.031544
5.6489118E-07,0.032727
5.6494118E-07,0.034107
5.6499118E-07,0.035487
5.6504118E-07,0.036867
5.6509118E-07,0.038050
5.6514118E-07,0.039233
5.6519118E-07,0.040416
5.6524118E-07,0.041402
5.6529118E-07,0.042191
5.6534118E-07,0.042979
5.6539118E-07,0.043571
5.6544118E-07,0.043768
5.6549118E-07,0.043965
5.6554118E-07,0.043965
5.6559118E-07,0.043768
5.6564118E-07,0.043374
5.6569118E-07,0.042979
5.6574118E-07,0.042388
5.6579118E-07,0.041599
5.6584118E-07,0.041008
5.6589118E-07,0.040219
5.6594118E-07,0.039430
5.6599118E-07,0.038839
5.6604118E-07,0.038247
5.6609118E-07,0.037853
5.6614118E-07,0.037262
5.6619118E-07,0.037064
5.6624118E-07,0.036867
5.6629118E-07,0.036867
5.6634118E-07,0.036867
5.6639118E-07,0.037064
5.6644118E-07,0.037262
5.6649118E-07,0.037459
5.6654118E-07,0.037656
5.6659118E-07,0.038050
5.6664118E-07,0.038247
5.6669118E-07,0.038642
5.6674118E-07,0.038839
5.6679118E-07,0.039036
5.6684118E-07,0.039430
5.6689118E-07,0.039627
5.6694118E-07,0.039825
5.6699118E-07,0.039825
5.6704118E-07,0.040022
5.6709118E-07,0.040416
5.6714118E-07,0.040613
5.6719118E-07,0.041008
5.6724118E-07,0.041402
5.6729118E-07,0.041796
5.6734118E-07,0.042388
5.6739118E-07,0.042979
5.6744118E-07,0.043571
5.6749118E-07,0.044359
5.6754118E-07,0.045148
5.6759118E-07,0.045937
5.6764118E-07,0.046528
5.6769118E-07,0.047317
5.6774118E-07,0.047908
5.6779118E-07,0.048303
5.6784118E-07,0.048697
5.6789118E-07,0.048894
5.6794118E-07,0.048894
5.6799118E-07,0.048697
5.6804118E-07,0.048303
5.6809118E-07,0.047711
5.6814118E-07,0.046922
5.6819118E-07,0.045937
5.6824118E-07,0.044951
5.6829118E-07,0.043768
5.6834118E-07,0.042585
5.6839118E-07,0.041205
5.6844118E-07,0.040022
5.6849118E-07,0.038839
5.6854118E-07,0.037656
5.6859118E-07,0.036670
5.6864118E-07,0.035684
5.6869118E-07,0.034896
5.6874118E-07,0.034304
5.6879118E-07,0.033713
5.6884118E-07,0.033318
5.6889118E-07,0.033121
5.6894118E-07,0.032924
5.6899118E-07,0.032924
5.6904118E-07,0.032924
5.6909118E-07,0.032727
5.6914118E-07,0.032727
5.6919118E-07,0.032727
5.6924118E-07,0.032530
5.6929118E-07,0.032332
5.6934118E-07,0.032135
5.6939118E-07,0.031741
5.6944118E-07,0.031347
5.6949118E-07,0.030755
5.6954118E-07,0.029967
5.6959118E-07,0.029178
5.6964118E-07,0.028389
5.6969118E-07,0.027601
5.6974118E-07,0.026615
5.6979118E-07,0.025629
5.6984118E-07,0.024643
5.6989118E-07,0.023657
5.6994118E-07,0.022672
5.6999118E-07,0.021883
5.7004118E-07,0.020897
5.7009118E-07,0.019911
5.7014118E-07,0.018926
5.7019118E-07,0.018137
5.7024118E-07,0.017151
5.7029118E-07,0.016165
5.7034118E-07,0.014982
5.7039118E-07,0.013996
5.7044118E-07,0.012814
5.7049118E-07,0.011631
5.7054118E-07,0.010250
5.7059118E-07,0.008870
5.7064118E-07,0.007490
5.7069118E-07,0.005913
5.7074118E-07,0.004533
5.7079118E-07,0.002955
5.7084118E-07,0.001575
5.7089118E-07,0.000195
5.7094118E-07,-0.001185
5.7099118E-07,-0.002171
5.7104118E-07,-0.003157
5.7109118E-07,-0.003945
5.7114118E-07,-0.004340
5.7119118E-07,-0.004537
5.7124118E-07,-0.004537
5.7129118E-07,-0.004142
5.7134118E-07,-0.003551
5.7139118E-07,-0.002565
5.7144118E-07,-0.001579
5.7149118E-07,-0.000002
5.7154118E-07,0.001575
5.7159118E-07,0.003153
5.7164118E-07,0.004927
5.7169118E-07,0.006899
5.7174118E-07,0.008673
5.7179118E-07,0.010448
5.7184118E-07,0.012025
5.7189118E-07,0.013405
5.7194118E-07,0.014588
5.7199118E-07,0.015574
5.7204118E-07,0.016165
5.7209118E-07,0.016362
5.7214118E-07,0.016362
5.7219118E-07,0.016165
5.7224118E-07,0.015574
5.7229118E-07,0.014588
5.7234118E-07,0.013602
5.7239118E-07,0.012419
5.7244118E-07,0.011039
5.7249118E-07,0.009462
5.7254118E-07,0.008082
5.7259118E-07,0.006504
5.7264118E-07,0.005321
5.7269118E-07,0.004138
5.7274118E-07,0.003153
5.7279118E-07,0.002364
5.7284118E-07,0.001970
5.7289118E-07,0.001772
5.7294118E-07,0.001970
5.7299118E-07,0.002364
5.7304118E-07,0.003153
5.7309118E-07,0.004138
5.7314118E-07,0.005519
5.7319118E-07,0.007096
5.7324118E-07,0.008870
5.7329118E-07,0.010842
5.7334118E-07,0.013011
5.7339118E-07,0.015377
5.7344118E-07,0.017743
5.7349118E-07,0.020108
5.7354118E-07,0.022474
5.7359118E-07,0.025038
5.7364118E-07,0.027403
5.7369118E-07,0.029769
5.7374118E-07,0.032135
5.7379118E-07,0.034501
5.7384118E-07,0.036867
5.7389118E-07,0.039036
5.7394118E-07,0.041205
5.7399118E-07,0.043374
5.7404118E-07,0.045345
5.7409118E-07,0.047317
5.7414118E-07,0.049091
5.7419118E-07,0.050866
5.7424118E-07,0.052443
5.7429118E-07,0.054020
5.7434118E-07,0.055400
5.7439118E-07,0.056583
5.7444118E-07,0.057766
5.7449118E-07,0.058555
5.7454118E-07,0.059146
5.7459118E-07,0.059738
5.7464118E-07,0.059935
5.7469118E-07,0.059935
5.7474118E-07,0.059738
5.7479118E-07,0.059344
5.7484118E-07,0.058752
5.7489118E-07,0.057963
5.7494118E-07,0.056978
5.7499118E-07,0.055795
5.7504118E-07,0.054612
5.7509118E-07,0.053232
5.7514118E-07,0.051851
5.7519118E-07,0.050471
5.7524118E-07,0.049091
5.7529118E-07,0.047711
5.7534118E-07,0.046331
5.7539118E-07,0.044951
5.7544118E-07,0.043768
5.7549118E-07,0.042585
5.7554118E-07,0.041599
5.7559118E-07,0.040613
5.7564118E-07,0.039627
5.7569118E-07,0.038839
5.7574118E-07,0.038050
5.7579118E-07,0.037459
5.7584118E-07,0.036867
5.7589118E-07,0.036079
5.7594118E-07,0.035487
5.7599118E-07,0.034896
5.7604118E-07,0.034304
5.7609118E-07,0.033515
5.7614118E-07,0.032727
5.7619118E-07,0.031938
5.7624118E-07,0.031150
5.7629118E-07,0.030164
5.7634118E-07,0.029375
5.7639118E-07,0.028389
5.7644118E-07,0.027206
5.7649118E-07,0.026220
5.7654118E-07,0.025235
5.7659118E-07,0.024052
5.7664118E-07,0.023066
5.7669118E-07,0.021883
5.7674118E-07,0.020897
5.7679118E-07,0.019714
5.7684118E-07,0.018728
5.7689118E-07,0.017743
5.7694118E-07,0.016757
5.7699118E-07,0.015771
5.7704118E-07,0.014785
5.7709118E-07,0.013996
5.7714118E-07,0.013011
5.7719118E-07,0.012222
5.7724118E-07,0.011433
5.7729118E-07,0.010448
5.7734118E-07,0.009659
5.7739118E-07,0.008870
5.7744118E-07,0.008279
5.7749118E-07,0.007490
5.7754118E-07,0.006899
5.7759118E-07,0.006307
5.7764118E-07,0.005913
5.7769118E-07,0.005716
5.7774118E-07,0.005519
5.7779118E-07,0.005519
5.7784118E-07,0.005716
5.7789118E-07,0.006110
5.7794118E-07,0.006702
5.7799118E-07,0.007490
5.7804118E-07,0.008279
5.7809118E-07,0.009462
5.7814118E-07,0.010842
5.7819118E-07,0.012222
5.7824118E-07,0.013996
5.7829118E-07,0.015771
5.7834118E-07,0.017545
5.7839118E-07,0.019517
5.7844118E-07,0.021489
5.7849118E-07,0.023657
5.7854118E-07,0.025826
5.7859118E-07,0.027798
5.7864118E-07,0.029769
5.7869118E-07,0.031938
5.7874118E-07,0.033910
5.7879118E-07,0.035684
5.7884118E-07,0.037656
5.7889118E-07,0.039233
5.7894118E-07,0.041008
5.7899118E-07,0.042585
5.7904118E-07,0.044162
5.7909118E-07,0.045542
5.7914118E-07,0.046922
5.7919118E-07,0.048105
5.7924118E-07,0.049288
5.7929118E-07,0.050274
5.7934118E-07,0.051260
5.7939118E-07,0.052049
5.7944118E-07,0.052837
5.7949118E-07,0.053429
5.7954118E-07,0.053823
5.7959118E-07,0.054020
5.7964118E-07,0.054217
5.7969118E-07,0.054020
5.7974118E-07,0.053823
5.7979118E-07,0.053626
5.7984118E-07,0.053034
5.7989118E-07,0.052640
5.7994118E-07,0.051851
5.7999118E-07,0.051260
5.8004118E-07,0.050471
5.8009118E-07,0.049683
5.8014118E-07,0.048894
5.8019118E-07,0.048105
5.8024118E-07,0.047514
5.8029118E-07,0.046922
5.8034118E-07,0.046331
5.8039118E-07,0.046134
5.8044118E-07,0.045937
5.8049118E-07,0.045739
5.8054118E-07,0.045937
5.8059118E-07,0.046134
5.8064118E-07,0.046331
5.8069118E-07,0.046725
5.8074118E-07,0.047317
5.8079118E-07,0.047711
5.8084118E-07,0.048303
5.8089118E-07,0.048894
5.8094118E-07,0.049288
5.8099118E-07,0.049880
5.8104118E-07,0.050274
5.8109118E-07,0.050471
5.8114118E-07,0.050668
5.8119118E-07,0.050668
5.8124118E-07,0.050471
5.8129118E-07,0.050274
5.8134118E-07,0.049683
5.8139118E-07,0.049091
5.8144118E-07,0.048500
5.8149118E-07,0.047514
5.8154118E-07,0.046528
5.8159118E-07,0.045345
5.8164118E-07,0.044162
5.8169118E-07,0.042782
5.8174118E-07,0.041205
5.8179118E-07,0.039627
5.8184118E-07,0.038050
5.8189118E-07,0.036276
5.8194118E-07,0.034501
5.8199118E-07,0.032530
5.8204118E-07,0.030558
5.8209118E-07,0.028586
5.8214118E-07,0.026418
5.8219118E-07,0.024446
5.8224118E-07,0.022277
5.8229118E-07,0.019911
5.8234118E-07,0.017743
5.8239118E-07,0.015574
5.8244118E-07,0.013208
5.8249118E-07,0.011039
5.8254118E-07,0.008870
5.8259118E-07,0.006702
5.8264118E-07,0.004730
5.8269118E-07,0.002758
5.8274118E-07,0.000984
5.8279118E-07,-0.000593
5.8284118E-07,-0.001974
5.8289118E-07,-0.003157
5.8294118E-07,-0.004142
5.8299118E-07,-0.004931
5.8304118E-07,-0.005522
5.8309118E-07,-0.005720
5.8314118E-07,-0.005720
5.8319118E-07,-0.005325
5.8324118E-07,-0.004734
5.8329118E-07,-0.003945
5.8334118E-07,-0.002959
5.8339118E-07,-0.001776
5.8344118E-07,-0.000593
5.8349118E-07,0.000984
5.8354118E-07,0.002561
5.8359118E-07,0.004138
5.8364118E-07,0.005913
5.8369118E-07,0.007490
5.8374118E-07,0.009067
5.8379118E-07,0.010645
5.8384118E-07,0.012222
5.8389118E-07,0.013602
5.8394118E-07,0.014785
5.8399118E-07,0.015968
5.8404118E-07,0.016954
5.8409118E-07,0.017743
5.8414118E-07,0.018531
5.8419118E-07,0.019320
5.8424118E-07,0.019911
5.8429118E-07,0.020306
5.8434118E-07,0.020897
5.8439118E-07,0.021291
5.8444118E-07,0.021686
5.8449118E-07,0.022080
5.8454118E-07,0.022474
5.8459118E-07,0.022869
5.8464118E-07,0.023460
5.8469118E-07,0.023855
5.8474118E-07,0.024446
5.8479118E-07,0.025038
5.8484118E-07,0.025432
5.8489118E-07,0.026023
5.8494118E-07,0.026418
5.8499118E-07,0.027009
5.8504118E-07,0.027403
5.8509118E-07,0.027798
5.8514118E-07,0.028192
5.8519118E-07,0.028389
5.8524118E-07,0.028784
5.8529118E-07,0.028981
5.8534118E-07,0.028981
5.8539118E-07,0.029178
5.8544118E-07,0.029375
5.8549118E-07,0.029375
5.8554118E-07,0.029572
5.8559118E-07,0.029967
5.8564118E-07,0.030164
5.8569118E-07,0.030558
5.8574118E-07,0.031150
5.8579118E-07,0.031741
5.8584118E-07,0.032332
5.8589118E-07,0.033318
5.8594118E-07,0.034107
5.8599118E-07,0.035290
5.8604118E-07,0.036276
5.8609118E-07,0.037459
5.8614118E-07,0.038642
5.8619118E-07,0.039825
5.8624118E-07,0.040810
5.8629118E-07,0.041796
5.8634118E-07,0.042782
5.8639118E-07,0.043571
5.8644118E-07,0.044359
5.8649118E-07,0.044951
5.8654118E-07,0.045148
5.8659118E-07,0.045345
5.8664118E-07,0.045345
5.8669118E-07,0.045345
5.8674118E-07,0.044951
5.8679118E-07,0.044556
5.8684118E-07,0.043965
5.8689118E-07,0.043374
5.8694118E-07,0.042782
5.8699118E-07,0.041993
5.8704118E-07,0.041205
5.8709118E-07,0.040613
5.8714118E-07,0.040022
5.8719118E-07,0.039430
5.8724118E-07,0.038839
5.8729118E-07,0.038444
5.8734118E-07,0.038050
5.8739118E-07,0.037656
5.8744118E-07,0.037459
5.8749118E-07,0.037262
5.8754118E-07,0.037262
5.8759118E-07,0.037262
5.8764118E-07,0.037262
5.8769118E-07,0.037262
5.8774118E-07,0.037262
5.8779118E-07,0.037262
5.8784118E-07,0.037262
5.8789118E-07,0.037064
5.8794118E-07,0.037064
5.8799118E-07,0.036867
5.8804118E-07,0.036670
5.8809118E-07,0.036473
5.8814118E-07,0.036079
5.8819118E-07,0.035881
5.8824118E-07,0.035487
5.8829118E-07,0.035290
5.8834118E-07,0.034896
5.8839118E-07,0.034698
5.8844118E-07,0.034304
5.8849118E-07,0.034304
5.8854118E-07,0.034107
5.8859118E-07,0.034107
5.8864118E-07,0.034304
5.8869118E-07,0.034304
5.8874118E-07,0.034698
5.8879118E-07,0.035093
5.8884118E-07,0.035487
5.8889118E-07,0.036079
5.8894118E-07,0.036670
5.8899118E-07,0.037459
5.8904118E-07,0.038247
5.8909118E-07,0.039036
5.8914118E-07,0.040022
5.8919118E-07,0.041008
5.8924118E-07,0.041993
5.8929118E-07,0.042979
5.8934118E-07,0.043965
5.8939118E-07,0.044951
5.8944118E-07,0.045937
5.8949118E-07,0.046922
5.8954118E-07,0.047908
5.8959118E-07,0.048894
5.8964118E-07,0.049880
5.8969118E-07,0.050866
5.8974118E-07,0.051851
5.8979118E-07,0.052837
5.8984118E-07,0.053626
5.8989118E-07,0.054415
5.8994118E-07,0.055203
5.8999118E-07,0.055795
5.9004118E-07,0.056386
5.9009118E-07,0.056780
5.9014118E-07,0.057175
5.9019118E-07,0.057175
5.9024118E-07,0.057175
5.9029118E-07,0.056978
5.9034118E-07,0.056583
5.9039118E-07,0.055992
5.9044118E-07,0.055203
5.9049118E-07,0.054020
5.9054118E-07,0.052837
5.9059118E-07,0.051457
5.9064118E-07,0.049880
5.9069118E-07,0.048105
5.9074118E-07,0.046331
5.9079118E-07,0.044359
5.9084118E-07,0.042191
5.9089118E-07,0.040022
5.9094118E-07,0.037853
5.9099118E-07,0.035487
5.9104118E-07,0.033121
5.9109118E-07,0.030952
5.9114118E-07,0.028586
5.9119118E-07,0.026220
5.9124118E-07,0.024052
5.9129118E-07,0.021686
5.9134118E-07,0.019517
5.9139118E-07,0.017151
5.9144118E-07,0.014982
5.9149118E-07,0.012814
5.9154118E-07,0.010842
5.9159118E-07,0.008673
5.9164118E-07,0.006702
5.9169118E-07,0.004730
5.9174118E-07,0.002758
5.9179118E-07,0.000984
5.9184118E-07,-0.000791
5.9189118E-07,-0.002565
5.9194118E-07,-0.003945
5.9199118E-07,-0.005325
5.9204118E-07,-0.006508
5.9209118E-07,-0.007494
5.9214118E-07,-0.008283
5.9219118E-07,-0.008874
5.9224118E-07,-0.009071
5.9229118E-07,-0.009071
5.9234118E-07,-0.008677
5.9239118E-07,-0.008086
5.9244118E-07,-0.007100
5.9249118E-07,-0.005720
5.9254118E-07,-0.004142
5.9259118E-07,-0.002368
5.9264118E-07,-0.000396
5.9269118E-07,0.001970
5.9274118E-07,0.004336
5.9279118E-07,0.006899
5.9284118E-07,0.009462
5.9289118E-07,0.012222
5.9294118E-07,0.014785
5.9299118E-07,0.017348
5.9304118E-07,0.019911
5.9309118E-07,0.022277
5.9314118E-07,0.024446
5.9319118E-07,0.026418
5.9324118E-07,0.028192
5.9329118E-07,0.029769
5.9334118E-07,0.031150
5.9339118E-07,0.032332
5.9344118E-07,0.033318
5.9349118E-07,0.034107
5.9354118E-07,0.034698
5.9359118E-07,0.035290
5.9364118E-07,0.035684
5.9369118E-07,0.036079
5.9374118E-07,0.036276
5.9379118E-07,0.036670
5.9384118E-07,0.036867
5.9389118E-07,0.037064
5.9394118E-07,0.037262
5.9399118E-07,0.037459
5.9404118E-07,0.037656
5.9409118E-07,0.037656
5.9414118E-07,0.037853
5.9419118E-07,0.037656
5.9424118E-07,0.037459
5.9429118E-07,0.037262
5.9434118E-07,0.036670
5.9439118E-07,0.036079
5.9444118E-07,0.035290
5.9449118E-07,0.034304
5.9454118E-07,0.033121
5.9459118E-07,0.031741
5.9464118E-07,0.030164
5.9469118E-07,0.028586
5.9474118E-07,0.027009
5.9479118E-07,0.025432
5.9484118E-07,0.023657
5.9489118E-07,0.022080
5.9494118E-07,0.020700
5.9499118E-07,0.019517
5.9504118E-07,0.018334
5.9509118E-07,0.017545
5.9514118E-07,0.016954
5.9519118E-07,0.016560
5.9524118E-07,0.016560
5.9529118E-07,0.016560
5.9534118E-07,0.016954
5.9539118E-07,0.017545
5.9544118E-07,0.018137
5.9549118E-07,0.018926
5.9554118E-07,0.019911
5.9559118E-07,0.020700
5.9564118E-07,0.021489
5.9569118E-07,0.022277
5.9574118E-07,0.022869
5.9579118E-07,0.023460
5.9584118E-07,0.023657
5.9589118E-07,0.023855
5.9594118E-07,0.023855
5.9599118E-07,0.023855
5.9604118E-07,0.023460
5.9609118E-07,0.023066
5.9614118E-07,0.022672
5.9619118E-07,0.022277
5.9624118E-07,0.021883
5.9629118E-07,0.021489
5.9634118E-07,0.021291
5.9639118E-07,0.021094
5.9644118E-07,0.021291
5.9649118E-07,0.021489
5.9654118E-07,0.021883
5.9659118E-07,0.022474
5.9664118E-07,0.023263
5.9669118E-07,0.024249
5.9674118E-07,0.025432
5.9679118E-07,0.026615
5.9684118E-07,0.027995
5.9689118E-07,0.029178
5.9694118E-07,0.030558
5.9699118E-07,0.031741
5.9704118E-07,0.032924
5.9709118E-07,0.034107
5.9714118E-07,0.034896
5.9719118E-07,0.035684
5.9724118E-07,0.036276
5.9729118E-07,0.036670
5.9734118E-07,0.036867
5.9739118E-07,0.037064
5.9744118E-07,0.036867
5.9749118E-07,0.036670
5.9754118E-07,0.036276
5.9759118E-07,0.035881
5.9764118E-07,0.035290
5.9769118E-07,0.034698
5.9774118E-07,0.034107
5.9779118E-07,0.033318
5.9784118E-07,0.032727
5.9789118E-07,0.031938
5.9794118E-07,0.031347
5.9799118E-07,0.030558
5.9804118E-07,0.029769
5.9809118E-07,0.028981
5.9814118E-07,0.028192
5.9819118E-07,0.027206
5.9824118E-07,0.026220
5.9829118E-07,0.025432
5.9834118E-07,0.024446
5.9839118E-07,0.023460
5.9844118E-07,0.022277
5.9849118E-07,0.021291
5.9854118E-07,0.020306
5.9859118E-07,0.019320
5.9864118E-07,0.018531
5.9869118E-07,0.017743
5.9874118E-07,0.017151
5.9879118E-07,0.016560
5.9884118E-07,0.016165
5.9889118E-07,0.015968
5.9894118E-07,0.015968
5.9899118E-07,0.016165
5.9904118E-07,0.016362
5.9909118E-07,0.016954
5.9914118E-07,0.017348
5.9919118E-07,0.018137
5.9924118E-07,0.018728
5.9929118E-07,0.019320
5.9934118E-07,0.019911
5.9939118E-07,0.020503
5.9944118E-07,0.020897
5.9949118E-07,0.020897
5.9954118E-07,0.020897
5.9959118E-07,0.020503
5.9964118E-07,0.019714
5.9969118E-07,0.018728
5.9974118E-07,0.017348
5.9979118E-07,0.015574
5.9984118E-07,0.013602
5.9989118E-07,0.011236
5.9994118E-07,0.008476
5.9999118E-07,0.005716
6.0004118E-07,0.002561
6.0009118E-07,-0.000593
6.0014118E-07,-0.003748
6.0019118E-07,-0.007100
6.0024118E-07,-0.010254
6.0029118E-07,-0.013212
6.0034118E-07,-0.015972
6.0039118E-07,-0.018732
6.0044118E-07,-0.020901
6.0049118E-07,-0.023070
6.0054118E-07,-0.024647
6.0059118E-07,-0.026027
6.0064118E-07,-0.027013
6.0069118E-07,-0.027605
6.0074118E-07,-0.027999
6.0079118E-07,-0.027999
6.0084118E-07,-0.027802
6.0089118E-07,-0.027407
6.0094118E-07,-0.026816
6.0099118E-07,-0.026027
6.0104118E-07,-0.025239
6.0109118E-07,-0.024253
6.0114118E-07,-0.023464
6.0119118E-07,-0.022478
6.0124118E-07,-0.021690
6.0129118E-07,-0.020901
6.0134118E-07,-0.020112
6.0139118E-07,-0.019521
6.0144118E-07,-0.018732
6.0149118E-07,-0.018338
6.0154118E-07,-0.017746
6.0159118E-07,-0.017352
6.0164118E-07,-0.016958
6.0169118E-07,-0.016564
6.0174118E-07,-0.015972
6.0179118E-07,-0.015578
6.0184118E-07,-0.015183
6.0189118E-07,-0.014592
6.0194118E-07,-0.014198
6.0199118E-07,-0.013606
6.0204118E-07,-0.013015
6.0209118E-07,-0.012423
6.0214118E-07,-0.011832
6.0219118E-07,-0.011043
6.0224118E-07,-0.010452
6.0229118E-07,-0.009860
6.0234118E-07,-0.009269
6.0239118E-07,-0.008480
6.0244118E-07,-0.007888
6.0249118E-07,-0.007100
6.0254118E-07,-0.006508
6.0259118E-07,-0.005720
6.0264118E-07,-0.004931
6.0269118E-07,-0.004142
6.0274118E-07,-0.003157
6.0279118E-07,-0.002171
6.0284118E-07,-0.001185
6.0289118E-07,-0.000002
6.0294118E-07,0.001378
6.0299118E-07,0.002758
6.0304118E-07,0.004138
6.0309118E-07,0.005716
6.0314118E-07,0.007293
6.0319118E-07,0.008870
6.0324118E-07,0.010448
6.0329118E-07,0.012025
6.0334118E-07,0.013602
6.0339118E-07,0.014982
6.0344118E-07,0.016165
6.0349118E-07,0.017151
6.0354118E-07,0.017940
6.0359118E-07,0.018531
6.0364118E-07,0.018728
6.0369118E-07,0.018926
6.0374118E-07,0.018531
6.0379118E-07,0.018137
6.0384118E-07,0.017348
6.0389118E-07,0.016362
6.0394118E-07,0.015179
6.0399118E-07,0.013799
6.0404118E-07,0.012222
6.0409118E-07,0.010645
6.0414118E-07,0.009067
6.0419118E-07,0.007293
6.0424118E-07,0.005716
6.0429118E-07,0.004336
6.0434118E-07,0.002955
6.0439118E-07,0.001575
6.0444118E-07,0.000590
6.0449118E-07,-0.000396
6.0454118E-07,-0.000988
6.0459118E-07,-0.001579
6.0464118E-07,-0.001776
6.0469118E-07,-0.001776
6.0474118E-07,-0.001776
6.0479118E-07,-0.001382
6.0484118E-07,-0.000988
6.0489118E-07,-0.000199
6.0494118E-07,0.000590
6.0499118E-07,0.001575
6.0504118E-07,0.002758
6.0509118E-07,0.003941
6.0514118E-07,0.005321
6.0519118E-07,0.006899
6.0524118E-07,0.008476
6.0529118E-07,0.010448
6.0534118E-07,0.012419
6.0539118E-07,0.014588
6.0544118E-07,0.016757
6.0549118E-07,0.019123
6.0554118E-07,0.021686
6.0559118E-07,0.024446
6.0564118E-07,0.027206
6.0569118E-07,0.029967
6.0574118E-07,0.032924
6.0579118E-07,0.035881
6.0584118E-07,0.038642
6.0589118E-07,0.041599
6.0594118E-07,0.044162
6.0599118E-07,0.046725
6.0604118E-07,0.048894
6.0609118E-07,0.050866
6.0614118E-07,0.052443
6.0619118E-07,0.053823
6.0624118E-07,0.054612
6.0629118E-07,0.055006
6.0634118E-07,0.055006
6.0639118E-07,0.054612
6.0644118E-07,0.053626
6.0649118E-07,0.052246
6.0654118E-07,0.050471
6.0659118E-07,0.048303
6.0664118E-07,0.045739
6.0669118E-07,0.042979
6.0674118E-07,0.039825
6.0679118E-07,0.036473
6.0684118E-07,0.033121
6.0689118E-07,0.029572
6.0694118E-07,0.026023
6.0699118E-07,0.022672
6.0704118E-07,0.019123
6.0709118E-07,0.015968
6.0714118E-07,0.012814
6.0719118E-07,0.009856
6.0724118E-07,0.007293
6.0729118E-07,0.004730
6.0734118E-07,0.002561
6.0739118E-07,0.000590
6.0744118E-07,-0.001185
6.0749118E-07,-0.002762
6.0754118E-07,-0.003945
6.0759118E-07,-0.005128
6.0764118E-07,-0.005917
6.0769118E-07,-0.006705
6.0774118E-07,-0.007100
6.0779118E-07,-0.007494
6.0784118E-07,-0.007691
6.0789118E-07,-0.007888
6.0794118E-07,-0.007691
6.0799118E-07,-0.007494
6.0804118E-07,-0.007100
6.0809118E-07,-0.006508
6.0814118E-07,-0.005720
6.0819118E-07,-0.004734
6.0824118E-07,-0.003748
6.0829118E-07,-0.002565
6.0834118E-07,-0.001382
6.0839118E-07,0.000195
6.0844118E-07,0.001575
6.0849118E-07,0.003153
6.0854118E-07,0.004730
6.0859118E-07,0.006110
6.0864118E-07,0.007490
6.0869118E-07,0.008870
6.0874118E-07,0.009856
6.0879118E-07,0.010842
6.0884118E-07,0.011433
6.0889118E-07,0.011828
6.0894118E-07,0.011828
6.0899118E-07,0.011433
6.0904118E-07,0.010645
6.0909118E-07,0.009659
6.0914118E-07,0.008279
6.0919118E-07,0.006504
6.0924118E-07,0.004730
6.0929118E-07,0.002364
6.0934118E-07,-0.000002
6.0939118E-07,-0.002565
6.0944118E-07,-0.005128
6.0949118E-07,-0.007691
6.0954118E-07,-0.010452
6.0959118E-07,-0.013015
6.0964118E-07,-0.015381
6.0969118E-07,-0.017549
6.0974118E-07,-0.019718
6.0979118E-07,-0.021493
6.0984118E-07,-0.023070
6.0989118E-07,-0.024450
6.0994118E-07,-0.025830
6.0999118E-07,-0.026816
6.1004118E-07,-0.027605
6.1009118E-07,-0.028196
6.1014118E-07,-0.028788
6.1019118E-07,-0.029182
6.1024118E-07,-0.029576
6.1029118E-07,-0.029970
6.1034118E-07,-0.030168
6.1039118E-07,-0.030365
6.1044118E-07,-0.030562
6.1049118E-07,-0.030759
6.1054118E-07,-0.030956
6.1059118E-07,-0.030956
6.1064118E-07,-0.030956
6.1069118E-07,-0.030956
6.1074118E-07,-0.030759
6.1079118E-07,-0.030562
6.1084118E-07,-0.030168
6.1089118E-07,-0.029576
6.1094118E-07,-0.028788
6.1099118E-07,-0.027999
6.1104118E-07,-0.026816
6.1109118E-07,-0.025633
6.1114118E-07,-0.024253
6.1119118E-07,-0.022676
6.1124118E-07,-0.021098
6.1129118E-07,-0.019324
6.1134118E-07,-0.017549
6.1139118E-07,-0.015775
6.1144118E-07,-0.014198
6.1149118E-07,-0.012423
6.1154118E-07,-0.010846
6.1159118E-07,-0.009269
6.1164118E-07,-0.007888
6.1169118E-07,-0.006705
6.1174118E-07,-0.005522
6.1179118E-07,-0.004537
6.1184118E-07,-0.003551
6.1189118E-07,-0.002565
6.1194118E-07,-0.001776
6.1199118E-07,-0.000988
6.1204118E-07,-0.000002
6.1209118E-07,0.000787
6.1214118E-07,0.001772
6.1219118E-07,0.002758
6.1224118E-07,0.003941
6.1229118E-07,0.005124
6.1234118E-07,0.006504
6.1239118E-07,0.007884
6.1244118E-07,0.009462
6.1249118E-07,0.011039
6.1254118E-07,0.012616
6.1259118E-07,0.013996
6.1264118E-07,0.015574
6.1269118E-07,0.016954
6.1274118E-07,0.018334
6.1279118E-07,0.019517
6.1284118E-07,0.020503
6.1289118E-07,0.021094
6.1294118E-07,0.021686
6.1299118E-07,0.022080
6.1304118E-07,0.022080
6.1309118E-07,0.021883
6.1314118E-07,0.021489
6.1319118E-07,0.021094
6.1324118E-07,0.020503
6.1329118E-07,0.019714
6.1334118E-07,0.018926
6.1339118E-07,0.017940
6.1344118E-07,0.017151
6.1349118E-07,0.016362
6.1354118E-07,0.015574
6.1359118E-07,0.014982
6.1364118E-07,0.014391
6.1369118E-07,0.013996
6.1374118E-07,0.013799
6.1379118E-07,0.013602
6.1384118E-07,0.013602
6.1389118E-07,0.013799
6.1394118E-07,0.013996
6.1399118E-07,0.014194
6.1404118E-07,0.014391
6.1409118E-07,0.014785
6.1414118E-07,0.015179
6.1419118E-07,0.015574
6.1424118E-07,0.015968
6.1429118E-07,0.016560
6.1434118E-07,0.016954
6.1439118E-07,0.017545
6.1444118E-07,0.018137
6.1449118E-07,0.018728
6.1454118E-07,0.019517
6.1459118E-07,0.020306
6.1464118E-07,0.021291
6.1469118E-07,0.022474
6.1474118E-07,0.023657
6.1479118E-07,0.025038
6.1484118E-07,0.026615
6.1489118E-07,0.028389
6.1494118E-07,0.030164
6.1499118E-07,0.032135
6.1504118E-07,0.034107
6.1509118E-07,0.036079
6.1514118E-07,0.038050
6.1519118E-07,0.039825
6.1524118E-07,0.041599
6.1529118E-07,0.043176
6.1534118E-07,0.044556
6.1539118E-07,0.045739
6.1544118E-07,0.046725
6.1549118E-07,0.047317
6.1554118E-07,0.047514
6.1559118E-07,0.047711
6.1564118E-07,0.047317
6.1569118E-07,0.046725
6.1574118E-07,0.045937
6.1579118E-07,0.044951
6.1584118E-07,0.043768
6.1589118E-07,0.042388
6.1594118E-07,0.040810
6.1599118E-07,0.039233
6.1604118E-07,0.037656
6.1609118E-07,0.035881
6.1614118E-07,0.034304
6.1619118E-07,0.032727
6.1624118E-07,0.030952
6.1629118E-07,0.029375
6.1634118E-07,0.027995
6.1639118E-07,0.026418
6.1644118E-07,0.025038
6.1649118E-07,0.023460
6.1654118E-07,0.022080
6.1659118E-07,0.020700
6.1664118E-07,0.019123
6.1669118E-07,0.017545
6.1674118E-07,0.016165
6.1679118E-07,0.014588
6.1684118E-07,0.012814
6.1689118E-07,0.011236
6.1694118E-07,0.009659
6.1699118E-07,0.008082
6.1704118E-07,0.006504
6.1709118E-07,0.004927
6.1714118E-07,0.003547
6.1719118E-07,0.002364
6.1724118E-07,0.001378
6.1729118E-07,0.000590
6.1734118E-07,0.000195
6.1739118E-07,-0.000002
6.1744118E-07,-0.000002
6.1749118E-07,0.000590
6.1754118E-07,0.001181
6.1759118E-07,0.002364
6.1764118E-07,0.003744
6.1769118E-07,0.005321
6.1774118E-07,0.007096
6.1779118E-07,0.009067
6.1784118E-07,0.011039
6.1789118E-07,0.013208
6.1794118E-07,0.015179
6.1799118E-07,0.017348
6.1804118E-07,0.019123
6.1809118E-07,0.020897
6.1814118E-07,0.022474
6.1819118E-07,0.023657
6.1824118E-07,0.024643
6.1829118E-07,0.025432
6.1834118E-07,0.025826
6.1839118E-07,0.025826
6.1844118E-07,0.025629
6.1849118E-07,0.025235
6.1854118E-07,0.024446
6.1859118E-07,0.023460
6.1864118E-07,0.022474
6.1869118E-07,0.021291
6.1874118E-07,0.019911
6.1879118E-07,0.018728
6.1884118E-07,0.017348
6.1889118E-07,0.015968
6.1894118E-07,0.014785
6.1899118E-07,0.013602
6.1904118E-07,0.012419
6.1909118E-07,0.011236
6.1914118E-07,0.010250
6.1919118E-07,0.009265
6.1924118E-07,0.008279
6.1929118E-07,0.007293
6.1934118E-07,0.006504
6.1939118E-07,0.005519
6.1944118E-07,0.004730
6.1949118E-07,0.003744
6.1954118E-07,0.002758
6.1959118E-07,0.001772
6.1964118E-07,0.000590
6.1969118E-07,-0.000396
6.1974118E-07,-0.001579
6.1979118E-07,-0.002565
6.1984118E-07,-0.003748
6.1989118E-07,-0.004734
6.1994118E-07,-0.005522
6.1999118E-07,-0.006311
6.2004118E-07,-0.007100
6.2009118E-07,-0.007494
6.2014118E-07,-0.007888
6.2019118E-07,-0.008086
6.2024118E-07,-0.008086
6.2029118E-07,-0.007691
6.2034118E-07,-0.007297
6.2039118E-07,-0.006903
6.2044118E-07,-0.006114
6.2049118E-07,-0.005325
6.2054118E-07,-0.004340
6.2059118E-07,-0.003551
6.2064118E-07,-0.002565
6.2069118E-07,-0.001382
6.2074118E-07,-0.000396
6.2079118E-07,0.000590
6.2084118E-07,0.001575
6.2089118E-07,0.002561
6.2094118E-07,0.003547
6.2099118E-07,0.004730
6.2104118E-07,0.005716
6.2109118E-07,0.006899
6.2114118E-07,0.008279
6.2119118E-07,0.009659
6.2124118E-07,0.011433
6.2129118E-07,0.013208
6.2134118E-07,0.015377
6.2139118E-07,0.017743
6.2144118E-07,0.020503
6.2149118E-07,0.023460
6.2154118E-07,0.026615
6.2159118E-07,0.029967
6.2164118E-07,0.033515
6.2169118E-07,0.037262
6.2174118E-07,0.041008
6.2179118E-07,0.044556
6.2184118E-07,0.048105
6.2189118E-07,0.051654
6.2194118E-07,0.054612
6.2199118E-07,0.057372
6.2204118E-07,0.059738
6.2209118E-07,0.061512
6.2214118E-07,0.062892
6.2219118E-07,0.063681
6.2224118E-07,0.063878
6.2229118E-07,0.063484
6.2234118E-07,0.062498
6.2239118E-07,0.060921
6.2244118E-07,0.058949
6.2249118E-07,0.056583
6.2254118E-07,0.054020
6.2259118E-07,0.051063
6.2264118E-07,0.047908
6.2269118E-07,0.044754
6.2274118E-07,0.041599
6.2279118E-07,0.038444
6.2284118E-07,0.035487
6.2289118E-07,0.032924
6.2294118E-07,0.030361
6.2299118E-07,0.028192
6.2304118E-07,0.026418
6.2309118E-07,0.024840
6.2314118E-07,0.023855
6.2319118E-07,0.022869
6.2324118E-07,0.022474
6.2329118E-07,0.022080
6.2334118E-07,0.022080
6.2339118E-07,0.022080
6.2344118E-07,0.022474
6.2349118E-07,0.022672
6.2354118E-07,0.023066
6.2359118E-07,0.023460
6.2364118E-07,0.023855
6.2369118E-07,0.024052
6.2374118E-07,0.024249
6.2379118E-07,0.024249
6.2384118E-07,0.024249
6.2389118E-07,0.024052
6.2394118E-07,0.023855
6.2399118E-07,0.023460
6.2404118E-07,0.022869
6.2409118E-07,0.022277
6.2414118E-07,0.021686
6.2419118E-07,0.021094
6.2424118E-07,0.020306
6.2429118E-07,0.019517
6.2434118E-07,0.018531
6.2439118E-07,0.017743
6.2444118E-07,0.016757
6.2449118E-07,0.015771
6.2454118E-07,0.014588
6.2459118E-07,0.013602
6.2464118E-07,0.012222
6.2469118E-07,0.011039
6.2474118E-07,0.009659
6.2479118E-07,0.008082
6.2484118E-07,0.006702
6.2489118E-07,0.005124
6.2494118E-07,0.003547
6.2499118E-07,0.001970
6.2504118E-07,0.000392
6.2509118E-07,-0.000988
6.2514118E-07,-0.002368
6.2519118E-07,-0.003551
6.2524118E-07,-0.004340
6.2529118E-07,-0.005128
6.2534118E-07,-0.005522
6.2539118E-07,-0.005720
6.2544118E-07,-0.005325
6.2549118E-07,-0.004931
6.2554118E-07,-0.003945
6.2559118E-07,-0.002762
6.2564118E-07,-0.001185
6.2569118E-07,0.000590
6.2574118E-07,0.002364
6.2579118E-07,0.004533
6.2584118E-07,0.006702
6.2589118E-07,0.009067
6.2594118E-07,0.011236
6.2599118E-07,0.013405
6.2604118E-07,0.015179
6.2609118E-07,0.016954
6.2614118E-07,0.018334
6.2619118E-07,0.019517
6.2624118E-07,0.020306
6.2629118E-07,0.020897
6.2634118E-07,0.021094
6.2639118E-07,0.020897
6.2644118E-07,0.020503
6.2649118E-07,0.019911
6.2654118E-07,0.019123
6.2659118E-07,0.018137
6.2664118E-07,0.017151
6.2669118E-07,0.016165
6.2674118E-07,0.015179
6.2679118E-07,0.014194
6.2684118E-07,0.013405
6.2689118E-07,0.012814
6.2694118E-07,0.012419
6.2699118E-07,0.012222
6.2704118E-07,0.012222
6.2709118E-07,0.012419
6.2714118E-07,0.012814
6.2719118E-07,0.013405
6.2724118E-07,0.013996
6.2729118E-07,0.014982
6.2734118E-07,0.015771
6.2739118E-07,0.016757
6.2744118E-07,0.017743
6.2749118E-07,0.018728
6.2754118E-07,0.019714
6.2759118E-07,0.020503
6.2764118E-07,0.021291
6.2769118E-07,0.022080
6.2774118E-07,0.022672
6.2779118E-07,0.023263
6.2784118E-07,0.023657
6.2789118E-07,0.024249
6.2794118E-07,0.024643
6.2799118E-07,0.024840
6.2804118E-07,0.025235
6.2809118E-07,0.025629
6.2814118E-07,0.026023
6.2819118E-07,0.026220
6.2824118E-07,0.026615
6.2829118E-07,0.027009
6.2834118E-07,0.027206
6.2839118E-07,0.027601
6.2844118E-07,0.027798
6.2849118E-07,0.027798
6.2854118E-07,0.027798
6.2859118E-07,0.027601
6.2864118E-07,0.027206
6.2869118E-07,0.026615
6.2874118E-07,0.026023
6.2879118E-07,0.025038
6.2884118E-07,0.023855
6.2889118E-07,0.022672
6.2894118E-07,0.021094
6.2899118E-07,0.019517
6.2904118E-07,0.017940
6.2909118E-07,0.016165
6.2914118E-07,0.014391
6.2919118E-07,0.012814
6.2924118E-07,0.011236
6.2929118E-07,0.009856
6.2934118E-07,0.008476
6.2939118E-07,0.007490
6.2944118E-07,0.006702
6.2949118E-07,0.006110
6.2954118E-07,0.005913
6.2959118E-07,0.005716
6.2964118E-07,0.006110
6.2969118E-07,0.006504
6.2974118E-07,0.007293
6.2979118E-07,0.008082
6.2984118E-07,0.009265
6.2989118E-07,0.010448
6.2994118E-07,0.011631
6.2999118E-07,0.013011
6.3004118E-07,0.014194
6.3009118E-07,0.015574
6.3014118E-07,0.016757
6.3019118E-07,0.018137
6.3024118E-07,0.019320
6.3029118E-07,0.020503
6.3034118E-07,0.021489
6.3039118E-07,0.022672
6.3044118E-07,0.023657
6.3049118E-07,0.024643
6.3054118E-07,0.025629
6.3059118E-07,0.026812
6.3064118E-07,0.027995
6.3069118E-07,0.029178
6.3074118E-07,0.030361
6.3079118E-07,0.031741
6.3084118E-07,0.033121
6.3089118E-07,0.034501
6.3094118E-07,0.035881
6.3099118E-07,0.037262
6.3104118E-07,0.038642
6.3109118E-07,0.040022
6.3114118E-07,0.041402
6.3119118E-07,0.042388
6.3124118E-07,0.043374
6.3129118E-07,0.044162
6.3134118E-07,0.044754
6.3139118E-07,0.045148
6.3144118E-07,0.045345
6.3149118E-07,0.045345
6.3154118E-07,0.045148
6.3159118E-07,0.044754
6.3164118E-07,0.044162
6.3169118E-07,0.043374
6.3174118E-07,0.042585
6.3179118E-07,0.041796
6.3184118E-07,0.041008
6.3189118E-07,0.040219
6.3194118E-07,0.039627
6.3199118E-07,0.039036
6.3204118E-07,0.038642
6.3209118E-07,0.038247
6.3214118E-07,0.038050
6.3219118E-07,0.038050
6.3224118E-07,0.038050
6.3229118E-07,0.038247
6.3234118E-07,0.038247
6.3239118E-07,0.038444
6.3244118E-07,0.038444
6.3249118E-07,0.038444
6.3254118E-07,0.038247
6.3259118E-07,0.037853
6.3264118E-07,0.037064
6.3269118E-07,0.036079
6.3274118E-07,0.034698
6.3279118E-07,0.032924
6.3284118E-07,0.030755
6.3289118E-07,0.028389
6.3294118E-07,0.025629
6.3299118E-07,0.022474
6.3304118E-07,0.019123
6.3309118E-07,0.015574
6.3314118E-07,0.012025
6.3319118E-07,0.008279
6.3324118E-07,0.004533
6.3329118E-07,0.000787
6.3334118E-07,-0.002762
6.3339118E-07,-0.006114
6.3344118E-07,-0.009071
6.3349118E-07,-0.011832
6.3354118E-07,-0.014395
6.3359118E-07,-0.016564
6.3364118E-07,-0.018338
6.3369118E-07,-0.019718
6.3374118E-07,-0.020901
6.3379118E-07,-0.021690
6.3384118E-07,-0.022281
6.3389118E-07,-0.022478
6.3394118E-07,-0.022676
6.3399118E-07,-0.022478
6.3404118E-07,-0.022281
6.3409118E-07,-0.021887
6.3414118E-07,-0.021690
6.3419118E-07,-0.021098
6.3424118E-07,-0.020704
6.3429118E-07,-0.020310
6.3434118E-07,-0.019718
6.3439118E-07,-0.019324
6.3444118E-07,-0.018732
6.3449118E-07,-0.018141
6.3454118E-07,-0.017549
6.3459118E-07,-0.016761
6.3464118E-07,-0.015972
6.3469118E-07,-0.014986
6.3474118E-07,-0.013803
6.3479118E-07,-0.012620
6.3484118E-07,-0.011240
6.3489118E-07,-0.009860
6.3494118E-07,-0.008283
6.3499118E-07,-0.006705
6.3504118E-07,-0.005128
6.3509118E-07,-0.003551
6.3514118E-07,-0.001974
6.3519118E-07,-0.000593
6.3524118E-07,0.000787
6.3529118E-07,0.001970
6.3534118E-07,0.002758
6.3539118E-07,0.003350
6.3544118E-07,0.003744
6.3549118E-07,0.003941
6.3554118E-07,0.003744
6.3559118E-07,0.003350
6.3564118E-07,0.002561
6.3569118E-07,0.001772
6.3574118E-07,0.000787
6.3579118E-07,-0.000396
6.3584118E-07,-0.001579
6.3589118E-07,-0.002762
6.3594118E-07,-0.003748
6.3599118E-07,-0.004734
6.3604118E-07,-0.005325
6.3609118E-07,-0.005917
6.3614118E-07,-0.006114
6.3619118E-07,-0.006114
6.3624118E-07,-0.005917
6.3629118E-07,-0.005128
6.3634118E-07,-0.004340
6.3639118E-07,-0.003157
6.3644118E-07,-0.001776
6.3649118E-07,-0.000199
6.3654118E-07,0.001575
6.3659118E-07,0.003350
6.3664118E-07,0.005321
6.3669118E-07,0.007096
6.3674118E-07,0.008870
6.3679118E-07,0.010645
6.3684118E-07,0.012222
6.3689118E-07,0.013602
6.3694118E-07,0.014982
6.3699118E-07,0.015968
6.3704118E-07,0.016954
6.3709118E-07,0.017545
6.3714118E-07,0.018137
6.3719118E-07,0.018531
6.3724118E-07,0.018728
6.3729118E-07,0.018728
6.3734118E-07,0.018728
6.3739118E-07,0.018531
6.3744118E-07,0.018137
6.3749118E-07,0.017743
6.3754118E-07,0.017151
6.3759118E-07,0.016362
6.3764118E-07,0.015574
6.3769118E-07,0.014588
6.3774118E-07,0.013208
6.3779118E-07,0.011828
6.3784118E-07,0.010250
6.3789118E-07,0.008476
6.3794118E-07,0.006504
6.3799118E-07,0.004336
6.3804118E-07,0.001970
6.3809118E-07,-0.000593
6.3814118E-07,-0.003157
6.3819118E-07,-0.005917
6.3824118E-07,-0.008677
6.3829118E-07,-0.011437
6.3834118E-07,-0.014198
6.3839118E-07,-0.016761
6.3844118E-07,-0.019127
6.3849118E-07,-0.021098
6.3854118E-07,-0.023070
6.3859118E-07,-0.024450
6.3864118E-07,-0.025436
6.3869118E-07,-0.026224
6.3874118E-07,-0.026422
6.3879118E-07,-0.026224
6.3884118E-07,-0.025633
6.3889118E-07,-0.024647
6.3894118E-07,-0.023267
6.3899118E-07,-0.021690
6.3904118E-07,-0.019915
6.3909118E-07,-0.017944
6.3914118E-07,-0.015775
6.3919118E-07,-0.013803
6.3924118E-07,-0.011634
6.3929118E-07,-0.009860
6.3934118E-07,-0.008086
6.3939118E-07,-0.006508
6.3944118E-07,-0.005128
6.3949118E-07,-0.004142
6.3954118E-07,-0.003354
6.3959118E-07,-0.002762
6.3964118E-07,-0.002565
6.3969118E-07,-0.002368
6.3974118E-07,-0.002565
6.3979118E-07,-0.002959
6.3984118E-07,-0.003354
6.3989118E-07,-0.003748
6.3994118E-07,-0.004142
6.3999118E-07,-0.004537
6.4004118E-07,-0.004931
6.4009118E-07,-0.005128
6.4014118E-07,-0.005325
6.4019118E-07,-0.005325
6.4024118E-07,-0.005325
6.4029118E-07,-0.005128
6.4034118E-07,-0.004734
6.4039118E-07,-0.004340
6.4044118E-07,-0.003945
6.4049118E-07,-0.003551
6.4054118E-07,-0.003157
6.4059118E-07,-0.002959
6.4064118E-07,-0.002762
6.4069118E-07,-0.002762
6.4074118E-07,-0.002959
6.4079118E-07,-0.003354
6.4084118E-07,-0.003945
6.4089118E-07,-0.004734
6.4094118E-07,-0.005522
6.4099118E-07,-0.006705
6.4104118E-07,-0.007691
6.4109118E-07,-0.009071
6.4114118E-07,-0.010254
6.4119118E-07,-0.011634
6.4124118E-07,-0.012817
6.4129118E-07,-0.014000
6.4134118E-07,-0.014986
6.4139118E-07,-0.015775
6.4144118E-07,-0.016564
6.4149118E-07,-0.016958
6.4154118E-07,-0.017352
6.4159118E-07,-0.017352
6.4164118E-07,-0.017352
6.4169118E-07,-0.017155
6.4174118E-07,-0.016958
6.4179118E-07,-0.016564
6.4184118E-07,-0.016169
6.4189118E-07,-0.015972
6.4194118E-07,-0.015578
6.4199118E-07,-0.015578
6.4204118E-07,-0.015381
6.4209118E-07,-0.015578
6.4214118E-07,-0.015775
6.4219118E-07,-0.016169
6.4224118E-07,-0.016761
6.4229118E-07,-0.017549
6.4234118E-07,-0.018338
6.4239118E-07,-0.019127
6.4244118E-07,-0.019915
6.4249118E-07,-0.020704
6.4254118E-07,-0.021295
6.4259118E-07,-0.021887
6.4264118E-07,-0.022281
6.4269118E-07,-0.022281
6.4274118E-07,-0.022281
6.4279118E-07,-0.021887
6.4284118E-07,-0.021098
6.4289118E-07,-0.020112
6.4294118E-07,-0.018929
6.4299118E-07,-0.017549
6.4304118E-07,-0.015972
6.4309118E-07,-0.014198
6.4314118E-07,-0.012423
6.4319118E-07,-0.010846
6.4324118E-07,-0.009071
6.4329118E-07,-0.007494
6.4334118E-07,-0.006114
6.4339118E-07,-0.004734
6.4344118E-07,-0.003748
6.4349118E-07,-0.002959
6.4354118E-07,-0.002565
6.4359118E-07,-0.002171
6.4364118E-07,-0.002171
6.4369118E-07,-0.002368
6.4374118E-07,-0.002565
6.4379118E-07,-0.002959
6.4384118E-07,-0.003157
6.4389118E-07,-0.003551
6.4394118E-07,-0.003748
6.4399118E-07,-0.003945
6.4404118E-07,-0.003748
6.4409118E-07,-0.003551
6.4414118E-07,-0.002959
6.4419118E-07,-0.002171
6.4424118E-07,-0.001185
6.4429118E-07,-0.000002
6.4434118E-07,0.001181
6.4439118E-07,0.002758
6.4444118E-07,0.004336
6.4449118E-07,0.005716
6.4454118E-07,0.007293
6.4459118E-07,0.008673
6.4464118E-07,0.009856
6.4469118E-07,0.010842
6.4474118E-07,0.011433
6.4479118E-07,0.011828
6.4484118E-07,0.012025
6.4489118E-07,0.011828
6.4494118E-07,0.011236
6.4499118E-07,0.010250
6.4504118E-07,0.009265
6.4509118E-07,0.007884
6.4514118E-07,0.006307
6.4519118E-07,0.004730
6.4524118E-07,0.003153
6.4529118E-07,0.001378
6.4534118E-07,-0.000199
6.4539118E-07,-0.001776
6.4544118E-07,-0.002959
6.4549118E-07,-0.004142
6.4554118E-07,-0.005128
6.4559118E-07,-0.005720
6.4564118E-07,-0.006114
6.4569118E-07,-0.006311
6.4574118E-07,-0.006311
6.4579118E-07,-0.005917
6.4584118E-07,-0.005522
6.4589118E-07,-0.004734
6.4594118E-07,-0.003945
6.4599118E-07,-0.002959
6.4604118E-07,-0.001776
6.4609118E-07,-0.000593
6.4614118E-07,0.000590
6.4619118E-07,0.001970
6.4624118E-07,0.003350
6.4629118E-07,0.004927
6.4634118E-07,0.006307
6.4639118E-07,0.007884
6.4644118E-07,0.009462
6.4649118E-07,0.011039
6.4654118E-07,0.012814
6.4659118E-07,0.014588
6.4664118E-07,0.016362
6.4669118E-07,0.018137
6.4674118E-07,0.019911
6.4679118E-07,0.021686
6.4684118E-07,0.023263
6.4689118E-07,0.025038
6.4694118E-07,0.026418
6.4699118E-07,0.027798
6.4704118E-07,0.028784
6.4709118E-07,0.029769
6.4714118E-07,0.030164
6.4719118E-07,0.030361
6.4724118E-07,0.030361
6.4729118E-07,0.029769
6.4734118E-07,0.028981
6.4739118E-07,0.027798
6.4744118E-07,0.026220
6.4749118E-07,0.024446
6.4754118E-07,0.022474
6.4759118E-07,0.020108
6.4764118E-07,0.017743
6.4769118E-07,0.015377
6.4774118E-07,0.013011
6.4779118E-07,0.010842
6.4784118E-07,0.008673
6.4789118E-07,0.006899
6.4794118E-07,0.005321
6.4799118E-07,0.004138
6.4804118E-07,0.003153
6.4809118E-07,0.002758
6.4814118E-07,0.002758
6.4819118E-07,0.002955
6.4824118E-07,0.003547
6.4829118E-07,0.004533
6.4834118E-07,0.005716
6.4839118E-07,0.007096
6.4844118E-07,0.008476
6.4849118E-07,0.009856
6.4854118E-07,0.011433
6.4859118E-07,0.012616
6.4864118E-07,0.013799
6.4869118E-07,0.014785
6.4874118E-07,0.015377
6.4879118E-07,0.015771
6.4884118E-07,0.015771
6.4889118E-07,0.015377
6.4894118E-07,0.014785
6.4899118E-07,0.013799
6.4904118E-07,0.012616
6.4909118E-07,0.011236
6.4914118E-07,0.009856
6.4919118E-07,0.008279
6.4924118E-07,0.006504
6.4929118E-07,0.004927
6.4934118E-07,0.003350
6.4939118E-07,0.001970
6.4944118E-07,0.000590
6.4949118E-07,-0.000593
6.4954118E-07,-0.001579
6.4959118E-07,-0.002368
6.4964118E-07,-0.002959
6.4969118E-07,-0.003551
6.4974118E-07,-0.003748
6.4979118E-07,-0.004142
6.4984118E-07,-0.004340
6.4989118E-07,-0.004537
6.4994118E-07,-0.004734
6.4999118E-07,-0.004931
6.5004118E-07,-0.005325
6.5009118E-07,-0.005720
6.5014118E-07,-0.006114
6.5019118E-07,-0.006705
6.5024118E-07,-0.007494
6.5029118E-07,-0.008086
6.5034118E-07,-0.008874
6.5039118E-07,-0.009663
6.5044118E-07,-0.010452
6.5049118E-07,-0.011043
6.5054118E-07,-0.011634
6.5059118E-07,-0.011832
6.5064118E-07,-0.012029
6.5069118E-07,-0.012029
6.5074118E-07,-0.011832
6.5079118E-07,-0.011437
6.5084118E-07,-0.010846
6.5089118E-07,-0.010057
6.5094118E-07,-0.009071
6.5099118E-07,-0.007888
6.5104118E-07,-0.006705
6.5109118E-07,-0.005720
6.5114118E-07,-0.004537
6.5119118E-07,-0.003551
6.5124118E-07,-0.002565
6.5129118E-07,-0.001974
6.5134118E-07,-0.001579
6.5139118E-07,-0.001185
6.5144118E-07,-0.001185
6.5149118E-07,-0.001579
6.5154118E-07,-0.001974
6.5159118E-07,-0.002762
6.5164118E-07,-0.003551
6.5169118E-07,-0.004537
6.5174118E-07,-0.005522
6.5179118E-07,-0.006508
6.5184118E-07,-0.007297
6.5189118E-07,-0.008086
6.5194118E-07,-0.008677
6.5199118E-07,-0.009071
6.5204118E-07,-0.009071
6.5209118E-07,-0.008874
6.5214118E-07,-0.008480
6.5219118E-07,-0.007691
6.5224118E-07,-0.006705
6.5229118E-07,-0.005522
6.5234118E-07,-0.004142
6.5239118E-07,-0.002762
6.5244118E-07,-0.001185
6.5249118E-07,0.000195
6.5254118E-07,0.001575
6.5259118E-07,0.002955
6.5264118E-07,0.003941
6.5269118E-07,0.004730
6.5274118E-07,0.005124
6.5279118E-07,0.005321
6.5284118E-07,0.005321
6.5289118E-07,0.004927
6.5294118E-07,0.004336
6.5299118E-07,0.003350
6.5304118E-07,0.002364
6.5309118E-07,0.001181
6.5314118E-07,-0.000002
6.5319118E-07,-0.001382
6.5324118E-07,-0.002565
6.5329118E-07,-0.003748
6.5334118E-07,-0.004931
6.5339118E-07,-0.005917
6.5344118E-07,-0.006903
6.5349118E-07,-0.007691
6.5354118E-07,-0.008677
6.5359118E-07,-0.009466
6.5364118E-07,-0.010254
6.5369118E-07,-0.011437
6.5374118E-07,-0.012620
6.5379118E-07,-0.014000
6.5384118E-07,-0.015972
6.5389118E-07,-0.018141
6.5394118E-07,-0.020901
6.5399118E-07,-0.024056
6.5404118E-07,-0.027802
6.5409118E-07,-0.032139
6.5414118E-07,-0.036871
6.5419118E-07,-0.042194
6.5424118E-07,-0.047912
6.5429118E-07,-0.054024
6.5434118E-07,-0.060530
6.5439118E-07,-0.067234
