LECROYWaveRunner‘N,20113,Waveform
Segments,1,SegmentSize,4002
Segment,TrigTime,TimeSinceSegment1
#1,12-Dec-2018 11:36:05,0                 
Time,Ampl
4.5692943E-07,-0.019990
4.5697943E-07,-0.022079
4.5702943E-07,-0.024169
4.5707943E-07,-0.026119
4.5712943E-07,-0.028069
4.5717943E-07,-0.029741
4.5722943E-07,-0.031413
4.5727943E-07,-0.033084
4.5732943E-07,-0.034477
4.5737943E-07,-0.035731
4.5742943E-07,-0.036985
4.5747943E-07,-0.038099
4.5752943E-07,-0.039214
4.5757943E-07,-0.040189
4.5762943E-07,-0.041025
4.5767943E-07,-0.041721
4.5772943E-07,-0.042418
4.5777943E-07,-0.043114
4.5782943E-07,-0.043532
4.5787943E-07,-0.043950
4.5792943E-07,-0.044229
4.5797943E-07,-0.044507
4.5802943E-07,-0.044507
4.5807943E-07,-0.044368
4.5812943E-07,-0.043950
4.5817943E-07,-0.043393
4.5822943E-07,-0.042696
4.5827943E-07,-0.041721
4.5832943E-07,-0.040607
4.5837943E-07,-0.039214
4.5842943E-07,-0.037542
4.5847943E-07,-0.035731
4.5852943E-07,-0.033781
4.5857943E-07,-0.031691
4.5862943E-07,-0.029323
4.5867943E-07,-0.027094
4.5872943E-07,-0.024587
4.5877943E-07,-0.022218
4.5882943E-07,-0.019711
4.5887943E-07,-0.017343
4.5892943E-07,-0.015114
4.5897943E-07,-0.012885
4.5902943E-07,-0.010795
4.5907943E-07,-0.008845
4.5912943E-07,-0.007034
4.5917943E-07,-0.005363
4.5922943E-07,-0.003691
4.5927943E-07,-0.002298
4.5932943E-07,-0.000905
4.5937943E-07,0.000349
4.5942943E-07,0.001463
4.5947943E-07,0.002717
4.5952943E-07,0.003692
4.5957943E-07,0.004807
4.5962943E-07,0.005921
4.5967943E-07,0.007036
4.5972943E-07,0.008150
4.5977943E-07,0.009404
4.5982943E-07,0.010518
4.5987943E-07,0.011772
4.5992943E-07,0.013026
4.5997943E-07,0.014279
4.6002943E-07,0.015533
4.6007943E-07,0.016926
4.6012943E-07,0.018180
4.6017943E-07,0.019573
4.6022943E-07,0.020827
4.6027943E-07,0.022220
4.6032943E-07,0.023474
4.6037943E-07,0.024867
4.6042943E-07,0.026120
4.6047943E-07,0.027513
4.6052943E-07,0.028767
4.6057943E-07,0.030160
4.6062943E-07,0.031414
4.6067943E-07,0.032668
4.6072943E-07,0.033921
4.6077943E-07,0.035175
4.6082943E-07,0.036290
4.6087943E-07,0.037404
4.6092943E-07,0.038518
4.6097943E-07,0.039354
4.6102943E-07,0.040190
4.6107943E-07,0.040887
4.6112943E-07,0.041444
4.6117943E-07,0.041862
4.6122943E-07,0.042140
4.6127943E-07,0.042140
4.6132943E-07,0.042001
4.6137943E-07,0.041722
4.6142943E-07,0.041305
4.6147943E-07,0.040747
4.6152943E-07,0.039912
4.6157943E-07,0.039076
4.6162943E-07,0.038240
4.6167943E-07,0.037265
4.6172943E-07,0.036150
4.6177943E-07,0.035036
4.6182943E-07,0.034061
4.6187943E-07,0.032946
4.6192943E-07,0.031971
4.6197943E-07,0.030996
4.6202943E-07,0.030021
4.6207943E-07,0.029185
4.6212943E-07,0.028349
4.6217943E-07,0.027513
4.6222943E-07,0.026817
4.6227943E-07,0.026120
4.6232943E-07,0.025424
4.6237943E-07,0.024588
4.6242943E-07,0.023891
4.6247943E-07,0.023195
4.6252943E-07,0.022359
4.6257943E-07,0.021523
4.6262943E-07,0.020548
4.6267943E-07,0.019573
4.6272943E-07,0.018459
4.6277943E-07,0.017344
4.6282943E-07,0.016090
4.6287943E-07,0.014697
4.6292943E-07,0.013304
4.6297943E-07,0.011772
4.6302943E-07,0.010240
4.6307943E-07,0.008568
4.6312943E-07,0.006896
4.6317943E-07,0.005225
4.6322943E-07,0.003414
4.6327943E-07,0.001742
4.6332943E-07,-0.000069
4.6337943E-07,-0.001741
4.6342943E-07,-0.003273
4.6347943E-07,-0.004945
4.6352943E-07,-0.006338
4.6357943E-07,-0.007731
4.6362943E-07,-0.008845
4.6367943E-07,-0.009960
4.6372943E-07,-0.010795
4.6377943E-07,-0.011631
4.6382943E-07,-0.012188
4.6387943E-07,-0.012606
4.6392943E-07,-0.012746
4.6397943E-07,-0.012885
4.6402943E-07,-0.012885
4.6407943E-07,-0.012606
4.6412943E-07,-0.012328
4.6417943E-07,-0.011910
4.6422943E-07,-0.011492
4.6427943E-07,-0.010935
4.6432943E-07,-0.010517
4.6437943E-07,-0.009960
4.6442943E-07,-0.009402
4.6447943E-07,-0.008984
4.6452943E-07,-0.008567
4.6457943E-07,-0.008288
4.6462943E-07,-0.008149
4.6467943E-07,-0.008009
4.6472943E-07,-0.008009
4.6477943E-07,-0.008009
4.6482943E-07,-0.008149
4.6487943E-07,-0.008288
4.6492943E-07,-0.008427
4.6497943E-07,-0.008706
4.6502943E-07,-0.008984
4.6507943E-07,-0.009263
4.6512943E-07,-0.009402
4.6517943E-07,-0.009681
4.6522943E-07,-0.009820
4.6527943E-07,-0.009820
4.6532943E-07,-0.009820
4.6537943E-07,-0.009820
4.6542943E-07,-0.009681
4.6547943E-07,-0.009402
4.6552943E-07,-0.009124
4.6557943E-07,-0.008845
4.6562943E-07,-0.008427
4.6567943E-07,-0.008009
4.6572943E-07,-0.007452
4.6577943E-07,-0.007034
4.6582943E-07,-0.006477
4.6587943E-07,-0.005780
4.6592943E-07,-0.005223
4.6597943E-07,-0.004527
4.6602943E-07,-0.003969
4.6607943E-07,-0.003273
4.6612943E-07,-0.002437
4.6617943E-07,-0.001741
4.6622943E-07,-0.000905
4.6627943E-07,-0.000208
4.6632943E-07,0.000628
4.6637943E-07,0.001463
4.6642943E-07,0.002299
4.6647943E-07,0.003135
4.6652943E-07,0.003971
4.6657943E-07,0.004807
4.6662943E-07,0.005643
4.6667943E-07,0.006339
4.6672943E-07,0.007036
4.6677943E-07,0.007593
4.6682943E-07,0.008150
4.6687943E-07,0.008707
4.6692943E-07,0.009264
4.6697943E-07,0.009682
4.6702943E-07,0.010100
4.6707943E-07,0.010518
4.6712943E-07,0.010936
4.6717943E-07,0.011493
4.6722943E-07,0.012051
4.6727943E-07,0.012608
4.6732943E-07,0.013304
4.6737943E-07,0.014140
4.6742943E-07,0.015115
4.6747943E-07,0.016090
4.6752943E-07,0.017205
4.6757943E-07,0.018459
4.6762943E-07,0.019852
4.6767943E-07,0.021105
4.6772943E-07,0.022498
4.6777943E-07,0.023891
4.6782943E-07,0.025285
4.6787943E-07,0.026538
4.6792943E-07,0.027653
4.6797943E-07,0.028489
4.6802943E-07,0.029185
4.6807943E-07,0.029603
4.6812943E-07,0.029882
4.6817943E-07,0.029742
4.6822943E-07,0.029324
4.6827943E-07,0.028628
4.6832943E-07,0.027653
4.6837943E-07,0.026260
4.6842943E-07,0.024727
4.6847943E-07,0.022916
4.6852943E-07,0.020966
4.6857943E-07,0.018737
4.6862943E-07,0.016508
4.6867943E-07,0.014140
4.6872943E-07,0.011772
4.6877943E-07,0.009264
4.6882943E-07,0.006896
4.6887943E-07,0.004528
4.6892943E-07,0.002299
4.6897943E-07,0.000070
4.6902943E-07,-0.002019
4.6907943E-07,-0.004109
4.6912943E-07,-0.006059
4.6917943E-07,-0.007870
4.6922943E-07,-0.009542
4.6927943E-07,-0.011213
4.6932943E-07,-0.012746
4.6937943E-07,-0.014278
4.6942943E-07,-0.015671
4.6947943E-07,-0.017064
4.6952943E-07,-0.018457
4.6957943E-07,-0.019711
4.6962943E-07,-0.020965
4.6967943E-07,-0.022079
4.6972943E-07,-0.023054
4.6977943E-07,-0.024169
4.6982943E-07,-0.025005
4.6987943E-07,-0.025840
4.6992943E-07,-0.026537
4.6997943E-07,-0.027094
4.7002943E-07,-0.027512
4.7007943E-07,-0.027930
4.7012943E-07,-0.028209
4.7017943E-07,-0.028348
4.7022943E-07,-0.028348
4.7027943E-07,-0.028348
4.7032943E-07,-0.028209
4.7037943E-07,-0.028069
4.7042943E-07,-0.027930
4.7047943E-07,-0.027651
4.7052943E-07,-0.027512
4.7057943E-07,-0.027233
4.7062943E-07,-0.027094
4.7067943E-07,-0.026815
4.7072943E-07,-0.026676
4.7077943E-07,-0.026537
4.7082943E-07,-0.026537
4.7087943E-07,-0.026398
4.7092943E-07,-0.026398
4.7097943E-07,-0.026398
4.7102943E-07,-0.026398
4.7107943E-07,-0.026398
4.7112943E-07,-0.026398
4.7117943E-07,-0.026258
4.7122943E-07,-0.026258
4.7127943E-07,-0.026119
4.7132943E-07,-0.025840
4.7137943E-07,-0.025701
4.7142943E-07,-0.025283
4.7147943E-07,-0.024865
4.7152943E-07,-0.024447
4.7157943E-07,-0.023890
4.7162943E-07,-0.023333
4.7167943E-07,-0.022776
4.7172943E-07,-0.022079
4.7177943E-07,-0.021243
4.7182943E-07,-0.020547
4.7187943E-07,-0.019711
4.7192943E-07,-0.019014
4.7197943E-07,-0.018179
4.7202943E-07,-0.017482
4.7207943E-07,-0.016786
4.7212943E-07,-0.016089
4.7217943E-07,-0.015392
4.7222943E-07,-0.014835
4.7227943E-07,-0.014417
4.7232943E-07,-0.013999
4.7237943E-07,-0.013582
4.7242943E-07,-0.013164
4.7247943E-07,-0.012885
4.7252943E-07,-0.012746
4.7257943E-07,-0.012467
4.7262943E-07,-0.012188
4.7267943E-07,-0.012049
4.7272943E-07,-0.011771
4.7277943E-07,-0.011492
4.7282943E-07,-0.011074
4.7287943E-07,-0.010656
4.7292943E-07,-0.010099
4.7297943E-07,-0.009542
4.7302943E-07,-0.008845
4.7307943E-07,-0.008009
4.7312943E-07,-0.007173
4.7317943E-07,-0.006198
4.7322943E-07,-0.005084
4.7327943E-07,-0.003969
4.7332943E-07,-0.002855
4.7337943E-07,-0.001601
4.7342943E-07,-0.000348
4.7347943E-07,0.000906
4.7352943E-07,0.002160
4.7357943E-07,0.003274
4.7362943E-07,0.004528
4.7367943E-07,0.005643
4.7372943E-07,0.006757
4.7377943E-07,0.007871
4.7382943E-07,0.008847
4.7387943E-07,0.009822
4.7392943E-07,0.010797
4.7397943E-07,0.011772
4.7402943E-07,0.012747
4.7407943E-07,0.013722
4.7412943E-07,0.014697
4.7417943E-07,0.015812
4.7422943E-07,0.016787
4.7427943E-07,0.017762
4.7432943E-07,0.018876
4.7437943E-07,0.019852
4.7442943E-07,0.020827
4.7447943E-07,0.021663
4.7452943E-07,0.022498
4.7457943E-07,0.023195
4.7462943E-07,0.023752
4.7467943E-07,0.024170
4.7472943E-07,0.024449
4.7477943E-07,0.024588
4.7482943E-07,0.024449
4.7487943E-07,0.024170
4.7492943E-07,0.023613
4.7497943E-07,0.022916
4.7502943E-07,0.021941
4.7507943E-07,0.020966
4.7512943E-07,0.019712
4.7517943E-07,0.018459
4.7522943E-07,0.017205
4.7527943E-07,0.015812
4.7532943E-07,0.014558
4.7537943E-07,0.013304
4.7542943E-07,0.012190
4.7547943E-07,0.011215
4.7552943E-07,0.010379
4.7557943E-07,0.009822
4.7562943E-07,0.009404
4.7567943E-07,0.009264
4.7572943E-07,0.009264
4.7577943E-07,0.009543
4.7582943E-07,0.009961
4.7587943E-07,0.010658
4.7592943E-07,0.011493
4.7597943E-07,0.012329
4.7602943E-07,0.013444
4.7607943E-07,0.014558
4.7612943E-07,0.015672
4.7617943E-07,0.016926
4.7622943E-07,0.018041
4.7627943E-07,0.019294
4.7632943E-07,0.020409
4.7637943E-07,0.021523
4.7642943E-07,0.022498
4.7647943E-07,0.023474
4.7652943E-07,0.024309
4.7657943E-07,0.025145
4.7662943E-07,0.025842
4.7667943E-07,0.026538
4.7672943E-07,0.027095
4.7677943E-07,0.027653
4.7682943E-07,0.028071
4.7687943E-07,0.028489
4.7692943E-07,0.028628
4.7697943E-07,0.028906
4.7702943E-07,0.028906
4.7707943E-07,0.028906
4.7712943E-07,0.028767
4.7717943E-07,0.028489
4.7722943E-07,0.028071
4.7727943E-07,0.027653
4.7732943E-07,0.026956
4.7737943E-07,0.026260
4.7742943E-07,0.025563
4.7747943E-07,0.024727
4.7752943E-07,0.023752
4.7757943E-07,0.022777
4.7762943E-07,0.021941
4.7767943E-07,0.020966
4.7772943E-07,0.020130
4.7777943E-07,0.019294
4.7782943E-07,0.018598
4.7787943E-07,0.018041
4.7792943E-07,0.017483
4.7797943E-07,0.017205
4.7802943E-07,0.017066
4.7807943E-07,0.017066
4.7812943E-07,0.017205
4.7817943E-07,0.017623
4.7822943E-07,0.018041
4.7827943E-07,0.018459
4.7832943E-07,0.019155
4.7837943E-07,0.019852
4.7842943E-07,0.020548
4.7847943E-07,0.021384
4.7852943E-07,0.022081
4.7857943E-07,0.022777
4.7862943E-07,0.023474
4.7867943E-07,0.024170
4.7872943E-07,0.024727
4.7877943E-07,0.025285
4.7882943E-07,0.025563
4.7887943E-07,0.025981
4.7892943E-07,0.026120
4.7897943E-07,0.026399
4.7902943E-07,0.026399
4.7907943E-07,0.026399
4.7912943E-07,0.026399
4.7917943E-07,0.026399
4.7922943E-07,0.026260
4.7927943E-07,0.025981
4.7932943E-07,0.025842
4.7937943E-07,0.025563
4.7942943E-07,0.025285
4.7947943E-07,0.024867
4.7952943E-07,0.024449
4.7957943E-07,0.023891
4.7962943E-07,0.023334
4.7967943E-07,0.022777
4.7972943E-07,0.022081
4.7977943E-07,0.021245
4.7982943E-07,0.020270
4.7987943E-07,0.019294
4.7992943E-07,0.018180
4.7997943E-07,0.016926
4.8002943E-07,0.015672
4.8007943E-07,0.014279
4.8012943E-07,0.012747
4.8017943E-07,0.011215
4.8022943E-07,0.009682
4.8027943E-07,0.008011
4.8032943E-07,0.006339
4.8037943E-07,0.004807
4.8042943E-07,0.003135
4.8047943E-07,0.001603
4.8052943E-07,0.000210
4.8057943E-07,-0.001183
4.8062943E-07,-0.002437
4.8067943E-07,-0.003552
4.8072943E-07,-0.004527
4.8077943E-07,-0.005223
4.8082943E-07,-0.005920
4.8087943E-07,-0.006338
4.8092943E-07,-0.006616
4.8097943E-07,-0.006895
4.8102943E-07,-0.006895
4.8107943E-07,-0.006756
4.8112943E-07,-0.006616
4.8117943E-07,-0.006338
4.8122943E-07,-0.006059
4.8127943E-07,-0.005780
4.8132943E-07,-0.005502
4.8137943E-07,-0.005223
4.8142943E-07,-0.004945
4.8147943E-07,-0.004805
4.8152943E-07,-0.004666
4.8157943E-07,-0.004805
4.8162943E-07,-0.004945
4.8167943E-07,-0.005223
4.8172943E-07,-0.005502
4.8177943E-07,-0.006059
4.8182943E-07,-0.006616
4.8187943E-07,-0.007173
4.8192943E-07,-0.007870
4.8197943E-07,-0.008567
4.8202943E-07,-0.009263
4.8207943E-07,-0.009820
4.8212943E-07,-0.010517
4.8217943E-07,-0.011074
4.8222943E-07,-0.011631
4.8227943E-07,-0.011910
4.8232943E-07,-0.012328
4.8237943E-07,-0.012467
4.8242943E-07,-0.012606
4.8247943E-07,-0.012606
4.8252943E-07,-0.012606
4.8257943E-07,-0.012467
4.8262943E-07,-0.012188
4.8267943E-07,-0.011910
4.8272943E-07,-0.011631
4.8277943E-07,-0.011492
4.8282943E-07,-0.011213
4.8287943E-07,-0.010935
4.8292943E-07,-0.010656
4.8297943E-07,-0.010517
4.8302943E-07,-0.010378
4.8307943E-07,-0.010238
4.8312943E-07,-0.010099
4.8317943E-07,-0.010099
4.8322943E-07,-0.009960
4.8327943E-07,-0.009960
4.8332943E-07,-0.009960
4.8337943E-07,-0.009960
4.8342943E-07,-0.009820
4.8347943E-07,-0.009820
4.8352943E-07,-0.009681
4.8357943E-07,-0.009542
4.8362943E-07,-0.009402
4.8367943E-07,-0.009263
4.8372943E-07,-0.009124
4.8377943E-07,-0.008845
4.8382943E-07,-0.008706
4.8387943E-07,-0.008567
4.8392943E-07,-0.008427
4.8397943E-07,-0.008427
4.8402943E-07,-0.008288
4.8407943E-07,-0.008288
4.8412943E-07,-0.008288
4.8417943E-07,-0.008288
4.8422943E-07,-0.008427
4.8427943E-07,-0.008427
4.8432943E-07,-0.008427
4.8437943E-07,-0.008427
4.8442943E-07,-0.008288
4.8447943E-07,-0.008149
4.8452943E-07,-0.007870
4.8457943E-07,-0.007452
4.8462943E-07,-0.006895
4.8467943E-07,-0.006198
4.8472943E-07,-0.005363
4.8477943E-07,-0.004387
4.8482943E-07,-0.003273
4.8487943E-07,-0.002019
4.8492943E-07,-0.000765
4.8497943E-07,0.000628
4.8502943E-07,0.001881
4.8507943E-07,0.003274
4.8512943E-07,0.004528
4.8517943E-07,0.005643
4.8522943E-07,0.006618
4.8527943E-07,0.007314
4.8532943E-07,0.007871
4.8537943E-07,0.008289
4.8542943E-07,0.008429
4.8547943E-07,0.008289
4.8552943E-07,0.007871
4.8557943E-07,0.007314
4.8562943E-07,0.006478
4.8567943E-07,0.005643
4.8572943E-07,0.004528
4.8577943E-07,0.003274
4.8582943E-07,0.002021
4.8587943E-07,0.000767
4.8592943E-07,-0.000487
4.8597943E-07,-0.001601
4.8602943E-07,-0.002716
4.8607943E-07,-0.003691
4.8612943E-07,-0.004527
4.8617943E-07,-0.005223
4.8622943E-07,-0.005641
4.8627943E-07,-0.006059
4.8632943E-07,-0.006198
4.8637943E-07,-0.006338
4.8642943E-07,-0.006198
4.8647943E-07,-0.006059
4.8652943E-07,-0.005641
4.8657943E-07,-0.005363
4.8662943E-07,-0.004945
4.8667943E-07,-0.004527
4.8672943E-07,-0.004109
4.8677943E-07,-0.003691
4.8682943E-07,-0.003273
4.8687943E-07,-0.002855
4.8692943E-07,-0.002576
4.8697943E-07,-0.002298
4.8702943E-07,-0.002159
4.8707943E-07,-0.002019
4.8712943E-07,-0.001880
4.8717943E-07,-0.001880
4.8722943E-07,-0.001880
4.8727943E-07,-0.001880
4.8732943E-07,-0.001880
4.8737943E-07,-0.002019
4.8742943E-07,-0.002019
4.8747943E-07,-0.001880
4.8752943E-07,-0.001880
4.8757943E-07,-0.001741
4.8762943E-07,-0.001601
4.8767943E-07,-0.001323
4.8772943E-07,-0.001044
4.8777943E-07,-0.000626
4.8782943E-07,-0.000208
4.8787943E-07,0.000349
4.8792943E-07,0.001045
4.8797943E-07,0.001742
4.8802943E-07,0.002578
4.8807943E-07,0.003414
4.8812943E-07,0.004389
4.8817943E-07,0.005364
4.8822943E-07,0.006339
4.8827943E-07,0.007314
4.8832943E-07,0.008429
4.8837943E-07,0.009404
4.8842943E-07,0.010379
4.8847943E-07,0.011354
4.8852943E-07,0.012329
4.8857943E-07,0.013165
4.8862943E-07,0.014001
4.8867943E-07,0.014837
4.8872943E-07,0.015533
4.8877943E-07,0.016090
4.8882943E-07,0.016648
4.8887943E-07,0.017205
4.8892943E-07,0.017623
4.8897943E-07,0.017901
4.8902943E-07,0.018041
4.8907943E-07,0.018180
4.8912943E-07,0.018180
4.8917943E-07,0.018180
4.8922943E-07,0.017901
4.8927943E-07,0.017483
4.8932943E-07,0.017066
4.8937943E-07,0.016369
4.8942943E-07,0.015533
4.8947943E-07,0.014558
4.8952943E-07,0.013304
4.8957943E-07,0.012051
4.8962943E-07,0.010518
4.8967943E-07,0.008847
4.8972943E-07,0.007036
4.8977943E-07,0.005085
4.8982943E-07,0.002996
4.8987943E-07,0.000767
4.8992943E-07,-0.001462
4.8997943E-07,-0.003691
4.9002943E-07,-0.006059
4.9007943E-07,-0.008288
4.9012943E-07,-0.010517
4.9017943E-07,-0.012746
4.9022943E-07,-0.014835
4.9027943E-07,-0.016786
4.9032943E-07,-0.018596
4.9037943E-07,-0.020268
4.9042943E-07,-0.021801
4.9047943E-07,-0.023054
4.9052943E-07,-0.024169
4.9057943E-07,-0.025144
4.9062943E-07,-0.025840
4.9067943E-07,-0.026398
4.9072943E-07,-0.026676
4.9077943E-07,-0.026815
4.9082943E-07,-0.026815
4.9087943E-07,-0.026537
4.9092943E-07,-0.026119
4.9097943E-07,-0.025562
4.9102943E-07,-0.024726
4.9107943E-07,-0.023611
4.9112943E-07,-0.022358
4.9117943E-07,-0.020965
4.9122943E-07,-0.019293
4.9127943E-07,-0.017343
4.9132943E-07,-0.015114
4.9137943E-07,-0.012746
4.9142943E-07,-0.010099
4.9147943E-07,-0.007173
4.9152943E-07,-0.003969
4.9157943E-07,-0.000765
4.9162943E-07,0.002856
4.9167943E-07,0.006478
4.9172943E-07,0.010379
4.9177943E-07,0.014279
4.9182943E-07,0.018319
4.9187943E-07,0.022498
4.9192943E-07,0.026538
4.9197943E-07,0.030717
4.9202943E-07,0.034897
4.9207943E-07,0.039076
4.9212943E-07,0.043116
4.9217943E-07,0.047155
4.9222943E-07,0.051195
4.9227943E-07,0.055235
4.9232943E-07,0.059275
4.9237943E-07,0.063454
4.9242943E-07,0.067494
4.9247943E-07,0.071673
4.9252943E-07,0.075991
4.9257943E-07,0.080449
4.9262943E-07,0.085046
4.9267943E-07,0.089783
4.9272943E-07,0.094798
4.9277943E-07,0.100091
4.9282943E-07,0.105524
4.9287943E-07,0.111236
4.9292943E-07,0.117226
4.9297943E-07,0.123494
4.9302943E-07,0.130042
4.9307943E-07,0.136868
4.9312943E-07,0.143972
4.9317943E-07,0.151216
4.9322943E-07,0.158878
4.9327943E-07,0.166679
4.9332943E-07,0.174898
4.9337943E-07,0.183256
4.9342943E-07,0.191893
4.9347943E-07,0.200948
4.9352943E-07,0.210281
4.9357943E-07,0.220033
4.9362943E-07,0.230063
4.9367943E-07,0.240510
4.9372943E-07,0.251515
4.9377943E-07,0.262938
4.9382943E-07,0.274779
4.9387943E-07,0.287317
4.9392943E-07,0.300272
4.9397943E-07,0.313785
4.9402943E-07,0.327854
4.9407943E-07,0.342621
4.9412943E-07,0.357805
4.9417943E-07,0.373407
4.9422943E-07,0.389706
4.9427943E-07,0.406283
4.9432943E-07,0.423418
4.9437943E-07,0.440831
4.9442943E-07,0.458522
4.9447943E-07,0.476493
4.9452943E-07,0.494602
4.9457943E-07,0.512991
4.9462943E-07,0.531239
4.9467943E-07,0.549628
4.9472943E-07,0.568016
4.9477943E-07,0.586126
4.9482943E-07,0.604235
4.9487943E-07,0.622205
4.9492943E-07,0.639897
4.9497943E-07,0.657450
4.9502943E-07,0.674723
4.9507943E-07,0.691579
4.9512943E-07,0.708296
4.9517943E-07,0.724734
4.9522943E-07,0.740754
4.9527943E-07,0.756635
4.9532943E-07,0.772097
4.9537943E-07,0.787142
4.9542943E-07,0.801909
4.9547943E-07,0.816257
4.9552943E-07,0.830187
4.9557943E-07,0.843839
4.9562943E-07,0.856934
4.9567943E-07,0.869611
4.9572943E-07,0.881870
4.9577943E-07,0.893571
4.9582943E-07,0.904716
4.9587943E-07,0.915303
4.9592943E-07,0.925333
4.9597943E-07,0.934805
4.9602943E-07,0.943582
4.9607943E-07,0.951801
4.9612943E-07,0.959184
4.9617943E-07,0.966149
4.9622943E-07,0.972278
4.9627943E-07,0.977851
4.9632943E-07,0.982726
4.9637943E-07,0.986905
4.9642943E-07,0.990527
4.9647943E-07,0.993453
4.9652943E-07,0.995821
4.9657943E-07,0.997632
4.9662943E-07,0.998886
4.9667943E-07,0.999721
4.9672943E-07,1.000000
4.9677943E-07,0.999721
4.9682943E-07,0.999164
4.9687943E-07,0.998189
4.9692943E-07,0.996796
4.9697943E-07,0.994985
4.9702943E-07,0.993035
4.9707943E-07,0.990667
4.9712943E-07,0.988020
4.9717943E-07,0.985094
4.9722943E-07,0.982030
4.9727943E-07,0.978686
4.9732943E-07,0.975064
4.9737943E-07,0.971303
4.9742943E-07,0.967403
4.9747943E-07,0.963363
4.9752943E-07,0.959044
4.9757943E-07,0.954726
4.9762943E-07,0.950268
4.9767943E-07,0.945671
4.9772943E-07,0.941074
4.9777943E-07,0.936338
4.9782943E-07,0.931601
4.9787943E-07,0.926865
4.9792943E-07,0.922129
4.9797943E-07,0.917392
4.9802943E-07,0.912656
4.9807943E-07,0.907920
4.9812943E-07,0.903322
4.9817943E-07,0.898725
4.9822943E-07,0.894128
4.9827943E-07,0.889531
4.9832943E-07,0.884795
4.9837943E-07,0.880198
4.9842943E-07,0.875462
4.9847943E-07,0.870725
4.9852943E-07,0.865710
4.9857943E-07,0.860695
4.9862943E-07,0.855541
4.9867943E-07,0.850108
4.9872943E-07,0.844536
4.9877943E-07,0.838824
4.9882943E-07,0.832834
4.9887943E-07,0.826566
4.9892943E-07,0.820297
4.9897943E-07,0.813750
4.9902943E-07,0.807063
4.9907943E-07,0.800237
4.9912943E-07,0.793411
4.9917943E-07,0.786306
4.9922943E-07,0.779341
4.9927943E-07,0.772237
4.9932943E-07,0.765271
4.9937943E-07,0.758167
4.9942943E-07,0.751202
4.9947943E-07,0.744236
4.9952943E-07,0.737411
4.9957943E-07,0.730585
4.9962943E-07,0.723759
4.9967943E-07,0.716933
4.9972943E-07,0.710246
4.9977943E-07,0.703559
4.9982943E-07,0.696873
4.9987943E-07,0.690186
4.9992943E-07,0.683360
4.9997943E-07,0.676674
5.0002943E-07,0.669987
5.0007943E-07,0.663161
5.0012943E-07,0.656474
5.0017943E-07,0.649788
5.0022943E-07,0.643240
5.0027943E-07,0.636693
5.0032943E-07,0.630424
5.0037943E-07,0.624156
5.0042943E-07,0.618166
5.0047943E-07,0.612454
5.0052943E-07,0.607021
5.0057943E-07,0.601867
5.0062943E-07,0.596991
5.0067943E-07,0.592394
5.0072943E-07,0.588215
5.0077943E-07,0.584315
5.0082943E-07,0.580832
5.0087943E-07,0.577489
5.0092943E-07,0.574424
5.0097943E-07,0.571638
5.0102943E-07,0.568991
5.0107943E-07,0.566344
5.0112943E-07,0.563837
5.0117943E-07,0.561329
5.0122943E-07,0.558822
5.0127943E-07,0.556175
5.0132943E-07,0.553389
5.0137943E-07,0.550464
5.0142943E-07,0.547399
5.0147943E-07,0.544055
5.0152943E-07,0.540573
5.0157943E-07,0.536812
5.0162943E-07,0.532911
5.0167943E-07,0.528732
5.0172943E-07,0.524414
5.0177943E-07,0.519816
5.0182943E-07,0.515080
5.0187943E-07,0.510204
5.0192943E-07,0.505329
5.0197943E-07,0.500174
5.0202943E-07,0.495020
5.0207943E-07,0.489727
5.0212943E-07,0.484433
5.0217943E-07,0.479000
5.0222943E-07,0.473567
5.0227943E-07,0.467995
5.0232943E-07,0.462284
5.0237943E-07,0.456572
5.0242943E-07,0.450721
5.0247943E-07,0.444731
5.0252943E-07,0.438602
5.0257943E-07,0.432472
5.0262943E-07,0.426064
5.0267943E-07,0.419656
5.0272943E-07,0.413109
5.0277943E-07,0.406422
5.0282943E-07,0.399736
5.0287943E-07,0.392910
5.0292943E-07,0.386084
5.0297943E-07,0.379258
5.0302943E-07,0.372432
5.0307943E-07,0.365606
5.0312943E-07,0.358919
5.0317943E-07,0.352233
5.0322943E-07,0.345825
5.0327943E-07,0.339417
5.0332943E-07,0.333427
5.0337943E-07,0.327437
5.0342943E-07,0.321864
5.0347943E-07,0.316571
5.0352943E-07,0.311417
5.0357943E-07,0.306680
5.0362943E-07,0.302222
5.0367943E-07,0.297904
5.0372943E-07,0.294143
5.0377943E-07,0.290521
5.0382943E-07,0.287177
5.0387943E-07,0.284252
5.0392943E-07,0.281466
5.0397943E-07,0.278959
5.0402943E-07,0.276590
5.0407943E-07,0.274640
5.0412943E-07,0.272690
5.0417943E-07,0.271018
5.0422943E-07,0.269486
5.0427943E-07,0.268093
5.0432943E-07,0.266839
5.0437943E-07,0.265725
5.0442943E-07,0.264749
5.0447943E-07,0.263774
5.0452943E-07,0.262938
5.0457943E-07,0.262103
5.0462943E-07,0.261406
5.0467943E-07,0.260710
5.0472943E-07,0.260152
5.0477943E-07,0.259595
5.0482943E-07,0.259038
5.0487943E-07,0.258620
5.0492943E-07,0.258341
5.0497943E-07,0.258063
5.0502943E-07,0.257784
5.0507943E-07,0.257645
5.0512943E-07,0.257645
5.0517943E-07,0.257645
5.0522943E-07,0.257645
5.0527943E-07,0.257784
5.0532943E-07,0.257923
5.0537943E-07,0.258202
5.0542943E-07,0.258620
5.0547943E-07,0.259038
5.0552943E-07,0.259595
5.0557943E-07,0.260152
5.0562943E-07,0.260988
5.0567943E-07,0.261824
5.0572943E-07,0.262660
5.0577943E-07,0.263774
5.0582943E-07,0.264889
5.0587943E-07,0.266282
5.0592943E-07,0.267675
5.0597943E-07,0.269207
5.0602943E-07,0.270879
5.0607943E-07,0.272690
5.0612943E-07,0.274640
5.0617943E-07,0.276590
5.0622943E-07,0.278680
5.0627943E-07,0.280769
5.0632943E-07,0.282998
5.0637943E-07,0.285088
5.0642943E-07,0.287317
5.0647943E-07,0.289267
5.0652943E-07,0.291357
5.0657943E-07,0.293168
5.0662943E-07,0.294839
5.0667943E-07,0.296372
5.0672943E-07,0.297765
5.0677943E-07,0.298879
5.0682943E-07,0.299854
5.0687943E-07,0.300551
5.0692943E-07,0.300969
5.0697943E-07,0.301247
5.0702943E-07,0.301247
5.0707943E-07,0.301108
5.0712943E-07,0.300690
5.0717943E-07,0.300133
5.0722943E-07,0.299436
5.0727943E-07,0.298740
5.0732943E-07,0.297765
5.0737943E-07,0.296790
5.0742943E-07,0.295814
5.0747943E-07,0.294700
5.0752943E-07,0.293586
5.0757943E-07,0.292332
5.0762943E-07,0.291217
5.0767943E-07,0.289964
5.0772943E-07,0.288710
5.0777943E-07,0.287456
5.0782943E-07,0.286063
5.0787943E-07,0.284670
5.0792943E-07,0.283138
5.0797943E-07,0.281466
5.0802943E-07,0.279794
5.0807943E-07,0.277983
5.0812943E-07,0.276172
5.0817943E-07,0.274083
5.0822943E-07,0.271993
5.0827943E-07,0.269764
5.0832943E-07,0.267396
5.0837943E-07,0.264889
5.0842943E-07,0.262381
5.0847943E-07,0.259874
5.0852943E-07,0.257088
5.0857943E-07,0.254441
5.0862943E-07,0.251655
5.0867943E-07,0.248869
5.0872943E-07,0.245943
5.0877943E-07,0.243157
5.0882943E-07,0.240371
5.0887943E-07,0.237446
5.0892943E-07,0.234520
5.0897943E-07,0.231734
5.0902943E-07,0.228809
5.0907943E-07,0.225883
5.0912943E-07,0.223097
5.0917943E-07,0.220172
5.0922943E-07,0.217386
5.0927943E-07,0.214460
5.0932943E-07,0.211674
5.0937943E-07,0.208888
5.0942943E-07,0.206241
5.0947943E-07,0.203595
5.0952943E-07,0.200948
5.0957943E-07,0.198580
5.0962943E-07,0.196351
5.0967943E-07,0.194122
5.0972943E-07,0.192172
5.0977943E-07,0.190221
5.0982943E-07,0.188550
5.0987943E-07,0.187157
5.0992943E-07,0.185764
5.0997943E-07,0.184510
5.1002943E-07,0.183395
5.1007943E-07,0.182420
5.1012943E-07,0.181445
5.1017943E-07,0.180609
5.1022943E-07,0.179774
5.1027943E-07,0.178798
5.1032943E-07,0.177823
5.1037943E-07,0.176709
5.1042943E-07,0.175455
5.1047943E-07,0.174062
5.1052943E-07,0.172390
5.1057943E-07,0.170579
5.1062943E-07,0.168629
5.1067943E-07,0.166400
5.1072943E-07,0.163893
5.1077943E-07,0.161246
5.1082943E-07,0.158460
5.1087943E-07,0.155534
5.1092943E-07,0.152609
5.1097943E-07,0.149405
5.1102943E-07,0.146340
5.1107943E-07,0.143276
5.1112943E-07,0.140211
5.1117943E-07,0.137286
5.1122943E-07,0.134499
5.1127943E-07,0.131853
5.1132943E-07,0.129484
5.1137943E-07,0.127256
5.1142943E-07,0.125445
5.1147943E-07,0.123773
5.1152943E-07,0.122241
5.1157943E-07,0.121126
5.1162943E-07,0.120290
5.1167943E-07,0.119594
5.1172943E-07,0.119315
5.1177943E-07,0.119037
5.1182943E-07,0.119037
5.1187943E-07,0.119315
5.1192943E-07,0.119594
5.1197943E-07,0.120012
5.1202943E-07,0.120569
5.1207943E-07,0.121126
5.1212943E-07,0.121823
5.1217943E-07,0.122380
5.1222943E-07,0.123076
5.1227943E-07,0.123634
5.1232943E-07,0.124330
5.1237943E-07,0.124748
5.1242943E-07,0.125305
5.1247943E-07,0.125584
5.1252943E-07,0.125863
5.1257943E-07,0.126002
5.1262943E-07,0.126141
5.1267943E-07,0.126002
5.1272943E-07,0.125863
5.1277943E-07,0.125584
5.1282943E-07,0.125166
5.1287943E-07,0.124609
5.1292943E-07,0.123912
5.1297943E-07,0.122937
5.1302943E-07,0.121962
5.1307943E-07,0.120848
5.1312943E-07,0.119455
5.1317943E-07,0.118061
5.1322943E-07,0.116390
5.1327943E-07,0.114579
5.1332943E-07,0.112768
5.1337943E-07,0.110678
5.1342943E-07,0.108449
5.1347943E-07,0.106221
5.1352943E-07,0.103852
5.1357943E-07,0.101484
5.1362943E-07,0.098977
5.1367943E-07,0.096609
5.1372943E-07,0.094240
5.1377943E-07,0.091872
5.1382943E-07,0.089643
5.1387943E-07,0.087554
5.1392943E-07,0.085464
5.1397943E-07,0.083653
5.1402943E-07,0.082121
5.1407943E-07,0.080589
5.1412943E-07,0.079335
5.1417943E-07,0.078360
5.1422943E-07,0.077524
5.1427943E-07,0.076827
5.1432943E-07,0.076409
5.1437943E-07,0.075991
5.1442943E-07,0.075713
5.1447943E-07,0.075434
5.1452943E-07,0.075295
5.1457943E-07,0.075156
5.1462943E-07,0.075016
5.1467943E-07,0.074738
5.1472943E-07,0.074320
5.1477943E-07,0.073902
5.1482943E-07,0.073484
5.1487943E-07,0.072787
5.1492943E-07,0.071952
5.1497943E-07,0.071116
5.1502943E-07,0.070141
5.1507943E-07,0.069026
5.1512943E-07,0.067772
5.1517943E-07,0.066658
5.1522943E-07,0.065404
5.1527943E-07,0.064290
5.1532943E-07,0.063036
5.1537943E-07,0.061922
5.1542943E-07,0.060947
5.1547943E-07,0.059971
5.1552943E-07,0.059136
5.1557943E-07,0.058439
5.1562943E-07,0.057882
5.1567943E-07,0.057325
5.1572943E-07,0.056907
5.1577943E-07,0.056628
5.1582943E-07,0.056349
5.1587943E-07,0.056210
5.1592943E-07,0.056210
5.1597943E-07,0.056210
5.1602943E-07,0.056210
5.1607943E-07,0.056210
5.1612943E-07,0.056349
5.1617943E-07,0.056489
5.1622943E-07,0.056767
5.1627943E-07,0.057046
5.1632943E-07,0.057325
5.1637943E-07,0.057603
5.1642943E-07,0.058021
5.1647943E-07,0.058578
5.1652943E-07,0.059136
5.1657943E-07,0.059832
5.1662943E-07,0.060529
5.1667943E-07,0.061225
5.1672943E-07,0.062061
5.1677943E-07,0.063036
5.1682943E-07,0.063872
5.1687943E-07,0.064708
5.1692943E-07,0.065683
5.1697943E-07,0.066519
5.1702943E-07,0.067215
5.1707943E-07,0.068051
5.1712943E-07,0.068608
5.1717943E-07,0.069166
5.1722943E-07,0.069583
5.1727943E-07,0.069862
5.1732943E-07,0.070141
5.1737943E-07,0.070280
5.1742943E-07,0.070419
5.1747943E-07,0.070419
5.1752943E-07,0.070419
5.1757943E-07,0.070559
5.1762943E-07,0.070698
5.1767943E-07,0.070837
5.1772943E-07,0.071255
5.1777943E-07,0.071673
5.1782943E-07,0.072370
5.1787943E-07,0.073205
5.1792943E-07,0.074180
5.1797943E-07,0.075434
5.1802943E-07,0.076967
5.1807943E-07,0.078638
5.1812943E-07,0.080589
5.1817943E-07,0.082678
5.1822943E-07,0.084768
5.1827943E-07,0.087136
5.1832943E-07,0.089504
5.1837943E-07,0.091872
5.1842943E-07,0.094380
5.1847943E-07,0.096748
5.1852943E-07,0.098977
5.1857943E-07,0.101066
5.1862943E-07,0.103017
5.1867943E-07,0.104688
5.1872943E-07,0.106221
5.1877943E-07,0.107474
5.1882943E-07,0.108449
5.1887943E-07,0.109146
5.1892943E-07,0.109564
5.1897943E-07,0.109703
5.1902943E-07,0.109564
5.1907943E-07,0.109285
5.1912943E-07,0.108589
5.1917943E-07,0.107892
5.1922943E-07,0.106778
5.1927943E-07,0.105663
5.1932943E-07,0.104270
5.1937943E-07,0.102877
5.1942943E-07,0.101345
5.1947943E-07,0.099673
5.1952943E-07,0.098002
5.1957943E-07,0.096330
5.1962943E-07,0.094658
5.1967943E-07,0.092847
5.1972943E-07,0.091176
5.1977943E-07,0.089365
5.1982943E-07,0.087554
5.1987943E-07,0.085882
5.1992943E-07,0.084071
5.1997943E-07,0.082260
5.2002943E-07,0.080449
5.2007943E-07,0.078638
5.2012943E-07,0.076827
5.2017943E-07,0.075016
5.2022943E-07,0.073205
5.2027943E-07,0.071255
5.2032943E-07,0.069444
5.2037943E-07,0.067633
5.2042943E-07,0.065822
5.2047943E-07,0.064011
5.2052943E-07,0.062340
5.2057943E-07,0.060807
5.2062943E-07,0.059275
5.2067943E-07,0.057882
5.2072943E-07,0.056628
5.2077943E-07,0.055653
5.2082943E-07,0.054678
5.2087943E-07,0.053981
5.2092943E-07,0.053285
5.2097943E-07,0.052867
5.2102943E-07,0.052728
5.2107943E-07,0.052588
5.2112943E-07,0.052588
5.2117943E-07,0.052728
5.2122943E-07,0.053006
5.2127943E-07,0.053285
5.2132943E-07,0.053563
5.2137943E-07,0.053981
5.2142943E-07,0.054260
5.2147943E-07,0.054678
5.2152943E-07,0.054956
5.2157943E-07,0.055235
5.2162943E-07,0.055374
5.2167943E-07,0.055514
5.2172943E-07,0.055514
5.2177943E-07,0.055514
5.2182943E-07,0.055514
5.2187943E-07,0.055514
5.2192943E-07,0.055514
5.2197943E-07,0.055374
5.2202943E-07,0.055374
5.2207943E-07,0.055374
5.2212943E-07,0.055514
5.2217943E-07,0.055514
5.2222943E-07,0.055792
5.2227943E-07,0.055932
5.2232943E-07,0.056349
5.2237943E-07,0.056628
5.2242943E-07,0.057046
5.2247943E-07,0.057464
5.2252943E-07,0.057882
5.2257943E-07,0.058439
5.2262943E-07,0.058857
5.2267943E-07,0.059414
5.2272943E-07,0.059832
5.2277943E-07,0.060250
5.2282943E-07,0.060668
5.2287943E-07,0.061086
5.2292943E-07,0.061504
5.2297943E-07,0.061782
5.2302943E-07,0.062061
5.2307943E-07,0.062340
5.2312943E-07,0.062757
5.2317943E-07,0.063036
5.2322943E-07,0.063315
5.2327943E-07,0.063593
5.2332943E-07,0.064011
5.2337943E-07,0.064429
5.2342943E-07,0.064847
5.2347943E-07,0.065265
5.2352943E-07,0.065683
5.2357943E-07,0.066101
5.2362943E-07,0.066519
5.2367943E-07,0.066937
5.2372943E-07,0.067355
5.2377943E-07,0.067772
5.2382943E-07,0.068051
5.2387943E-07,0.068330
5.2392943E-07,0.068608
5.2397943E-07,0.068748
5.2402943E-07,0.069026
5.2407943E-07,0.069166
5.2412943E-07,0.069305
5.2417943E-07,0.069444
5.2422943E-07,0.069723
5.2427943E-07,0.069862
5.2432943E-07,0.070280
5.2437943E-07,0.070698
5.2442943E-07,0.071116
5.2447943E-07,0.071812
5.2452943E-07,0.072509
5.2457943E-07,0.073484
5.2462943E-07,0.074459
5.2467943E-07,0.075434
5.2472943E-07,0.076688
5.2477943E-07,0.077942
5.2482943E-07,0.079056
5.2487943E-07,0.080310
5.2492943E-07,0.081564
5.2497943E-07,0.082678
5.2502943E-07,0.083793
5.2507943E-07,0.084628
5.2512943E-07,0.085464
5.2517943E-07,0.086021
5.2522943E-07,0.086439
5.2527943E-07,0.086579
5.2532943E-07,0.086439
5.2537943E-07,0.086161
5.2542943E-07,0.085603
5.2547943E-07,0.084907
5.2552943E-07,0.084071
5.2557943E-07,0.083096
5.2562943E-07,0.081842
5.2567943E-07,0.080589
5.2572943E-07,0.079195
5.2577943E-07,0.077802
5.2582943E-07,0.076270
5.2587943E-07,0.074877
5.2592943E-07,0.073484
5.2597943E-07,0.071952
5.2602943E-07,0.070698
5.2607943E-07,0.069305
5.2612943E-07,0.068051
5.2617943E-07,0.066937
5.2622943E-07,0.065822
5.2627943E-07,0.064708
5.2632943E-07,0.063733
5.2637943E-07,0.062897
5.2642943E-07,0.061922
5.2647943E-07,0.061225
5.2652943E-07,0.060389
5.2657943E-07,0.059693
5.2662943E-07,0.059136
5.2667943E-07,0.058578
5.2672943E-07,0.058021
5.2677943E-07,0.057603
5.2682943E-07,0.057185
5.2687943E-07,0.056907
5.2692943E-07,0.056628
5.2697943E-07,0.056489
5.2702943E-07,0.056489
5.2707943E-07,0.056489
5.2712943E-07,0.056628
5.2717943E-07,0.056907
5.2722943E-07,0.057185
5.2727943E-07,0.057603
5.2732943E-07,0.058160
5.2737943E-07,0.058718
5.2742943E-07,0.059275
5.2747943E-07,0.059971
5.2752943E-07,0.060668
5.2757943E-07,0.061225
5.2762943E-07,0.061922
5.2767943E-07,0.062618
5.2772943E-07,0.063175
5.2777943E-07,0.063733
5.2782943E-07,0.064290
5.2787943E-07,0.064708
5.2792943E-07,0.065126
5.2797943E-07,0.065404
5.2802943E-07,0.065544
5.2807943E-07,0.065683
5.2812943E-07,0.065683
5.2817943E-07,0.065683
5.2822943E-07,0.065544
5.2827943E-07,0.065265
5.2832943E-07,0.065126
5.2837943E-07,0.064708
5.2842943E-07,0.064429
5.2847943E-07,0.064011
5.2852943E-07,0.063593
5.2857943E-07,0.063175
5.2862943E-07,0.062897
5.2867943E-07,0.062479
5.2872943E-07,0.062061
5.2877943E-07,0.061782
5.2882943E-07,0.061504
5.2887943E-07,0.061225
5.2892943E-07,0.060947
5.2897943E-07,0.060668
5.2902943E-07,0.060529
5.2907943E-07,0.060250
5.2912943E-07,0.059971
5.2917943E-07,0.059693
5.2922943E-07,0.059414
5.2927943E-07,0.059136
5.2932943E-07,0.058718
5.2937943E-07,0.058439
5.2942943E-07,0.058021
5.2947943E-07,0.057464
5.2952943E-07,0.057046
5.2957943E-07,0.056628
5.2962943E-07,0.056071
5.2967943E-07,0.055792
5.2972943E-07,0.055374
5.2977943E-07,0.055096
5.2982943E-07,0.054956
5.2987943E-07,0.054956
5.2992943E-07,0.055235
5.2997943E-07,0.055514
5.3002943E-07,0.056071
5.3007943E-07,0.056907
5.3012943E-07,0.057882
5.3017943E-07,0.058996
5.3022943E-07,0.060389
5.3027943E-07,0.061922
5.3032943E-07,0.063593
5.3037943E-07,0.065404
5.3042943E-07,0.067355
5.3047943E-07,0.069305
5.3052943E-07,0.071394
5.3057943E-07,0.073345
5.3062943E-07,0.075295
5.3067943E-07,0.077245
5.3072943E-07,0.079056
5.3077943E-07,0.080728
5.3082943E-07,0.082260
5.3087943E-07,0.083653
5.3092943E-07,0.084907
5.3097943E-07,0.086021
5.3102943E-07,0.086997
5.3107943E-07,0.087832
5.3112943E-07,0.088529
5.3117943E-07,0.089086
5.3122943E-07,0.089504
5.3127943E-07,0.089922
5.3132943E-07,0.090201
5.3137943E-07,0.090340
5.3142943E-07,0.090479
5.3147943E-07,0.090479
5.3152943E-07,0.090340
5.3157943E-07,0.090201
5.3162943E-07,0.089783
5.3167943E-07,0.089365
5.3172943E-07,0.088668
5.3177943E-07,0.087972
5.3182943E-07,0.086997
5.3187943E-07,0.085882
5.3192943E-07,0.084628
5.3197943E-07,0.083096
5.3202943E-07,0.081424
5.3207943E-07,0.079613
5.3212943E-07,0.077802
5.3217943E-07,0.075713
5.3222943E-07,0.073623
5.3227943E-07,0.071394
5.3232943E-07,0.069166
5.3237943E-07,0.066937
5.3242943E-07,0.064847
5.3247943E-07,0.062618
5.3252943E-07,0.060668
5.3257943E-07,0.058578
5.3262943E-07,0.056767
5.3267943E-07,0.054956
5.3272943E-07,0.053285
5.3277943E-07,0.051613
5.3282943E-07,0.049941
5.3287943E-07,0.048409
5.3292943E-07,0.046737
5.3297943E-07,0.045205
5.3302943E-07,0.043394
5.3307943E-07,0.041722
5.3312943E-07,0.039772
5.3317943E-07,0.037822
5.3322943E-07,0.035732
5.3327943E-07,0.033503
5.3332943E-07,0.031135
5.3337943E-07,0.028628
5.3342943E-07,0.026120
5.3347943E-07,0.023474
5.3352943E-07,0.020827
5.3357943E-07,0.018180
5.3362943E-07,0.015533
5.3367943E-07,0.013165
5.3372943E-07,0.010797
5.3377943E-07,0.008568
5.3382943E-07,0.006618
5.3387943E-07,0.004807
5.3392943E-07,0.003414
5.3397943E-07,0.002160
5.3402943E-07,0.001185
5.3407943E-07,0.000628
5.3412943E-07,0.000210
5.3417943E-07,0.000070
5.3422943E-07,0.000210
5.3427943E-07,0.000628
5.3432943E-07,0.001185
5.3437943E-07,0.001881
5.3442943E-07,0.002856
5.3447943E-07,0.003832
5.3452943E-07,0.004946
5.3457943E-07,0.006200
5.3462943E-07,0.007454
5.3467943E-07,0.008707
5.3472943E-07,0.010100
5.3477943E-07,0.011633
5.3482943E-07,0.013026
5.3487943E-07,0.014558
5.3492943E-07,0.016090
5.3497943E-07,0.017762
5.3502943E-07,0.019434
5.3507943E-07,0.021105
5.3512943E-07,0.022916
5.3517943E-07,0.024727
5.3522943E-07,0.026678
5.3527943E-07,0.028628
5.3532943E-07,0.030578
5.3537943E-07,0.032528
5.3542943E-07,0.034479
5.3547943E-07,0.036429
5.3552943E-07,0.038379
5.3557943E-07,0.040329
5.3562943E-07,0.042140
5.3567943E-07,0.043951
5.3572943E-07,0.045623
5.3577943E-07,0.047155
5.3582943E-07,0.048688
5.3587943E-07,0.050081
5.3592943E-07,0.051335
5.3597943E-07,0.052588
5.3602943E-07,0.053703
5.3607943E-07,0.054678
5.3612943E-07,0.055653
5.3617943E-07,0.056628
5.3622943E-07,0.057464
5.3627943E-07,0.058160
5.3632943E-07,0.058996
5.3637943E-07,0.059832
5.3642943E-07,0.060529
5.3647943E-07,0.061364
5.3652943E-07,0.062200
5.3657943E-07,0.063036
5.3662943E-07,0.063872
5.3667943E-07,0.064708
5.3672943E-07,0.065683
5.3677943E-07,0.066658
5.3682943E-07,0.067772
5.3687943E-07,0.068748
5.3692943E-07,0.069862
5.3697943E-07,0.070837
5.3702943E-07,0.071952
5.3707943E-07,0.072927
5.3712943E-07,0.074041
5.3717943E-07,0.075016
5.3722943E-07,0.075991
5.3727943E-07,0.076827
5.3732943E-07,0.077524
5.3737943E-07,0.078360
5.3742943E-07,0.078917
5.3747943E-07,0.079474
5.3752943E-07,0.079892
5.3757943E-07,0.080171
5.3762943E-07,0.080449
5.3767943E-07,0.080449
5.3772943E-07,0.080589
5.3777943E-07,0.080449
5.3782943E-07,0.080310
5.3787943E-07,0.080031
5.3792943E-07,0.079613
5.3797943E-07,0.079195
5.3802943E-07,0.078778
5.3807943E-07,0.078220
5.3812943E-07,0.077663
5.3817943E-07,0.076967
5.3822943E-07,0.076270
5.3827943E-07,0.075434
5.3832943E-07,0.074738
5.3837943E-07,0.073763
5.3842943E-07,0.072927
5.3847943E-07,0.071952
5.3852943E-07,0.070976
5.3857943E-07,0.070001
5.3862943E-07,0.068887
5.3867943E-07,0.067912
5.3872943E-07,0.066797
5.3877943E-07,0.065822
5.3882943E-07,0.064847
5.3887943E-07,0.063872
5.3892943E-07,0.063036
5.3897943E-07,0.062340
5.3902943E-07,0.061922
5.3907943E-07,0.061504
5.3912943E-07,0.061364
5.3917943E-07,0.061364
5.3922943E-07,0.061643
5.3927943E-07,0.062200
5.3932943E-07,0.062897
5.3937943E-07,0.063872
5.3942943E-07,0.065126
5.3947943E-07,0.066519
5.3952943E-07,0.068051
5.3957943E-07,0.069862
5.3962943E-07,0.071534
5.3967943E-07,0.073484
5.3972943E-07,0.075295
5.3977943E-07,0.076967
5.3982943E-07,0.078638
5.3987943E-07,0.080171
5.3992943E-07,0.081564
5.3997943E-07,0.082678
5.4002943E-07,0.083653
5.4007943E-07,0.084210
5.4012943E-07,0.084628
5.4017943E-07,0.084768
5.4022943E-07,0.084628
5.4027943E-07,0.084210
5.4032943E-07,0.083514
5.4037943E-07,0.082678
5.4042943E-07,0.081703
5.4047943E-07,0.080589
5.4052943E-07,0.079195
5.4057943E-07,0.077802
5.4062943E-07,0.076409
5.4067943E-07,0.074877
5.4072943E-07,0.073345
5.4077943E-07,0.071812
5.4082943E-07,0.070419
5.4087943E-07,0.068887
5.4092943E-07,0.067355
5.4097943E-07,0.065822
5.4102943E-07,0.064429
5.4107943E-07,0.062897
5.4112943E-07,0.061364
5.4117943E-07,0.059832
5.4122943E-07,0.058300
5.4127943E-07,0.056628
5.4132943E-07,0.054956
5.4137943E-07,0.053285
5.4142943E-07,0.051613
5.4147943E-07,0.049802
5.4152943E-07,0.048130
5.4157943E-07,0.046320
5.4162943E-07,0.044648
5.4167943E-07,0.042837
5.4172943E-07,0.041165
5.4177943E-07,0.039633
5.4182943E-07,0.038101
5.4187943E-07,0.036708
5.4192943E-07,0.035454
5.4197943E-07,0.034200
5.4202943E-07,0.033086
5.4207943E-07,0.032110
5.4212943E-07,0.031275
5.4217943E-07,0.030578
5.4222943E-07,0.029882
5.4227943E-07,0.029185
5.4232943E-07,0.028628
5.4237943E-07,0.028071
5.4242943E-07,0.027653
5.4247943E-07,0.027235
5.4252943E-07,0.026817
5.4257943E-07,0.026399
5.4262943E-07,0.025981
5.4267943E-07,0.025563
5.4272943E-07,0.025145
5.4277943E-07,0.024727
5.4282943E-07,0.024449
5.4287943E-07,0.024031
5.4292943E-07,0.023752
5.4297943E-07,0.023613
5.4302943E-07,0.023474
5.4307943E-07,0.023334
5.4312943E-07,0.023334
5.4317943E-07,0.023474
5.4322943E-07,0.023752
5.4327943E-07,0.024031
5.4332943E-07,0.024309
5.4337943E-07,0.024727
5.4342943E-07,0.025285
5.4347943E-07,0.025842
5.4352943E-07,0.026399
5.4357943E-07,0.026956
5.4362943E-07,0.027513
5.4367943E-07,0.028071
5.4372943E-07,0.028628
5.4377943E-07,0.029185
5.4382943E-07,0.029603
5.4387943E-07,0.029882
5.4392943E-07,0.030160
5.4397943E-07,0.030439
5.4402943E-07,0.030439
5.4407943E-07,0.030439
5.4412943E-07,0.030439
5.4417943E-07,0.030299
5.4422943E-07,0.030021
5.4427943E-07,0.029742
5.4432943E-07,0.029324
5.4437943E-07,0.028906
5.4442943E-07,0.028349
5.4447943E-07,0.027931
5.4452943E-07,0.027374
5.4457943E-07,0.026678
5.4462943E-07,0.026120
5.4467943E-07,0.025424
5.4472943E-07,0.024867
5.4477943E-07,0.024170
5.4482943E-07,0.023334
5.4487943E-07,0.022638
5.4492943E-07,0.021802
5.4497943E-07,0.020827
5.4502943E-07,0.019991
5.4507943E-07,0.018876
5.4512943E-07,0.017901
5.4517943E-07,0.016787
5.4522943E-07,0.015533
5.4527943E-07,0.014279
5.4532943E-07,0.013026
5.4537943E-07,0.011772
5.4542943E-07,0.010518
5.4547943E-07,0.009264
5.4552943E-07,0.008150
5.4557943E-07,0.007036
5.4562943E-07,0.006200
5.4567943E-07,0.005364
5.4572943E-07,0.004807
5.4577943E-07,0.004389
5.4582943E-07,0.004249
5.4587943E-07,0.004389
5.4592943E-07,0.004807
5.4597943E-07,0.005503
5.4602943E-07,0.006339
5.4607943E-07,0.007593
5.4612943E-07,0.009125
5.4617943E-07,0.010797
5.4622943E-07,0.012747
5.4627943E-07,0.014837
5.4632943E-07,0.016926
5.4637943E-07,0.019294
5.4642943E-07,0.021523
5.4647943E-07,0.023752
5.4652943E-07,0.025981
5.4657943E-07,0.028071
5.4662943E-07,0.030160
5.4667943E-07,0.031832
5.4672943E-07,0.033503
5.4677943E-07,0.034897
5.4682943E-07,0.036150
5.4687943E-07,0.037125
5.4692943E-07,0.037822
5.4697943E-07,0.038518
5.4702943E-07,0.038936
5.4707943E-07,0.039215
5.4712943E-07,0.039354
5.4717943E-07,0.039494
5.4722943E-07,0.039494
5.4727943E-07,0.039494
5.4732943E-07,0.039494
5.4737943E-07,0.039494
5.4742943E-07,0.039494
5.4747943E-07,0.039494
5.4752943E-07,0.039633
5.4757943E-07,0.039772
5.4762943E-07,0.039772
5.4767943E-07,0.039912
5.4772943E-07,0.040051
5.4777943E-07,0.040190
5.4782943E-07,0.040190
5.4787943E-07,0.040329
5.4792943E-07,0.040329
5.4797943E-07,0.040190
5.4802943E-07,0.040051
5.4807943E-07,0.039912
5.4812943E-07,0.039633
5.4817943E-07,0.039354
5.4822943E-07,0.039076
5.4827943E-07,0.038797
5.4832943E-07,0.038518
5.4837943E-07,0.038240
5.4842943E-07,0.038101
5.4847943E-07,0.037961
5.4852943E-07,0.037961
5.4857943E-07,0.037961
5.4862943E-07,0.038240
5.4867943E-07,0.038658
5.4872943E-07,0.039076
5.4877943E-07,0.039772
5.4882943E-07,0.040469
5.4887943E-07,0.041444
5.4892943E-07,0.042419
5.4897943E-07,0.043394
5.4902943E-07,0.044369
5.4907943E-07,0.045484
5.4912943E-07,0.046598
5.4917943E-07,0.047573
5.4922943E-07,0.048548
5.4927943E-07,0.049384
5.4932943E-07,0.050081
5.4937943E-07,0.050777
5.4942943E-07,0.051335
5.4947943E-07,0.051613
5.4952943E-07,0.051892
5.4957943E-07,0.051892
5.4962943E-07,0.051752
5.4967943E-07,0.051613
5.4972943E-07,0.051195
5.4977943E-07,0.050638
5.4982943E-07,0.049941
5.4987943E-07,0.049106
5.4992943E-07,0.048130
5.4997943E-07,0.047155
5.5002943E-07,0.045902
5.5007943E-07,0.044509
5.5012943E-07,0.043116
5.5017943E-07,0.041444
5.5022943E-07,0.039633
5.5027943E-07,0.037822
5.5032943E-07,0.035732
5.5037943E-07,0.033503
5.5042943E-07,0.031275
5.5047943E-07,0.028906
5.5052943E-07,0.026399
5.5057943E-07,0.023891
5.5062943E-07,0.021245
5.5067943E-07,0.018598
5.5072943E-07,0.016090
5.5077943E-07,0.013583
5.5082943E-07,0.011075
5.5087943E-07,0.008847
5.5092943E-07,0.006757
5.5097943E-07,0.004807
5.5102943E-07,0.003135
5.5107943E-07,0.001742
5.5112943E-07,0.000628
5.5117943E-07,-0.000069
5.5122943E-07,-0.000626
5.5127943E-07,-0.000765
5.5132943E-07,-0.000487
5.5137943E-07,-0.000069
5.5142943E-07,0.000767
5.5147943E-07,0.001742
5.5152943E-07,0.003135
5.5157943E-07,0.004667
5.5162943E-07,0.006339
5.5167943E-07,0.008150
5.5172943E-07,0.010100
5.5177943E-07,0.012051
5.5182943E-07,0.014001
5.5187943E-07,0.015951
5.5192943E-07,0.017901
5.5197943E-07,0.019712
5.5202943E-07,0.021384
5.5207943E-07,0.022916
5.5212943E-07,0.024309
5.5217943E-07,0.025563
5.5222943E-07,0.026678
5.5227943E-07,0.027653
5.5232943E-07,0.028349
5.5237943E-07,0.028906
5.5242943E-07,0.029464
5.5247943E-07,0.029742
5.5252943E-07,0.030021
5.5257943E-07,0.030160
5.5262943E-07,0.030160
5.5267943E-07,0.030021
5.5272943E-07,0.029882
5.5277943E-07,0.029742
5.5282943E-07,0.029464
5.5287943E-07,0.029185
5.5292943E-07,0.028906
5.5297943E-07,0.028489
5.5302943E-07,0.028071
5.5307943E-07,0.027653
5.5312943E-07,0.027235
5.5317943E-07,0.026817
5.5322943E-07,0.026260
5.5327943E-07,0.025842
5.5332943E-07,0.025285
5.5337943E-07,0.024867
5.5342943E-07,0.024309
5.5347943E-07,0.023891
5.5352943E-07,0.023474
5.5357943E-07,0.023056
5.5362943E-07,0.022777
5.5367943E-07,0.022638
5.5372943E-07,0.022498
5.5377943E-07,0.022498
5.5382943E-07,0.022498
5.5387943E-07,0.022638
5.5392943E-07,0.022916
5.5397943E-07,0.023334
5.5402943E-07,0.023891
5.5407943E-07,0.024449
5.5412943E-07,0.025145
5.5417943E-07,0.025842
5.5422943E-07,0.026538
5.5427943E-07,0.027374
5.5432943E-07,0.028071
5.5437943E-07,0.028767
5.5442943E-07,0.029464
5.5447943E-07,0.030021
5.5452943E-07,0.030439
5.5457943E-07,0.030717
5.5462943E-07,0.030857
5.5467943E-07,0.030717
5.5472943E-07,0.030578
5.5477943E-07,0.030160
5.5482943E-07,0.029464
5.5487943E-07,0.028628
5.5492943E-07,0.027653
5.5497943E-07,0.026399
5.5502943E-07,0.025006
5.5507943E-07,0.023474
5.5512943E-07,0.021802
5.5517943E-07,0.019991
5.5522943E-07,0.018041
5.5527943E-07,0.015951
5.5532943E-07,0.014001
5.5537943E-07,0.011911
5.5542943E-07,0.009822
5.5547943E-07,0.007732
5.5552943E-07,0.005782
5.5557943E-07,0.003832
5.5562943E-07,0.002021
5.5567943E-07,0.000349
5.5572943E-07,-0.001183
5.5577943E-07,-0.002576
5.5582943E-07,-0.003691
5.5587943E-07,-0.004666
5.5592943E-07,-0.005363
5.5597943E-07,-0.005920
5.5602943E-07,-0.006198
5.5607943E-07,-0.006198
5.5612943E-07,-0.005780
5.5617943E-07,-0.005363
5.5622943E-07,-0.004527
5.5627943E-07,-0.003412
5.5632943E-07,-0.002019
5.5637943E-07,-0.000487
5.5642943E-07,0.001324
5.5647943E-07,0.003274
5.5652943E-07,0.005503
5.5657943E-07,0.007732
5.5662943E-07,0.010240
5.5667943E-07,0.012886
5.5672943E-07,0.015533
5.5677943E-07,0.018180
5.5682943E-07,0.020827
5.5687943E-07,0.023474
5.5692943E-07,0.026120
5.5697943E-07,0.028628
5.5702943E-07,0.031135
5.5707943E-07,0.033364
5.5712943E-07,0.035593
5.5717943E-07,0.037683
5.5722943E-07,0.039494
5.5727943E-07,0.041165
5.5732943E-07,0.042698
5.5737943E-07,0.044091
5.5742943E-07,0.045205
5.5747943E-07,0.046320
5.5752943E-07,0.047155
5.5757943E-07,0.047991
5.5762943E-07,0.048688
5.5767943E-07,0.049245
5.5772943E-07,0.049663
5.5777943E-07,0.050081
5.5782943E-07,0.050359
5.5787943E-07,0.050638
5.5792943E-07,0.050917
5.5797943E-07,0.051056
5.5802943E-07,0.051056
5.5807943E-07,0.051195
5.5812943E-07,0.051195
5.5817943E-07,0.051056
5.5822943E-07,0.050917
5.5827943E-07,0.050777
5.5832943E-07,0.050359
5.5837943E-07,0.050081
5.5842943E-07,0.049663
5.5847943E-07,0.049106
5.5852943E-07,0.048409
5.5857943E-07,0.047713
5.5862943E-07,0.047016
5.5867943E-07,0.046041
5.5872943E-07,0.045205
5.5877943E-07,0.044091
5.5882943E-07,0.042976
5.5887943E-07,0.041862
5.5892943E-07,0.040608
5.5897943E-07,0.039354
5.5902943E-07,0.038101
5.5907943E-07,0.036847
5.5912943E-07,0.035454
5.5917943E-07,0.034061
5.5922943E-07,0.032668
5.5927943E-07,0.031135
5.5932943E-07,0.029742
5.5937943E-07,0.028210
5.5942943E-07,0.026817
5.5947943E-07,0.025285
5.5952943E-07,0.023891
5.5957943E-07,0.022359
5.5962943E-07,0.020966
5.5967943E-07,0.019573
5.5972943E-07,0.018180
5.5977943E-07,0.016926
5.5982943E-07,0.015672
5.5987943E-07,0.014419
5.5992943E-07,0.013444
5.5997943E-07,0.012468
5.6002943E-07,0.011633
5.6007943E-07,0.010936
5.6012943E-07,0.010518
5.6017943E-07,0.010100
5.6022943E-07,0.009961
5.6027943E-07,0.009961
5.6032943E-07,0.010100
5.6037943E-07,0.010379
5.6042943E-07,0.010797
5.6047943E-07,0.011493
5.6052943E-07,0.012190
5.6057943E-07,0.013165
5.6062943E-07,0.014140
5.6067943E-07,0.015115
5.6072943E-07,0.016230
5.6077943E-07,0.017483
5.6082943E-07,0.018598
5.6087943E-07,0.019712
5.6092943E-07,0.020827
5.6097943E-07,0.021802
5.6102943E-07,0.022777
5.6107943E-07,0.023613
5.6112943E-07,0.024309
5.6117943E-07,0.024867
5.6122943E-07,0.025285
5.6127943E-07,0.025563
5.6132943E-07,0.025563
5.6137943E-07,0.025563
5.6142943E-07,0.025285
5.6147943E-07,0.025006
5.6152943E-07,0.024588
5.6157943E-07,0.024031
5.6162943E-07,0.023474
5.6167943E-07,0.022916
5.6172943E-07,0.022359
5.6177943E-07,0.021802
5.6182943E-07,0.021245
5.6187943E-07,0.020827
5.6192943E-07,0.020409
5.6197943E-07,0.020130
5.6202943E-07,0.019991
5.6207943E-07,0.019852
5.6212943E-07,0.019991
5.6217943E-07,0.019991
5.6222943E-07,0.020270
5.6227943E-07,0.020409
5.6232943E-07,0.020687
5.6237943E-07,0.020966
5.6242943E-07,0.021245
5.6247943E-07,0.021523
5.6252943E-07,0.021663
5.6257943E-07,0.021802
5.6262943E-07,0.021802
5.6267943E-07,0.021802
5.6272943E-07,0.021663
5.6277943E-07,0.021523
5.6282943E-07,0.021245
5.6287943E-07,0.020966
5.6292943E-07,0.020687
5.6297943E-07,0.020409
5.6302943E-07,0.020270
5.6307943E-07,0.019991
5.6312943E-07,0.019991
5.6317943E-07,0.019991
5.6322943E-07,0.019991
5.6327943E-07,0.020270
5.6332943E-07,0.020687
5.6337943E-07,0.021105
5.6342943E-07,0.021802
5.6347943E-07,0.022498
5.6352943E-07,0.023195
5.6357943E-07,0.024031
5.6362943E-07,0.025006
5.6367943E-07,0.025842
5.6372943E-07,0.026678
5.6377943E-07,0.027513
5.6382943E-07,0.028210
5.6387943E-07,0.028767
5.6392943E-07,0.029324
5.6397943E-07,0.029742
5.6402943E-07,0.030021
5.6407943E-07,0.030299
5.6412943E-07,0.030299
5.6417943E-07,0.030299
5.6422943E-07,0.030299
5.6427943E-07,0.030160
5.6432943E-07,0.030021
5.6437943E-07,0.029882
5.6442943E-07,0.029742
5.6447943E-07,0.029742
5.6452943E-07,0.029742
5.6457943E-07,0.029742
5.6462943E-07,0.029882
5.6467943E-07,0.030021
5.6472943E-07,0.030299
5.6477943E-07,0.030578
5.6482943E-07,0.030996
5.6487943E-07,0.031414
5.6492943E-07,0.031832
5.6497943E-07,0.032250
5.6502943E-07,0.032528
5.6507943E-07,0.032807
5.6512943E-07,0.033086
5.6517943E-07,0.033225
5.6522943E-07,0.033225
5.6527943E-07,0.033225
5.6532943E-07,0.033086
5.6537943E-07,0.032807
5.6542943E-07,0.032389
5.6547943E-07,0.031832
5.6552943E-07,0.031275
5.6557943E-07,0.030578
5.6562943E-07,0.029882
5.6567943E-07,0.029046
5.6572943E-07,0.028210
5.6577943E-07,0.027235
5.6582943E-07,0.026260
5.6587943E-07,0.025285
5.6592943E-07,0.024309
5.6597943E-07,0.023334
5.6602943E-07,0.022220
5.6607943E-07,0.021105
5.6612943E-07,0.019991
5.6617943E-07,0.018876
5.6622943E-07,0.017623
5.6627943E-07,0.016369
5.6632943E-07,0.014976
5.6637943E-07,0.013722
5.6642943E-07,0.012190
5.6647943E-07,0.010797
5.6652943E-07,0.009404
5.6657943E-07,0.007871
5.6662943E-07,0.006478
5.6667943E-07,0.004946
5.6672943E-07,0.003553
5.6677943E-07,0.002160
5.6682943E-07,0.001045
5.6687943E-07,-0.000208
5.6692943E-07,-0.001183
5.6697943E-07,-0.002019
5.6702943E-07,-0.002855
5.6707943E-07,-0.003412
5.6712943E-07,-0.003830
5.6717943E-07,-0.003969
5.6722943E-07,-0.004109
5.6727943E-07,-0.003969
5.6732943E-07,-0.003691
5.6737943E-07,-0.003273
5.6742943E-07,-0.002855
5.6747943E-07,-0.002159
5.6752943E-07,-0.001462
5.6757943E-07,-0.000626
5.6762943E-07,0.000210
5.6767943E-07,0.001045
5.6772943E-07,0.002021
5.6777943E-07,0.003135
5.6782943E-07,0.004110
5.6787943E-07,0.005225
5.6792943E-07,0.006200
5.6797943E-07,0.007314
5.6802943E-07,0.008429
5.6807943E-07,0.009682
5.6812943E-07,0.010797
5.6817943E-07,0.012051
5.6822943E-07,0.013444
5.6827943E-07,0.014837
5.6832943E-07,0.016230
5.6837943E-07,0.017762
5.6842943E-07,0.019294
5.6847943E-07,0.020966
5.6852943E-07,0.022638
5.6857943E-07,0.024309
5.6862943E-07,0.025981
5.6867943E-07,0.027792
5.6872943E-07,0.029464
5.6877943E-07,0.031275
5.6882943E-07,0.032946
5.6887943E-07,0.034479
5.6892943E-07,0.036011
5.6897943E-07,0.037404
5.6902943E-07,0.038518
5.6907943E-07,0.039633
5.6912943E-07,0.040329
5.6917943E-07,0.041026
5.6922943E-07,0.041305
5.6927943E-07,0.041444
5.6932943E-07,0.041305
5.6937943E-07,0.040887
5.6942943E-07,0.040329
5.6947943E-07,0.039354
5.6952943E-07,0.038240
5.6957943E-07,0.036986
5.6962943E-07,0.035454
5.6967943E-07,0.033782
5.6972943E-07,0.032110
5.6977943E-07,0.030160
5.6982943E-07,0.028210
5.6987943E-07,0.026260
5.6992943E-07,0.024309
5.6997943E-07,0.022359
5.7002943E-07,0.020548
5.7007943E-07,0.018737
5.7012943E-07,0.017066
5.7017943E-07,0.015533
5.7022943E-07,0.014001
5.7027943E-07,0.012747
5.7032943E-07,0.011633
5.7037943E-07,0.010658
5.7042943E-07,0.009822
5.7047943E-07,0.009125
5.7052943E-07,0.008568
5.7057943E-07,0.008150
5.7062943E-07,0.007732
5.7067943E-07,0.007593
5.7072943E-07,0.007454
5.7077943E-07,0.007454
5.7082943E-07,0.007454
5.7087943E-07,0.007593
5.7092943E-07,0.007871
5.7097943E-07,0.008150
5.7102943E-07,0.008568
5.7107943E-07,0.008986
5.7112943E-07,0.009404
5.7117943E-07,0.009961
5.7122943E-07,0.010518
5.7127943E-07,0.011215
5.7132943E-07,0.011772
5.7137943E-07,0.012468
5.7142943E-07,0.013165
5.7147943E-07,0.013862
5.7152943E-07,0.014558
5.7157943E-07,0.015255
5.7162943E-07,0.015812
5.7167943E-07,0.016508
5.7172943E-07,0.017066
5.7177943E-07,0.017623
5.7182943E-07,0.018041
5.7187943E-07,0.018598
5.7192943E-07,0.019016
5.7197943E-07,0.019434
5.7202943E-07,0.019852
5.7207943E-07,0.020270
5.7212943E-07,0.020687
5.7217943E-07,0.021105
5.7222943E-07,0.021663
5.7227943E-07,0.022081
5.7232943E-07,0.022638
5.7237943E-07,0.023195
5.7242943E-07,0.023891
5.7247943E-07,0.024449
5.7252943E-07,0.025006
5.7257943E-07,0.025702
5.7262943E-07,0.026260
5.7267943E-07,0.026678
5.7272943E-07,0.027095
5.7277943E-07,0.027374
5.7282943E-07,0.027374
5.7287943E-07,0.027374
5.7292943E-07,0.027095
5.7297943E-07,0.026678
5.7302943E-07,0.025981
5.7307943E-07,0.025145
5.7312943E-07,0.024031
5.7317943E-07,0.022777
5.7322943E-07,0.021245
5.7327943E-07,0.019712
5.7332943E-07,0.017901
5.7337943E-07,0.016230
5.7342943E-07,0.014419
5.7347943E-07,0.012608
5.7352943E-07,0.010936
5.7357943E-07,0.009404
5.7362943E-07,0.008011
5.7367943E-07,0.006757
5.7372943E-07,0.005782
5.7377943E-07,0.005085
5.7382943E-07,0.004528
5.7387943E-07,0.004249
5.7392943E-07,0.004249
5.7397943E-07,0.004528
5.7402943E-07,0.005085
5.7407943E-07,0.005643
5.7412943E-07,0.006478
5.7417943E-07,0.007454
5.7422943E-07,0.008568
5.7427943E-07,0.009682
5.7432943E-07,0.010797
5.7437943E-07,0.011911
5.7442943E-07,0.013026
5.7447943E-07,0.014001
5.7452943E-07,0.014976
5.7457943E-07,0.015812
5.7462943E-07,0.016508
5.7467943E-07,0.017205
5.7472943E-07,0.017762
5.7477943E-07,0.018180
5.7482943E-07,0.018459
5.7487943E-07,0.018598
5.7492943E-07,0.018737
5.7497943E-07,0.018876
5.7502943E-07,0.018876
5.7507943E-07,0.018737
5.7512943E-07,0.018598
5.7517943E-07,0.018319
5.7522943E-07,0.018041
5.7527943E-07,0.017623
5.7532943E-07,0.017205
5.7537943E-07,0.016508
5.7542943E-07,0.015812
5.7547943E-07,0.014976
5.7552943E-07,0.014140
5.7557943E-07,0.013026
5.7562943E-07,0.011772
5.7567943E-07,0.010518
5.7572943E-07,0.009125
5.7577943E-07,0.007593
5.7582943E-07,0.005921
5.7587943E-07,0.004249
5.7592943E-07,0.002578
5.7597943E-07,0.000906
5.7602943E-07,-0.000765
5.7607943E-07,-0.002437
5.7612943E-07,-0.003969
5.7617943E-07,-0.005363
5.7622943E-07,-0.006616
5.7627943E-07,-0.007870
5.7632943E-07,-0.008706
5.7637943E-07,-0.009542
5.7642943E-07,-0.009960
5.7647943E-07,-0.010238
5.7652943E-07,-0.010378
5.7657943E-07,-0.010238
5.7662943E-07,-0.009820
5.7667943E-07,-0.009124
5.7672943E-07,-0.008427
5.7677943E-07,-0.007452
5.7682943E-07,-0.006338
5.7687943E-07,-0.005084
5.7692943E-07,-0.003830
5.7697943E-07,-0.002437
5.7702943E-07,-0.001044
5.7707943E-07,0.000349
5.7712943E-07,0.001742
5.7717943E-07,0.003135
5.7722943E-07,0.004389
5.7727943E-07,0.005643
5.7732943E-07,0.006757
5.7737943E-07,0.007732
5.7742943E-07,0.008707
5.7747943E-07,0.009543
5.7752943E-07,0.010240
5.7757943E-07,0.010936
5.7762943E-07,0.011633
5.7767943E-07,0.012051
5.7772943E-07,0.012608
5.7777943E-07,0.013026
5.7782943E-07,0.013583
5.7787943E-07,0.014001
5.7792943E-07,0.014419
5.7797943E-07,0.014837
5.7802943E-07,0.015394
5.7807943E-07,0.015812
5.7812943E-07,0.016369
5.7817943E-07,0.016787
5.7822943E-07,0.017344
5.7827943E-07,0.017901
5.7832943E-07,0.018319
5.7837943E-07,0.018876
5.7842943E-07,0.019294
5.7847943E-07,0.019712
5.7852943E-07,0.020130
5.7857943E-07,0.020548
5.7862943E-07,0.020827
5.7867943E-07,0.021245
5.7872943E-07,0.021523
5.7877943E-07,0.021802
5.7882943E-07,0.022220
5.7887943E-07,0.022498
5.7892943E-07,0.022777
5.7897943E-07,0.023195
5.7902943E-07,0.023613
5.7907943E-07,0.024031
5.7912943E-07,0.024588
5.7917943E-07,0.025145
5.7922943E-07,0.025702
5.7927943E-07,0.026260
5.7932943E-07,0.026956
5.7937943E-07,0.027513
5.7942943E-07,0.028071
5.7947943E-07,0.028628
5.7952943E-07,0.029185
5.7957943E-07,0.029603
5.7962943E-07,0.029882
5.7967943E-07,0.030021
5.7972943E-07,0.030160
5.7977943E-07,0.030021
5.7982943E-07,0.029882
5.7987943E-07,0.029464
5.7992943E-07,0.028906
5.7997943E-07,0.028349
5.8002943E-07,0.027513
5.8007943E-07,0.026678
5.8012943E-07,0.025842
5.8017943E-07,0.025006
5.8022943E-07,0.024031
5.8027943E-07,0.023195
5.8032943E-07,0.022498
5.8037943E-07,0.021941
5.8042943E-07,0.021384
5.8047943E-07,0.021105
5.8052943E-07,0.020966
5.8057943E-07,0.020966
5.8062943E-07,0.021245
5.8067943E-07,0.021663
5.8072943E-07,0.022220
5.8077943E-07,0.023056
5.8082943E-07,0.024031
5.8087943E-07,0.025006
5.8092943E-07,0.026120
5.8097943E-07,0.027235
5.8102943E-07,0.028489
5.8107943E-07,0.029742
5.8112943E-07,0.030857
5.8117943E-07,0.031971
5.8122943E-07,0.032946
5.8127943E-07,0.033921
5.8132943E-07,0.034897
5.8137943E-07,0.035732
5.8142943E-07,0.036429
5.8147943E-07,0.036986
5.8152943E-07,0.037543
5.8157943E-07,0.038101
5.8162943E-07,0.038658
5.8167943E-07,0.039076
5.8172943E-07,0.039633
5.8177943E-07,0.040190
5.8182943E-07,0.040608
5.8187943E-07,0.041165
5.8192943E-07,0.041722
5.8197943E-07,0.042280
5.8202943E-07,0.042976
5.8207943E-07,0.043533
5.8212943E-07,0.044091
5.8217943E-07,0.044648
5.8222943E-07,0.045205
5.8227943E-07,0.045623
5.8232943E-07,0.046041
5.8237943E-07,0.046320
5.8242943E-07,0.046459
5.8247943E-07,0.046459
5.8252943E-07,0.046320
5.8257943E-07,0.046180
5.8262943E-07,0.045762
5.8267943E-07,0.045344
5.8272943E-07,0.044648
5.8277943E-07,0.043951
5.8282943E-07,0.043255
5.8287943E-07,0.042280
5.8292943E-07,0.041444
5.8297943E-07,0.040469
5.8302943E-07,0.039494
5.8307943E-07,0.038379
5.8312943E-07,0.037404
5.8317943E-07,0.036429
5.8322943E-07,0.035454
5.8327943E-07,0.034479
5.8332943E-07,0.033503
5.8337943E-07,0.032389
5.8342943E-07,0.031414
5.8347943E-07,0.030439
5.8352943E-07,0.029324
5.8357943E-07,0.028210
5.8362943E-07,0.027095
5.8367943E-07,0.025842
5.8372943E-07,0.024588
5.8377943E-07,0.023195
5.8382943E-07,0.021802
5.8387943E-07,0.020270
5.8392943E-07,0.018598
5.8397943E-07,0.016926
5.8402943E-07,0.015115
5.8407943E-07,0.013165
5.8412943E-07,0.011215
5.8417943E-07,0.009264
5.8422943E-07,0.007175
5.8427943E-07,0.005085
5.8432943E-07,0.002996
5.8437943E-07,0.000906
5.8442943E-07,-0.001183
5.8447943E-07,-0.003273
5.8452943E-07,-0.005223
5.8457943E-07,-0.007173
5.8462943E-07,-0.009124
5.8467943E-07,-0.011074
5.8472943E-07,-0.012885
5.8477943E-07,-0.014557
5.8482943E-07,-0.016228
5.8487943E-07,-0.017900
5.8492943E-07,-0.019432
5.8497943E-07,-0.020825
5.8502943E-07,-0.022079
5.8507943E-07,-0.023333
5.8512943E-07,-0.024447
5.8517943E-07,-0.025422
5.8522943E-07,-0.026398
5.8527943E-07,-0.027094
5.8532943E-07,-0.027651
5.8537943E-07,-0.028069
5.8542943E-07,-0.028348
5.8547943E-07,-0.028487
5.8552943E-07,-0.028487
5.8557943E-07,-0.028209
5.8562943E-07,-0.027791
5.8567943E-07,-0.027233
5.8572943E-07,-0.026537
5.8577943E-07,-0.025562
5.8582943E-07,-0.024587
5.8587943E-07,-0.023333
5.8592943E-07,-0.022079
5.8597943E-07,-0.020825
5.8602943E-07,-0.019293
5.8607943E-07,-0.017900
5.8612943E-07,-0.016368
5.8617943E-07,-0.014975
5.8622943E-07,-0.013442
5.8627943E-07,-0.012049
5.8632943E-07,-0.010795
5.8637943E-07,-0.009542
5.8642943E-07,-0.008288
5.8647943E-07,-0.007173
5.8652943E-07,-0.006059
5.8657943E-07,-0.005223
5.8662943E-07,-0.004248
5.8667943E-07,-0.003412
5.8672943E-07,-0.002576
5.8677943E-07,-0.001880
5.8682943E-07,-0.001183
5.8687943E-07,-0.000348
5.8692943E-07,0.000488
5.8697943E-07,0.001324
5.8702943E-07,0.002160
5.8707943E-07,0.003135
5.8712943E-07,0.004249
5.8717943E-07,0.005364
5.8722943E-07,0.006478
5.8727943E-07,0.007732
5.8732943E-07,0.008986
5.8737943E-07,0.010379
5.8742943E-07,0.011772
5.8747943E-07,0.013026
5.8752943E-07,0.014419
5.8757943E-07,0.015672
5.8762943E-07,0.016787
5.8767943E-07,0.017762
5.8772943E-07,0.018737
5.8777943E-07,0.019434
5.8782943E-07,0.020130
5.8787943E-07,0.020409
5.8792943E-07,0.020687
5.8797943E-07,0.020687
5.8802943E-07,0.020548
5.8807943E-07,0.020270
5.8812943E-07,0.019852
5.8817943E-07,0.019294
5.8822943E-07,0.018598
5.8827943E-07,0.017901
5.8832943E-07,0.017066
5.8837943E-07,0.016230
5.8842943E-07,0.015394
5.8847943E-07,0.014419
5.8852943E-07,0.013583
5.8857943E-07,0.012747
5.8862943E-07,0.012051
5.8867943E-07,0.011215
5.8872943E-07,0.010518
5.8877943E-07,0.009822
5.8882943E-07,0.009264
5.8887943E-07,0.008568
5.8892943E-07,0.008011
5.8897943E-07,0.007314
5.8902943E-07,0.006618
5.8907943E-07,0.006060
5.8912943E-07,0.005364
5.8917943E-07,0.004667
5.8922943E-07,0.003971
5.8927943E-07,0.003414
5.8932943E-07,0.002717
5.8937943E-07,0.002021
5.8942943E-07,0.001463
5.8947943E-07,0.000906
5.8952943E-07,0.000488
5.8957943E-07,0.000070
5.8962943E-07,-0.000208
5.8967943E-07,-0.000487
5.8972943E-07,-0.000487
5.8977943E-07,-0.000487
5.8982943E-07,-0.000348
5.8987943E-07,-0.000069
5.8992943E-07,0.000210
5.8997943E-07,0.000628
5.9002943E-07,0.001185
5.9007943E-07,0.001742
5.9012943E-07,0.002299
5.9017943E-07,0.002717
5.9022943E-07,0.003274
5.9027943E-07,0.003832
5.9032943E-07,0.004249
5.9037943E-07,0.004667
5.9042943E-07,0.004946
5.9047943E-07,0.005225
5.9052943E-07,0.005364
5.9057943E-07,0.005503
5.9062943E-07,0.005503
5.9067943E-07,0.005503
5.9072943E-07,0.005364
5.9077943E-07,0.005364
5.9082943E-07,0.005225
5.9087943E-07,0.005225
5.9092943E-07,0.005085
5.9097943E-07,0.004946
5.9102943E-07,0.004946
5.9107943E-07,0.004946
5.9112943E-07,0.004807
5.9117943E-07,0.004807
5.9122943E-07,0.004807
5.9127943E-07,0.004667
5.9132943E-07,0.004667
5.9137943E-07,0.004528
5.9142943E-07,0.004389
5.9147943E-07,0.004110
5.9152943E-07,0.003832
5.9157943E-07,0.003553
5.9162943E-07,0.003135
5.9167943E-07,0.002717
5.9172943E-07,0.002160
5.9177943E-07,0.001603
5.9182943E-07,0.001045
5.9187943E-07,0.000349
5.9192943E-07,-0.000208
5.9197943E-07,-0.000905
5.9202943E-07,-0.001462
5.9207943E-07,-0.002019
5.9212943E-07,-0.002437
5.9217943E-07,-0.002855
5.9222943E-07,-0.003134
5.9227943E-07,-0.003273
5.9232943E-07,-0.003412
5.9237943E-07,-0.003412
5.9242943E-07,-0.003273
5.9247943E-07,-0.003134
5.9252943E-07,-0.002855
5.9257943E-07,-0.002576
5.9262943E-07,-0.002298
5.9267943E-07,-0.001880
5.9272943E-07,-0.001462
5.9277943E-07,-0.001044
5.9282943E-07,-0.000626
5.9287943E-07,-0.000348
5.9292943E-07,0.000070
5.9297943E-07,0.000349
5.9302943E-07,0.000628
5.9307943E-07,0.000906
5.9312943E-07,0.001185
5.9317943E-07,0.001463
5.9322943E-07,0.001742
5.9327943E-07,0.001881
5.9332943E-07,0.002299
5.9337943E-07,0.002578
5.9342943E-07,0.002856
5.9347943E-07,0.003274
5.9352943E-07,0.003832
5.9357943E-07,0.004389
5.9362943E-07,0.004946
5.9367943E-07,0.005643
5.9372943E-07,0.006339
5.9377943E-07,0.007036
5.9382943E-07,0.007732
5.9387943E-07,0.008429
5.9392943E-07,0.009264
5.9397943E-07,0.009961
5.9402943E-07,0.010518
5.9407943E-07,0.011075
5.9412943E-07,0.011493
5.9417943E-07,0.011911
5.9422943E-07,0.012051
5.9427943E-07,0.012190
5.9432943E-07,0.012190
5.9437943E-07,0.011911
5.9442943E-07,0.011633
5.9447943E-07,0.011215
5.9452943E-07,0.010658
5.9457943E-07,0.010100
5.9462943E-07,0.009543
5.9467943E-07,0.008986
5.9472943E-07,0.008289
5.9477943E-07,0.007732
5.9482943E-07,0.007314
5.9487943E-07,0.006896
5.9492943E-07,0.006757
5.9497943E-07,0.006618
5.9502943E-07,0.006757
5.9507943E-07,0.007036
5.9512943E-07,0.007454
5.9517943E-07,0.008011
5.9522943E-07,0.008707
5.9527943E-07,0.009682
5.9532943E-07,0.010518
5.9537943E-07,0.011493
5.9542943E-07,0.012468
5.9547943E-07,0.013444
5.9552943E-07,0.014279
5.9557943E-07,0.014976
5.9562943E-07,0.015533
5.9567943E-07,0.015812
5.9572943E-07,0.015951
5.9577943E-07,0.015672
5.9582943E-07,0.015115
5.9587943E-07,0.014279
5.9592943E-07,0.013026
5.9597943E-07,0.011493
5.9602943E-07,0.009682
5.9607943E-07,0.007593
5.9612943E-07,0.005085
5.9617943E-07,0.002439
5.9622943E-07,-0.000487
5.9627943E-07,-0.003412
5.9632943E-07,-0.006616
5.9637943E-07,-0.009820
5.9642943E-07,-0.013164
5.9647943E-07,-0.016368
5.9652943E-07,-0.019572
5.9657943E-07,-0.022636
5.9662943E-07,-0.025562
5.9667943E-07,-0.028348
5.9672943E-07,-0.030855
5.9677943E-07,-0.033084
5.9682943E-07,-0.035034
5.9687943E-07,-0.036845
5.9692943E-07,-0.038238
5.9697943E-07,-0.039492
5.9702943E-07,-0.040328
5.9707943E-07,-0.040885
5.9712943E-07,-0.041164
5.9717943E-07,-0.041164
5.9722943E-07,-0.040746
5.9727943E-07,-0.040189
5.9732943E-07,-0.039353
5.9737943E-07,-0.038238
5.9742943E-07,-0.036985
5.9747943E-07,-0.035452
5.9752943E-07,-0.033641
5.9757943E-07,-0.031830
5.9762943E-07,-0.029741
5.9767943E-07,-0.027512
5.9772943E-07,-0.025144
5.9777943E-07,-0.022776
5.9782943E-07,-0.020407
5.9787943E-07,-0.017900
5.9792943E-07,-0.015532
5.9797943E-07,-0.013164
5.9802943E-07,-0.010795
5.9807943E-07,-0.008567
5.9812943E-07,-0.006616
5.9817943E-07,-0.004666
5.9822943E-07,-0.002994
5.9827943E-07,-0.001462
5.9832943E-07,-0.000208
5.9837943E-07,0.000767
5.9842943E-07,0.001603
5.9847943E-07,0.002160
5.9852943E-07,0.002439
5.9857943E-07,0.002578
5.9862943E-07,0.002578
5.9867943E-07,0.002160
5.9872943E-07,0.001742
5.9877943E-07,0.001185
5.9882943E-07,0.000488
5.9887943E-07,-0.000348
5.9892943E-07,-0.001323
5.9897943E-07,-0.002298
5.9902943E-07,-0.003273
5.9907943E-07,-0.004248
5.9912943E-07,-0.005363
5.9917943E-07,-0.006338
5.9922943E-07,-0.007452
5.9927943E-07,-0.008427
5.9932943E-07,-0.009402
5.9937943E-07,-0.010378
5.9942943E-07,-0.011353
5.9947943E-07,-0.012467
5.9952943E-07,-0.013442
5.9957943E-07,-0.014278
5.9962943E-07,-0.015253
5.9967943E-07,-0.016228
5.9972943E-07,-0.017203
5.9977943E-07,-0.018179
5.9982943E-07,-0.019014
5.9987943E-07,-0.019990
5.9992943E-07,-0.020686
5.9997943E-07,-0.021522
6.0002943E-07,-0.022218
6.0007943E-07,-0.022776
6.0012943E-07,-0.023194
6.0017943E-07,-0.023472
6.0022943E-07,-0.023611
6.0027943E-07,-0.023611
6.0032943E-07,-0.023472
6.0037943E-07,-0.023194
6.0042943E-07,-0.022636
6.0047943E-07,-0.021940
6.0052943E-07,-0.020965
6.0057943E-07,-0.019990
6.0062943E-07,-0.018736
6.0067943E-07,-0.017343
6.0072943E-07,-0.015950
6.0077943E-07,-0.014417
6.0082943E-07,-0.012746
6.0087943E-07,-0.011074
6.0092943E-07,-0.009542
6.0097943E-07,-0.007870
6.0102943E-07,-0.006338
6.0107943E-07,-0.004805
6.0112943E-07,-0.003412
6.0117943E-07,-0.002019
6.0122943E-07,-0.000905
6.0127943E-07,0.000210
6.0132943E-07,0.001045
6.0137943E-07,0.001881
6.0142943E-07,0.002578
6.0147943E-07,0.002996
6.0152943E-07,0.003414
6.0157943E-07,0.003692
6.0162943E-07,0.003832
6.0167943E-07,0.003832
6.0172943E-07,0.003832
6.0177943E-07,0.003692
6.0182943E-07,0.003553
6.0187943E-07,0.003274
6.0192943E-07,0.002856
6.0197943E-07,0.002439
6.0202943E-07,0.002021
6.0207943E-07,0.001463
6.0212943E-07,0.000767
6.0217943E-07,0.000070
6.0222943E-07,-0.000626
6.0227943E-07,-0.001462
6.0232943E-07,-0.002298
6.0237943E-07,-0.003273
6.0242943E-07,-0.004248
6.0247943E-07,-0.005223
6.0252943E-07,-0.006338
6.0257943E-07,-0.007452
6.0262943E-07,-0.008706
6.0267943E-07,-0.009820
6.0272943E-07,-0.011074
6.0277943E-07,-0.012188
6.0282943E-07,-0.013442
6.0287943E-07,-0.014557
6.0292943E-07,-0.015532
6.0297943E-07,-0.016507
6.0302943E-07,-0.017482
6.0307943E-07,-0.018179
6.0312943E-07,-0.018875
6.0317943E-07,-0.019432
6.0322943E-07,-0.019850
6.0327943E-07,-0.020268
6.0332943E-07,-0.020407
6.0337943E-07,-0.020547
6.0342943E-07,-0.020547
6.0347943E-07,-0.020407
6.0352943E-07,-0.020268
6.0357943E-07,-0.019990
6.0362943E-07,-0.019850
6.0367943E-07,-0.019432
6.0372943E-07,-0.019154
6.0377943E-07,-0.018875
6.0382943E-07,-0.018736
6.0387943E-07,-0.018457
6.0392943E-07,-0.018318
6.0397943E-07,-0.018318
6.0402943E-07,-0.018318
6.0407943E-07,-0.018457
6.0412943E-07,-0.018596
6.0417943E-07,-0.018875
6.0422943E-07,-0.019293
6.0427943E-07,-0.019711
6.0432943E-07,-0.020268
6.0437943E-07,-0.020825
6.0442943E-07,-0.021383
6.0447943E-07,-0.022079
6.0452943E-07,-0.022776
6.0457943E-07,-0.023472
6.0462943E-07,-0.024169
6.0467943E-07,-0.025005
6.0472943E-07,-0.025701
6.0477943E-07,-0.026537
6.0482943E-07,-0.027233
6.0487943E-07,-0.027930
6.0492943E-07,-0.028626
6.0497943E-07,-0.029323
6.0502943E-07,-0.030019
6.0507943E-07,-0.030577
6.0512943E-07,-0.031134
6.0517943E-07,-0.031691
6.0522943E-07,-0.032109
6.0527943E-07,-0.032527
6.0532943E-07,-0.032806
6.0537943E-07,-0.032945
6.0542943E-07,-0.033084
6.0547943E-07,-0.033084
6.0552943E-07,-0.032945
6.0557943E-07,-0.032806
6.0562943E-07,-0.032388
6.0567943E-07,-0.031970
6.0572943E-07,-0.031413
6.0577943E-07,-0.030855
6.0582943E-07,-0.030159
6.0587943E-07,-0.029323
6.0592943E-07,-0.028487
6.0597943E-07,-0.027651
6.0602943E-07,-0.026676
6.0607943E-07,-0.025840
6.0612943E-07,-0.024865
6.0617943E-07,-0.024029
6.0622943E-07,-0.023054
6.0627943E-07,-0.022358
6.0632943E-07,-0.021522
6.0637943E-07,-0.020825
6.0642943E-07,-0.020129
6.0647943E-07,-0.019432
6.0652943E-07,-0.018875
6.0657943E-07,-0.018179
6.0662943E-07,-0.017621
6.0667943E-07,-0.017064
6.0672943E-07,-0.016507
6.0677943E-07,-0.015810
6.0682943E-07,-0.015114
6.0687943E-07,-0.014417
6.0692943E-07,-0.013582
6.0697943E-07,-0.012746
6.0702943E-07,-0.011771
6.0707943E-07,-0.010795
6.0712943E-07,-0.009681
6.0717943E-07,-0.008567
6.0722943E-07,-0.007313
6.0727943E-07,-0.006198
6.0732943E-07,-0.004945
6.0737943E-07,-0.003691
6.0742943E-07,-0.002437
6.0747943E-07,-0.001323
6.0752943E-07,-0.000208
6.0757943E-07,0.000767
6.0762943E-07,0.001603
6.0767943E-07,0.002299
6.0772943E-07,0.002996
6.0777943E-07,0.003553
6.0782943E-07,0.003971
6.0787943E-07,0.004110
6.0792943E-07,0.004389
6.0797943E-07,0.004389
6.0802943E-07,0.004389
6.0807943E-07,0.004249
6.0812943E-07,0.004110
6.0817943E-07,0.003832
6.0822943E-07,0.003692
6.0827943E-07,0.003553
6.0832943E-07,0.003414
6.0837943E-07,0.003414
6.0842943E-07,0.003414
6.0847943E-07,0.003414
6.0852943E-07,0.003553
6.0857943E-07,0.003832
6.0862943E-07,0.004110
6.0867943E-07,0.004528
6.0872943E-07,0.004946
6.0877943E-07,0.005364
6.0882943E-07,0.005921
6.0887943E-07,0.006478
6.0892943E-07,0.006896
6.0897943E-07,0.007454
6.0902943E-07,0.007871
6.0907943E-07,0.008289
6.0912943E-07,0.008707
6.0917943E-07,0.009125
6.0922943E-07,0.009404
6.0927943E-07,0.009682
6.0932943E-07,0.009822
6.0937943E-07,0.009961
6.0942943E-07,0.010240
6.0947943E-07,0.010379
6.0952943E-07,0.010518
6.0957943E-07,0.010658
6.0962943E-07,0.010936
6.0967943E-07,0.011354
6.0972943E-07,0.011772
6.0977943E-07,0.012329
6.0982943E-07,0.013026
6.0987943E-07,0.013722
6.0992943E-07,0.014697
6.0997943E-07,0.015812
6.1002943E-07,0.017066
6.1007943E-07,0.018459
6.1012943E-07,0.020130
6.1017943E-07,0.021802
6.1022943E-07,0.023613
6.1027943E-07,0.025424
6.1032943E-07,0.027513
6.1037943E-07,0.029464
6.1042943E-07,0.031553
6.1047943E-07,0.033643
6.1052943E-07,0.035732
6.1057943E-07,0.037822
6.1062943E-07,0.039772
6.1067943E-07,0.041583
6.1072943E-07,0.043255
6.1077943E-07,0.044926
6.1082943E-07,0.046320
6.1087943E-07,0.047434
6.1092943E-07,0.048409
6.1097943E-07,0.049245
6.1102943E-07,0.049802
6.1107943E-07,0.050081
6.1112943E-07,0.050081
6.1117943E-07,0.049802
6.1122943E-07,0.049245
6.1127943E-07,0.048409
6.1132943E-07,0.047295
6.1137943E-07,0.046041
6.1142943E-07,0.044369
6.1147943E-07,0.042558
6.1152943E-07,0.040469
6.1157943E-07,0.038101
6.1162943E-07,0.035593
6.1167943E-07,0.032807
6.1172943E-07,0.030021
6.1177943E-07,0.026956
6.1182943E-07,0.023891
6.1187943E-07,0.020687
6.1192943E-07,0.017483
6.1197943E-07,0.014140
6.1202943E-07,0.010936
6.1207943E-07,0.007871
6.1212943E-07,0.004807
6.1217943E-07,0.001742
6.1222943E-07,-0.001044
6.1227943E-07,-0.003691
6.1232943E-07,-0.006059
6.1237943E-07,-0.008427
6.1242943E-07,-0.010517
6.1247943E-07,-0.012328
6.1252943E-07,-0.014139
6.1257943E-07,-0.015532
6.1262943E-07,-0.016925
6.1267943E-07,-0.018179
6.1272943E-07,-0.019154
6.1277943E-07,-0.020129
6.1282943E-07,-0.020965
6.1287943E-07,-0.021801
6.1292943E-07,-0.022497
6.1297943E-07,-0.023194
6.1302943E-07,-0.023751
6.1307943E-07,-0.024447
6.1312943E-07,-0.025144
6.1317943E-07,-0.025701
6.1322943E-07,-0.026398
6.1327943E-07,-0.026955
6.1332943E-07,-0.027512
6.1337943E-07,-0.028209
6.1342943E-07,-0.028626
6.1347943E-07,-0.029184
6.1352943E-07,-0.029602
6.1357943E-07,-0.029880
6.1362943E-07,-0.030159
6.1367943E-07,-0.030437
6.1372943E-07,-0.030577
6.1377943E-07,-0.030577
6.1382943E-07,-0.030437
6.1387943E-07,-0.030437
6.1392943E-07,-0.030159
6.1397943E-07,-0.030019
6.1402943E-07,-0.029741
6.1407943E-07,-0.029462
6.1412943E-07,-0.029184
6.1417943E-07,-0.028905
6.1422943E-07,-0.028766
6.1427943E-07,-0.028487
6.1432943E-07,-0.028209
6.1437943E-07,-0.028069
6.1442943E-07,-0.027930
6.1447943E-07,-0.027791
6.1452943E-07,-0.027512
6.1457943E-07,-0.027373
6.1462943E-07,-0.027094
6.1467943E-07,-0.026815
6.1472943E-07,-0.026398
6.1477943E-07,-0.025840
6.1482943E-07,-0.025283
6.1487943E-07,-0.024587
6.1492943E-07,-0.023751
6.1497943E-07,-0.022636
6.1502943E-07,-0.021522
6.1507943E-07,-0.020268
6.1512943E-07,-0.018875
6.1517943E-07,-0.017482
6.1522943E-07,-0.015810
6.1527943E-07,-0.014278
6.1532943E-07,-0.012606
6.1537943E-07,-0.010935
6.1542943E-07,-0.009263
6.1547943E-07,-0.007731
6.1552943E-07,-0.006338
6.1557943E-07,-0.004945
6.1562943E-07,-0.003830
6.1567943E-07,-0.002855
6.1572943E-07,-0.002019
6.1577943E-07,-0.001323
6.1582943E-07,-0.000905
6.1587943E-07,-0.000626
6.1592943E-07,-0.000626
6.1597943E-07,-0.000765
6.1602943E-07,-0.001044
6.1607943E-07,-0.001462
6.1612943E-07,-0.002159
6.1617943E-07,-0.002716
6.1622943E-07,-0.003552
6.1627943E-07,-0.004387
6.1632943E-07,-0.005223
6.1637943E-07,-0.006198
6.1642943E-07,-0.007034
6.1647943E-07,-0.008009
6.1652943E-07,-0.008845
6.1657943E-07,-0.009681
6.1662943E-07,-0.010378
6.1667943E-07,-0.011213
6.1672943E-07,-0.011910
6.1677943E-07,-0.012467
6.1682943E-07,-0.013024
6.1687943E-07,-0.013582
6.1692943E-07,-0.014139
6.1697943E-07,-0.014696
6.1702943E-07,-0.015114
6.1707943E-07,-0.015671
6.1712943E-07,-0.016089
6.1717943E-07,-0.016507
6.1722943E-07,-0.016925
6.1727943E-07,-0.017482
6.1732943E-07,-0.017900
6.1737943E-07,-0.018318
6.1742943E-07,-0.018596
6.1747943E-07,-0.019014
6.1752943E-07,-0.019293
6.1757943E-07,-0.019572
6.1762943E-07,-0.019711
6.1767943E-07,-0.019850
6.1772943E-07,-0.019850
6.1777943E-07,-0.019850
6.1782943E-07,-0.019711
6.1787943E-07,-0.019572
6.1792943E-07,-0.019293
6.1797943E-07,-0.018875
6.1802943E-07,-0.018457
6.1807943E-07,-0.017900
6.1812943E-07,-0.017343
6.1817943E-07,-0.016786
6.1822943E-07,-0.016089
6.1827943E-07,-0.015532
6.1832943E-07,-0.014835
6.1837943E-07,-0.014139
6.1842943E-07,-0.013442
6.1847943E-07,-0.012885
6.1852943E-07,-0.012188
6.1857943E-07,-0.011631
6.1862943E-07,-0.010935
6.1867943E-07,-0.010378
6.1872943E-07,-0.009820
6.1877943E-07,-0.009263
6.1882943E-07,-0.008567
6.1887943E-07,-0.008009
6.1892943E-07,-0.007313
6.1897943E-07,-0.006616
6.1902943E-07,-0.005920
6.1907943E-07,-0.005223
6.1912943E-07,-0.004387
6.1917943E-07,-0.003552
6.1922943E-07,-0.002716
6.1927943E-07,-0.001880
6.1932943E-07,-0.000905
6.1937943E-07,0.000070
6.1942943E-07,0.000906
6.1947943E-07,0.001742
6.1952943E-07,0.002717
6.1957943E-07,0.003414
6.1962943E-07,0.004249
6.1967943E-07,0.004946
6.1972943E-07,0.005503
6.1977943E-07,0.006060
6.1982943E-07,0.006618
6.1987943E-07,0.006896
6.1992943E-07,0.007314
6.1997943E-07,0.007593
6.2002943E-07,0.007732
6.2007943E-07,0.007871
6.2012943E-07,0.008011
6.2017943E-07,0.008150
6.2022943E-07,0.008150
6.2027943E-07,0.008150
6.2032943E-07,0.008289
6.2037943E-07,0.008289
6.2042943E-07,0.008289
6.2047943E-07,0.008289
6.2052943E-07,0.008429
6.2057943E-07,0.008429
6.2062943E-07,0.008289
6.2067943E-07,0.008289
6.2072943E-07,0.008150
6.2077943E-07,0.008011
6.2082943E-07,0.007871
6.2087943E-07,0.007593
6.2092943E-07,0.007314
6.2097943E-07,0.007036
6.2102943E-07,0.006618
6.2107943E-07,0.006339
6.2112943E-07,0.005921
6.2117943E-07,0.005503
6.2122943E-07,0.005225
6.2127943E-07,0.004807
6.2132943E-07,0.004667
6.2137943E-07,0.004528
6.2142943E-07,0.004528
6.2147943E-07,0.004528
6.2152943E-07,0.004807
6.2157943E-07,0.005225
6.2162943E-07,0.005782
6.2167943E-07,0.006478
6.2172943E-07,0.007175
6.2177943E-07,0.008150
6.2182943E-07,0.009125
6.2187943E-07,0.010240
6.2192943E-07,0.011354
6.2197943E-07,0.012608
6.2202943E-07,0.013722
6.2207943E-07,0.014837
6.2212943E-07,0.015812
6.2217943E-07,0.016648
6.2222943E-07,0.017344
6.2227943E-07,0.017901
6.2232943E-07,0.018180
6.2237943E-07,0.018319
6.2242943E-07,0.018180
6.2247943E-07,0.017901
6.2252943E-07,0.017344
6.2257943E-07,0.016648
6.2262943E-07,0.015812
6.2267943E-07,0.014697
6.2272943E-07,0.013444
6.2277943E-07,0.012190
6.2282943E-07,0.010658
6.2287943E-07,0.009125
6.2292943E-07,0.007593
6.2297943E-07,0.006060
6.2302943E-07,0.004528
6.2307943E-07,0.003135
6.2312943E-07,0.001603
6.2317943E-07,0.000210
6.2322943E-07,-0.001044
6.2327943E-07,-0.002298
6.2332943E-07,-0.003412
6.2337943E-07,-0.004387
6.2342943E-07,-0.005363
6.2347943E-07,-0.006198
6.2352943E-07,-0.007034
6.2357943E-07,-0.007731
6.2362943E-07,-0.008427
6.2367943E-07,-0.009124
6.2372943E-07,-0.009681
6.2377943E-07,-0.010238
6.2382943E-07,-0.010795
6.2387943E-07,-0.011353
6.2392943E-07,-0.011910
6.2397943E-07,-0.012467
6.2402943E-07,-0.013024
6.2407943E-07,-0.013582
6.2412943E-07,-0.013999
6.2417943E-07,-0.014557
6.2422943E-07,-0.015114
6.2427943E-07,-0.015532
6.2432943E-07,-0.015950
6.2437943E-07,-0.016368
6.2442943E-07,-0.016786
6.2447943E-07,-0.017064
6.2452943E-07,-0.017343
6.2457943E-07,-0.017621
6.2462943E-07,-0.017761
6.2467943E-07,-0.017900
6.2472943E-07,-0.017900
6.2477943E-07,-0.017761
6.2482943E-07,-0.017621
6.2487943E-07,-0.017482
6.2492943E-07,-0.017203
6.2497943E-07,-0.016786
6.2502943E-07,-0.016368
6.2507943E-07,-0.015810
6.2512943E-07,-0.015253
6.2517943E-07,-0.014557
6.2522943E-07,-0.013860
6.2527943E-07,-0.013164
6.2532943E-07,-0.012328
6.2537943E-07,-0.011353
6.2542943E-07,-0.010378
6.2547943E-07,-0.009402
6.2552943E-07,-0.008288
6.2557943E-07,-0.007173
6.2562943E-07,-0.005920
6.2567943E-07,-0.004666
6.2572943E-07,-0.003273
6.2577943E-07,-0.001880
6.2582943E-07,-0.000348
6.2587943E-07,0.001185
6.2592943E-07,0.002717
6.2597943E-07,0.004389
6.2602943E-07,0.006060
6.2607943E-07,0.007732
6.2612943E-07,0.009404
6.2617943E-07,0.011075
6.2622943E-07,0.012608
6.2627943E-07,0.014140
6.2632943E-07,0.015672
6.2637943E-07,0.017066
6.2642943E-07,0.018319
6.2647943E-07,0.019434
6.2652943E-07,0.020270
6.2657943E-07,0.021105
6.2662943E-07,0.021663
6.2667943E-07,0.022081
6.2672943E-07,0.022359
6.2677943E-07,0.022359
6.2682943E-07,0.022081
6.2687943E-07,0.021802
6.2692943E-07,0.021245
6.2697943E-07,0.020548
6.2702943E-07,0.019573
6.2707943E-07,0.018598
6.2712943E-07,0.017483
6.2717943E-07,0.016090
6.2722943E-07,0.014837
6.2727943E-07,0.013304
6.2732943E-07,0.011772
6.2737943E-07,0.010240
6.2742943E-07,0.008707
6.2747943E-07,0.007036
6.2752943E-07,0.005503
6.2757943E-07,0.003832
6.2762943E-07,0.002299
6.2767943E-07,0.000906
6.2772943E-07,-0.000626
6.2777943E-07,-0.002019
6.2782943E-07,-0.003273
6.2787943E-07,-0.004387
6.2792943E-07,-0.005502
6.2797943E-07,-0.006477
6.2802943E-07,-0.007313
6.2807943E-07,-0.008009
6.2812943E-07,-0.008567
6.2817943E-07,-0.008984
6.2822943E-07,-0.009263
6.2827943E-07,-0.009402
6.2832943E-07,-0.009402
6.2837943E-07,-0.009263
6.2842943E-07,-0.008984
6.2847943E-07,-0.008706
6.2852943E-07,-0.008288
6.2857943E-07,-0.007870
6.2862943E-07,-0.007452
6.2867943E-07,-0.006895
6.2872943E-07,-0.006477
6.2877943E-07,-0.006059
6.2882943E-07,-0.005641
6.2887943E-07,-0.005223
6.2892943E-07,-0.004945
6.2897943E-07,-0.004805
6.2902943E-07,-0.004527
6.2907943E-07,-0.004527
6.2912943E-07,-0.004527
6.2917943E-07,-0.004527
6.2922943E-07,-0.004527
6.2927943E-07,-0.004666
6.2932943E-07,-0.004666
6.2937943E-07,-0.004666
6.2942943E-07,-0.004805
6.2947943E-07,-0.004666
6.2952943E-07,-0.004527
6.2957943E-07,-0.004387
6.2962943E-07,-0.004109
6.2967943E-07,-0.003830
6.2972943E-07,-0.003412
6.2977943E-07,-0.002994
6.2982943E-07,-0.002437
6.2987943E-07,-0.001880
6.2992943E-07,-0.001323
6.2997943E-07,-0.000765
6.3002943E-07,-0.000348
6.3007943E-07,0.000210
6.3012943E-07,0.000488
6.3017943E-07,0.000906
6.3022943E-07,0.001045
6.3027943E-07,0.001185
6.3032943E-07,0.001324
6.3037943E-07,0.001324
6.3042943E-07,0.001185
6.3047943E-07,0.000906
6.3052943E-07,0.000767
6.3057943E-07,0.000488
6.3062943E-07,0.000210
6.3067943E-07,-0.000069
6.3072943E-07,-0.000348
6.3077943E-07,-0.000487
6.3082943E-07,-0.000765
6.3087943E-07,-0.000765
6.3092943E-07,-0.000905
6.3097943E-07,-0.000905
6.3102943E-07,-0.000905
6.3107943E-07,-0.000765
6.3112943E-07,-0.000626
6.3117943E-07,-0.000487
6.3122943E-07,-0.000208
6.3127943E-07,-0.000069
6.3132943E-07,0.000070
6.3137943E-07,0.000210
6.3142943E-07,0.000349
6.3147943E-07,0.000349
6.3152943E-07,0.000349
6.3157943E-07,0.000349
6.3162943E-07,0.000210
6.3167943E-07,0.000070
6.3172943E-07,-0.000208
6.3177943E-07,-0.000348
6.3182943E-07,-0.000626
6.3187943E-07,-0.000905
6.3192943E-07,-0.001183
6.3197943E-07,-0.001323
6.3202943E-07,-0.001601
6.3207943E-07,-0.001741
6.3212943E-07,-0.001880
6.3217943E-07,-0.002019
6.3222943E-07,-0.002019
6.3227943E-07,-0.002019
6.3232943E-07,-0.001880
6.3237943E-07,-0.001741
6.3242943E-07,-0.001601
6.3247943E-07,-0.001323
6.3252943E-07,-0.001044
6.3257943E-07,-0.000765
6.3262943E-07,-0.000487
6.3267943E-07,-0.000208
6.3272943E-07,0.000070
6.3277943E-07,0.000210
6.3282943E-07,0.000349
6.3287943E-07,0.000488
6.3292943E-07,0.000628
6.3297943E-07,0.000628
6.3302943E-07,0.000488
6.3307943E-07,0.000349
6.3312943E-07,0.000210
6.3317943E-07,-0.000208
6.3322943E-07,-0.000626
6.3327943E-07,-0.001044
6.3332943E-07,-0.001601
6.3337943E-07,-0.002298
6.3342943E-07,-0.002994
6.3347943E-07,-0.003691
6.3352943E-07,-0.004527
6.3357943E-07,-0.005363
6.3362943E-07,-0.006338
6.3367943E-07,-0.007173
6.3372943E-07,-0.008149
6.3377943E-07,-0.009124
6.3382943E-07,-0.010099
6.3387943E-07,-0.010935
6.3392943E-07,-0.011910
6.3397943E-07,-0.012885
6.3402943E-07,-0.013721
6.3407943E-07,-0.014557
6.3412943E-07,-0.015392
6.3417943E-07,-0.016228
6.3422943E-07,-0.016925
6.3427943E-07,-0.017621
6.3432943E-07,-0.018318
6.3437943E-07,-0.018875
6.3442943E-07,-0.019432
6.3447943E-07,-0.019850
6.3452943E-07,-0.020268
6.3457943E-07,-0.020547
6.3462943E-07,-0.020825
6.3467943E-07,-0.020965
6.3472943E-07,-0.021104
6.3477943E-07,-0.021104
6.3482943E-07,-0.021104
6.3487943E-07,-0.020965
6.3492943E-07,-0.020825
6.3497943E-07,-0.020547
6.3502943E-07,-0.020268
6.3507943E-07,-0.019990
6.3512943E-07,-0.019711
6.3517943E-07,-0.019432
6.3522943E-07,-0.019154
6.3527943E-07,-0.019014
6.3532943E-07,-0.018736
6.3537943E-07,-0.018736
6.3542943E-07,-0.018736
6.3547943E-07,-0.018875
6.3552943E-07,-0.019014
6.3557943E-07,-0.019432
6.3562943E-07,-0.019850
6.3567943E-07,-0.020268
6.3572943E-07,-0.020965
6.3577943E-07,-0.021522
6.3582943E-07,-0.022218
6.3587943E-07,-0.023054
6.3592943E-07,-0.023611
6.3597943E-07,-0.024308
6.3602943E-07,-0.024865
6.3607943E-07,-0.025283
6.3612943E-07,-0.025422
6.3617943E-07,-0.025562
6.3622943E-07,-0.025422
6.3627943E-07,-0.025144
6.3632943E-07,-0.024587
6.3637943E-07,-0.023751
6.3642943E-07,-0.022776
6.3647943E-07,-0.021522
6.3652943E-07,-0.020129
6.3657943E-07,-0.018596
6.3662943E-07,-0.016925
6.3667943E-07,-0.015114
6.3672943E-07,-0.013303
6.3677943E-07,-0.011631
6.3682943E-07,-0.009820
6.3687943E-07,-0.008288
6.3692943E-07,-0.006756
6.3697943E-07,-0.005502
6.3702943E-07,-0.004248
6.3707943E-07,-0.003412
6.3712943E-07,-0.002716
6.3717943E-07,-0.002298
6.3722943E-07,-0.002019
6.3727943E-07,-0.002159
6.3732943E-07,-0.002437
6.3737943E-07,-0.002855
6.3742943E-07,-0.003412
6.3747943E-07,-0.004248
6.3752943E-07,-0.005223
6.3757943E-07,-0.006198
6.3762943E-07,-0.007452
6.3767943E-07,-0.008567
6.3772943E-07,-0.009820
6.3777943E-07,-0.011074
6.3782943E-07,-0.012467
6.3787943E-07,-0.013721
6.3792943E-07,-0.014975
6.3797943E-07,-0.016368
6.3802943E-07,-0.017621
6.3807943E-07,-0.018875
6.3812943E-07,-0.020129
6.3817943E-07,-0.021243
6.3822943E-07,-0.022497
6.3827943E-07,-0.023611
6.3832943E-07,-0.024587
6.3837943E-07,-0.025701
6.3842943E-07,-0.026537
6.3847943E-07,-0.027373
6.3852943E-07,-0.028069
6.3857943E-07,-0.028626
6.3862943E-07,-0.029044
6.3867943E-07,-0.029184
6.3872943E-07,-0.029184
6.3877943E-07,-0.029044
6.3882943E-07,-0.028626
6.3887943E-07,-0.028069
6.3892943E-07,-0.027373
6.3897943E-07,-0.026398
6.3902943E-07,-0.025144
6.3907943E-07,-0.023890
6.3912943E-07,-0.022358
6.3917943E-07,-0.020686
6.3922943E-07,-0.019014
6.3927943E-07,-0.017203
6.3932943E-07,-0.015253
6.3937943E-07,-0.013442
6.3942943E-07,-0.011492
6.3947943E-07,-0.009542
6.3952943E-07,-0.007731
6.3957943E-07,-0.005920
6.3962943E-07,-0.004109
6.3967943E-07,-0.002437
6.3972943E-07,-0.000765
6.3977943E-07,0.000767
6.3982943E-07,0.002439
6.3987943E-07,0.003832
6.3992943E-07,0.005364
6.3997943E-07,0.006757
6.4002943E-07,0.008150
6.4007943E-07,0.009543
6.4012943E-07,0.011075
6.4017943E-07,0.012468
6.4022943E-07,0.013862
6.4027943E-07,0.015255
6.4032943E-07,0.016648
6.4037943E-07,0.018041
6.4042943E-07,0.019434
6.4047943E-07,0.020687
6.4052943E-07,0.021941
6.4057943E-07,0.023056
6.4062943E-07,0.024170
6.4067943E-07,0.025006
6.4072943E-07,0.025842
6.4077943E-07,0.026399
6.4082943E-07,0.026817
6.4087943E-07,0.026956
6.4092943E-07,0.026956
6.4097943E-07,0.026678
6.4102943E-07,0.026260
6.4107943E-07,0.025702
6.4112943E-07,0.024867
6.4117943E-07,0.023891
6.4122943E-07,0.022916
6.4127943E-07,0.021663
6.4132943E-07,0.020409
6.4137943E-07,0.019016
6.4142943E-07,0.017762
6.4147943E-07,0.016369
6.4152943E-07,0.015115
6.4157943E-07,0.014001
6.4162943E-07,0.012886
6.4167943E-07,0.011911
6.4172943E-07,0.011075
6.4177943E-07,0.010518
6.4182943E-07,0.009961
6.4187943E-07,0.009682
6.4192943E-07,0.009543
6.4197943E-07,0.009543
6.4202943E-07,0.009682
6.4207943E-07,0.009822
6.4212943E-07,0.010100
6.4217943E-07,0.010518
6.4222943E-07,0.010797
6.4227943E-07,0.011215
6.4232943E-07,0.011633
6.4237943E-07,0.011911
6.4242943E-07,0.012190
6.4247943E-07,0.012468
6.4252943E-07,0.012608
6.4257943E-07,0.012747
6.4262943E-07,0.012747
6.4267943E-07,0.012608
6.4272943E-07,0.012468
6.4277943E-07,0.012329
6.4282943E-07,0.012051
6.4287943E-07,0.011772
6.4292943E-07,0.011493
6.4297943E-07,0.011215
6.4302943E-07,0.010936
6.4307943E-07,0.010658
6.4312943E-07,0.010379
6.4317943E-07,0.010100
6.4322943E-07,0.009961
6.4327943E-07,0.009682
6.4332943E-07,0.009543
6.4337943E-07,0.009404
6.4342943E-07,0.009264
6.4347943E-07,0.008986
6.4352943E-07,0.008847
6.4357943E-07,0.008568
6.4362943E-07,0.008429
6.4367943E-07,0.008011
6.4372943E-07,0.007732
6.4377943E-07,0.007314
6.4382943E-07,0.006896
6.4387943E-07,0.006339
6.4392943E-07,0.005921
6.4397943E-07,0.005364
6.4402943E-07,0.004807
6.4407943E-07,0.004249
6.4412943E-07,0.003692
6.4417943E-07,0.003135
6.4422943E-07,0.002717
6.4427943E-07,0.002299
6.4432943E-07,0.001881
6.4437943E-07,0.001603
6.4442943E-07,0.001324
6.4447943E-07,0.001185
6.4452943E-07,0.001045
6.4457943E-07,0.000906
6.4462943E-07,0.000906
6.4467943E-07,0.000767
6.4472943E-07,0.000767
6.4477943E-07,0.000767
6.4482943E-07,0.000767
6.4487943E-07,0.000628
6.4492943E-07,0.000488
6.4497943E-07,0.000349
6.4502943E-07,0.000070
6.4507943E-07,-0.000348
6.4512943E-07,-0.000626
6.4517943E-07,-0.001044
6.4522943E-07,-0.001601
6.4527943E-07,-0.002159
6.4532943E-07,-0.002716
6.4537943E-07,-0.003273
6.4542943E-07,-0.003969
6.4547943E-07,-0.004527
6.4552943E-07,-0.005084
6.4557943E-07,-0.005641
6.4562943E-07,-0.006059
6.4567943E-07,-0.006477
6.4572943E-07,-0.006895
6.4577943E-07,-0.007173
6.4582943E-07,-0.007452
6.4587943E-07,-0.007591
6.4592943E-07,-0.007731
6.4597943E-07,-0.007731
6.4602943E-07,-0.007731
6.4607943E-07,-0.007731
6.4612943E-07,-0.007731
6.4617943E-07,-0.007731
6.4622943E-07,-0.007591
6.4627943E-07,-0.007591
6.4632943E-07,-0.007591
6.4637943E-07,-0.007591
6.4642943E-07,-0.007591
6.4647943E-07,-0.007591
6.4652943E-07,-0.007591
6.4657943E-07,-0.007591
6.4662943E-07,-0.007731
6.4667943E-07,-0.007731
6.4672943E-07,-0.007731
6.4677943E-07,-0.007731
6.4682943E-07,-0.007731
6.4687943E-07,-0.007731
6.4692943E-07,-0.007591
6.4697943E-07,-0.007591
6.4702943E-07,-0.007452
6.4707943E-07,-0.007313
6.4712943E-07,-0.007173
6.4717943E-07,-0.007173
6.4722943E-07,-0.007034
6.4727943E-07,-0.007034
6.4732943E-07,-0.007034
6.4737943E-07,-0.007034
6.4742943E-07,-0.007173
6.4747943E-07,-0.007313
6.4752943E-07,-0.007452
6.4757943E-07,-0.007870
6.4762943E-07,-0.008149
6.4767943E-07,-0.008567
6.4772943E-07,-0.008984
6.4777943E-07,-0.009542
6.4782943E-07,-0.010099
6.4787943E-07,-0.010517
6.4792943E-07,-0.010935
6.4797943E-07,-0.011353
6.4802943E-07,-0.011631
6.4807943E-07,-0.011910
6.4812943E-07,-0.011910
6.4817943E-07,-0.011910
6.4822943E-07,-0.011771
6.4827943E-07,-0.011353
6.4832943E-07,-0.010795
6.4837943E-07,-0.010238
6.4842943E-07,-0.009402
6.4847943E-07,-0.008567
6.4852943E-07,-0.007452
6.4857943E-07,-0.006338
6.4862943E-07,-0.005223
6.4867943E-07,-0.003969
6.4872943E-07,-0.002716
6.4877943E-07,-0.001462
6.4882943E-07,-0.000208
6.4887943E-07,0.000906
6.4892943E-07,0.002021
6.4897943E-07,0.003135
6.4902943E-07,0.004110
6.4907943E-07,0.004946
6.4912943E-07,0.005643
6.4917943E-07,0.006339
6.4922943E-07,0.006896
6.4927943E-07,0.007454
6.4932943E-07,0.007871
6.4937943E-07,0.008150
6.4942943E-07,0.008429
6.4947943E-07,0.008707
6.4952943E-07,0.008847
6.4957943E-07,0.008986
6.4962943E-07,0.008986
6.4967943E-07,0.008986
6.4972943E-07,0.008986
6.4977943E-07,0.008986
6.4982943E-07,0.008986
6.4987943E-07,0.008847
6.4992943E-07,0.008847
6.4997943E-07,0.008707
6.5002943E-07,0.008568
6.5007943E-07,0.008429
6.5012943E-07,0.008289
6.5017943E-07,0.008150
6.5022943E-07,0.007871
6.5027943E-07,0.007732
6.5032943E-07,0.007593
6.5037943E-07,0.007454
6.5042943E-07,0.007454
6.5047943E-07,0.007454
6.5052943E-07,0.007593
6.5057943E-07,0.007732
6.5062943E-07,0.008011
6.5067943E-07,0.008289
6.5072943E-07,0.008847
6.5077943E-07,0.009404
6.5082943E-07,0.010100
6.5087943E-07,0.010797
6.5092943E-07,0.011633
6.5097943E-07,0.012608
6.5102943E-07,0.013583
6.5107943E-07,0.014558
6.5112943E-07,0.015394
6.5117943E-07,0.016369
6.5122943E-07,0.017205
6.5127943E-07,0.017901
6.5132943E-07,0.018459
6.5137943E-07,0.018876
6.5142943E-07,0.019016
6.5147943E-07,0.019016
6.5152943E-07,0.018876
6.5157943E-07,0.018319
6.5162943E-07,0.017623
6.5167943E-07,0.016648
6.5172943E-07,0.015394
6.5177943E-07,0.014001
6.5182943E-07,0.012329
6.5187943E-07,0.010658
6.5192943E-07,0.008707
6.5197943E-07,0.006757
6.5202943E-07,0.004667
6.5207943E-07,0.002717
6.5212943E-07,0.000628
6.5217943E-07,-0.001323
6.5222943E-07,-0.003273
6.5227943E-07,-0.005084
6.5232943E-07,-0.006756
6.5237943E-07,-0.008149
6.5242943E-07,-0.009542
6.5247943E-07,-0.010656
6.5252943E-07,-0.011771
6.5257943E-07,-0.012606
6.5262943E-07,-0.013303
6.5267943E-07,-0.013721
6.5272943E-07,-0.014139
6.5277943E-07,-0.014557
6.5282943E-07,-0.014696
6.5287943E-07,-0.014835
6.5292943E-07,-0.014975
6.5297943E-07,-0.014975
6.5302943E-07,-0.014975
6.5307943E-07,-0.014835
6.5312943E-07,-0.014835
6.5317943E-07,-0.014696
6.5322943E-07,-0.014557
6.5327943E-07,-0.014417
6.5332943E-07,-0.014278
6.5337943E-07,-0.013999
6.5342943E-07,-0.013582
6.5347943E-07,-0.013303
6.5352943E-07,-0.012746
6.5357943E-07,-0.012188
6.5362943E-07,-0.011353
6.5367943E-07,-0.010517
6.5372943E-07,-0.009542
6.5377943E-07,-0.008288
6.5382943E-07,-0.007034
6.5387943E-07,-0.005502
6.5392943E-07,-0.003830
6.5397943E-07,-0.002019
6.5402943E-07,-0.000069
6.5407943E-07,0.002021
6.5412943E-07,0.004110
6.5417943E-07,0.006478
6.5422943E-07,0.008847
6.5427943E-07,0.011354
6.5432943E-07,0.014001
6.5437943E-07,0.016508
