LECROYWaveRunner‘N,20113,Waveform
Segments,1,SegmentSize,4002
Segment,TrigTime,TimeSinceSegment1
#1,12-Dec-2018 11:37:16,0                 
Time,Ampl
4.5693929E-07,0.030971
4.5698929E-07,0.028981
4.5703929E-07,0.027389
4.5708929E-07,0.025798
4.5713929E-07,0.023808
4.5718929E-07,0.022216
4.5723929E-07,0.020226
4.5728929E-07,0.018236
4.5733929E-07,0.016247
4.5738929E-07,0.014257
4.5743929E-07,0.012267
4.5748929E-07,0.009879
4.5753929E-07,0.007890
4.5758929E-07,0.005502
4.5763929E-07,0.003114
4.5768929E-07,0.000726
4.5773929E-07,-0.001264
4.5778929E-07,-0.003651
4.5783929E-07,-0.005641
4.5788929E-07,-0.008029
4.5793929E-07,-0.009621
4.5798929E-07,-0.011610
4.5803929E-07,-0.013202
4.5808929E-07,-0.014396
4.5813929E-07,-0.015590
4.5818929E-07,-0.016386
4.5823929E-07,-0.017182
4.5828929E-07,-0.017580
4.5833929E-07,-0.017978
4.5838929E-07,-0.017978
4.5843929E-07,-0.017978
4.5848929E-07,-0.017580
4.5853929E-07,-0.017182
4.5858929E-07,-0.016386
4.5863929E-07,-0.015590
4.5868929E-07,-0.014794
4.5873929E-07,-0.013998
4.5878929E-07,-0.012804
4.5883929E-07,-0.012008
4.5888929E-07,-0.010417
4.5893929E-07,-0.009223
4.5898929E-07,-0.008029
4.5903929E-07,-0.006437
4.5908929E-07,-0.004845
4.5913929E-07,-0.003253
4.5918929E-07,-0.001264
4.5923929E-07,0.000328
4.5928929E-07,0.002318
4.5933929E-07,0.004308
4.5938929E-07,0.006298
4.5943929E-07,0.008685
4.5948929E-07,0.010675
4.5953929E-07,0.012665
4.5958929E-07,0.014655
4.5963929E-07,0.016645
4.5968929E-07,0.018236
4.5973929E-07,0.020226
4.5978929E-07,0.021818
4.5983929E-07,0.023410
4.5988929E-07,0.024604
4.5993929E-07,0.026196
4.5998929E-07,0.026992
4.6003929E-07,0.028185
4.6008929E-07,0.028981
4.6013929E-07,0.029379
4.6018929E-07,0.029777
4.6023929E-07,0.030175
4.6028929E-07,0.030573
4.6033929E-07,0.030573
4.6038929E-07,0.030573
4.6043929E-07,0.030175
4.6048929E-07,0.030175
4.6053929E-07,0.029777
4.6058929E-07,0.028981
4.6063929E-07,0.028583
4.6068929E-07,0.027787
4.6073929E-07,0.026992
4.6078929E-07,0.025798
4.6083929E-07,0.024604
4.6088929E-07,0.023410
4.6093929E-07,0.022216
4.6098929E-07,0.020624
4.6103929E-07,0.019430
4.6108929E-07,0.017838
4.6113929E-07,0.016247
4.6118929E-07,0.014257
4.6123929E-07,0.012665
4.6128929E-07,0.010675
4.6133929E-07,0.008685
4.6138929E-07,0.007094
4.6143929E-07,0.005104
4.6148929E-07,0.002716
4.6153929E-07,0.000726
4.6158929E-07,-0.001661
4.6163929E-07,-0.003651
4.6168929E-07,-0.006039
4.6173929E-07,-0.008427
4.6178929E-07,-0.011212
4.6183929E-07,-0.013600
4.6188929E-07,-0.016386
4.6193929E-07,-0.018774
4.6198929E-07,-0.021559
4.6203929E-07,-0.024345
4.6208929E-07,-0.027131
4.6213929E-07,-0.029519
4.6218929E-07,-0.031906
4.6223929E-07,-0.033896
4.6228929E-07,-0.035886
4.6233929E-07,-0.037478
4.6238929E-07,-0.038672
4.6243929E-07,-0.039865
4.6248929E-07,-0.040263
4.6253929E-07,-0.040263
4.6258929E-07,-0.039865
4.6263929E-07,-0.039070
4.6268929E-07,-0.037876
4.6273929E-07,-0.036284
4.6278929E-07,-0.034294
4.6283929E-07,-0.032304
4.6288929E-07,-0.029917
4.6293929E-07,-0.027131
4.6298929E-07,-0.024743
4.6303929E-07,-0.021957
4.6308929E-07,-0.019570
4.6313929E-07,-0.017182
4.6318929E-07,-0.015192
4.6323929E-07,-0.013202
4.6328929E-07,-0.011610
4.6333929E-07,-0.010417
4.6338929E-07,-0.009621
4.6343929E-07,-0.009223
4.6348929E-07,-0.009223
4.6353929E-07,-0.009223
4.6358929E-07,-0.010019
4.6363929E-07,-0.010815
4.6368929E-07,-0.011610
4.6373929E-07,-0.012804
4.6378929E-07,-0.014396
4.6383929E-07,-0.015590
4.6388929E-07,-0.017182
4.6393929E-07,-0.018376
4.6398929E-07,-0.019570
4.6403929E-07,-0.020763
4.6408929E-07,-0.021559
4.6413929E-07,-0.022355
4.6418929E-07,-0.022355
4.6423929E-07,-0.022355
4.6428929E-07,-0.022355
4.6433929E-07,-0.021559
4.6438929E-07,-0.020763
4.6443929E-07,-0.019172
4.6448929E-07,-0.017580
4.6453929E-07,-0.015590
4.6458929E-07,-0.013202
4.6463929E-07,-0.010815
4.6468929E-07,-0.007631
4.6473929E-07,-0.004845
4.6478929E-07,-0.001264
4.6483929E-07,0.001920
4.6488929E-07,0.005502
4.6493929E-07,0.009083
4.6498929E-07,0.012665
4.6503929E-07,0.016247
4.6508929E-07,0.019430
4.6513929E-07,0.022614
4.6518929E-07,0.025798
4.6523929E-07,0.028185
4.6528929E-07,0.030573
4.6533929E-07,0.032165
4.6538929E-07,0.033757
4.6543929E-07,0.034553
4.6548929E-07,0.034951
4.6553929E-07,0.034951
4.6558929E-07,0.034155
4.6563929E-07,0.032961
4.6568929E-07,0.031369
4.6573929E-07,0.029379
4.6578929E-07,0.026992
4.6583929E-07,0.024604
4.6588929E-07,0.021420
4.6593929E-07,0.018634
4.6598929E-07,0.015451
4.6603929E-07,0.012267
4.6608929E-07,0.009083
4.6613929E-07,0.005900
4.6618929E-07,0.003114
4.6623929E-07,0.000328
4.6628929E-07,-0.002059
4.6633929E-07,-0.004447
4.6638929E-07,-0.006437
4.6643929E-07,-0.008029
4.6648929E-07,-0.009223
4.6653929E-07,-0.010019
4.6658929E-07,-0.010815
4.6663929E-07,-0.010815
4.6668929E-07,-0.010815
4.6673929E-07,-0.010815
4.6678929E-07,-0.010019
4.6683929E-07,-0.009621
4.6688929E-07,-0.008427
4.6693929E-07,-0.007233
4.6698929E-07,-0.006039
4.6703929E-07,-0.004845
4.6708929E-07,-0.003253
4.6713929E-07,-0.002059
4.6718929E-07,-0.000468
4.6723929E-07,0.001124
4.6728929E-07,0.002318
4.6733929E-07,0.003910
4.6738929E-07,0.005104
4.6743929E-07,0.006298
4.6748929E-07,0.007094
4.6753929E-07,0.007890
4.6758929E-07,0.008287
4.6763929E-07,0.008685
4.6768929E-07,0.009083
4.6773929E-07,0.008685
4.6778929E-07,0.008287
4.6783929E-07,0.007890
4.6788929E-07,0.007094
4.6793929E-07,0.006298
4.6798929E-07,0.005502
4.6803929E-07,0.004706
4.6808929E-07,0.003512
4.6813929E-07,0.002716
4.6818929E-07,0.001920
4.6823929E-07,0.001124
4.6828929E-07,0.000328
4.6833929E-07,0.000328
4.6838929E-07,0.000328
4.6843929E-07,0.000328
4.6848929E-07,0.000726
4.6853929E-07,0.001522
4.6858929E-07,0.002318
4.6863929E-07,0.003512
4.6868929E-07,0.005104
4.6873929E-07,0.006696
4.6878929E-07,0.008287
4.6883929E-07,0.009879
4.6888929E-07,0.011471
4.6893929E-07,0.013063
4.6898929E-07,0.015053
4.6903929E-07,0.016247
4.6908929E-07,0.017838
4.6913929E-07,0.019430
4.6918929E-07,0.020624
4.6923929E-07,0.021420
4.6928929E-07,0.022614
4.6933929E-07,0.023410
4.6938929E-07,0.024206
4.6943929E-07,0.025002
4.6948929E-07,0.025798
4.6953929E-07,0.026196
4.6958929E-07,0.026992
4.6963929E-07,0.027787
4.6968929E-07,0.028185
4.6973929E-07,0.028981
4.6978929E-07,0.029777
4.6983929E-07,0.030175
4.6988929E-07,0.030971
4.6993929E-07,0.031767
4.6998929E-07,0.032165
4.7003929E-07,0.032563
4.7008929E-07,0.032961
4.7013929E-07,0.032961
4.7018929E-07,0.032961
4.7023929E-07,0.032961
4.7028929E-07,0.032563
4.7033929E-07,0.031767
4.7038929E-07,0.030971
4.7043929E-07,0.029777
4.7048929E-07,0.028583
4.7053929E-07,0.026992
4.7058929E-07,0.025002
4.7063929E-07,0.023012
4.7068929E-07,0.021022
4.7073929E-07,0.018236
4.7078929E-07,0.015849
4.7083929E-07,0.013063
4.7088929E-07,0.010277
4.7093929E-07,0.007094
4.7098929E-07,0.003910
4.7103929E-07,0.000726
4.7108929E-07,-0.002855
4.7113929E-07,-0.006437
4.7118929E-07,-0.009621
4.7123929E-07,-0.013202
4.7128929E-07,-0.016386
4.7133929E-07,-0.019968
4.7138929E-07,-0.023151
4.7143929E-07,-0.025937
4.7148929E-07,-0.028723
4.7153929E-07,-0.031508
4.7158929E-07,-0.033896
4.7163929E-07,-0.035886
4.7168929E-07,-0.037478
4.7173929E-07,-0.039070
4.7178929E-07,-0.039865
4.7183929E-07,-0.040661
4.7188929E-07,-0.040661
4.7193929E-07,-0.040661
4.7198929E-07,-0.040263
4.7203929E-07,-0.039468
4.7208929E-07,-0.038274
4.7213929E-07,-0.036682
4.7218929E-07,-0.035090
4.7223929E-07,-0.033498
4.7228929E-07,-0.031508
4.7233929E-07,-0.029121
4.7238929E-07,-0.027131
4.7243929E-07,-0.024743
4.7248929E-07,-0.022753
4.7253929E-07,-0.020366
4.7258929E-07,-0.017978
4.7263929E-07,-0.015988
4.7268929E-07,-0.013600
4.7273929E-07,-0.011610
4.7278929E-07,-0.009223
4.7283929E-07,-0.007233
4.7288929E-07,-0.004845
4.7293929E-07,-0.002457
4.7298929E-07,-0.000070
4.7303929E-07,0.002318
4.7308929E-07,0.005104
4.7313929E-07,0.007492
4.7318929E-07,0.010277
4.7323929E-07,0.013063
4.7328929E-07,0.015849
4.7333929E-07,0.018634
4.7338929E-07,0.021420
4.7343929E-07,0.024206
4.7348929E-07,0.026594
4.7353929E-07,0.029379
4.7358929E-07,0.031767
4.7363929E-07,0.034155
4.7368929E-07,0.036145
4.7373929E-07,0.038134
4.7378929E-07,0.039726
4.7383929E-07,0.040920
4.7388929E-07,0.042114
4.7393929E-07,0.042910
4.7398929E-07,0.043706
4.7403929E-07,0.044104
4.7408929E-07,0.044104
4.7413929E-07,0.044104
4.7418929E-07,0.043706
4.7423929E-07,0.042910
4.7428929E-07,0.042114
4.7433929E-07,0.040920
4.7438929E-07,0.039726
4.7443929E-07,0.038134
4.7448929E-07,0.036543
4.7453929E-07,0.034553
4.7458929E-07,0.032563
4.7463929E-07,0.030971
4.7468929E-07,0.028583
4.7473929E-07,0.026594
4.7478929E-07,0.025002
4.7483929E-07,0.023012
4.7488929E-07,0.021420
4.7493929E-07,0.019828
4.7498929E-07,0.018634
4.7503929E-07,0.017441
4.7508929E-07,0.016645
4.7513929E-07,0.016247
4.7518929E-07,0.016247
4.7523929E-07,0.016247
4.7528929E-07,0.017043
4.7533929E-07,0.017838
4.7538929E-07,0.018634
4.7543929E-07,0.020226
4.7548929E-07,0.021420
4.7553929E-07,0.023012
4.7558929E-07,0.025002
4.7563929E-07,0.026594
4.7568929E-07,0.028185
4.7573929E-07,0.029777
4.7578929E-07,0.031369
4.7583929E-07,0.032961
4.7588929E-07,0.034155
4.7593929E-07,0.034951
4.7598929E-07,0.036145
4.7603929E-07,0.036543
4.7608929E-07,0.036940
4.7613929E-07,0.037338
4.7618929E-07,0.037736
4.7623929E-07,0.037736
4.7628929E-07,0.038134
4.7633929E-07,0.038134
4.7638929E-07,0.038532
4.7643929E-07,0.038930
4.7648929E-07,0.039328
4.7653929E-07,0.039726
4.7658929E-07,0.040920
4.7663929E-07,0.041716
4.7668929E-07,0.042910
4.7673929E-07,0.044502
4.7678929E-07,0.046094
4.7683929E-07,0.047685
4.7688929E-07,0.049675
4.7693929E-07,0.051665
4.7698929E-07,0.053655
4.7703929E-07,0.055645
4.7708929E-07,0.057634
4.7713929E-07,0.059226
4.7718929E-07,0.060818
4.7723929E-07,0.062410
4.7728929E-07,0.064002
4.7733929E-07,0.065196
4.7738929E-07,0.065991
4.7743929E-07,0.066787
4.7748929E-07,0.067185
4.7753929E-07,0.067583
4.7758929E-07,0.067981
4.7763929E-07,0.067981
4.7768929E-07,0.067981
4.7773929E-07,0.067981
4.7778929E-07,0.067583
4.7783929E-07,0.067583
4.7788929E-07,0.067583
4.7793929E-07,0.067583
4.7798929E-07,0.067583
4.7803929E-07,0.067981
4.7808929E-07,0.067981
4.7813929E-07,0.068379
4.7818929E-07,0.069175
4.7823929E-07,0.069573
4.7828929E-07,0.070369
4.7833929E-07,0.071165
4.7838929E-07,0.071961
4.7843929E-07,0.072757
4.7848929E-07,0.073553
4.7853929E-07,0.074747
4.7858929E-07,0.075542
4.7863929E-07,0.076338
4.7868929E-07,0.077134
4.7873929E-07,0.077532
4.7878929E-07,0.077930
4.7883929E-07,0.078328
4.7888929E-07,0.078726
4.7893929E-07,0.078726
4.7898929E-07,0.078726
4.7903929E-07,0.078726
4.7908929E-07,0.078328
4.7913929E-07,0.077930
4.7918929E-07,0.077134
4.7923929E-07,0.076338
4.7928929E-07,0.075542
4.7933929E-07,0.074747
4.7938929E-07,0.073553
4.7943929E-07,0.072757
4.7948929E-07,0.071563
4.7953929E-07,0.070369
4.7958929E-07,0.069175
4.7963929E-07,0.067981
4.7968929E-07,0.066389
4.7973929E-07,0.065196
4.7978929E-07,0.063604
4.7983929E-07,0.062410
4.7988929E-07,0.060818
4.7993929E-07,0.058828
4.7998929E-07,0.057236
4.8003929E-07,0.054849
4.8008929E-07,0.052859
4.8013929E-07,0.050073
4.8018929E-07,0.047287
4.8023929E-07,0.044104
4.8028929E-07,0.040920
4.8033929E-07,0.037338
4.8038929E-07,0.033359
4.8043929E-07,0.029379
4.8048929E-07,0.025002
4.8053929E-07,0.020624
4.8058929E-07,0.016247
4.8063929E-07,0.011471
4.8068929E-07,0.007094
4.8073929E-07,0.003114
4.8078929E-07,-0.000866
4.8083929E-07,-0.004447
4.8088929E-07,-0.008029
4.8093929E-07,-0.010815
4.8098929E-07,-0.013202
4.8103929E-07,-0.015192
4.8108929E-07,-0.016386
4.8113929E-07,-0.017580
4.8118929E-07,-0.017978
4.8123929E-07,-0.018376
4.8128929E-07,-0.017978
4.8133929E-07,-0.017580
4.8138929E-07,-0.017182
4.8143929E-07,-0.016386
4.8148929E-07,-0.015590
4.8153929E-07,-0.014794
4.8158929E-07,-0.014396
4.8163929E-07,-0.013998
4.8168929E-07,-0.013998
4.8173929E-07,-0.013998
4.8178929E-07,-0.014396
4.8183929E-07,-0.015192
4.8188929E-07,-0.016386
4.8193929E-07,-0.017580
4.8198929E-07,-0.019172
4.8203929E-07,-0.021161
4.8208929E-07,-0.023151
4.8213929E-07,-0.025539
4.8218929E-07,-0.027927
4.8223929E-07,-0.030314
4.8228929E-07,-0.032304
4.8233929E-07,-0.034692
4.8238929E-07,-0.036682
4.8243929E-07,-0.038672
4.8248929E-07,-0.040263
4.8253929E-07,-0.041855
4.8258929E-07,-0.043049
4.8263929E-07,-0.043845
4.8268929E-07,-0.044243
4.8273929E-07,-0.044243
4.8278929E-07,-0.043845
4.8283929E-07,-0.043049
4.8288929E-07,-0.041855
4.8293929E-07,-0.040263
4.8298929E-07,-0.037876
4.8303929E-07,-0.035488
4.8308929E-07,-0.032304
4.8313929E-07,-0.028723
4.8318929E-07,-0.024743
4.8323929E-07,-0.019968
4.8328929E-07,-0.015192
4.8333929E-07,-0.010019
4.8338929E-07,-0.004447
4.8343929E-07,0.001124
4.8348929E-07,0.007094
4.8353929E-07,0.013063
4.8358929E-07,0.019032
4.8363929E-07,0.025400
4.8368929E-07,0.031369
4.8373929E-07,0.036940
4.8378929E-07,0.042512
4.8383929E-07,0.048083
4.8388929E-07,0.052859
4.8393929E-07,0.057236
4.8398929E-07,0.061614
4.8403929E-07,0.065196
4.8408929E-07,0.068777
4.8413929E-07,0.071563
4.8418929E-07,0.073951
4.8423929E-07,0.075940
4.8428929E-07,0.077930
4.8433929E-07,0.079522
4.8438929E-07,0.080716
4.8443929E-07,0.081512
4.8448929E-07,0.082308
4.8453929E-07,0.083104
4.8458929E-07,0.083502
4.8463929E-07,0.083900
4.8468929E-07,0.084696
4.8473929E-07,0.085093
4.8478929E-07,0.085491
4.8483929E-07,0.085889
4.8488929E-07,0.086287
4.8493929E-07,0.087083
4.8498929E-07,0.087481
4.8503929E-07,0.087879
4.8508929E-07,0.088277
4.8513929E-07,0.088675
4.8518929E-07,0.089073
4.8523929E-07,0.089471
4.8528929E-07,0.089869
4.8533929E-07,0.089869
4.8538929E-07,0.090267
4.8543929E-07,0.089869
4.8548929E-07,0.089869
4.8553929E-07,0.089869
4.8558929E-07,0.089471
4.8563929E-07,0.089073
4.8568929E-07,0.088277
4.8573929E-07,0.087879
4.8578929E-07,0.087083
4.8583929E-07,0.086287
4.8588929E-07,0.085491
4.8593929E-07,0.084696
4.8598929E-07,0.083900
4.8603929E-07,0.082706
4.8608929E-07,0.081910
4.8613929E-07,0.081114
4.8618929E-07,0.079920
4.8623929E-07,0.079124
4.8628929E-07,0.077930
4.8633929E-07,0.077134
4.8638929E-07,0.076338
4.8643929E-07,0.075940
4.8648929E-07,0.075145
4.8653929E-07,0.074747
4.8658929E-07,0.074349
4.8663929E-07,0.073951
4.8668929E-07,0.073553
4.8673929E-07,0.073553
4.8678929E-07,0.073951
4.8683929E-07,0.074349
4.8688929E-07,0.074747
4.8693929E-07,0.075145
4.8698929E-07,0.075940
4.8703929E-07,0.077134
4.8708929E-07,0.077930
4.8713929E-07,0.079124
4.8718929E-07,0.080716
4.8723929E-07,0.082308
4.8728929E-07,0.083900
4.8733929E-07,0.085491
4.8738929E-07,0.087083
4.8743929E-07,0.089073
4.8748929E-07,0.090665
4.8753929E-07,0.092257
4.8758929E-07,0.094247
4.8763929E-07,0.095838
4.8768929E-07,0.097032
4.8773929E-07,0.098226
4.8778929E-07,0.099420
4.8783929E-07,0.100216
4.8788929E-07,0.100614
4.8793929E-07,0.100614
4.8798929E-07,0.100216
4.8803929E-07,0.099420
4.8808929E-07,0.098226
4.8813929E-07,0.096634
4.8818929E-07,0.094644
4.8823929E-07,0.091859
4.8828929E-07,0.088675
4.8833929E-07,0.085093
4.8838929E-07,0.081114
4.8843929E-07,0.076736
4.8848929E-07,0.071961
4.8853929E-07,0.066787
4.8858929E-07,0.061614
4.8863929E-07,0.056043
4.8868929E-07,0.050471
4.8873929E-07,0.044502
4.8878929E-07,0.038930
4.8883929E-07,0.032961
4.8888929E-07,0.027389
4.8893929E-07,0.021818
4.8898929E-07,0.016645
4.8903929E-07,0.011471
4.8908929E-07,0.006696
4.8913929E-07,0.001920
4.8918929E-07,-0.002457
4.8923929E-07,-0.006437
4.8928929E-07,-0.009621
4.8933929E-07,-0.013202
4.8938929E-07,-0.015988
4.8943929E-07,-0.018376
4.8948929E-07,-0.020366
4.8953929E-07,-0.021957
4.8958929E-07,-0.023549
4.8963929E-07,-0.024345
4.8968929E-07,-0.025141
4.8973929E-07,-0.025539
4.8978929E-07,-0.025539
4.8983929E-07,-0.025539
4.8988929E-07,-0.025141
4.8993929E-07,-0.024345
4.8998929E-07,-0.023549
4.9003929E-07,-0.022355
4.9008929E-07,-0.021161
4.9013929E-07,-0.019968
4.9018929E-07,-0.018376
4.9023929E-07,-0.017182
4.9028929E-07,-0.015590
4.9033929E-07,-0.014396
4.9038929E-07,-0.013202
4.9043929E-07,-0.012008
4.9048929E-07,-0.011212
4.9053929E-07,-0.010417
4.9058929E-07,-0.009621
4.9063929E-07,-0.009223
4.9068929E-07,-0.008825
4.9073929E-07,-0.008825
4.9078929E-07,-0.008427
4.9083929E-07,-0.008825
4.9088929E-07,-0.008825
4.9093929E-07,-0.008825
4.9098929E-07,-0.008825
4.9103929E-07,-0.008825
4.9108929E-07,-0.008427
4.9113929E-07,-0.008029
4.9118929E-07,-0.007233
4.9123929E-07,-0.006437
4.9128929E-07,-0.004845
4.9133929E-07,-0.003253
4.9138929E-07,-0.001264
4.9143929E-07,0.001124
4.9148929E-07,0.003910
4.9153929E-07,0.007492
4.9158929E-07,0.011073
4.9163929E-07,0.014655
4.9168929E-07,0.019032
4.9173929E-07,0.023808
4.9178929E-07,0.028583
4.9183929E-07,0.033359
4.9188929E-07,0.038930
4.9193929E-07,0.044104
4.9198929E-07,0.050073
4.9203929E-07,0.055645
4.9208929E-07,0.062012
4.9213929E-07,0.068379
4.9218929E-07,0.074747
4.9223929E-07,0.081512
4.9228929E-07,0.088675
4.9233929E-07,0.096236
4.9238929E-07,0.103798
4.9243929E-07,0.112155
4.9248929E-07,0.120512
4.9253929E-07,0.129665
4.9258929E-07,0.138818
4.9263929E-07,0.148767
4.9268929E-07,0.158716
4.9273929E-07,0.169461
4.9278929E-07,0.180206
4.9283929E-07,0.191348
4.9288929E-07,0.202889
4.9293929E-07,0.214430
4.9298929E-07,0.226369
4.9303929E-07,0.237910
4.9308929E-07,0.249848
4.9313929E-07,0.261787
4.9318929E-07,0.273726
4.9323929E-07,0.285665
4.9328929E-07,0.297603
4.9333929E-07,0.309542
4.9338929E-07,0.321481
4.9343929E-07,0.333420
4.9348929E-07,0.345358
4.9353929E-07,0.357695
4.9358929E-07,0.370032
4.9363929E-07,0.382368
4.9368929E-07,0.395103
4.9373929E-07,0.408634
4.9378929E-07,0.422164
4.9383929E-07,0.436093
4.9388929E-07,0.450419
4.9393929E-07,0.465542
4.9398929E-07,0.481062
4.9403929E-07,0.496980
4.9408929E-07,0.513695
4.9413929E-07,0.530807
4.9418929E-07,0.548317
4.9423929E-07,0.566225
4.9428929E-07,0.584531
4.9433929E-07,0.603235
4.9438929E-07,0.621939
4.9443929E-07,0.641041
4.9448929E-07,0.660143
4.9453929E-07,0.678848
4.9458929E-07,0.697552
4.9463929E-07,0.716256
4.9468929E-07,0.734562
4.9473929E-07,0.752072
4.9478929E-07,0.769582
4.9483929E-07,0.786296
4.9488929E-07,0.802613
4.9493929E-07,0.818133
4.9498929E-07,0.833255
4.9503929E-07,0.847582
4.9508929E-07,0.861112
4.9513929E-07,0.873847
4.9518929E-07,0.885786
4.9523929E-07,0.897327
4.9528929E-07,0.908072
4.9533929E-07,0.917623
4.9538929E-07,0.927174
4.9543929E-07,0.935531
4.9548929E-07,0.943490
4.9553929E-07,0.951051
4.9558929E-07,0.957418
4.9563929E-07,0.963786
4.9568929E-07,0.969357
4.9573929E-07,0.974531
4.9578929E-07,0.978908
4.9583929E-07,0.982888
4.9588929E-07,0.986469
4.9593929E-07,0.989653
4.9598929E-07,0.992439
4.9603929E-07,0.994429
4.9608929E-07,0.996418
4.9613929E-07,0.998010
4.9618929E-07,0.998806
4.9623929E-07,0.999602
4.9628929E-07,1.000000
4.9633929E-07,1.000000
4.9638929E-07,0.999602
4.9643929E-07,0.998806
4.9648929E-07,0.997612
4.9653929E-07,0.996020
4.9658929E-07,0.994031
4.9663929E-07,0.992041
4.9668929E-07,0.989255
4.9673929E-07,0.986469
4.9678929E-07,0.983286
4.9683929E-07,0.979306
4.9688929E-07,0.975327
4.9693929E-07,0.970551
4.9698929E-07,0.965776
4.9703929E-07,0.960602
4.9708929E-07,0.954633
4.9713929E-07,0.948265
4.9718929E-07,0.941898
4.9723929E-07,0.934735
4.9728929E-07,0.927572
4.9733929E-07,0.920010
4.9738929E-07,0.912051
4.9743929E-07,0.904092
4.9748929E-07,0.895735
4.9753929E-07,0.887776
4.9758929E-07,0.879419
4.9763929E-07,0.871459
4.9768929E-07,0.863500
4.9773929E-07,0.855939
4.9778929E-07,0.848776
4.9783929E-07,0.842010
4.9788929E-07,0.835643
4.9793929E-07,0.829674
4.9798929E-07,0.824102
4.9803929E-07,0.818929
4.9808929E-07,0.814551
4.9813929E-07,0.810174
4.9818929E-07,0.806194
4.9823929E-07,0.802613
4.9828929E-07,0.799031
4.9833929E-07,0.795449
4.9838929E-07,0.791470
4.9843929E-07,0.787888
4.9848929E-07,0.783909
4.9853929E-07,0.779531
4.9858929E-07,0.774358
4.9863929E-07,0.769184
4.9868929E-07,0.763215
4.9873929E-07,0.756847
4.9878929E-07,0.749684
4.9883929E-07,0.742521
4.9888929E-07,0.734562
4.9893929E-07,0.725807
4.9898929E-07,0.717052
4.9903929E-07,0.708296
4.9908929E-07,0.699143
4.9913929E-07,0.689990
4.9918929E-07,0.680837
4.9923929E-07,0.672082
4.9928929E-07,0.663327
4.9933929E-07,0.655368
4.9938929E-07,0.647409
4.9943929E-07,0.640643
4.9948929E-07,0.633878
4.9953929E-07,0.627909
4.9958929E-07,0.622735
4.9963929E-07,0.618358
4.9968929E-07,0.614378
4.9973929E-07,0.610797
4.9978929E-07,0.608409
4.9983929E-07,0.606021
4.9988929E-07,0.604429
4.9993929E-07,0.602837
4.9998929E-07,0.602042
5.0003929E-07,0.601246
5.0008929E-07,0.600848
5.0013929E-07,0.600450
5.0018929E-07,0.600450
5.0023929E-07,0.600052
5.0028929E-07,0.599654
5.0033929E-07,0.599256
5.0038929E-07,0.598858
5.0043929E-07,0.597664
5.0048929E-07,0.596868
5.0053929E-07,0.595276
5.0058929E-07,0.593684
5.0063929E-07,0.591695
5.0068929E-07,0.588909
5.0073929E-07,0.586123
5.0078929E-07,0.582542
5.0083929E-07,0.578960
5.0088929E-07,0.574582
5.0093929E-07,0.569807
5.0098929E-07,0.564633
5.0103929E-07,0.559062
5.0108929E-07,0.552695
5.0113929E-07,0.546327
5.0118929E-07,0.539562
5.0123929E-07,0.532399
5.0128929E-07,0.525236
5.0133929E-07,0.517674
5.0138929E-07,0.509715
5.0143929E-07,0.502154
5.0148929E-07,0.494195
5.0153929E-07,0.486236
5.0158929E-07,0.478674
5.0163929E-07,0.470715
5.0168929E-07,0.463154
5.0173929E-07,0.455991
5.0178929E-07,0.448828
5.0183929E-07,0.441664
5.0188929E-07,0.434501
5.0193929E-07,0.427736
5.0198929E-07,0.420970
5.0203929E-07,0.414205
5.0208929E-07,0.407838
5.0213929E-07,0.401072
5.0218929E-07,0.394307
5.0223929E-07,0.387144
5.0228929E-07,0.380379
5.0233929E-07,0.373215
5.0238929E-07,0.365654
5.0243929E-07,0.358093
5.0248929E-07,0.350134
5.0253929E-07,0.341777
5.0258929E-07,0.333420
5.0263929E-07,0.324664
5.0268929E-07,0.315511
5.0273929E-07,0.306358
5.0278929E-07,0.297205
5.0283929E-07,0.288052
5.0288929E-07,0.278899
5.0293929E-07,0.269746
5.0298929E-07,0.260593
5.0303929E-07,0.252236
5.0308929E-07,0.243481
5.0313929E-07,0.235522
5.0318929E-07,0.228359
5.0323929E-07,0.221195
5.0328929E-07,0.214828
5.0333929E-07,0.209257
5.0338929E-07,0.204083
5.0343929E-07,0.199706
5.0348929E-07,0.196124
5.0353929E-07,0.193338
5.0358929E-07,0.190950
5.0363929E-07,0.189359
5.0368929E-07,0.188563
5.0373929E-07,0.188563
5.0378929E-07,0.188961
5.0383929E-07,0.189757
5.0388929E-07,0.190950
5.0393929E-07,0.192940
5.0398929E-07,0.194930
5.0403929E-07,0.197318
5.0408929E-07,0.200103
5.0413929E-07,0.202889
5.0418929E-07,0.205675
5.0423929E-07,0.208859
5.0428929E-07,0.211644
5.0433929E-07,0.214828
5.0438929E-07,0.218012
5.0443929E-07,0.220797
5.0448929E-07,0.223583
5.0453929E-07,0.226767
5.0458929E-07,0.229552
5.0463929E-07,0.232338
5.0468929E-07,0.235522
5.0473929E-07,0.238705
5.0478929E-07,0.241491
5.0483929E-07,0.245073
5.0488929E-07,0.248654
5.0493929E-07,0.252236
5.0498929E-07,0.256216
5.0503929E-07,0.260195
5.0508929E-07,0.264573
5.0513929E-07,0.269348
5.0518929E-07,0.274124
5.0523929E-07,0.279297
5.0528929E-07,0.284869
5.0533929E-07,0.290440
5.0538929E-07,0.296011
5.0543929E-07,0.301981
5.0548929E-07,0.307950
5.0553929E-07,0.313920
5.0558929E-07,0.320287
5.0563929E-07,0.326256
5.0568929E-07,0.332226
5.0573929E-07,0.338195
5.0578929E-07,0.344164
5.0583929E-07,0.349736
5.0588929E-07,0.355307
5.0593929E-07,0.360481
5.0598929E-07,0.365256
5.0603929E-07,0.370032
5.0608929E-07,0.374409
5.0613929E-07,0.377991
5.0618929E-07,0.381573
5.0623929E-07,0.384358
5.0628929E-07,0.386746
5.0633929E-07,0.388736
5.0638929E-07,0.389930
5.0643929E-07,0.390726
5.0648929E-07,0.390328
5.0653929E-07,0.389532
5.0658929E-07,0.388338
5.0663929E-07,0.385950
5.0668929E-07,0.383164
5.0673929E-07,0.379981
5.0678929E-07,0.375603
5.0683929E-07,0.371226
5.0688929E-07,0.366052
5.0693929E-07,0.360879
5.0698929E-07,0.355307
5.0703929E-07,0.349338
5.0708929E-07,0.343369
5.0713929E-07,0.337399
5.0718929E-07,0.331430
5.0723929E-07,0.325460
5.0728929E-07,0.319889
5.0733929E-07,0.314716
5.0738929E-07,0.309542
5.0743929E-07,0.304767
5.0748929E-07,0.300389
5.0753929E-07,0.296409
5.0758929E-07,0.292828
5.0763929E-07,0.289644
5.0768929E-07,0.286460
5.0773929E-07,0.283675
5.0778929E-07,0.281287
5.0783929E-07,0.278899
5.0788929E-07,0.276909
5.0793929E-07,0.274522
5.0798929E-07,0.272930
5.0803929E-07,0.270940
5.0808929E-07,0.268950
5.0813929E-07,0.266960
5.0818929E-07,0.265369
5.0823929E-07,0.263379
5.0828929E-07,0.261787
5.0833929E-07,0.259797
5.0838929E-07,0.257807
5.0843929E-07,0.255818
5.0848929E-07,0.253828
5.0853929E-07,0.251838
5.0858929E-07,0.249848
5.0863929E-07,0.247858
5.0868929E-07,0.245471
5.0873929E-07,0.243481
5.0878929E-07,0.240695
5.0883929E-07,0.238307
5.0888929E-07,0.235522
5.0893929E-07,0.232338
5.0898929E-07,0.229154
5.0903929E-07,0.225971
5.0908929E-07,0.222389
5.0913929E-07,0.218410
5.0918929E-07,0.214430
5.0923929E-07,0.210052
5.0928929E-07,0.205675
5.0933929E-07,0.201297
5.0938929E-07,0.196920
5.0943929E-07,0.192542
5.0948929E-07,0.187767
5.0953929E-07,0.183787
5.0958929E-07,0.179410
5.0963929E-07,0.175430
5.0968929E-07,0.171450
5.0973929E-07,0.167869
5.0978929E-07,0.164685
5.0983929E-07,0.161501
5.0988929E-07,0.158716
5.0993929E-07,0.156328
5.0998929E-07,0.153940
5.1003929E-07,0.151950
5.1008929E-07,0.150359
5.1013929E-07,0.149165
5.1018929E-07,0.147971
5.1023929E-07,0.146777
5.1028929E-07,0.145981
5.1033929E-07,0.145583
5.1038929E-07,0.144787
5.1043929E-07,0.144389
5.1048929E-07,0.143991
5.1053929E-07,0.143593
5.1058929E-07,0.143195
5.1063929E-07,0.142797
5.1068929E-07,0.142399
5.1073929E-07,0.142002
5.1078929E-07,0.141206
5.1083929E-07,0.140410
5.1088929E-07,0.139216
5.1093929E-07,0.138420
5.1098929E-07,0.137226
5.1103929E-07,0.135634
5.1108929E-07,0.134042
5.1113929E-07,0.132053
5.1118929E-07,0.130063
5.1123929E-07,0.128073
5.1128929E-07,0.125685
5.1133929E-07,0.123297
5.1138929E-07,0.120910
5.1143929E-07,0.118522
5.1148929E-07,0.115736
5.1153929E-07,0.113349
5.1158929E-07,0.110961
5.1163929E-07,0.108573
5.1168929E-07,0.106583
5.1173929E-07,0.104593
5.1178929E-07,0.102604
5.1183929E-07,0.101012
5.1188929E-07,0.099420
5.1193929E-07,0.098226
5.1198929E-07,0.097430
5.1203929E-07,0.096634
5.1208929E-07,0.095838
5.1213929E-07,0.095440
5.1218929E-07,0.095440
5.1223929E-07,0.095440
5.1228929E-07,0.095440
5.1233929E-07,0.095838
5.1238929E-07,0.096236
5.1243929E-07,0.096634
5.1248929E-07,0.097430
5.1253929E-07,0.098226
5.1258929E-07,0.099420
5.1263929E-07,0.100614
5.1268929E-07,0.101808
5.1273929E-07,0.103002
5.1278929E-07,0.104593
5.1283929E-07,0.106185
5.1288929E-07,0.107777
5.1293929E-07,0.109369
5.1298929E-07,0.110961
5.1303929E-07,0.112951
5.1308929E-07,0.114542
5.1313929E-07,0.116134
5.1318929E-07,0.117726
5.1323929E-07,0.118920
5.1328929E-07,0.120114
5.1333929E-07,0.121308
5.1338929E-07,0.122104
5.1343929E-07,0.122502
5.1348929E-07,0.122900
5.1353929E-07,0.122900
5.1358929E-07,0.122502
5.1363929E-07,0.122104
5.1368929E-07,0.121308
5.1373929E-07,0.120512
5.1378929E-07,0.119716
5.1383929E-07,0.118522
5.1388929E-07,0.116930
5.1393929E-07,0.115736
5.1398929E-07,0.114542
5.1403929E-07,0.112951
5.1408929E-07,0.111757
5.1413929E-07,0.110165
5.1418929E-07,0.108971
5.1423929E-07,0.107777
5.1428929E-07,0.106583
5.1433929E-07,0.105389
5.1438929E-07,0.104593
5.1443929E-07,0.103798
5.1448929E-07,0.103002
5.1453929E-07,0.102206
5.1458929E-07,0.101808
5.1463929E-07,0.101410
5.1468929E-07,0.101410
5.1473929E-07,0.101410
5.1478929E-07,0.101808
5.1483929E-07,0.102604
5.1488929E-07,0.103400
5.1493929E-07,0.104593
5.1498929E-07,0.106185
5.1503929E-07,0.108175
5.1508929E-07,0.110563
5.1513929E-07,0.113349
5.1518929E-07,0.116134
5.1523929E-07,0.119716
5.1528929E-07,0.123297
5.1533929E-07,0.127277
5.1538929E-07,0.131257
5.1543929E-07,0.135634
5.1548929E-07,0.139614
5.1553929E-07,0.143991
5.1558929E-07,0.147971
5.1563929E-07,0.151553
5.1568929E-07,0.155134
5.1573929E-07,0.158716
5.1578929E-07,0.161501
5.1583929E-07,0.163889
5.1588929E-07,0.165481
5.1593929E-07,0.167073
5.1598929E-07,0.167869
5.1603929E-07,0.168267
5.1608929E-07,0.168267
5.1613929E-07,0.167869
5.1618929E-07,0.166675
5.1623929E-07,0.165481
5.1628929E-07,0.163889
5.1633929E-07,0.162297
5.1638929E-07,0.160308
5.1643929E-07,0.158318
5.1648929E-07,0.156726
5.1653929E-07,0.154736
5.1658929E-07,0.152746
5.1663929E-07,0.151155
5.1668929E-07,0.149563
5.1673929E-07,0.147971
5.1678929E-07,0.146379
5.1683929E-07,0.145185
5.1688929E-07,0.143991
5.1693929E-07,0.142797
5.1698929E-07,0.142002
5.1703929E-07,0.140808
5.1708929E-07,0.139614
5.1713929E-07,0.138420
5.1718929E-07,0.136828
5.1723929E-07,0.135236
5.1728929E-07,0.133246
5.1733929E-07,0.130859
5.1738929E-07,0.128471
5.1743929E-07,0.125685
5.1748929E-07,0.122502
5.1753929E-07,0.118920
5.1758929E-07,0.115338
5.1763929E-07,0.111359
5.1768929E-07,0.107379
5.1773929E-07,0.103002
5.1778929E-07,0.098624
5.1783929E-07,0.094247
5.1788929E-07,0.090267
5.1793929E-07,0.085889
5.1798929E-07,0.081910
5.1803929E-07,0.078328
5.1808929E-07,0.074747
5.1813929E-07,0.071961
5.1818929E-07,0.069175
5.1823929E-07,0.066787
5.1828929E-07,0.065196
5.1833929E-07,0.064002
5.1838929E-07,0.062808
5.1843929E-07,0.062410
5.1848929E-07,0.062410
5.1853929E-07,0.062410
5.1858929E-07,0.063206
5.1863929E-07,0.064002
5.1868929E-07,0.065196
5.1873929E-07,0.066389
5.1878929E-07,0.067583
5.1883929E-07,0.069175
5.1888929E-07,0.070369
5.1893929E-07,0.071961
5.1898929E-07,0.073155
5.1903929E-07,0.074349
5.1908929E-07,0.075542
5.1913929E-07,0.076338
5.1918929E-07,0.077134
5.1923929E-07,0.077930
5.1928929E-07,0.078726
5.1933929E-07,0.079124
5.1938929E-07,0.079522
5.1943929E-07,0.079920
5.1948929E-07,0.080716
5.1953929E-07,0.081114
5.1958929E-07,0.081512
5.1963929E-07,0.082308
5.1968929E-07,0.083104
5.1973929E-07,0.083900
5.1978929E-07,0.085093
5.1983929E-07,0.086685
5.1988929E-07,0.087879
5.1993929E-07,0.089471
5.1998929E-07,0.091461
5.2003929E-07,0.093451
5.2008929E-07,0.095440
5.2013929E-07,0.097430
5.2018929E-07,0.099818
5.2023929E-07,0.102206
5.2028929E-07,0.104195
5.2033929E-07,0.106583
5.2038929E-07,0.108971
5.2043929E-07,0.110961
5.2048929E-07,0.112951
5.2053929E-07,0.114940
5.2058929E-07,0.116532
5.2063929E-07,0.118124
5.2068929E-07,0.119716
5.2073929E-07,0.120910
5.2078929E-07,0.121706
5.2083929E-07,0.122502
5.2088929E-07,0.122900
5.2093929E-07,0.122900
5.2098929E-07,0.122900
5.2103929E-07,0.122502
5.2108929E-07,0.121706
5.2113929E-07,0.120910
5.2118929E-07,0.119716
5.2123929E-07,0.118124
5.2128929E-07,0.116134
5.2133929E-07,0.114144
5.2138929E-07,0.112155
5.2143929E-07,0.109767
5.2148929E-07,0.106981
5.2153929E-07,0.104593
5.2158929E-07,0.101808
5.2163929E-07,0.099420
5.2168929E-07,0.096634
5.2173929E-07,0.093849
5.2178929E-07,0.091461
5.2183929E-07,0.089073
5.2188929E-07,0.086685
5.2193929E-07,0.084696
5.2198929E-07,0.082706
5.2203929E-07,0.080716
5.2208929E-07,0.079124
5.2213929E-07,0.077134
5.2218929E-07,0.075145
5.2223929E-07,0.073553
5.2228929E-07,0.071563
5.2233929E-07,0.069573
5.2238929E-07,0.067185
5.2243929E-07,0.064400
5.2248929E-07,0.061614
5.2253929E-07,0.058828
5.2258929E-07,0.055247
5.2263929E-07,0.051665
5.2268929E-07,0.047685
5.2273929E-07,0.043308
5.2278929E-07,0.038930
5.2283929E-07,0.034553
5.2288929E-07,0.029777
5.2293929E-07,0.025002
5.2298929E-07,0.020624
5.2303929E-07,0.016247
5.2308929E-07,0.011869
5.2313929E-07,0.008287
5.2318929E-07,0.004706
5.2323929E-07,0.001920
5.2328929E-07,-0.000468
5.2333929E-07,-0.002059
5.2338929E-07,-0.003253
5.2343929E-07,-0.004049
5.2348929E-07,-0.003651
5.2353929E-07,-0.003253
5.2358929E-07,-0.002059
5.2363929E-07,-0.000070
5.2368929E-07,0.001920
5.2373929E-07,0.004706
5.2378929E-07,0.007890
5.2383929E-07,0.011471
5.2388929E-07,0.015451
5.2393929E-07,0.019430
5.2398929E-07,0.023808
5.2403929E-07,0.028185
5.2408929E-07,0.032563
5.2413929E-07,0.037338
5.2418929E-07,0.042114
5.2423929E-07,0.046889
5.2428929E-07,0.051267
5.2433929E-07,0.056043
5.2438929E-07,0.060420
5.2443929E-07,0.064798
5.2448929E-07,0.069175
5.2453929E-07,0.073155
5.2458929E-07,0.076736
5.2463929E-07,0.080318
5.2468929E-07,0.083502
5.2473929E-07,0.086287
5.2478929E-07,0.088675
5.2483929E-07,0.091063
5.2488929E-07,0.092655
5.2493929E-07,0.093849
5.2498929E-07,0.094644
5.2503929E-07,0.095042
5.2508929E-07,0.095042
5.2513929E-07,0.094644
5.2518929E-07,0.093849
5.2523929E-07,0.092655
5.2528929E-07,0.091063
5.2533929E-07,0.089471
5.2538929E-07,0.087481
5.2543929E-07,0.085491
5.2548929E-07,0.083104
5.2553929E-07,0.080716
5.2558929E-07,0.078328
5.2563929E-07,0.075542
5.2568929E-07,0.073155
5.2573929E-07,0.070369
5.2578929E-07,0.067981
5.2583929E-07,0.065196
5.2588929E-07,0.062410
5.2593929E-07,0.059624
5.2598929E-07,0.056838
5.2603929E-07,0.054053
5.2608929E-07,0.051267
5.2613929E-07,0.048481
5.2618929E-07,0.045696
5.2623929E-07,0.042910
5.2628929E-07,0.039726
5.2633929E-07,0.036940
5.2638929E-07,0.034155
5.2643929E-07,0.031369
5.2648929E-07,0.028583
5.2653929E-07,0.026196
5.2658929E-07,0.023808
5.2663929E-07,0.021420
5.2668929E-07,0.019430
5.2673929E-07,0.017441
5.2678929E-07,0.015849
5.2683929E-07,0.014655
5.2688929E-07,0.013859
5.2693929E-07,0.013063
5.2698929E-07,0.012267
5.2703929E-07,0.012267
5.2708929E-07,0.012267
5.2713929E-07,0.012665
5.2718929E-07,0.013063
5.2723929E-07,0.013859
5.2728929E-07,0.014655
5.2733929E-07,0.015451
5.2738929E-07,0.016645
5.2743929E-07,0.017838
5.2748929E-07,0.019032
5.2753929E-07,0.020226
5.2758929E-07,0.021420
5.2763929E-07,0.022614
5.2768929E-07,0.023808
5.2773929E-07,0.024604
5.2778929E-07,0.025798
5.2783929E-07,0.026594
5.2788929E-07,0.027389
5.2793929E-07,0.028185
5.2798929E-07,0.028981
5.2803929E-07,0.029777
5.2808929E-07,0.030573
5.2813929E-07,0.030971
5.2818929E-07,0.031767
5.2823929E-07,0.032563
5.2828929E-07,0.033757
5.2833929E-07,0.034553
5.2838929E-07,0.035747
5.2843929E-07,0.037338
5.2848929E-07,0.038930
5.2853929E-07,0.040920
5.2858929E-07,0.042910
5.2863929E-07,0.045298
5.2868929E-07,0.048481
5.2873929E-07,0.051665
5.2878929E-07,0.054849
5.2883929E-07,0.058828
5.2888929E-07,0.063206
5.2893929E-07,0.067583
5.2898929E-07,0.072359
5.2903929E-07,0.077134
5.2908929E-07,0.082308
5.2913929E-07,0.087879
5.2918929E-07,0.093451
5.2923929E-07,0.098624
5.2928929E-07,0.104195
5.2933929E-07,0.109767
5.2938929E-07,0.115338
5.2943929E-07,0.120512
5.2948929E-07,0.125685
5.2953929E-07,0.130859
5.2958929E-07,0.135634
5.2963929E-07,0.140012
5.2968929E-07,0.144389
5.2973929E-07,0.148369
5.2978929E-07,0.151950
5.2983929E-07,0.155134
5.2988929E-07,0.158318
5.2993929E-07,0.161104
5.2998929E-07,0.163491
5.3003929E-07,0.165481
5.3008929E-07,0.167073
5.3013929E-07,0.168267
5.3018929E-07,0.169063
5.3023929E-07,0.169859
5.3028929E-07,0.169859
5.3033929E-07,0.169461
5.3038929E-07,0.168665
5.3043929E-07,0.167869
5.3048929E-07,0.166277
5.3053929E-07,0.164287
5.3058929E-07,0.161899
5.3063929E-07,0.159512
5.3068929E-07,0.156726
5.3073929E-07,0.153542
5.3078929E-07,0.149961
5.3083929E-07,0.146777
5.3088929E-07,0.143195
5.3093929E-07,0.139614
5.3098929E-07,0.136032
5.3103929E-07,0.132451
5.3108929E-07,0.129267
5.3113929E-07,0.125685
5.3118929E-07,0.122502
5.3123929E-07,0.119716
5.3128929E-07,0.116930
5.3133929E-07,0.114144
5.3138929E-07,0.111359
5.3143929E-07,0.108971
5.3148929E-07,0.106185
5.3153929E-07,0.103798
5.3158929E-07,0.101012
5.3163929E-07,0.098226
5.3168929E-07,0.095042
5.3173929E-07,0.091859
5.3178929E-07,0.088277
5.3183929E-07,0.084298
5.3188929E-07,0.080318
5.3193929E-07,0.075940
5.3198929E-07,0.071165
5.3203929E-07,0.065991
5.3208929E-07,0.060818
5.3213929E-07,0.055645
5.3218929E-07,0.050073
5.3223929E-07,0.044502
5.3228929E-07,0.039328
5.3233929E-07,0.034155
5.3238929E-07,0.029379
5.3243929E-07,0.024604
5.3248929E-07,0.020624
5.3253929E-07,0.016645
5.3258929E-07,0.013461
5.3263929E-07,0.011073
5.3268929E-07,0.009083
5.3273929E-07,0.007492
5.3278929E-07,0.006696
5.3283929E-07,0.006696
5.3288929E-07,0.007094
5.3293929E-07,0.007890
5.3298929E-07,0.009481
5.3303929E-07,0.011471
5.3308929E-07,0.013859
5.3313929E-07,0.016247
5.3318929E-07,0.019032
5.3323929E-07,0.022216
5.3328929E-07,0.025400
5.3333929E-07,0.028583
5.3338929E-07,0.031767
5.3343929E-07,0.034951
5.3348929E-07,0.037736
5.3353929E-07,0.040522
5.3358929E-07,0.043308
5.3363929E-07,0.045696
5.3368929E-07,0.048083
5.3373929E-07,0.050073
5.3378929E-07,0.052063
5.3383929E-07,0.054053
5.3388929E-07,0.055645
5.3393929E-07,0.057236
5.3398929E-07,0.058828
5.3403929E-07,0.060420
5.3408929E-07,0.062410
5.3413929E-07,0.064400
5.3418929E-07,0.066389
5.3423929E-07,0.068777
5.3428929E-07,0.071563
5.3433929E-07,0.074747
5.3438929E-07,0.077930
5.3443929E-07,0.081910
5.3448929E-07,0.085889
5.3453929E-07,0.090267
5.3458929E-07,0.095042
5.3463929E-07,0.100216
5.3468929E-07,0.105389
5.3473929E-07,0.110961
5.3478929E-07,0.116532
5.3483929E-07,0.122104
5.3488929E-07,0.127277
5.3493929E-07,0.132848
5.3498929E-07,0.138022
5.3503929E-07,0.142797
5.3508929E-07,0.147175
5.3513929E-07,0.151155
5.3518929E-07,0.154736
5.3523929E-07,0.157920
5.3528929E-07,0.160706
5.3533929E-07,0.162695
5.3538929E-07,0.164287
5.3543929E-07,0.165879
5.3548929E-07,0.166675
5.3553929E-07,0.167073
5.3558929E-07,0.167073
5.3563929E-07,0.166675
5.3568929E-07,0.165879
5.3573929E-07,0.165083
5.3578929E-07,0.163889
5.3583929E-07,0.162297
5.3588929E-07,0.160706
5.3593929E-07,0.158716
5.3598929E-07,0.156328
5.3603929E-07,0.153940
5.3608929E-07,0.151155
5.3613929E-07,0.147971
5.3618929E-07,0.144787
5.3623929E-07,0.141206
5.3628929E-07,0.137226
5.3633929E-07,0.133246
5.3638929E-07,0.128869
5.3643929E-07,0.124491
5.3648929E-07,0.120114
5.3653929E-07,0.115338
5.3658929E-07,0.110563
5.3663929E-07,0.106185
5.3668929E-07,0.101410
5.3673929E-07,0.097032
5.3678929E-07,0.093053
5.3683929E-07,0.089073
5.3688929E-07,0.085889
5.3693929E-07,0.082706
5.3698929E-07,0.080318
5.3703929E-07,0.078726
5.3708929E-07,0.077532
5.3713929E-07,0.076736
5.3718929E-07,0.076736
5.3723929E-07,0.077532
5.3728929E-07,0.079124
5.3733929E-07,0.081512
5.3738929E-07,0.084298
5.3743929E-07,0.087879
5.3748929E-07,0.092257
5.3753929E-07,0.096634
5.3758929E-07,0.102206
5.3763929E-07,0.107777
5.3768929E-07,0.113746
5.3773929E-07,0.120114
5.3778929E-07,0.126879
5.3783929E-07,0.133644
5.3788929E-07,0.140410
5.3793929E-07,0.147175
5.3798929E-07,0.153940
5.3803929E-07,0.160308
5.3808929E-07,0.166277
5.3813929E-07,0.171848
5.3818929E-07,0.177420
5.3823929E-07,0.181797
5.3828929E-07,0.185777
5.3833929E-07,0.189359
5.3838929E-07,0.191746
5.3843929E-07,0.193736
5.3848929E-07,0.194930
5.3853929E-07,0.195328
5.3858929E-07,0.194532
5.3863929E-07,0.193338
5.3868929E-07,0.191746
5.3873929E-07,0.188961
5.3878929E-07,0.185777
5.3883929E-07,0.182195
5.3888929E-07,0.178216
5.3893929E-07,0.173838
5.3898929E-07,0.169063
5.3903929E-07,0.163889
5.3908929E-07,0.159114
5.3913929E-07,0.153940
5.3918929E-07,0.148767
5.3923929E-07,0.143991
5.3928929E-07,0.139216
5.3933929E-07,0.134440
5.3938929E-07,0.129665
5.3943929E-07,0.125287
5.3948929E-07,0.120512
5.3953929E-07,0.116134
5.3958929E-07,0.112155
5.3963929E-07,0.107777
5.3968929E-07,0.103400
5.3973929E-07,0.098624
5.3978929E-07,0.094247
5.3983929E-07,0.089073
5.3988929E-07,0.083900
5.3993929E-07,0.078328
5.3998929E-07,0.072757
5.4003929E-07,0.066389
5.4008929E-07,0.060022
5.4013929E-07,0.052859
5.4018929E-07,0.045696
5.4023929E-07,0.037736
5.4028929E-07,0.029777
5.4033929E-07,0.021818
5.4038929E-07,0.013063
5.4043929E-07,0.004706
5.4048929E-07,-0.004049
5.4053929E-07,-0.012804
5.4058929E-07,-0.021559
5.4063929E-07,-0.030314
5.4068929E-07,-0.038672
5.4073929E-07,-0.046631
5.4078929E-07,-0.054192
5.4083929E-07,-0.061753
5.4088929E-07,-0.068519
5.4093929E-07,-0.074488
5.4098929E-07,-0.080457
5.4103929E-07,-0.085233
5.4108929E-07,-0.089610
5.4113929E-07,-0.092794
5.4118929E-07,-0.095580
5.4123929E-07,-0.097569
5.4128929E-07,-0.098365
5.4133929E-07,-0.098763
5.4138929E-07,-0.097967
5.4143929E-07,-0.096376
5.4148929E-07,-0.094386
5.4153929E-07,-0.091202
5.4158929E-07,-0.087223
5.4163929E-07,-0.082845
5.4168929E-07,-0.077672
5.4173929E-07,-0.072100
5.4178929E-07,-0.065733
5.4183929E-07,-0.059365
5.4188929E-07,-0.052600
5.4193929E-07,-0.045437
5.4198929E-07,-0.038274
5.4203929E-07,-0.031110
5.4208929E-07,-0.023947
5.4213929E-07,-0.016784
5.4218929E-07,-0.010417
5.4223929E-07,-0.004049
5.4228929E-07,0.001920
5.4233929E-07,0.007094
5.4238929E-07,0.011869
5.4243929E-07,0.015849
5.4248929E-07,0.019430
5.4253929E-07,0.022216
5.4258929E-07,0.024206
5.4263929E-07,0.025798
5.4268929E-07,0.026594
5.4273929E-07,0.026594
5.4278929E-07,0.025798
5.4283929E-07,0.025002
5.4288929E-07,0.023012
5.4293929E-07,0.021022
5.4298929E-07,0.018634
5.4303929E-07,0.015849
5.4308929E-07,0.012665
5.4313929E-07,0.009481
5.4318929E-07,0.006298
5.4323929E-07,0.003114
5.4328929E-07,-0.000468
5.4333929E-07,-0.003651
5.4338929E-07,-0.006835
5.4343929E-07,-0.009621
5.4348929E-07,-0.012406
5.4353929E-07,-0.015192
5.4358929E-07,-0.017580
5.4363929E-07,-0.019968
5.4368929E-07,-0.021957
5.4373929E-07,-0.023549
5.4378929E-07,-0.025539
5.4383929E-07,-0.027131
5.4388929E-07,-0.028723
5.4393929E-07,-0.029917
5.4398929E-07,-0.031508
5.4403929E-07,-0.032702
5.4408929E-07,-0.034294
5.4413929E-07,-0.035488
5.4418929E-07,-0.037080
5.4423929E-07,-0.038274
5.4428929E-07,-0.039468
5.4433929E-07,-0.040661
5.4438929E-07,-0.041855
5.4443929E-07,-0.042651
5.4448929E-07,-0.043447
5.4453929E-07,-0.043845
5.4458929E-07,-0.043845
5.4463929E-07,-0.043447
5.4468929E-07,-0.042253
5.4473929E-07,-0.041059
5.4478929E-07,-0.039070
5.4483929E-07,-0.036682
5.4488929E-07,-0.033498
5.4493929E-07,-0.029917
5.4498929E-07,-0.025937
5.4503929E-07,-0.021161
5.4508929E-07,-0.015988
5.4513929E-07,-0.010815
5.4518929E-07,-0.004845
5.4523929E-07,0.001124
5.4528929E-07,0.007492
5.4533929E-07,0.013859
5.4538929E-07,0.020624
5.4543929E-07,0.026992
5.4548929E-07,0.033359
5.4553929E-07,0.039328
5.4558929E-07,0.045298
5.4563929E-07,0.050869
5.4568929E-07,0.056043
5.4573929E-07,0.061216
5.4578929E-07,0.065594
5.4583929E-07,0.069971
5.4588929E-07,0.073951
5.4593929E-07,0.077532
5.4598929E-07,0.080716
5.4603929E-07,0.083502
5.4608929E-07,0.085889
5.4613929E-07,0.088277
5.4618929E-07,0.090267
5.4623929E-07,0.091859
5.4628929E-07,0.093053
5.4633929E-07,0.093849
5.4638929E-07,0.094644
5.4643929E-07,0.095042
5.4648929E-07,0.095042
5.4653929E-07,0.094644
5.4658929E-07,0.094247
5.4663929E-07,0.093451
5.4668929E-07,0.092257
5.4673929E-07,0.090665
5.4678929E-07,0.089073
5.4683929E-07,0.087083
5.4688929E-07,0.085093
5.4693929E-07,0.082706
5.4698929E-07,0.080318
5.4703929E-07,0.077930
5.4708929E-07,0.075145
5.4713929E-07,0.072359
5.4718929E-07,0.069573
5.4723929E-07,0.067185
5.4728929E-07,0.064400
5.4733929E-07,0.062012
5.4738929E-07,0.059624
5.4743929E-07,0.057236
5.4748929E-07,0.055247
5.4753929E-07,0.053257
5.4758929E-07,0.051665
5.4763929E-07,0.050073
5.4768929E-07,0.048481
5.4773929E-07,0.046889
5.4778929E-07,0.045696
5.4783929E-07,0.044502
5.4788929E-07,0.043706
5.4793929E-07,0.042910
5.4798929E-07,0.042114
5.4803929E-07,0.041318
5.4808929E-07,0.040522
5.4813929E-07,0.040124
5.4818929E-07,0.039726
5.4823929E-07,0.039328
5.4828929E-07,0.039328
5.4833929E-07,0.039328
5.4838929E-07,0.039328
5.4843929E-07,0.039726
5.4848929E-07,0.039726
5.4853929E-07,0.040522
5.4858929E-07,0.040920
5.4863929E-07,0.041716
5.4868929E-07,0.042114
5.4873929E-07,0.042910
5.4878929E-07,0.043706
5.4883929E-07,0.044502
5.4888929E-07,0.044900
5.4893929E-07,0.045696
5.4898929E-07,0.046094
5.4903929E-07,0.046094
5.4908929E-07,0.046094
5.4913929E-07,0.046094
5.4918929E-07,0.045696
5.4923929E-07,0.044900
5.4928929E-07,0.044104
5.4933929E-07,0.043308
5.4938929E-07,0.041716
5.4943929E-07,0.040124
5.4948929E-07,0.038532
5.4953929E-07,0.036145
5.4958929E-07,0.034155
5.4963929E-07,0.031767
5.4968929E-07,0.028981
5.4973929E-07,0.026594
5.4978929E-07,0.023808
5.4983929E-07,0.020624
5.4988929E-07,0.017838
5.4993929E-07,0.014655
5.4998929E-07,0.011471
5.5003929E-07,0.008685
5.5008929E-07,0.005502
5.5013929E-07,0.002318
5.5018929E-07,-0.000866
5.5023929E-07,-0.003651
5.5028929E-07,-0.006835
5.5033929E-07,-0.009621
5.5038929E-07,-0.012406
5.5043929E-07,-0.015192
5.5048929E-07,-0.017978
5.5053929E-07,-0.020763
5.5058929E-07,-0.023151
5.5063929E-07,-0.025539
5.5068929E-07,-0.027927
5.5073929E-07,-0.030314
5.5078929E-07,-0.032304
5.5083929E-07,-0.034294
5.5088929E-07,-0.035886
5.5093929E-07,-0.037478
5.5098929E-07,-0.038672
5.5103929E-07,-0.039865
5.5108929E-07,-0.041059
5.5113929E-07,-0.041855
5.5118929E-07,-0.042253
5.5123929E-07,-0.042651
5.5128929E-07,-0.042651
5.5133929E-07,-0.042253
5.5138929E-07,-0.041855
5.5143929E-07,-0.040661
5.5148929E-07,-0.039468
5.5153929E-07,-0.037876
5.5158929E-07,-0.035886
5.5163929E-07,-0.033498
5.5168929E-07,-0.030712
5.5173929E-07,-0.027131
5.5178929E-07,-0.023549
5.5183929E-07,-0.019570
5.5188929E-07,-0.015590
5.5193929E-07,-0.010815
5.5198929E-07,-0.006039
5.5203929E-07,-0.000866
5.5208929E-07,0.004308
5.5213929E-07,0.009879
5.5218929E-07,0.015451
5.5223929E-07,0.020624
5.5228929E-07,0.026196
5.5233929E-07,0.031369
5.5238929E-07,0.036543
5.5243929E-07,0.041318
5.5248929E-07,0.045696
5.5253929E-07,0.050073
5.5258929E-07,0.053655
5.5263929E-07,0.056838
5.5268929E-07,0.059624
5.5273929E-07,0.061614
5.5278929E-07,0.063604
5.5283929E-07,0.064400
5.5288929E-07,0.065196
5.5293929E-07,0.065196
5.5298929E-07,0.064798
5.5303929E-07,0.064002
5.5308929E-07,0.062410
5.5313929E-07,0.060818
5.5318929E-07,0.058828
5.5323929E-07,0.056440
5.5328929E-07,0.054053
5.5333929E-07,0.051267
5.5338929E-07,0.048879
5.5343929E-07,0.046094
5.5348929E-07,0.043706
5.5353929E-07,0.041716
5.5358929E-07,0.039726
5.5363929E-07,0.038134
5.5368929E-07,0.036940
5.5373929E-07,0.036145
5.5378929E-07,0.036145
5.5383929E-07,0.036145
5.5388929E-07,0.036940
5.5393929E-07,0.038532
5.5398929E-07,0.040124
5.5403929E-07,0.042512
5.5408929E-07,0.045298
5.5413929E-07,0.048083
5.5418929E-07,0.051267
5.5423929E-07,0.054451
5.5428929E-07,0.058032
5.5433929E-07,0.061216
5.5438929E-07,0.064400
5.5443929E-07,0.067185
5.5448929E-07,0.069175
5.5453929E-07,0.071165
5.5458929E-07,0.072359
5.5463929E-07,0.073155
5.5468929E-07,0.073553
5.5473929E-07,0.072757
5.5478929E-07,0.071563
5.5483929E-07,0.069573
5.5488929E-07,0.067185
5.5493929E-07,0.064400
5.5498929E-07,0.061216
5.5503929E-07,0.057236
5.5508929E-07,0.053257
5.5513929E-07,0.048879
5.5518929E-07,0.044900
5.5523929E-07,0.040522
5.5528929E-07,0.036145
5.5533929E-07,0.032165
5.5538929E-07,0.028185
5.5543929E-07,0.024604
5.5548929E-07,0.021420
5.5553929E-07,0.018634
5.5558929E-07,0.016247
5.5563929E-07,0.013859
5.5568929E-07,0.012267
5.5573929E-07,0.010675
5.5578929E-07,0.009481
5.5583929E-07,0.008685
5.5588929E-07,0.008287
5.5593929E-07,0.007890
5.5598929E-07,0.007890
5.5603929E-07,0.007890
5.5608929E-07,0.008287
5.5613929E-07,0.008685
5.5618929E-07,0.009083
5.5623929E-07,0.009879
5.5628929E-07,0.010675
5.5633929E-07,0.011471
5.5638929E-07,0.012665
5.5643929E-07,0.013461
5.5648929E-07,0.015053
5.5653929E-07,0.016247
5.5658929E-07,0.017838
5.5663929E-07,0.019430
5.5668929E-07,0.021420
5.5673929E-07,0.023410
5.5678929E-07,0.025400
5.5683929E-07,0.027787
5.5688929E-07,0.030175
5.5693929E-07,0.032563
5.5698929E-07,0.035349
5.5703929E-07,0.038134
5.5708929E-07,0.041318
5.5713929E-07,0.044502
5.5718929E-07,0.048083
5.5723929E-07,0.051267
5.5728929E-07,0.054849
5.5733929E-07,0.058828
5.5738929E-07,0.062808
5.5743929E-07,0.066787
5.5748929E-07,0.070767
5.5753929E-07,0.074747
5.5758929E-07,0.079124
5.5763929E-07,0.083104
5.5768929E-07,0.087481
5.5773929E-07,0.091461
5.5778929E-07,0.095838
5.5783929E-07,0.099818
5.5788929E-07,0.103798
5.5793929E-07,0.107777
5.5798929E-07,0.111359
5.5803929E-07,0.114940
5.5808929E-07,0.118124
5.5813929E-07,0.121308
5.5818929E-07,0.124093
5.5823929E-07,0.126879
5.5828929E-07,0.128869
5.5833929E-07,0.131257
5.5838929E-07,0.132848
5.5843929E-07,0.134440
5.5848929E-07,0.135634
5.5853929E-07,0.136430
5.5858929E-07,0.137226
5.5863929E-07,0.137226
5.5868929E-07,0.137226
5.5873929E-07,0.136828
5.5878929E-07,0.136430
5.5883929E-07,0.135236
5.5888929E-07,0.134042
5.5893929E-07,0.132848
5.5898929E-07,0.130859
5.5903929E-07,0.128869
5.5908929E-07,0.126879
5.5913929E-07,0.124093
5.5918929E-07,0.121706
5.5923929E-07,0.118920
5.5928929E-07,0.116134
5.5933929E-07,0.113746
5.5938929E-07,0.110961
5.5943929E-07,0.108175
5.5948929E-07,0.105787
5.5953929E-07,0.103400
5.5958929E-07,0.101410
5.5963929E-07,0.099420
5.5968929E-07,0.097828
5.5973929E-07,0.096634
5.5978929E-07,0.095440
5.5983929E-07,0.094644
5.5988929E-07,0.094247
5.5993929E-07,0.094247
5.5998929E-07,0.094247
5.6003929E-07,0.094247
5.6008929E-07,0.094247
5.6013929E-07,0.094644
5.6018929E-07,0.094644
5.6023929E-07,0.094644
5.6028929E-07,0.094644
5.6033929E-07,0.094247
5.6038929E-07,0.093451
5.6043929E-07,0.092257
5.6048929E-07,0.090665
5.6053929E-07,0.089073
5.6058929E-07,0.086685
5.6063929E-07,0.083900
5.6068929E-07,0.080716
5.6073929E-07,0.077532
5.6078929E-07,0.073553
5.6083929E-07,0.069573
5.6088929E-07,0.065196
5.6093929E-07,0.060420
5.6098929E-07,0.055645
5.6103929E-07,0.050869
5.6108929E-07,0.046094
5.6113929E-07,0.041318
5.6118929E-07,0.036940
5.6123929E-07,0.032165
5.6128929E-07,0.027787
5.6133929E-07,0.023808
5.6138929E-07,0.019828
5.6143929E-07,0.016247
5.6148929E-07,0.013063
5.6153929E-07,0.009879
5.6158929E-07,0.007492
5.6163929E-07,0.005104
5.6168929E-07,0.003512
5.6173929E-07,0.001920
5.6178929E-07,0.001124
5.6183929E-07,0.000726
5.6188929E-07,0.000726
5.6193929E-07,0.001124
5.6198929E-07,0.002318
5.6203929E-07,0.003512
5.6208929E-07,0.005900
5.6213929E-07,0.008287
5.6218929E-07,0.011471
5.6223929E-07,0.015053
5.6228929E-07,0.019032
5.6233929E-07,0.023410
5.6238929E-07,0.028185
5.6243929E-07,0.032961
5.6248929E-07,0.038532
5.6253929E-07,0.043706
5.6258929E-07,0.049277
5.6263929E-07,0.054451
5.6268929E-07,0.060022
5.6273929E-07,0.064798
5.6278929E-07,0.069573
5.6283929E-07,0.074349
5.6288929E-07,0.078328
5.6293929E-07,0.081910
5.6298929E-07,0.084696
5.6303929E-07,0.087083
5.6308929E-07,0.089073
5.6313929E-07,0.090267
5.6318929E-07,0.090665
5.6323929E-07,0.090665
5.6328929E-07,0.089471
5.6333929E-07,0.088277
5.6338929E-07,0.086287
5.6343929E-07,0.083502
5.6348929E-07,0.080318
5.6353929E-07,0.077134
5.6358929E-07,0.073155
5.6363929E-07,0.069175
5.6368929E-07,0.064798
5.6373929E-07,0.060022
5.6378929E-07,0.055645
5.6383929E-07,0.051267
5.6388929E-07,0.046889
5.6393929E-07,0.042512
5.6398929E-07,0.038532
5.6403929E-07,0.034951
5.6408929E-07,0.031369
5.6413929E-07,0.028583
5.6418929E-07,0.025798
5.6423929E-07,0.023808
5.6428929E-07,0.022216
5.6433929E-07,0.020624
5.6438929E-07,0.019828
5.6443929E-07,0.019828
5.6448929E-07,0.019828
5.6453929E-07,0.020226
5.6458929E-07,0.021022
5.6463929E-07,0.022216
5.6468929E-07,0.023808
5.6473929E-07,0.025400
5.6478929E-07,0.027389
5.6483929E-07,0.029379
5.6488929E-07,0.031767
5.6493929E-07,0.033757
5.6498929E-07,0.036145
5.6503929E-07,0.038532
5.6508929E-07,0.040522
5.6513929E-07,0.042512
5.6518929E-07,0.044502
5.6523929E-07,0.046094
5.6528929E-07,0.047287
5.6533929E-07,0.048083
5.6538929E-07,0.048879
5.6543929E-07,0.049277
5.6548929E-07,0.048879
5.6553929E-07,0.048481
5.6558929E-07,0.047287
5.6563929E-07,0.045696
5.6568929E-07,0.043706
5.6573929E-07,0.041318
5.6578929E-07,0.038532
5.6583929E-07,0.035349
5.6588929E-07,0.031767
5.6593929E-07,0.027787
5.6598929E-07,0.023808
5.6603929E-07,0.019828
5.6608929E-07,0.015451
5.6613929E-07,0.011073
5.6618929E-07,0.007094
5.6623929E-07,0.003114
5.6628929E-07,-0.000468
5.6633929E-07,-0.003651
5.6638929E-07,-0.006437
5.6643929E-07,-0.008825
5.6648929E-07,-0.010417
5.6653929E-07,-0.011610
5.6658929E-07,-0.012008
5.6663929E-07,-0.012008
5.6668929E-07,-0.011212
5.6673929E-07,-0.010019
5.6678929E-07,-0.008029
5.6683929E-07,-0.005243
5.6688929E-07,-0.002457
5.6693929E-07,0.001124
5.6698929E-07,0.005104
5.6703929E-07,0.009481
5.6708929E-07,0.013859
5.6713929E-07,0.019032
5.6718929E-07,0.023808
5.6723929E-07,0.028981
5.6728929E-07,0.034155
5.6733929E-07,0.039726
5.6738929E-07,0.044900
5.6743929E-07,0.050471
5.6748929E-07,0.055645
5.6753929E-07,0.060818
5.6758929E-07,0.065991
5.6763929E-07,0.070767
5.6768929E-07,0.075542
5.6773929E-07,0.079920
5.6778929E-07,0.084298
5.6783929E-07,0.088277
5.6788929E-07,0.091859
5.6793929E-07,0.095440
5.6798929E-07,0.098226
5.6803929E-07,0.101012
5.6808929E-07,0.103400
5.6813929E-07,0.104991
5.6818929E-07,0.106583
5.6823929E-07,0.107777
5.6828929E-07,0.108175
5.6833929E-07,0.108573
5.6838929E-07,0.108573
5.6843929E-07,0.107777
5.6848929E-07,0.106981
5.6853929E-07,0.106185
5.6858929E-07,0.104593
5.6863929E-07,0.103002
5.6868929E-07,0.101410
5.6873929E-07,0.099420
5.6878929E-07,0.097032
5.6883929E-07,0.095042
5.6888929E-07,0.092655
5.6893929E-07,0.090267
5.6898929E-07,0.088277
5.6903929E-07,0.085889
5.6908929E-07,0.083502
5.6913929E-07,0.081114
5.6918929E-07,0.078726
5.6923929E-07,0.076338
5.6928929E-07,0.073951
5.6933929E-07,0.071563
5.6938929E-07,0.069175
5.6943929E-07,0.067185
5.6948929E-07,0.064798
5.6953929E-07,0.062410
5.6958929E-07,0.060420
5.6963929E-07,0.058032
5.6968929E-07,0.056043
5.6973929E-07,0.054053
5.6978929E-07,0.052063
5.6983929E-07,0.050471
5.6988929E-07,0.048481
5.6993929E-07,0.046889
5.6998929E-07,0.045298
5.7003929E-07,0.044104
5.7008929E-07,0.042512
5.7013929E-07,0.041318
5.7018929E-07,0.039726
5.7023929E-07,0.038532
5.7028929E-07,0.037338
5.7033929E-07,0.036145
5.7038929E-07,0.034951
5.7043929E-07,0.033359
5.7048929E-07,0.032165
5.7053929E-07,0.030971
5.7058929E-07,0.029379
5.7063929E-07,0.028185
5.7068929E-07,0.026992
5.7073929E-07,0.025798
5.7078929E-07,0.024206
5.7083929E-07,0.023410
5.7088929E-07,0.022216
5.7093929E-07,0.021420
5.7098929E-07,0.020624
5.7103929E-07,0.019828
5.7108929E-07,0.019430
5.7113929E-07,0.019032
5.7118929E-07,0.018634
5.7123929E-07,0.018634
5.7128929E-07,0.018236
5.7133929E-07,0.018236
5.7138929E-07,0.018236
5.7143929E-07,0.017838
5.7148929E-07,0.017838
5.7153929E-07,0.017043
5.7158929E-07,0.016247
5.7163929E-07,0.015451
5.7168929E-07,0.013859
5.7173929E-07,0.012267
5.7178929E-07,0.010277
5.7183929E-07,0.007492
5.7188929E-07,0.004706
5.7193929E-07,0.001522
5.7198929E-07,-0.002457
5.7203929E-07,-0.006437
5.7208929E-07,-0.010417
5.7213929E-07,-0.014794
5.7218929E-07,-0.019570
5.7223929E-07,-0.023947
5.7228929E-07,-0.028723
5.7233929E-07,-0.033498
5.7238929E-07,-0.037876
5.7243929E-07,-0.041855
5.7248929E-07,-0.045835
5.7253929E-07,-0.049416
5.7258929E-07,-0.052600
5.7263929E-07,-0.055784
5.7268929E-07,-0.058172
5.7273929E-07,-0.060161
5.7278929E-07,-0.061753
5.7283929E-07,-0.062947
5.7288929E-07,-0.063743
5.7293929E-07,-0.064141
5.7298929E-07,-0.064539
5.7303929E-07,-0.064141
5.7308929E-07,-0.063743
5.7313929E-07,-0.062947
5.7318929E-07,-0.062151
5.7323929E-07,-0.060957
5.7328929E-07,-0.060161
5.7333929E-07,-0.058570
5.7338929E-07,-0.057376
5.7343929E-07,-0.056182
5.7348929E-07,-0.054590
5.7353929E-07,-0.052998
5.7358929E-07,-0.051804
5.7363929E-07,-0.050212
5.7368929E-07,-0.048621
5.7373929E-07,-0.047029
5.7378929E-07,-0.045437
5.7383929E-07,-0.043447
5.7388929E-07,-0.041855
5.7393929E-07,-0.039865
5.7398929E-07,-0.037478
5.7403929E-07,-0.035090
5.7408929E-07,-0.032702
5.7413929E-07,-0.029917
5.7418929E-07,-0.027131
5.7423929E-07,-0.023947
5.7428929E-07,-0.020763
5.7433929E-07,-0.017580
5.7438929E-07,-0.013998
5.7443929E-07,-0.010417
5.7448929E-07,-0.006835
5.7453929E-07,-0.003253
5.7458929E-07,-0.000070
5.7463929E-07,0.003512
5.7468929E-07,0.006298
5.7473929E-07,0.009083
5.7478929E-07,0.011869
5.7483929E-07,0.013859
5.7488929E-07,0.015451
5.7493929E-07,0.016645
5.7498929E-07,0.017441
5.7503929E-07,0.017838
5.7508929E-07,0.017838
5.7513929E-07,0.017441
5.7518929E-07,0.016645
5.7523929E-07,0.015053
5.7528929E-07,0.013461
5.7533929E-07,0.011869
5.7538929E-07,0.009879
5.7543929E-07,0.007492
5.7548929E-07,0.005502
5.7553929E-07,0.003114
5.7558929E-07,0.000726
5.7563929E-07,-0.001264
5.7568929E-07,-0.003253
5.7573929E-07,-0.005243
5.7578929E-07,-0.007233
5.7583929E-07,-0.008825
5.7588929E-07,-0.010019
5.7593929E-07,-0.011212
5.7598929E-07,-0.012008
5.7603929E-07,-0.012804
5.7608929E-07,-0.013600
5.7613929E-07,-0.013998
5.7618929E-07,-0.013998
5.7623929E-07,-0.013998
5.7628929E-07,-0.013998
5.7633929E-07,-0.013998
5.7638929E-07,-0.013600
5.7643929E-07,-0.012804
5.7648929E-07,-0.012406
5.7653929E-07,-0.011610
5.7658929E-07,-0.010417
5.7663929E-07,-0.009223
5.7668929E-07,-0.008029
5.7673929E-07,-0.006835
5.7678929E-07,-0.005243
5.7683929E-07,-0.004049
5.7688929E-07,-0.002457
5.7693929E-07,-0.000866
5.7698929E-07,0.000726
5.7703929E-07,0.002318
5.7708929E-07,0.003910
5.7713929E-07,0.005104
5.7718929E-07,0.006696
5.7723929E-07,0.007492
5.7728929E-07,0.008685
5.7733929E-07,0.009481
5.7738929E-07,0.009879
5.7743929E-07,0.010277
5.7748929E-07,0.010675
5.7753929E-07,0.010675
5.7758929E-07,0.010675
5.7763929E-07,0.010675
5.7768929E-07,0.010277
5.7773929E-07,0.009879
5.7778929E-07,0.009481
5.7783929E-07,0.009083
5.7788929E-07,0.008685
5.7793929E-07,0.008287
5.7798929E-07,0.007890
5.7803929E-07,0.007890
5.7808929E-07,0.007492
5.7813929E-07,0.007094
5.7818929E-07,0.006696
5.7823929E-07,0.006298
5.7828929E-07,0.005502
5.7833929E-07,0.005104
5.7838929E-07,0.004308
5.7843929E-07,0.003114
5.7848929E-07,0.001920
5.7853929E-07,0.000328
5.7858929E-07,-0.001264
5.7863929E-07,-0.002855
5.7868929E-07,-0.004845
5.7873929E-07,-0.006437
5.7878929E-07,-0.008427
5.7883929E-07,-0.010417
5.7888929E-07,-0.012406
5.7893929E-07,-0.013998
5.7898929E-07,-0.015590
5.7903929E-07,-0.016784
5.7908929E-07,-0.017182
5.7913929E-07,-0.017580
5.7918929E-07,-0.017580
5.7923929E-07,-0.016784
5.7928929E-07,-0.015590
5.7933929E-07,-0.013600
5.7938929E-07,-0.011610
5.7943929E-07,-0.008825
5.7948929E-07,-0.005641
5.7953929E-07,-0.002059
5.7958929E-07,0.001522
5.7963929E-07,0.005502
5.7968929E-07,0.009879
5.7973929E-07,0.013859
5.7978929E-07,0.017838
5.7983929E-07,0.021818
5.7988929E-07,0.025798
5.7993929E-07,0.029379
5.7998929E-07,0.032563
5.8003929E-07,0.035349
5.8008929E-07,0.037736
5.8013929E-07,0.040124
5.8018929E-07,0.041716
5.8023929E-07,0.043308
5.8028929E-07,0.044104
5.8033929E-07,0.044900
5.8038929E-07,0.045298
5.8043929E-07,0.045298
5.8048929E-07,0.045298
5.8053929E-07,0.045298
5.8058929E-07,0.044900
5.8063929E-07,0.044502
5.8068929E-07,0.044104
5.8073929E-07,0.043706
5.8078929E-07,0.043308
5.8083929E-07,0.042910
5.8088929E-07,0.042512
5.8093929E-07,0.042512
5.8098929E-07,0.042512
5.8103929E-07,0.042512
5.8108929E-07,0.042910
5.8113929E-07,0.043308
5.8118929E-07,0.043706
5.8123929E-07,0.044502
5.8128929E-07,0.045298
5.8133929E-07,0.046094
5.8138929E-07,0.047287
5.8143929E-07,0.048481
5.8148929E-07,0.050073
5.8153929E-07,0.051665
5.8158929E-07,0.053655
5.8163929E-07,0.055247
5.8168929E-07,0.057236
5.8173929E-07,0.059226
5.8178929E-07,0.061216
5.8183929E-07,0.063206
5.8188929E-07,0.065196
5.8193929E-07,0.067185
5.8198929E-07,0.069175
5.8203929E-07,0.070767
5.8208929E-07,0.072359
5.8213929E-07,0.073553
5.8218929E-07,0.074747
5.8223929E-07,0.075542
5.8228929E-07,0.075940
5.8233929E-07,0.075940
5.8238929E-07,0.075940
5.8243929E-07,0.075542
5.8248929E-07,0.074747
5.8253929E-07,0.073553
5.8258929E-07,0.071961
5.8263929E-07,0.069971
5.8268929E-07,0.067583
5.8273929E-07,0.064798
5.8278929E-07,0.061614
5.8283929E-07,0.058430
5.8288929E-07,0.054451
5.8293929E-07,0.050471
5.8298929E-07,0.046094
5.8303929E-07,0.041716
5.8308929E-07,0.036940
5.8313929E-07,0.032165
5.8318929E-07,0.027389
5.8323929E-07,0.022216
5.8328929E-07,0.017441
5.8333929E-07,0.012267
5.8338929E-07,0.007492
5.8343929E-07,0.002716
5.8348929E-07,-0.001661
5.8353929E-07,-0.006039
5.8358929E-07,-0.010019
5.8363929E-07,-0.013600
5.8368929E-07,-0.017182
5.8373929E-07,-0.019968
5.8378929E-07,-0.022753
5.8383929E-07,-0.025141
5.8388929E-07,-0.026733
5.8393929E-07,-0.028325
5.8398929E-07,-0.029519
5.8403929E-07,-0.030712
5.8408929E-07,-0.031110
5.8413929E-07,-0.031508
5.8418929E-07,-0.031508
5.8423929E-07,-0.031508
5.8428929E-07,-0.031110
5.8433929E-07,-0.030712
5.8438929E-07,-0.030314
5.8443929E-07,-0.029519
5.8448929E-07,-0.029121
5.8453929E-07,-0.028325
5.8458929E-07,-0.027529
5.8463929E-07,-0.026733
5.8468929E-07,-0.025937
5.8473929E-07,-0.025141
5.8478929E-07,-0.024345
5.8483929E-07,-0.023549
5.8488929E-07,-0.022355
5.8493929E-07,-0.021559
5.8498929E-07,-0.020763
5.8503929E-07,-0.019968
5.8508929E-07,-0.018774
5.8513929E-07,-0.017580
5.8518929E-07,-0.016386
5.8523929E-07,-0.015192
5.8528929E-07,-0.013998
5.8533929E-07,-0.012406
5.8538929E-07,-0.010815
5.8543929E-07,-0.008825
5.8548929E-07,-0.006835
5.8553929E-07,-0.004447
5.8558929E-07,-0.002059
5.8563929E-07,0.000726
5.8568929E-07,0.003512
5.8573929E-07,0.006298
5.8578929E-07,0.009879
5.8583929E-07,0.013063
5.8588929E-07,0.016645
5.8593929E-07,0.020624
5.8598929E-07,0.024604
5.8603929E-07,0.028583
5.8608929E-07,0.032563
5.8613929E-07,0.036543
5.8618929E-07,0.040124
5.8623929E-07,0.044104
5.8628929E-07,0.047685
5.8633929E-07,0.050869
5.8638929E-07,0.053655
5.8643929E-07,0.056440
5.8648929E-07,0.058430
5.8653929E-07,0.060420
5.8658929E-07,0.061614
5.8663929E-07,0.062808
5.8668929E-07,0.063206
5.8673929E-07,0.063206
5.8678929E-07,0.063206
5.8683929E-07,0.062410
5.8688929E-07,0.061614
5.8693929E-07,0.060420
5.8698929E-07,0.059624
5.8703929E-07,0.058430
5.8708929E-07,0.057236
5.8713929E-07,0.056440
5.8718929E-07,0.056043
5.8723929E-07,0.055645
5.8728929E-07,0.055645
5.8733929E-07,0.056043
5.8738929E-07,0.057236
5.8743929E-07,0.058430
5.8748929E-07,0.060420
5.8753929E-07,0.062808
5.8758929E-07,0.065594
5.8763929E-07,0.069175
5.8768929E-07,0.072757
5.8773929E-07,0.076736
5.8778929E-07,0.080716
5.8783929E-07,0.085093
5.8788929E-07,0.089869
5.8793929E-07,0.094247
5.8798929E-07,0.098624
5.8803929E-07,0.103002
5.8808929E-07,0.106981
5.8813929E-07,0.110563
5.8818929E-07,0.114144
5.8823929E-07,0.117328
5.8828929E-07,0.120114
5.8833929E-07,0.122104
5.8838929E-07,0.124093
5.8843929E-07,0.125685
5.8848929E-07,0.126481
5.8853929E-07,0.127277
5.8858929E-07,0.127675
5.8863929E-07,0.127277
5.8868929E-07,0.126879
5.8873929E-07,0.126083
5.8878929E-07,0.124889
5.8883929E-07,0.123297
5.8888929E-07,0.121706
5.8893929E-07,0.119716
5.8898929E-07,0.117328
5.8903929E-07,0.114940
5.8908929E-07,0.112155
5.8913929E-07,0.109369
5.8918929E-07,0.106185
5.8923929E-07,0.103002
5.8928929E-07,0.099420
5.8933929E-07,0.095838
5.8938929E-07,0.092257
5.8943929E-07,0.088277
5.8948929E-07,0.084298
5.8953929E-07,0.079920
5.8958929E-07,0.075542
5.8963929E-07,0.071165
5.8968929E-07,0.066787
5.8973929E-07,0.062410
5.8978929E-07,0.058032
5.8983929E-07,0.053257
5.8988929E-07,0.048879
5.8993929E-07,0.044104
5.8998929E-07,0.039726
5.9003929E-07,0.035349
5.9008929E-07,0.031369
5.9013929E-07,0.027389
5.9018929E-07,0.023410
5.9023929E-07,0.019430
5.9028929E-07,0.015849
5.9033929E-07,0.012665
5.9038929E-07,0.009481
5.9043929E-07,0.006298
5.9048929E-07,0.003512
5.9053929E-07,0.001124
5.9058929E-07,-0.001264
5.9063929E-07,-0.003651
5.9068929E-07,-0.005641
5.9073929E-07,-0.007631
5.9078929E-07,-0.009621
5.9083929E-07,-0.011610
5.9088929E-07,-0.013202
5.9093929E-07,-0.014794
5.9098929E-07,-0.015988
5.9103929E-07,-0.017182
5.9108929E-07,-0.018376
5.9113929E-07,-0.019172
5.9118929E-07,-0.019968
5.9123929E-07,-0.020366
5.9128929E-07,-0.020366
5.9133929E-07,-0.020366
5.9138929E-07,-0.019570
5.9143929E-07,-0.018376
5.9148929E-07,-0.016784
5.9153929E-07,-0.014794
5.9158929E-07,-0.012008
5.9163929E-07,-0.008825
5.9168929E-07,-0.004845
5.9173929E-07,-0.000866
5.9178929E-07,0.003910
5.9183929E-07,0.009083
5.9188929E-07,0.014257
5.9193929E-07,0.020226
5.9198929E-07,0.025798
5.9203929E-07,0.031767
5.9208929E-07,0.037736
5.9213929E-07,0.043706
5.9218929E-07,0.049277
5.9223929E-07,0.054849
5.9228929E-07,0.060022
5.9233929E-07,0.064400
5.9238929E-07,0.068379
5.9243929E-07,0.071961
5.9248929E-07,0.074747
5.9253929E-07,0.077134
5.9258929E-07,0.078726
5.9263929E-07,0.079920
5.9268929E-07,0.080318
5.9273929E-07,0.080318
5.9278929E-07,0.079920
5.9283929E-07,0.078726
5.9288929E-07,0.077134
5.9293929E-07,0.075542
5.9298929E-07,0.073553
5.9303929E-07,0.071563
5.9308929E-07,0.069175
5.9313929E-07,0.066787
5.9318929E-07,0.064798
5.9323929E-07,0.062410
5.9328929E-07,0.060420
5.9333929E-07,0.058430
5.9338929E-07,0.057236
5.9343929E-07,0.055645
5.9348929E-07,0.054849
5.9353929E-07,0.054451
5.9358929E-07,0.054053
5.9363929E-07,0.054053
5.9368929E-07,0.054849
5.9373929E-07,0.055645
5.9378929E-07,0.056838
5.9383929E-07,0.058430
5.9388929E-07,0.060420
5.9393929E-07,0.062410
5.9398929E-07,0.064798
5.9403929E-07,0.067185
5.9408929E-07,0.069573
5.9413929E-07,0.071961
5.9418929E-07,0.074349
5.9423929E-07,0.076736
5.9428929E-07,0.078726
5.9433929E-07,0.080318
5.9438929E-07,0.081114
5.9443929E-07,0.081910
5.9448929E-07,0.081910
5.9453929E-07,0.081512
5.9458929E-07,0.080318
5.9463929E-07,0.078328
5.9468929E-07,0.075940
5.9473929E-07,0.072757
5.9478929E-07,0.068777
5.9483929E-07,0.064400
5.9488929E-07,0.059226
5.9493929E-07,0.053655
5.9498929E-07,0.047685
5.9503929E-07,0.041318
5.9508929E-07,0.034951
5.9513929E-07,0.028185
5.9518929E-07,0.021420
5.9523929E-07,0.014655
5.9528929E-07,0.007890
5.9533929E-07,0.001124
5.9538929E-07,-0.005243
5.9543929E-07,-0.011212
5.9548929E-07,-0.016784
5.9553929E-07,-0.021957
5.9558929E-07,-0.027131
5.9563929E-07,-0.031508
5.9568929E-07,-0.035488
5.9573929E-07,-0.039070
5.9578929E-07,-0.041855
5.9583929E-07,-0.044641
5.9588929E-07,-0.046631
5.9593929E-07,-0.048621
5.9598929E-07,-0.049814
5.9603929E-07,-0.051008
5.9608929E-07,-0.051406
5.9613929E-07,-0.051804
5.9618929E-07,-0.051406
5.9623929E-07,-0.051008
5.9628929E-07,-0.050610
5.9633929E-07,-0.049416
5.9638929E-07,-0.048223
5.9643929E-07,-0.046631
5.9648929E-07,-0.044641
5.9653929E-07,-0.042651
5.9658929E-07,-0.040661
5.9663929E-07,-0.038274
5.9668929E-07,-0.035886
5.9673929E-07,-0.033498
5.9678929E-07,-0.030712
5.9683929E-07,-0.028325
5.9688929E-07,-0.026335
5.9693929E-07,-0.023947
5.9698929E-07,-0.021957
5.9703929E-07,-0.020366
5.9708929E-07,-0.018774
5.9713929E-07,-0.017580
5.9718929E-07,-0.016784
5.9723929E-07,-0.016386
5.9728929E-07,-0.015988
5.9733929E-07,-0.015988
5.9738929E-07,-0.016386
5.9743929E-07,-0.016784
5.9748929E-07,-0.017580
5.9753929E-07,-0.018774
5.9758929E-07,-0.019570
5.9763929E-07,-0.020763
5.9768929E-07,-0.021957
5.9773929E-07,-0.022753
5.9778929E-07,-0.023549
5.9783929E-07,-0.024345
5.9788929E-07,-0.024345
5.9793929E-07,-0.024743
5.9798929E-07,-0.024345
5.9803929E-07,-0.023947
5.9808929E-07,-0.023151
5.9813929E-07,-0.021559
5.9818929E-07,-0.019968
5.9823929E-07,-0.018376
5.9828929E-07,-0.015988
5.9833929E-07,-0.013600
5.9838929E-07,-0.011212
5.9843929E-07,-0.008427
5.9848929E-07,-0.005243
5.9853929E-07,-0.002457
5.9858929E-07,0.000328
5.9863929E-07,0.003114
5.9868929E-07,0.005900
5.9873929E-07,0.008287
5.9878929E-07,0.010675
5.9883929E-07,0.012665
5.9888929E-07,0.014655
5.9893929E-07,0.016247
5.9898929E-07,0.017441
5.9903929E-07,0.018634
5.9908929E-07,0.019430
5.9913929E-07,0.020226
5.9918929E-07,0.020624
5.9923929E-07,0.021022
5.9928929E-07,0.021420
5.9933929E-07,0.021818
5.9938929E-07,0.021818
5.9943929E-07,0.022614
5.9948929E-07,0.023012
5.9953929E-07,0.023808
5.9958929E-07,0.025002
5.9963929E-07,0.026196
5.9968929E-07,0.027787
5.9973929E-07,0.029379
5.9978929E-07,0.031767
5.9983929E-07,0.034155
5.9988929E-07,0.036940
5.9993929E-07,0.040124
5.9998929E-07,0.043308
6.0003929E-07,0.046889
6.0008929E-07,0.050471
6.0013929E-07,0.054053
6.0018929E-07,0.058032
6.0023929E-07,0.061614
6.0028929E-07,0.065196
6.0033929E-07,0.068777
6.0038929E-07,0.072359
6.0043929E-07,0.075542
6.0048929E-07,0.078328
6.0053929E-07,0.081114
6.0058929E-07,0.083502
6.0063929E-07,0.085889
6.0068929E-07,0.087481
6.0073929E-07,0.089073
6.0078929E-07,0.090665
6.0083929E-07,0.091461
6.0088929E-07,0.092257
6.0093929E-07,0.092257
6.0098929E-07,0.092655
6.0103929E-07,0.092257
6.0108929E-07,0.091859
6.0113929E-07,0.090665
6.0118929E-07,0.089471
6.0123929E-07,0.088277
6.0128929E-07,0.086287
6.0133929E-07,0.083900
6.0138929E-07,0.081512
6.0143929E-07,0.078726
6.0148929E-07,0.075542
6.0153929E-07,0.071961
6.0158929E-07,0.068379
6.0163929E-07,0.064002
6.0168929E-07,0.059624
6.0173929E-07,0.054849
6.0178929E-07,0.050073
6.0183929E-07,0.044900
6.0188929E-07,0.039328
6.0193929E-07,0.033757
6.0198929E-07,0.028185
6.0203929E-07,0.022614
6.0208929E-07,0.017043
6.0213929E-07,0.011073
6.0218929E-07,0.005502
6.0223929E-07,-0.000070
6.0228929E-07,-0.005641
6.0233929E-07,-0.010815
6.0238929E-07,-0.015988
6.0243929E-07,-0.021161
6.0248929E-07,-0.025937
6.0253929E-07,-0.030712
6.0258929E-07,-0.035090
6.0263929E-07,-0.039468
6.0268929E-07,-0.043447
6.0273929E-07,-0.047029
6.0278929E-07,-0.050212
6.0283929E-07,-0.053396
6.0288929E-07,-0.056182
6.0293929E-07,-0.058967
6.0298929E-07,-0.060957
6.0303929E-07,-0.062947
6.0308929E-07,-0.064539
6.0313929E-07,-0.065733
6.0318929E-07,-0.066529
6.0323929E-07,-0.066927
6.0328929E-07,-0.066927
6.0333929E-07,-0.066927
6.0338929E-07,-0.066529
6.0343929E-07,-0.066131
6.0348929E-07,-0.064937
6.0353929E-07,-0.064141
6.0358929E-07,-0.062947
6.0363929E-07,-0.061355
6.0368929E-07,-0.060161
6.0373929E-07,-0.058570
6.0378929E-07,-0.056978
6.0383929E-07,-0.055386
6.0388929E-07,-0.053794
6.0393929E-07,-0.052202
6.0398929E-07,-0.050610
6.0403929E-07,-0.049019
6.0408929E-07,-0.047427
6.0413929E-07,-0.045835
6.0418929E-07,-0.044243
6.0423929E-07,-0.042651
6.0428929E-07,-0.041059
6.0433929E-07,-0.039468
6.0438929E-07,-0.037876
6.0443929E-07,-0.035886
6.0448929E-07,-0.034294
6.0453929E-07,-0.032304
6.0458929E-07,-0.030314
6.0463929E-07,-0.028325
6.0468929E-07,-0.026335
6.0473929E-07,-0.024345
6.0478929E-07,-0.022355
6.0483929E-07,-0.020366
6.0488929E-07,-0.018376
6.0493929E-07,-0.016784
6.0498929E-07,-0.015590
6.0503929E-07,-0.014396
6.0508929E-07,-0.013202
6.0513929E-07,-0.012804
6.0518929E-07,-0.012406
6.0523929E-07,-0.012406
6.0528929E-07,-0.012804
6.0533929E-07,-0.013600
6.0538929E-07,-0.014794
6.0543929E-07,-0.015988
6.0548929E-07,-0.017978
6.0553929E-07,-0.019968
6.0558929E-07,-0.022355
6.0563929E-07,-0.025141
6.0568929E-07,-0.027927
6.0573929E-07,-0.030712
6.0578929E-07,-0.033896
6.0583929E-07,-0.037080
6.0588929E-07,-0.040263
6.0593929E-07,-0.043447
6.0598929E-07,-0.046631
6.0603929E-07,-0.049814
6.0608929E-07,-0.052600
6.0613929E-07,-0.055386
6.0618929E-07,-0.057774
6.0623929E-07,-0.060161
6.0628929E-07,-0.062151
6.0633929E-07,-0.063743
6.0638929E-07,-0.064937
6.0643929E-07,-0.066131
6.0648929E-07,-0.066927
6.0653929E-07,-0.066927
6.0658929E-07,-0.066927
6.0663929E-07,-0.066529
6.0668929E-07,-0.066131
6.0673929E-07,-0.064937
6.0678929E-07,-0.063743
6.0683929E-07,-0.062151
6.0688929E-07,-0.060161
6.0693929E-07,-0.058172
6.0698929E-07,-0.055784
6.0703929E-07,-0.053396
6.0708929E-07,-0.051008
6.0713929E-07,-0.048621
6.0718929E-07,-0.045835
6.0723929E-07,-0.043447
6.0728929E-07,-0.040661
6.0733929E-07,-0.038274
6.0738929E-07,-0.035488
6.0743929E-07,-0.033100
6.0748929E-07,-0.030712
6.0753929E-07,-0.028325
6.0758929E-07,-0.026335
6.0763929E-07,-0.023947
6.0768929E-07,-0.021957
6.0773929E-07,-0.019968
6.0778929E-07,-0.017978
6.0783929E-07,-0.016386
6.0788929E-07,-0.014396
6.0793929E-07,-0.012406
6.0798929E-07,-0.010815
6.0803929E-07,-0.008825
6.0808929E-07,-0.007233
6.0813929E-07,-0.005243
6.0818929E-07,-0.003651
6.0823929E-07,-0.001661
6.0828929E-07,0.000328
6.0833929E-07,0.001920
6.0838929E-07,0.003910
6.0843929E-07,0.005900
6.0848929E-07,0.007890
6.0853929E-07,0.009481
6.0858929E-07,0.011471
6.0863929E-07,0.013063
6.0868929E-07,0.014655
6.0873929E-07,0.016645
6.0878929E-07,0.018236
6.0883929E-07,0.019430
6.0888929E-07,0.020624
6.0893929E-07,0.021818
6.0898929E-07,0.023012
6.0903929E-07,0.023808
6.0908929E-07,0.024604
6.0913929E-07,0.025002
6.0918929E-07,0.025002
6.0923929E-07,0.025002
6.0928929E-07,0.025002
6.0933929E-07,0.024604
6.0938929E-07,0.024206
6.0943929E-07,0.023410
6.0948929E-07,0.022614
6.0953929E-07,0.021818
6.0958929E-07,0.020624
6.0963929E-07,0.019828
6.0968929E-07,0.019032
6.0973929E-07,0.018236
6.0978929E-07,0.017838
6.0983929E-07,0.017043
6.0988929E-07,0.017043
6.0993929E-07,0.017043
6.0998929E-07,0.017441
6.1003929E-07,0.017838
6.1008929E-07,0.018634
6.1013929E-07,0.019828
6.1018929E-07,0.021420
6.1023929E-07,0.022614
6.1028929E-07,0.024604
6.1033929E-07,0.026196
6.1038929E-07,0.028185
6.1043929E-07,0.029777
6.1048929E-07,0.031767
6.1053929E-07,0.033359
6.1058929E-07,0.034951
6.1063929E-07,0.036145
6.1068929E-07,0.037338
6.1073929E-07,0.038134
6.1078929E-07,0.038532
6.1083929E-07,0.038930
6.1088929E-07,0.038930
6.1093929E-07,0.038930
6.1098929E-07,0.038532
6.1103929E-07,0.038134
6.1108929E-07,0.037736
6.1113929E-07,0.036940
6.1118929E-07,0.036543
6.1123929E-07,0.035747
6.1128929E-07,0.035349
6.1133929E-07,0.034553
6.1138929E-07,0.034155
6.1143929E-07,0.034155
6.1148929E-07,0.033757
6.1153929E-07,0.033757
6.1158929E-07,0.034155
6.1163929E-07,0.034155
6.1168929E-07,0.034553
6.1173929E-07,0.034951
6.1178929E-07,0.035349
6.1183929E-07,0.036145
6.1188929E-07,0.036543
6.1193929E-07,0.036940
6.1198929E-07,0.037338
6.1203929E-07,0.037338
6.1208929E-07,0.037736
6.1213929E-07,0.037736
6.1218929E-07,0.037338
6.1223929E-07,0.036940
6.1228929E-07,0.036145
6.1233929E-07,0.035349
6.1238929E-07,0.034155
6.1243929E-07,0.032961
6.1248929E-07,0.031369
6.1253929E-07,0.029777
6.1258929E-07,0.027787
6.1263929E-07,0.025798
6.1268929E-07,0.023410
6.1273929E-07,0.021022
6.1278929E-07,0.018634
6.1283929E-07,0.016247
6.1288929E-07,0.013461
6.1293929E-07,0.010675
6.1298929E-07,0.007890
6.1303929E-07,0.005104
6.1308929E-07,0.002318
6.1313929E-07,-0.000468
6.1318929E-07,-0.003253
6.1323929E-07,-0.005641
6.1328929E-07,-0.008427
6.1333929E-07,-0.010815
6.1338929E-07,-0.012804
6.1343929E-07,-0.015192
6.1348929E-07,-0.017182
6.1353929E-07,-0.018774
6.1358929E-07,-0.020366
6.1363929E-07,-0.021957
6.1368929E-07,-0.023151
6.1373929E-07,-0.023947
6.1378929E-07,-0.024743
6.1383929E-07,-0.024743
6.1388929E-07,-0.024743
6.1393929E-07,-0.024743
6.1398929E-07,-0.023947
6.1403929E-07,-0.022753
6.1408929E-07,-0.021559
6.1413929E-07,-0.019968
6.1418929E-07,-0.017580
6.1423929E-07,-0.015192
6.1428929E-07,-0.012406
6.1433929E-07,-0.009223
6.1438929E-07,-0.006039
6.1443929E-07,-0.002457
6.1448929E-07,0.001522
6.1453929E-07,0.005900
6.1458929E-07,0.009879
6.1463929E-07,0.014257
6.1468929E-07,0.018634
6.1473929E-07,0.023012
6.1478929E-07,0.026992
6.1483929E-07,0.030971
6.1488929E-07,0.034951
6.1493929E-07,0.038532
6.1498929E-07,0.041716
6.1503929E-07,0.044502
6.1508929E-07,0.046889
6.1513929E-07,0.048879
6.1518929E-07,0.050073
6.1523929E-07,0.051267
6.1528929E-07,0.051665
6.1533929E-07,0.052063
6.1538929E-07,0.051665
6.1543929E-07,0.051267
6.1548929E-07,0.050073
6.1553929E-07,0.048879
6.1558929E-07,0.047685
6.1563929E-07,0.045696
6.1568929E-07,0.044104
6.1573929E-07,0.042512
6.1578929E-07,0.040522
6.1583929E-07,0.038930
6.1588929E-07,0.036940
6.1593929E-07,0.035349
6.1598929E-07,0.034155
6.1603929E-07,0.032961
6.1608929E-07,0.031767
6.1613929E-07,0.030573
6.1618929E-07,0.029777
6.1623929E-07,0.028981
6.1628929E-07,0.028185
6.1633929E-07,0.027787
6.1638929E-07,0.026992
6.1643929E-07,0.026196
6.1648929E-07,0.025400
6.1653929E-07,0.024604
6.1658929E-07,0.023410
6.1663929E-07,0.022216
6.1668929E-07,0.020624
6.1673929E-07,0.018634
6.1678929E-07,0.016645
6.1683929E-07,0.014655
6.1688929E-07,0.011869
6.1693929E-07,0.009481
6.1698929E-07,0.006696
6.1703929E-07,0.003512
6.1708929E-07,0.000726
6.1713929E-07,-0.002457
6.1718929E-07,-0.005641
6.1723929E-07,-0.008427
6.1728929E-07,-0.011212
6.1733929E-07,-0.013600
6.1738929E-07,-0.015988
6.1743929E-07,-0.018376
6.1748929E-07,-0.019968
6.1753929E-07,-0.021559
6.1758929E-07,-0.022753
6.1763929E-07,-0.023549
6.1768929E-07,-0.023947
6.1773929E-07,-0.023947
6.1778929E-07,-0.023549
6.1783929E-07,-0.023151
6.1788929E-07,-0.022355
6.1793929E-07,-0.021161
6.1798929E-07,-0.019968
6.1803929E-07,-0.018376
6.1808929E-07,-0.016784
6.1813929E-07,-0.015192
6.1818929E-07,-0.013600
6.1823929E-07,-0.012406
6.1828929E-07,-0.010815
6.1833929E-07,-0.009621
6.1838929E-07,-0.008825
6.1843929E-07,-0.008029
6.1848929E-07,-0.007631
6.1853929E-07,-0.007233
6.1858929E-07,-0.007631
6.1863929E-07,-0.008029
6.1868929E-07,-0.008825
6.1873929E-07,-0.010019
6.1878929E-07,-0.011212
6.1883929E-07,-0.012804
6.1888929E-07,-0.014794
6.1893929E-07,-0.016784
6.1898929E-07,-0.019172
6.1903929E-07,-0.021559
6.1908929E-07,-0.023947
6.1913929E-07,-0.026335
6.1918929E-07,-0.028723
6.1923929E-07,-0.031110
6.1928929E-07,-0.033100
6.1933929E-07,-0.035090
6.1938929E-07,-0.036682
6.1943929E-07,-0.038274
6.1948929E-07,-0.039070
6.1953929E-07,-0.039865
6.1958929E-07,-0.040263
6.1963929E-07,-0.040263
6.1968929E-07,-0.039865
6.1973929E-07,-0.039070
6.1978929E-07,-0.037876
6.1983929E-07,-0.036284
6.1988929E-07,-0.034692
6.1993929E-07,-0.032702
6.1998929E-07,-0.030314
6.2003929E-07,-0.027529
6.2008929E-07,-0.024743
6.2013929E-07,-0.021559
6.2018929E-07,-0.018376
6.2023929E-07,-0.015192
6.2028929E-07,-0.012008
6.2033929E-07,-0.008427
6.2038929E-07,-0.005243
6.2043929E-07,-0.001661
6.2048929E-07,0.001522
6.2053929E-07,0.004706
6.2058929E-07,0.007492
6.2063929E-07,0.010675
6.2068929E-07,0.013461
6.2073929E-07,0.015849
6.2078929E-07,0.018236
6.2083929E-07,0.020226
6.2088929E-07,0.022216
6.2093929E-07,0.023808
6.2098929E-07,0.025002
6.2103929E-07,0.025798
6.2108929E-07,0.026594
6.2113929E-07,0.026992
6.2118929E-07,0.026992
6.2123929E-07,0.026992
6.2128929E-07,0.026196
6.2133929E-07,0.025400
6.2138929E-07,0.024604
6.2143929E-07,0.023410
6.2148929E-07,0.021818
6.2153929E-07,0.020226
6.2158929E-07,0.018634
6.2163929E-07,0.016645
6.2168929E-07,0.014655
6.2173929E-07,0.013063
6.2178929E-07,0.011073
6.2183929E-07,0.009481
6.2188929E-07,0.007890
6.2193929E-07,0.006696
6.2198929E-07,0.005502
6.2203929E-07,0.004706
6.2208929E-07,0.004308
6.2213929E-07,0.004308
6.2218929E-07,0.004706
6.2223929E-07,0.005502
6.2228929E-07,0.007094
6.2233929E-07,0.008685
6.2238929E-07,0.010675
6.2243929E-07,0.013063
6.2248929E-07,0.015849
6.2253929E-07,0.019032
6.2258929E-07,0.022614
6.2263929E-07,0.026196
6.2268929E-07,0.030175
6.2273929E-07,0.033757
6.2278929E-07,0.037736
6.2283929E-07,0.042114
6.2288929E-07,0.045696
6.2293929E-07,0.049675
6.2298929E-07,0.053257
6.2303929E-07,0.056838
6.2308929E-07,0.060022
6.2313929E-07,0.062808
6.2318929E-07,0.065196
6.2323929E-07,0.067583
6.2328929E-07,0.069573
6.2333929E-07,0.071165
6.2338929E-07,0.072757
6.2343929E-07,0.073553
6.2348929E-07,0.074349
6.2353929E-07,0.074747
6.2358929E-07,0.075145
6.2363929E-07,0.075145
6.2368929E-07,0.074747
6.2373929E-07,0.074349
6.2378929E-07,0.073553
6.2383929E-07,0.072757
6.2388929E-07,0.071563
6.2393929E-07,0.070369
6.2398929E-07,0.069175
6.2403929E-07,0.067583
6.2408929E-07,0.065991
6.2413929E-07,0.064400
6.2418929E-07,0.062410
6.2423929E-07,0.060420
6.2428929E-07,0.058430
6.2433929E-07,0.056440
6.2438929E-07,0.054451
6.2443929E-07,0.052461
6.2448929E-07,0.050073
6.2453929E-07,0.048083
6.2458929E-07,0.046094
6.2463929E-07,0.044104
6.2468929E-07,0.042114
6.2473929E-07,0.040522
6.2478929E-07,0.038532
6.2483929E-07,0.036940
6.2488929E-07,0.035747
6.2493929E-07,0.034553
6.2498929E-07,0.033359
6.2503929E-07,0.032563
6.2508929E-07,0.031767
6.2513929E-07,0.031369
6.2518929E-07,0.030971
6.2523929E-07,0.030573
6.2528929E-07,0.030573
6.2533929E-07,0.030573
6.2538929E-07,0.030971
6.2543929E-07,0.031369
6.2548929E-07,0.031767
6.2553929E-07,0.032165
6.2558929E-07,0.032961
6.2563929E-07,0.033757
6.2568929E-07,0.034951
6.2573929E-07,0.035747
6.2578929E-07,0.036940
6.2583929E-07,0.038134
6.2588929E-07,0.039328
6.2593929E-07,0.040522
6.2598929E-07,0.041716
6.2603929E-07,0.043308
6.2608929E-07,0.044502
6.2613929E-07,0.045696
6.2618929E-07,0.046889
6.2623929E-07,0.048083
6.2628929E-07,0.049277
6.2633929E-07,0.050073
6.2638929E-07,0.050869
6.2643929E-07,0.051665
6.2648929E-07,0.052063
6.2653929E-07,0.052461
6.2658929E-07,0.052461
6.2663929E-07,0.052461
6.2668929E-07,0.052461
6.2673929E-07,0.052063
6.2678929E-07,0.051665
6.2683929E-07,0.051267
6.2688929E-07,0.050471
6.2693929E-07,0.050073
6.2698929E-07,0.049277
6.2703929E-07,0.048481
6.2708929E-07,0.047685
6.2713929E-07,0.046889
6.2718929E-07,0.046491
6.2723929E-07,0.045696
6.2728929E-07,0.045298
6.2733929E-07,0.044900
6.2738929E-07,0.044502
6.2743929E-07,0.044104
6.2748929E-07,0.044104
6.2753929E-07,0.043706
6.2758929E-07,0.043706
6.2763929E-07,0.043706
6.2768929E-07,0.043706
6.2773929E-07,0.043706
6.2778929E-07,0.043706
6.2783929E-07,0.043706
6.2788929E-07,0.044104
6.2793929E-07,0.044104
6.2798929E-07,0.044502
6.2803929E-07,0.044900
6.2808929E-07,0.045298
6.2813929E-07,0.045696
6.2818929E-07,0.046491
6.2823929E-07,0.047287
6.2828929E-07,0.048083
6.2833929E-07,0.049277
6.2838929E-07,0.050471
6.2843929E-07,0.052063
6.2848929E-07,0.053655
6.2853929E-07,0.055645
6.2858929E-07,0.057634
6.2863929E-07,0.059624
6.2868929E-07,0.062012
6.2873929E-07,0.064798
6.2878929E-07,0.067185
6.2883929E-07,0.069971
6.2888929E-07,0.072757
6.2893929E-07,0.075542
6.2898929E-07,0.078328
6.2903929E-07,0.081114
6.2908929E-07,0.083900
6.2913929E-07,0.086287
6.2918929E-07,0.088675
6.2923929E-07,0.090665
6.2928929E-07,0.092655
6.2933929E-07,0.093849
6.2938929E-07,0.095042
6.2943929E-07,0.095838
6.2948929E-07,0.096236
6.2953929E-07,0.095838
6.2958929E-07,0.095042
6.2963929E-07,0.093849
6.2968929E-07,0.092257
6.2973929E-07,0.089869
6.2978929E-07,0.087481
6.2983929E-07,0.084298
6.2988929E-07,0.080716
6.2993929E-07,0.076736
6.2998929E-07,0.072359
6.3003929E-07,0.067583
6.3008929E-07,0.062808
6.3013929E-07,0.058032
6.3018929E-07,0.053257
6.3023929E-07,0.048083
6.3028929E-07,0.043308
6.3033929E-07,0.038134
6.3038929E-07,0.033757
6.3043929E-07,0.029379
6.3048929E-07,0.025002
6.3053929E-07,0.021420
6.3058929E-07,0.017838
6.3063929E-07,0.014655
6.3068929E-07,0.011869
6.3073929E-07,0.009481
6.3078929E-07,0.007492
6.3083929E-07,0.005900
6.3088929E-07,0.004706
6.3093929E-07,0.003910
6.3098929E-07,0.003114
6.3103929E-07,0.003114
6.3108929E-07,0.002716
6.3113929E-07,0.003114
6.3118929E-07,0.003512
6.3123929E-07,0.004308
6.3128929E-07,0.005104
6.3133929E-07,0.005900
6.3138929E-07,0.007094
6.3143929E-07,0.008287
6.3148929E-07,0.009879
6.3153929E-07,0.011471
6.3158929E-07,0.013063
6.3163929E-07,0.014655
6.3168929E-07,0.016645
6.3173929E-07,0.018634
6.3178929E-07,0.020226
6.3183929E-07,0.022216
6.3188929E-07,0.024206
6.3193929E-07,0.026196
6.3198929E-07,0.027787
6.3203929E-07,0.029777
6.3208929E-07,0.031369
6.3213929E-07,0.032563
6.3218929E-07,0.033757
6.3223929E-07,0.034553
6.3228929E-07,0.035349
6.3233929E-07,0.035747
6.3238929E-07,0.036145
6.3243929E-07,0.036145
6.3248929E-07,0.035747
6.3253929E-07,0.034951
6.3258929E-07,0.034155
6.3263929E-07,0.032961
6.3268929E-07,0.031767
6.3273929E-07,0.030573
6.3278929E-07,0.028981
6.3283929E-07,0.027389
6.3288929E-07,0.025798
6.3293929E-07,0.024206
6.3298929E-07,0.022614
6.3303929E-07,0.021022
6.3308929E-07,0.019430
6.3313929E-07,0.017838
6.3318929E-07,0.016645
6.3323929E-07,0.015451
6.3328929E-07,0.014257
6.3333929E-07,0.013063
6.3338929E-07,0.012267
6.3343929E-07,0.011869
6.3348929E-07,0.011073
6.3353929E-07,0.010675
6.3358929E-07,0.010675
6.3363929E-07,0.010675
6.3368929E-07,0.010675
6.3373929E-07,0.011073
6.3378929E-07,0.011471
6.3383929E-07,0.011869
6.3388929E-07,0.012665
6.3393929E-07,0.013461
6.3398929E-07,0.014257
6.3403929E-07,0.015451
6.3408929E-07,0.016645
6.3413929E-07,0.017838
6.3418929E-07,0.019032
6.3423929E-07,0.020624
6.3428929E-07,0.021818
6.3433929E-07,0.023410
6.3438929E-07,0.024604
6.3443929E-07,0.025798
6.3448929E-07,0.026594
6.3453929E-07,0.027787
6.3458929E-07,0.028583
6.3463929E-07,0.028981
6.3468929E-07,0.029379
6.3473929E-07,0.029777
6.3478929E-07,0.029777
6.3483929E-07,0.029777
6.3488929E-07,0.029777
6.3493929E-07,0.029379
6.3498929E-07,0.028981
6.3503929E-07,0.028185
6.3508929E-07,0.027389
6.3513929E-07,0.026992
6.3518929E-07,0.026196
6.3523929E-07,0.025400
6.3528929E-07,0.024604
6.3533929E-07,0.023808
6.3538929E-07,0.023012
6.3543929E-07,0.022216
6.3548929E-07,0.021420
6.3553929E-07,0.021022
6.3558929E-07,0.020226
6.3563929E-07,0.019828
6.3568929E-07,0.019032
6.3573929E-07,0.018634
6.3578929E-07,0.018236
6.3583929E-07,0.017441
6.3588929E-07,0.017043
6.3593929E-07,0.016645
6.3598929E-07,0.015849
6.3603929E-07,0.015451
6.3608929E-07,0.014655
6.3613929E-07,0.014257
6.3618929E-07,0.013461
6.3623929E-07,0.012665
6.3628929E-07,0.011869
6.3633929E-07,0.010675
6.3638929E-07,0.009879
6.3643929E-07,0.008685
6.3648929E-07,0.007890
6.3653929E-07,0.006696
6.3658929E-07,0.005104
6.3663929E-07,0.003910
6.3668929E-07,0.002318
6.3673929E-07,0.000726
6.3678929E-07,-0.000866
6.3683929E-07,-0.002855
6.3688929E-07,-0.004845
6.3693929E-07,-0.006835
6.3698929E-07,-0.009223
6.3703929E-07,-0.011610
6.3708929E-07,-0.013998
6.3713929E-07,-0.016386
6.3718929E-07,-0.019172
6.3723929E-07,-0.021957
6.3728929E-07,-0.024345
6.3733929E-07,-0.027131
6.3738929E-07,-0.029917
6.3743929E-07,-0.032702
6.3748929E-07,-0.035090
6.3753929E-07,-0.037876
6.3758929E-07,-0.040263
6.3763929E-07,-0.042253
6.3768929E-07,-0.044243
6.3773929E-07,-0.046233
6.3778929E-07,-0.047427
6.3783929E-07,-0.048621
6.3788929E-07,-0.049416
6.3793929E-07,-0.049814
6.3798929E-07,-0.049416
6.3803929E-07,-0.049019
6.3808929E-07,-0.047825
6.3813929E-07,-0.046233
6.3818929E-07,-0.044243
6.3823929E-07,-0.041855
6.3828929E-07,-0.038672
6.3833929E-07,-0.035090
6.3838929E-07,-0.031110
6.3843929E-07,-0.027131
6.3848929E-07,-0.022355
6.3853929E-07,-0.017580
6.3858929E-07,-0.012804
6.3863929E-07,-0.008029
6.3868929E-07,-0.003253
6.3873929E-07,0.001522
6.3878929E-07,0.005900
6.3883929E-07,0.010277
6.3888929E-07,0.014257
6.3893929E-07,0.017838
6.3898929E-07,0.021022
6.3903929E-07,0.023808
6.3908929E-07,0.026196
6.3913929E-07,0.028185
6.3918929E-07,0.030175
6.3923929E-07,0.031369
6.3928929E-07,0.032961
6.3933929E-07,0.034155
6.3938929E-07,0.035349
6.3943929E-07,0.036543
6.3948929E-07,0.038134
6.3953929E-07,0.039726
6.3958929E-07,0.041318
6.3963929E-07,0.043706
6.3968929E-07,0.046094
6.3973929E-07,0.049277
6.3978929E-07,0.052461
6.3983929E-07,0.056043
6.3988929E-07,0.060022
6.3993929E-07,0.064400
6.3998929E-07,0.068379
6.4003929E-07,0.072757
6.4008929E-07,0.077532
6.4013929E-07,0.081512
6.4018929E-07,0.085889
6.4023929E-07,0.089471
6.4028929E-07,0.093053
6.4033929E-07,0.096236
6.4038929E-07,0.099022
6.4043929E-07,0.101012
6.4048929E-07,0.102604
6.4053929E-07,0.103400
6.4058929E-07,0.104195
6.4063929E-07,0.104195
6.4068929E-07,0.103400
6.4073929E-07,0.102604
6.4078929E-07,0.101012
6.4083929E-07,0.099420
6.4088929E-07,0.097430
6.4093929E-07,0.095042
6.4098929E-07,0.092655
6.4103929E-07,0.089869
6.4108929E-07,0.087481
6.4113929E-07,0.084696
6.4118929E-07,0.081910
6.4123929E-07,0.079124
6.4128929E-07,0.076736
6.4133929E-07,0.073951
6.4138929E-07,0.071563
6.4143929E-07,0.069175
6.4148929E-07,0.066787
6.4153929E-07,0.064798
6.4158929E-07,0.062808
6.4163929E-07,0.060818
6.4168929E-07,0.058828
6.4173929E-07,0.056838
6.4178929E-07,0.055247
6.4183929E-07,0.053257
6.4188929E-07,0.051665
6.4193929E-07,0.050073
6.4198929E-07,0.048481
6.4203929E-07,0.046491
6.4208929E-07,0.044900
6.4213929E-07,0.043308
6.4218929E-07,0.041716
6.4223929E-07,0.040124
6.4228929E-07,0.038134
6.4233929E-07,0.036543
6.4238929E-07,0.034951
6.4243929E-07,0.032961
6.4248929E-07,0.031369
6.4253929E-07,0.029379
6.4258929E-07,0.027787
6.4263929E-07,0.026196
6.4268929E-07,0.024604
6.4273929E-07,0.023012
6.4278929E-07,0.021420
6.4283929E-07,0.019828
6.4288929E-07,0.018634
6.4293929E-07,0.017441
6.4298929E-07,0.016247
6.4303929E-07,0.015053
6.4308929E-07,0.014655
6.4313929E-07,0.013859
6.4318929E-07,0.013461
6.4323929E-07,0.013063
6.4328929E-07,0.013063
6.4333929E-07,0.013461
6.4338929E-07,0.013859
6.4343929E-07,0.014257
6.4348929E-07,0.015053
6.4353929E-07,0.015849
6.4358929E-07,0.017043
6.4363929E-07,0.018236
6.4368929E-07,0.019430
6.4373929E-07,0.020624
6.4378929E-07,0.022216
6.4383929E-07,0.023808
6.4388929E-07,0.025002
6.4393929E-07,0.026594
6.4398929E-07,0.027787
6.4403929E-07,0.029379
6.4408929E-07,0.030175
6.4413929E-07,0.031369
6.4418929E-07,0.032165
6.4423929E-07,0.032563
6.4428929E-07,0.032961
6.4433929E-07,0.032961
6.4438929E-07,0.032563
6.4443929E-07,0.032165
6.4448929E-07,0.031369
6.4453929E-07,0.030175
6.4458929E-07,0.028981
6.4463929E-07,0.027389
6.4468929E-07,0.025400
6.4473929E-07,0.023410
6.4478929E-07,0.021420
6.4483929E-07,0.019032
6.4488929E-07,0.017043
6.4493929E-07,0.014655
6.4498929E-07,0.012665
6.4503929E-07,0.010675
6.4508929E-07,0.008685
6.4513929E-07,0.007094
6.4518929E-07,0.005502
6.4523929E-07,0.003910
6.4528929E-07,0.002716
6.4533929E-07,0.001920
6.4538929E-07,0.001124
6.4543929E-07,0.000726
6.4548929E-07,0.000328
6.4553929E-07,-0.000070
6.4558929E-07,-0.000070
6.4563929E-07,0.000328
6.4568929E-07,0.000328
6.4573929E-07,0.000726
6.4578929E-07,0.001124
6.4583929E-07,0.001522
6.4588929E-07,0.002318
6.4593929E-07,0.003114
6.4598929E-07,0.003910
6.4603929E-07,0.005104
6.4608929E-07,0.006298
6.4613929E-07,0.007890
6.4618929E-07,0.009481
6.4623929E-07,0.011869
6.4628929E-07,0.013859
6.4633929E-07,0.016645
6.4638929E-07,0.019430
6.4643929E-07,0.022614
6.4648929E-07,0.026196
6.4653929E-07,0.029777
6.4658929E-07,0.033359
6.4663929E-07,0.037338
6.4668929E-07,0.040920
6.4673929E-07,0.044900
6.4678929E-07,0.048879
6.4683929E-07,0.052461
6.4688929E-07,0.055645
6.4693929E-07,0.058430
6.4698929E-07,0.061216
6.4703929E-07,0.063206
6.4708929E-07,0.065196
6.4713929E-07,0.066389
6.4718929E-07,0.066787
6.4723929E-07,0.067185
6.4728929E-07,0.066787
6.4733929E-07,0.065991
6.4738929E-07,0.064400
6.4743929E-07,0.062808
6.4748929E-07,0.060818
6.4753929E-07,0.058430
6.4758929E-07,0.055645
6.4763929E-07,0.052461
6.4768929E-07,0.049277
6.4773929E-07,0.046094
6.4778929E-07,0.042512
6.4783929E-07,0.039328
6.4788929E-07,0.035747
6.4793929E-07,0.032165
6.4798929E-07,0.028583
6.4803929E-07,0.025400
6.4808929E-07,0.021818
6.4813929E-07,0.018634
6.4818929E-07,0.015451
6.4823929E-07,0.012665
6.4828929E-07,0.009879
6.4833929E-07,0.007492
6.4838929E-07,0.005502
6.4843929E-07,0.003910
6.4848929E-07,0.002318
6.4853929E-07,0.001522
6.4858929E-07,0.000726
6.4863929E-07,0.000726
6.4868929E-07,0.001522
6.4873929E-07,0.002318
6.4878929E-07,0.003910
6.4883929E-07,0.005900
6.4888929E-07,0.008287
6.4893929E-07,0.011073
6.4898929E-07,0.014257
6.4903929E-07,0.017838
6.4908929E-07,0.021420
6.4913929E-07,0.025002
6.4918929E-07,0.028583
6.4923929E-07,0.032165
6.4928929E-07,0.035349
6.4933929E-07,0.038134
6.4938929E-07,0.040522
6.4943929E-07,0.042512
6.4948929E-07,0.043706
6.4953929E-07,0.044502
6.4958929E-07,0.044104
6.4963929E-07,0.043706
6.4968929E-07,0.042114
6.4973929E-07,0.039726
6.4978929E-07,0.036940
6.4983929E-07,0.033359
6.4988929E-07,0.029379
6.4993929E-07,0.024604
6.4998929E-07,0.019430
6.5003929E-07,0.014257
6.5008929E-07,0.008287
6.5013929E-07,0.002318
6.5018929E-07,-0.003651
6.5023929E-07,-0.009621
6.5028929E-07,-0.015192
6.5033929E-07,-0.021161
6.5038929E-07,-0.026733
6.5043929E-07,-0.031508
6.5048929E-07,-0.036284
6.5053929E-07,-0.040661
6.5058929E-07,-0.044243
6.5063929E-07,-0.047427
6.5068929E-07,-0.049814
6.5073929E-07,-0.051804
6.5078929E-07,-0.052998
6.5083929E-07,-0.053396
6.5088929E-07,-0.052998
6.5093929E-07,-0.051804
6.5098929E-07,-0.049814
6.5103929E-07,-0.047427
6.5108929E-07,-0.044243
6.5113929E-07,-0.040263
6.5118929E-07,-0.035886
6.5123929E-07,-0.030712
6.5128929E-07,-0.025141
6.5133929E-07,-0.019172
6.5138929E-07,-0.012804
6.5143929E-07,-0.006039
6.5148929E-07,0.001124
6.5153929E-07,0.008287
6.5158929E-07,0.015451
6.5163929E-07,0.022614
6.5168929E-07,0.029777
6.5173929E-07,0.036940
6.5178929E-07,0.044104
6.5183929E-07,0.050471
6.5188929E-07,0.056838
6.5193929E-07,0.062808
6.5198929E-07,0.068379
6.5203929E-07,0.073553
6.5208929E-07,0.078328
6.5213929E-07,0.082308
6.5218929E-07,0.085889
6.5223929E-07,0.088675
6.5228929E-07,0.091063
6.5233929E-07,0.092655
6.5238929E-07,0.093849
6.5243929E-07,0.094247
6.5248929E-07,0.093849
6.5253929E-07,0.093053
6.5258929E-07,0.091859
6.5263929E-07,0.089869
6.5268929E-07,0.087481
6.5273929E-07,0.084696
6.5278929E-07,0.081114
6.5283929E-07,0.077532
6.5288929E-07,0.073553
6.5293929E-07,0.069573
6.5298929E-07,0.065196
6.5303929E-07,0.060818
6.5308929E-07,0.056043
6.5313929E-07,0.051665
6.5318929E-07,0.047287
6.5323929E-07,0.043308
6.5328929E-07,0.039328
6.5333929E-07,0.035747
6.5338929E-07,0.032165
6.5343929E-07,0.028981
6.5348929E-07,0.026196
6.5353929E-07,0.023808
6.5358929E-07,0.021818
6.5363929E-07,0.019828
6.5368929E-07,0.018236
6.5373929E-07,0.016645
6.5378929E-07,0.015451
6.5383929E-07,0.014655
6.5388929E-07,0.013859
6.5393929E-07,0.013063
6.5398929E-07,0.012267
6.5403929E-07,0.011471
6.5408929E-07,0.010675
6.5413929E-07,0.009879
6.5418929E-07,0.009083
6.5423929E-07,0.008685
6.5428929E-07,0.007890
6.5433929E-07,0.007094
6.5438929E-07,0.005900
