LECROYWaveRunner‘N,20113,Waveform
Segments,1,SegmentSize,4002
Segment,TrigTime,TimeSinceSegment1
#1,12-Dec-2018 11:34:32,0                 
Time,Ampl
4.5694292E-07,0.058136
4.5699292E-07,0.059693
4.5704292E-07,0.061562
4.5709292E-07,0.063431
4.5714292E-07,0.065300
4.5719292E-07,0.066857
4.5724292E-07,0.068103
4.5729292E-07,0.069349
4.5734292E-07,0.069660
4.5739292E-07,0.069972
4.5744292E-07,0.069349
4.5749292E-07,0.067791
4.5754292E-07,0.065923
4.5759292E-07,0.063120
4.5764292E-07,0.059693
4.5769292E-07,0.055644
4.5774292E-07,0.050972
4.5779292E-07,0.045678
4.5784292E-07,0.040071
4.5789292E-07,0.034465
4.5794292E-07,0.028547
4.5799292E-07,0.022941
4.5804292E-07,0.017334
4.5809292E-07,0.012351
4.5814292E-07,0.007679
4.5819292E-07,0.003630
4.5824292E-07,0.000204
4.5829292E-07,-0.002599
4.5834292E-07,-0.004468
4.5839292E-07,-0.006025
4.5844292E-07,-0.006960
4.5849292E-07,-0.006960
4.5854292E-07,-0.006960
4.5859292E-07,-0.006337
4.5864292E-07,-0.005714
4.5869292E-07,-0.004779
4.5874292E-07,-0.003845
4.5879292E-07,-0.003222
4.5884292E-07,-0.002599
4.5889292E-07,-0.001976
4.5894292E-07,-0.001976
4.5899292E-07,-0.001976
4.5904292E-07,-0.002599
4.5909292E-07,-0.003222
4.5914292E-07,-0.004156
4.5919292E-07,-0.005091
4.5924292E-07,-0.006337
4.5929292E-07,-0.007583
4.5934292E-07,-0.008828
4.5939292E-07,-0.009763
4.5944292E-07,-0.010697
4.5949292E-07,-0.011632
4.5954292E-07,-0.012255
4.5959292E-07,-0.012877
4.5964292E-07,-0.013500
4.5969292E-07,-0.013812
4.5974292E-07,-0.014435
4.5979292E-07,-0.014746
4.5984292E-07,-0.015369
4.5989292E-07,-0.016304
4.5994292E-07,-0.017238
4.5999292E-07,-0.018795
4.6004292E-07,-0.020664
4.6009292E-07,-0.022844
4.6014292E-07,-0.025336
4.6019292E-07,-0.028139
4.6024292E-07,-0.031565
4.6029292E-07,-0.034991
4.6034292E-07,-0.038729
4.6039292E-07,-0.042466
4.6044292E-07,-0.045893
4.6049292E-07,-0.049319
4.6054292E-07,-0.052745
4.6059292E-07,-0.055236
4.6064292E-07,-0.057417
4.6069292E-07,-0.058974
4.6074292E-07,-0.059908
4.6079292E-07,-0.059908
4.6084292E-07,-0.059285
4.6089292E-07,-0.058040
4.6094292E-07,-0.055859
4.6099292E-07,-0.053056
4.6104292E-07,-0.049942
4.6109292E-07,-0.046204
4.6114292E-07,-0.042155
4.6119292E-07,-0.037794
4.6124292E-07,-0.033434
4.6129292E-07,-0.029074
4.6134292E-07,-0.025024
4.6139292E-07,-0.020975
4.6144292E-07,-0.017549
4.6149292E-07,-0.014435
4.6154292E-07,-0.011943
4.6159292E-07,-0.009763
4.6164292E-07,-0.007894
4.6169292E-07,-0.006648
4.6174292E-07,-0.005714
4.6179292E-07,-0.005402
4.6184292E-07,-0.005091
4.6189292E-07,-0.004779
4.6194292E-07,-0.004779
4.6199292E-07,-0.004468
4.6204292E-07,-0.004468
4.6209292E-07,-0.004156
4.6214292E-07,-0.003534
4.6219292E-07,-0.002599
4.6224292E-07,-0.001665
4.6229292E-07,-0.000107
4.6234292E-07,0.001450
4.6239292E-07,0.003319
4.6244292E-07,0.005187
4.6249292E-07,0.007368
4.6254292E-07,0.009236
4.6259292E-07,0.011417
4.6264292E-07,0.013285
4.6269292E-07,0.015154
4.6274292E-07,0.016712
4.6279292E-07,0.017957
4.6284292E-07,0.018892
4.6289292E-07,0.019515
4.6294292E-07,0.019515
4.6299292E-07,0.019515
4.6304292E-07,0.019203
4.6309292E-07,0.018580
4.6314292E-07,0.017646
4.6319292E-07,0.016712
4.6324292E-07,0.015777
4.6329292E-07,0.014843
4.6334292E-07,0.014220
4.6339292E-07,0.013597
4.6344292E-07,0.013285
4.6349292E-07,0.013285
4.6354292E-07,0.013597
4.6359292E-07,0.014220
4.6364292E-07,0.015154
4.6369292E-07,0.016400
4.6374292E-07,0.017957
4.6379292E-07,0.019826
4.6384292E-07,0.021695
4.6389292E-07,0.023875
4.6394292E-07,0.025744
4.6399292E-07,0.027924
4.6404292E-07,0.029482
4.6409292E-07,0.031039
4.6414292E-07,0.031973
4.6419292E-07,0.032596
4.6424292E-07,0.032908
4.6429292E-07,0.032596
4.6434292E-07,0.031662
4.6439292E-07,0.030416
4.6444292E-07,0.028859
4.6449292E-07,0.026678
4.6454292E-07,0.024187
4.6459292E-07,0.021695
4.6464292E-07,0.018892
4.6469292E-07,0.016400
4.6474292E-07,0.013597
4.6479292E-07,0.011105
4.6484292E-07,0.008614
4.6489292E-07,0.006433
4.6494292E-07,0.004564
4.6499292E-07,0.003007
4.6504292E-07,0.001761
4.6509292E-07,0.000827
4.6514292E-07,0.000204
4.6519292E-07,-0.000419
4.6524292E-07,-0.000730
4.6529292E-07,-0.001353
4.6534292E-07,-0.001665
4.6539292E-07,-0.002288
4.6544292E-07,-0.002911
4.6549292E-07,-0.003845
4.6554292E-07,-0.005091
4.6559292E-07,-0.006648
4.6564292E-07,-0.008517
4.6569292E-07,-0.010386
4.6574292E-07,-0.012877
4.6579292E-07,-0.015369
4.6584292E-07,-0.017861
4.6589292E-07,-0.020353
4.6594292E-07,-0.023156
4.6599292E-07,-0.025336
4.6604292E-07,-0.027516
4.6609292E-07,-0.029385
4.6614292E-07,-0.030942
4.6619292E-07,-0.032188
4.6624292E-07,-0.032811
4.6629292E-07,-0.033123
4.6634292E-07,-0.033123
4.6639292E-07,-0.032500
4.6644292E-07,-0.031877
4.6649292E-07,-0.030631
4.6654292E-07,-0.029385
4.6659292E-07,-0.028139
4.6664292E-07,-0.026582
4.6669292E-07,-0.025336
4.6674292E-07,-0.024090
4.6679292E-07,-0.023156
4.6684292E-07,-0.022221
4.6689292E-07,-0.021598
4.6694292E-07,-0.020975
4.6699292E-07,-0.020664
4.6704292E-07,-0.020664
4.6709292E-07,-0.020353
4.6714292E-07,-0.020041
4.6719292E-07,-0.019730
4.6724292E-07,-0.019107
4.6729292E-07,-0.018172
4.6734292E-07,-0.016926
4.6739292E-07,-0.015058
4.6744292E-07,-0.012877
4.6749292E-07,-0.009763
4.6754292E-07,-0.006337
4.6759292E-07,-0.002599
4.6764292E-07,0.001761
4.6769292E-07,0.006745
4.6774292E-07,0.011728
4.6779292E-07,0.017023
4.6784292E-07,0.022629
4.6789292E-07,0.027924
4.6794292E-07,0.032908
4.6799292E-07,0.037891
4.6804292E-07,0.042252
4.6809292E-07,0.046301
4.6814292E-07,0.049727
4.6819292E-07,0.052530
4.6824292E-07,0.054710
4.6829292E-07,0.056267
4.6834292E-07,0.057202
4.6839292E-07,0.057825
4.6844292E-07,0.057513
4.6849292E-07,0.056890
4.6854292E-07,0.055956
4.6859292E-07,0.055021
4.6864292E-07,0.053776
4.6869292E-07,0.052218
4.6874292E-07,0.050972
4.6879292E-07,0.049727
4.6884292E-07,0.048481
4.6889292E-07,0.047546
4.6894292E-07,0.046923
4.6899292E-07,0.046612
4.6904292E-07,0.046301
4.6909292E-07,0.045989
4.6914292E-07,0.045989
4.6919292E-07,0.046301
4.6924292E-07,0.046301
4.6929292E-07,0.046612
4.6934292E-07,0.046923
4.6939292E-07,0.046923
4.6944292E-07,0.047235
4.6949292E-07,0.047235
4.6954292E-07,0.046923
4.6959292E-07,0.046923
4.6964292E-07,0.046612
4.6969292E-07,0.046301
4.6974292E-07,0.046301
4.6979292E-07,0.045989
4.6984292E-07,0.045989
4.6989292E-07,0.045989
4.6994292E-07,0.046301
4.6999292E-07,0.046612
4.7004292E-07,0.047235
4.7009292E-07,0.047858
4.7014292E-07,0.048792
4.7019292E-07,0.050038
4.7024292E-07,0.051595
4.7029292E-07,0.053153
4.7034292E-07,0.054710
4.7039292E-07,0.056267
4.7044292E-07,0.057825
4.7049292E-07,0.059071
4.7054292E-07,0.060628
4.7059292E-07,0.061562
4.7064292E-07,0.062185
4.7069292E-07,0.062808
4.7074292E-07,0.062808
4.7079292E-07,0.062497
4.7084292E-07,0.061874
4.7089292E-07,0.060628
4.7094292E-07,0.059071
4.7099292E-07,0.057202
4.7104292E-07,0.055021
4.7109292E-07,0.052218
4.7114292E-07,0.049727
4.7119292E-07,0.046923
4.7124292E-07,0.043809
4.7129292E-07,0.041006
4.7134292E-07,0.037891
4.7139292E-07,0.035399
4.7144292E-07,0.032596
4.7149292E-07,0.030104
4.7154292E-07,0.028236
4.7159292E-07,0.026055
4.7164292E-07,0.024498
4.7169292E-07,0.023252
4.7174292E-07,0.022006
4.7179292E-07,0.021072
4.7184292E-07,0.020138
4.7189292E-07,0.019203
4.7194292E-07,0.018580
4.7199292E-07,0.017646
4.7204292E-07,0.016712
4.7209292E-07,0.015466
4.7214292E-07,0.014220
4.7219292E-07,0.012663
4.7224292E-07,0.010482
4.7229292E-07,0.008302
4.7234292E-07,0.005810
4.7239292E-07,0.002696
4.7244292E-07,-0.000419
4.7249292E-07,-0.003845
4.7254292E-07,-0.007271
4.7259292E-07,-0.011009
4.7264292E-07,-0.014746
4.7269292E-07,-0.018484
4.7274292E-07,-0.022221
4.7279292E-07,-0.025647
4.7284292E-07,-0.028762
4.7289292E-07,-0.031877
4.7294292E-07,-0.034368
4.7299292E-07,-0.036549
4.7304292E-07,-0.038417
4.7309292E-07,-0.039975
4.7314292E-07,-0.041221
4.7319292E-07,-0.041843
4.7324292E-07,-0.042466
4.7329292E-07,-0.042466
4.7334292E-07,-0.042466
4.7339292E-07,-0.042155
4.7344292E-07,-0.041532
4.7349292E-07,-0.040909
4.7354292E-07,-0.040286
4.7359292E-07,-0.039352
4.7364292E-07,-0.038417
4.7369292E-07,-0.037172
4.7374292E-07,-0.035614
4.7379292E-07,-0.034368
4.7384292E-07,-0.032500
4.7389292E-07,-0.030319
4.7394292E-07,-0.028139
4.7399292E-07,-0.025647
4.7404292E-07,-0.022844
4.7409292E-07,-0.019418
4.7414292E-07,-0.015992
4.7419292E-07,-0.012255
4.7424292E-07,-0.008205
4.7429292E-07,-0.003845
4.7434292E-07,0.000515
4.7439292E-07,0.005187
4.7444292E-07,0.009548
4.7449292E-07,0.013908
4.7454292E-07,0.017957
4.7459292E-07,0.021695
4.7464292E-07,0.025121
4.7469292E-07,0.028236
4.7474292E-07,0.030727
4.7479292E-07,0.032908
4.7484292E-07,0.034465
4.7489292E-07,0.035711
4.7494292E-07,0.036334
4.7499292E-07,0.036645
4.7504292E-07,0.036957
4.7509292E-07,0.036645
4.7514292E-07,0.036645
4.7519292E-07,0.036645
4.7524292E-07,0.036645
4.7529292E-07,0.036957
4.7534292E-07,0.037580
4.7539292E-07,0.038514
4.7544292E-07,0.040071
4.7549292E-07,0.041940
4.7554292E-07,0.044432
4.7559292E-07,0.047235
4.7564292E-07,0.050661
4.7569292E-07,0.054087
4.7574292E-07,0.058136
4.7579292E-07,0.061874
4.7584292E-07,0.065923
4.7589292E-07,0.069660
4.7594292E-07,0.073086
4.7599292E-07,0.076512
4.7604292E-07,0.079004
4.7609292E-07,0.081184
4.7614292E-07,0.082742
4.7619292E-07,0.083676
4.7624292E-07,0.083676
4.7629292E-07,0.083053
4.7634292E-07,0.081807
4.7639292E-07,0.079939
4.7644292E-07,0.077135
4.7649292E-07,0.074332
4.7654292E-07,0.070595
4.7659292E-07,0.066857
4.7664292E-07,0.062808
4.7669292E-07,0.058448
4.7674292E-07,0.054087
4.7679292E-07,0.049727
4.7684292E-07,0.045366
4.7689292E-07,0.041006
4.7694292E-07,0.036957
4.7699292E-07,0.032908
4.7704292E-07,0.029170
4.7709292E-07,0.025433
4.7714292E-07,0.022006
4.7719292E-07,0.018892
4.7724292E-07,0.015777
4.7729292E-07,0.012974
4.7734292E-07,0.010171
4.7739292E-07,0.007679
4.7744292E-07,0.005187
4.7749292E-07,0.003007
4.7754292E-07,0.000827
4.7759292E-07,-0.001042
4.7764292E-07,-0.002599
4.7769292E-07,-0.004156
4.7774292E-07,-0.005091
4.7779292E-07,-0.006025
4.7784292E-07,-0.006648
4.7789292E-07,-0.006648
4.7794292E-07,-0.006337
4.7799292E-07,-0.006025
4.7804292E-07,-0.004779
4.7809292E-07,-0.003534
4.7814292E-07,-0.001976
4.7819292E-07,-0.000107
4.7824292E-07,0.002384
4.7829292E-07,0.004564
4.7834292E-07,0.007056
4.7839292E-07,0.009859
4.7844292E-07,0.012351
4.7849292E-07,0.015154
4.7854292E-07,0.017646
4.7859292E-07,0.019826
4.7864292E-07,0.022006
4.7869292E-07,0.023875
4.7874292E-07,0.025433
4.7879292E-07,0.026990
4.7884292E-07,0.027924
4.7889292E-07,0.028547
4.7894292E-07,0.028859
4.7899292E-07,0.029170
4.7904292E-07,0.029170
4.7909292E-07,0.028859
4.7914292E-07,0.028547
4.7919292E-07,0.027924
4.7924292E-07,0.027613
4.7929292E-07,0.026990
4.7934292E-07,0.026678
4.7939292E-07,0.026367
4.7944292E-07,0.026055
4.7949292E-07,0.025744
4.7954292E-07,0.025744
4.7959292E-07,0.025744
4.7964292E-07,0.026055
4.7969292E-07,0.026367
4.7974292E-07,0.026678
4.7979292E-07,0.027301
4.7984292E-07,0.027613
4.7989292E-07,0.028236
4.7994292E-07,0.028547
4.7999292E-07,0.028859
4.8004292E-07,0.029170
4.8009292E-07,0.029170
4.8014292E-07,0.029170
4.8019292E-07,0.028859
4.8024292E-07,0.028547
4.8029292E-07,0.027924
4.8034292E-07,0.027301
4.8039292E-07,0.026678
4.8044292E-07,0.025744
4.8049292E-07,0.024810
4.8054292E-07,0.024187
4.8059292E-07,0.023252
4.8064292E-07,0.022318
4.8069292E-07,0.021695
4.8074292E-07,0.021072
4.8079292E-07,0.020761
4.8084292E-07,0.020449
4.8089292E-07,0.020138
4.8094292E-07,0.019826
4.8099292E-07,0.019826
4.8104292E-07,0.019826
4.8109292E-07,0.020138
4.8114292E-07,0.020138
4.8119292E-07,0.020138
4.8124292E-07,0.020138
4.8129292E-07,0.020138
4.8134292E-07,0.020138
4.8139292E-07,0.020138
4.8144292E-07,0.019826
4.8149292E-07,0.019826
4.8154292E-07,0.019826
4.8159292E-07,0.019515
4.8164292E-07,0.019826
4.8169292E-07,0.020138
4.8174292E-07,0.020761
4.8179292E-07,0.021695
4.8184292E-07,0.022941
4.8189292E-07,0.024810
4.8194292E-07,0.026990
4.8199292E-07,0.030104
4.8204292E-07,0.033531
4.8209292E-07,0.037580
4.8214292E-07,0.042252
4.8219292E-07,0.047235
4.8224292E-07,0.052841
4.8229292E-07,0.058759
4.8234292E-07,0.064988
4.8239292E-07,0.071218
4.8244292E-07,0.077447
4.8249292E-07,0.083365
4.8254292E-07,0.089282
4.8259292E-07,0.094577
4.8264292E-07,0.099561
4.8269292E-07,0.103610
4.8274292E-07,0.107036
4.8279292E-07,0.109839
4.8284292E-07,0.112019
4.8289292E-07,0.112954
4.8294292E-07,0.113577
4.8299292E-07,0.113265
4.8304292E-07,0.112331
4.8309292E-07,0.110773
4.8314292E-07,0.108593
4.8319292E-07,0.106101
4.8324292E-07,0.103298
4.8329292E-07,0.100184
4.8334292E-07,0.096758
4.8339292E-07,0.093331
4.8344292E-07,0.089905
4.8349292E-07,0.086479
4.8354292E-07,0.083053
4.8359292E-07,0.079627
4.8364292E-07,0.076201
4.8369292E-07,0.072775
4.8374292E-07,0.069349
4.8379292E-07,0.065923
4.8384292E-07,0.062497
4.8389292E-07,0.058759
4.8394292E-07,0.054710
4.8399292E-07,0.050661
4.8404292E-07,0.046612
4.8409292E-07,0.042252
4.8414292E-07,0.037891
4.8419292E-07,0.033219
4.8424292E-07,0.028547
4.8429292E-07,0.024187
4.8434292E-07,0.019515
4.8439292E-07,0.015466
4.8444292E-07,0.011417
4.8449292E-07,0.007679
4.8454292E-07,0.004564
4.8459292E-07,0.001761
4.8464292E-07,-0.000419
4.8469292E-07,-0.002288
4.8474292E-07,-0.003222
4.8479292E-07,-0.003845
4.8484292E-07,-0.004156
4.8489292E-07,-0.003845
4.8494292E-07,-0.002911
4.8499292E-07,-0.001976
4.8504292E-07,-0.000730
4.8509292E-07,0.000827
4.8514292E-07,0.002384
4.8519292E-07,0.004253
4.8524292E-07,0.005810
4.8529292E-07,0.007056
4.8534292E-07,0.008614
4.8539292E-07,0.009548
4.8544292E-07,0.010794
4.8549292E-07,0.011417
4.8554292E-07,0.012040
4.8559292E-07,0.012351
4.8564292E-07,0.012974
4.8569292E-07,0.013285
4.8574292E-07,0.013597
4.8579292E-07,0.013908
4.8584292E-07,0.014220
4.8589292E-07,0.014843
4.8594292E-07,0.015466
4.8599292E-07,0.016400
4.8604292E-07,0.017334
4.8609292E-07,0.018269
4.8614292E-07,0.019515
4.8619292E-07,0.020761
4.8624292E-07,0.022318
4.8629292E-07,0.023564
4.8634292E-07,0.024810
4.8639292E-07,0.026055
4.8644292E-07,0.026990
4.8649292E-07,0.027613
4.8654292E-07,0.027924
4.8659292E-07,0.027924
4.8664292E-07,0.027613
4.8669292E-07,0.026990
4.8674292E-07,0.026055
4.8679292E-07,0.024810
4.8684292E-07,0.023252
4.8689292E-07,0.021695
4.8694292E-07,0.019826
4.8699292E-07,0.017957
4.8704292E-07,0.016089
4.8709292E-07,0.014531
4.8714292E-07,0.012974
4.8719292E-07,0.011728
4.8724292E-07,0.010794
4.8729292E-07,0.010482
4.8734292E-07,0.010482
4.8739292E-07,0.011105
4.8744292E-07,0.012351
4.8749292E-07,0.013908
4.8754292E-07,0.016400
4.8759292E-07,0.018892
4.8764292E-07,0.022318
4.8769292E-07,0.026055
4.8774292E-07,0.029793
4.8779292E-07,0.034153
4.8784292E-07,0.038825
4.8789292E-07,0.043186
4.8794292E-07,0.047858
4.8799292E-07,0.052530
4.8804292E-07,0.056890
4.8809292E-07,0.061251
4.8814292E-07,0.064988
4.8819292E-07,0.068726
4.8824292E-07,0.072152
4.8829292E-07,0.074955
4.8834292E-07,0.077447
4.8839292E-07,0.079316
4.8844292E-07,0.080873
4.8849292E-07,0.082119
4.8854292E-07,0.083053
4.8859292E-07,0.083676
4.8864292E-07,0.083676
4.8869292E-07,0.083676
4.8874292E-07,0.083053
4.8879292E-07,0.082430
4.8884292E-07,0.081496
4.8889292E-07,0.080561
4.8894292E-07,0.079316
4.8899292E-07,0.077758
4.8904292E-07,0.076201
4.8909292E-07,0.074332
4.8914292E-07,0.072463
4.8919292E-07,0.070283
4.8924292E-07,0.067791
4.8929292E-07,0.065300
4.8934292E-07,0.062497
4.8939292E-07,0.059693
4.8944292E-07,0.056579
4.8949292E-07,0.053464
4.8954292E-07,0.050350
4.8959292E-07,0.047235
4.8964292E-07,0.044432
4.8969292E-07,0.041629
4.8974292E-07,0.038825
4.8979292E-07,0.036645
4.8984292E-07,0.035088
4.8989292E-07,0.033842
4.8994292E-07,0.033219
4.8999292E-07,0.033219
4.9004292E-07,0.033842
4.9009292E-07,0.035399
4.9014292E-07,0.037268
4.9019292E-07,0.040071
4.9024292E-07,0.043497
4.9029292E-07,0.047235
4.9034292E-07,0.051595
4.9039292E-07,0.055956
4.9044292E-07,0.060939
4.9049292E-07,0.065611
4.9054292E-07,0.070595
4.9059292E-07,0.074955
4.9064292E-07,0.079316
4.9069292E-07,0.083053
4.9074292E-07,0.086479
4.9079292E-07,0.089282
4.9084292E-07,0.091463
4.9089292E-07,0.092708
4.9094292E-07,0.093643
4.9099292E-07,0.093643
4.9104292E-07,0.093331
4.9109292E-07,0.092397
4.9114292E-07,0.090840
4.9119292E-07,0.088971
4.9124292E-07,0.087102
4.9129292E-07,0.084610
4.9134292E-07,0.082430
4.9139292E-07,0.079939
4.9144292E-07,0.077447
4.9149292E-07,0.075267
4.9154292E-07,0.073086
4.9159292E-07,0.071218
4.9164292E-07,0.069349
4.9169292E-07,0.067791
4.9174292E-07,0.066546
4.9179292E-07,0.065300
4.9184292E-07,0.064365
4.9189292E-07,0.063431
4.9194292E-07,0.062808
4.9199292E-07,0.062185
4.9204292E-07,0.061874
4.9209292E-07,0.061562
4.9214292E-07,0.061562
4.9219292E-07,0.061562
4.9224292E-07,0.062185
4.9229292E-07,0.062497
4.9234292E-07,0.063431
4.9239292E-07,0.064677
4.9244292E-07,0.066234
4.9249292E-07,0.068414
4.9254292E-07,0.070595
4.9259292E-07,0.073709
4.9264292E-07,0.076824
4.9269292E-07,0.080561
4.9274292E-07,0.084610
4.9279292E-07,0.088971
4.9284292E-07,0.093331
4.9289292E-07,0.098315
4.9294292E-07,0.103298
4.9299292E-07,0.108282
4.9304292E-07,0.113265
4.9309292E-07,0.117937
4.9314292E-07,0.122609
4.9319292E-07,0.127281
4.9324292E-07,0.131330
4.9329292E-07,0.135379
4.9334292E-07,0.139116
4.9339292E-07,0.142543
4.9344292E-07,0.145657
4.9349292E-07,0.148772
4.9354292E-07,0.151575
4.9359292E-07,0.154378
4.9364292E-07,0.157493
4.9369292E-07,0.160296
4.9374292E-07,0.163411
4.9379292E-07,0.166837
4.9384292E-07,0.170574
4.9389292E-07,0.174935
4.9394292E-07,0.179607
4.9399292E-07,0.184590
4.9404292E-07,0.190508
4.9409292E-07,0.196737
4.9414292E-07,0.203278
4.9419292E-07,0.210753
4.9424292E-07,0.218540
4.9429292E-07,0.226949
4.9434292E-07,0.235670
4.9439292E-07,0.245014
4.9444292E-07,0.254669
4.9449292E-07,0.264636
4.9454292E-07,0.275226
4.9459292E-07,0.285816
4.9464292E-07,0.296717
4.9469292E-07,0.308241
4.9474292E-07,0.319765
4.9479292E-07,0.331912
4.9484292E-07,0.344059
4.9489292E-07,0.356518
4.9494292E-07,0.369288
4.9499292E-07,0.382680
4.9504292E-07,0.396073
4.9509292E-07,0.409778
4.9514292E-07,0.424105
4.9519292E-07,0.438432
4.9524292E-07,0.453383
4.9529292E-07,0.468333
4.9534292E-07,0.483906
4.9539292E-07,0.499479
4.9544292E-07,0.515364
4.9549292E-07,0.531248
4.9554292E-07,0.547444
4.9559292E-07,0.563640
4.9564292E-07,0.579837
4.9569292E-07,0.596033
4.9574292E-07,0.612229
4.9579292E-07,0.628425
4.9584292E-07,0.644621
4.9589292E-07,0.660505
4.9594292E-07,0.676079
4.9599292E-07,0.691652
4.9604292E-07,0.706913
4.9609292E-07,0.722175
4.9614292E-07,0.736814
4.9619292E-07,0.751453
4.9624292E-07,0.765780
4.9629292E-07,0.779484
4.9634292E-07,0.793189
4.9639292E-07,0.806582
4.9644292E-07,0.819663
4.9649292E-07,0.832433
4.9654292E-07,0.844891
4.9659292E-07,0.857039
4.9664292E-07,0.868563
4.9669292E-07,0.880087
4.9674292E-07,0.890988
4.9679292E-07,0.901889
4.9684292E-07,0.911856
4.9689292E-07,0.921823
4.9694292E-07,0.931167
4.9699292E-07,0.939888
4.9704292E-07,0.948297
4.9709292E-07,0.956084
4.9714292E-07,0.963247
4.9719292E-07,0.969788
4.9724292E-07,0.975706
4.9729292E-07,0.981001
4.9734292E-07,0.985361
4.9739292E-07,0.989410
4.9744292E-07,0.992836
4.9749292E-07,0.995328
4.9754292E-07,0.997508
4.9759292E-07,0.998754
4.9764292E-07,0.999689
4.9769292E-07,1.000000
4.9774292E-07,1.000000
4.9779292E-07,0.999377
4.9784292E-07,0.998443
4.9789292E-07,0.997197
4.9794292E-07,0.995951
4.9799292E-07,0.994082
4.9804292E-07,0.992213
4.9809292E-07,0.990033
4.9814292E-07,0.987541
4.9819292E-07,0.985050
4.9824292E-07,0.982558
4.9829292E-07,0.979755
4.9834292E-07,0.976640
4.9839292E-07,0.973526
4.9844292E-07,0.970100
4.9849292E-07,0.966362
4.9854292E-07,0.962002
4.9859292E-07,0.957641
4.9864292E-07,0.952658
4.9869292E-07,0.947363
4.9874292E-07,0.941756
4.9879292E-07,0.935527
4.9884292E-07,0.928986
4.9889292E-07,0.922134
4.9894292E-07,0.915282
4.9899292E-07,0.907807
4.9904292E-07,0.900643
4.9909292E-07,0.893168
4.9914292E-07,0.885693
4.9919292E-07,0.878218
4.9924292E-07,0.871054
4.9929292E-07,0.864202
4.9934292E-07,0.857661
4.9939292E-07,0.851432
4.9944292E-07,0.845514
4.9949292E-07,0.840220
4.9954292E-07,0.835236
4.9959292E-07,0.830876
4.9964292E-07,0.826515
4.9969292E-07,0.822778
4.9974292E-07,0.819352
4.9979292E-07,0.815925
4.9984292E-07,0.812811
4.9989292E-07,0.810008
4.9994292E-07,0.806893
4.9999292E-07,0.804090
5.0004292E-07,0.801287
5.0009292E-07,0.798483
5.0014292E-07,0.795369
5.0019292E-07,0.792566
5.0024292E-07,0.789451
5.0029292E-07,0.786648
5.0034292E-07,0.783845
5.0039292E-07,0.781042
5.0044292E-07,0.778238
5.0049292E-07,0.775435
5.0054292E-07,0.772944
5.0059292E-07,0.770452
5.0064292E-07,0.767960
5.0069292E-07,0.765780
5.0074292E-07,0.763288
5.0079292E-07,0.761108
5.0084292E-07,0.758616
5.0089292E-07,0.756125
5.0094292E-07,0.753321
5.0099292E-07,0.750207
5.0104292E-07,0.746469
5.0109292E-07,0.742420
5.0114292E-07,0.738060
5.0119292E-07,0.732765
5.0124292E-07,0.727158
5.0129292E-07,0.720618
5.0134292E-07,0.713454
5.0139292E-07,0.705668
5.0144292E-07,0.697569
5.0149292E-07,0.688537
5.0154292E-07,0.679193
5.0159292E-07,0.669226
5.0164292E-07,0.659260
5.0169292E-07,0.648670
5.0174292E-07,0.638080
5.0179292E-07,0.627490
5.0184292E-07,0.616901
5.0189292E-07,0.606622
5.0194292E-07,0.596033
5.0199292E-07,0.586066
5.0204292E-07,0.576099
5.0209292E-07,0.566755
5.0214292E-07,0.557411
5.0219292E-07,0.548690
5.0224292E-07,0.539969
5.0229292E-07,0.531871
5.0234292E-07,0.524085
5.0239292E-07,0.516921
5.0244292E-07,0.510069
5.0249292E-07,0.503528
5.0254292E-07,0.497299
5.0259292E-07,0.491693
5.0264292E-07,0.486398
5.0269292E-07,0.481414
5.0274292E-07,0.477054
5.0279292E-07,0.473005
5.0284292E-07,0.469267
5.0289292E-07,0.466153
5.0294292E-07,0.463661
5.0299292E-07,0.461169
5.0304292E-07,0.459300
5.0309292E-07,0.457432
5.0314292E-07,0.456186
5.0319292E-07,0.454940
5.0324292E-07,0.453694
5.0329292E-07,0.452760
5.0334292E-07,0.451825
5.0339292E-07,0.450579
5.0344292E-07,0.449334
5.0349292E-07,0.447776
5.0354292E-07,0.445907
5.0359292E-07,0.444039
5.0364292E-07,0.441236
5.0369292E-07,0.438432
5.0374292E-07,0.435006
5.0379292E-07,0.430957
5.0384292E-07,0.426597
5.0389292E-07,0.421925
5.0394292E-07,0.416630
5.0399292E-07,0.411024
5.0404292E-07,0.405106
5.0409292E-07,0.398877
5.0414292E-07,0.392647
5.0419292E-07,0.385795
5.0424292E-07,0.379254
5.0429292E-07,0.372402
5.0434292E-07,0.365861
5.0439292E-07,0.359009
5.0444292E-07,0.352469
5.0449292E-07,0.346239
5.0454292E-07,0.340010
5.0459292E-07,0.334092
5.0464292E-07,0.328797
5.0469292E-07,0.323503
5.0474292E-07,0.318831
5.0479292E-07,0.314159
5.0484292E-07,0.310421
5.0489292E-07,0.306684
5.0494292E-07,0.303569
5.0499292E-07,0.300766
5.0504292E-07,0.298274
5.0509292E-07,0.296094
5.0514292E-07,0.294536
5.0519292E-07,0.293291
5.0524292E-07,0.292045
5.0529292E-07,0.291422
5.0534292E-07,0.290799
5.0539292E-07,0.290176
5.0544292E-07,0.290176
5.0549292E-07,0.289865
5.0554292E-07,0.289865
5.0559292E-07,0.289865
5.0564292E-07,0.290176
5.0569292E-07,0.290176
5.0574292E-07,0.290487
5.0579292E-07,0.290799
5.0584292E-07,0.291422
5.0589292E-07,0.291733
5.0594292E-07,0.292356
5.0599292E-07,0.292979
5.0604292E-07,0.293602
5.0609292E-07,0.294225
5.0614292E-07,0.294848
5.0619292E-07,0.295782
5.0624292E-07,0.296717
5.0629292E-07,0.297651
5.0634292E-07,0.298585
5.0639292E-07,0.299208
5.0644292E-07,0.300143
5.0649292E-07,0.300454
5.0654292E-07,0.301077
5.0659292E-07,0.301389
5.0664292E-07,0.301389
5.0669292E-07,0.301077
5.0674292E-07,0.300766
5.0679292E-07,0.300143
5.0684292E-07,0.299208
5.0689292E-07,0.298274
5.0694292E-07,0.297028
5.0699292E-07,0.295471
5.0704292E-07,0.294225
5.0709292E-07,0.292668
5.0714292E-07,0.291110
5.0719292E-07,0.289553
5.0724292E-07,0.288307
5.0729292E-07,0.287061
5.0734292E-07,0.285816
5.0739292E-07,0.284881
5.0744292E-07,0.283947
5.0749292E-07,0.283012
5.0754292E-07,0.282389
5.0759292E-07,0.281455
5.0764292E-07,0.280521
5.0769292E-07,0.279586
5.0774292E-07,0.278340
5.0779292E-07,0.277095
5.0784292E-07,0.275537
5.0789292E-07,0.273357
5.0794292E-07,0.271177
5.0799292E-07,0.268374
5.0804292E-07,0.265570
5.0809292E-07,0.262144
5.0814292E-07,0.258718
5.0819292E-07,0.254981
5.0824292E-07,0.250932
5.0829292E-07,0.247194
5.0834292E-07,0.243457
5.0839292E-07,0.239719
5.0844292E-07,0.236293
5.0849292E-07,0.233178
5.0854292E-07,0.230375
5.0859292E-07,0.227883
5.0864292E-07,0.226015
5.0869292E-07,0.224457
5.0874292E-07,0.223523
5.0879292E-07,0.222900
5.0884292E-07,0.222589
5.0889292E-07,0.222277
5.0894292E-07,0.222589
5.0899292E-07,0.222900
5.0904292E-07,0.223211
5.0909292E-07,0.223523
5.0914292E-07,0.223834
5.0919292E-07,0.223834
5.0924292E-07,0.223523
5.0929292E-07,0.223211
5.0934292E-07,0.222589
5.0939292E-07,0.221654
5.0944292E-07,0.220720
5.0949292E-07,0.219474
5.0954292E-07,0.218228
5.0959292E-07,0.216982
5.0964292E-07,0.215425
5.0969292E-07,0.214491
5.0974292E-07,0.213245
5.0979292E-07,0.212622
5.0984292E-07,0.212310
5.0989292E-07,0.211999
5.0994292E-07,0.212310
5.0999292E-07,0.212622
5.1004292E-07,0.213556
5.1009292E-07,0.214802
5.1014292E-07,0.216359
5.1019292E-07,0.218228
5.1024292E-07,0.220097
5.1029292E-07,0.222277
5.1034292E-07,0.224457
5.1039292E-07,0.226638
5.1044292E-07,0.228818
5.1049292E-07,0.230998
5.1054292E-07,0.233178
5.1059292E-07,0.235047
5.1064292E-07,0.236916
5.1069292E-07,0.238785
5.1074292E-07,0.240342
5.1079292E-07,0.241899
5.1084292E-07,0.243145
5.1089292E-07,0.244391
5.1094292E-07,0.245637
5.1099292E-07,0.246571
5.1104292E-07,0.247506
5.1109292E-07,0.248128
5.1114292E-07,0.248751
5.1119292E-07,0.249374
5.1124292E-07,0.249686
5.1129292E-07,0.249997
5.1134292E-07,0.249686
5.1139292E-07,0.249374
5.1144292E-07,0.249063
5.1149292E-07,0.248128
5.1154292E-07,0.246883
5.1159292E-07,0.245325
5.1164292E-07,0.243145
5.1169292E-07,0.240965
5.1174292E-07,0.238473
5.1179292E-07,0.235359
5.1184292E-07,0.232244
5.1189292E-07,0.228818
5.1194292E-07,0.225080
5.1199292E-07,0.221343
5.1204292E-07,0.217605
5.1209292E-07,0.213868
5.1214292E-07,0.210130
5.1219292E-07,0.207015
5.1224292E-07,0.203901
5.1229292E-07,0.201098
5.1234292E-07,0.198606
5.1239292E-07,0.197049
5.1244292E-07,0.195803
5.1249292E-07,0.194868
5.1254292E-07,0.194868
5.1259292E-07,0.195491
5.1264292E-07,0.196737
5.1269292E-07,0.198294
5.1274292E-07,0.200786
5.1279292E-07,0.203589
5.1284292E-07,0.207015
5.1289292E-07,0.210753
5.1294292E-07,0.214802
5.1299292E-07,0.219162
5.1304292E-07,0.223834
5.1309292E-07,0.228506
5.1314292E-07,0.233178
5.1319292E-07,0.237850
5.1324292E-07,0.242211
5.1329292E-07,0.246571
5.1334292E-07,0.250309
5.1339292E-07,0.253735
5.1344292E-07,0.256849
5.1349292E-07,0.259341
5.1354292E-07,0.261521
5.1359292E-07,0.262767
5.1364292E-07,0.263702
5.1369292E-07,0.264325
5.1374292E-07,0.264013
5.1379292E-07,0.263390
5.1384292E-07,0.262144
5.1389292E-07,0.260276
5.1394292E-07,0.258095
5.1399292E-07,0.255604
5.1404292E-07,0.252489
5.1409292E-07,0.249063
5.1414292E-07,0.245325
5.1419292E-07,0.241276
5.1424292E-07,0.236916
5.1429292E-07,0.232244
5.1434292E-07,0.227260
5.1439292E-07,0.222277
5.1444292E-07,0.216982
5.1449292E-07,0.211687
5.1454292E-07,0.206081
5.1459292E-07,0.200475
5.1464292E-07,0.194868
5.1469292E-07,0.189573
5.1474292E-07,0.183967
5.1479292E-07,0.178672
5.1484292E-07,0.173377
5.1489292E-07,0.168705
5.1494292E-07,0.164034
5.1499292E-07,0.159984
5.1504292E-07,0.156558
5.1509292E-07,0.153444
5.1514292E-07,0.150641
5.1519292E-07,0.148772
5.1524292E-07,0.147215
5.1529292E-07,0.146280
5.1534292E-07,0.145657
5.1539292E-07,0.145657
5.1544292E-07,0.145969
5.1549292E-07,0.146280
5.1554292E-07,0.146903
5.1559292E-07,0.147837
5.1564292E-07,0.148149
5.1569292E-07,0.148772
5.1574292E-07,0.148772
5.1579292E-07,0.148460
5.1584292E-07,0.147526
5.1589292E-07,0.146280
5.1594292E-07,0.144100
5.1599292E-07,0.141608
5.1604292E-07,0.138182
5.1609292E-07,0.134445
5.1614292E-07,0.130396
5.1619292E-07,0.125724
5.1624292E-07,0.120740
5.1629292E-07,0.115445
5.1634292E-07,0.110462
5.1639292E-07,0.105478
5.1644292E-07,0.100807
5.1649292E-07,0.096446
5.1654292E-07,0.092708
5.1659292E-07,0.089282
5.1664292E-07,0.086791
5.1669292E-07,0.084922
5.1674292E-07,0.083676
5.1679292E-07,0.083053
5.1684292E-07,0.083053
5.1689292E-07,0.083988
5.1694292E-07,0.085233
5.1699292E-07,0.087102
5.1704292E-07,0.089594
5.1709292E-07,0.092086
5.1714292E-07,0.094889
5.1719292E-07,0.098003
5.1724292E-07,0.101118
5.1729292E-07,0.104544
5.1734292E-07,0.107659
5.1739292E-07,0.111085
5.1744292E-07,0.114199
5.1749292E-07,0.117626
5.1754292E-07,0.120740
5.1759292E-07,0.124166
5.1764292E-07,0.127281
5.1769292E-07,0.130396
5.1774292E-07,0.133822
5.1779292E-07,0.137248
5.1784292E-07,0.140674
5.1789292E-07,0.144100
5.1794292E-07,0.147526
5.1799292E-07,0.150641
5.1804292E-07,0.154067
5.1809292E-07,0.157181
5.1814292E-07,0.159984
5.1819292E-07,0.162788
5.1824292E-07,0.164968
5.1829292E-07,0.166837
5.1834292E-07,0.168394
5.1839292E-07,0.169328
5.1844292E-07,0.169640
5.1849292E-07,0.169328
5.1854292E-07,0.168705
5.1859292E-07,0.167460
5.1864292E-07,0.165591
5.1869292E-07,0.163099
5.1874292E-07,0.160296
5.1879292E-07,0.157181
5.1884292E-07,0.153755
5.1889292E-07,0.150018
5.1894292E-07,0.146280
5.1899292E-07,0.142543
5.1904292E-07,0.138494
5.1909292E-07,0.134756
5.1914292E-07,0.131330
5.1919292E-07,0.127904
5.1924292E-07,0.124789
5.1929292E-07,0.121986
5.1934292E-07,0.119494
5.1939292E-07,0.117003
5.1944292E-07,0.114822
5.1949292E-07,0.112954
5.1954292E-07,0.111085
5.1959292E-07,0.109527
5.1964292E-07,0.107659
5.1969292E-07,0.106101
5.1974292E-07,0.104544
5.1979292E-07,0.102987
5.1984292E-07,0.101118
5.1989292E-07,0.099249
5.1994292E-07,0.097069
5.1999292E-07,0.094889
5.2004292E-07,0.092708
5.2009292E-07,0.090217
5.2014292E-07,0.087414
5.2019292E-07,0.084610
5.2024292E-07,0.081807
5.2029292E-07,0.078693
5.2034292E-07,0.075578
5.2039292E-07,0.072775
5.2044292E-07,0.069660
5.2049292E-07,0.066546
5.2054292E-07,0.063431
5.2059292E-07,0.060628
5.2064292E-07,0.057825
5.2069292E-07,0.055021
5.2074292E-07,0.052218
5.2079292E-07,0.049727
5.2084292E-07,0.047546
5.2089292E-07,0.045366
5.2094292E-07,0.043186
5.2099292E-07,0.041317
5.2104292E-07,0.039760
5.2109292E-07,0.038202
5.2114292E-07,0.036645
5.2119292E-07,0.035399
5.2124292E-07,0.034465
5.2129292E-07,0.033842
5.2134292E-07,0.033219
5.2139292E-07,0.032908
5.2144292E-07,0.032596
5.2149292E-07,0.032596
5.2154292E-07,0.033219
5.2159292E-07,0.033531
5.2164292E-07,0.034465
5.2169292E-07,0.035399
5.2174292E-07,0.036957
5.2179292E-07,0.038202
5.2184292E-07,0.040071
5.2189292E-07,0.041940
5.2194292E-07,0.044120
5.2199292E-07,0.046301
5.2204292E-07,0.048481
5.2209292E-07,0.050972
5.2214292E-07,0.053464
5.2219292E-07,0.055644
5.2224292E-07,0.058136
5.2229292E-07,0.060316
5.2234292E-07,0.062497
5.2239292E-07,0.064365
5.2244292E-07,0.066234
5.2249292E-07,0.067791
5.2254292E-07,0.069037
5.2259292E-07,0.070283
5.2264292E-07,0.071218
5.2269292E-07,0.071840
5.2274292E-07,0.072463
5.2279292E-07,0.073086
5.2284292E-07,0.073398
5.2289292E-07,0.073709
5.2294292E-07,0.074021
5.2299292E-07,0.074644
5.2304292E-07,0.075267
5.2309292E-07,0.076201
5.2314292E-07,0.077447
5.2319292E-07,0.079004
5.2324292E-07,0.081184
5.2329292E-07,0.083365
5.2334292E-07,0.086168
5.2339292E-07,0.088971
5.2344292E-07,0.092397
5.2349292E-07,0.095823
5.2354292E-07,0.099872
5.2359292E-07,0.103610
5.2364292E-07,0.107347
5.2369292E-07,0.111396
5.2374292E-07,0.114822
5.2379292E-07,0.117937
5.2384292E-07,0.121052
5.2389292E-07,0.123232
5.2394292E-07,0.125101
5.2399292E-07,0.126346
5.2404292E-07,0.126969
5.2409292E-07,0.126658
5.2414292E-07,0.126035
5.2419292E-07,0.124478
5.2424292E-07,0.122609
5.2429292E-07,0.120117
5.2434292E-07,0.117314
5.2439292E-07,0.113888
5.2444292E-07,0.110150
5.2449292E-07,0.106413
5.2454292E-07,0.102364
5.2459292E-07,0.098315
5.2464292E-07,0.094266
5.2469292E-07,0.090217
5.2474292E-07,0.086479
5.2479292E-07,0.082742
5.2484292E-07,0.079316
5.2489292E-07,0.075889
5.2494292E-07,0.072463
5.2499292E-07,0.069349
5.2504292E-07,0.066546
5.2509292E-07,0.063742
5.2514292E-07,0.060939
5.2519292E-07,0.058448
5.2524292E-07,0.055956
5.2529292E-07,0.053776
5.2534292E-07,0.051595
5.2539292E-07,0.049727
5.2544292E-07,0.048169
5.2549292E-07,0.046923
5.2554292E-07,0.045989
5.2559292E-07,0.045055
5.2564292E-07,0.045055
5.2569292E-07,0.045055
5.2574292E-07,0.045678
5.2579292E-07,0.046923
5.2584292E-07,0.048481
5.2589292E-07,0.050350
5.2594292E-07,0.052841
5.2599292E-07,0.055644
5.2604292E-07,0.058448
5.2609292E-07,0.061874
5.2614292E-07,0.065300
5.2619292E-07,0.068726
5.2624292E-07,0.071840
5.2629292E-07,0.075267
5.2634292E-07,0.078070
5.2639292E-07,0.080873
5.2644292E-07,0.083365
5.2649292E-07,0.085233
5.2654292E-07,0.086791
5.2659292E-07,0.087725
5.2664292E-07,0.088348
5.2669292E-07,0.088348
5.2674292E-07,0.088037
5.2679292E-07,0.087414
5.2684292E-07,0.086168
5.2689292E-07,0.084610
5.2694292E-07,0.083053
5.2699292E-07,0.081184
5.2704292E-07,0.079004
5.2709292E-07,0.076824
5.2714292E-07,0.074644
5.2719292E-07,0.072463
5.2724292E-07,0.070283
5.2729292E-07,0.068103
5.2734292E-07,0.065923
5.2739292E-07,0.063742
5.2744292E-07,0.061562
5.2749292E-07,0.059693
5.2754292E-07,0.057513
5.2759292E-07,0.055333
5.2764292E-07,0.053464
5.2769292E-07,0.051284
5.2774292E-07,0.049415
5.2779292E-07,0.047235
5.2784292E-07,0.045055
5.2789292E-07,0.043186
5.2794292E-07,0.041006
5.2799292E-07,0.038825
5.2804292E-07,0.036645
5.2809292E-07,0.034465
5.2814292E-07,0.032596
5.2819292E-07,0.030416
5.2824292E-07,0.028547
5.2829292E-07,0.026678
5.2834292E-07,0.025121
5.2839292E-07,0.023564
5.2844292E-07,0.022318
5.2849292E-07,0.021072
5.2854292E-07,0.020138
5.2859292E-07,0.019203
5.2864292E-07,0.018580
5.2869292E-07,0.017957
5.2874292E-07,0.017646
5.2879292E-07,0.017646
5.2884292E-07,0.017957
5.2889292E-07,0.018269
5.2894292E-07,0.018580
5.2899292E-07,0.019203
5.2904292E-07,0.020138
5.2909292E-07,0.021072
5.2914292E-07,0.022006
5.2919292E-07,0.023252
5.2924292E-07,0.024498
5.2929292E-07,0.026055
5.2934292E-07,0.027301
5.2939292E-07,0.028859
5.2944292E-07,0.030104
5.2949292E-07,0.031350
5.2954292E-07,0.032285
5.2959292E-07,0.033531
5.2964292E-07,0.034153
5.2969292E-07,0.034776
5.2974292E-07,0.035399
5.2979292E-07,0.035711
5.2984292E-07,0.035711
5.2989292E-07,0.035399
5.2994292E-07,0.034776
5.2999292E-07,0.034153
5.3004292E-07,0.033531
5.3009292E-07,0.032285
5.3014292E-07,0.031350
5.3019292E-07,0.029793
5.3024292E-07,0.028547
5.3029292E-07,0.026990
5.3034292E-07,0.025744
5.3039292E-07,0.024187
5.3044292E-07,0.022941
5.3049292E-07,0.021695
5.3054292E-07,0.020449
5.3059292E-07,0.019515
5.3064292E-07,0.018580
5.3069292E-07,0.017646
5.3074292E-07,0.017334
5.3079292E-07,0.017023
5.3084292E-07,0.017023
5.3089292E-07,0.017334
5.3094292E-07,0.017957
5.3099292E-07,0.018892
5.3104292E-07,0.020138
5.3109292E-07,0.022006
5.3114292E-07,0.023875
5.3119292E-07,0.026055
5.3124292E-07,0.028859
5.3129292E-07,0.031662
5.3134292E-07,0.034776
5.3139292E-07,0.038514
5.3144292E-07,0.041940
5.3149292E-07,0.045989
5.3154292E-07,0.050038
5.3159292E-07,0.054087
5.3164292E-07,0.057825
5.3169292E-07,0.061874
5.3174292E-07,0.065611
5.3179292E-07,0.069349
5.3184292E-07,0.072463
5.3189292E-07,0.075578
5.3194292E-07,0.078381
5.3199292E-07,0.080561
5.3204292E-07,0.082742
5.3209292E-07,0.084299
5.3214292E-07,0.085233
5.3219292E-07,0.086168
5.3224292E-07,0.086479
5.3229292E-07,0.086791
5.3234292E-07,0.086791
5.3239292E-07,0.086168
5.3244292E-07,0.085856
5.3249292E-07,0.085233
5.3254292E-07,0.084610
5.3259292E-07,0.083676
5.3264292E-07,0.083053
5.3269292E-07,0.082119
5.3274292E-07,0.081496
5.3279292E-07,0.080873
5.3284292E-07,0.080250
5.3289292E-07,0.079316
5.3294292E-07,0.078693
5.3299292E-07,0.078070
5.3304292E-07,0.077447
5.3309292E-07,0.076824
5.3314292E-07,0.076201
5.3319292E-07,0.075578
5.3324292E-07,0.074644
5.3329292E-07,0.074021
5.3334292E-07,0.073398
5.3339292E-07,0.072463
5.3344292E-07,0.071840
5.3349292E-07,0.071529
5.3354292E-07,0.071218
5.3359292E-07,0.070906
5.3364292E-07,0.070906
5.3369292E-07,0.070906
5.3374292E-07,0.071218
5.3379292E-07,0.071840
5.3384292E-07,0.072463
5.3389292E-07,0.073398
5.3394292E-07,0.074644
5.3399292E-07,0.075889
5.3404292E-07,0.077135
5.3409292E-07,0.078381
5.3414292E-07,0.079627
5.3419292E-07,0.080873
5.3424292E-07,0.081807
5.3429292E-07,0.082742
5.3434292E-07,0.083365
5.3439292E-07,0.083676
5.3444292E-07,0.083988
5.3449292E-07,0.083988
5.3454292E-07,0.083676
5.3459292E-07,0.083053
5.3464292E-07,0.082430
5.3469292E-07,0.081807
5.3474292E-07,0.081184
5.3479292E-07,0.080561
5.3484292E-07,0.079939
5.3489292E-07,0.079627
5.3494292E-07,0.079316
5.3499292E-07,0.079627
5.3504292E-07,0.079939
5.3509292E-07,0.080561
5.3514292E-07,0.081807
5.3519292E-07,0.083053
5.3524292E-07,0.084922
5.3529292E-07,0.086791
5.3534292E-07,0.088659
5.3539292E-07,0.091151
5.3544292E-07,0.093331
5.3549292E-07,0.095823
5.3554292E-07,0.098003
5.3559292E-07,0.100184
5.3564292E-07,0.102052
5.3569292E-07,0.103921
5.3574292E-07,0.105478
5.3579292E-07,0.107036
5.3584292E-07,0.107970
5.3589292E-07,0.108905
5.3594292E-07,0.109839
5.3599292E-07,0.110462
5.3604292E-07,0.110773
5.3609292E-07,0.111085
5.3614292E-07,0.111396
5.3619292E-07,0.111708
5.3624292E-07,0.111708
5.3629292E-07,0.112019
5.3634292E-07,0.112331
5.3639292E-07,0.112331
5.3644292E-07,0.112642
5.3649292E-07,0.112642
5.3654292E-07,0.112642
5.3659292E-07,0.112642
5.3664292E-07,0.112642
5.3669292E-07,0.112331
5.3674292E-07,0.111708
5.3679292E-07,0.111085
5.3684292E-07,0.109839
5.3689292E-07,0.108593
5.3694292E-07,0.107036
5.3699292E-07,0.105478
5.3704292E-07,0.103298
5.3709292E-07,0.101118
5.3714292E-07,0.098626
5.3719292E-07,0.096135
5.3724292E-07,0.093331
5.3729292E-07,0.090840
5.3734292E-07,0.088037
5.3739292E-07,0.085545
5.3744292E-07,0.083365
5.3749292E-07,0.081184
5.3754292E-07,0.079316
5.3759292E-07,0.077758
5.3764292E-07,0.076512
5.3769292E-07,0.075578
5.3774292E-07,0.075267
5.3779292E-07,0.074955
5.3784292E-07,0.075267
5.3789292E-07,0.075889
5.3794292E-07,0.076824
5.3799292E-07,0.077758
5.3804292E-07,0.079004
5.3809292E-07,0.080561
5.3814292E-07,0.082119
5.3819292E-07,0.083988
5.3824292E-07,0.085545
5.3829292E-07,0.087102
5.3834292E-07,0.088659
5.3839292E-07,0.089905
5.3844292E-07,0.091151
5.3849292E-07,0.091774
5.3854292E-07,0.092397
5.3859292E-07,0.092708
5.3864292E-07,0.092708
5.3869292E-07,0.092397
5.3874292E-07,0.091774
5.3879292E-07,0.091151
5.3884292E-07,0.089905
5.3889292E-07,0.088971
5.3894292E-07,0.087414
5.3899292E-07,0.086168
5.3904292E-07,0.084610
5.3909292E-07,0.083365
5.3914292E-07,0.082119
5.3919292E-07,0.080873
5.3924292E-07,0.079939
5.3929292E-07,0.079316
5.3934292E-07,0.079004
5.3939292E-07,0.078693
5.3944292E-07,0.078693
5.3949292E-07,0.079004
5.3954292E-07,0.079316
5.3959292E-07,0.079939
5.3964292E-07,0.080561
5.3969292E-07,0.081496
5.3974292E-07,0.082119
5.3979292E-07,0.083053
5.3984292E-07,0.083676
5.3989292E-07,0.084299
5.3994292E-07,0.084922
5.3999292E-07,0.085233
5.4004292E-07,0.085233
5.4009292E-07,0.085233
5.4014292E-07,0.085233
5.4019292E-07,0.084922
5.4024292E-07,0.084299
5.4029292E-07,0.083988
5.4034292E-07,0.083365
5.4039292E-07,0.083053
5.4044292E-07,0.082430
5.4049292E-07,0.082119
5.4054292E-07,0.082119
5.4059292E-07,0.082119
5.4064292E-07,0.082119
5.4069292E-07,0.082430
5.4074292E-07,0.082742
5.4079292E-07,0.083365
5.4084292E-07,0.083988
5.4089292E-07,0.084610
5.4094292E-07,0.085233
5.4099292E-07,0.085856
5.4104292E-07,0.086168
5.4109292E-07,0.086168
5.4114292E-07,0.086168
5.4119292E-07,0.085856
5.4124292E-07,0.084922
5.4129292E-07,0.083988
5.4134292E-07,0.082430
5.4139292E-07,0.080561
5.4144292E-07,0.078381
5.4149292E-07,0.075889
5.4154292E-07,0.073398
5.4159292E-07,0.070283
5.4164292E-07,0.067169
5.4169292E-07,0.064054
5.4174292E-07,0.060628
5.4179292E-07,0.057202
5.4184292E-07,0.054087
5.4189292E-07,0.050661
5.4194292E-07,0.047546
5.4199292E-07,0.044432
5.4204292E-07,0.041629
5.4209292E-07,0.038825
5.4214292E-07,0.036334
5.4219292E-07,0.033842
5.4224292E-07,0.031662
5.4229292E-07,0.029482
5.4234292E-07,0.027613
5.4239292E-07,0.025744
5.4244292E-07,0.024187
5.4249292E-07,0.022941
5.4254292E-07,0.021695
5.4259292E-07,0.021072
5.4264292E-07,0.020449
5.4269292E-07,0.020138
5.4274292E-07,0.020449
5.4279292E-07,0.021072
5.4284292E-07,0.022318
5.4289292E-07,0.023875
5.4294292E-07,0.025744
5.4299292E-07,0.028547
5.4304292E-07,0.031350
5.4309292E-07,0.034776
5.4314292E-07,0.038825
5.4319292E-07,0.042874
5.4324292E-07,0.047546
5.4329292E-07,0.052218
5.4334292E-07,0.057202
5.4339292E-07,0.061874
5.4344292E-07,0.066857
5.4349292E-07,0.071529
5.4354292E-07,0.075889
5.4359292E-07,0.079627
5.4364292E-07,0.083365
5.4369292E-07,0.086479
5.4374292E-07,0.088659
5.4379292E-07,0.090528
5.4384292E-07,0.091774
5.4389292E-07,0.092397
5.4394292E-07,0.092086
5.4399292E-07,0.091151
5.4404292E-07,0.089905
5.4409292E-07,0.087725
5.4414292E-07,0.085233
5.4419292E-07,0.082119
5.4424292E-07,0.078381
5.4429292E-07,0.074644
5.4434292E-07,0.070283
5.4439292E-07,0.065923
5.4444292E-07,0.061251
5.4449292E-07,0.056267
5.4454292E-07,0.051284
5.4459292E-07,0.046301
5.4464292E-07,0.041317
5.4469292E-07,0.036334
5.4474292E-07,0.031350
5.4479292E-07,0.026678
5.4484292E-07,0.022006
5.4489292E-07,0.017646
5.4494292E-07,0.013285
5.4499292E-07,0.009236
5.4504292E-07,0.005499
5.4509292E-07,0.001761
5.4514292E-07,-0.001665
5.4519292E-07,-0.004468
5.4524292E-07,-0.007271
5.4529292E-07,-0.009763
5.4534292E-07,-0.011632
5.4539292E-07,-0.013500
5.4544292E-07,-0.014746
5.4549292E-07,-0.015681
5.4554292E-07,-0.016304
5.4559292E-07,-0.016615
5.4564292E-07,-0.016304
5.4569292E-07,-0.015992
5.4574292E-07,-0.015058
5.4579292E-07,-0.013812
5.4584292E-07,-0.012255
5.4589292E-07,-0.010697
5.4594292E-07,-0.008517
5.4599292E-07,-0.006025
5.4604292E-07,-0.003534
5.4609292E-07,-0.001042
5.4614292E-07,0.002073
5.4619292E-07,0.004876
5.4624292E-07,0.007991
5.4629292E-07,0.011105
5.4634292E-07,0.013908
5.4639292E-07,0.017023
5.4644292E-07,0.019826
5.4649292E-07,0.022318
5.4654292E-07,0.024810
5.4659292E-07,0.026990
5.4664292E-07,0.028859
5.4669292E-07,0.030727
5.4674292E-07,0.031973
5.4679292E-07,0.033219
5.4684292E-07,0.034153
5.4689292E-07,0.035088
5.4694292E-07,0.035711
5.4699292E-07,0.036334
5.4704292E-07,0.036645
5.4709292E-07,0.036957
5.4714292E-07,0.037268
5.4719292E-07,0.037580
5.4724292E-07,0.038202
5.4729292E-07,0.038514
5.4734292E-07,0.039448
5.4739292E-07,0.040071
5.4744292E-07,0.041006
5.4749292E-07,0.041940
5.4754292E-07,0.043186
5.4759292E-07,0.044432
5.4764292E-07,0.045678
5.4769292E-07,0.046612
5.4774292E-07,0.047858
5.4779292E-07,0.048481
5.4784292E-07,0.049415
5.4789292E-07,0.049727
5.4794292E-07,0.049727
5.4799292E-07,0.049727
5.4804292E-07,0.049104
5.4809292E-07,0.048169
5.4814292E-07,0.047235
5.4819292E-07,0.045678
5.4824292E-07,0.043809
5.4829292E-07,0.041629
5.4834292E-07,0.039448
5.4839292E-07,0.036957
5.4844292E-07,0.034153
5.4849292E-07,0.031662
5.4854292E-07,0.028859
5.4859292E-07,0.026055
5.4864292E-07,0.023252
5.4869292E-07,0.020761
5.4874292E-07,0.018269
5.4879292E-07,0.015777
5.4884292E-07,0.013285
5.4889292E-07,0.010794
5.4894292E-07,0.008614
5.4899292E-07,0.006122
5.4904292E-07,0.003942
5.4909292E-07,0.001450
5.4914292E-07,-0.001042
5.4919292E-07,-0.003534
5.4924292E-07,-0.006025
5.4929292E-07,-0.008828
5.4934292E-07,-0.011320
5.4939292E-07,-0.014123
5.4944292E-07,-0.017238
5.4949292E-07,-0.020041
5.4954292E-07,-0.022844
5.4959292E-07,-0.025647
5.4964292E-07,-0.028451
5.4969292E-07,-0.030942
5.4974292E-07,-0.033123
5.4979292E-07,-0.035303
5.4984292E-07,-0.037483
5.4989292E-07,-0.039040
5.4994292E-07,-0.040598
5.4999292E-07,-0.041532
5.5004292E-07,-0.042466
5.5009292E-07,-0.043089
5.5014292E-07,-0.043401
5.5019292E-07,-0.043401
5.5024292E-07,-0.043089
5.5029292E-07,-0.042778
5.5034292E-07,-0.042155
5.5039292E-07,-0.041221
5.5044292E-07,-0.040286
5.5049292E-07,-0.039352
5.5054292E-07,-0.037794
5.5059292E-07,-0.036549
5.5064292E-07,-0.034991
5.5069292E-07,-0.033123
5.5074292E-07,-0.031254
5.5079292E-07,-0.029385
5.5084292E-07,-0.027205
5.5089292E-07,-0.025024
5.5094292E-07,-0.022844
5.5099292E-07,-0.020353
5.5104292E-07,-0.017861
5.5109292E-07,-0.015681
5.5114292E-07,-0.013189
5.5119292E-07,-0.011009
5.5124292E-07,-0.008828
5.5129292E-07,-0.006648
5.5134292E-07,-0.004779
5.5139292E-07,-0.003222
5.5144292E-07,-0.001976
5.5149292E-07,-0.000730
5.5154292E-07,0.000204
5.5159292E-07,0.000827
5.5164292E-07,0.001138
5.5169292E-07,0.001138
5.5174292E-07,0.001138
5.5179292E-07,0.000827
5.5184292E-07,0.000515
5.5189292E-07,0.000204
5.5194292E-07,-0.000419
5.5199292E-07,-0.000730
5.5204292E-07,-0.001042
5.5209292E-07,-0.001353
5.5214292E-07,-0.001353
5.5219292E-07,-0.001353
5.5224292E-07,-0.001042
5.5229292E-07,-0.000730
5.5234292E-07,-0.000107
5.5239292E-07,0.000515
5.5244292E-07,0.001450
5.5249292E-07,0.002384
5.5254292E-07,0.003630
5.5259292E-07,0.004876
5.5264292E-07,0.005810
5.5269292E-07,0.007056
5.5274292E-07,0.008302
5.5279292E-07,0.009236
5.5284292E-07,0.010171
5.5289292E-07,0.011105
5.5294292E-07,0.012040
5.5299292E-07,0.012974
5.5304292E-07,0.013597
5.5309292E-07,0.014220
5.5314292E-07,0.014843
5.5319292E-07,0.015466
5.5324292E-07,0.016089
5.5329292E-07,0.016712
5.5334292E-07,0.017646
5.5339292E-07,0.018269
5.5344292E-07,0.019203
5.5349292E-07,0.020138
5.5354292E-07,0.021383
5.5359292E-07,0.022629
5.5364292E-07,0.023875
5.5369292E-07,0.025433
5.5374292E-07,0.026990
5.5379292E-07,0.028859
5.5384292E-07,0.031039
5.5389292E-07,0.033219
5.5394292E-07,0.035399
5.5399292E-07,0.037891
5.5404292E-07,0.040383
5.5409292E-07,0.043186
5.5414292E-07,0.045989
5.5419292E-07,0.048792
5.5424292E-07,0.051595
5.5429292E-07,0.054710
5.5434292E-07,0.057202
5.5439292E-07,0.060005
5.5444292E-07,0.062497
5.5449292E-07,0.064988
5.5454292E-07,0.067169
5.5459292E-07,0.068726
5.5464292E-07,0.070283
5.5469292E-07,0.071529
5.5474292E-07,0.072152
5.5479292E-07,0.072463
5.5484292E-07,0.072463
5.5489292E-07,0.072152
5.5494292E-07,0.071529
5.5499292E-07,0.070595
5.5504292E-07,0.069349
5.5509292E-07,0.067791
5.5514292E-07,0.066234
5.5519292E-07,0.064677
5.5524292E-07,0.063120
5.5529292E-07,0.061874
5.5534292E-07,0.060628
5.5539292E-07,0.059693
5.5544292E-07,0.058759
5.5549292E-07,0.058448
5.5554292E-07,0.058448
5.5559292E-07,0.058759
5.5564292E-07,0.059382
5.5569292E-07,0.060316
5.5574292E-07,0.061562
5.5579292E-07,0.063120
5.5584292E-07,0.064677
5.5589292E-07,0.066546
5.5594292E-07,0.068414
5.5599292E-07,0.070595
5.5604292E-07,0.072463
5.5609292E-07,0.074332
5.5614292E-07,0.076201
5.5619292E-07,0.077758
5.5624292E-07,0.079316
5.5629292E-07,0.080873
5.5634292E-07,0.082119
5.5639292E-07,0.083053
5.5644292E-07,0.083988
5.5649292E-07,0.084610
5.5654292E-07,0.085233
5.5659292E-07,0.085545
5.5664292E-07,0.086168
5.5669292E-07,0.086168
5.5674292E-07,0.086479
5.5679292E-07,0.086479
5.5684292E-07,0.086479
5.5689292E-07,0.086168
5.5694292E-07,0.085856
5.5699292E-07,0.085545
5.5704292E-07,0.084922
5.5709292E-07,0.083988
5.5714292E-07,0.083053
5.5719292E-07,0.081807
5.5724292E-07,0.080250
5.5729292E-07,0.078693
5.5734292E-07,0.076512
5.5739292E-07,0.074332
5.5744292E-07,0.072152
5.5749292E-07,0.069660
5.5754292E-07,0.066857
5.5759292E-07,0.064054
5.5764292E-07,0.060939
5.5769292E-07,0.057825
5.5774292E-07,0.054710
5.5779292E-07,0.051595
5.5784292E-07,0.048481
5.5789292E-07,0.045366
5.5794292E-07,0.042252
5.5799292E-07,0.039448
5.5804292E-07,0.036334
5.5809292E-07,0.033531
5.5814292E-07,0.030416
5.5819292E-07,0.027613
5.5824292E-07,0.025121
5.5829292E-07,0.022318
5.5834292E-07,0.019515
5.5839292E-07,0.017023
5.5844292E-07,0.014531
5.5849292E-07,0.012040
5.5854292E-07,0.009859
5.5859292E-07,0.007679
5.5864292E-07,0.005810
5.5869292E-07,0.004253
5.5874292E-07,0.002696
5.5879292E-07,0.001450
5.5884292E-07,0.000204
5.5889292E-07,-0.000419
5.5894292E-07,-0.000730
5.5899292E-07,-0.000730
5.5904292E-07,-0.000419
5.5909292E-07,0.000204
5.5914292E-07,0.000827
5.5919292E-07,0.002073
5.5924292E-07,0.003319
5.5929292E-07,0.004876
5.5934292E-07,0.006433
5.5939292E-07,0.008302
5.5944292E-07,0.010171
5.5949292E-07,0.012040
5.5954292E-07,0.014220
5.5959292E-07,0.016089
5.5964292E-07,0.017957
5.5969292E-07,0.019826
5.5974292E-07,0.021695
5.5979292E-07,0.023564
5.5984292E-07,0.025433
5.5989292E-07,0.027301
5.5994292E-07,0.029482
5.5999292E-07,0.031350
5.6004292E-07,0.033531
5.6009292E-07,0.035711
5.6014292E-07,0.038202
5.6019292E-07,0.040694
5.6024292E-07,0.043497
5.6029292E-07,0.046301
5.6034292E-07,0.049415
5.6039292E-07,0.052530
5.6044292E-07,0.055644
5.6049292E-07,0.059071
5.6054292E-07,0.062497
5.6059292E-07,0.065611
5.6064292E-07,0.069037
5.6069292E-07,0.072152
5.6074292E-07,0.075267
5.6079292E-07,0.078070
5.6084292E-07,0.080873
5.6089292E-07,0.083365
5.6094292E-07,0.085545
5.6099292E-07,0.087414
5.6104292E-07,0.088971
5.6109292E-07,0.090217
5.6114292E-07,0.091463
5.6119292E-07,0.092086
5.6124292E-07,0.092397
5.6129292E-07,0.092397
5.6134292E-07,0.092397
5.6139292E-07,0.091774
5.6144292E-07,0.090840
5.6149292E-07,0.089594
5.6154292E-07,0.088037
5.6159292E-07,0.086479
5.6164292E-07,0.084299
5.6169292E-07,0.082119
5.6174292E-07,0.079316
5.6179292E-07,0.076512
5.6184292E-07,0.073398
5.6189292E-07,0.069972
5.6194292E-07,0.066546
5.6199292E-07,0.062808
5.6204292E-07,0.059071
5.6209292E-07,0.055021
5.6214292E-07,0.051284
5.6219292E-07,0.047235
5.6224292E-07,0.043186
5.6229292E-07,0.039137
5.6234292E-07,0.035399
5.6239292E-07,0.031350
5.6244292E-07,0.027924
5.6249292E-07,0.024187
5.6254292E-07,0.021072
5.6259292E-07,0.017957
5.6264292E-07,0.014843
5.6269292E-07,0.012040
5.6274292E-07,0.009548
5.6279292E-07,0.007368
5.6284292E-07,0.005187
5.6289292E-07,0.003319
5.6294292E-07,0.001450
5.6299292E-07,0.000204
5.6304292E-07,-0.001042
5.6309292E-07,-0.001976
5.6314292E-07,-0.002288
5.6319292E-07,-0.002599
5.6324292E-07,-0.002599
5.6329292E-07,-0.002288
5.6334292E-07,-0.001353
5.6339292E-07,-0.000107
5.6344292E-07,0.001450
5.6349292E-07,0.003319
5.6354292E-07,0.005499
5.6359292E-07,0.008302
5.6364292E-07,0.011105
5.6369292E-07,0.014531
5.6374292E-07,0.017957
5.6379292E-07,0.021383
5.6384292E-07,0.025121
5.6389292E-07,0.028859
5.6394292E-07,0.032285
5.6399292E-07,0.035711
5.6404292E-07,0.039137
5.6409292E-07,0.041940
5.6414292E-07,0.044743
5.6419292E-07,0.046923
5.6424292E-07,0.048792
5.6429292E-07,0.050038
5.6434292E-07,0.050972
5.6439292E-07,0.051595
5.6444292E-07,0.051907
5.6449292E-07,0.051595
5.6454292E-07,0.050972
5.6459292E-07,0.050038
5.6464292E-07,0.049104
5.6469292E-07,0.047546
5.6474292E-07,0.045989
5.6479292E-07,0.044432
5.6484292E-07,0.042874
5.6489292E-07,0.041317
5.6494292E-07,0.039760
5.6499292E-07,0.038202
5.6504292E-07,0.036645
5.6509292E-07,0.035399
5.6514292E-07,0.034153
5.6519292E-07,0.032908
5.6524292E-07,0.031973
5.6529292E-07,0.031350
5.6534292E-07,0.030727
5.6539292E-07,0.030416
5.6544292E-07,0.030416
5.6549292E-07,0.030416
5.6554292E-07,0.030727
5.6559292E-07,0.031662
5.6564292E-07,0.032596
5.6569292E-07,0.033842
5.6574292E-07,0.035711
5.6579292E-07,0.037580
5.6584292E-07,0.039760
5.6589292E-07,0.042563
5.6594292E-07,0.045366
5.6599292E-07,0.048481
5.6604292E-07,0.051907
5.6609292E-07,0.055333
5.6614292E-07,0.059071
5.6619292E-07,0.062808
5.6624292E-07,0.066546
5.6629292E-07,0.070283
5.6634292E-07,0.074021
5.6639292E-07,0.077447
5.6644292E-07,0.080561
5.6649292E-07,0.083676
5.6654292E-07,0.086479
5.6659292E-07,0.088659
5.6664292E-07,0.090840
5.6669292E-07,0.092708
5.6674292E-07,0.094266
5.6679292E-07,0.095200
5.6684292E-07,0.096135
5.6689292E-07,0.097069
5.6694292E-07,0.097380
5.6699292E-07,0.097692
5.6704292E-07,0.097692
5.6709292E-07,0.097692
5.6714292E-07,0.097692
5.6719292E-07,0.097380
5.6724292E-07,0.097069
5.6729292E-07,0.096446
5.6734292E-07,0.096135
5.6739292E-07,0.095512
5.6744292E-07,0.094889
5.6749292E-07,0.093954
5.6754292E-07,0.093331
5.6759292E-07,0.092397
5.6764292E-07,0.091463
5.6769292E-07,0.090528
5.6774292E-07,0.089594
5.6779292E-07,0.088659
5.6784292E-07,0.087725
5.6789292E-07,0.086791
5.6794292E-07,0.086168
5.6799292E-07,0.085545
5.6804292E-07,0.084922
5.6809292E-07,0.084299
5.6814292E-07,0.083988
5.6819292E-07,0.083988
5.6824292E-07,0.083988
5.6829292E-07,0.083988
5.6834292E-07,0.084299
5.6839292E-07,0.084610
5.6844292E-07,0.084610
5.6849292E-07,0.084922
5.6854292E-07,0.085233
5.6859292E-07,0.085545
5.6864292E-07,0.085545
5.6869292E-07,0.085545
5.6874292E-07,0.085233
5.6879292E-07,0.084922
5.6884292E-07,0.084610
5.6889292E-07,0.083676
5.6894292E-07,0.082742
5.6899292E-07,0.081807
5.6904292E-07,0.080561
5.6909292E-07,0.079004
5.6914292E-07,0.077447
5.6919292E-07,0.075889
5.6924292E-07,0.074332
5.6929292E-07,0.072463
5.6934292E-07,0.070595
5.6939292E-07,0.068726
5.6944292E-07,0.066546
5.6949292E-07,0.064677
5.6954292E-07,0.062497
5.6959292E-07,0.060005
5.6964292E-07,0.057825
5.6969292E-07,0.055333
5.6974292E-07,0.052530
5.6979292E-07,0.050038
5.6984292E-07,0.046923
5.6989292E-07,0.044120
5.6994292E-07,0.041006
5.6999292E-07,0.037580
5.7004292E-07,0.034465
5.7009292E-07,0.031039
5.7014292E-07,0.027613
5.7019292E-07,0.024498
5.7024292E-07,0.021383
5.7029292E-07,0.018580
5.7034292E-07,0.015777
5.7039292E-07,0.013285
5.7044292E-07,0.011105
5.7049292E-07,0.009236
5.7054292E-07,0.007991
5.7059292E-07,0.006745
5.7064292E-07,0.005810
5.7069292E-07,0.005499
5.7074292E-07,0.005187
5.7079292E-07,0.005187
5.7084292E-07,0.005187
5.7089292E-07,0.005499
5.7094292E-07,0.005810
5.7099292E-07,0.006433
5.7104292E-07,0.006745
5.7109292E-07,0.007056
5.7114292E-07,0.007056
5.7119292E-07,0.007368
5.7124292E-07,0.007056
5.7129292E-07,0.007056
5.7134292E-07,0.006433
5.7139292E-07,0.006122
5.7144292E-07,0.005187
5.7149292E-07,0.004253
5.7154292E-07,0.003319
5.7159292E-07,0.002384
5.7164292E-07,0.001138
5.7169292E-07,-0.000107
5.7174292E-07,-0.001353
5.7179292E-07,-0.002599
5.7184292E-07,-0.003845
5.7189292E-07,-0.005402
5.7194292E-07,-0.006648
5.7199292E-07,-0.007894
5.7204292E-07,-0.009140
5.7209292E-07,-0.010697
5.7214292E-07,-0.011943
5.7219292E-07,-0.013189
5.7224292E-07,-0.014123
5.7229292E-07,-0.015369
5.7234292E-07,-0.016304
5.7239292E-07,-0.017238
5.7244292E-07,-0.018172
5.7249292E-07,-0.018795
5.7254292E-07,-0.019418
5.7259292E-07,-0.019730
5.7264292E-07,-0.019730
5.7269292E-07,-0.019730
5.7274292E-07,-0.019418
5.7279292E-07,-0.019107
5.7284292E-07,-0.018484
5.7289292E-07,-0.017549
5.7294292E-07,-0.016926
5.7299292E-07,-0.015992
5.7304292E-07,-0.015058
5.7309292E-07,-0.014123
5.7314292E-07,-0.013189
5.7319292E-07,-0.012566
5.7324292E-07,-0.011943
5.7329292E-07,-0.011632
5.7334292E-07,-0.011632
5.7339292E-07,-0.011632
5.7344292E-07,-0.012255
5.7349292E-07,-0.012877
5.7354292E-07,-0.013812
5.7359292E-07,-0.015058
5.7364292E-07,-0.016304
5.7369292E-07,-0.017861
5.7374292E-07,-0.019418
5.7379292E-07,-0.020975
5.7384292E-07,-0.022844
5.7389292E-07,-0.024402
5.7394292E-07,-0.025647
5.7399292E-07,-0.026893
5.7404292E-07,-0.027828
5.7409292E-07,-0.028762
5.7414292E-07,-0.029074
5.7419292E-07,-0.029385
5.7424292E-07,-0.029074
5.7429292E-07,-0.028762
5.7434292E-07,-0.028139
5.7439292E-07,-0.027205
5.7444292E-07,-0.025959
5.7449292E-07,-0.024402
5.7454292E-07,-0.022844
5.7459292E-07,-0.020975
5.7464292E-07,-0.019107
5.7469292E-07,-0.016926
5.7474292E-07,-0.014746
5.7479292E-07,-0.012566
5.7484292E-07,-0.010386
5.7489292E-07,-0.008205
5.7494292E-07,-0.006025
5.7499292E-07,-0.003845
5.7504292E-07,-0.001976
5.7509292E-07,-0.000107
5.7514292E-07,0.001450
5.7519292E-07,0.002696
5.7524292E-07,0.003942
5.7529292E-07,0.004876
5.7534292E-07,0.005499
5.7539292E-07,0.005810
5.7544292E-07,0.005810
5.7549292E-07,0.005499
5.7554292E-07,0.004876
5.7559292E-07,0.004253
5.7564292E-07,0.003319
5.7569292E-07,0.002073
5.7574292E-07,0.000827
5.7579292E-07,-0.000419
5.7584292E-07,-0.001976
5.7589292E-07,-0.003222
5.7594292E-07,-0.004468
5.7599292E-07,-0.005714
5.7604292E-07,-0.006960
5.7609292E-07,-0.007583
5.7614292E-07,-0.008205
5.7619292E-07,-0.008828
5.7624292E-07,-0.009140
5.7629292E-07,-0.009140
5.7634292E-07,-0.008828
5.7639292E-07,-0.008828
5.7644292E-07,-0.008517
5.7649292E-07,-0.007894
5.7654292E-07,-0.007894
5.7659292E-07,-0.007583
5.7664292E-07,-0.007583
5.7669292E-07,-0.007583
5.7674292E-07,-0.007894
5.7679292E-07,-0.008517
5.7684292E-07,-0.009451
5.7689292E-07,-0.010697
5.7694292E-07,-0.012255
5.7699292E-07,-0.013812
5.7704292E-07,-0.015681
5.7709292E-07,-0.017861
5.7714292E-07,-0.020041
5.7719292E-07,-0.022221
5.7724292E-07,-0.024402
5.7729292E-07,-0.026582
5.7734292E-07,-0.028762
5.7739292E-07,-0.030631
5.7744292E-07,-0.032500
5.7749292E-07,-0.034368
5.7754292E-07,-0.035614
5.7759292E-07,-0.036860
5.7764292E-07,-0.038106
5.7769292E-07,-0.038729
5.7774292E-07,-0.039352
5.7779292E-07,-0.039975
5.7784292E-07,-0.039975
5.7789292E-07,-0.040286
5.7794292E-07,-0.039975
5.7799292E-07,-0.039663
5.7804292E-07,-0.039040
5.7809292E-07,-0.038417
5.7814292E-07,-0.037483
5.7819292E-07,-0.036237
5.7824292E-07,-0.034991
5.7829292E-07,-0.033434
5.7834292E-07,-0.031565
5.7839292E-07,-0.029074
5.7844292E-07,-0.026893
5.7849292E-07,-0.024090
5.7854292E-07,-0.020975
5.7859292E-07,-0.017861
5.7864292E-07,-0.014123
5.7869292E-07,-0.010697
5.7874292E-07,-0.006960
5.7879292E-07,-0.003222
5.7884292E-07,0.000515
5.7889292E-07,0.004253
5.7894292E-07,0.007679
5.7899292E-07,0.011105
5.7904292E-07,0.014220
5.7909292E-07,0.017023
5.7914292E-07,0.019515
5.7919292E-07,0.021695
5.7924292E-07,0.023252
5.7929292E-07,0.024810
5.7934292E-07,0.026055
5.7939292E-07,0.026990
5.7944292E-07,0.027613
5.7949292E-07,0.028236
5.7954292E-07,0.028859
5.7959292E-07,0.029170
5.7964292E-07,0.029793
5.7969292E-07,0.030104
5.7974292E-07,0.030727
5.7979292E-07,0.031350
5.7984292E-07,0.032285
5.7989292E-07,0.033219
5.7994292E-07,0.034465
5.7999292E-07,0.035711
5.8004292E-07,0.036957
5.8009292E-07,0.038514
5.8014292E-07,0.039760
5.8019292E-07,0.041317
5.8024292E-07,0.042874
5.8029292E-07,0.044432
5.8034292E-07,0.045678
5.8039292E-07,0.046612
5.8044292E-07,0.047858
5.8049292E-07,0.048481
5.8054292E-07,0.049104
5.8059292E-07,0.049415
5.8064292E-07,0.049415
5.8069292E-07,0.049415
5.8074292E-07,0.049104
5.8079292E-07,0.048481
5.8084292E-07,0.047546
5.8089292E-07,0.046612
5.8094292E-07,0.045366
5.8099292E-07,0.044120
5.8104292E-07,0.042563
5.8109292E-07,0.040694
5.8114292E-07,0.038825
5.8119292E-07,0.036957
5.8124292E-07,0.034776
5.8129292E-07,0.032596
5.8134292E-07,0.030416
5.8139292E-07,0.028236
5.8144292E-07,0.026055
5.8149292E-07,0.023875
5.8154292E-07,0.021695
5.8159292E-07,0.019826
5.8164292E-07,0.018269
5.8169292E-07,0.016712
5.8174292E-07,0.015777
5.8179292E-07,0.014843
5.8184292E-07,0.014220
5.8189292E-07,0.014220
5.8194292E-07,0.014531
5.8199292E-07,0.015154
5.8204292E-07,0.015777
5.8209292E-07,0.017023
5.8214292E-07,0.018580
5.8219292E-07,0.020449
5.8224292E-07,0.022318
5.8229292E-07,0.024187
5.8234292E-07,0.026367
5.8239292E-07,0.028547
5.8244292E-07,0.030727
5.8249292E-07,0.032596
5.8254292E-07,0.034776
5.8259292E-07,0.036334
5.8264292E-07,0.037891
5.8269292E-07,0.039448
5.8274292E-07,0.040383
5.8279292E-07,0.041317
5.8284292E-07,0.041940
5.8289292E-07,0.042252
5.8294292E-07,0.042563
5.8299292E-07,0.042252
5.8304292E-07,0.041940
5.8309292E-07,0.041629
5.8314292E-07,0.040694
5.8319292E-07,0.040071
5.8324292E-07,0.038825
5.8329292E-07,0.037580
5.8334292E-07,0.036022
5.8339292E-07,0.034465
5.8344292E-07,0.032908
5.8349292E-07,0.031039
5.8354292E-07,0.028859
5.8359292E-07,0.026990
5.8364292E-07,0.024810
5.8369292E-07,0.022629
5.8374292E-07,0.020449
5.8379292E-07,0.018269
5.8384292E-07,0.016089
5.8389292E-07,0.014220
5.8394292E-07,0.012351
5.8399292E-07,0.010794
5.8404292E-07,0.009236
5.8409292E-07,0.008302
5.8414292E-07,0.007368
5.8419292E-07,0.006745
5.8424292E-07,0.006433
5.8429292E-07,0.006433
5.8434292E-07,0.006745
5.8439292E-07,0.007056
5.8444292E-07,0.007679
5.8449292E-07,0.008614
5.8454292E-07,0.009548
5.8459292E-07,0.010482
5.8464292E-07,0.011417
5.8469292E-07,0.012351
5.8474292E-07,0.012974
5.8479292E-07,0.013908
5.8484292E-07,0.014220
5.8489292E-07,0.014843
5.8494292E-07,0.015154
5.8499292E-07,0.015154
5.8504292E-07,0.015154
5.8509292E-07,0.014843
5.8514292E-07,0.014531
5.8519292E-07,0.014220
5.8524292E-07,0.013597
5.8529292E-07,0.012974
5.8534292E-07,0.012040
5.8539292E-07,0.011417
5.8544292E-07,0.010482
5.8549292E-07,0.009548
5.8554292E-07,0.008614
5.8559292E-07,0.007679
5.8564292E-07,0.006745
5.8569292E-07,0.005810
5.8574292E-07,0.004564
5.8579292E-07,0.003630
5.8584292E-07,0.002384
5.8589292E-07,0.001138
5.8594292E-07,-0.000107
5.8599292E-07,-0.001042
5.8604292E-07,-0.002288
5.8609292E-07,-0.003222
5.8614292E-07,-0.003845
5.8619292E-07,-0.004468
5.8624292E-07,-0.005091
5.8629292E-07,-0.005091
5.8634292E-07,-0.004779
5.8639292E-07,-0.004156
5.8644292E-07,-0.003534
5.8649292E-07,-0.001976
5.8654292E-07,-0.000419
5.8659292E-07,0.001450
5.8664292E-07,0.003942
5.8669292E-07,0.006433
5.8674292E-07,0.009236
5.8679292E-07,0.012040
5.8684292E-07,0.015154
5.8689292E-07,0.017957
5.8694292E-07,0.021072
5.8699292E-07,0.023875
5.8704292E-07,0.026678
5.8709292E-07,0.029170
5.8714292E-07,0.031350
5.8719292E-07,0.033219
5.8724292E-07,0.035088
5.8729292E-07,0.036334
5.8734292E-07,0.037580
5.8739292E-07,0.038514
5.8744292E-07,0.039448
5.8749292E-07,0.040071
5.8754292E-07,0.040694
5.8759292E-07,0.041317
5.8764292E-07,0.041629
5.8769292E-07,0.042252
5.8774292E-07,0.043186
5.8779292E-07,0.043809
5.8784292E-07,0.044743
5.8789292E-07,0.045989
5.8794292E-07,0.047235
5.8799292E-07,0.048792
5.8804292E-07,0.050350
5.8809292E-07,0.052218
5.8814292E-07,0.053776
5.8819292E-07,0.055644
5.8824292E-07,0.057825
5.8829292E-07,0.059693
5.8834292E-07,0.061562
5.8839292E-07,0.063431
5.8844292E-07,0.064988
5.8849292E-07,0.066857
5.8854292E-07,0.068414
5.8859292E-07,0.069972
5.8864292E-07,0.071218
5.8869292E-07,0.072463
5.8874292E-07,0.073398
5.8879292E-07,0.074644
5.8884292E-07,0.075267
5.8889292E-07,0.076201
5.8894292E-07,0.076824
5.8899292E-07,0.077447
5.8904292E-07,0.078070
5.8909292E-07,0.078381
5.8914292E-07,0.078693
5.8919292E-07,0.079004
5.8924292E-07,0.079316
5.8929292E-07,0.079627
5.8934292E-07,0.079627
5.8939292E-07,0.079627
5.8944292E-07,0.079939
5.8949292E-07,0.079939
5.8954292E-07,0.079939
5.8959292E-07,0.079939
5.8964292E-07,0.079939
5.8969292E-07,0.079939
5.8974292E-07,0.079627
5.8979292E-07,0.079627
5.8984292E-07,0.079627
5.8989292E-07,0.079627
5.8994292E-07,0.079316
5.8999292E-07,0.079316
5.9004292E-07,0.079004
5.9009292E-07,0.078693
5.9014292E-07,0.078381
5.9019292E-07,0.077758
5.9024292E-07,0.077135
5.9029292E-07,0.076512
5.9034292E-07,0.075578
5.9039292E-07,0.074644
5.9044292E-07,0.073709
5.9049292E-07,0.072775
5.9054292E-07,0.071529
5.9059292E-07,0.070595
5.9064292E-07,0.069349
5.9069292E-07,0.068414
5.9074292E-07,0.067480
5.9079292E-07,0.066546
5.9084292E-07,0.065923
5.9089292E-07,0.065300
5.9094292E-07,0.064988
5.9099292E-07,0.064988
5.9104292E-07,0.065300
5.9109292E-07,0.065923
5.9114292E-07,0.066546
5.9119292E-07,0.067480
5.9124292E-07,0.068726
5.9129292E-07,0.069972
5.9134292E-07,0.071218
5.9139292E-07,0.072775
5.9144292E-07,0.074021
5.9149292E-07,0.075267
5.9154292E-07,0.076512
5.9159292E-07,0.077447
5.9164292E-07,0.078070
5.9169292E-07,0.078381
5.9174292E-07,0.078693
5.9179292E-07,0.078381
5.9184292E-07,0.077447
5.9189292E-07,0.076512
5.9194292E-07,0.074955
5.9199292E-07,0.072775
5.9204292E-07,0.070595
5.9209292E-07,0.067791
5.9214292E-07,0.064988
5.9219292E-07,0.061562
5.9224292E-07,0.058136
5.9229292E-07,0.054399
5.9234292E-07,0.050350
5.9239292E-07,0.046301
5.9244292E-07,0.041940
5.9249292E-07,0.037580
5.9254292E-07,0.033219
5.9259292E-07,0.028859
5.9264292E-07,0.024498
5.9269292E-07,0.020138
5.9274292E-07,0.016089
5.9279292E-07,0.012040
5.9284292E-07,0.007991
5.9289292E-07,0.004253
5.9294292E-07,0.000827
5.9299292E-07,-0.002288
5.9304292E-07,-0.005402
5.9309292E-07,-0.007894
5.9314292E-07,-0.010386
5.9319292E-07,-0.012255
5.9324292E-07,-0.013500
5.9329292E-07,-0.014746
5.9334292E-07,-0.015369
5.9339292E-07,-0.015681
5.9344292E-07,-0.015681
5.9349292E-07,-0.015369
5.9354292E-07,-0.014746
5.9359292E-07,-0.013812
5.9364292E-07,-0.012566
5.9369292E-07,-0.011009
5.9374292E-07,-0.009763
5.9379292E-07,-0.007894
5.9384292E-07,-0.006337
5.9389292E-07,-0.004468
5.9394292E-07,-0.002599
5.9399292E-07,-0.001042
5.9404292E-07,0.000827
5.9409292E-07,0.002696
5.9414292E-07,0.004253
5.9419292E-07,0.006122
5.9424292E-07,0.007679
5.9429292E-07,0.009548
5.9434292E-07,0.011105
5.9439292E-07,0.012974
5.9444292E-07,0.014843
5.9449292E-07,0.016400
5.9454292E-07,0.018269
5.9459292E-07,0.020138
5.9464292E-07,0.022006
5.9469292E-07,0.023875
5.9474292E-07,0.025744
5.9479292E-07,0.027301
5.9484292E-07,0.029170
5.9489292E-07,0.030416
5.9494292E-07,0.031973
5.9499292E-07,0.032908
5.9504292E-07,0.034153
5.9509292E-07,0.034776
5.9514292E-07,0.035399
5.9519292E-07,0.036022
5.9524292E-07,0.036334
5.9529292E-07,0.036334
5.9534292E-07,0.036645
5.9539292E-07,0.036645
5.9544292E-07,0.036957
5.9549292E-07,0.036957
5.9554292E-07,0.037580
5.9559292E-07,0.037891
5.9564292E-07,0.038514
5.9569292E-07,0.039448
5.9574292E-07,0.040694
5.9579292E-07,0.041940
5.9584292E-07,0.043497
5.9589292E-07,0.045366
5.9594292E-07,0.047235
5.9599292E-07,0.049104
5.9604292E-07,0.050972
5.9609292E-07,0.053153
5.9614292E-07,0.055021
5.9619292E-07,0.056890
5.9624292E-07,0.058759
5.9629292E-07,0.060316
5.9634292E-07,0.061874
5.9639292E-07,0.062808
5.9644292E-07,0.063742
5.9649292E-07,0.064365
5.9654292E-07,0.064988
5.9659292E-07,0.064988
5.9664292E-07,0.064988
5.9669292E-07,0.064677
5.9674292E-07,0.064054
5.9679292E-07,0.063431
5.9684292E-07,0.062497
5.9689292E-07,0.061562
5.9694292E-07,0.060628
5.9699292E-07,0.059382
5.9704292E-07,0.058136
5.9709292E-07,0.056579
5.9714292E-07,0.055021
5.9719292E-07,0.053464
5.9724292E-07,0.051595
5.9729292E-07,0.049415
5.9734292E-07,0.047235
5.9739292E-07,0.045055
5.9744292E-07,0.042563
5.9749292E-07,0.039760
5.9754292E-07,0.036957
5.9759292E-07,0.033842
5.9764292E-07,0.030727
5.9769292E-07,0.027613
5.9774292E-07,0.024498
5.9779292E-07,0.021383
5.9784292E-07,0.018269
5.9789292E-07,0.015154
5.9794292E-07,0.012663
5.9799292E-07,0.010171
5.9804292E-07,0.007991
5.9809292E-07,0.006122
5.9814292E-07,0.004564
5.9819292E-07,0.003319
5.9824292E-07,0.002384
5.9829292E-07,0.002073
5.9834292E-07,0.001761
5.9839292E-07,0.002073
5.9844292E-07,0.002696
5.9849292E-07,0.003630
5.9854292E-07,0.004564
5.9859292E-07,0.005810
5.9864292E-07,0.007368
5.9869292E-07,0.008925
5.9874292E-07,0.010794
5.9879292E-07,0.012974
5.9884292E-07,0.014843
5.9889292E-07,0.017023
5.9894292E-07,0.019203
5.9899292E-07,0.021383
5.9904292E-07,0.023875
5.9909292E-07,0.026367
5.9914292E-07,0.028859
5.9919292E-07,0.031350
5.9924292E-07,0.033842
5.9929292E-07,0.036334
5.9934292E-07,0.038825
5.9939292E-07,0.041317
5.9944292E-07,0.043809
5.9949292E-07,0.045989
5.9954292E-07,0.048481
5.9959292E-07,0.050661
5.9964292E-07,0.052530
5.9969292E-07,0.054399
5.9974292E-07,0.055956
5.9979292E-07,0.057513
5.9984292E-07,0.058759
5.9989292E-07,0.060005
5.9994292E-07,0.060939
5.9999292E-07,0.061874
6.0004292E-07,0.062497
6.0009292E-07,0.063120
6.0014292E-07,0.063742
6.0019292E-07,0.064054
6.0024292E-07,0.064365
6.0029292E-07,0.064988
6.0034292E-07,0.065300
6.0039292E-07,0.065611
6.0044292E-07,0.065923
6.0049292E-07,0.066234
6.0054292E-07,0.066546
6.0059292E-07,0.066857
6.0064292E-07,0.067169
6.0069292E-07,0.067169
6.0074292E-07,0.067169
6.0079292E-07,0.067169
6.0084292E-07,0.066857
6.0089292E-07,0.066234
6.0094292E-07,0.065611
6.0099292E-07,0.064677
6.0104292E-07,0.063742
6.0109292E-07,0.062185
6.0114292E-07,0.060628
6.0119292E-07,0.059071
6.0124292E-07,0.057202
6.0129292E-07,0.055021
6.0134292E-07,0.052841
6.0139292E-07,0.050661
6.0144292E-07,0.048169
6.0149292E-07,0.045678
6.0154292E-07,0.043186
6.0159292E-07,0.040694
6.0164292E-07,0.038202
6.0169292E-07,0.035711
6.0174292E-07,0.033531
6.0179292E-07,0.031039
6.0184292E-07,0.028859
6.0189292E-07,0.026678
6.0194292E-07,0.024498
6.0199292E-07,0.022629
6.0204292E-07,0.020761
6.0209292E-07,0.019203
6.0214292E-07,0.017646
6.0219292E-07,0.016400
6.0224292E-07,0.015154
6.0229292E-07,0.014220
6.0234292E-07,0.013597
6.0239292E-07,0.012974
6.0244292E-07,0.012974
6.0249292E-07,0.012663
6.0254292E-07,0.012974
6.0259292E-07,0.012974
6.0264292E-07,0.013597
6.0269292E-07,0.014220
6.0274292E-07,0.015154
6.0279292E-07,0.015777
6.0284292E-07,0.017023
6.0289292E-07,0.018269
6.0294292E-07,0.019515
6.0299292E-07,0.020761
6.0304292E-07,0.022318
6.0309292E-07,0.023875
6.0314292E-07,0.025433
6.0319292E-07,0.027301
6.0324292E-07,0.029170
6.0329292E-07,0.031039
6.0334292E-07,0.033219
6.0339292E-07,0.035711
6.0344292E-07,0.038202
6.0349292E-07,0.040694
6.0354292E-07,0.043497
6.0359292E-07,0.046612
6.0364292E-07,0.049415
6.0369292E-07,0.052530
6.0374292E-07,0.055644
6.0379292E-07,0.058448
6.0384292E-07,0.061251
6.0389292E-07,0.063742
6.0394292E-07,0.066234
6.0399292E-07,0.068103
6.0404292E-07,0.069349
6.0409292E-07,0.070283
6.0414292E-07,0.070595
6.0419292E-07,0.069972
6.0424292E-07,0.069037
6.0429292E-07,0.067169
6.0434292E-07,0.064677
6.0439292E-07,0.061562
6.0444292E-07,0.057825
6.0449292E-07,0.053776
6.0454292E-07,0.048792
6.0459292E-07,0.043497
6.0464292E-07,0.038202
6.0469292E-07,0.032285
6.0474292E-07,0.026678
6.0479292E-07,0.020761
6.0484292E-07,0.015154
6.0489292E-07,0.009548
6.0494292E-07,0.004253
6.0499292E-07,-0.000419
6.0504292E-07,-0.005091
6.0509292E-07,-0.009140
6.0514292E-07,-0.012877
6.0519292E-07,-0.015992
6.0524292E-07,-0.018795
6.0529292E-07,-0.020975
6.0534292E-07,-0.022844
6.0539292E-07,-0.024090
6.0544292E-07,-0.025024
6.0549292E-07,-0.025647
6.0554292E-07,-0.025959
6.0559292E-07,-0.025647
6.0564292E-07,-0.025336
6.0569292E-07,-0.024713
6.0574292E-07,-0.023467
6.0579292E-07,-0.022221
6.0584292E-07,-0.020664
6.0589292E-07,-0.018795
6.0594292E-07,-0.016615
6.0599292E-07,-0.014435
6.0604292E-07,-0.011943
6.0609292E-07,-0.009140
6.0614292E-07,-0.006337
6.0619292E-07,-0.003534
6.0624292E-07,-0.000730
6.0629292E-07,0.002073
6.0634292E-07,0.004876
6.0639292E-07,0.007368
6.0644292E-07,0.009548
6.0649292E-07,0.011728
6.0654292E-07,0.013285
6.0659292E-07,0.014843
6.0664292E-07,0.015777
6.0669292E-07,0.016712
6.0674292E-07,0.017023
6.0679292E-07,0.017023
6.0684292E-07,0.016712
6.0689292E-07,0.016089
6.0694292E-07,0.015466
6.0699292E-07,0.014531
6.0704292E-07,0.013597
6.0709292E-07,0.012663
6.0714292E-07,0.011417
6.0719292E-07,0.010794
6.0724292E-07,0.009859
6.0729292E-07,0.009236
6.0734292E-07,0.008925
6.0739292E-07,0.008925
6.0744292E-07,0.008925
6.0749292E-07,0.009236
6.0754292E-07,0.009859
6.0759292E-07,0.010482
6.0764292E-07,0.011417
6.0769292E-07,0.012351
6.0774292E-07,0.013597
6.0779292E-07,0.014843
6.0784292E-07,0.016089
6.0789292E-07,0.017334
6.0794292E-07,0.018892
6.0799292E-07,0.020138
6.0804292E-07,0.021695
6.0809292E-07,0.022941
6.0814292E-07,0.024498
6.0819292E-07,0.025744
6.0824292E-07,0.026990
6.0829292E-07,0.028547
6.0834292E-07,0.029793
6.0839292E-07,0.031039
6.0844292E-07,0.032285
6.0849292E-07,0.033842
6.0854292E-07,0.035088
6.0859292E-07,0.036334
6.0864292E-07,0.037580
6.0869292E-07,0.038514
6.0874292E-07,0.039760
6.0879292E-07,0.040694
6.0884292E-07,0.041317
6.0889292E-07,0.042252
6.0894292E-07,0.042874
6.0899292E-07,0.043186
6.0904292E-07,0.043809
6.0909292E-07,0.044120
6.0914292E-07,0.044120
6.0919292E-07,0.044432
6.0924292E-07,0.044432
6.0929292E-07,0.044432
6.0934292E-07,0.044120
6.0939292E-07,0.044120
6.0944292E-07,0.044120
6.0949292E-07,0.044120
6.0954292E-07,0.043809
6.0959292E-07,0.043809
6.0964292E-07,0.043809
6.0969292E-07,0.043497
6.0974292E-07,0.043497
6.0979292E-07,0.043186
6.0984292E-07,0.042874
6.0989292E-07,0.042563
6.0994292E-07,0.042252
6.0999292E-07,0.041940
6.1004292E-07,0.041006
6.1009292E-07,0.040383
6.1014292E-07,0.039448
6.1019292E-07,0.038514
6.1024292E-07,0.037580
6.1029292E-07,0.036334
6.1034292E-07,0.035088
6.1039292E-07,0.033842
6.1044292E-07,0.032596
6.1049292E-07,0.031662
6.1054292E-07,0.030416
6.1059292E-07,0.029170
6.1064292E-07,0.028236
6.1069292E-07,0.027613
6.1074292E-07,0.026678
6.1079292E-07,0.026055
6.1084292E-07,0.025744
6.1089292E-07,0.025433
6.1094292E-07,0.025433
6.1099292E-07,0.025121
6.1104292E-07,0.025433
6.1109292E-07,0.025433
6.1114292E-07,0.025744
6.1119292E-07,0.026055
6.1124292E-07,0.026367
6.1129292E-07,0.026678
6.1134292E-07,0.027301
6.1139292E-07,0.027613
6.1144292E-07,0.028236
6.1149292E-07,0.028859
6.1154292E-07,0.029482
6.1159292E-07,0.029793
6.1164292E-07,0.030727
6.1169292E-07,0.031350
6.1174292E-07,0.031973
6.1179292E-07,0.032908
6.1184292E-07,0.033531
6.1189292E-07,0.034465
6.1194292E-07,0.035399
6.1199292E-07,0.036645
6.1204292E-07,0.037580
6.1209292E-07,0.038825
6.1214292E-07,0.040071
6.1219292E-07,0.041317
6.1224292E-07,0.042563
6.1229292E-07,0.043809
6.1234292E-07,0.045366
6.1239292E-07,0.046923
6.1244292E-07,0.048481
6.1249292E-07,0.050038
6.1254292E-07,0.051907
6.1259292E-07,0.053776
6.1264292E-07,0.055644
6.1269292E-07,0.057513
6.1274292E-07,0.059382
6.1279292E-07,0.061251
6.1284292E-07,0.063120
6.1289292E-07,0.064677
6.1294292E-07,0.066234
6.1299292E-07,0.067791
6.1304292E-07,0.068726
6.1309292E-07,0.069660
6.1314292E-07,0.069972
6.1319292E-07,0.069972
6.1324292E-07,0.069660
6.1329292E-07,0.068414
6.1334292E-07,0.066857
6.1339292E-07,0.064988
6.1344292E-07,0.062185
6.1349292E-07,0.059071
6.1354292E-07,0.055644
6.1359292E-07,0.051907
6.1364292E-07,0.047546
6.1369292E-07,0.043186
6.1374292E-07,0.038514
6.1379292E-07,0.033842
6.1384292E-07,0.029170
6.1389292E-07,0.024810
6.1394292E-07,0.020761
6.1399292E-07,0.017023
6.1404292E-07,0.013285
6.1409292E-07,0.010482
6.1414292E-07,0.007991
6.1419292E-07,0.005810
6.1424292E-07,0.004253
6.1429292E-07,0.003007
6.1434292E-07,0.002384
6.1439292E-07,0.002073
6.1444292E-07,0.002073
6.1449292E-07,0.002384
6.1454292E-07,0.002696
6.1459292E-07,0.003319
6.1464292E-07,0.003942
6.1469292E-07,0.004876
6.1474292E-07,0.005499
6.1479292E-07,0.006122
6.1484292E-07,0.006745
6.1489292E-07,0.007368
6.1494292E-07,0.007991
6.1499292E-07,0.008302
6.1504292E-07,0.008614
6.1509292E-07,0.009236
6.1514292E-07,0.009548
6.1519292E-07,0.009859
6.1524292E-07,0.010171
6.1529292E-07,0.010794
6.1534292E-07,0.011105
6.1539292E-07,0.011728
6.1544292E-07,0.012351
6.1549292E-07,0.012974
6.1554292E-07,0.013597
6.1559292E-07,0.014531
6.1564292E-07,0.015154
6.1569292E-07,0.015777
6.1574292E-07,0.016712
6.1579292E-07,0.017334
6.1584292E-07,0.018269
6.1589292E-07,0.018892
6.1594292E-07,0.019515
6.1599292E-07,0.020138
6.1604292E-07,0.021072
6.1609292E-07,0.021695
6.1614292E-07,0.022318
6.1619292E-07,0.023252
6.1624292E-07,0.023875
6.1629292E-07,0.024810
6.1634292E-07,0.025744
6.1639292E-07,0.026990
6.1644292E-07,0.028236
6.1649292E-07,0.029482
6.1654292E-07,0.030727
6.1659292E-07,0.031973
6.1664292E-07,0.033219
6.1669292E-07,0.034776
6.1674292E-07,0.036022
6.1679292E-07,0.036957
6.1684292E-07,0.037891
6.1689292E-07,0.038825
6.1694292E-07,0.039448
6.1699292E-07,0.040071
6.1704292E-07,0.040071
6.1709292E-07,0.040071
6.1714292E-07,0.039760
6.1719292E-07,0.039448
6.1724292E-07,0.038825
6.1729292E-07,0.038202
6.1734292E-07,0.037268
6.1739292E-07,0.036334
6.1744292E-07,0.035399
6.1749292E-07,0.034776
6.1754292E-07,0.033842
6.1759292E-07,0.033219
6.1764292E-07,0.032908
6.1769292E-07,0.032908
6.1774292E-07,0.032908
6.1779292E-07,0.033219
6.1784292E-07,0.033842
6.1789292E-07,0.034465
6.1794292E-07,0.035711
6.1799292E-07,0.036957
6.1804292E-07,0.038514
6.1809292E-07,0.040383
6.1814292E-07,0.042252
6.1819292E-07,0.044432
6.1824292E-07,0.046612
6.1829292E-07,0.048792
6.1834292E-07,0.050972
6.1839292E-07,0.053153
6.1844292E-07,0.055021
6.1849292E-07,0.056890
6.1854292E-07,0.058759
6.1859292E-07,0.060005
6.1864292E-07,0.061251
6.1869292E-07,0.062185
6.1874292E-07,0.062497
6.1879292E-07,0.062808
6.1884292E-07,0.062497
6.1889292E-07,0.061874
6.1894292E-07,0.060628
6.1899292E-07,0.059382
6.1904292E-07,0.057202
6.1909292E-07,0.055021
6.1914292E-07,0.052530
6.1919292E-07,0.049415
6.1924292E-07,0.046301
6.1929292E-07,0.042874
6.1934292E-07,0.039448
6.1939292E-07,0.036022
6.1944292E-07,0.032285
6.1949292E-07,0.028547
6.1954292E-07,0.025121
6.1959292E-07,0.021695
6.1964292E-07,0.018580
6.1969292E-07,0.015777
6.1974292E-07,0.012974
6.1979292E-07,0.010482
6.1984292E-07,0.008302
6.1989292E-07,0.006433
6.1994292E-07,0.004564
6.1999292E-07,0.003007
6.2004292E-07,0.001450
6.2009292E-07,0.000204
6.2014292E-07,-0.001042
6.2019292E-07,-0.001976
6.2024292E-07,-0.003222
6.2029292E-07,-0.004468
6.2034292E-07,-0.005402
6.2039292E-07,-0.006648
6.2044292E-07,-0.007894
6.2049292E-07,-0.009140
6.2054292E-07,-0.010697
6.2059292E-07,-0.011943
6.2064292E-07,-0.013500
6.2069292E-07,-0.014746
6.2074292E-07,-0.016304
6.2079292E-07,-0.017861
6.2084292E-07,-0.019418
6.2089292E-07,-0.020664
6.2094292E-07,-0.022221
6.2099292E-07,-0.023779
6.2104292E-07,-0.025024
6.2109292E-07,-0.026582
6.2114292E-07,-0.028139
6.2119292E-07,-0.030008
6.2124292E-07,-0.031565
6.2129292E-07,-0.033434
6.2134292E-07,-0.035303
6.2139292E-07,-0.037172
6.2144292E-07,-0.039352
6.2149292E-07,-0.041532
6.2154292E-07,-0.043712
6.2159292E-07,-0.045893
6.2164292E-07,-0.047761
6.2169292E-07,-0.049942
6.2174292E-07,-0.051810
6.2179292E-07,-0.053368
6.2184292E-07,-0.054925
6.2189292E-07,-0.056171
6.2194292E-07,-0.057105
6.2199292E-07,-0.057728
6.2204292E-07,-0.058040
6.2209292E-07,-0.057728
6.2214292E-07,-0.057417
6.2219292E-07,-0.056794
6.2224292E-07,-0.056171
6.2229292E-07,-0.054925
6.2234292E-07,-0.053991
6.2239292E-07,-0.052745
6.2244292E-07,-0.051499
6.2249292E-07,-0.050564
6.2254292E-07,-0.049630
6.2259292E-07,-0.048696
6.2264292E-07,-0.048073
6.2269292E-07,-0.047761
6.2274292E-07,-0.047450
6.2279292E-07,-0.047450
6.2284292E-07,-0.047450
6.2289292E-07,-0.047761
6.2294292E-07,-0.047761
6.2299292E-07,-0.048073
6.2304292E-07,-0.048073
6.2309292E-07,-0.048073
6.2314292E-07,-0.047761
6.2319292E-07,-0.047138
6.2324292E-07,-0.046204
6.2329292E-07,-0.044958
6.2334292E-07,-0.043089
6.2339292E-07,-0.041221
6.2344292E-07,-0.038729
6.2349292E-07,-0.035926
6.2354292E-07,-0.032811
6.2359292E-07,-0.029385
6.2364292E-07,-0.025959
6.2369292E-07,-0.022221
6.2374292E-07,-0.018172
6.2379292E-07,-0.014435
6.2384292E-07,-0.010386
6.2389292E-07,-0.006648
6.2394292E-07,-0.002911
6.2399292E-07,0.000827
6.2404292E-07,0.004253
6.2409292E-07,0.007679
6.2414292E-07,0.010794
6.2419292E-07,0.014220
6.2424292E-07,0.017023
6.2429292E-07,0.020138
6.2434292E-07,0.023252
6.2439292E-07,0.026055
6.2444292E-07,0.028859
6.2449292E-07,0.031973
6.2454292E-07,0.034776
6.2459292E-07,0.037891
6.2464292E-07,0.040694
6.2469292E-07,0.043809
6.2474292E-07,0.046612
6.2479292E-07,0.049415
6.2484292E-07,0.052218
6.2489292E-07,0.054710
6.2494292E-07,0.057202
6.2499292E-07,0.059071
6.2504292E-07,0.060939
6.2509292E-07,0.062185
6.2514292E-07,0.063120
6.2519292E-07,0.063742
6.2524292E-07,0.063742
6.2529292E-07,0.063431
6.2534292E-07,0.062497
6.2539292E-07,0.061251
6.2544292E-07,0.059382
6.2549292E-07,0.057202
6.2554292E-07,0.054710
6.2559292E-07,0.051595
6.2564292E-07,0.048481
6.2569292E-07,0.045055
6.2574292E-07,0.041317
6.2579292E-07,0.037268
6.2584292E-07,0.033531
6.2589292E-07,0.029482
6.2594292E-07,0.025744
6.2599292E-07,0.022006
6.2604292E-07,0.018269
6.2609292E-07,0.015154
6.2614292E-07,0.012040
6.2619292E-07,0.009236
6.2624292E-07,0.007056
6.2629292E-07,0.004876
6.2634292E-07,0.003319
6.2639292E-07,0.002073
6.2644292E-07,0.001138
6.2649292E-07,0.000515
6.2654292E-07,0.000204
6.2659292E-07,0.000204
6.2664292E-07,0.000204
6.2669292E-07,0.000515
6.2674292E-07,0.001138
6.2679292E-07,0.001450
6.2684292E-07,0.002073
6.2689292E-07,0.002384
6.2694292E-07,0.003007
6.2699292E-07,0.003319
6.2704292E-07,0.003630
6.2709292E-07,0.003942
6.2714292E-07,0.003942
6.2719292E-07,0.003942
6.2724292E-07,0.003942
6.2729292E-07,0.003942
6.2734292E-07,0.004253
6.2739292E-07,0.004253
6.2744292E-07,0.004564
6.2749292E-07,0.004876
6.2754292E-07,0.005187
6.2759292E-07,0.006122
6.2764292E-07,0.006745
6.2769292E-07,0.007679
6.2774292E-07,0.008925
6.2779292E-07,0.010171
6.2784292E-07,0.011728
6.2789292E-07,0.013285
6.2794292E-07,0.014843
6.2799292E-07,0.016400
6.2804292E-07,0.017957
6.2809292E-07,0.019515
6.2814292E-07,0.020761
6.2819292E-07,0.022006
6.2824292E-07,0.023252
6.2829292E-07,0.024498
6.2834292E-07,0.025433
6.2839292E-07,0.026055
6.2844292E-07,0.026990
6.2849292E-07,0.027613
6.2854292E-07,0.028547
6.2859292E-07,0.029170
6.2864292E-07,0.029793
6.2869292E-07,0.030727
6.2874292E-07,0.031662
6.2879292E-07,0.032596
6.2884292E-07,0.033531
6.2889292E-07,0.034776
6.2894292E-07,0.035711
6.2899292E-07,0.036957
6.2904292E-07,0.038202
6.2909292E-07,0.039137
6.2914292E-07,0.040071
6.2919292E-07,0.040694
6.2924292E-07,0.041317
6.2929292E-07,0.041629
6.2934292E-07,0.041317
6.2939292E-07,0.041006
6.2944292E-07,0.040383
6.2949292E-07,0.039137
6.2954292E-07,0.037580
6.2959292E-07,0.036022
6.2964292E-07,0.033842
6.2969292E-07,0.031662
6.2974292E-07,0.029170
6.2979292E-07,0.026678
6.2984292E-07,0.024187
6.2989292E-07,0.021383
6.2994292E-07,0.018892
6.2999292E-07,0.016712
6.3004292E-07,0.014220
6.3009292E-07,0.012040
6.3014292E-07,0.010171
6.3019292E-07,0.008302
6.3024292E-07,0.006433
6.3029292E-07,0.004876
6.3034292E-07,0.003319
6.3039292E-07,0.001761
6.3044292E-07,0.000515
6.3049292E-07,-0.001042
6.3054292E-07,-0.002599
6.3059292E-07,-0.004156
6.3064292E-07,-0.006025
6.3069292E-07,-0.007583
6.3074292E-07,-0.009451
6.3079292E-07,-0.011320
6.3084292E-07,-0.013189
6.3089292E-07,-0.014746
6.3094292E-07,-0.016615
6.3099292E-07,-0.017861
6.3104292E-07,-0.019107
6.3109292E-07,-0.020041
6.3114292E-07,-0.020353
6.3119292E-07,-0.020664
6.3124292E-07,-0.020353
6.3129292E-07,-0.019730
6.3134292E-07,-0.018484
6.3139292E-07,-0.017238
6.3144292E-07,-0.015369
6.3149292E-07,-0.013500
6.3154292E-07,-0.011009
6.3159292E-07,-0.008828
6.3164292E-07,-0.006337
6.3169292E-07,-0.003845
6.3174292E-07,-0.001353
6.3179292E-07,0.000827
6.3184292E-07,0.002696
6.3189292E-07,0.004564
6.3194292E-07,0.006433
6.3199292E-07,0.007679
6.3204292E-07,0.008925
6.3209292E-07,0.009859
6.3214292E-07,0.010794
6.3219292E-07,0.011417
6.3224292E-07,0.012351
6.3229292E-07,0.012974
6.3234292E-07,0.013908
6.3239292E-07,0.014843
6.3244292E-07,0.016089
6.3249292E-07,0.017646
6.3254292E-07,0.019515
6.3259292E-07,0.021383
6.3264292E-07,0.023564
6.3269292E-07,0.026055
6.3274292E-07,0.028547
6.3279292E-07,0.031350
6.3284292E-07,0.034153
6.3289292E-07,0.036957
6.3294292E-07,0.039760
6.3299292E-07,0.042252
6.3304292E-07,0.044432
6.3309292E-07,0.046612
6.3314292E-07,0.048169
6.3319292E-07,0.049415
6.3324292E-07,0.050350
6.3329292E-07,0.050661
6.3334292E-07,0.050661
6.3339292E-07,0.050038
6.3344292E-07,0.049104
6.3349292E-07,0.047546
6.3354292E-07,0.045989
6.3359292E-07,0.043809
6.3364292E-07,0.041629
6.3369292E-07,0.039448
6.3374292E-07,0.036957
6.3379292E-07,0.034465
6.3384292E-07,0.031973
6.3389292E-07,0.029482
6.3394292E-07,0.027301
6.3399292E-07,0.025121
6.3404292E-07,0.023564
6.3409292E-07,0.022006
6.3414292E-07,0.020761
6.3419292E-07,0.019826
6.3424292E-07,0.019203
6.3429292E-07,0.018892
6.3434292E-07,0.018892
6.3439292E-07,0.019203
6.3444292E-07,0.019826
6.3449292E-07,0.020449
6.3454292E-07,0.021072
6.3459292E-07,0.022006
6.3464292E-07,0.022941
6.3469292E-07,0.023875
6.3474292E-07,0.024498
6.3479292E-07,0.025433
6.3484292E-07,0.025744
6.3489292E-07,0.026055
6.3494292E-07,0.026055
6.3499292E-07,0.025744
6.3504292E-07,0.025121
6.3509292E-07,0.023875
6.3514292E-07,0.022629
6.3519292E-07,0.021072
6.3524292E-07,0.018892
6.3529292E-07,0.016712
6.3534292E-07,0.014220
6.3539292E-07,0.011417
6.3544292E-07,0.008614
6.3549292E-07,0.005499
6.3554292E-07,0.002696
6.3559292E-07,-0.000419
6.3564292E-07,-0.003534
6.3569292E-07,-0.006648
6.3574292E-07,-0.009451
6.3579292E-07,-0.012255
6.3584292E-07,-0.014746
6.3589292E-07,-0.016926
6.3594292E-07,-0.019107
6.3599292E-07,-0.021287
6.3604292E-07,-0.023156
6.3609292E-07,-0.024713
6.3614292E-07,-0.025959
6.3619292E-07,-0.027205
6.3624292E-07,-0.028139
6.3629292E-07,-0.028762
6.3634292E-07,-0.029074
6.3639292E-07,-0.029385
6.3644292E-07,-0.029074
6.3649292E-07,-0.028762
6.3654292E-07,-0.028139
6.3659292E-07,-0.026893
6.3664292E-07,-0.025336
6.3669292E-07,-0.023467
6.3674292E-07,-0.020975
6.3679292E-07,-0.018484
6.3684292E-07,-0.015369
6.3689292E-07,-0.011943
6.3694292E-07,-0.008205
6.3699292E-07,-0.004156
6.3704292E-07,-0.000107
6.3709292E-07,0.003942
6.3714292E-07,0.008302
6.3719292E-07,0.012351
6.3724292E-07,0.016089
6.3729292E-07,0.019826
6.3734292E-07,0.023252
6.3739292E-07,0.026367
6.3744292E-07,0.028859
6.3749292E-07,0.031039
6.3754292E-07,0.032596
6.3759292E-07,0.033842
6.3764292E-07,0.034465
6.3769292E-07,0.034776
6.3774292E-07,0.034776
6.3779292E-07,0.034465
6.3784292E-07,0.033842
6.3789292E-07,0.033219
6.3794292E-07,0.032285
6.3799292E-07,0.031350
6.3804292E-07,0.030727
6.3809292E-07,0.029793
6.3814292E-07,0.029170
6.3819292E-07,0.028859
6.3824292E-07,0.028547
6.3829292E-07,0.028236
6.3834292E-07,0.028236
6.3839292E-07,0.028236
6.3844292E-07,0.028236
6.3849292E-07,0.028236
6.3854292E-07,0.027924
6.3859292E-07,0.027613
6.3864292E-07,0.027301
6.3869292E-07,0.026678
6.3874292E-07,0.026055
6.3879292E-07,0.025121
6.3884292E-07,0.023564
6.3889292E-07,0.022318
6.3894292E-07,0.020449
6.3899292E-07,0.018892
6.3904292E-07,0.016712
6.3909292E-07,0.014843
6.3914292E-07,0.012663
6.3919292E-07,0.010794
6.3924292E-07,0.008614
6.3929292E-07,0.006745
6.3934292E-07,0.004876
6.3939292E-07,0.003007
6.3944292E-07,0.001450
6.3949292E-07,-0.000107
6.3954292E-07,-0.001353
6.3959292E-07,-0.002911
6.3964292E-07,-0.004156
6.3969292E-07,-0.005402
6.3974292E-07,-0.006648
6.3979292E-07,-0.007894
6.3984292E-07,-0.009451
6.3989292E-07,-0.010697
6.3994292E-07,-0.012255
6.3999292E-07,-0.013812
6.4004292E-07,-0.015369
6.4009292E-07,-0.016926
6.4014292E-07,-0.018484
6.4019292E-07,-0.019730
6.4024292E-07,-0.020975
6.4029292E-07,-0.021910
6.4034292E-07,-0.022533
6.4039292E-07,-0.023156
6.4044292E-07,-0.023156
6.4049292E-07,-0.022844
6.4054292E-07,-0.021910
6.4059292E-07,-0.020975
6.4064292E-07,-0.019418
6.4069292E-07,-0.017549
6.4074292E-07,-0.015369
6.4079292E-07,-0.013189
6.4084292E-07,-0.010697
6.4089292E-07,-0.008205
6.4094292E-07,-0.005714
6.4099292E-07,-0.003222
6.4104292E-07,-0.001042
6.4109292E-07,0.000827
6.4114292E-07,0.002384
6.4119292E-07,0.003630
6.4124292E-07,0.004564
6.4129292E-07,0.004564
6.4134292E-07,0.004564
6.4139292E-07,0.003630
6.4144292E-07,0.002384
6.4149292E-07,0.000827
6.4154292E-07,-0.001353
6.4159292E-07,-0.003845
6.4164292E-07,-0.006648
6.4169292E-07,-0.009451
6.4174292E-07,-0.012566
6.4179292E-07,-0.015681
6.4184292E-07,-0.018795
6.4189292E-07,-0.021910
6.4194292E-07,-0.025024
6.4199292E-07,-0.027516
6.4204292E-07,-0.030008
6.4209292E-07,-0.032188
6.4214292E-07,-0.034057
6.4219292E-07,-0.035303
6.4224292E-07,-0.036237
6.4229292E-07,-0.037172
6.4234292E-07,-0.037172
6.4239292E-07,-0.037172
6.4244292E-07,-0.036549
6.4249292E-07,-0.035926
6.4254292E-07,-0.034680
6.4259292E-07,-0.033434
6.4264292E-07,-0.031877
6.4269292E-07,-0.030008
6.4274292E-07,-0.028139
6.4279292E-07,-0.025959
6.4284292E-07,-0.023779
6.4289292E-07,-0.021598
6.4294292E-07,-0.019418
6.4299292E-07,-0.016926
6.4304292E-07,-0.014435
6.4309292E-07,-0.011943
6.4314292E-07,-0.009451
6.4319292E-07,-0.006960
6.4324292E-07,-0.004468
6.4329292E-07,-0.001665
6.4334292E-07,0.000827
6.4339292E-07,0.003630
6.4344292E-07,0.006433
6.4349292E-07,0.009236
6.4354292E-07,0.012040
6.4359292E-07,0.014843
6.4364292E-07,0.017646
6.4369292E-07,0.020449
6.4374292E-07,0.023252
6.4379292E-07,0.025744
6.4384292E-07,0.028236
6.4389292E-07,0.030416
6.4394292E-07,0.032285
6.4399292E-07,0.034153
6.4404292E-07,0.035399
6.4409292E-07,0.036645
6.4414292E-07,0.037580
6.4419292E-07,0.038202
6.4424292E-07,0.038514
6.4429292E-07,0.038825
6.4434292E-07,0.038825
6.4439292E-07,0.038514
6.4444292E-07,0.038202
6.4449292E-07,0.037891
6.4454292E-07,0.037891
6.4459292E-07,0.037891
6.4464292E-07,0.037891
6.4469292E-07,0.038202
6.4474292E-07,0.038825
6.4479292E-07,0.039448
6.4484292E-07,0.040694
6.4489292E-07,0.041940
6.4494292E-07,0.043809
6.4499292E-07,0.045678
6.4504292E-07,0.047858
6.4509292E-07,0.050038
6.4514292E-07,0.052218
6.4519292E-07,0.054710
6.4524292E-07,0.056890
6.4529292E-07,0.058759
6.4534292E-07,0.060628
6.4539292E-07,0.062497
6.4544292E-07,0.063742
6.4549292E-07,0.064677
6.4554292E-07,0.065611
6.4559292E-07,0.065923
6.4564292E-07,0.066234
6.4569292E-07,0.066234
6.4574292E-07,0.065923
6.4579292E-07,0.065611
6.4584292E-07,0.065300
6.4589292E-07,0.065300
6.4594292E-07,0.064988
6.4599292E-07,0.064988
6.4604292E-07,0.064988
6.4609292E-07,0.065300
6.4614292E-07,0.065611
6.4619292E-07,0.066234
6.4624292E-07,0.066857
6.4629292E-07,0.067791
6.4634292E-07,0.068726
6.4639292E-07,0.069349
6.4644292E-07,0.070283
6.4649292E-07,0.070595
6.4654292E-07,0.070906
6.4659292E-07,0.070906
6.4664292E-07,0.070283
6.4669292E-07,0.069349
6.4674292E-07,0.068103
6.4679292E-07,0.066546
6.4684292E-07,0.064365
6.4689292E-07,0.061874
6.4694292E-07,0.059071
6.4699292E-07,0.055956
6.4704292E-07,0.052841
6.4709292E-07,0.049415
6.4714292E-07,0.046301
6.4719292E-07,0.043186
6.4724292E-07,0.040071
6.4729292E-07,0.037268
6.4734292E-07,0.035088
6.4739292E-07,0.032908
6.4744292E-07,0.031039
6.4749292E-07,0.029482
6.4754292E-07,0.027924
6.4759292E-07,0.026990
6.4764292E-07,0.026055
6.4769292E-07,0.025433
6.4774292E-07,0.024810
6.4779292E-07,0.024187
6.4784292E-07,0.023564
6.4789292E-07,0.022629
6.4794292E-07,0.022006
6.4799292E-07,0.021072
6.4804292E-07,0.019826
6.4809292E-07,0.018892
6.4814292E-07,0.017646
6.4819292E-07,0.016712
6.4824292E-07,0.015466
6.4829292E-07,0.014531
6.4834292E-07,0.013908
6.4839292E-07,0.013597
6.4844292E-07,0.013597
6.4849292E-07,0.013908
6.4854292E-07,0.014531
6.4859292E-07,0.015777
6.4864292E-07,0.017334
6.4869292E-07,0.019203
6.4874292E-07,0.021695
6.4879292E-07,0.024498
6.4884292E-07,0.027613
6.4889292E-07,0.031039
6.4894292E-07,0.034465
6.4899292E-07,0.037580
6.4904292E-07,0.041006
6.4909292E-07,0.044120
6.4914292E-07,0.046923
6.4919292E-07,0.049415
6.4924292E-07,0.051595
6.4929292E-07,0.052841
6.4934292E-07,0.053776
6.4939292E-07,0.054087
6.4944292E-07,0.053776
6.4949292E-07,0.052841
6.4954292E-07,0.051284
6.4959292E-07,0.049104
6.4964292E-07,0.046301
6.4969292E-07,0.042874
6.4974292E-07,0.039137
6.4979292E-07,0.034776
6.4984292E-07,0.030416
6.4989292E-07,0.025433
6.4994292E-07,0.020449
6.4999292E-07,0.015466
6.5004292E-07,0.010171
6.5009292E-07,0.004876
6.5014292E-07,-0.000419
6.5019292E-07,-0.005714
6.5024292E-07,-0.010697
6.5029292E-07,-0.015681
6.5034292E-07,-0.020353
6.5039292E-07,-0.025024
6.5044292E-07,-0.029385
6.5049292E-07,-0.033745
6.5054292E-07,-0.037483
6.5059292E-07,-0.041221
6.5064292E-07,-0.044647
6.5069292E-07,-0.047761
6.5074292E-07,-0.050564
6.5079292E-07,-0.053368
6.5084292E-07,-0.055548
6.5089292E-07,-0.057417
6.5094292E-07,-0.058662
6.5099292E-07,-0.059908
6.5104292E-07,-0.060531
6.5109292E-07,-0.060843
6.5114292E-07,-0.060531
6.5119292E-07,-0.059908
6.5124292E-07,-0.058662
6.5129292E-07,-0.057105
6.5134292E-07,-0.055236
6.5139292E-07,-0.052745
6.5144292E-07,-0.049942
6.5149292E-07,-0.046827
6.5154292E-07,-0.043712
6.5159292E-07,-0.039975
6.5164292E-07,-0.036549
6.5169292E-07,-0.032811
6.5174292E-07,-0.029074
6.5179292E-07,-0.025647
6.5184292E-07,-0.022221
6.5189292E-07,-0.019418
6.5194292E-07,-0.016926
6.5199292E-07,-0.014746
6.5204292E-07,-0.012877
6.5209292E-07,-0.011943
6.5214292E-07,-0.011320
6.5219292E-07,-0.011320
6.5224292E-07,-0.011632
6.5229292E-07,-0.012566
6.5234292E-07,-0.014123
6.5239292E-07,-0.015681
6.5244292E-07,-0.017861
6.5249292E-07,-0.020041
6.5254292E-07,-0.022533
6.5259292E-07,-0.025024
6.5264292E-07,-0.027205
6.5269292E-07,-0.029696
6.5274292E-07,-0.031565
6.5279292E-07,-0.033434
6.5284292E-07,-0.034991
6.5289292E-07,-0.036237
6.5294292E-07,-0.037483
6.5299292E-07,-0.038106
6.5304292E-07,-0.038729
6.5309292E-07,-0.039040
6.5314292E-07,-0.039040
6.5319292E-07,-0.039352
6.5324292E-07,-0.039352
6.5329292E-07,-0.039663
6.5334292E-07,-0.039975
6.5339292E-07,-0.040598
6.5344292E-07,-0.041532
6.5349292E-07,-0.042466
6.5354292E-07,-0.044024
6.5359292E-07,-0.045581
6.5364292E-07,-0.047761
6.5369292E-07,-0.049942
6.5374292E-07,-0.052122
6.5379292E-07,-0.054613
6.5384292E-07,-0.057105
6.5389292E-07,-0.059597
6.5394292E-07,-0.062089
6.5399292E-07,-0.064269
6.5404292E-07,-0.066138
6.5409292E-07,-0.068006
6.5414292E-07,-0.069564
6.5419292E-07,-0.070810
6.5424292E-07,-0.072055
6.5429292E-07,-0.072990
6.5434292E-07,-0.073613
6.5439292E-07,-0.073924
