LECROYWaveRunner‘N,20113,Waveform
Segments,1,SegmentSize,4002
Segment,TrigTime,TimeSinceSegment1
#1,12-Dec-2018 11:26:00,0                 
Time,Ampl
4.5694612E-07,0.012456
4.5699612E-07,0.012456
4.5704612E-07,0.012147
4.5709612E-07,0.011838
4.5714612E-07,0.011528
4.5719612E-07,0.011219
4.5724612E-07,0.011219
4.5729612E-07,0.011219
4.5734612E-07,0.011838
4.5739612E-07,0.012456
4.5744612E-07,0.013075
4.5749612E-07,0.014313
4.5754612E-07,0.015861
4.5759612E-07,0.017408
4.5764612E-07,0.019265
4.5769612E-07,0.021431
4.5774612E-07,0.023288
4.5779612E-07,0.025455
4.5784612E-07,0.027621
4.5789612E-07,0.029478
4.5794612E-07,0.031335
4.5799612E-07,0.033191
4.5804612E-07,0.034739
4.5809612E-07,0.036286
4.5814612E-07,0.037524
4.5819612E-07,0.038453
4.5824612E-07,0.039691
4.5829612E-07,0.040309
4.5834612E-07,0.041238
4.5839612E-07,0.041857
4.5844612E-07,0.042785
4.5849612E-07,0.043404
4.5854612E-07,0.044023
4.5859612E-07,0.044642
4.5864612E-07,0.045571
4.5869612E-07,0.046190
4.5874612E-07,0.046809
4.5879612E-07,0.047427
4.5884612E-07,0.048046
4.5889612E-07,0.048356
4.5894612E-07,0.048665
4.5899612E-07,0.048975
4.5904612E-07,0.048975
4.5909612E-07,0.048665
4.5914612E-07,0.048046
4.5919612E-07,0.047427
4.5924612E-07,0.046190
4.5929612E-07,0.044952
4.5934612E-07,0.043404
4.5939612E-07,0.041547
4.5944612E-07,0.039691
4.5949612E-07,0.037215
4.5954612E-07,0.035048
4.5959612E-07,0.032263
4.5964612E-07,0.029478
4.5969612E-07,0.026383
4.5974612E-07,0.023288
4.5979612E-07,0.019884
4.5984612E-07,0.016480
4.5989612E-07,0.013075
4.5994612E-07,0.009362
4.5999612E-07,0.005648
4.6004612E-07,0.001625
4.6009612E-07,-0.002089
4.6014612E-07,-0.006112
4.6019612E-07,-0.010445
4.6024612E-07,-0.014468
4.6029612E-07,-0.018801
4.6034612E-07,-0.022824
4.6039612E-07,-0.027157
4.6044612E-07,-0.031180
4.6049612E-07,-0.035203
4.6054612E-07,-0.039226
4.6059612E-07,-0.042940
4.6064612E-07,-0.046344
4.6069612E-07,-0.049749
4.6074612E-07,-0.053153
4.6079612E-07,-0.055938
4.6084612E-07,-0.058723
4.6089612E-07,-0.061199
4.6094612E-07,-0.063366
4.6099612E-07,-0.065222
4.6104612E-07,-0.066770
4.6109612E-07,-0.068317
4.6114612E-07,-0.069555
4.6119612E-07,-0.070484
4.6124612E-07,-0.071103
4.6129612E-07,-0.071412
4.6134612E-07,-0.071721
4.6139612E-07,-0.071412
4.6144612E-07,-0.071103
4.6149612E-07,-0.070484
4.6154612E-07,-0.069555
4.6159612E-07,-0.068008
4.6164612E-07,-0.066460
4.6169612E-07,-0.064603
4.6174612E-07,-0.062128
4.6179612E-07,-0.059342
4.6184612E-07,-0.056248
4.6189612E-07,-0.052843
4.6194612E-07,-0.049439
4.6199612E-07,-0.045416
4.6204612E-07,-0.041083
4.6209612E-07,-0.037060
4.6214612E-07,-0.032418
4.6219612E-07,-0.028085
4.6224612E-07,-0.023443
4.6229612E-07,-0.019110
4.6234612E-07,-0.014778
4.6239612E-07,-0.010754
4.6244612E-07,-0.007041
4.6249612E-07,-0.003636
4.6254612E-07,-0.000542
4.6259612E-07,0.002244
4.6264612E-07,0.004720
4.6269612E-07,0.006576
4.6274612E-07,0.008124
4.6279612E-07,0.009362
4.6284612E-07,0.009981
4.6289612E-07,0.010290
4.6294612E-07,0.010290
4.6299612E-07,0.009981
4.6304612E-07,0.009362
4.6309612E-07,0.008743
4.6314612E-07,0.007505
4.6319612E-07,0.006267
4.6324612E-07,0.005029
4.6329612E-07,0.003482
4.6334612E-07,0.001934
4.6339612E-07,0.000077
4.6344612E-07,-0.001470
4.6349612E-07,-0.003017
4.6354612E-07,-0.004565
4.6359612E-07,-0.006112
4.6364612E-07,-0.007350
4.6369612E-07,-0.008588
4.6374612E-07,-0.009516
4.6379612E-07,-0.010135
4.6384612E-07,-0.010445
4.6389612E-07,-0.010445
4.6394612E-07,-0.010135
4.6399612E-07,-0.009516
4.6404612E-07,-0.008279
4.6409612E-07,-0.006731
4.6414612E-07,-0.004874
4.6419612E-07,-0.002708
4.6424612E-07,0.000077
4.6429612E-07,0.003172
4.6434612E-07,0.006576
4.6439612E-07,0.009981
4.6444612E-07,0.014004
4.6449612E-07,0.018027
4.6454612E-07,0.022050
4.6459612E-07,0.026074
4.6464612E-07,0.029787
4.6469612E-07,0.033810
4.6474612E-07,0.037524
4.6479612E-07,0.040928
4.6484612E-07,0.044023
4.6489612E-07,0.046809
4.6494612E-07,0.049284
4.6499612E-07,0.051451
4.6504612E-07,0.052998
4.6509612E-07,0.054236
4.6514612E-07,0.054855
4.6519612E-07,0.054855
4.6524612E-07,0.054545
4.6529612E-07,0.053926
4.6534612E-07,0.052379
4.6539612E-07,0.050522
4.6544612E-07,0.048356
4.6549612E-07,0.045571
4.6554612E-07,0.042166
4.6559612E-07,0.038453
4.6564612E-07,0.034120
4.6569612E-07,0.029478
4.6574612E-07,0.024526
4.6579612E-07,0.019265
4.6584612E-07,0.013694
4.6589612E-07,0.007814
4.6594612E-07,0.001934
4.6599612E-07,-0.004255
4.6604612E-07,-0.010135
4.6609612E-07,-0.016325
4.6614612E-07,-0.021896
4.6619612E-07,-0.027776
4.6624612E-07,-0.033037
4.6629612E-07,-0.037988
4.6634612E-07,-0.042631
4.6639612E-07,-0.046963
4.6644612E-07,-0.050986
4.6649612E-07,-0.054391
4.6654612E-07,-0.057485
4.6659612E-07,-0.059961
4.6664612E-07,-0.062437
4.6669612E-07,-0.064294
4.6674612E-07,-0.066151
4.6679612E-07,-0.067389
4.6684612E-07,-0.068627
4.6689612E-07,-0.069865
4.6694612E-07,-0.070484
4.6699612E-07,-0.071412
4.6704612E-07,-0.072031
4.6709612E-07,-0.072650
4.6714612E-07,-0.073269
4.6719612E-07,-0.073578
4.6724612E-07,-0.073888
4.6729612E-07,-0.074197
4.6734612E-07,-0.073888
4.6739612E-07,-0.073888
4.6744612E-07,-0.073269
4.6749612E-07,-0.072650
4.6754612E-07,-0.071721
4.6759612E-07,-0.070484
4.6764612E-07,-0.068936
4.6769612E-07,-0.067079
4.6774612E-07,-0.065222
4.6779612E-07,-0.063056
4.6784612E-07,-0.060580
4.6789612E-07,-0.058104
4.6794612E-07,-0.055629
4.6799612E-07,-0.053153
4.6804612E-07,-0.050986
4.6809612E-07,-0.048820
4.6814612E-07,-0.046654
4.6819612E-07,-0.045106
4.6824612E-07,-0.043559
4.6829612E-07,-0.042321
4.6834612E-07,-0.041702
4.6839612E-07,-0.041083
4.6844612E-07,-0.040774
4.6849612E-07,-0.040774
4.6854612E-07,-0.041083
4.6859612E-07,-0.041702
4.6864612E-07,-0.042321
4.6869612E-07,-0.042940
4.6874612E-07,-0.043559
4.6879612E-07,-0.044178
4.6884612E-07,-0.044797
4.6889612E-07,-0.045416
4.6894612E-07,-0.045725
4.6899612E-07,-0.046035
4.6904612E-07,-0.046344
4.6909612E-07,-0.046035
4.6914612E-07,-0.046035
4.6919612E-07,-0.045725
4.6924612E-07,-0.045106
4.6929612E-07,-0.044487
4.6934612E-07,-0.043868
4.6939612E-07,-0.042940
4.6944612E-07,-0.042012
4.6949612E-07,-0.041083
4.6954612E-07,-0.040155
4.6959612E-07,-0.039226
4.6964612E-07,-0.038298
4.6969612E-07,-0.037369
4.6974612E-07,-0.036441
4.6979612E-07,-0.035513
4.6984612E-07,-0.034584
4.6989612E-07,-0.033656
4.6994612E-07,-0.032727
4.6999612E-07,-0.031799
4.7004612E-07,-0.030870
4.7009612E-07,-0.030251
4.7014612E-07,-0.029632
4.7019612E-07,-0.029014
4.7024612E-07,-0.028704
4.7029612E-07,-0.028704
4.7034612E-07,-0.028704
4.7039612E-07,-0.029014
4.7044612E-07,-0.029632
4.7049612E-07,-0.030561
4.7054612E-07,-0.031799
4.7059612E-07,-0.033346
4.7064612E-07,-0.034894
4.7069612E-07,-0.037060
4.7074612E-07,-0.039226
4.7079612E-07,-0.041702
4.7084612E-07,-0.044487
4.7089612E-07,-0.046963
4.7094612E-07,-0.049749
4.7099612E-07,-0.052534
4.7104612E-07,-0.055319
4.7109612E-07,-0.058104
4.7114612E-07,-0.060580
4.7119612E-07,-0.063056
4.7124612E-07,-0.065222
4.7129612E-07,-0.067079
4.7134612E-07,-0.068936
4.7139612E-07,-0.070484
4.7144612E-07,-0.072031
4.7149612E-07,-0.072959
4.7154612E-07,-0.073888
4.7159612E-07,-0.074816
4.7164612E-07,-0.075126
4.7169612E-07,-0.075745
4.7174612E-07,-0.076054
4.7179612E-07,-0.076054
4.7184612E-07,-0.076054
4.7189612E-07,-0.076054
4.7194612E-07,-0.075745
4.7199612E-07,-0.075745
4.7204612E-07,-0.075435
4.7209612E-07,-0.074816
4.7214612E-07,-0.074197
4.7219612E-07,-0.073578
4.7224612E-07,-0.072650
4.7229612E-07,-0.071721
4.7234612E-07,-0.070484
4.7239612E-07,-0.069246
4.7244612E-07,-0.067698
4.7249612E-07,-0.065841
4.7254612E-07,-0.063985
4.7259612E-07,-0.061509
4.7264612E-07,-0.059033
4.7269612E-07,-0.056557
4.7274612E-07,-0.053772
4.7279612E-07,-0.050677
4.7284612E-07,-0.047273
4.7289612E-07,-0.043868
4.7294612E-07,-0.040464
4.7299612E-07,-0.036750
4.7304612E-07,-0.033037
4.7309612E-07,-0.029323
4.7314612E-07,-0.025919
4.7319612E-07,-0.022205
4.7324612E-07,-0.018801
4.7329612E-07,-0.015706
4.7334612E-07,-0.012611
4.7339612E-07,-0.010135
4.7344612E-07,-0.007660
4.7349612E-07,-0.005803
4.7354612E-07,-0.004255
4.7359612E-07,-0.003017
4.7364612E-07,-0.002398
4.7369612E-07,-0.002089
4.7374612E-07,-0.002398
4.7379612E-07,-0.003017
4.7384612E-07,-0.003946
4.7389612E-07,-0.005184
4.7394612E-07,-0.006731
4.7399612E-07,-0.008279
4.7404612E-07,-0.010135
4.7409612E-07,-0.011992
4.7414612E-07,-0.013849
4.7419612E-07,-0.015397
4.7424612E-07,-0.016944
4.7429612E-07,-0.018182
4.7434612E-07,-0.019420
4.7439612E-07,-0.020039
4.7444612E-07,-0.020658
4.7449612E-07,-0.020967
4.7454612E-07,-0.020967
4.7459612E-07,-0.020967
4.7464612E-07,-0.020658
4.7469612E-07,-0.020348
4.7474612E-07,-0.020348
4.7479612E-07,-0.020039
4.7484612E-07,-0.020039
4.7489612E-07,-0.020348
4.7494612E-07,-0.020967
4.7499612E-07,-0.021586
4.7504612E-07,-0.022824
4.7509612E-07,-0.024371
4.7514612E-07,-0.025919
4.7519612E-07,-0.027776
4.7524612E-07,-0.030251
4.7529612E-07,-0.032418
4.7534612E-07,-0.034894
4.7539612E-07,-0.037369
4.7544612E-07,-0.039536
4.7549612E-07,-0.041702
4.7554612E-07,-0.043559
4.7559612E-07,-0.045416
4.7564612E-07,-0.046654
4.7569612E-07,-0.047892
4.7574612E-07,-0.048511
4.7579612E-07,-0.049130
4.7584612E-07,-0.049130
4.7589612E-07,-0.049130
4.7594612E-07,-0.048820
4.7599612E-07,-0.048201
4.7604612E-07,-0.047892
4.7609612E-07,-0.047273
4.7614612E-07,-0.046654
4.7619612E-07,-0.046035
4.7624612E-07,-0.045725
4.7629612E-07,-0.045416
4.7634612E-07,-0.045106
4.7639612E-07,-0.045106
4.7644612E-07,-0.045106
4.7649612E-07,-0.045106
4.7654612E-07,-0.045106
4.7659612E-07,-0.044797
4.7664612E-07,-0.044797
4.7669612E-07,-0.044487
4.7674612E-07,-0.043868
4.7679612E-07,-0.042940
4.7684612E-07,-0.041702
4.7689612E-07,-0.040464
4.7694612E-07,-0.038607
4.7699612E-07,-0.036750
4.7704612E-07,-0.034584
4.7709612E-07,-0.032418
4.7714612E-07,-0.029942
4.7719612E-07,-0.027466
4.7724612E-07,-0.024990
4.7729612E-07,-0.022824
4.7734612E-07,-0.020967
4.7739612E-07,-0.019110
4.7744612E-07,-0.017872
4.7749612E-07,-0.016944
4.7754612E-07,-0.016634
4.7759612E-07,-0.016634
4.7764612E-07,-0.016944
4.7769612E-07,-0.017872
4.7774612E-07,-0.019420
4.7779612E-07,-0.021277
4.7784612E-07,-0.023443
4.7789612E-07,-0.025919
4.7794612E-07,-0.028395
4.7799612E-07,-0.031180
4.7804612E-07,-0.034275
4.7809612E-07,-0.037060
4.7814612E-07,-0.039845
4.7819612E-07,-0.042940
4.7824612E-07,-0.045416
4.7829612E-07,-0.047892
4.7834612E-07,-0.050368
4.7839612E-07,-0.052534
4.7844612E-07,-0.054700
4.7849612E-07,-0.056248
4.7854612E-07,-0.057795
4.7859612E-07,-0.059342
4.7864612E-07,-0.060271
4.7869612E-07,-0.061509
4.7874612E-07,-0.062128
4.7879612E-07,-0.062747
4.7884612E-07,-0.063056
4.7889612E-07,-0.063366
4.7894612E-07,-0.063366
4.7899612E-07,-0.063366
4.7904612E-07,-0.062747
4.7909612E-07,-0.062437
4.7914612E-07,-0.061509
4.7919612E-07,-0.060580
4.7924612E-07,-0.059342
4.7929612E-07,-0.058104
4.7934612E-07,-0.056867
4.7939612E-07,-0.055319
4.7944612E-07,-0.053772
4.7949612E-07,-0.051915
4.7954612E-07,-0.050368
4.7959612E-07,-0.048820
4.7964612E-07,-0.047273
4.7969612E-07,-0.046035
4.7974612E-07,-0.044797
4.7979612E-07,-0.043868
4.7984612E-07,-0.043250
4.7989612E-07,-0.042940
4.7994612E-07,-0.042940
4.7999612E-07,-0.043250
4.8004612E-07,-0.043868
4.8009612E-07,-0.044797
4.8014612E-07,-0.046035
4.8019612E-07,-0.047582
4.8024612E-07,-0.049439
4.8029612E-07,-0.051296
4.8034612E-07,-0.053462
4.8039612E-07,-0.055938
4.8044612E-07,-0.058414
4.8049612E-07,-0.060890
4.8054612E-07,-0.063366
4.8059612E-07,-0.065532
4.8064612E-07,-0.067698
4.8069612E-07,-0.069555
4.8074612E-07,-0.071103
4.8079612E-07,-0.072340
4.8084612E-07,-0.073269
4.8089612E-07,-0.073888
4.8094612E-07,-0.073888
4.8099612E-07,-0.073269
4.8104612E-07,-0.072340
4.8109612E-07,-0.070793
4.8114612E-07,-0.068936
4.8119612E-07,-0.066770
4.8124612E-07,-0.064294
4.8129612E-07,-0.061199
4.8134612E-07,-0.057795
4.8139612E-07,-0.054391
4.8144612E-07,-0.050677
4.8149612E-07,-0.046963
4.8154612E-07,-0.043250
4.8159612E-07,-0.039226
4.8164612E-07,-0.035513
4.8169612E-07,-0.031799
4.8174612E-07,-0.028395
4.8179612E-07,-0.024681
4.8184612E-07,-0.021586
4.8189612E-07,-0.018491
4.8194612E-07,-0.015397
4.8199612E-07,-0.012302
4.8204612E-07,-0.009516
4.8209612E-07,-0.007041
4.8214612E-07,-0.004255
4.8219612E-07,-0.001779
4.8224612E-07,0.000696
4.8229612E-07,0.003172
4.8234612E-07,0.005648
4.8239612E-07,0.007814
4.8244612E-07,0.009981
4.8249612E-07,0.011838
4.8254612E-07,0.013694
4.8259612E-07,0.015242
4.8264612E-07,0.016480
4.8269612E-07,0.017408
4.8274612E-07,0.018027
4.8279612E-07,0.018027
4.8284612E-07,0.017408
4.8289612E-07,0.016480
4.8294612E-07,0.015242
4.8299612E-07,0.013385
4.8304612E-07,0.010909
4.8309612E-07,0.008124
4.8314612E-07,0.005029
4.8319612E-07,0.001625
4.8324612E-07,-0.001779
4.8329612E-07,-0.005493
4.8334612E-07,-0.008897
4.8339612E-07,-0.012302
4.8344612E-07,-0.015397
4.8349612E-07,-0.018182
4.8354612E-07,-0.020967
4.8359612E-07,-0.022824
4.8364612E-07,-0.024681
4.8369612E-07,-0.025919
4.8374612E-07,-0.026847
4.8379612E-07,-0.027157
4.8384612E-07,-0.027466
4.8389612E-07,-0.027466
4.8394612E-07,-0.027157
4.8399612E-07,-0.026847
4.8404612E-07,-0.026538
4.8409612E-07,-0.026228
4.8414612E-07,-0.026228
4.8419612E-07,-0.026228
4.8424612E-07,-0.026228
4.8429612E-07,-0.026538
4.8434612E-07,-0.027157
4.8439612E-07,-0.027776
4.8444612E-07,-0.028395
4.8449612E-07,-0.029014
4.8454612E-07,-0.029942
4.8459612E-07,-0.030251
4.8464612E-07,-0.030561
4.8469612E-07,-0.030870
4.8474612E-07,-0.030561
4.8479612E-07,-0.029632
4.8484612E-07,-0.028704
4.8489612E-07,-0.027157
4.8494612E-07,-0.025300
4.8499612E-07,-0.023133
4.8504612E-07,-0.020658
4.8509612E-07,-0.017872
4.8514612E-07,-0.015087
4.8519612E-07,-0.012302
4.8524612E-07,-0.009826
4.8529612E-07,-0.007350
4.8534612E-07,-0.005184
4.8539612E-07,-0.003636
4.8544612E-07,-0.002398
4.8549612E-07,-0.001470
4.8554612E-07,-0.001470
4.8559612E-07,-0.001779
4.8564612E-07,-0.002708
4.8569612E-07,-0.004255
4.8574612E-07,-0.006112
4.8579612E-07,-0.008279
4.8584612E-07,-0.010754
4.8589612E-07,-0.013230
4.8594612E-07,-0.016015
4.8599612E-07,-0.018491
4.8604612E-07,-0.020658
4.8609612E-07,-0.022824
4.8614612E-07,-0.024681
4.8619612E-07,-0.026228
4.8624612E-07,-0.027157
4.8629612E-07,-0.028085
4.8634612E-07,-0.028395
4.8639612E-07,-0.028704
4.8644612E-07,-0.028704
4.8649612E-07,-0.028395
4.8654612E-07,-0.028395
4.8659612E-07,-0.028085
4.8664612E-07,-0.028085
4.8669612E-07,-0.028085
4.8674612E-07,-0.028395
4.8679612E-07,-0.029014
4.8684612E-07,-0.029942
4.8689612E-07,-0.030870
4.8694612E-07,-0.032418
4.8699612E-07,-0.033656
4.8704612E-07,-0.035513
4.8709612E-07,-0.037060
4.8714612E-07,-0.038917
4.8719612E-07,-0.040155
4.8724612E-07,-0.041702
4.8729612E-07,-0.042631
4.8734612E-07,-0.043250
4.8739612E-07,-0.043559
4.8744612E-07,-0.043250
4.8749612E-07,-0.042631
4.8754612E-07,-0.041393
4.8759612E-07,-0.039845
4.8764612E-07,-0.037988
4.8769612E-07,-0.035822
4.8774612E-07,-0.033346
4.8779612E-07,-0.030870
4.8784612E-07,-0.028395
4.8789612E-07,-0.025919
4.8794612E-07,-0.023752
4.8799612E-07,-0.021896
4.8804612E-07,-0.020658
4.8809612E-07,-0.019729
4.8814612E-07,-0.019420
4.8819612E-07,-0.019729
4.8824612E-07,-0.020658
4.8829612E-07,-0.022205
4.8834612E-07,-0.024062
4.8839612E-07,-0.026538
4.8844612E-07,-0.029323
4.8849612E-07,-0.032727
4.8854612E-07,-0.035822
4.8859612E-07,-0.039226
4.8864612E-07,-0.042631
4.8869612E-07,-0.046035
4.8874612E-07,-0.048820
4.8879612E-07,-0.051296
4.8884612E-07,-0.053462
4.8889612E-07,-0.054700
4.8894612E-07,-0.055629
4.8899612E-07,-0.055938
4.8904612E-07,-0.055629
4.8909612E-07,-0.054700
4.8914612E-07,-0.053153
4.8919612E-07,-0.050986
4.8924612E-07,-0.048201
4.8929612E-07,-0.045106
4.8934612E-07,-0.041702
4.8939612E-07,-0.037988
4.8944612E-07,-0.033965
4.8949612E-07,-0.029942
4.8954612E-07,-0.025609
4.8959612E-07,-0.021586
4.8964612E-07,-0.017253
4.8969612E-07,-0.012921
4.8974612E-07,-0.008588
4.8979612E-07,-0.004565
4.8984612E-07,-0.000232
4.8989612E-07,0.004101
4.8994612E-07,0.008433
4.8999612E-07,0.012766
4.9004612E-07,0.017408
4.9009612E-07,0.022360
4.9014612E-07,0.027311
4.9019612E-07,0.032573
4.9024612E-07,0.038143
4.9029612E-07,0.043714
4.9034612E-07,0.049903
4.9039612E-07,0.056093
4.9044612E-07,0.062592
4.9049612E-07,0.069091
4.9054612E-07,0.075590
4.9059612E-07,0.082089
4.9064612E-07,0.088279
4.9069612E-07,0.094468
4.9074612E-07,0.100348
4.9079612E-07,0.105609
4.9084612E-07,0.110561
4.9089612E-07,0.115203
4.9094612E-07,0.119226
4.9099612E-07,0.122631
4.9104612E-07,0.125725
4.9109612E-07,0.128201
4.9114612E-07,0.130058
4.9119612E-07,0.131605
4.9124612E-07,0.132843
4.9129612E-07,0.133772
4.9134612E-07,0.134700
4.9139612E-07,0.135629
4.9144612E-07,0.136248
4.9149612E-07,0.137176
4.9154612E-07,0.138414
4.9159612E-07,0.139652
4.9164612E-07,0.141199
4.9169612E-07,0.143056
4.9174612E-07,0.144913
4.9179612E-07,0.147389
4.9184612E-07,0.149865
4.9189612E-07,0.152650
4.9194612E-07,0.155435
4.9199612E-07,0.158221
4.9204612E-07,0.161006
4.9209612E-07,0.163791
4.9214612E-07,0.166576
4.9219612E-07,0.169052
4.9224612E-07,0.171528
4.9229612E-07,0.174004
4.9234612E-07,0.176170
4.9239612E-07,0.178337
4.9244612E-07,0.180812
4.9249612E-07,0.182979
4.9254612E-07,0.185764
4.9259612E-07,0.188549
4.9264612E-07,0.191644
4.9269612E-07,0.195358
4.9274612E-07,0.199691
4.9279612E-07,0.204333
4.9284612E-07,0.209903
4.9289612E-07,0.215783
4.9294612E-07,0.222592
4.9299612E-07,0.229710
4.9304612E-07,0.237447
4.9309612E-07,0.245493
4.9314612E-07,0.253849
4.9319612E-07,0.262515
4.9324612E-07,0.271180
4.9329612E-07,0.279845
4.9334612E-07,0.288201
4.9339612E-07,0.296557
4.9344612E-07,0.304294
4.9349612E-07,0.312031
4.9354612E-07,0.319149
4.9359612E-07,0.326267
4.9364612E-07,0.332766
4.9369612E-07,0.339265
4.9374612E-07,0.345455
4.9379612E-07,0.351954
4.9384612E-07,0.358143
4.9389612E-07,0.364952
4.9394612E-07,0.372070
4.9399612E-07,0.379807
4.9404612E-07,0.388472
4.9409612E-07,0.397756
4.9414612E-07,0.407660
4.9419612E-07,0.418801
4.9424612E-07,0.430870
4.9429612E-07,0.443868
4.9434612E-07,0.457485
4.9439612E-07,0.472340
4.9444612E-07,0.487814
4.9449612E-07,0.503907
4.9454612E-07,0.520309
4.9459612E-07,0.537331
4.9464612E-07,0.554352
4.9469612E-07,0.571683
4.9474612E-07,0.589014
4.9479612E-07,0.606344
4.9484612E-07,0.623366
4.9489612E-07,0.640077
4.9494612E-07,0.656480
4.9499612E-07,0.672573
4.9504612E-07,0.688665
4.9509612E-07,0.704139
4.9514612E-07,0.719304
4.9519612E-07,0.734468
4.9524612E-07,0.749632
4.9529612E-07,0.764178
4.9534612E-07,0.779033
4.9539612E-07,0.793578
4.9544612E-07,0.808124
4.9549612E-07,0.822669
4.9554612E-07,0.837215
4.9559612E-07,0.851451
4.9564612E-07,0.865377
4.9569612E-07,0.879304
4.9574612E-07,0.892921
4.9579612E-07,0.905919
4.9584612E-07,0.918298
4.9589612E-07,0.930368
4.9594612E-07,0.941509
4.9599612E-07,0.951721
4.9604612E-07,0.961006
4.9609612E-07,0.969671
4.9614612E-07,0.977099
4.9619612E-07,0.983288
4.9624612E-07,0.988549
4.9629612E-07,0.992882
4.9634612E-07,0.995977
4.9639612E-07,0.998143
4.9644612E-07,0.999691
4.9649612E-07,1.000000
4.9654612E-07,0.999691
4.9659612E-07,0.998453
4.9664612E-07,0.996905
4.9669612E-07,0.994739
4.9674612E-07,0.991954
4.9679612E-07,0.989168
4.9684612E-07,0.985764
4.9689612E-07,0.982050
4.9694612E-07,0.978337
4.9699612E-07,0.974313
4.9704612E-07,0.969981
4.9709612E-07,0.965338
4.9714612E-07,0.960696
4.9719612E-07,0.955435
4.9724612E-07,0.950174
4.9729612E-07,0.944294
4.9734612E-07,0.938104
4.9739612E-07,0.931605
4.9744612E-07,0.924487
4.9749612E-07,0.917060
4.9754612E-07,0.909014
4.9759612E-07,0.900348
4.9764612E-07,0.891683
4.9769612E-07,0.882398
4.9774612E-07,0.872805
4.9779612E-07,0.862901
4.9784612E-07,0.852998
4.9789612E-07,0.843095
4.9794612E-07,0.833191
4.9799612E-07,0.823288
4.9804612E-07,0.814004
4.9809612E-07,0.804720
4.9814612E-07,0.796364
4.9819612E-07,0.788008
4.9824612E-07,0.780580
4.9829612E-07,0.773462
4.9834612E-07,0.766963
4.9839612E-07,0.761083
4.9844612E-07,0.755822
4.9849612E-07,0.750561
4.9854612E-07,0.745919
4.9859612E-07,0.741277
4.9864612E-07,0.736944
4.9869612E-07,0.732302
4.9874612E-07,0.727660
4.9879612E-07,0.722708
4.9884612E-07,0.717137
4.9889612E-07,0.711567
4.9894612E-07,0.705377
4.9899612E-07,0.698878
4.9904612E-07,0.691760
4.9909612E-07,0.684333
4.9914612E-07,0.676596
4.9919612E-07,0.668859
4.9924612E-07,0.661122
4.9929612E-07,0.653075
4.9934612E-07,0.645648
4.9939612E-07,0.638530
4.9944612E-07,0.632031
4.9949612E-07,0.626460
4.9954612E-07,0.621509
4.9959612E-07,0.617176
4.9964612E-07,0.614081
4.9969612E-07,0.611915
4.9974612E-07,0.610677
4.9979612E-07,0.610368
4.9984612E-07,0.610986
4.9989612E-07,0.611915
4.9994612E-07,0.613772
4.9999612E-07,0.615629
5.0004612E-07,0.618104
5.0009612E-07,0.620271
5.0014612E-07,0.622747
5.0019612E-07,0.624603
5.0024612E-07,0.626460
5.0029612E-07,0.627698
5.0034612E-07,0.628317
5.0039612E-07,0.628627
5.0044612E-07,0.628317
5.0049612E-07,0.627698
5.0054612E-07,0.626770
5.0059612E-07,0.625222
5.0064612E-07,0.623675
5.0069612E-07,0.622128
5.0074612E-07,0.620580
5.0079612E-07,0.619033
5.0084612E-07,0.618104
5.0089612E-07,0.617176
5.0094612E-07,0.616867
5.0099612E-07,0.616557
5.0104612E-07,0.616867
5.0109612E-07,0.617485
5.0114612E-07,0.618414
5.0119612E-07,0.619342
5.0124612E-07,0.620271
5.0129612E-07,0.621199
5.0134612E-07,0.621818
5.0139612E-07,0.621818
5.0144612E-07,0.621509
5.0149612E-07,0.620580
5.0154612E-07,0.619033
5.0159612E-07,0.616557
5.0164612E-07,0.613462
5.0169612E-07,0.609749
5.0174612E-07,0.605106
5.0179612E-07,0.599845
5.0184612E-07,0.593965
5.0189612E-07,0.587776
5.0194612E-07,0.581277
5.0199612E-07,0.574468
5.0204612E-07,0.567660
5.0209612E-07,0.561161
5.0214612E-07,0.554662
5.0219612E-07,0.548472
5.0224612E-07,0.542592
5.0229612E-07,0.537021
5.0234612E-07,0.531760
5.0239612E-07,0.527118
5.0244612E-07,0.522476
5.0249612E-07,0.518143
5.0254612E-07,0.514120
5.0259612E-07,0.509787
5.0264612E-07,0.505764
5.0269612E-07,0.501431
5.0274612E-07,0.496789
5.0279612E-07,0.491838
5.0284612E-07,0.486267
5.0289612E-07,0.480696
5.0294612E-07,0.474507
5.0299612E-07,0.468008
5.0304612E-07,0.461199
5.0309612E-07,0.454081
5.0314612E-07,0.446654
5.0319612E-07,0.439536
5.0324612E-07,0.432108
5.0329612E-07,0.424990
5.0334612E-07,0.417872
5.0339612E-07,0.411373
5.0344612E-07,0.405493
5.0349612E-07,0.399923
5.0354612E-07,0.394971
5.0359612E-07,0.390329
5.0364612E-07,0.386615
5.0369612E-07,0.383211
5.0374612E-07,0.380426
5.0379612E-07,0.377950
5.0384612E-07,0.376093
5.0389612E-07,0.374236
5.0394612E-07,0.372379
5.0399612E-07,0.370522
5.0404612E-07,0.368356
5.0409612E-07,0.366190
5.0414612E-07,0.363714
5.0419612E-07,0.360928
5.0424612E-07,0.357834
5.0429612E-07,0.354120
5.0434612E-07,0.350097
5.0439612E-07,0.345764
5.0444612E-07,0.341122
5.0449612E-07,0.336170
5.0454612E-07,0.331219
5.0459612E-07,0.325957
5.0464612E-07,0.321006
5.0469612E-07,0.316054
5.0474612E-07,0.311721
5.0479612E-07,0.307389
5.0484612E-07,0.303675
5.0489612E-07,0.300271
5.0494612E-07,0.297485
5.0499612E-07,0.295010
5.0504612E-07,0.293153
5.0509612E-07,0.291605
5.0514612E-07,0.290368
5.0519612E-07,0.289439
5.0524612E-07,0.288820
5.0529612E-07,0.288201
5.0534612E-07,0.287582
5.0539612E-07,0.286963
5.0544612E-07,0.286035
5.0549612E-07,0.284797
5.0554612E-07,0.283250
5.0559612E-07,0.281702
5.0564612E-07,0.279536
5.0569612E-07,0.277060
5.0574612E-07,0.274584
5.0579612E-07,0.272108
5.0584612E-07,0.269323
5.0589612E-07,0.266847
5.0594612E-07,0.264681
5.0599612E-07,0.263133
5.0604612E-07,0.261896
5.0609612E-07,0.261277
5.0614612E-07,0.261896
5.0619612E-07,0.263133
5.0624612E-07,0.265609
5.0629612E-07,0.269014
5.0634612E-07,0.273346
5.0639612E-07,0.278917
5.0644612E-07,0.285416
5.0649612E-07,0.292534
5.0654612E-07,0.300580
5.0659612E-07,0.308936
5.0664612E-07,0.317911
5.0669612E-07,0.326576
5.0674612E-07,0.335242
5.0679612E-07,0.343598
5.0684612E-07,0.351025
5.0689612E-07,0.358143
5.0694612E-07,0.364023
5.0699612E-07,0.368975
5.0704612E-07,0.372998
5.0709612E-07,0.375474
5.0714612E-07,0.377021
5.0719612E-07,0.377331
5.0724612E-07,0.377021
5.0729612E-07,0.375474
5.0734612E-07,0.373308
5.0739612E-07,0.370522
5.0744612E-07,0.367427
5.0749612E-07,0.364023
5.0754612E-07,0.360619
5.0759612E-07,0.357524
5.0764612E-07,0.354739
5.0769612E-07,0.352263
5.0774612E-07,0.350097
5.0779612E-07,0.348549
5.0784612E-07,0.347621
5.0789612E-07,0.347002
5.0794612E-07,0.346692
5.0799612E-07,0.346692
5.0804612E-07,0.346692
5.0809612E-07,0.346692
5.0814612E-07,0.346692
5.0819612E-07,0.346383
5.0824612E-07,0.345764
5.0829612E-07,0.344217
5.0834612E-07,0.342360
5.0839612E-07,0.339574
5.0844612E-07,0.336480
5.0849612E-07,0.332456
5.0854612E-07,0.327505
5.0859612E-07,0.322244
5.0864612E-07,0.316364
5.0869612E-07,0.310174
5.0874612E-07,0.303675
5.0879612E-07,0.296867
5.0884612E-07,0.290058
5.0889612E-07,0.283250
5.0894612E-07,0.276441
5.0899612E-07,0.269942
5.0904612E-07,0.263752
5.0909612E-07,0.257872
5.0914612E-07,0.252302
5.0919612E-07,0.247041
5.0924612E-07,0.241779
5.0929612E-07,0.237137
5.0934612E-07,0.232186
5.0939612E-07,0.227544
5.0944612E-07,0.222901
5.0949612E-07,0.217950
5.0954612E-07,0.213308
5.0959612E-07,0.208356
5.0964612E-07,0.203095
5.0969612E-07,0.197834
5.0974612E-07,0.192573
5.0979612E-07,0.187311
5.0984612E-07,0.181741
5.0989612E-07,0.176789
5.0994612E-07,0.171528
5.0999612E-07,0.166886
5.1004612E-07,0.162863
5.1009612E-07,0.158839
5.1014612E-07,0.155745
5.1019612E-07,0.152959
5.1024612E-07,0.151103
5.1029612E-07,0.149555
5.1034612E-07,0.148627
5.1039612E-07,0.148317
5.1044612E-07,0.148627
5.1049612E-07,0.148936
5.1054612E-07,0.149865
5.1059612E-07,0.150484
5.1064612E-07,0.151103
5.1069612E-07,0.151721
5.1074612E-07,0.152031
5.1079612E-07,0.151721
5.1084612E-07,0.151103
5.1089612E-07,0.149865
5.1094612E-07,0.148008
5.1099612E-07,0.145532
5.1104612E-07,0.142128
5.1109612E-07,0.138414
5.1114612E-07,0.134081
5.1119612E-07,0.129439
5.1124612E-07,0.124487
5.1129612E-07,0.119226
5.1134612E-07,0.114275
5.1139612E-07,0.109014
5.1144612E-07,0.104062
5.1149612E-07,0.099110
5.1154612E-07,0.094778
5.1159612E-07,0.091064
5.1164612E-07,0.087660
5.1169612E-07,0.084565
5.1174612E-07,0.082398
5.1179612E-07,0.080232
5.1184612E-07,0.078994
5.1189612E-07,0.077756
5.1194612E-07,0.077137
5.1199612E-07,0.076518
5.1204612E-07,0.076209
5.1209612E-07,0.075899
5.1214612E-07,0.075590
5.1219612E-07,0.075280
5.1224612E-07,0.074662
5.1229612E-07,0.073733
5.1234612E-07,0.072805
5.1239612E-07,0.071567
5.1244612E-07,0.070329
5.1249612E-07,0.068472
5.1254612E-07,0.066925
5.1259612E-07,0.065377
5.1264612E-07,0.063520
5.1269612E-07,0.061973
5.1274612E-07,0.060735
5.1279612E-07,0.059497
5.1284612E-07,0.058878
5.1289612E-07,0.058569
5.1294612E-07,0.058878
5.1299612E-07,0.059497
5.1304612E-07,0.060735
5.1309612E-07,0.062282
5.1314612E-07,0.064449
5.1319612E-07,0.067234
5.1324612E-07,0.070329
5.1329612E-07,0.073733
5.1334612E-07,0.077447
5.1339612E-07,0.081161
5.1344612E-07,0.085184
5.1349612E-07,0.089207
5.1354612E-07,0.093230
5.1359612E-07,0.097253
5.1364612E-07,0.100967
5.1369612E-07,0.104681
5.1374612E-07,0.108395
5.1379612E-07,0.111799
5.1384612E-07,0.115203
5.1389612E-07,0.118298
5.1394612E-07,0.121393
5.1399612E-07,0.124797
5.1404612E-07,0.127892
5.1409612E-07,0.131605
5.1414612E-07,0.135010
5.1419612E-07,0.139033
5.1424612E-07,0.143366
5.1429612E-07,0.147698
5.1434612E-07,0.152340
5.1439612E-07,0.157292
5.1444612E-07,0.162553
5.1449612E-07,0.167814
5.1454612E-07,0.173385
5.1459612E-07,0.178646
5.1464612E-07,0.183598
5.1469612E-07,0.188240
5.1474612E-07,0.192573
5.1479612E-07,0.196286
5.1484612E-07,0.199072
5.1489612E-07,0.201238
5.1494612E-07,0.202476
5.1499612E-07,0.202785
5.1504612E-07,0.202166
5.1509612E-07,0.200619
5.1514612E-07,0.197834
5.1519612E-07,0.194429
5.1524612E-07,0.190406
5.1529612E-07,0.185455
5.1534612E-07,0.180193
5.1539612E-07,0.174623
5.1544612E-07,0.168743
5.1549612E-07,0.162863
5.1554612E-07,0.157292
5.1559612E-07,0.151721
5.1564612E-07,0.146460
5.1569612E-07,0.141509
5.1574612E-07,0.137176
5.1579612E-07,0.133462
5.1584612E-07,0.130058
5.1589612E-07,0.126963
5.1594612E-07,0.124178
5.1599612E-07,0.121702
5.1604612E-07,0.119226
5.1609612E-07,0.117060
5.1614612E-07,0.114584
5.1619612E-07,0.112108
5.1624612E-07,0.109323
5.1629612E-07,0.105919
5.1634612E-07,0.102515
5.1639612E-07,0.098491
5.1644612E-07,0.094159
5.1649612E-07,0.089516
5.1654612E-07,0.084874
5.1659612E-07,0.079923
5.1664612E-07,0.074971
5.1669612E-07,0.070329
5.1674612E-07,0.065687
5.1679612E-07,0.061663
5.1684612E-07,0.058259
5.1689612E-07,0.055474
5.1694612E-07,0.053617
5.1699612E-07,0.052379
5.1704612E-07,0.052070
5.1709612E-07,0.052689
5.1714612E-07,0.054236
5.1719612E-07,0.056402
5.1724612E-07,0.058878
5.1729612E-07,0.062282
5.1734612E-07,0.065996
5.1739612E-07,0.069710
5.1744612E-07,0.073733
5.1749612E-07,0.077756
5.1754612E-07,0.081470
5.1759612E-07,0.084874
5.1764612E-07,0.087969
5.1769612E-07,0.090445
5.1774612E-07,0.092611
5.1779612E-07,0.094468
5.1784612E-07,0.096015
5.1789612E-07,0.096944
5.1794612E-07,0.097872
5.1799612E-07,0.098801
5.1804612E-07,0.099420
5.1809612E-07,0.100039
5.1814612E-07,0.100967
5.1819612E-07,0.102205
5.1824612E-07,0.103443
5.1829612E-07,0.104990
5.1834612E-07,0.106847
5.1839612E-07,0.109014
5.1844612E-07,0.111180
5.1849612E-07,0.113656
5.1854612E-07,0.115822
5.1859612E-07,0.117988
5.1864612E-07,0.120155
5.1869612E-07,0.121702
5.1874612E-07,0.122631
5.1879612E-07,0.122940
5.1884612E-07,0.122631
5.1889612E-07,0.121393
5.1894612E-07,0.119536
5.1899612E-07,0.116750
5.1904612E-07,0.113037
5.1909612E-07,0.108704
5.1914612E-07,0.103752
5.1919612E-07,0.098182
5.1924612E-07,0.091992
5.1929612E-07,0.085803
5.1934612E-07,0.079613
5.1939612E-07,0.073114
5.1944612E-07,0.067234
5.1949612E-07,0.061354
5.1954612E-07,0.056402
5.1959612E-07,0.051760
5.1964612E-07,0.047737
5.1969612E-07,0.044642
5.1974612E-07,0.042476
5.1979612E-07,0.040619
5.1984612E-07,0.040000
5.1989612E-07,0.039691
5.1994612E-07,0.040000
5.1999612E-07,0.040928
5.2004612E-07,0.042166
5.2009612E-07,0.043714
5.2014612E-07,0.045571
5.2019612E-07,0.047427
5.2024612E-07,0.049284
5.2029612E-07,0.051141
5.2034612E-07,0.052689
5.2039612E-07,0.054236
5.2044612E-07,0.055474
5.2049612E-07,0.056402
5.2054612E-07,0.057331
5.2059612E-07,0.057950
5.2064612E-07,0.058259
5.2069612E-07,0.058878
5.2074612E-07,0.059188
5.2079612E-07,0.059497
5.2084612E-07,0.060116
5.2089612E-07,0.060735
5.2094612E-07,0.061354
5.2099612E-07,0.062282
5.2104612E-07,0.063520
5.2109612E-07,0.064758
5.2114612E-07,0.066306
5.2119612E-07,0.067853
5.2124612E-07,0.069400
5.2129612E-07,0.070948
5.2134612E-07,0.072495
5.2139612E-07,0.073424
5.2144612E-07,0.074352
5.2149612E-07,0.074662
5.2154612E-07,0.074662
5.2159612E-07,0.074043
5.2164612E-07,0.072805
5.2169612E-07,0.070948
5.2174612E-07,0.068162
5.2179612E-07,0.065068
5.2184612E-07,0.061354
5.2189612E-07,0.057021
5.2194612E-07,0.052379
5.2199612E-07,0.047427
5.2204612E-07,0.042166
5.2209612E-07,0.036905
5.2214612E-07,0.031954
5.2219612E-07,0.026692
5.2224612E-07,0.022050
5.2229612E-07,0.017718
5.2234612E-07,0.014004
5.2239612E-07,0.010600
5.2244612E-07,0.007814
5.2249612E-07,0.005338
5.2254612E-07,0.003791
5.2259612E-07,0.002244
5.2264612E-07,0.001315
5.2269612E-07,0.000696
5.2274612E-07,0.000077
5.2279612E-07,-0.000232
5.2284612E-07,-0.000851
5.2289612E-07,-0.001470
5.2294612E-07,-0.002398
5.2299612E-07,-0.003636
5.2304612E-07,-0.005184
5.2309612E-07,-0.007041
5.2314612E-07,-0.008897
5.2319612E-07,-0.011373
5.2324612E-07,-0.013849
5.2329612E-07,-0.016325
5.2334612E-07,-0.018801
5.2339612E-07,-0.021277
5.2344612E-07,-0.023133
5.2349612E-07,-0.024681
5.2354612E-07,-0.025300
5.2359612E-07,-0.025300
5.2364612E-07,-0.024681
5.2369612E-07,-0.023133
5.2374612E-07,-0.020348
5.2379612E-07,-0.017253
5.2384612E-07,-0.012921
5.2389612E-07,-0.008279
5.2394612E-07,-0.002708
5.2399612E-07,0.002863
5.2404612E-07,0.009052
5.2409612E-07,0.014932
5.2414612E-07,0.021122
5.2419612E-07,0.026692
5.2424612E-07,0.031644
5.2429612E-07,0.036286
5.2434612E-07,0.040000
5.2439612E-07,0.043095
5.2444612E-07,0.045261
5.2449612E-07,0.046499
5.2454612E-07,0.047118
5.2459612E-07,0.046809
5.2464612E-07,0.045880
5.2469612E-07,0.044642
5.2474612E-07,0.042785
5.2479612E-07,0.040928
5.2484612E-07,0.038762
5.2489612E-07,0.036596
5.2494612E-07,0.034739
5.2499612E-07,0.033191
5.2504612E-07,0.031644
5.2509612E-07,0.030716
5.2514612E-07,0.029787
5.2519612E-07,0.029168
5.2524612E-07,0.028859
5.2529612E-07,0.028549
5.2534612E-07,0.028549
5.2539612E-07,0.028240
5.2544612E-07,0.027621
5.2549612E-07,0.026692
5.2554612E-07,0.025455
5.2559612E-07,0.023907
5.2564612E-07,0.021741
5.2569612E-07,0.019265
5.2574612E-07,0.016170
5.2579612E-07,0.012456
5.2584612E-07,0.008743
5.2589612E-07,0.004720
5.2594612E-07,0.000696
5.2599612E-07,-0.003327
5.2604612E-07,-0.007041
5.2609612E-07,-0.010445
5.2614612E-07,-0.013230
5.2619612E-07,-0.015397
5.2624612E-07,-0.016944
5.2629612E-07,-0.017563
5.2634612E-07,-0.017253
5.2639612E-07,-0.016325
5.2644612E-07,-0.014468
5.2649612E-07,-0.011992
5.2654612E-07,-0.008588
5.2659612E-07,-0.004874
5.2664612E-07,-0.000851
5.2669612E-07,0.003482
5.2674612E-07,0.007814
5.2679612E-07,0.012147
5.2684612E-07,0.016170
5.2689612E-07,0.019574
5.2694612E-07,0.022669
5.2699612E-07,0.025455
5.2704612E-07,0.027311
5.2709612E-07,0.028240
5.2714612E-07,0.028859
5.2719612E-07,0.028549
5.2724612E-07,0.027930
5.2729612E-07,0.026383
5.2734612E-07,0.024526
5.2739612E-07,0.022360
5.2744612E-07,0.020193
5.2749612E-07,0.017718
5.2754612E-07,0.014932
5.2759612E-07,0.012766
5.2764612E-07,0.010290
5.2769612E-07,0.008433
5.2774612E-07,0.006576
5.2779612E-07,0.005029
5.2784612E-07,0.003791
5.2789612E-07,0.002863
5.2794612E-07,0.002244
5.2799612E-07,0.001625
5.2804612E-07,0.001315
5.2809612E-07,0.001006
5.2814612E-07,0.000387
5.2819612E-07,0.000077
5.2824612E-07,-0.000851
5.2829612E-07,-0.001779
5.2834612E-07,-0.002708
5.2839612E-07,-0.004255
5.2844612E-07,-0.005803
5.2849612E-07,-0.007969
5.2854612E-07,-0.009826
5.2859612E-07,-0.012302
5.2864612E-07,-0.014468
5.2869612E-07,-0.016634
5.2874612E-07,-0.018801
5.2879612E-07,-0.020658
5.2884612E-07,-0.022205
5.2889612E-07,-0.023133
5.2894612E-07,-0.023752
5.2899612E-07,-0.023752
5.2904612E-07,-0.022824
5.2909612E-07,-0.021277
5.2914612E-07,-0.019110
5.2919612E-07,-0.016325
5.2924612E-07,-0.012611
5.2929612E-07,-0.008588
5.2934612E-07,-0.003946
5.2939612E-07,0.001006
5.2944612E-07,0.006267
5.2949612E-07,0.011528
5.2954612E-07,0.016789
5.2959612E-07,0.022050
5.2964612E-07,0.027002
5.2969612E-07,0.031644
5.2974612E-07,0.035667
5.2979612E-07,0.039381
5.2984612E-07,0.042476
5.2989612E-07,0.045261
5.2994612E-07,0.047427
5.2999612E-07,0.048975
5.3004612E-07,0.050522
5.3009612E-07,0.051451
5.3014612E-07,0.052379
5.3019612E-07,0.052998
5.3024612E-07,0.053926
5.3029612E-07,0.054855
5.3034612E-07,0.056093
5.3039612E-07,0.057640
5.3044612E-07,0.059188
5.3049612E-07,0.061354
5.3054612E-07,0.063830
5.3059612E-07,0.066615
5.3064612E-07,0.069400
5.3069612E-07,0.072495
5.3074612E-07,0.075280
5.3079612E-07,0.078066
5.3084612E-07,0.080542
5.3089612E-07,0.082398
5.3094612E-07,0.083636
5.3099612E-07,0.084255
5.3104612E-07,0.083946
5.3109612E-07,0.082708
5.3114612E-07,0.080232
5.3119612E-07,0.077137
5.3124612E-07,0.072805
5.3129612E-07,0.067853
5.3134612E-07,0.061973
5.3139612E-07,0.055474
5.3144612E-07,0.048356
5.3149612E-07,0.040928
5.3154612E-07,0.033191
5.3159612E-07,0.025764
5.3164612E-07,0.018337
5.3169612E-07,0.011219
5.3174612E-07,0.004720
5.3179612E-07,-0.001161
5.3184612E-07,-0.006731
5.3189612E-07,-0.011373
5.3194612E-07,-0.015397
5.3199612E-07,-0.018491
5.3204612E-07,-0.021277
5.3209612E-07,-0.023443
5.3214612E-07,-0.024990
5.3219612E-07,-0.026538
5.3224612E-07,-0.027466
5.3229612E-07,-0.028395
5.3234612E-07,-0.029014
5.3239612E-07,-0.029632
5.3244612E-07,-0.030251
5.3249612E-07,-0.030870
5.3254612E-07,-0.031489
5.3259612E-07,-0.032108
5.3264612E-07,-0.032727
5.3269612E-07,-0.032727
5.3274612E-07,-0.032727
5.3279612E-07,-0.032418
5.3284612E-07,-0.031489
5.3289612E-07,-0.030251
5.3294612E-07,-0.028395
5.3299612E-07,-0.025919
5.3304612E-07,-0.022824
5.3309612E-07,-0.019110
5.3314612E-07,-0.015087
5.3319612E-07,-0.010445
5.3324612E-07,-0.005493
5.3329612E-07,-0.000232
5.3334612E-07,0.005029
5.3339612E-07,0.009981
5.3344612E-07,0.014932
5.3349612E-07,0.019265
5.3354612E-07,0.022979
5.3359612E-07,0.026074
5.3364612E-07,0.028549
5.3369612E-07,0.030097
5.3374612E-07,0.030716
5.3379612E-07,0.030406
5.3384612E-07,0.029478
5.3389612E-07,0.027621
5.3394612E-07,0.025145
5.3399612E-07,0.022050
5.3404612E-07,0.018956
5.3409612E-07,0.015551
5.3414612E-07,0.011838
5.3419612E-07,0.008433
5.3424612E-07,0.005338
5.3429612E-07,0.002553
5.3434612E-07,0.000387
5.3439612E-07,-0.001470
5.3444612E-07,-0.002708
5.3449612E-07,-0.003017
5.3454612E-07,-0.003327
5.3459612E-07,-0.002708
5.3464612E-07,-0.001779
5.3469612E-07,-0.000851
5.3474612E-07,0.000696
5.3479612E-07,0.002244
5.3484612E-07,0.003791
5.3489612E-07,0.005029
5.3494612E-07,0.006267
5.3499612E-07,0.006886
5.3504612E-07,0.007505
5.3509612E-07,0.007814
5.3514612E-07,0.007505
5.3519612E-07,0.006886
5.3524612E-07,0.005957
5.3529612E-07,0.004720
5.3534612E-07,0.003172
5.3539612E-07,0.001934
5.3544612E-07,0.000387
5.3549612E-07,-0.001161
5.3554612E-07,-0.002398
5.3559612E-07,-0.003327
5.3564612E-07,-0.003636
5.3569612E-07,-0.003946
5.3574612E-07,-0.003636
5.3579612E-07,-0.003017
5.3584612E-07,-0.001779
5.3589612E-07,0.000077
5.3594612E-07,0.001934
5.3599612E-07,0.004410
5.3604612E-07,0.007195
5.3609612E-07,0.009981
5.3614612E-07,0.013075
5.3619612E-07,0.016480
5.3624612E-07,0.019574
5.3629612E-07,0.022979
5.3634612E-07,0.026383
5.3639612E-07,0.029478
5.3644612E-07,0.032573
5.3649612E-07,0.035667
5.3654612E-07,0.039072
5.3659612E-07,0.042166
5.3664612E-07,0.045261
5.3669612E-07,0.048665
5.3674612E-07,0.052070
5.3679612E-07,0.055783
5.3684612E-07,0.059807
5.3689612E-07,0.064449
5.3694612E-07,0.069091
5.3699612E-07,0.074352
5.3704612E-07,0.079923
5.3709612E-07,0.085803
5.3714612E-07,0.091992
5.3719612E-07,0.098801
5.3724612E-07,0.105609
5.3729612E-07,0.112418
5.3734612E-07,0.119536
5.3739612E-07,0.126344
5.3744612E-07,0.133153
5.3749612E-07,0.139652
5.3754612E-07,0.145532
5.3759612E-07,0.150793
5.3764612E-07,0.155435
5.3769612E-07,0.159458
5.3774612E-07,0.162553
5.3779612E-07,0.164720
5.3784612E-07,0.166267
5.3789612E-07,0.166576
5.3794612E-07,0.166267
5.3799612E-07,0.165338
5.3804612E-07,0.163482
5.3809612E-07,0.161315
5.3814612E-07,0.158530
5.3819612E-07,0.155126
5.3824612E-07,0.152031
5.3829612E-07,0.148317
5.3834612E-07,0.144913
5.3839612E-07,0.141818
5.3844612E-07,0.138723
5.3849612E-07,0.135938
5.3854612E-07,0.133462
5.3859612E-07,0.131296
5.3864612E-07,0.129439
5.3869612E-07,0.127892
5.3874612E-07,0.126344
5.3879612E-07,0.124797
5.3884612E-07,0.123559
5.3889612E-07,0.122012
5.3894612E-07,0.120155
5.3899612E-07,0.117988
5.3904612E-07,0.115513
5.3909612E-07,0.112418
5.3914612E-07,0.109014
5.3919612E-07,0.104990
5.3924612E-07,0.100348
5.3929612E-07,0.095397
5.3934612E-07,0.090135
5.3939612E-07,0.084255
5.3944612E-07,0.078375
5.3949612E-07,0.072805
5.3954612E-07,0.066925
5.3959612E-07,0.061663
5.3964612E-07,0.057021
5.3969612E-07,0.052689
5.3974612E-07,0.048975
5.3979612E-07,0.046499
5.3984612E-07,0.044642
5.3989612E-07,0.043714
5.3994612E-07,0.043404
5.3999612E-07,0.044023
5.4004612E-07,0.045261
5.4009612E-07,0.047118
5.4014612E-07,0.049594
5.4019612E-07,0.052070
5.4024612E-07,0.054545
5.4029612E-07,0.056712
5.4034612E-07,0.058878
5.4039612E-07,0.060426
5.4044612E-07,0.061044
5.4049612E-07,0.061354
5.4054612E-07,0.060735
5.4059612E-07,0.059497
5.4064612E-07,0.057331
5.4069612E-07,0.054236
5.4074612E-07,0.050522
5.4079612E-07,0.046499
5.4084612E-07,0.041857
5.4089612E-07,0.036905
5.4094612E-07,0.031644
5.4099612E-07,0.026692
5.4104612E-07,0.021431
5.4109612E-07,0.016789
5.4114612E-07,0.012147
5.4119612E-07,0.008124
5.4124612E-07,0.004410
5.4129612E-07,0.001315
5.4134612E-07,-0.001470
5.4139612E-07,-0.003946
5.4144612E-07,-0.006112
5.4149612E-07,-0.007969
5.4154612E-07,-0.009826
5.4159612E-07,-0.011373
5.4164612E-07,-0.013230
5.4169612E-07,-0.015087
5.4174612E-07,-0.016944
5.4179612E-07,-0.019110
5.4184612E-07,-0.021586
5.4189612E-07,-0.024371
5.4194612E-07,-0.027466
5.4199612E-07,-0.030870
5.4204612E-07,-0.034275
5.4209612E-07,-0.037679
5.4214612E-07,-0.041083
5.4219612E-07,-0.044487
5.4224612E-07,-0.047892
5.4229612E-07,-0.050677
5.4234612E-07,-0.053462
5.4239612E-07,-0.055938
5.4244612E-07,-0.057795
5.4249612E-07,-0.059342
5.4254612E-07,-0.060580
5.4259612E-07,-0.061509
5.4264612E-07,-0.061818
5.4269612E-07,-0.062128
5.4274612E-07,-0.062128
5.4279612E-07,-0.062128
5.4284612E-07,-0.061818
5.4289612E-07,-0.061818
5.4294612E-07,-0.061818
5.4299612E-07,-0.061818
5.4304612E-07,-0.062128
5.4309612E-07,-0.063056
5.4314612E-07,-0.063985
5.4319612E-07,-0.065222
5.4324612E-07,-0.066770
5.4329612E-07,-0.068627
5.4334612E-07,-0.070484
5.4339612E-07,-0.072650
5.4344612E-07,-0.075126
5.4349612E-07,-0.077292
5.4354612E-07,-0.079768
5.4359612E-07,-0.081934
5.4364612E-07,-0.083791
5.4369612E-07,-0.085648
5.4374612E-07,-0.087195
5.4379612E-07,-0.088743
5.4384612E-07,-0.089671
5.4389612E-07,-0.090290
5.4394612E-07,-0.090600
5.4399612E-07,-0.090600
5.4404612E-07,-0.090290
5.4409612E-07,-0.089671
5.4414612E-07,-0.089052
5.4419612E-07,-0.088433
5.4424612E-07,-0.087505
5.4429612E-07,-0.086576
5.4434612E-07,-0.085648
5.4439612E-07,-0.085029
5.4444612E-07,-0.084101
5.4449612E-07,-0.083791
5.4454612E-07,-0.083172
5.4459612E-07,-0.082863
5.4464612E-07,-0.082863
5.4469612E-07,-0.082863
5.4474612E-07,-0.082863
5.4479612E-07,-0.083172
5.4484612E-07,-0.083172
5.4489612E-07,-0.083172
5.4494612E-07,-0.083172
5.4499612E-07,-0.083172
5.4504612E-07,-0.082863
5.4509612E-07,-0.082244
5.4514612E-07,-0.081315
5.4519612E-07,-0.080077
5.4524612E-07,-0.078530
5.4529612E-07,-0.076673
5.4534612E-07,-0.074816
5.4539612E-07,-0.072650
5.4544612E-07,-0.070174
5.4549612E-07,-0.067389
5.4554612E-07,-0.064913
5.4559612E-07,-0.062128
5.4564612E-07,-0.059342
5.4569612E-07,-0.056867
5.4574612E-07,-0.054391
5.4579612E-07,-0.052224
5.4584612E-07,-0.050058
5.4589612E-07,-0.048201
5.4594612E-07,-0.046654
5.4599612E-07,-0.044797
5.4604612E-07,-0.043250
5.4609612E-07,-0.041702
5.4614612E-07,-0.040155
5.4619612E-07,-0.037988
5.4624612E-07,-0.035822
5.4629612E-07,-0.033346
5.4634612E-07,-0.030251
5.4639612E-07,-0.026538
5.4644612E-07,-0.022515
5.4649612E-07,-0.017563
5.4654612E-07,-0.011992
5.4659612E-07,-0.005803
5.4664612E-07,0.000696
5.4669612E-07,0.007814
5.4674612E-07,0.015242
5.4679612E-07,0.022979
5.4684612E-07,0.030716
5.4689612E-07,0.038453
5.4694612E-07,0.045880
5.4699612E-07,0.052998
5.4704612E-07,0.059497
5.4709612E-07,0.065377
5.4714612E-07,0.070638
5.4719612E-07,0.074971
5.4724612E-07,0.078375
5.4729612E-07,0.080851
5.4734612E-07,0.082708
5.4739612E-07,0.083946
5.4744612E-07,0.084255
5.4749612E-07,0.084255
5.4754612E-07,0.083636
5.4759612E-07,0.083017
5.4764612E-07,0.082089
5.4769612E-07,0.081470
5.4774612E-07,0.080851
5.4779612E-07,0.080851
5.4784612E-07,0.081161
5.4789612E-07,0.081779
5.4794612E-07,0.083327
5.4799612E-07,0.084874
5.4804612E-07,0.087350
5.4809612E-07,0.089826
5.4814612E-07,0.092921
5.4819612E-07,0.096015
5.4824612E-07,0.099420
5.4829612E-07,0.102515
5.4834612E-07,0.105300
5.4839612E-07,0.107776
5.4844612E-07,0.109632
5.4849612E-07,0.111180
5.4854612E-07,0.111799
5.4859612E-07,0.112108
5.4864612E-07,0.111180
5.4869612E-07,0.109942
5.4874612E-07,0.108085
5.4879612E-07,0.105609
5.4884612E-07,0.102824
5.4889612E-07,0.099420
5.4894612E-07,0.096015
5.4899612E-07,0.092302
5.4904612E-07,0.088588
5.4909612E-07,0.084874
5.4914612E-07,0.081470
5.4919612E-07,0.078066
5.4924612E-07,0.074971
5.4929612E-07,0.072186
5.4934612E-07,0.069400
5.4939612E-07,0.066615
5.4944612E-07,0.064139
5.4949612E-07,0.061663
5.4954612E-07,0.059188
5.4959612E-07,0.056402
5.4964612E-07,0.053308
5.4969612E-07,0.050213
5.4974612E-07,0.046809
5.4979612E-07,0.042785
5.4984612E-07,0.038762
5.4989612E-07,0.034429
5.4994612E-07,0.029787
5.4999612E-07,0.025455
5.5004612E-07,0.020812
5.5009612E-07,0.016480
5.5014612E-07,0.012456
5.5019612E-07,0.008743
5.5024612E-07,0.005957
5.5029612E-07,0.003482
5.5034612E-07,0.001934
5.5039612E-07,0.001315
5.5044612E-07,0.001625
5.5049612E-07,0.002863
5.5054612E-07,0.005029
5.5059612E-07,0.007814
5.5064612E-07,0.011528
5.5069612E-07,0.015551
5.5074612E-07,0.020193
5.5079612E-07,0.024836
5.5084612E-07,0.029478
5.5089612E-07,0.034120
5.5094612E-07,0.038453
5.5099612E-07,0.042166
5.5104612E-07,0.045261
5.5109612E-07,0.047737
5.5114612E-07,0.049284
5.5119612E-07,0.049903
5.5124612E-07,0.049594
5.5129612E-07,0.048665
5.5134612E-07,0.046809
5.5139612E-07,0.044333
5.5144612E-07,0.041238
5.5149612E-07,0.037524
5.5154612E-07,0.033810
5.5159612E-07,0.030097
5.5164612E-07,0.026383
5.5169612E-07,0.022669
5.5174612E-07,0.019265
5.5179612E-07,0.016789
5.5184612E-07,0.014313
5.5189612E-07,0.012766
5.5194612E-07,0.012147
5.5199612E-07,0.011838
5.5204612E-07,0.012456
5.5209612E-07,0.013694
5.5214612E-07,0.015242
5.5219612E-07,0.017408
5.5224612E-07,0.020193
5.5229612E-07,0.022979
5.5234612E-07,0.026074
5.5239612E-07,0.029478
5.5244612E-07,0.032573
5.5249612E-07,0.035358
5.5254612E-07,0.038143
5.5259612E-07,0.040619
5.5264612E-07,0.042785
5.5269612E-07,0.044333
5.5274612E-07,0.045571
5.5279612E-07,0.046499
5.5284612E-07,0.046809
5.5289612E-07,0.046809
5.5294612E-07,0.046190
5.5299612E-07,0.045571
5.5304612E-07,0.044642
5.5309612E-07,0.043404
5.5314612E-07,0.041857
5.5319612E-07,0.040309
5.5324612E-07,0.038453
5.5329612E-07,0.036596
5.5334612E-07,0.034739
5.5339612E-07,0.032882
5.5344612E-07,0.031025
5.5349612E-07,0.028859
5.5354612E-07,0.026692
5.5359612E-07,0.024217
5.5364612E-07,0.021741
5.5369612E-07,0.019265
5.5374612E-07,0.016170
5.5379612E-07,0.013075
5.5384612E-07,0.009671
5.5389612E-07,0.005648
5.5394612E-07,0.001625
5.5399612E-07,-0.002398
5.5404612E-07,-0.007041
5.5409612E-07,-0.011683
5.5414612E-07,-0.016325
5.5419612E-07,-0.021277
5.5424612E-07,-0.025919
5.5429612E-07,-0.030870
5.5434612E-07,-0.035203
5.5439612E-07,-0.039536
5.5444612E-07,-0.043250
5.5449612E-07,-0.046654
5.5454612E-07,-0.049749
5.5459612E-07,-0.052224
5.5464612E-07,-0.054391
5.5469612E-07,-0.055938
5.5474612E-07,-0.056867
5.5479612E-07,-0.057795
5.5484612E-07,-0.058104
5.5489612E-07,-0.058414
5.5494612E-07,-0.058414
5.5499612E-07,-0.058414
5.5504612E-07,-0.058104
5.5509612E-07,-0.058104
5.5514612E-07,-0.058414
5.5519612E-07,-0.058723
5.5524612E-07,-0.059033
5.5529612E-07,-0.059961
5.5534612E-07,-0.060890
5.5539612E-07,-0.062128
5.5544612E-07,-0.063366
5.5549612E-07,-0.064913
5.5554612E-07,-0.066151
5.5559612E-07,-0.067698
5.5564612E-07,-0.068627
5.5569612E-07,-0.069865
5.5574612E-07,-0.070484
5.5579612E-07,-0.070484
5.5584612E-07,-0.070484
5.5589612E-07,-0.069865
5.5594612E-07,-0.068936
5.5599612E-07,-0.067698
5.5604612E-07,-0.065841
5.5609612E-07,-0.063985
5.5614612E-07,-0.061818
5.5619612E-07,-0.059652
5.5624612E-07,-0.057485
5.5629612E-07,-0.055319
5.5634612E-07,-0.053772
5.5639612E-07,-0.052224
5.5644612E-07,-0.051296
5.5649612E-07,-0.050986
5.5654612E-07,-0.050986
5.5659612E-07,-0.051605
5.5664612E-07,-0.052534
5.5669612E-07,-0.054081
5.5674612E-07,-0.055938
5.5679612E-07,-0.057795
5.5684612E-07,-0.059961
5.5689612E-07,-0.061818
5.5694612E-07,-0.063675
5.5699612E-07,-0.065222
5.5704612E-07,-0.066460
5.5709612E-07,-0.067079
5.5714612E-07,-0.067079
5.5719612E-07,-0.066460
5.5724612E-07,-0.065222
5.5729612E-07,-0.063366
5.5734612E-07,-0.060890
5.5739612E-07,-0.058104
5.5744612E-07,-0.055010
5.5749612E-07,-0.051605
5.5754612E-07,-0.047892
5.5759612E-07,-0.044487
5.5764612E-07,-0.041083
5.5769612E-07,-0.038298
5.5774612E-07,-0.035822
5.5779612E-07,-0.033965
5.5784612E-07,-0.032418
5.5789612E-07,-0.031799
5.5794612E-07,-0.031799
5.5799612E-07,-0.032108
5.5804612E-07,-0.033346
5.5809612E-07,-0.034894
5.5814612E-07,-0.036441
5.5819612E-07,-0.038607
5.5824612E-07,-0.040774
5.5829612E-07,-0.042940
5.5834612E-07,-0.044797
5.5839612E-07,-0.046344
5.5844612E-07,-0.047582
5.5849612E-07,-0.048511
5.5854612E-07,-0.048820
5.5859612E-07,-0.048511
5.5864612E-07,-0.047582
5.5869612E-07,-0.046344
5.5874612E-07,-0.044797
5.5879612E-07,-0.042631
5.5884612E-07,-0.040155
5.5889612E-07,-0.037679
5.5894612E-07,-0.034894
5.5899612E-07,-0.032108
5.5904612E-07,-0.029632
5.5909612E-07,-0.026847
5.5914612E-07,-0.024681
5.5919612E-07,-0.022515
5.5924612E-07,-0.020658
5.5929612E-07,-0.019110
5.5934612E-07,-0.018182
5.5939612E-07,-0.017253
5.5944612E-07,-0.016634
5.5949612E-07,-0.016015
5.5954612E-07,-0.016015
5.5959612E-07,-0.015706
5.5964612E-07,-0.015706
5.5969612E-07,-0.016015
5.5974612E-07,-0.016015
5.5979612E-07,-0.016015
5.5984612E-07,-0.015706
5.5989612E-07,-0.015706
5.5994612E-07,-0.015397
5.5999612E-07,-0.015087
5.6004612E-07,-0.014778
5.6009612E-07,-0.014159
5.6014612E-07,-0.013849
5.6019612E-07,-0.013540
5.6024612E-07,-0.012921
5.6029612E-07,-0.012921
5.6034612E-07,-0.012921
5.6039612E-07,-0.012921
5.6044612E-07,-0.013230
5.6049612E-07,-0.013849
5.6054612E-07,-0.014778
5.6059612E-07,-0.015706
5.6064612E-07,-0.016944
5.6069612E-07,-0.018491
5.6074612E-07,-0.020348
5.6079612E-07,-0.021896
5.6084612E-07,-0.023752
5.6089612E-07,-0.025609
5.6094612E-07,-0.027466
5.6099612E-07,-0.029014
5.6104612E-07,-0.030561
5.6109612E-07,-0.031489
5.6114612E-07,-0.032418
5.6119612E-07,-0.033037
5.6124612E-07,-0.033346
5.6129612E-07,-0.033037
5.6134612E-07,-0.032727
5.6139612E-07,-0.031799
5.6144612E-07,-0.030870
5.6149612E-07,-0.029632
5.6154612E-07,-0.028085
5.6159612E-07,-0.026538
5.6164612E-07,-0.025300
5.6169612E-07,-0.023752
5.6174612E-07,-0.022824
5.6179612E-07,-0.021896
5.6184612E-07,-0.021277
5.6189612E-07,-0.021277
5.6194612E-07,-0.021586
5.6199612E-07,-0.022515
5.6204612E-07,-0.024062
5.6209612E-07,-0.025919
5.6214612E-07,-0.028085
5.6219612E-07,-0.030870
5.6224612E-07,-0.033656
5.6229612E-07,-0.036750
5.6234612E-07,-0.040155
5.6239612E-07,-0.043250
5.6244612E-07,-0.046654
5.6249612E-07,-0.049439
5.6254612E-07,-0.052224
5.6259612E-07,-0.054391
5.6264612E-07,-0.056248
5.6269612E-07,-0.057795
5.6274612E-07,-0.058723
5.6279612E-07,-0.059342
5.6284612E-07,-0.059342
5.6289612E-07,-0.059033
5.6294612E-07,-0.058104
5.6299612E-07,-0.057485
5.6304612E-07,-0.056248
5.6309612E-07,-0.055319
5.6314612E-07,-0.054081
5.6319612E-07,-0.053462
5.6324612E-07,-0.052534
5.6329612E-07,-0.052224
5.6334612E-07,-0.052224
5.6339612E-07,-0.052534
5.6344612E-07,-0.053153
5.6349612E-07,-0.054081
5.6354612E-07,-0.055010
5.6359612E-07,-0.056557
5.6364612E-07,-0.058104
5.6369612E-07,-0.059652
5.6374612E-07,-0.061199
5.6379612E-07,-0.062747
5.6384612E-07,-0.063985
5.6389612E-07,-0.064913
5.6394612E-07,-0.065532
5.6399612E-07,-0.065841
5.6404612E-07,-0.065841
5.6409612E-07,-0.065222
5.6414612E-07,-0.064603
5.6419612E-07,-0.063366
5.6424612E-07,-0.062128
5.6429612E-07,-0.060580
5.6434612E-07,-0.059033
5.6439612E-07,-0.057485
5.6444612E-07,-0.055938
5.6449612E-07,-0.054391
5.6454612E-07,-0.052843
5.6459612E-07,-0.051605
5.6464612E-07,-0.050677
5.6469612E-07,-0.049749
5.6474612E-07,-0.049130
5.6479612E-07,-0.048201
5.6484612E-07,-0.047582
5.6489612E-07,-0.046963
5.6494612E-07,-0.046035
5.6499612E-07,-0.045106
5.6504612E-07,-0.043868
5.6509612E-07,-0.042321
5.6514612E-07,-0.040464
5.6519612E-07,-0.038298
5.6524612E-07,-0.035513
5.6529612E-07,-0.032727
5.6534612E-07,-0.029323
5.6539612E-07,-0.025609
5.6544612E-07,-0.021896
5.6549612E-07,-0.017872
5.6554612E-07,-0.014159
5.6559612E-07,-0.010135
5.6564612E-07,-0.006422
5.6569612E-07,-0.002708
5.6574612E-07,0.000387
5.6579612E-07,0.003172
5.6584612E-07,0.005648
5.6589612E-07,0.007814
5.6594612E-07,0.009362
5.6599612E-07,0.010600
5.6604612E-07,0.011528
5.6609612E-07,0.011838
5.6614612E-07,0.012147
5.6619612E-07,0.012147
5.6624612E-07,0.012147
5.6629612E-07,0.012147
5.6634612E-07,0.012147
5.6639612E-07,0.012147
5.6644612E-07,0.012456
5.6649612E-07,0.012766
5.6654612E-07,0.013385
5.6659612E-07,0.014313
5.6664612E-07,0.015242
5.6669612E-07,0.016480
5.6674612E-07,0.018027
5.6679612E-07,0.019574
5.6684612E-07,0.020812
5.6689612E-07,0.022360
5.6694612E-07,0.023907
5.6699612E-07,0.024836
5.6704612E-07,0.026074
5.6709612E-07,0.026692
5.6714612E-07,0.027311
5.6719612E-07,0.027621
5.6724612E-07,0.027621
5.6729612E-07,0.027311
5.6734612E-07,0.027002
5.6739612E-07,0.026383
5.6744612E-07,0.025764
5.6749612E-07,0.024836
5.6754612E-07,0.023907
5.6759612E-07,0.023288
5.6764612E-07,0.022669
5.6769612E-07,0.022050
5.6774612E-07,0.022050
5.6779612E-07,0.022050
5.6784612E-07,0.022360
5.6789612E-07,0.022979
5.6794612E-07,0.024217
5.6799612E-07,0.025455
5.6804612E-07,0.027002
5.6809612E-07,0.028859
5.6814612E-07,0.030716
5.6819612E-07,0.032882
5.6824612E-07,0.035048
5.6829612E-07,0.037215
5.6834612E-07,0.039072
5.6839612E-07,0.040928
5.6844612E-07,0.042476
5.6849612E-07,0.043714
5.6854612E-07,0.044642
5.6859612E-07,0.044952
5.6864612E-07,0.044952
5.6869612E-07,0.044642
5.6874612E-07,0.043714
5.6879612E-07,0.042166
5.6884612E-07,0.040619
5.6889612E-07,0.038453
5.6894612E-07,0.035977
5.6899612E-07,0.033501
5.6904612E-07,0.030716
5.6909612E-07,0.027621
5.6914612E-07,0.024836
5.6919612E-07,0.022050
5.6924612E-07,0.019574
5.6929612E-07,0.017099
5.6934612E-07,0.014932
5.6939612E-07,0.012766
5.6944612E-07,0.011219
5.6949612E-07,0.009981
5.6954612E-07,0.009052
5.6959612E-07,0.008433
5.6964612E-07,0.008124
5.6969612E-07,0.007814
5.6974612E-07,0.007814
5.6979612E-07,0.007814
5.6984612E-07,0.007814
5.6989612E-07,0.007814
5.6994612E-07,0.007814
5.6999612E-07,0.007814
5.7004612E-07,0.007505
5.7009612E-07,0.006886
5.7014612E-07,0.006576
5.7019612E-07,0.005648
5.7024612E-07,0.004720
5.7029612E-07,0.003791
5.7034612E-07,0.002863
5.7039612E-07,0.001934
5.7044612E-07,0.001006
5.7049612E-07,0.000387
5.7054612E-07,-0.000232
5.7059612E-07,-0.000542
5.7064612E-07,-0.000542
5.7069612E-07,-0.000232
5.7074612E-07,0.000077
5.7079612E-07,0.001006
5.7084612E-07,0.001934
5.7089612E-07,0.003172
5.7094612E-07,0.004410
5.7099612E-07,0.005648
5.7104612E-07,0.006576
5.7109612E-07,0.007505
5.7114612E-07,0.008433
5.7119612E-07,0.008743
5.7124612E-07,0.008433
5.7129612E-07,0.008124
5.7134612E-07,0.006886
5.7139612E-07,0.005338
5.7144612E-07,0.003172
5.7149612E-07,0.000696
5.7154612E-07,-0.002398
5.7159612E-07,-0.005803
5.7164612E-07,-0.009207
5.7169612E-07,-0.012921
5.7174612E-07,-0.016634
5.7179612E-07,-0.020039
5.7184612E-07,-0.023443
5.7189612E-07,-0.026228
5.7194612E-07,-0.029014
5.7199612E-07,-0.031180
5.7204612E-07,-0.032727
5.7209612E-07,-0.033656
5.7214612E-07,-0.034275
5.7219612E-07,-0.034584
5.7224612E-07,-0.034275
5.7229612E-07,-0.033656
5.7234612E-07,-0.033037
5.7239612E-07,-0.032108
5.7244612E-07,-0.030870
5.7249612E-07,-0.029942
5.7254612E-07,-0.029323
5.7259612E-07,-0.028395
5.7264612E-07,-0.028085
5.7269612E-07,-0.028085
5.7274612E-07,-0.028395
5.7279612E-07,-0.028704
5.7284612E-07,-0.029632
5.7289612E-07,-0.030870
5.7294612E-07,-0.032108
5.7299612E-07,-0.033346
5.7304612E-07,-0.034894
5.7309612E-07,-0.036441
5.7314612E-07,-0.037679
5.7319612E-07,-0.038917
5.7324612E-07,-0.039845
5.7329612E-07,-0.040774
5.7334612E-07,-0.041083
5.7339612E-07,-0.041393
5.7344612E-07,-0.041393
5.7349612E-07,-0.041393
5.7354612E-07,-0.040774
5.7359612E-07,-0.040464
5.7364612E-07,-0.039845
5.7369612E-07,-0.038917
5.7374612E-07,-0.038298
5.7379612E-07,-0.037679
5.7384612E-07,-0.037369
5.7389612E-07,-0.037060
5.7394612E-07,-0.036750
5.7399612E-07,-0.036750
5.7404612E-07,-0.036750
5.7409612E-07,-0.036750
5.7414612E-07,-0.037060
5.7419612E-07,-0.037369
5.7424612E-07,-0.037988
5.7429612E-07,-0.038298
5.7434612E-07,-0.038607
5.7439612E-07,-0.038917
5.7444612E-07,-0.038917
5.7449612E-07,-0.038917
5.7454612E-07,-0.038917
5.7459612E-07,-0.038917
5.7464612E-07,-0.038607
5.7469612E-07,-0.038298
5.7474612E-07,-0.037988
5.7479612E-07,-0.037679
5.7484612E-07,-0.037679
5.7489612E-07,-0.037369
5.7494612E-07,-0.037679
5.7499612E-07,-0.037988
5.7504612E-07,-0.038298
5.7509612E-07,-0.039226
5.7514612E-07,-0.040155
5.7519612E-07,-0.041393
5.7524612E-07,-0.042940
5.7529612E-07,-0.044797
5.7534612E-07,-0.046654
5.7539612E-07,-0.048511
5.7544612E-07,-0.050368
5.7549612E-07,-0.052534
5.7554612E-07,-0.054081
5.7559612E-07,-0.055629
5.7564612E-07,-0.057176
5.7569612E-07,-0.058104
5.7574612E-07,-0.058723
5.7579612E-07,-0.059033
5.7584612E-07,-0.058723
5.7589612E-07,-0.058104
5.7594612E-07,-0.056867
5.7599612E-07,-0.055010
5.7604612E-07,-0.053153
5.7609612E-07,-0.050368
5.7614612E-07,-0.047582
5.7619612E-07,-0.044487
5.7624612E-07,-0.041083
5.7629612E-07,-0.037369
5.7634612E-07,-0.033656
5.7639612E-07,-0.029942
5.7644612E-07,-0.026538
5.7649612E-07,-0.022824
5.7654612E-07,-0.019729
5.7659612E-07,-0.016634
5.7664612E-07,-0.014159
5.7669612E-07,-0.011683
5.7674612E-07,-0.009826
5.7679612E-07,-0.008279
5.7684612E-07,-0.007041
5.7689612E-07,-0.006112
5.7694612E-07,-0.005493
5.7699612E-07,-0.005184
5.7704612E-07,-0.005184
5.7709612E-07,-0.005184
5.7714612E-07,-0.005184
5.7719612E-07,-0.005493
5.7724612E-07,-0.005493
5.7729612E-07,-0.005493
5.7734612E-07,-0.005184
5.7739612E-07,-0.004874
5.7744612E-07,-0.004255
5.7749612E-07,-0.003327
5.7754612E-07,-0.002398
5.7759612E-07,-0.001161
5.7764612E-07,0.000077
5.7769612E-07,0.001315
5.7774612E-07,0.002553
5.7779612E-07,0.003791
5.7784612E-07,0.005029
5.7789612E-07,0.005648
5.7794612E-07,0.006267
5.7799612E-07,0.006267
5.7804612E-07,0.006267
5.7809612E-07,0.005338
5.7814612E-07,0.004410
5.7819612E-07,0.002553
5.7824612E-07,0.000696
5.7829612E-07,-0.001470
5.7834612E-07,-0.004255
5.7839612E-07,-0.007041
5.7844612E-07,-0.009826
5.7849612E-07,-0.012611
5.7854612E-07,-0.015397
5.7859612E-07,-0.017872
5.7864612E-07,-0.020039
5.7869612E-07,-0.022205
5.7874612E-07,-0.023443
5.7879612E-07,-0.024371
5.7884612E-07,-0.024990
5.7889612E-07,-0.024990
5.7894612E-07,-0.024681
5.7899612E-07,-0.024062
5.7904612E-07,-0.023133
5.7909612E-07,-0.021896
5.7914612E-07,-0.020348
5.7919612E-07,-0.019110
5.7924612E-07,-0.017563
5.7929612E-07,-0.016634
5.7934612E-07,-0.015706
5.7939612E-07,-0.015087
5.7944612E-07,-0.014778
5.7949612E-07,-0.014778
5.7954612E-07,-0.015087
5.7959612E-07,-0.016015
5.7964612E-07,-0.016944
5.7969612E-07,-0.018491
5.7974612E-07,-0.020039
5.7979612E-07,-0.021586
5.7984612E-07,-0.023443
5.7989612E-07,-0.025609
5.7994612E-07,-0.027466
5.7999612E-07,-0.029323
5.8004612E-07,-0.030870
5.8009612E-07,-0.032418
5.8014612E-07,-0.033965
5.8019612E-07,-0.035203
5.8024612E-07,-0.036441
5.8029612E-07,-0.037679
5.8034612E-07,-0.038607
5.8039612E-07,-0.039845
5.8044612E-07,-0.041083
5.8049612E-07,-0.042321
5.8054612E-07,-0.043868
5.8059612E-07,-0.045416
5.8064612E-07,-0.047273
5.8069612E-07,-0.049439
5.8074612E-07,-0.051605
5.8079612E-07,-0.053772
5.8084612E-07,-0.056248
5.8089612E-07,-0.058723
5.8094612E-07,-0.061199
5.8099612E-07,-0.063675
5.8104612E-07,-0.066151
5.8109612E-07,-0.068317
5.8114612E-07,-0.070174
5.8119612E-07,-0.071721
5.8124612E-07,-0.072959
5.8129612E-07,-0.073888
5.8134612E-07,-0.074816
5.8139612E-07,-0.075126
5.8144612E-07,-0.075126
5.8149612E-07,-0.074816
5.8154612E-07,-0.074507
5.8159612E-07,-0.074197
5.8164612E-07,-0.073578
5.8169612E-07,-0.072959
5.8174612E-07,-0.072650
5.8179612E-07,-0.072340
5.8184612E-07,-0.072031
5.8189612E-07,-0.072031
5.8194612E-07,-0.072340
5.8199612E-07,-0.072650
5.8204612E-07,-0.073269
5.8209612E-07,-0.073888
5.8214612E-07,-0.074816
5.8219612E-07,-0.075745
5.8224612E-07,-0.076673
5.8229612E-07,-0.077292
5.8234612E-07,-0.077911
5.8239612E-07,-0.078530
5.8244612E-07,-0.078839
5.8249612E-07,-0.078839
5.8254612E-07,-0.078530
5.8259612E-07,-0.077911
5.8264612E-07,-0.076983
5.8269612E-07,-0.075745
5.8274612E-07,-0.074197
5.8279612E-07,-0.072340
5.8284612E-07,-0.070174
5.8289612E-07,-0.068008
5.8294612E-07,-0.065222
5.8299612E-07,-0.062437
5.8304612E-07,-0.059652
5.8309612E-07,-0.056867
5.8314612E-07,-0.053772
5.8319612E-07,-0.050677
5.8324612E-07,-0.047892
5.8329612E-07,-0.044797
5.8334612E-07,-0.042012
5.8339612E-07,-0.039226
5.8344612E-07,-0.036441
5.8349612E-07,-0.033965
5.8354612E-07,-0.031489
5.8359612E-07,-0.029014
5.8364612E-07,-0.027157
5.8369612E-07,-0.024990
5.8374612E-07,-0.023443
5.8379612E-07,-0.021896
5.8384612E-07,-0.020348
5.8389612E-07,-0.019420
5.8394612E-07,-0.018491
5.8399612E-07,-0.017872
5.8404612E-07,-0.017563
5.8409612E-07,-0.017563
5.8414612E-07,-0.017872
5.8419612E-07,-0.018491
5.8424612E-07,-0.019420
5.8429612E-07,-0.020658
5.8434612E-07,-0.022205
5.8439612E-07,-0.023752
5.8444612E-07,-0.025919
5.8449612E-07,-0.028395
5.8454612E-07,-0.030870
5.8459612E-07,-0.033656
5.8464612E-07,-0.036750
5.8469612E-07,-0.039845
5.8474612E-07,-0.043250
5.8479612E-07,-0.046654
5.8484612E-07,-0.049749
5.8489612E-07,-0.053153
5.8494612E-07,-0.056557
5.8499612E-07,-0.059652
5.8504612E-07,-0.062437
5.8509612E-07,-0.064913
5.8514612E-07,-0.067079
5.8519612E-07,-0.068936
5.8524612E-07,-0.070174
5.8529612E-07,-0.071103
5.8534612E-07,-0.071103
5.8539612E-07,-0.071103
5.8544612E-07,-0.070174
5.8549612E-07,-0.068627
5.8554612E-07,-0.066770
5.8559612E-07,-0.064294
5.8564612E-07,-0.061509
5.8569612E-07,-0.058414
5.8574612E-07,-0.055010
5.8579612E-07,-0.051296
5.8584612E-07,-0.047582
5.8589612E-07,-0.043559
5.8594612E-07,-0.039845
5.8599612E-07,-0.036441
5.8604612E-07,-0.033037
5.8609612E-07,-0.029942
5.8614612E-07,-0.027157
5.8619612E-07,-0.024990
5.8624612E-07,-0.022824
5.8629612E-07,-0.020967
5.8634612E-07,-0.019420
5.8639612E-07,-0.017872
5.8644612E-07,-0.016634
5.8649612E-07,-0.015397
5.8654612E-07,-0.013849
5.8659612E-07,-0.012302
5.8664612E-07,-0.010754
5.8669612E-07,-0.008588
5.8674612E-07,-0.006112
5.8679612E-07,-0.003327
5.8684612E-07,-0.000232
5.8689612E-07,0.003482
5.8694612E-07,0.007195
5.8699612E-07,0.011528
5.8704612E-07,0.015861
5.8709612E-07,0.020503
5.8714612E-07,0.025145
5.8719612E-07,0.029478
5.8724612E-07,0.033501
5.8729612E-07,0.037524
5.8734612E-07,0.040928
5.8739612E-07,0.043714
5.8744612E-07,0.045880
5.8749612E-07,0.047427
5.8754612E-07,0.048356
5.8759612E-07,0.048665
5.8764612E-07,0.048356
5.8769612E-07,0.047737
5.8774612E-07,0.046190
5.8779612E-07,0.044642
5.8784612E-07,0.042476
5.8789612E-07,0.040619
5.8794612E-07,0.038453
5.8799612E-07,0.036286
5.8804612E-07,0.034429
5.8809612E-07,0.032573
5.8814612E-07,0.031335
5.8819612E-07,0.030097
5.8824612E-07,0.029478
5.8829612E-07,0.029168
5.8834612E-07,0.029168
5.8839612E-07,0.029478
5.8844612E-07,0.030097
5.8849612E-07,0.030716
5.8854612E-07,0.031644
5.8859612E-07,0.032573
5.8864612E-07,0.033501
5.8869612E-07,0.034429
5.8874612E-07,0.035358
5.8879612E-07,0.035977
5.8884612E-07,0.036596
5.8889612E-07,0.037215
5.8894612E-07,0.037524
5.8899612E-07,0.038143
5.8904612E-07,0.038453
5.8909612E-07,0.039072
5.8914612E-07,0.039691
5.8919612E-07,0.040619
5.8924612E-07,0.041547
5.8929612E-07,0.042476
5.8934612E-07,0.044023
5.8939612E-07,0.045571
5.8944612E-07,0.047427
5.8949612E-07,0.049284
5.8954612E-07,0.051451
5.8959612E-07,0.053617
5.8964612E-07,0.055783
5.8969612E-07,0.057950
5.8974612E-07,0.059807
5.8979612E-07,0.061663
5.8984612E-07,0.063211
5.8989612E-07,0.064449
5.8994612E-07,0.065068
5.8999612E-07,0.065687
5.9004612E-07,0.065687
5.9009612E-07,0.065068
5.9014612E-07,0.064139
5.9019612E-07,0.062901
5.9024612E-07,0.061354
5.9029612E-07,0.059497
5.9034612E-07,0.057021
5.9039612E-07,0.054545
5.9044612E-07,0.052070
5.9049612E-07,0.048975
5.9054612E-07,0.046190
5.9059612E-07,0.043095
5.9064612E-07,0.039691
5.9069612E-07,0.036596
5.9074612E-07,0.033191
5.9079612E-07,0.030097
5.9084612E-07,0.026692
5.9089612E-07,0.023288
5.9094612E-07,0.019574
5.9099612E-07,0.016170
5.9104612E-07,0.012456
5.9109612E-07,0.008743
5.9114612E-07,0.004720
5.9119612E-07,0.000696
5.9124612E-07,-0.003636
5.9129612E-07,-0.007969
5.9134612E-07,-0.012302
5.9139612E-07,-0.016944
5.9144612E-07,-0.021277
5.9149612E-07,-0.025919
5.9154612E-07,-0.030561
5.9159612E-07,-0.035203
5.9164612E-07,-0.039536
5.9169612E-07,-0.043868
5.9174612E-07,-0.047892
5.9179612E-07,-0.051605
5.9184612E-07,-0.055010
5.9189612E-07,-0.058104
5.9194612E-07,-0.060890
5.9199612E-07,-0.063366
5.9204612E-07,-0.065222
5.9209612E-07,-0.066770
5.9214612E-07,-0.067389
5.9219612E-07,-0.068008
5.9224612E-07,-0.067698
5.9229612E-07,-0.067079
5.9234612E-07,-0.065841
5.9239612E-07,-0.063985
5.9244612E-07,-0.061818
5.9249612E-07,-0.059033
5.9254612E-07,-0.055938
5.9259612E-07,-0.052534
5.9264612E-07,-0.049130
5.9269612E-07,-0.045106
5.9274612E-07,-0.041083
5.9279612E-07,-0.037060
5.9284612E-07,-0.033037
5.9289612E-07,-0.029014
5.9294612E-07,-0.024990
5.9299612E-07,-0.021277
5.9304612E-07,-0.017872
5.9309612E-07,-0.014468
5.9314612E-07,-0.011683
5.9319612E-07,-0.008897
5.9324612E-07,-0.006422
5.9329612E-07,-0.004255
5.9334612E-07,-0.002398
5.9339612E-07,-0.000542
5.9344612E-07,0.001006
5.9349612E-07,0.002553
5.9354612E-07,0.003791
5.9359612E-07,0.005029
5.9364612E-07,0.006267
5.9369612E-07,0.007505
5.9374612E-07,0.008433
5.9379612E-07,0.009671
5.9384612E-07,0.010909
5.9389612E-07,0.011838
5.9394612E-07,0.012766
5.9399612E-07,0.014004
5.9404612E-07,0.014623
5.9409612E-07,0.015551
5.9414612E-07,0.016170
5.9419612E-07,0.016480
5.9424612E-07,0.016789
5.9429612E-07,0.016789
5.9434612E-07,0.016480
5.9439612E-07,0.015861
5.9444612E-07,0.014932
5.9449612E-07,0.014004
5.9454612E-07,0.012766
5.9459612E-07,0.011219
5.9464612E-07,0.009671
5.9469612E-07,0.007814
5.9474612E-07,0.005957
5.9479612E-07,0.003791
5.9484612E-07,0.001625
5.9489612E-07,-0.000851
5.9494612E-07,-0.003327
5.9499612E-07,-0.005803
5.9504612E-07,-0.008279
5.9509612E-07,-0.011064
5.9514612E-07,-0.013849
5.9519612E-07,-0.016944
5.9524612E-07,-0.020039
5.9529612E-07,-0.023133
5.9534612E-07,-0.026538
5.9539612E-07,-0.029942
5.9544612E-07,-0.033346
5.9549612E-07,-0.037060
5.9554612E-07,-0.040774
5.9559612E-07,-0.044178
5.9564612E-07,-0.047892
5.9569612E-07,-0.051296
5.9574612E-07,-0.054391
5.9579612E-07,-0.057485
5.9584612E-07,-0.060271
5.9589612E-07,-0.062747
5.9594612E-07,-0.064913
5.9599612E-07,-0.066770
5.9604612E-07,-0.068008
5.9609612E-07,-0.068936
5.9614612E-07,-0.069865
5.9619612E-07,-0.070174
5.9624612E-07,-0.070174
5.9629612E-07,-0.069865
5.9634612E-07,-0.069555
5.9639612E-07,-0.068936
5.9644612E-07,-0.068317
5.9649612E-07,-0.068008
5.9654612E-07,-0.067389
5.9659612E-07,-0.066770
5.9664612E-07,-0.066460
5.9669612E-07,-0.066460
5.9674612E-07,-0.066460
5.9679612E-07,-0.066460
5.9684612E-07,-0.066770
5.9689612E-07,-0.067079
5.9694612E-07,-0.067389
5.9699612E-07,-0.067698
5.9704612E-07,-0.068008
5.9709612E-07,-0.068008
5.9714612E-07,-0.068008
5.9719612E-07,-0.067698
5.9724612E-07,-0.067389
5.9729612E-07,-0.066770
5.9734612E-07,-0.065841
5.9739612E-07,-0.064603
5.9744612E-07,-0.063056
5.9749612E-07,-0.061509
5.9754612E-07,-0.059652
5.9759612E-07,-0.057795
5.9764612E-07,-0.055938
5.9769612E-07,-0.053772
5.9774612E-07,-0.051605
5.9779612E-07,-0.049439
5.9784612E-07,-0.047273
5.9789612E-07,-0.045416
5.9794612E-07,-0.043250
5.9799612E-07,-0.041393
5.9804612E-07,-0.039536
5.9809612E-07,-0.037679
5.9814612E-07,-0.035822
5.9819612E-07,-0.033965
5.9824612E-07,-0.032108
5.9829612E-07,-0.030251
5.9834612E-07,-0.028395
5.9839612E-07,-0.026228
5.9844612E-07,-0.024062
5.9849612E-07,-0.021586
5.9854612E-07,-0.019110
5.9859612E-07,-0.016634
5.9864612E-07,-0.014159
5.9869612E-07,-0.011373
5.9874612E-07,-0.008588
5.9879612E-07,-0.006112
5.9884612E-07,-0.003327
5.9889612E-07,-0.000851
5.9894612E-07,0.001315
5.9899612E-07,0.003791
5.9904612E-07,0.005957
5.9909612E-07,0.007814
5.9914612E-07,0.009671
5.9919612E-07,0.011219
5.9924612E-07,0.012766
5.9929612E-07,0.014313
5.9934612E-07,0.015861
5.9939612E-07,0.017099
5.9944612E-07,0.018646
5.9949612E-07,0.020193
5.9954612E-07,0.021741
5.9959612E-07,0.023288
5.9964612E-07,0.024836
5.9969612E-07,0.026692
5.9974612E-07,0.028859
5.9979612E-07,0.031025
5.9984612E-07,0.033191
5.9989612E-07,0.035358
5.9994612E-07,0.037524
5.9999612E-07,0.040000
6.0004612E-07,0.042166
6.0009612E-07,0.044023
6.0014612E-07,0.046190
6.0019612E-07,0.047737
6.0024612E-07,0.049284
6.0029612E-07,0.050213
6.0034612E-07,0.050832
6.0039612E-07,0.051141
6.0044612E-07,0.050832
6.0049612E-07,0.050213
6.0054612E-07,0.048665
6.0059612E-07,0.046809
6.0064612E-07,0.044333
6.0069612E-07,0.041547
6.0074612E-07,0.037834
6.0079612E-07,0.033810
6.0084612E-07,0.029478
6.0089612E-07,0.024526
6.0094612E-07,0.019265
6.0099612E-07,0.014004
6.0104612E-07,0.008433
6.0109612E-07,0.002863
6.0114612E-07,-0.002708
6.0119612E-07,-0.008279
6.0124612E-07,-0.013230
6.0129612E-07,-0.017872
6.0134612E-07,-0.022205
6.0139612E-07,-0.025609
6.0144612E-07,-0.028395
6.0149612E-07,-0.030561
6.0154612E-07,-0.031799
6.0159612E-07,-0.032418
6.0164612E-07,-0.031799
6.0169612E-07,-0.030561
6.0174612E-07,-0.028704
6.0179612E-07,-0.025919
6.0184612E-07,-0.022824
6.0189612E-07,-0.019110
6.0194612E-07,-0.014778
6.0199612E-07,-0.010445
6.0204612E-07,-0.005803
6.0209612E-07,-0.001161
6.0214612E-07,0.003482
6.0219612E-07,0.007814
6.0224612E-07,0.011838
6.0229612E-07,0.015242
6.0234612E-07,0.018337
6.0239612E-07,0.020812
6.0244612E-07,0.022669
6.0249612E-07,0.024217
6.0254612E-07,0.024836
6.0259612E-07,0.025145
6.0264612E-07,0.024836
6.0269612E-07,0.023907
6.0274612E-07,0.022669
6.0279612E-07,0.021122
6.0284612E-07,0.018956
6.0289612E-07,0.016480
6.0294612E-07,0.013694
6.0299612E-07,0.010600
6.0304612E-07,0.007505
6.0309612E-07,0.003791
6.0314612E-07,0.000077
6.0319612E-07,-0.003946
6.0324612E-07,-0.007969
6.0329612E-07,-0.012302
6.0334612E-07,-0.016944
6.0339612E-07,-0.021586
6.0344612E-07,-0.026228
6.0349612E-07,-0.031180
6.0354612E-07,-0.035822
6.0359612E-07,-0.040464
6.0364612E-07,-0.045106
6.0369612E-07,-0.049439
6.0374612E-07,-0.053462
6.0379612E-07,-0.057176
6.0384612E-07,-0.060580
6.0389612E-07,-0.063366
6.0394612E-07,-0.065532
6.0399612E-07,-0.067389
6.0404612E-07,-0.068317
6.0409612E-07,-0.068936
6.0414612E-07,-0.068627
6.0419612E-07,-0.068008
6.0424612E-07,-0.066770
6.0429612E-07,-0.065222
6.0434612E-07,-0.063056
6.0439612E-07,-0.060580
6.0444612E-07,-0.058104
6.0449612E-07,-0.055319
6.0454612E-07,-0.052224
6.0459612E-07,-0.049439
6.0464612E-07,-0.046654
6.0469612E-07,-0.043868
6.0474612E-07,-0.041083
6.0479612E-07,-0.038607
6.0484612E-07,-0.036132
6.0489612E-07,-0.033965
6.0494612E-07,-0.032108
6.0499612E-07,-0.029942
6.0504612E-07,-0.028085
6.0509612E-07,-0.026228
6.0514612E-07,-0.024371
6.0519612E-07,-0.022515
6.0524612E-07,-0.020348
6.0529612E-07,-0.018491
6.0534612E-07,-0.016325
6.0539612E-07,-0.013849
6.0544612E-07,-0.011683
6.0549612E-07,-0.009207
6.0554612E-07,-0.007041
6.0559612E-07,-0.004565
6.0564612E-07,-0.002398
6.0569612E-07,-0.000232
6.0574612E-07,0.001934
6.0579612E-07,0.003791
6.0584612E-07,0.005338
6.0589612E-07,0.006576
6.0594612E-07,0.007505
6.0599612E-07,0.008433
6.0604612E-07,0.008743
6.0609612E-07,0.008743
6.0614612E-07,0.008743
6.0619612E-07,0.008124
6.0624612E-07,0.007814
6.0629612E-07,0.006886
6.0634612E-07,0.005957
6.0639612E-07,0.005029
6.0644612E-07,0.003791
6.0649612E-07,0.002863
6.0654612E-07,0.001625
6.0659612E-07,0.000387
6.0664612E-07,-0.000542
6.0669612E-07,-0.001470
6.0674612E-07,-0.002398
6.0679612E-07,-0.003327
6.0684612E-07,-0.004255
6.0689612E-07,-0.005184
6.0694612E-07,-0.006112
6.0699612E-07,-0.007041
6.0704612E-07,-0.007969
6.0709612E-07,-0.008897
6.0714612E-07,-0.009826
6.0719612E-07,-0.010754
6.0724612E-07,-0.011992
6.0729612E-07,-0.013540
6.0734612E-07,-0.014778
6.0739612E-07,-0.016325
6.0744612E-07,-0.018182
6.0749612E-07,-0.020039
6.0754612E-07,-0.022205
6.0759612E-07,-0.024371
6.0764612E-07,-0.026847
6.0769612E-07,-0.029323
6.0774612E-07,-0.032108
6.0779612E-07,-0.034894
6.0784612E-07,-0.037988
6.0789612E-07,-0.041083
6.0794612E-07,-0.044487
6.0799612E-07,-0.047892
6.0804612E-07,-0.051296
6.0809612E-07,-0.054700
6.0814612E-07,-0.058104
6.0819612E-07,-0.061818
6.0824612E-07,-0.065222
6.0829612E-07,-0.068317
6.0834612E-07,-0.071721
6.0839612E-07,-0.074816
6.0844612E-07,-0.077911
6.0849612E-07,-0.080696
6.0854612E-07,-0.083482
6.0859612E-07,-0.085957
6.0864612E-07,-0.088433
6.0869612E-07,-0.090600
6.0874612E-07,-0.092766
6.0879612E-07,-0.094932
6.0884612E-07,-0.096789
6.0889612E-07,-0.098646
6.0894612E-07,-0.100193
6.0899612E-07,-0.102050
6.0904612E-07,-0.103598
6.0909612E-07,-0.104836
6.0914612E-07,-0.106383
6.0919612E-07,-0.107621
6.0924612E-07,-0.108549
6.0929612E-07,-0.109478
6.0934612E-07,-0.110097
6.0939612E-07,-0.110406
6.0944612E-07,-0.110406
6.0949612E-07,-0.110097
6.0954612E-07,-0.109478
6.0959612E-07,-0.108549
6.0964612E-07,-0.107311
6.0969612E-07,-0.105455
6.0974612E-07,-0.103598
6.0979612E-07,-0.101122
6.0984612E-07,-0.098646
6.0989612E-07,-0.095551
6.0994612E-07,-0.092456
6.0999612E-07,-0.089362
6.1004612E-07,-0.085957
6.1009612E-07,-0.082863
6.1014612E-07,-0.079458
6.1019612E-07,-0.076364
6.1024612E-07,-0.073269
6.1029612E-07,-0.070793
6.1034612E-07,-0.068008
6.1039612E-07,-0.065841
6.1044612E-07,-0.063675
6.1049612E-07,-0.061818
6.1054612E-07,-0.060271
6.1059612E-07,-0.059033
6.1064612E-07,-0.057795
6.1069612E-07,-0.056867
6.1074612E-07,-0.055938
6.1079612E-07,-0.055319
6.1084612E-07,-0.054700
6.1089612E-07,-0.053772
6.1094612E-07,-0.053462
6.1099612E-07,-0.052843
6.1104612E-07,-0.052224
6.1109612E-07,-0.051605
6.1114612E-07,-0.050986
6.1119612E-07,-0.050368
6.1124612E-07,-0.050058
6.1129612E-07,-0.049439
6.1134612E-07,-0.049130
6.1139612E-07,-0.048511
6.1144612E-07,-0.048201
6.1149612E-07,-0.047892
6.1154612E-07,-0.047273
6.1159612E-07,-0.046963
6.1164612E-07,-0.046344
6.1169612E-07,-0.045725
6.1174612E-07,-0.044797
6.1179612E-07,-0.043868
6.1184612E-07,-0.042631
6.1189612E-07,-0.041083
6.1194612E-07,-0.039536
6.1199612E-07,-0.037369
6.1204612E-07,-0.035203
6.1209612E-07,-0.032418
6.1214612E-07,-0.029632
6.1219612E-07,-0.026538
6.1224612E-07,-0.023443
6.1229612E-07,-0.020039
6.1234612E-07,-0.016944
6.1239612E-07,-0.013540
6.1244612E-07,-0.010445
6.1249612E-07,-0.007350
6.1254612E-07,-0.004565
6.1259612E-07,-0.002089
6.1264612E-07,0.000077
6.1269612E-07,0.001625
6.1274612E-07,0.002863
6.1279612E-07,0.003791
6.1284612E-07,0.004410
6.1289612E-07,0.004410
6.1294612E-07,0.004101
6.1299612E-07,0.003791
6.1304612E-07,0.002863
6.1309612E-07,0.001625
6.1314612E-07,0.000387
6.1319612E-07,-0.000851
6.1324612E-07,-0.002398
6.1329612E-07,-0.003946
6.1334612E-07,-0.005493
6.1339612E-07,-0.007041
6.1344612E-07,-0.008279
6.1349612E-07,-0.009826
6.1354612E-07,-0.011373
6.1359612E-07,-0.012921
6.1364612E-07,-0.014468
6.1369612E-07,-0.016015
6.1374612E-07,-0.017563
6.1379612E-07,-0.019420
6.1384612E-07,-0.020967
6.1389612E-07,-0.022824
6.1394612E-07,-0.024371
6.1399612E-07,-0.026228
6.1404612E-07,-0.027776
6.1409612E-07,-0.029632
6.1414612E-07,-0.031180
6.1419612E-07,-0.032727
6.1424612E-07,-0.033965
6.1429612E-07,-0.035203
6.1434612E-07,-0.036132
6.1439612E-07,-0.037060
6.1444612E-07,-0.037679
6.1449612E-07,-0.037988
6.1454612E-07,-0.038298
6.1459612E-07,-0.038298
6.1464612E-07,-0.038298
6.1469612E-07,-0.037988
6.1474612E-07,-0.037988
6.1479612E-07,-0.037679
6.1484612E-07,-0.037679
6.1489612E-07,-0.037679
6.1494612E-07,-0.037988
6.1499612E-07,-0.038298
6.1504612E-07,-0.038917
6.1509612E-07,-0.039845
6.1514612E-07,-0.040774
6.1519612E-07,-0.042012
6.1524612E-07,-0.043559
6.1529612E-07,-0.045416
6.1534612E-07,-0.047273
6.1539612E-07,-0.049130
6.1544612E-07,-0.050986
6.1549612E-07,-0.052843
6.1554612E-07,-0.054700
6.1559612E-07,-0.056557
6.1564612E-07,-0.057795
6.1569612E-07,-0.059033
6.1574612E-07,-0.059961
6.1579612E-07,-0.060271
6.1584612E-07,-0.060271
6.1589612E-07,-0.059961
6.1594612E-07,-0.059033
6.1599612E-07,-0.057795
6.1604612E-07,-0.055938
6.1609612E-07,-0.053772
6.1614612E-07,-0.051296
6.1619612E-07,-0.048201
6.1624612E-07,-0.045106
6.1629612E-07,-0.041393
6.1634612E-07,-0.037679
6.1639612E-07,-0.033656
6.1644612E-07,-0.029323
6.1649612E-07,-0.024990
6.1654612E-07,-0.020658
6.1659612E-07,-0.016325
6.1664612E-07,-0.011992
6.1669612E-07,-0.007969
6.1674612E-07,-0.004255
6.1679612E-07,-0.000542
6.1684612E-07,0.002863
6.1689612E-07,0.005648
6.1694612E-07,0.008124
6.1699612E-07,0.010290
6.1704612E-07,0.011838
6.1709612E-07,0.012766
6.1714612E-07,0.013385
6.1719612E-07,0.013385
6.1724612E-07,0.012766
6.1729612E-07,0.011528
6.1734612E-07,0.009671
6.1739612E-07,0.007505
6.1744612E-07,0.005029
6.1749612E-07,0.001934
6.1754612E-07,-0.001470
6.1759612E-07,-0.005493
6.1764612E-07,-0.009516
6.1769612E-07,-0.014159
6.1774612E-07,-0.018801
6.1779612E-07,-0.023443
6.1784612E-07,-0.028395
6.1789612E-07,-0.033656
6.1794612E-07,-0.038607
6.1799612E-07,-0.043868
6.1804612E-07,-0.049130
6.1809612E-07,-0.054081
6.1814612E-07,-0.059033
6.1819612E-07,-0.063985
6.1824612E-07,-0.068627
6.1829612E-07,-0.073269
6.1834612E-07,-0.077292
6.1839612E-07,-0.081315
6.1844612E-07,-0.085029
6.1849612E-07,-0.088124
6.1854612E-07,-0.091219
6.1859612E-07,-0.093385
6.1864612E-07,-0.095551
6.1869612E-07,-0.097099
6.1874612E-07,-0.098027
6.1879612E-07,-0.098646
6.1884612E-07,-0.098956
6.1889612E-07,-0.098646
6.1894612E-07,-0.098027
6.1899612E-07,-0.097099
6.1904612E-07,-0.095861
6.1909612E-07,-0.094313
6.1914612E-07,-0.092456
6.1919612E-07,-0.090600
6.1924612E-07,-0.088433
6.1929612E-07,-0.086576
6.1934612E-07,-0.084410
6.1939612E-07,-0.082553
6.1944612E-07,-0.080696
6.1949612E-07,-0.079149
6.1954612E-07,-0.077602
6.1959612E-07,-0.076054
6.1964612E-07,-0.074816
6.1969612E-07,-0.073578
6.1974612E-07,-0.072650
6.1979612E-07,-0.071412
6.1984612E-07,-0.070484
6.1989612E-07,-0.069555
6.1994612E-07,-0.068317
6.1999612E-07,-0.067389
6.2004612E-07,-0.066151
6.2009612E-07,-0.064913
6.2014612E-07,-0.063366
6.2019612E-07,-0.061818
6.2024612E-07,-0.060271
6.2029612E-07,-0.058414
6.2034612E-07,-0.056557
6.2039612E-07,-0.055010
6.2044612E-07,-0.053153
6.2049612E-07,-0.051605
6.2054612E-07,-0.050058
6.2059612E-07,-0.048820
6.2064612E-07,-0.047582
6.2069612E-07,-0.046654
6.2074612E-07,-0.045725
6.2079612E-07,-0.045106
6.2084612E-07,-0.044797
6.2089612E-07,-0.044797
6.2094612E-07,-0.044797
6.2099612E-07,-0.045106
6.2104612E-07,-0.045416
6.2109612E-07,-0.045725
6.2114612E-07,-0.046344
6.2119612E-07,-0.046654
6.2124612E-07,-0.047273
6.2129612E-07,-0.047892
6.2134612E-07,-0.048511
6.2139612E-07,-0.049130
6.2144612E-07,-0.049749
6.2149612E-07,-0.050058
6.2154612E-07,-0.050677
6.2159612E-07,-0.051296
6.2164612E-07,-0.051915
6.2169612E-07,-0.052224
6.2174612E-07,-0.052843
6.2179612E-07,-0.053462
6.2184612E-07,-0.054081
6.2189612E-07,-0.054391
6.2194612E-07,-0.055010
6.2199612E-07,-0.055319
6.2204612E-07,-0.055629
6.2209612E-07,-0.055938
6.2214612E-07,-0.055938
6.2219612E-07,-0.055629
6.2224612E-07,-0.055010
6.2229612E-07,-0.054391
6.2234612E-07,-0.053462
6.2239612E-07,-0.052224
6.2244612E-07,-0.050677
6.2249612E-07,-0.048820
6.2254612E-07,-0.046654
6.2259612E-07,-0.044487
6.2264612E-07,-0.042012
6.2269612E-07,-0.039536
6.2274612E-07,-0.037060
6.2279612E-07,-0.034584
6.2284612E-07,-0.032108
6.2289612E-07,-0.029632
6.2294612E-07,-0.027466
6.2299612E-07,-0.025609
6.2304612E-07,-0.023752
6.2309612E-07,-0.022205
6.2314612E-07,-0.021277
6.2319612E-07,-0.020348
6.2324612E-07,-0.019729
6.2329612E-07,-0.019110
6.2334612E-07,-0.019110
6.2339612E-07,-0.019110
6.2344612E-07,-0.019420
6.2349612E-07,-0.019729
6.2354612E-07,-0.020039
6.2359612E-07,-0.020658
6.2364612E-07,-0.020967
6.2369612E-07,-0.021586
6.2374612E-07,-0.021896
6.2379612E-07,-0.022515
6.2384612E-07,-0.022824
6.2389612E-07,-0.023133
6.2394612E-07,-0.023443
6.2399612E-07,-0.023752
6.2404612E-07,-0.023752
6.2409612E-07,-0.024062
6.2414612E-07,-0.024062
6.2419612E-07,-0.024062
6.2424612E-07,-0.024062
6.2429612E-07,-0.023752
6.2434612E-07,-0.023752
6.2439612E-07,-0.023443
6.2444612E-07,-0.022824
6.2449612E-07,-0.022515
6.2454612E-07,-0.021896
6.2459612E-07,-0.021277
6.2464612E-07,-0.020348
6.2469612E-07,-0.019729
6.2474612E-07,-0.018801
6.2479612E-07,-0.017872
6.2484612E-07,-0.017253
6.2489612E-07,-0.016325
6.2494612E-07,-0.015706
6.2499612E-07,-0.015397
6.2504612E-07,-0.015087
6.2509612E-07,-0.015087
6.2514612E-07,-0.015397
6.2519612E-07,-0.016325
6.2524612E-07,-0.017253
6.2529612E-07,-0.018801
6.2534612E-07,-0.020967
6.2539612E-07,-0.023443
6.2544612E-07,-0.026538
6.2549612E-07,-0.029942
6.2554612E-07,-0.033656
6.2559612E-07,-0.037988
6.2564612E-07,-0.042631
6.2569612E-07,-0.047582
6.2574612E-07,-0.052843
6.2579612E-07,-0.058414
6.2584612E-07,-0.063675
6.2589612E-07,-0.069246
6.2594612E-07,-0.074816
6.2599612E-07,-0.080387
6.2604612E-07,-0.085648
6.2609612E-07,-0.090600
6.2614612E-07,-0.095242
6.2619612E-07,-0.099574
6.2624612E-07,-0.103288
6.2629612E-07,-0.106692
6.2634612E-07,-0.109168
6.2639612E-07,-0.111335
6.2644612E-07,-0.112882
6.2649612E-07,-0.113810
6.2654612E-07,-0.114120
6.2659612E-07,-0.113501
6.2664612E-07,-0.112573
6.2669612E-07,-0.111025
6.2674612E-07,-0.108549
6.2679612E-07,-0.106074
6.2684612E-07,-0.102669
6.2689612E-07,-0.099265
6.2694612E-07,-0.095242
6.2699612E-07,-0.091219
6.2704612E-07,-0.086886
6.2709612E-07,-0.082553
6.2714612E-07,-0.078221
6.2719612E-07,-0.074197
6.2724612E-07,-0.070174
6.2729612E-07,-0.066151
6.2734612E-07,-0.062747
6.2739612E-07,-0.059652
6.2744612E-07,-0.056867
6.2749612E-07,-0.054700
6.2754612E-07,-0.052843
6.2759612E-07,-0.051296
6.2764612E-07,-0.050058
6.2769612E-07,-0.049439
6.2774612E-07,-0.049130
6.2779612E-07,-0.048820
6.2784612E-07,-0.049130
6.2789612E-07,-0.049439
6.2794612E-07,-0.050058
6.2799612E-07,-0.050677
6.2804612E-07,-0.051605
6.2809612E-07,-0.052534
6.2814612E-07,-0.053462
6.2819612E-07,-0.054700
6.2824612E-07,-0.055629
6.2829612E-07,-0.056867
6.2834612E-07,-0.058104
6.2839612E-07,-0.059342
6.2844612E-07,-0.060580
6.2849612E-07,-0.061818
6.2854612E-07,-0.063366
6.2859612E-07,-0.064603
6.2864612E-07,-0.066151
6.2869612E-07,-0.067698
6.2874612E-07,-0.069246
6.2879612E-07,-0.070793
6.2884612E-07,-0.072340
6.2889612E-07,-0.073888
6.2894612E-07,-0.075435
6.2899612E-07,-0.076983
6.2904612E-07,-0.078530
6.2909612E-07,-0.080077
6.2914612E-07,-0.081625
6.2919612E-07,-0.083172
6.2924612E-07,-0.084720
6.2929612E-07,-0.086267
6.2934612E-07,-0.087814
6.2939612E-07,-0.089671
6.2944612E-07,-0.091219
6.2949612E-07,-0.093075
6.2954612E-07,-0.095242
6.2959612E-07,-0.097408
6.2964612E-07,-0.099884
6.2969612E-07,-0.102360
6.2974612E-07,-0.104836
6.2979612E-07,-0.107311
6.2984612E-07,-0.110097
6.2989612E-07,-0.112573
6.2994612E-07,-0.115048
6.2999612E-07,-0.117524
6.3004612E-07,-0.119381
6.3009612E-07,-0.120928
6.3014612E-07,-0.122166
6.3019612E-07,-0.122476
6.3024612E-07,-0.122476
6.3029612E-07,-0.121857
6.3034612E-07,-0.120309
6.3039612E-07,-0.118143
6.3044612E-07,-0.115358
6.3049612E-07,-0.111954
6.3054612E-07,-0.107930
6.3059612E-07,-0.103288
6.3064612E-07,-0.098337
6.3069612E-07,-0.093075
6.3074612E-07,-0.087814
6.3079612E-07,-0.082244
6.3084612E-07,-0.076983
6.3089612E-07,-0.071721
6.3094612E-07,-0.067079
6.3099612E-07,-0.062747
6.3104612E-07,-0.059342
6.3109612E-07,-0.056248
6.3114612E-07,-0.053772
6.3119612E-07,-0.052224
6.3124612E-07,-0.051296
6.3129612E-07,-0.050986
6.3134612E-07,-0.051296
6.3139612E-07,-0.052224
6.3144612E-07,-0.053772
6.3149612E-07,-0.055319
6.3154612E-07,-0.057485
6.3159612E-07,-0.059652
6.3164612E-07,-0.062128
6.3169612E-07,-0.064294
6.3174612E-07,-0.066460
6.3179612E-07,-0.068627
6.3184612E-07,-0.070174
6.3189612E-07,-0.071721
6.3194612E-07,-0.072650
6.3199612E-07,-0.073578
6.3204612E-07,-0.073888
6.3209612E-07,-0.074197
6.3214612E-07,-0.073888
6.3219612E-07,-0.073269
6.3224612E-07,-0.072650
6.3229612E-07,-0.071721
6.3234612E-07,-0.070793
6.3239612E-07,-0.069555
6.3244612E-07,-0.068317
6.3249612E-07,-0.067079
6.3254612E-07,-0.066151
6.3259612E-07,-0.065222
6.3264612E-07,-0.064294
6.3269612E-07,-0.063366
6.3274612E-07,-0.063056
6.3279612E-07,-0.062437
6.3284612E-07,-0.062437
6.3289612E-07,-0.062437
6.3294612E-07,-0.062437
6.3299612E-07,-0.063056
6.3304612E-07,-0.063675
6.3309612E-07,-0.064294
6.3314612E-07,-0.065222
6.3319612E-07,-0.066151
6.3324612E-07,-0.067389
6.3329612E-07,-0.068627
6.3334612E-07,-0.069865
6.3339612E-07,-0.071412
6.3344612E-07,-0.072650
6.3349612E-07,-0.074197
6.3354612E-07,-0.075435
6.3359612E-07,-0.076673
6.3364612E-07,-0.077602
6.3369612E-07,-0.078530
6.3374612E-07,-0.079458
6.3379612E-07,-0.079768
6.3384612E-07,-0.080077
6.3389612E-07,-0.080077
6.3394612E-07,-0.080077
6.3399612E-07,-0.079458
6.3404612E-07,-0.078530
6.3409612E-07,-0.077292
6.3414612E-07,-0.076054
6.3419612E-07,-0.074197
6.3424612E-07,-0.072031
6.3429612E-07,-0.069865
6.3434612E-07,-0.067079
6.3439612E-07,-0.064294
6.3444612E-07,-0.061509
6.3449612E-07,-0.058414
6.3454612E-07,-0.055319
6.3459612E-07,-0.051915
6.3464612E-07,-0.048820
6.3469612E-07,-0.045725
6.3474612E-07,-0.042940
6.3479612E-07,-0.040155
6.3484612E-07,-0.037679
6.3489612E-07,-0.035203
6.3494612E-07,-0.033346
6.3499612E-07,-0.031799
6.3504612E-07,-0.030561
6.3509612E-07,-0.029942
6.3514612E-07,-0.029323
6.3519612E-07,-0.029323
6.3524612E-07,-0.029942
6.3529612E-07,-0.030870
6.3534612E-07,-0.032108
6.3539612E-07,-0.033656
6.3544612E-07,-0.035513
6.3549612E-07,-0.037369
6.3554612E-07,-0.039536
6.3559612E-07,-0.042012
6.3564612E-07,-0.044178
6.3569612E-07,-0.046654
6.3574612E-07,-0.048820
6.3579612E-07,-0.050986
6.3584612E-07,-0.052843
6.3589612E-07,-0.054391
6.3594612E-07,-0.055938
6.3599612E-07,-0.056867
6.3604612E-07,-0.057795
6.3609612E-07,-0.058414
6.3614612E-07,-0.059033
6.3619612E-07,-0.059342
6.3624612E-07,-0.059652
6.3629612E-07,-0.059652
6.3634612E-07,-0.059652
6.3639612E-07,-0.059961
6.3644612E-07,-0.059961
6.3649612E-07,-0.060271
6.3654612E-07,-0.060890
6.3659612E-07,-0.061199
6.3664612E-07,-0.062128
6.3669612E-07,-0.063056
6.3674612E-07,-0.063985
6.3679612E-07,-0.064913
6.3684612E-07,-0.066151
6.3689612E-07,-0.067389
6.3694612E-07,-0.068317
6.3699612E-07,-0.069246
6.3704612E-07,-0.070174
6.3709612E-07,-0.070793
6.3714612E-07,-0.071103
6.3719612E-07,-0.070793
6.3724612E-07,-0.070484
6.3729612E-07,-0.069865
6.3734612E-07,-0.068936
6.3739612E-07,-0.067698
6.3744612E-07,-0.066151
6.3749612E-07,-0.064294
6.3754612E-07,-0.062128
6.3759612E-07,-0.060271
6.3764612E-07,-0.058104
6.3769612E-07,-0.055938
6.3774612E-07,-0.054081
6.3779612E-07,-0.052224
6.3784612E-07,-0.050368
6.3789612E-07,-0.049130
6.3794612E-07,-0.047892
6.3799612E-07,-0.047273
6.3804612E-07,-0.046654
6.3809612E-07,-0.046344
6.3814612E-07,-0.046654
6.3819612E-07,-0.046963
6.3824612E-07,-0.047582
6.3829612E-07,-0.048511
6.3834612E-07,-0.049439
6.3839612E-07,-0.050677
6.3844612E-07,-0.051915
6.3849612E-07,-0.053153
6.3854612E-07,-0.054700
6.3859612E-07,-0.056248
6.3864612E-07,-0.057795
6.3869612E-07,-0.059342
6.3874612E-07,-0.060890
6.3879612E-07,-0.062437
6.3884612E-07,-0.063985
6.3889612E-07,-0.065532
6.3894612E-07,-0.067389
6.3899612E-07,-0.068936
6.3904612E-07,-0.070793
6.3909612E-07,-0.072650
6.3914612E-07,-0.074507
6.3919612E-07,-0.076054
6.3924612E-07,-0.077911
6.3929612E-07,-0.079768
6.3934612E-07,-0.081315
6.3939612E-07,-0.082553
6.3944612E-07,-0.083791
6.3949612E-07,-0.084720
6.3954612E-07,-0.085338
6.3959612E-07,-0.085648
6.3964612E-07,-0.085338
6.3969612E-07,-0.084720
6.3974612E-07,-0.083482
6.3979612E-07,-0.081625
6.3984612E-07,-0.079458
6.3989612E-07,-0.076673
6.3994612E-07,-0.073269
6.3999612E-07,-0.069246
6.4004612E-07,-0.064913
6.4009612E-07,-0.060271
6.4014612E-07,-0.055010
6.4019612E-07,-0.049749
6.4024612E-07,-0.044178
6.4029612E-07,-0.038298
6.4034612E-07,-0.032727
6.4039612E-07,-0.026847
6.4044612E-07,-0.020967
6.4049612E-07,-0.015397
6.4054612E-07,-0.010135
6.4059612E-07,-0.004874
6.4064612E-07,0.000077
6.4069612E-07,0.005029
6.4074612E-07,0.009362
6.4079612E-07,0.013385
6.4084612E-07,0.017408
6.4089612E-07,0.020812
6.4094612E-07,0.024217
6.4099612E-07,0.027311
6.4104612E-07,0.030097
6.4109612E-07,0.032573
6.4114612E-07,0.035048
6.4119612E-07,0.037215
6.4124612E-07,0.039072
6.4129612E-07,0.040928
6.4134612E-07,0.042476
6.4139612E-07,0.044023
6.4144612E-07,0.045261
6.4149612E-07,0.046190
6.4154612E-07,0.046809
6.4159612E-07,0.047427
6.4164612E-07,0.047737
6.4169612E-07,0.047737
6.4174612E-07,0.047427
6.4179612E-07,0.046499
6.4184612E-07,0.045571
6.4189612E-07,0.044023
6.4194612E-07,0.042166
6.4199612E-07,0.040309
6.4204612E-07,0.037834
6.4209612E-07,0.035048
6.4214612E-07,0.031954
6.4219612E-07,0.028859
6.4224612E-07,0.025455
6.4229612E-07,0.022050
6.4234612E-07,0.018646
6.4239612E-07,0.014932
6.4244612E-07,0.011528
6.4249612E-07,0.008433
6.4254612E-07,0.005338
6.4259612E-07,0.002244
6.4264612E-07,-0.000232
6.4269612E-07,-0.002398
6.4274612E-07,-0.004565
6.4279612E-07,-0.006112
6.4284612E-07,-0.007660
6.4289612E-07,-0.008897
6.4294612E-07,-0.009826
6.4299612E-07,-0.010754
6.4304612E-07,-0.011373
6.4309612E-07,-0.011992
6.4314612E-07,-0.012611
6.4319612E-07,-0.013540
6.4324612E-07,-0.014468
6.4329612E-07,-0.015397
6.4334612E-07,-0.016634
6.4339612E-07,-0.017872
6.4344612E-07,-0.019729
6.4349612E-07,-0.021586
6.4354612E-07,-0.024062
6.4359612E-07,-0.026538
6.4364612E-07,-0.029014
6.4369612E-07,-0.032108
6.4374612E-07,-0.034894
6.4379612E-07,-0.037988
6.4384612E-07,-0.041393
6.4389612E-07,-0.044487
6.4394612E-07,-0.047892
6.4399612E-07,-0.050986
6.4404612E-07,-0.054081
6.4409612E-07,-0.057176
6.4414612E-07,-0.060271
6.4419612E-07,-0.063056
6.4424612E-07,-0.066151
6.4429612E-07,-0.068936
6.4434612E-07,-0.071721
6.4439612E-07,-0.074507
6.4444612E-07,-0.077292
6.4449612E-07,-0.080077
6.4454612E-07,-0.082863
6.4459612E-07,-0.085648
6.4464612E-07,-0.088433
6.4469612E-07,-0.091219
6.4474612E-07,-0.094004
6.4479612E-07,-0.096789
6.4484612E-07,-0.099574
6.4489612E-07,-0.102050
6.4494612E-07,-0.104526
6.4499612E-07,-0.106692
6.4504612E-07,-0.108549
6.4509612E-07,-0.110097
6.4514612E-07,-0.111335
6.4519612E-07,-0.112263
6.4524612E-07,-0.113191
6.4529612E-07,-0.113501
6.4534612E-07,-0.113810
6.4539612E-07,-0.113810
6.4544612E-07,-0.113501
6.4549612E-07,-0.113501
6.4554612E-07,-0.113191
6.4559612E-07,-0.113191
6.4564612E-07,-0.112882
6.4569612E-07,-0.113191
6.4574612E-07,-0.113501
6.4579612E-07,-0.114120
6.4584612E-07,-0.115048
6.4589612E-07,-0.115977
6.4594612E-07,-0.117524
6.4599612E-07,-0.119072
6.4604612E-07,-0.120928
6.4609612E-07,-0.122785
6.4614612E-07,-0.124642
6.4619612E-07,-0.126499
6.4624612E-07,-0.128356
6.4629612E-07,-0.129903
6.4634612E-07,-0.131141
6.4639612E-07,-0.131760
6.4644612E-07,-0.132379
6.4649612E-07,-0.132070
6.4654612E-07,-0.131451
6.4659612E-07,-0.130213
6.4664612E-07,-0.128665
6.4669612E-07,-0.126190
6.4674612E-07,-0.123404
6.4679612E-07,-0.120000
6.4684612E-07,-0.116286
6.4689612E-07,-0.111954
6.4694612E-07,-0.107621
6.4699612E-07,-0.102669
6.4704612E-07,-0.097718
6.4709612E-07,-0.092766
6.4714612E-07,-0.087814
6.4719612E-07,-0.082863
6.4724612E-07,-0.078221
6.4729612E-07,-0.073578
6.4734612E-07,-0.069246
6.4739612E-07,-0.064913
6.4744612E-07,-0.060890
6.4749612E-07,-0.057176
6.4754612E-07,-0.054081
6.4759612E-07,-0.050986
6.4764612E-07,-0.048201
6.4769612E-07,-0.045725
6.4774612E-07,-0.043559
6.4779612E-07,-0.041702
6.4784612E-07,-0.040155
6.4789612E-07,-0.038917
6.4794612E-07,-0.037988
6.4799612E-07,-0.037369
6.4804612E-07,-0.037060
6.4809612E-07,-0.037060
6.4814612E-07,-0.037369
6.4819612E-07,-0.037988
6.4824612E-07,-0.038607
6.4829612E-07,-0.039845
6.4834612E-07,-0.041393
6.4839612E-07,-0.042940
6.4844612E-07,-0.044797
6.4849612E-07,-0.046963
6.4854612E-07,-0.049439
6.4859612E-07,-0.051915
6.4864612E-07,-0.054391
6.4869612E-07,-0.057176
6.4874612E-07,-0.060271
6.4879612E-07,-0.063056
6.4884612E-07,-0.065841
6.4889612E-07,-0.068627
6.4894612E-07,-0.071103
6.4899612E-07,-0.073888
6.4904612E-07,-0.076054
6.4909612E-07,-0.078530
6.4914612E-07,-0.080387
6.4919612E-07,-0.082244
6.4924612E-07,-0.083791
6.4929612E-07,-0.085338
6.4934612E-07,-0.086267
6.4939612E-07,-0.087195
6.4944612E-07,-0.088124
6.4949612E-07,-0.088433
6.4954612E-07,-0.088743
6.4959612E-07,-0.089052
6.4964612E-07,-0.089052
6.4969612E-07,-0.089052
6.4974612E-07,-0.089052
6.4979612E-07,-0.088743
6.4984612E-07,-0.088433
6.4989612E-07,-0.088124
6.4994612E-07,-0.087814
6.4999612E-07,-0.087195
6.5004612E-07,-0.086886
6.5009612E-07,-0.086267
6.5014612E-07,-0.085648
6.5019612E-07,-0.085029
6.5024612E-07,-0.084101
6.5029612E-07,-0.083172
6.5034612E-07,-0.081934
6.5039612E-07,-0.080696
6.5044612E-07,-0.079149
6.5049612E-07,-0.077292
6.5054612E-07,-0.075126
6.5059612E-07,-0.072650
6.5064612E-07,-0.070174
6.5069612E-07,-0.067079
6.5074612E-07,-0.063675
6.5079612E-07,-0.060271
6.5084612E-07,-0.056557
6.5089612E-07,-0.052224
6.5094612E-07,-0.048201
6.5099612E-07,-0.043559
6.5104612E-07,-0.039226
6.5109612E-07,-0.034584
6.5114612E-07,-0.029942
6.5119612E-07,-0.025300
6.5124612E-07,-0.020967
6.5129612E-07,-0.016634
6.5134612E-07,-0.012302
6.5139612E-07,-0.008279
6.5144612E-07,-0.004565
6.5149612E-07,-0.001161
6.5154612E-07,0.001934
6.5159612E-07,0.005029
6.5164612E-07,0.007814
6.5169612E-07,0.010290
6.5174612E-07,0.012766
6.5179612E-07,0.014623
6.5184612E-07,0.016480
6.5189612E-07,0.018027
6.5194612E-07,0.019574
6.5199612E-07,0.020812
6.5204612E-07,0.021741
6.5209612E-07,0.022360
6.5214612E-07,0.022669
6.5219612E-07,0.022669
6.5224612E-07,0.022360
6.5229612E-07,0.021741
6.5234612E-07,0.020503
6.5239612E-07,0.018956
6.5244612E-07,0.016789
6.5249612E-07,0.014004
6.5254612E-07,0.010600
6.5259612E-07,0.006576
6.5264612E-07,0.002244
6.5269612E-07,-0.002708
6.5274612E-07,-0.008279
6.5279612E-07,-0.014159
6.5284612E-07,-0.020348
6.5289612E-07,-0.026847
6.5294612E-07,-0.033346
6.5299612E-07,-0.039845
6.5304612E-07,-0.046654
6.5309612E-07,-0.052843
6.5314612E-07,-0.059033
6.5319612E-07,-0.064913
6.5324612E-07,-0.070484
6.5329612E-07,-0.075745
6.5334612E-07,-0.080387
6.5339612E-07,-0.085029
6.5344612E-07,-0.089052
6.5349612E-07,-0.092766
6.5354612E-07,-0.096480
6.5359612E-07,-0.099884
6.5364612E-07,-0.103598
6.5369612E-07,-0.107311
6.5374612E-07,-0.111335
6.5379612E-07,-0.115977
6.5384612E-07,-0.120928
6.5389612E-07,-0.126809
6.5394612E-07,-0.133308
6.5399612E-07,-0.140426
6.5404612E-07,-0.148781
6.5409612E-07,-0.157756
6.5414612E-07,-0.167660
6.5419612E-07,-0.178182
6.5424612E-07,-0.189632
6.5429612E-07,-0.201393
6.5434612E-07,-0.213772
6.5439612E-07,-0.226460
