LECROYWaveRunner‘N,20113,Waveform
Segments,1,SegmentSize,4002
Segment,TrigTime,TimeSinceSegment1
#1,12-Dec-2018 11:23:16,0                 
Time,Ampl
4.5690715E-07,0.002836
4.5695715E-07,0.003131
4.5700715E-07,0.003426
4.5705715E-07,0.003721
4.5710715E-07,0.003868
4.5715715E-07,0.004016
4.5720715E-07,0.004163
4.5725715E-07,0.004163
4.5730715E-07,0.004311
4.5735715E-07,0.004458
4.5740715E-07,0.004458
4.5745715E-07,0.004606
4.5750715E-07,0.004753
4.5755715E-07,0.004901
4.5760715E-07,0.005049
4.5765715E-07,0.005196
4.5770715E-07,0.005344
4.5775715E-07,0.005344
4.5780715E-07,0.005491
4.5785715E-07,0.005344
4.5790715E-07,0.005344
4.5795715E-07,0.005049
4.5800715E-07,0.004753
4.5805715E-07,0.004311
4.5810715E-07,0.003573
4.5815715E-07,0.002836
4.5820715E-07,0.001803
4.5825715E-07,0.000623
4.5830715E-07,-0.000704
4.5835715E-07,-0.002179
4.5840715E-07,-0.003802
4.5845715E-07,-0.005572
4.5850715E-07,-0.007637
4.5855715E-07,-0.009702
4.5860715E-07,-0.011915
4.5865715E-07,-0.014275
4.5870715E-07,-0.016488
4.5875715E-07,-0.018996
4.5880715E-07,-0.021356
4.5885715E-07,-0.023716
4.5890715E-07,-0.026076
4.5895715E-07,-0.028289
4.5900715E-07,-0.030501
4.5905715E-07,-0.032566
4.5910715E-07,-0.034632
4.5915715E-07,-0.036402
4.5920715E-07,-0.038024
4.5925715E-07,-0.039499
4.5930715E-07,-0.040827
4.5935715E-07,-0.041860
4.5940715E-07,-0.042892
4.5945715E-07,-0.043630
4.5950715E-07,-0.044072
4.5955715E-07,-0.044515
4.5960715E-07,-0.044662
4.5965715E-07,-0.044810
4.5970715E-07,-0.044662
4.5975715E-07,-0.044367
4.5980715E-07,-0.044072
4.5985715E-07,-0.043630
4.5990715E-07,-0.043040
4.5995715E-07,-0.042302
4.6000715E-07,-0.041564
4.6005715E-07,-0.040679
4.6010715E-07,-0.039794
4.6015715E-07,-0.038762
4.6020715E-07,-0.037729
4.6025715E-07,-0.036697
4.6030715E-07,-0.035517
4.6035715E-07,-0.034189
4.6040715E-07,-0.032861
4.6045715E-07,-0.031534
4.6050715E-07,-0.030206
4.6055715E-07,-0.028731
4.6060715E-07,-0.027256
4.6065715E-07,-0.025633
4.6070715E-07,-0.024158
4.6075715E-07,-0.022536
4.6080715E-07,-0.020913
4.6085715E-07,-0.019438
4.6090715E-07,-0.017815
4.6095715E-07,-0.016340
4.6100715E-07,-0.014865
4.6105715E-07,-0.013538
4.6110715E-07,-0.012210
4.6115715E-07,-0.010883
4.6120715E-07,-0.009555
4.6125715E-07,-0.008375
4.6130715E-07,-0.007195
4.6135715E-07,-0.006015
4.6140715E-07,-0.004982
4.6145715E-07,-0.003802
4.6150715E-07,-0.002622
4.6155715E-07,-0.001442
4.6160715E-07,-0.000114
4.6165715E-07,0.001213
4.6170715E-07,0.002688
4.6175715E-07,0.004311
4.6180715E-07,0.006081
4.6185715E-07,0.007999
4.6190715E-07,0.009916
4.6195715E-07,0.012129
4.6200715E-07,0.014342
4.6205715E-07,0.016702
4.6210715E-07,0.019209
4.6215715E-07,0.021717
4.6220715E-07,0.024225
4.6225715E-07,0.026880
4.6230715E-07,0.029388
4.6235715E-07,0.031895
4.6240715E-07,0.034403
4.6245715E-07,0.036763
4.6250715E-07,0.039123
4.6255715E-07,0.041336
4.6260715E-07,0.043253
4.6265715E-07,0.045171
4.6270715E-07,0.046794
4.6275715E-07,0.048269
4.6280715E-07,0.049596
4.6285715E-07,0.050629
4.6290715E-07,0.051514
4.6295715E-07,0.052104
4.6300715E-07,0.052547
4.6305715E-07,0.052694
4.6310715E-07,0.052694
4.6315715E-07,0.052547
4.6320715E-07,0.052104
4.6325715E-07,0.051366
4.6330715E-07,0.050629
4.6335715E-07,0.049449
4.6340715E-07,0.048269
4.6345715E-07,0.046794
4.6350715E-07,0.045171
4.6355715E-07,0.043401
4.6360715E-07,0.041483
4.6365715E-07,0.039418
4.6370715E-07,0.037206
4.6375715E-07,0.035140
4.6380715E-07,0.032928
4.6385715E-07,0.030568
4.6390715E-07,0.028355
4.6395715E-07,0.026290
4.6400715E-07,0.024225
4.6405715E-07,0.022160
4.6410715E-07,0.020242
4.6415715E-07,0.018472
4.6420715E-07,0.016849
4.6425715E-07,0.015374
4.6430715E-07,0.014047
4.6435715E-07,0.012867
4.6440715E-07,0.011834
4.6445715E-07,0.010949
4.6450715E-07,0.010064
4.6455715E-07,0.009474
4.6460715E-07,0.008884
4.6465715E-07,0.008294
4.6470715E-07,0.007851
4.6475715E-07,0.007409
4.6480715E-07,0.007114
4.6485715E-07,0.006671
4.6490715E-07,0.006229
4.6495715E-07,0.005934
4.6500715E-07,0.005491
4.6505715E-07,0.005049
4.6510715E-07,0.004606
4.6515715E-07,0.004016
4.6520715E-07,0.003573
4.6525715E-07,0.002983
4.6530715E-07,0.002393
4.6535715E-07,0.001803
4.6540715E-07,0.001213
4.6545715E-07,0.000476
4.6550715E-07,-0.000262
4.6555715E-07,-0.000852
4.6560715E-07,-0.001737
4.6565715E-07,-0.002474
4.6570715E-07,-0.003212
4.6575715E-07,-0.004097
4.6580715E-07,-0.004982
4.6585715E-07,-0.005867
4.6590715E-07,-0.006752
4.6595715E-07,-0.007637
4.6600715E-07,-0.008670
4.6605715E-07,-0.009555
4.6610715E-07,-0.010587
4.6615715E-07,-0.011620
4.6620715E-07,-0.012653
4.6625715E-07,-0.013538
4.6630715E-07,-0.014570
4.6635715E-07,-0.015455
4.6640715E-07,-0.016340
4.6645715E-07,-0.017078
4.6650715E-07,-0.017815
4.6655715E-07,-0.018405
4.6660715E-07,-0.018848
4.6665715E-07,-0.019291
4.6670715E-07,-0.019586
4.6675715E-07,-0.019586
4.6680715E-07,-0.019586
4.6685715E-07,-0.019438
4.6690715E-07,-0.018996
4.6695715E-07,-0.018553
4.6700715E-07,-0.017963
4.6705715E-07,-0.017078
4.6710715E-07,-0.016193
4.6715715E-07,-0.015308
4.6720715E-07,-0.014275
4.6725715E-07,-0.013243
4.6730715E-07,-0.012210
4.6735715E-07,-0.011178
4.6740715E-07,-0.010145
4.6745715E-07,-0.009260
4.6750715E-07,-0.008375
4.6755715E-07,-0.007785
4.6760715E-07,-0.007195
4.6765715E-07,-0.006900
4.6770715E-07,-0.006752
4.6775715E-07,-0.006752
4.6780715E-07,-0.007047
4.6785715E-07,-0.007342
4.6790715E-07,-0.007932
4.6795715E-07,-0.008670
4.6800715E-07,-0.009555
4.6805715E-07,-0.010440
4.6810715E-07,-0.011473
4.6815715E-07,-0.012505
4.6820715E-07,-0.013538
4.6825715E-07,-0.014570
4.6830715E-07,-0.015603
4.6835715E-07,-0.016488
4.6840715E-07,-0.017373
4.6845715E-07,-0.018258
4.6850715E-07,-0.018848
4.6855715E-07,-0.019586
4.6860715E-07,-0.020028
4.6865715E-07,-0.020471
4.6870715E-07,-0.020913
4.6875715E-07,-0.021208
4.6880715E-07,-0.021651
4.6885715E-07,-0.021946
4.6890715E-07,-0.022241
4.6895715E-07,-0.022683
4.6900715E-07,-0.022978
4.6905715E-07,-0.023421
4.6910715E-07,-0.023863
4.6915715E-07,-0.024453
4.6920715E-07,-0.024896
4.6925715E-07,-0.025486
4.6930715E-07,-0.026076
4.6935715E-07,-0.026519
4.6940715E-07,-0.026961
4.6945715E-07,-0.027256
4.6950715E-07,-0.027404
4.6955715E-07,-0.027551
4.6960715E-07,-0.027404
4.6965715E-07,-0.027109
4.6970715E-07,-0.026666
4.6975715E-07,-0.026076
4.6980715E-07,-0.025191
4.6985715E-07,-0.024158
4.6990715E-07,-0.022978
4.6995715E-07,-0.021798
4.7000715E-07,-0.020323
4.7005715E-07,-0.018996
4.7010715E-07,-0.017520
4.7015715E-07,-0.016193
4.7020715E-07,-0.014865
4.7025715E-07,-0.013538
4.7030715E-07,-0.012505
4.7035715E-07,-0.011620
4.7040715E-07,-0.010883
4.7045715E-07,-0.010292
4.7050715E-07,-0.009997
4.7055715E-07,-0.009850
4.7060715E-07,-0.009850
4.7065715E-07,-0.010145
4.7070715E-07,-0.010440
4.7075715E-07,-0.010883
4.7080715E-07,-0.011473
4.7085715E-07,-0.012210
4.7090715E-07,-0.012800
4.7095715E-07,-0.013538
4.7100715E-07,-0.014128
4.7105715E-07,-0.014718
4.7110715E-07,-0.015160
4.7115715E-07,-0.015603
4.7120715E-07,-0.015898
4.7125715E-07,-0.016045
4.7130715E-07,-0.016193
4.7135715E-07,-0.016193
4.7140715E-07,-0.016193
4.7145715E-07,-0.016045
4.7150715E-07,-0.015750
4.7155715E-07,-0.015603
4.7160715E-07,-0.015308
4.7165715E-07,-0.015013
4.7170715E-07,-0.014718
4.7175715E-07,-0.014570
4.7180715E-07,-0.014275
4.7185715E-07,-0.013980
4.7190715E-07,-0.013833
4.7195715E-07,-0.013685
4.7200715E-07,-0.013538
4.7205715E-07,-0.013390
4.7210715E-07,-0.013095
4.7215715E-07,-0.012948
4.7220715E-07,-0.012800
4.7225715E-07,-0.012653
4.7230715E-07,-0.012505
4.7235715E-07,-0.012358
4.7240715E-07,-0.012063
4.7245715E-07,-0.011915
4.7250715E-07,-0.011620
4.7255715E-07,-0.011473
4.7260715E-07,-0.011178
4.7265715E-07,-0.011030
4.7270715E-07,-0.010883
4.7275715E-07,-0.010735
4.7280715E-07,-0.010735
4.7285715E-07,-0.010587
4.7290715E-07,-0.010735
4.7295715E-07,-0.010735
4.7300715E-07,-0.010883
4.7305715E-07,-0.011030
4.7310715E-07,-0.011325
4.7315715E-07,-0.011473
4.7320715E-07,-0.011768
4.7325715E-07,-0.012063
4.7330715E-07,-0.012358
4.7335715E-07,-0.012505
4.7340715E-07,-0.012800
4.7345715E-07,-0.012948
4.7350715E-07,-0.013095
4.7355715E-07,-0.013095
4.7360715E-07,-0.013095
4.7365715E-07,-0.013095
4.7370715E-07,-0.012948
4.7375715E-07,-0.012653
4.7380715E-07,-0.012505
4.7385715E-07,-0.012210
4.7390715E-07,-0.011915
4.7395715E-07,-0.011768
4.7400715E-07,-0.011473
4.7405715E-07,-0.011325
4.7410715E-07,-0.011178
4.7415715E-07,-0.011178
4.7420715E-07,-0.011325
4.7425715E-07,-0.011620
4.7430715E-07,-0.012063
4.7435715E-07,-0.012653
4.7440715E-07,-0.013390
4.7445715E-07,-0.014275
4.7450715E-07,-0.015308
4.7455715E-07,-0.016488
4.7460715E-07,-0.017815
4.7465715E-07,-0.019143
4.7470715E-07,-0.020618
4.7475715E-07,-0.022093
4.7480715E-07,-0.023568
4.7485715E-07,-0.025043
4.7490715E-07,-0.026371
4.7495715E-07,-0.027699
4.7500715E-07,-0.028731
4.7505715E-07,-0.029764
4.7510715E-07,-0.030501
4.7515715E-07,-0.031091
4.7520715E-07,-0.031386
4.7525715E-07,-0.031534
4.7530715E-07,-0.031386
4.7535715E-07,-0.031091
4.7540715E-07,-0.030501
4.7545715E-07,-0.029764
4.7550715E-07,-0.028731
4.7555715E-07,-0.027699
4.7560715E-07,-0.026371
4.7565715E-07,-0.025043
4.7570715E-07,-0.023421
4.7575715E-07,-0.021946
4.7580715E-07,-0.020323
4.7585715E-07,-0.018553
4.7590715E-07,-0.016930
4.7595715E-07,-0.015160
4.7600715E-07,-0.013390
4.7605715E-07,-0.011620
4.7610715E-07,-0.009850
4.7615715E-07,-0.008080
4.7620715E-07,-0.006310
4.7625715E-07,-0.004392
4.7630715E-07,-0.002474
4.7635715E-07,-0.000557
4.7640715E-07,0.001508
4.7645715E-07,0.003573
4.7650715E-07,0.005639
4.7655715E-07,0.007704
4.7660715E-07,0.009916
4.7665715E-07,0.012129
4.7670715E-07,0.014194
4.7675715E-07,0.016259
4.7680715E-07,0.018177
4.7685715E-07,0.020094
4.7690715E-07,0.021865
4.7695715E-07,0.023340
4.7700715E-07,0.024667
4.7705715E-07,0.025847
4.7710715E-07,0.026585
4.7715715E-07,0.027175
4.7720715E-07,0.027470
4.7725715E-07,0.027470
4.7730715E-07,0.027175
4.7735715E-07,0.026732
4.7740715E-07,0.025995
4.7745715E-07,0.024962
4.7750715E-07,0.023930
4.7755715E-07,0.022602
4.7760715E-07,0.021275
4.7765715E-07,0.019799
4.7770715E-07,0.018324
4.7775715E-07,0.016849
4.7780715E-07,0.015374
4.7785715E-07,0.014047
4.7790715E-07,0.012571
4.7795715E-07,0.011244
4.7800715E-07,0.010064
4.7805715E-07,0.008884
4.7810715E-07,0.007704
4.7815715E-07,0.006524
4.7820715E-07,0.005491
4.7825715E-07,0.004311
4.7830715E-07,0.003131
4.7835715E-07,0.001951
4.7840715E-07,0.000623
4.7845715E-07,-0.000852
4.7850715E-07,-0.002327
4.7855715E-07,-0.003950
4.7860715E-07,-0.005572
4.7865715E-07,-0.007342
4.7870715E-07,-0.009112
4.7875715E-07,-0.011030
4.7880715E-07,-0.012948
4.7885715E-07,-0.014865
4.7890715E-07,-0.016635
4.7895715E-07,-0.018405
4.7900715E-07,-0.020176
4.7905715E-07,-0.021651
4.7910715E-07,-0.023126
4.7915715E-07,-0.024453
4.7920715E-07,-0.025633
4.7925715E-07,-0.026519
4.7930715E-07,-0.027404
4.7935715E-07,-0.027994
4.7940715E-07,-0.028436
4.7945715E-07,-0.028879
4.7950715E-07,-0.029026
4.7955715E-07,-0.029174
4.7960715E-07,-0.029321
4.7965715E-07,-0.029321
4.7970715E-07,-0.029321
4.7975715E-07,-0.029321
4.7980715E-07,-0.029321
4.7985715E-07,-0.029321
4.7990715E-07,-0.029469
4.7995715E-07,-0.029616
4.8000715E-07,-0.029911
4.8005715E-07,-0.030059
4.8010715E-07,-0.030501
4.8015715E-07,-0.030944
4.8020715E-07,-0.031386
4.8025715E-07,-0.031829
4.8030715E-07,-0.032419
4.8035715E-07,-0.033009
4.8040715E-07,-0.033451
4.8045715E-07,-0.034042
4.8050715E-07,-0.034632
4.8055715E-07,-0.035074
4.8060715E-07,-0.035517
4.8065715E-07,-0.035959
4.8070715E-07,-0.036254
4.8075715E-07,-0.036549
4.8080715E-07,-0.036697
4.8085715E-07,-0.036844
4.8090715E-07,-0.036844
4.8095715E-07,-0.036697
4.8100715E-07,-0.036549
4.8105715E-07,-0.036254
4.8110715E-07,-0.035959
4.8115715E-07,-0.035517
4.8120715E-07,-0.035074
4.8125715E-07,-0.034484
4.8130715E-07,-0.033746
4.8135715E-07,-0.033009
4.8140715E-07,-0.032124
4.8145715E-07,-0.031239
4.8150715E-07,-0.030354
4.8155715E-07,-0.029321
4.8160715E-07,-0.028289
4.8165715E-07,-0.027256
4.8170715E-07,-0.026076
4.8175715E-07,-0.025043
4.8180715E-07,-0.023863
4.8185715E-07,-0.022683
4.8190715E-07,-0.021503
4.8195715E-07,-0.020323
4.8200715E-07,-0.019143
4.8205715E-07,-0.018110
4.8210715E-07,-0.017078
4.8215715E-07,-0.016045
4.8220715E-07,-0.015013
4.8225715E-07,-0.014128
4.8230715E-07,-0.013390
4.8235715E-07,-0.012653
4.8240715E-07,-0.012063
4.8245715E-07,-0.011620
4.8250715E-07,-0.011178
4.8255715E-07,-0.011030
4.8260715E-07,-0.010883
4.8265715E-07,-0.010883
4.8270715E-07,-0.011030
4.8275715E-07,-0.011325
4.8280715E-07,-0.011768
4.8285715E-07,-0.012358
4.8290715E-07,-0.013095
4.8295715E-07,-0.013833
4.8300715E-07,-0.014718
4.8305715E-07,-0.015750
4.8310715E-07,-0.016783
4.8315715E-07,-0.017815
4.8320715E-07,-0.018996
4.8325715E-07,-0.020176
4.8330715E-07,-0.021208
4.8335715E-07,-0.022388
4.8340715E-07,-0.023421
4.8345715E-07,-0.024601
4.8350715E-07,-0.025486
4.8355715E-07,-0.026371
4.8360715E-07,-0.027256
4.8365715E-07,-0.027994
4.8370715E-07,-0.028584
4.8375715E-07,-0.029026
4.8380715E-07,-0.029469
4.8385715E-07,-0.029616
4.8390715E-07,-0.029764
4.8395715E-07,-0.029764
4.8400715E-07,-0.029469
4.8405715E-07,-0.029174
4.8410715E-07,-0.028731
4.8415715E-07,-0.028141
4.8420715E-07,-0.027404
4.8425715E-07,-0.026519
4.8430715E-07,-0.025633
4.8435715E-07,-0.024453
4.8440715E-07,-0.023273
4.8445715E-07,-0.022093
4.8450715E-07,-0.020766
4.8455715E-07,-0.019438
4.8460715E-07,-0.017963
4.8465715E-07,-0.016635
4.8470715E-07,-0.015308
4.8475715E-07,-0.013980
4.8480715E-07,-0.012800
4.8485715E-07,-0.011620
4.8490715E-07,-0.010587
4.8495715E-07,-0.009702
4.8500715E-07,-0.008965
4.8505715E-07,-0.008227
4.8510715E-07,-0.007785
4.8515715E-07,-0.007342
4.8520715E-07,-0.007195
4.8525715E-07,-0.007047
4.8530715E-07,-0.007047
4.8535715E-07,-0.007047
4.8540715E-07,-0.007047
4.8545715E-07,-0.007195
4.8550715E-07,-0.007195
4.8555715E-07,-0.007195
4.8560715E-07,-0.007195
4.8565715E-07,-0.006900
4.8570715E-07,-0.006605
4.8575715E-07,-0.006162
4.8580715E-07,-0.005572
4.8585715E-07,-0.004687
4.8590715E-07,-0.003655
4.8595715E-07,-0.002474
4.8600715E-07,-0.001147
4.8605715E-07,0.000328
4.8610715E-07,0.001803
4.8615715E-07,0.003573
4.8620715E-07,0.005344
4.8625715E-07,0.007261
4.8630715E-07,0.009031
4.8635715E-07,0.010949
4.8640715E-07,0.012867
4.8645715E-07,0.014637
4.8650715E-07,0.016407
4.8655715E-07,0.018029
4.8660715E-07,0.019504
4.8665715E-07,0.020980
4.8670715E-07,0.022307
4.8675715E-07,0.023487
4.8680715E-07,0.024667
4.8685715E-07,0.025700
4.8690715E-07,0.026585
4.8695715E-07,0.027470
4.8700715E-07,0.028060
4.8705715E-07,0.028798
4.8710715E-07,0.029240
4.8715715E-07,0.029683
4.8720715E-07,0.030125
4.8725715E-07,0.030420
4.8730715E-07,0.030715
4.8735715E-07,0.030715
4.8740715E-07,0.030863
4.8745715E-07,0.030715
4.8750715E-07,0.030568
4.8755715E-07,0.030273
4.8760715E-07,0.029830
4.8765715E-07,0.029240
4.8770715E-07,0.028650
4.8775715E-07,0.027765
4.8780715E-07,0.026880
4.8785715E-07,0.025847
4.8790715E-07,0.024667
4.8795715E-07,0.023340
4.8800715E-07,0.022012
4.8805715E-07,0.020537
4.8810715E-07,0.019062
4.8815715E-07,0.017587
4.8820715E-07,0.015964
4.8825715E-07,0.014489
4.8830715E-07,0.012867
4.8835715E-07,0.011391
4.8840715E-07,0.009916
4.8845715E-07,0.008441
4.8850715E-07,0.007114
4.8855715E-07,0.005786
4.8860715E-07,0.004606
4.8865715E-07,0.003426
4.8870715E-07,0.002393
4.8875715E-07,0.001361
4.8880715E-07,0.000623
4.8885715E-07,-0.000262
4.8890715E-07,-0.000852
4.8895715E-07,-0.001589
4.8900715E-07,-0.002032
4.8905715E-07,-0.002622
4.8910715E-07,-0.003065
4.8915715E-07,-0.003507
4.8920715E-07,-0.003802
4.8925715E-07,-0.004245
4.8930715E-07,-0.004540
4.8935715E-07,-0.004835
4.8940715E-07,-0.005130
4.8945715E-07,-0.005425
4.8950715E-07,-0.005720
4.8955715E-07,-0.006015
4.8960715E-07,-0.006310
4.8965715E-07,-0.006605
4.8970715E-07,-0.006752
4.8975715E-07,-0.007047
4.8980715E-07,-0.007195
4.8985715E-07,-0.007490
4.8990715E-07,-0.007637
4.8995715E-07,-0.007932
4.9000715E-07,-0.008227
4.9005715E-07,-0.008522
4.9010715E-07,-0.008817
4.9015715E-07,-0.009260
4.9020715E-07,-0.009850
4.9025715E-07,-0.010440
4.9030715E-07,-0.011030
4.9035715E-07,-0.011915
4.9040715E-07,-0.012800
4.9045715E-07,-0.013980
4.9050715E-07,-0.015160
4.9055715E-07,-0.016488
4.9060715E-07,-0.017963
4.9065715E-07,-0.019586
4.9070715E-07,-0.021208
4.9075715E-07,-0.022978
4.9080715E-07,-0.024748
4.9085715E-07,-0.026519
4.9090715E-07,-0.028436
4.9095715E-07,-0.030206
4.9100715E-07,-0.031829
4.9105715E-07,-0.033451
4.9110715E-07,-0.034779
4.9115715E-07,-0.035959
4.9120715E-07,-0.036992
4.9125715E-07,-0.037877
4.9130715E-07,-0.038319
4.9135715E-07,-0.038614
4.9140715E-07,-0.038614
4.9145715E-07,-0.038467
4.9150715E-07,-0.038024
4.9155715E-07,-0.037287
4.9160715E-07,-0.036402
4.9165715E-07,-0.035369
4.9170715E-07,-0.034189
4.9175715E-07,-0.032861
4.9180715E-07,-0.031386
4.9185715E-07,-0.030059
4.9190715E-07,-0.028584
4.9195715E-07,-0.027109
4.9200715E-07,-0.025486
4.9205715E-07,-0.024011
4.9210715E-07,-0.022536
4.9215715E-07,-0.021061
4.9220715E-07,-0.019586
4.9225715E-07,-0.018110
4.9230715E-07,-0.016488
4.9235715E-07,-0.014865
4.9240715E-07,-0.012948
4.9245715E-07,-0.011030
4.9250715E-07,-0.008965
4.9255715E-07,-0.006752
4.9260715E-07,-0.004245
4.9265715E-07,-0.001442
4.9270715E-07,0.001508
4.9275715E-07,0.004753
4.9280715E-07,0.008146
4.9285715E-07,0.011981
4.9290715E-07,0.015964
4.9295715E-07,0.020242
4.9300715E-07,0.024815
4.9305715E-07,0.029535
4.9310715E-07,0.034698
4.9315715E-07,0.039861
4.9320715E-07,0.045466
4.9325715E-07,0.051219
4.9330715E-07,0.057119
4.9335715E-07,0.063462
4.9340715E-07,0.069953
4.9345715E-07,0.076886
4.9350715E-07,0.083966
4.9355715E-07,0.091489
4.9360715E-07,0.099455
4.9365715E-07,0.107715
4.9370715E-07,0.116271
4.9375715E-07,0.125416
4.9380715E-07,0.134857
4.9385715E-07,0.144888
4.9390715E-07,0.155361
4.9395715E-07,0.166129
4.9400715E-07,0.177487
4.9405715E-07,0.189288
4.9410715E-07,0.201531
4.9415715E-07,0.214217
4.9420715E-07,0.227198
4.9425715E-07,0.240621
4.9430715E-07,0.254340
4.9435715E-07,0.268353
4.9440715E-07,0.282809
4.9445715E-07,0.297412
4.9450715E-07,0.312311
4.9455715E-07,0.327504
4.9460715E-07,0.342993
4.9465715E-07,0.358629
4.9470715E-07,0.374560
4.9475715E-07,0.390638
4.9480715E-07,0.407012
4.9485715E-07,0.423533
4.9490715E-07,0.440201
4.9495715E-07,0.457165
4.9500715E-07,0.474276
4.9505715E-07,0.491682
4.9510715E-07,0.509236
4.9515715E-07,0.526937
4.9520715E-07,0.544638
4.9525715E-07,0.562634
4.9530715E-07,0.580631
4.9535715E-07,0.598774
4.9540715E-07,0.616918
4.9545715E-07,0.635062
4.9550715E-07,0.653058
4.9555715E-07,0.671054
4.9560715E-07,0.688902
4.9565715E-07,0.706456
4.9570715E-07,0.723862
4.9575715E-07,0.740973
4.9580715E-07,0.757642
4.9585715E-07,0.774015
4.9590715E-07,0.789946
4.9595715E-07,0.805435
4.9600715E-07,0.820333
4.9605715E-07,0.834789
4.9610715E-07,0.848655
4.9615715E-07,0.861931
4.9620715E-07,0.874617
4.9625715E-07,0.886565
4.9630715E-07,0.897923
4.9635715E-07,0.908544
4.9640715E-07,0.918575
4.9645715E-07,0.928015
4.9650715E-07,0.936718
4.9655715E-07,0.944831
4.9660715E-07,0.952207
4.9665715E-07,0.958992
4.9670715E-07,0.965188
4.9675715E-07,0.970793
4.9680715E-07,0.975808
4.9685715E-07,0.980234
4.9690715E-07,0.984216
4.9695715E-07,0.987757
4.9700715E-07,0.990707
4.9705715E-07,0.993215
4.9710715E-07,0.995280
4.9715715E-07,0.997050
4.9720715E-07,0.998377
4.9725715E-07,0.999262
4.9730715E-07,0.999852
4.9735715E-07,1.000000
4.9740715E-07,0.999852
4.9745715E-07,0.999557
4.9750715E-07,0.998820
4.9755715E-07,0.997935
4.9760715E-07,0.996607
4.9765715E-07,0.995280
4.9770715E-07,0.993510
4.9775715E-07,0.991592
4.9780715E-07,0.989527
4.9785715E-07,0.987314
4.9790715E-07,0.984954
4.9795715E-07,0.982299
4.9800715E-07,0.979644
4.9805715E-07,0.976841
4.9810715E-07,0.973743
4.9815715E-07,0.970646
4.9820715E-07,0.967400
4.9825715E-07,0.964008
4.9830715E-07,0.960467
4.9835715E-07,0.956780
4.9840715E-07,0.952944
4.9845715E-07,0.948962
4.9850715E-07,0.944831
4.9855715E-07,0.940406
4.9860715E-07,0.935981
4.9865715E-07,0.931113
4.9870715E-07,0.926245
4.9875715E-07,0.921082
4.9880715E-07,0.915772
4.9885715E-07,0.910314
4.9890715E-07,0.904561
4.9895715E-07,0.898808
4.9900715E-07,0.892908
4.9905715E-07,0.886860
4.9910715E-07,0.880812
4.9915715E-07,0.874617
4.9920715E-07,0.868422
4.9925715E-07,0.862374
4.9930715E-07,0.856178
4.9935715E-07,0.850130
4.9940715E-07,0.844082
4.9945715E-07,0.838035
4.9950715E-07,0.832134
4.9955715E-07,0.826381
4.9960715E-07,0.820628
4.9965715E-07,0.814876
4.9970715E-07,0.809123
4.9975715E-07,0.803517
4.9980715E-07,0.797764
4.9985715E-07,0.792159
4.9990715E-07,0.786406
4.9995715E-07,0.780653
5.0000715E-07,0.774753
5.0005715E-07,0.769000
5.0010715E-07,0.762952
5.0015715E-07,0.757052
5.0020715E-07,0.751004
5.0025715E-07,0.744956
5.0030715E-07,0.738761
5.0035715E-07,0.732713
5.0040715E-07,0.726665
5.0045715E-07,0.720765
5.0050715E-07,0.714864
5.0055715E-07,0.709111
5.0060715E-07,0.703506
5.0065715E-07,0.698048
5.0070715E-07,0.692738
5.0075715E-07,0.687722
5.0080715E-07,0.682707
5.0085715E-07,0.678134
5.0090715E-07,0.673562
5.0095715E-07,0.669284
5.0100715E-07,0.665153
5.0105715E-07,0.661171
5.0110715E-07,0.657335
5.0115715E-07,0.653648
5.0120715E-07,0.650107
5.0125715E-07,0.646715
5.0130715E-07,0.643175
5.0135715E-07,0.639929
5.0140715E-07,0.636537
5.0145715E-07,0.633291
5.0150715E-07,0.629899
5.0155715E-07,0.626653
5.0160715E-07,0.623408
5.0165715E-07,0.620163
5.0170715E-07,0.616770
5.0175715E-07,0.613525
5.0180715E-07,0.610132
5.0185715E-07,0.606887
5.0190715E-07,0.603494
5.0195715E-07,0.599954
5.0200715E-07,0.596562
5.0205715E-07,0.593021
5.0210715E-07,0.589334
5.0215715E-07,0.585646
5.0220715E-07,0.581811
5.0225715E-07,0.577828
5.0230715E-07,0.573845
5.0235715E-07,0.569567
5.0240715E-07,0.565142
5.0245715E-07,0.560569
5.0250715E-07,0.555701
5.0255715E-07,0.550834
5.0260715E-07,0.545671
5.0265715E-07,0.540213
5.0270715E-07,0.534755
5.0275715E-07,0.529150
5.0280715E-07,0.523249
5.0285715E-07,0.517349
5.0290715E-07,0.511154
5.0295715E-07,0.505106
5.0300715E-07,0.498763
5.0305715E-07,0.492567
5.0310715E-07,0.486224
5.0315715E-07,0.479882
5.0320715E-07,0.473539
5.0325715E-07,0.467196
5.0330715E-07,0.460853
5.0335715E-07,0.454657
5.0340715E-07,0.448462
5.0345715E-07,0.442267
5.0350715E-07,0.436071
5.0355715E-07,0.430023
5.0360715E-07,0.423975
5.0365715E-07,0.417928
5.0370715E-07,0.412027
5.0375715E-07,0.405979
5.0380715E-07,0.400079
5.0385715E-07,0.394179
5.0390715E-07,0.388278
5.0395715E-07,0.382525
5.0400715E-07,0.376625
5.0405715E-07,0.370872
5.0410715E-07,0.365119
5.0415715E-07,0.359514
5.0420715E-07,0.353908
5.0425715E-07,0.348451
5.0430715E-07,0.343140
5.0435715E-07,0.337977
5.0440715E-07,0.332815
5.0445715E-07,0.327947
5.0450715E-07,0.323226
5.0455715E-07,0.318801
5.0460715E-07,0.314523
5.0465715E-07,0.310393
5.0470715E-07,0.306558
5.0475715E-07,0.303018
5.0480715E-07,0.299625
5.0485715E-07,0.296380
5.0490715E-07,0.293577
5.0495715E-07,0.290774
5.0500715E-07,0.288414
5.0505715E-07,0.286054
5.0510715E-07,0.283989
5.0515715E-07,0.282071
5.0520715E-07,0.280301
5.0525715E-07,0.278679
5.0530715E-07,0.277204
5.0535715E-07,0.275876
5.0540715E-07,0.274548
5.0545715E-07,0.273368
5.0550715E-07,0.272336
5.0555715E-07,0.271451
5.0560715E-07,0.270566
5.0565715E-07,0.269681
5.0570715E-07,0.269090
5.0575715E-07,0.268500
5.0580715E-07,0.267910
5.0585715E-07,0.267615
5.0590715E-07,0.267320
5.0595715E-07,0.267173
5.0600715E-07,0.267173
5.0605715E-07,0.267173
5.0610715E-07,0.267468
5.0615715E-07,0.267763
5.0620715E-07,0.268205
5.0625715E-07,0.268648
5.0630715E-07,0.269386
5.0635715E-07,0.270123
5.0640715E-07,0.270861
5.0645715E-07,0.271598
5.0650715E-07,0.272483
5.0655715E-07,0.273368
5.0660715E-07,0.274106
5.0665715E-07,0.274843
5.0670715E-07,0.275581
5.0675715E-07,0.276171
5.0680715E-07,0.276761
5.0685715E-07,0.277056
5.0690715E-07,0.277351
5.0695715E-07,0.277499
5.0700715E-07,0.277646
5.0705715E-07,0.277499
5.0710715E-07,0.277351
5.0715715E-07,0.277056
5.0720715E-07,0.276761
5.0725715E-07,0.276318
5.0730715E-07,0.275876
5.0735715E-07,0.275286
5.0740715E-07,0.274843
5.0745715E-07,0.274253
5.0750715E-07,0.273811
5.0755715E-07,0.273221
5.0760715E-07,0.272778
5.0765715E-07,0.272336
5.0770715E-07,0.271893
5.0775715E-07,0.271451
5.0780715E-07,0.271156
5.0785715E-07,0.270713
5.0790715E-07,0.270418
5.0795715E-07,0.269976
5.0800715E-07,0.269681
5.0805715E-07,0.269238
5.0810715E-07,0.268795
5.0815715E-07,0.268205
5.0820715E-07,0.267763
5.0825715E-07,0.267025
5.0830715E-07,0.266288
5.0835715E-07,0.265550
5.0840715E-07,0.264665
5.0845715E-07,0.263633
5.0850715E-07,0.262453
5.0855715E-07,0.261272
5.0860715E-07,0.259945
5.0865715E-07,0.258617
5.0870715E-07,0.256995
5.0875715E-07,0.255372
5.0880715E-07,0.253602
5.0885715E-07,0.251684
5.0890715E-07,0.249767
5.0895715E-07,0.247554
5.0900715E-07,0.245194
5.0905715E-07,0.242834
5.0910715E-07,0.240326
5.0915715E-07,0.237523
5.0920715E-07,0.234721
5.0925715E-07,0.231771
5.0930715E-07,0.228673
5.0935715E-07,0.225575
5.0940715E-07,0.222182
5.0945715E-07,0.218937
5.0950715E-07,0.215545
5.0955715E-07,0.212152
5.0960715E-07,0.208759
5.0965715E-07,0.205514
5.0970715E-07,0.202121
5.0975715E-07,0.199023
5.0980715E-07,0.195926
5.0985715E-07,0.192828
5.0990715E-07,0.190025
5.0995715E-07,0.187370
5.1000715E-07,0.184863
5.1005715E-07,0.182502
5.1010715E-07,0.180290
5.1015715E-07,0.178225
5.1020715E-07,0.176307
5.1025715E-07,0.174389
5.1030715E-07,0.172767
5.1035715E-07,0.170997
5.1040715E-07,0.169522
5.1045715E-07,0.167899
5.1050715E-07,0.166276
5.1055715E-07,0.164801
5.1060715E-07,0.163179
5.1065715E-07,0.161556
5.1070715E-07,0.159933
5.1075715E-07,0.158163
5.1080715E-07,0.156393
5.1085715E-07,0.154623
5.1090715E-07,0.152706
5.1095715E-07,0.150935
5.1100715E-07,0.149018
5.1105715E-07,0.147248
5.1110715E-07,0.145330
5.1115715E-07,0.143707
5.1120715E-07,0.142085
5.1125715E-07,0.140462
5.1130715E-07,0.139135
5.1135715E-07,0.137807
5.1140715E-07,0.136627
5.1145715E-07,0.135594
5.1150715E-07,0.134709
5.1155715E-07,0.133972
5.1160715E-07,0.133382
5.1165715E-07,0.132792
5.1170715E-07,0.132349
5.1175715E-07,0.132054
5.1180715E-07,0.131612
5.1185715E-07,0.131317
5.1190715E-07,0.131022
5.1195715E-07,0.130727
5.1200715E-07,0.130432
5.1205715E-07,0.130137
5.1210715E-07,0.129694
5.1215715E-07,0.129251
5.1220715E-07,0.128809
5.1225715E-07,0.128219
5.1230715E-07,0.127776
5.1235715E-07,0.127186
5.1240715E-07,0.126596
5.1245715E-07,0.126154
5.1250715E-07,0.125564
5.1255715E-07,0.125121
5.1260715E-07,0.124679
5.1265715E-07,0.124384
5.1270715E-07,0.123941
5.1275715E-07,0.123794
5.1280715E-07,0.123499
5.1285715E-07,0.123351
5.1290715E-07,0.123351
5.1295715E-07,0.123204
5.1300715E-07,0.123204
5.1305715E-07,0.123204
5.1310715E-07,0.123204
5.1315715E-07,0.123351
5.1320715E-07,0.123351
5.1325715E-07,0.123351
5.1330715E-07,0.123351
5.1335715E-07,0.123351
5.1340715E-07,0.123204
5.1345715E-07,0.123204
5.1350715E-07,0.123204
5.1355715E-07,0.123204
5.1360715E-07,0.123204
5.1365715E-07,0.123204
5.1370715E-07,0.123351
5.1375715E-07,0.123499
5.1380715E-07,0.123794
5.1385715E-07,0.124236
5.1390715E-07,0.124679
5.1395715E-07,0.125269
5.1400715E-07,0.126006
5.1405715E-07,0.126744
5.1410715E-07,0.127629
5.1415715E-07,0.128514
5.1420715E-07,0.129399
5.1425715E-07,0.130284
5.1430715E-07,0.131169
5.1435715E-07,0.131907
5.1440715E-07,0.132644
5.1445715E-07,0.133087
5.1450715E-07,0.133382
5.1455715E-07,0.133529
5.1460715E-07,0.133382
5.1465715E-07,0.132939
5.1470715E-07,0.132349
5.1475715E-07,0.131317
5.1480715E-07,0.130137
5.1485715E-07,0.128661
5.1490715E-07,0.126891
5.1495715E-07,0.124974
5.1500715E-07,0.122909
5.1505715E-07,0.120548
5.1510715E-07,0.118188
5.1515715E-07,0.115828
5.1520715E-07,0.113468
5.1525715E-07,0.110960
5.1530715E-07,0.108600
5.1535715E-07,0.106388
5.1540715E-07,0.104175
5.1545715E-07,0.102110
5.1550715E-07,0.100045
5.1555715E-07,0.098275
5.1560715E-07,0.096504
5.1565715E-07,0.094882
5.1570715E-07,0.093407
5.1575715E-07,0.091932
5.1580715E-07,0.090457
5.1585715E-07,0.088981
5.1590715E-07,0.087506
5.1595715E-07,0.086031
5.1600715E-07,0.084409
5.1605715E-07,0.082786
5.1610715E-07,0.081016
5.1615715E-07,0.079246
5.1620715E-07,0.077328
5.1625715E-07,0.075263
5.1630715E-07,0.073198
5.1635715E-07,0.071133
5.1640715E-07,0.068920
5.1645715E-07,0.066707
5.1650715E-07,0.064642
5.1655715E-07,0.062430
5.1660715E-07,0.060512
5.1665715E-07,0.058447
5.1670715E-07,0.056677
5.1675715E-07,0.055054
5.1680715E-07,0.053579
5.1685715E-07,0.052104
5.1690715E-07,0.051071
5.1695715E-07,0.050039
5.1700715E-07,0.049154
5.1705715E-07,0.048564
5.1710715E-07,0.047974
5.1715715E-07,0.047679
5.1720715E-07,0.047531
5.1725715E-07,0.047384
5.1730715E-07,0.047384
5.1735715E-07,0.047531
5.1740715E-07,0.047679
5.1745715E-07,0.047974
5.1750715E-07,0.048416
5.1755715E-07,0.048711
5.1760715E-07,0.049154
5.1765715E-07,0.049744
5.1770715E-07,0.050186
5.1775715E-07,0.050776
5.1780715E-07,0.051514
5.1785715E-07,0.052104
5.1790715E-07,0.052842
5.1795715E-07,0.053727
5.1800715E-07,0.054464
5.1805715E-07,0.055349
5.1810715E-07,0.056382
5.1815715E-07,0.057414
5.1820715E-07,0.058447
5.1825715E-07,0.059627
5.1830715E-07,0.060807
5.1835715E-07,0.061987
5.1840715E-07,0.063315
5.1845715E-07,0.064642
5.1850715E-07,0.066117
5.1855715E-07,0.067593
5.1860715E-07,0.069068
5.1865715E-07,0.070543
5.1870715E-07,0.072165
5.1875715E-07,0.073788
5.1880715E-07,0.075558
5.1885715E-07,0.077181
5.1890715E-07,0.078951
5.1895715E-07,0.080721
5.1900715E-07,0.082639
5.1905715E-07,0.084409
5.1910715E-07,0.086326
5.1915715E-07,0.088244
5.1920715E-07,0.090161
5.1925715E-07,0.092079
5.1930715E-07,0.093997
5.1935715E-07,0.095914
5.1940715E-07,0.097832
5.1945715E-07,0.099602
5.1950715E-07,0.101372
5.1955715E-07,0.102995
5.1960715E-07,0.104470
5.1965715E-07,0.105945
5.1970715E-07,0.107125
5.1975715E-07,0.108158
5.1980715E-07,0.109043
5.1985715E-07,0.109633
5.1990715E-07,0.110075
5.1995715E-07,0.110075
5.2000715E-07,0.109928
5.2005715E-07,0.109633
5.2010715E-07,0.108895
5.2015715E-07,0.108010
5.2020715E-07,0.106683
5.2025715E-07,0.105355
5.2030715E-07,0.103585
5.2035715E-07,0.101815
5.2040715E-07,0.099750
5.2045715E-07,0.097537
5.2050715E-07,0.095324
5.2055715E-07,0.092964
5.2060715E-07,0.090604
5.2065715E-07,0.088096
5.2070715E-07,0.085736
5.2075715E-07,0.083376
5.2080715E-07,0.081163
5.2085715E-07,0.078951
5.2090715E-07,0.076886
5.2095715E-07,0.074820
5.2100715E-07,0.072903
5.2105715E-07,0.071133
5.2110715E-07,0.069510
5.2115715E-07,0.067888
5.2120715E-07,0.066412
5.2125715E-07,0.065085
5.2130715E-07,0.063757
5.2135715E-07,0.062430
5.2140715E-07,0.061250
5.2145715E-07,0.060070
5.2150715E-07,0.058889
5.2155715E-07,0.057709
5.2160715E-07,0.056677
5.2165715E-07,0.055644
5.2170715E-07,0.054612
5.2175715E-07,0.053579
5.2180715E-07,0.052694
5.2185715E-07,0.051809
5.2190715E-07,0.051071
5.2195715E-07,0.050334
5.2200715E-07,0.049744
5.2205715E-07,0.049301
5.2210715E-07,0.048859
5.2215715E-07,0.048564
5.2220715E-07,0.048416
5.2225715E-07,0.048416
5.2230715E-07,0.048416
5.2235715E-07,0.048416
5.2240715E-07,0.048564
5.2245715E-07,0.048711
5.2250715E-07,0.048859
5.2255715E-07,0.049006
5.2260715E-07,0.049154
5.2265715E-07,0.049301
5.2270715E-07,0.049301
5.2275715E-07,0.049154
5.2280715E-07,0.049006
5.2285715E-07,0.048859
5.2290715E-07,0.048564
5.2295715E-07,0.048121
5.2300715E-07,0.047679
5.2305715E-07,0.047089
5.2310715E-07,0.046646
5.2315715E-07,0.046056
5.2320715E-07,0.045466
5.2325715E-07,0.045024
5.2330715E-07,0.044581
5.2335715E-07,0.044286
5.2340715E-07,0.044139
5.2345715E-07,0.043991
5.2350715E-07,0.043991
5.2355715E-07,0.043991
5.2360715E-07,0.044286
5.2365715E-07,0.044581
5.2370715E-07,0.044876
5.2375715E-07,0.045319
5.2380715E-07,0.045909
5.2385715E-07,0.046351
5.2390715E-07,0.046794
5.2395715E-07,0.047236
5.2400715E-07,0.047531
5.2405715E-07,0.047826
5.2410715E-07,0.047974
5.2415715E-07,0.048121
5.2420715E-07,0.047974
5.2425715E-07,0.047826
5.2430715E-07,0.047679
5.2435715E-07,0.047384
5.2440715E-07,0.046941
5.2445715E-07,0.046499
5.2450715E-07,0.046056
5.2455715E-07,0.045614
5.2460715E-07,0.045171
5.2465715E-07,0.044876
5.2470715E-07,0.044434
5.2475715E-07,0.044286
5.2480715E-07,0.044139
5.2485715E-07,0.044139
5.2490715E-07,0.044139
5.2495715E-07,0.044434
5.2500715E-07,0.044581
5.2505715E-07,0.045024
5.2510715E-07,0.045319
5.2515715E-07,0.045909
5.2520715E-07,0.046351
5.2525715E-07,0.046794
5.2530715E-07,0.047236
5.2535715E-07,0.047679
5.2540715E-07,0.048121
5.2545715E-07,0.048416
5.2550715E-07,0.048711
5.2555715E-07,0.048859
5.2560715E-07,0.049154
5.2565715E-07,0.049154
5.2570715E-07,0.049301
5.2575715E-07,0.049301
5.2580715E-07,0.049301
5.2585715E-07,0.049301
5.2590715E-07,0.049301
5.2595715E-07,0.049449
5.2600715E-07,0.049596
5.2605715E-07,0.049744
5.2610715E-07,0.050039
5.2615715E-07,0.050334
5.2620715E-07,0.050924
5.2625715E-07,0.051366
5.2630715E-07,0.052104
5.2635715E-07,0.052842
5.2640715E-07,0.053579
5.2645715E-07,0.054464
5.2650715E-07,0.055497
5.2655715E-07,0.056382
5.2660715E-07,0.057267
5.2665715E-07,0.058299
5.2670715E-07,0.059184
5.2675715E-07,0.059922
5.2680715E-07,0.060660
5.2685715E-07,0.061250
5.2690715E-07,0.061840
5.2695715E-07,0.062282
5.2700715E-07,0.062577
5.2705715E-07,0.062725
5.2710715E-07,0.062725
5.2715715E-07,0.062577
5.2720715E-07,0.062282
5.2725715E-07,0.061987
5.2730715E-07,0.061545
5.2735715E-07,0.061102
5.2740715E-07,0.060512
5.2745715E-07,0.059922
5.2750715E-07,0.059184
5.2755715E-07,0.058447
5.2760715E-07,0.057709
5.2765715E-07,0.056824
5.2770715E-07,0.056087
5.2775715E-07,0.055202
5.2780715E-07,0.054464
5.2785715E-07,0.053579
5.2790715E-07,0.052694
5.2795715E-07,0.051809
5.2800715E-07,0.051071
5.2805715E-07,0.050186
5.2810715E-07,0.049301
5.2815715E-07,0.048416
5.2820715E-07,0.047531
5.2825715E-07,0.046794
5.2830715E-07,0.045909
5.2835715E-07,0.045171
5.2840715E-07,0.044434
5.2845715E-07,0.043844
5.2850715E-07,0.043253
5.2855715E-07,0.042811
5.2860715E-07,0.042368
5.2865715E-07,0.042221
5.2870715E-07,0.041926
5.2875715E-07,0.041926
5.2880715E-07,0.041926
5.2885715E-07,0.042073
5.2890715E-07,0.042368
5.2895715E-07,0.042811
5.2900715E-07,0.043253
5.2905715E-07,0.043696
5.2910715E-07,0.044286
5.2915715E-07,0.044876
5.2920715E-07,0.045614
5.2925715E-07,0.046204
5.2930715E-07,0.046941
5.2935715E-07,0.047531
5.2940715E-07,0.048121
5.2945715E-07,0.048859
5.2950715E-07,0.049449
5.2955715E-07,0.050039
5.2960715E-07,0.050629
5.2965715E-07,0.051219
5.2970715E-07,0.051809
5.2975715E-07,0.052399
5.2980715E-07,0.053137
5.2985715E-07,0.053874
5.2990715E-07,0.054759
5.2995715E-07,0.055792
5.3000715E-07,0.056824
5.3005715E-07,0.058004
5.3010715E-07,0.059184
5.3015715E-07,0.060660
5.3020715E-07,0.062135
5.3025715E-07,0.063610
5.3030715E-07,0.065232
5.3035715E-07,0.067002
5.3040715E-07,0.068625
5.3045715E-07,0.070395
5.3050715E-07,0.072165
5.3055715E-07,0.073788
5.3060715E-07,0.075411
5.3065715E-07,0.076886
5.3070715E-07,0.078361
5.3075715E-07,0.079541
5.3080715E-07,0.080721
5.3085715E-07,0.081753
5.3090715E-07,0.082639
5.3095715E-07,0.083376
5.3100715E-07,0.083966
5.3105715E-07,0.084409
5.3110715E-07,0.084851
5.3115715E-07,0.085146
5.3120715E-07,0.085294
5.3125715E-07,0.085589
5.3130715E-07,0.085736
5.3135715E-07,0.085884
5.3140715E-07,0.086031
5.3145715E-07,0.086179
5.3150715E-07,0.086326
5.3155715E-07,0.086474
5.3160715E-07,0.086621
5.3165715E-07,0.086621
5.3170715E-07,0.086769
5.3175715E-07,0.086769
5.3180715E-07,0.086621
5.3185715E-07,0.086474
5.3190715E-07,0.086179
5.3195715E-07,0.085736
5.3200715E-07,0.085146
5.3205715E-07,0.084409
5.3210715E-07,0.083524
5.3215715E-07,0.082343
5.3220715E-07,0.081163
5.3225715E-07,0.079688
5.3230715E-07,0.078066
5.3235715E-07,0.076443
5.3240715E-07,0.074525
5.3245715E-07,0.072608
5.3250715E-07,0.070690
5.3255715E-07,0.068625
5.3260715E-07,0.066412
5.3265715E-07,0.064347
5.3270715E-07,0.062282
5.3275715E-07,0.060070
5.3280715E-07,0.058004
5.3285715E-07,0.055939
5.3290715E-07,0.054022
5.3295715E-07,0.052104
5.3300715E-07,0.050186
5.3305715E-07,0.048416
5.3310715E-07,0.046646
5.3315715E-07,0.045024
5.3320715E-07,0.043401
5.3325715E-07,0.041926
5.3330715E-07,0.040451
5.3335715E-07,0.039123
5.3340715E-07,0.037796
5.3345715E-07,0.036616
5.3350715E-07,0.035583
5.3355715E-07,0.034698
5.3360715E-07,0.033813
5.3365715E-07,0.033075
5.3370715E-07,0.032633
5.3375715E-07,0.032190
5.3380715E-07,0.031895
5.3385715E-07,0.031895
5.3390715E-07,0.031895
5.3395715E-07,0.032043
5.3400715E-07,0.032485
5.3405715E-07,0.032928
5.3410715E-07,0.033518
5.3415715E-07,0.034255
5.3420715E-07,0.035140
5.3425715E-07,0.036026
5.3430715E-07,0.036911
5.3435715E-07,0.037796
5.3440715E-07,0.038828
5.3445715E-07,0.039713
5.3450715E-07,0.040451
5.3455715E-07,0.041188
5.3460715E-07,0.041926
5.3465715E-07,0.042516
5.3470715E-07,0.042811
5.3475715E-07,0.043106
5.3480715E-07,0.043253
5.3485715E-07,0.043253
5.3490715E-07,0.043106
5.3495715E-07,0.042811
5.3500715E-07,0.042368
5.3505715E-07,0.041926
5.3510715E-07,0.041336
5.3515715E-07,0.040598
5.3520715E-07,0.039861
5.3525715E-07,0.039123
5.3530715E-07,0.038386
5.3535715E-07,0.037648
5.3540715E-07,0.036911
5.3545715E-07,0.036173
5.3550715E-07,0.035583
5.3555715E-07,0.034993
5.3560715E-07,0.034403
5.3565715E-07,0.033960
5.3570715E-07,0.033665
5.3575715E-07,0.033223
5.3580715E-07,0.032928
5.3585715E-07,0.032780
5.3590715E-07,0.032485
5.3595715E-07,0.032190
5.3600715E-07,0.032043
5.3605715E-07,0.031748
5.3610715E-07,0.031453
5.3615715E-07,0.031158
5.3620715E-07,0.030863
5.3625715E-07,0.030420
5.3630715E-07,0.029978
5.3635715E-07,0.029535
5.3640715E-07,0.028945
5.3645715E-07,0.028355
5.3650715E-07,0.027912
5.3655715E-07,0.027322
5.3660715E-07,0.026732
5.3665715E-07,0.026142
5.3670715E-07,0.025700
5.3675715E-07,0.025405
5.3680715E-07,0.025110
5.3685715E-07,0.024962
5.3690715E-07,0.024962
5.3695715E-07,0.024962
5.3700715E-07,0.025257
5.3705715E-07,0.025552
5.3710715E-07,0.026142
5.3715715E-07,0.026732
5.3720715E-07,0.027617
5.3725715E-07,0.028355
5.3730715E-07,0.029388
5.3735715E-07,0.030420
5.3740715E-07,0.031453
5.3745715E-07,0.032485
5.3750715E-07,0.033518
5.3755715E-07,0.034403
5.3760715E-07,0.035288
5.3765715E-07,0.036173
5.3770715E-07,0.036911
5.3775715E-07,0.037648
5.3780715E-07,0.038238
5.3785715E-07,0.038681
5.3790715E-07,0.038976
5.3795715E-07,0.039271
5.3800715E-07,0.039418
5.3805715E-07,0.039566
5.3810715E-07,0.039713
5.3815715E-07,0.039713
5.3820715E-07,0.039861
5.3825715E-07,0.039861
5.3830715E-07,0.039861
5.3835715E-07,0.040008
5.3840715E-07,0.040008
5.3845715E-07,0.040156
5.3850715E-07,0.040156
5.3855715E-07,0.040303
5.3860715E-07,0.040303
5.3865715E-07,0.040451
5.3870715E-07,0.040451
5.3875715E-07,0.040451
5.3880715E-07,0.040451
5.3885715E-07,0.040303
5.3890715E-07,0.040008
5.3895715E-07,0.039861
5.3900715E-07,0.039418
5.3905715E-07,0.038976
5.3910715E-07,0.038533
5.3915715E-07,0.037943
5.3920715E-07,0.037353
5.3925715E-07,0.036763
5.3930715E-07,0.036026
5.3935715E-07,0.035435
5.3940715E-07,0.034698
5.3945715E-07,0.033960
5.3950715E-07,0.033370
5.3955715E-07,0.032633
5.3960715E-07,0.032043
5.3965715E-07,0.031305
5.3970715E-07,0.030715
5.3975715E-07,0.029978
5.3980715E-07,0.029388
5.3985715E-07,0.028650
5.3990715E-07,0.027912
5.3995715E-07,0.027175
5.4000715E-07,0.026437
5.4005715E-07,0.025552
5.4010715E-07,0.024520
5.4015715E-07,0.023487
5.4020715E-07,0.022455
5.4025715E-07,0.021422
5.4030715E-07,0.020389
5.4035715E-07,0.019209
5.4040715E-07,0.018177
5.4045715E-07,0.017144
5.4050715E-07,0.016112
5.4055715E-07,0.015374
5.4060715E-07,0.014637
5.4065715E-07,0.014047
5.4070715E-07,0.013752
5.4075715E-07,0.013457
5.4080715E-07,0.013604
5.4085715E-07,0.013752
5.4090715E-07,0.014342
5.4095715E-07,0.014932
5.4100715E-07,0.015817
5.4105715E-07,0.016997
5.4110715E-07,0.018177
5.4115715E-07,0.019504
5.4120715E-07,0.020980
5.4125715E-07,0.022602
5.4130715E-07,0.024077
5.4135715E-07,0.025700
5.4140715E-07,0.027175
5.4145715E-07,0.028650
5.4150715E-07,0.030125
5.4155715E-07,0.031305
5.4160715E-07,0.032485
5.4165715E-07,0.033370
5.4170715E-07,0.034108
5.4175715E-07,0.034550
5.4180715E-07,0.034845
5.4185715E-07,0.034993
5.4190715E-07,0.034993
5.4195715E-07,0.034698
5.4200715E-07,0.034108
5.4205715E-07,0.033518
5.4210715E-07,0.032780
5.4215715E-07,0.031895
5.4220715E-07,0.030863
5.4225715E-07,0.029683
5.4230715E-07,0.028650
5.4235715E-07,0.027470
5.4240715E-07,0.026142
5.4245715E-07,0.024962
5.4250715E-07,0.023782
5.4255715E-07,0.022750
5.4260715E-07,0.021570
5.4265715E-07,0.020537
5.4270715E-07,0.019652
5.4275715E-07,0.018767
5.4280715E-07,0.018029
5.4285715E-07,0.017292
5.4290715E-07,0.016702
5.4295715E-07,0.016259
5.4300715E-07,0.015817
5.4305715E-07,0.015522
5.4310715E-07,0.015374
5.4315715E-07,0.015227
5.4320715E-07,0.015227
5.4325715E-07,0.015374
5.4330715E-07,0.015522
5.4335715E-07,0.015964
5.4340715E-07,0.016407
5.4345715E-07,0.016849
5.4350715E-07,0.017439
5.4355715E-07,0.018177
5.4360715E-07,0.019062
5.4365715E-07,0.019947
5.4370715E-07,0.020832
5.4375715E-07,0.021865
5.4380715E-07,0.023045
5.4385715E-07,0.024077
5.4390715E-07,0.025257
5.4395715E-07,0.026437
5.4400715E-07,0.027617
5.4405715E-07,0.028798
5.4410715E-07,0.029830
5.4415715E-07,0.030863
5.4420715E-07,0.031895
5.4425715E-07,0.032928
5.4430715E-07,0.033813
5.4435715E-07,0.034698
5.4440715E-07,0.035435
5.4445715E-07,0.036321
5.4450715E-07,0.037058
5.4455715E-07,0.037796
5.4460715E-07,0.038533
5.4465715E-07,0.039271
5.4470715E-07,0.040008
5.4475715E-07,0.040893
5.4480715E-07,0.041778
5.4485715E-07,0.042663
5.4490715E-07,0.043696
5.4495715E-07,0.044581
5.4500715E-07,0.045614
5.4505715E-07,0.046646
5.4510715E-07,0.047679
5.4515715E-07,0.048711
5.4520715E-07,0.049596
5.4525715E-07,0.050334
5.4530715E-07,0.051071
5.4535715E-07,0.051514
5.4540715E-07,0.051957
5.4545715E-07,0.052104
5.4550715E-07,0.052104
5.4555715E-07,0.051809
5.4560715E-07,0.051366
5.4565715E-07,0.050629
5.4570715E-07,0.049891
5.4575715E-07,0.048859
5.4580715E-07,0.047679
5.4585715E-07,0.046351
5.4590715E-07,0.044876
5.4595715E-07,0.043401
5.4600715E-07,0.041926
5.4605715E-07,0.040451
5.4610715E-07,0.039123
5.4615715E-07,0.037796
5.4620715E-07,0.036468
5.4625715E-07,0.035435
5.4630715E-07,0.034403
5.4635715E-07,0.033518
5.4640715E-07,0.032780
5.4645715E-07,0.032190
5.4650715E-07,0.031748
5.4655715E-07,0.031453
5.4660715E-07,0.031305
5.4665715E-07,0.031305
5.4670715E-07,0.031305
5.4675715E-07,0.031305
5.4680715E-07,0.031453
5.4685715E-07,0.031600
5.4690715E-07,0.031748
5.4695715E-07,0.031895
5.4700715E-07,0.032043
5.4705715E-07,0.032190
5.4710715E-07,0.032338
5.4715715E-07,0.032485
5.4720715E-07,0.032633
5.4725715E-07,0.032780
5.4730715E-07,0.032928
5.4735715E-07,0.032928
5.4740715E-07,0.033075
5.4745715E-07,0.033075
5.4750715E-07,0.033223
5.4755715E-07,0.033223
5.4760715E-07,0.033223
5.4765715E-07,0.033223
5.4770715E-07,0.033075
5.4775715E-07,0.032928
5.4780715E-07,0.032780
5.4785715E-07,0.032485
5.4790715E-07,0.032043
5.4795715E-07,0.031600
5.4800715E-07,0.030863
5.4805715E-07,0.030125
5.4810715E-07,0.029240
5.4815715E-07,0.028355
5.4820715E-07,0.027175
5.4825715E-07,0.025995
5.4830715E-07,0.024667
5.4835715E-07,0.023340
5.4840715E-07,0.022012
5.4845715E-07,0.020685
5.4850715E-07,0.019504
5.4855715E-07,0.018177
5.4860715E-07,0.017144
5.4865715E-07,0.016259
5.4870715E-07,0.015669
5.4875715E-07,0.015079
5.4880715E-07,0.014932
5.4885715E-07,0.014932
5.4890715E-07,0.015374
5.4895715E-07,0.015964
5.4900715E-07,0.016849
5.4905715E-07,0.018029
5.4910715E-07,0.019357
5.4915715E-07,0.021127
5.4920715E-07,0.022897
5.4925715E-07,0.024962
5.4930715E-07,0.027027
5.4935715E-07,0.029240
5.4940715E-07,0.031453
5.4945715E-07,0.033665
5.4950715E-07,0.035878
5.4955715E-07,0.037943
5.4960715E-07,0.040008
5.4965715E-07,0.041778
5.4970715E-07,0.043253
5.4975715E-07,0.044729
5.4980715E-07,0.045761
5.4985715E-07,0.046646
5.4990715E-07,0.047236
5.4995715E-07,0.047531
5.5000715E-07,0.047679
5.5005715E-07,0.047384
5.5010715E-07,0.046941
5.5015715E-07,0.046204
5.5020715E-07,0.045171
5.5025715E-07,0.043991
5.5030715E-07,0.042516
5.5035715E-07,0.040893
5.5040715E-07,0.039123
5.5045715E-07,0.037058
5.5050715E-07,0.034993
5.5055715E-07,0.032780
5.5060715E-07,0.030420
5.5065715E-07,0.027912
5.5070715E-07,0.025405
5.5075715E-07,0.022897
5.5080715E-07,0.020242
5.5085715E-07,0.017734
5.5090715E-07,0.015079
5.5095715E-07,0.012571
5.5100715E-07,0.010064
5.5105715E-07,0.007704
5.5110715E-07,0.005344
5.5115715E-07,0.003131
5.5120715E-07,0.001213
5.5125715E-07,-0.000704
5.5130715E-07,-0.002327
5.5135715E-07,-0.003655
5.5140715E-07,-0.004835
5.5145715E-07,-0.005867
5.5150715E-07,-0.006605
5.5155715E-07,-0.007047
5.5160715E-07,-0.007195
5.5165715E-07,-0.007195
5.5170715E-07,-0.007047
5.5175715E-07,-0.006605
5.5180715E-07,-0.005867
5.5185715E-07,-0.005130
5.5190715E-07,-0.004097
5.5195715E-07,-0.003065
5.5200715E-07,-0.001884
5.5205715E-07,-0.000704
5.5210715E-07,0.000623
5.5215715E-07,0.001803
5.5220715E-07,0.002983
5.5225715E-07,0.004163
5.5230715E-07,0.005344
5.5235715E-07,0.006229
5.5240715E-07,0.007114
5.5245715E-07,0.007999
5.5250715E-07,0.008589
5.5255715E-07,0.009179
5.5260715E-07,0.009621
5.5265715E-07,0.009916
5.5270715E-07,0.010064
5.5275715E-07,0.010064
5.5280715E-07,0.010064
5.5285715E-07,0.009916
5.5290715E-07,0.009769
5.5295715E-07,0.009474
5.5300715E-07,0.009031
5.5305715E-07,0.008589
5.5310715E-07,0.007999
5.5315715E-07,0.007409
5.5320715E-07,0.006819
5.5325715E-07,0.006081
5.5330715E-07,0.005196
5.5335715E-07,0.004458
5.5340715E-07,0.003426
5.5345715E-07,0.002393
5.5350715E-07,0.001361
5.5355715E-07,0.000181
5.5360715E-07,-0.000999
5.5365715E-07,-0.002327
5.5370715E-07,-0.003655
5.5375715E-07,-0.004982
5.5380715E-07,-0.006310
5.5385715E-07,-0.007637
5.5390715E-07,-0.008965
5.5395715E-07,-0.010145
5.5400715E-07,-0.011325
5.5405715E-07,-0.012358
5.5410715E-07,-0.013390
5.5415715E-07,-0.014275
5.5420715E-07,-0.014865
5.5425715E-07,-0.015455
5.5430715E-07,-0.015750
5.5435715E-07,-0.016045
5.5440715E-07,-0.016045
5.5445715E-07,-0.015898
5.5450715E-07,-0.015603
5.5455715E-07,-0.015308
5.5460715E-07,-0.014865
5.5465715E-07,-0.014275
5.5470715E-07,-0.013685
5.5475715E-07,-0.013095
5.5480715E-07,-0.012358
5.5485715E-07,-0.011768
5.5490715E-07,-0.011178
5.5495715E-07,-0.010587
5.5500715E-07,-0.009997
5.5505715E-07,-0.009555
5.5510715E-07,-0.009260
5.5515715E-07,-0.008817
5.5520715E-07,-0.008670
5.5525715E-07,-0.008375
5.5530715E-07,-0.008227
5.5535715E-07,-0.007932
5.5540715E-07,-0.007785
5.5545715E-07,-0.007637
5.5550715E-07,-0.007342
5.5555715E-07,-0.007047
5.5560715E-07,-0.006752
5.5565715E-07,-0.006310
5.5570715E-07,-0.005867
5.5575715E-07,-0.005277
5.5580715E-07,-0.004687
5.5585715E-07,-0.004097
5.5590715E-07,-0.003360
5.5595715E-07,-0.002622
5.5600715E-07,-0.001737
5.5605715E-07,-0.000999
5.5610715E-07,-0.000262
5.5615715E-07,0.000476
5.5620715E-07,0.001066
5.5625715E-07,0.001803
5.5630715E-07,0.002246
5.5635715E-07,0.002688
5.5640715E-07,0.003131
5.5645715E-07,0.003426
5.5650715E-07,0.003573
5.5655715E-07,0.003721
5.5660715E-07,0.003721
5.5665715E-07,0.003721
5.5670715E-07,0.003721
5.5675715E-07,0.003573
5.5680715E-07,0.003573
5.5685715E-07,0.003573
5.5690715E-07,0.003573
5.5695715E-07,0.003573
5.5700715E-07,0.003573
5.5705715E-07,0.003868
5.5710715E-07,0.004016
5.5715715E-07,0.004311
5.5720715E-07,0.004753
5.5725715E-07,0.005196
5.5730715E-07,0.005786
5.5735715E-07,0.006376
5.5740715E-07,0.006966
5.5745715E-07,0.007556
5.5750715E-07,0.008294
5.5755715E-07,0.009031
5.5760715E-07,0.009621
5.5765715E-07,0.010211
5.5770715E-07,0.010949
5.5775715E-07,0.011391
5.5780715E-07,0.011981
5.5785715E-07,0.012424
5.5790715E-07,0.012719
5.5795715E-07,0.013014
5.5800715E-07,0.013309
5.5805715E-07,0.013604
5.5810715E-07,0.013752
5.5815715E-07,0.013899
5.5820715E-07,0.013899
5.5825715E-07,0.014047
5.5830715E-07,0.014047
5.5835715E-07,0.014194
5.5840715E-07,0.014194
5.5845715E-07,0.014194
5.5850715E-07,0.014342
5.5855715E-07,0.014342
5.5860715E-07,0.014342
5.5865715E-07,0.014342
5.5870715E-07,0.014194
5.5875715E-07,0.014047
5.5880715E-07,0.013899
5.5885715E-07,0.013604
5.5890715E-07,0.013309
5.5895715E-07,0.012719
5.5900715E-07,0.012129
5.5905715E-07,0.011391
5.5910715E-07,0.010654
5.5915715E-07,0.009621
5.5920715E-07,0.008589
5.5925715E-07,0.007409
5.5930715E-07,0.006229
5.5935715E-07,0.005049
5.5940715E-07,0.003721
5.5945715E-07,0.002393
5.5950715E-07,0.001213
5.5955715E-07,0.000033
5.5960715E-07,-0.000999
5.5965715E-07,-0.001884
5.5970715E-07,-0.002622
5.5975715E-07,-0.003065
5.5980715E-07,-0.003507
5.5985715E-07,-0.003507
5.5990715E-07,-0.003360
5.5995715E-07,-0.002917
5.6000715E-07,-0.002327
5.6005715E-07,-0.001442
5.6010715E-07,-0.000409
5.6015715E-07,0.000771
5.6020715E-07,0.002246
5.6025715E-07,0.003721
5.6030715E-07,0.005344
5.6035715E-07,0.006966
5.6040715E-07,0.008736
5.6045715E-07,0.010359
5.6050715E-07,0.011981
5.6055715E-07,0.013604
5.6060715E-07,0.015079
5.6065715E-07,0.016407
5.6070715E-07,0.017439
5.6075715E-07,0.018472
5.6080715E-07,0.019357
5.6085715E-07,0.019947
5.6090715E-07,0.020389
5.6095715E-07,0.020537
5.6100715E-07,0.020537
5.6105715E-07,0.020389
5.6110715E-07,0.020094
5.6115715E-07,0.019652
5.6120715E-07,0.018914
5.6125715E-07,0.018029
5.6130715E-07,0.017144
5.6135715E-07,0.015964
5.6140715E-07,0.014784
5.6145715E-07,0.013309
5.6150715E-07,0.011834
5.6155715E-07,0.010211
5.6160715E-07,0.008589
5.6165715E-07,0.006671
5.6170715E-07,0.004901
5.6175715E-07,0.002983
5.6180715E-07,0.001066
5.6185715E-07,-0.000999
5.6190715E-07,-0.003065
5.6195715E-07,-0.004982
5.6200715E-07,-0.006900
5.6205715E-07,-0.008817
5.6210715E-07,-0.010735
5.6215715E-07,-0.012358
5.6220715E-07,-0.013980
5.6225715E-07,-0.015455
5.6230715E-07,-0.016930
5.6235715E-07,-0.018110
5.6240715E-07,-0.019143
5.6245715E-07,-0.019881
5.6250715E-07,-0.020618
5.6255715E-07,-0.021061
5.6260715E-07,-0.021503
5.6265715E-07,-0.021651
5.6270715E-07,-0.021651
5.6275715E-07,-0.021651
5.6280715E-07,-0.021503
5.6285715E-07,-0.021208
5.6290715E-07,-0.020766
5.6295715E-07,-0.020471
5.6300715E-07,-0.019881
5.6305715E-07,-0.019438
5.6310715E-07,-0.018848
5.6315715E-07,-0.018258
5.6320715E-07,-0.017668
5.6325715E-07,-0.017078
5.6330715E-07,-0.016340
5.6335715E-07,-0.015603
5.6340715E-07,-0.014865
5.6345715E-07,-0.013980
5.6350715E-07,-0.013095
5.6355715E-07,-0.012063
5.6360715E-07,-0.011030
5.6365715E-07,-0.009850
5.6370715E-07,-0.008670
5.6375715E-07,-0.007195
5.6380715E-07,-0.005867
5.6385715E-07,-0.004245
5.6390715E-07,-0.002622
5.6395715E-07,-0.000999
5.6400715E-07,0.000771
5.6405715E-07,0.002541
5.6410715E-07,0.004311
5.6415715E-07,0.006081
5.6420715E-07,0.007851
5.6425715E-07,0.009621
5.6430715E-07,0.011244
5.6435715E-07,0.012719
5.6440715E-07,0.014194
5.6445715E-07,0.015669
5.6450715E-07,0.016849
5.6455715E-07,0.018029
5.6460715E-07,0.019062
5.6465715E-07,0.019947
5.6470715E-07,0.020685
5.6475715E-07,0.021422
5.6480715E-07,0.022012
5.6485715E-07,0.022455
5.6490715E-07,0.022897
5.6495715E-07,0.023192
5.6500715E-07,0.023487
5.6505715E-07,0.023635
5.6510715E-07,0.023782
5.6515715E-07,0.023930
5.6520715E-07,0.023930
5.6525715E-07,0.024077
5.6530715E-07,0.024077
5.6535715E-07,0.024077
5.6540715E-07,0.024077
5.6545715E-07,0.023930
5.6550715E-07,0.023930
5.6555715E-07,0.023782
5.6560715E-07,0.023635
5.6565715E-07,0.023487
5.6570715E-07,0.023192
5.6575715E-07,0.022897
5.6580715E-07,0.022602
5.6585715E-07,0.022307
5.6590715E-07,0.021865
5.6595715E-07,0.021422
5.6600715E-07,0.020832
5.6605715E-07,0.020242
5.6610715E-07,0.019799
5.6615715E-07,0.019062
5.6620715E-07,0.018472
5.6625715E-07,0.017882
5.6630715E-07,0.017144
5.6635715E-07,0.016407
5.6640715E-07,0.015817
5.6645715E-07,0.015079
5.6650715E-07,0.014342
5.6655715E-07,0.013604
5.6660715E-07,0.012867
5.6665715E-07,0.012129
5.6670715E-07,0.011391
5.6675715E-07,0.010654
5.6680715E-07,0.009916
5.6685715E-07,0.009031
5.6690715E-07,0.008294
5.6695715E-07,0.007409
5.6700715E-07,0.006524
5.6705715E-07,0.005786
5.6710715E-07,0.004901
5.6715715E-07,0.004163
5.6720715E-07,0.003426
5.6725715E-07,0.002688
5.6730715E-07,0.002098
5.6735715E-07,0.001656
5.6740715E-07,0.001213
5.6745715E-07,0.001066
5.6750715E-07,0.001066
5.6755715E-07,0.001213
5.6760715E-07,0.001656
5.6765715E-07,0.002246
5.6770715E-07,0.002983
5.6775715E-07,0.004016
5.6780715E-07,0.005196
5.6785715E-07,0.006671
5.6790715E-07,0.008146
5.6795715E-07,0.009769
5.6800715E-07,0.011539
5.6805715E-07,0.013457
5.6810715E-07,0.015227
5.6815715E-07,0.016997
5.6820715E-07,0.018767
5.6825715E-07,0.020389
5.6830715E-07,0.021865
5.6835715E-07,0.023192
5.6840715E-07,0.024225
5.6845715E-07,0.025110
5.6850715E-07,0.025700
5.6855715E-07,0.026142
5.6860715E-07,0.026437
5.6865715E-07,0.026290
5.6870715E-07,0.026142
5.6875715E-07,0.025700
5.6880715E-07,0.025110
5.6885715E-07,0.024372
5.6890715E-07,0.023635
5.6895715E-07,0.022750
5.6900715E-07,0.021865
5.6905715E-07,0.020832
5.6910715E-07,0.019947
5.6915715E-07,0.019062
5.6920715E-07,0.018324
5.6925715E-07,0.017439
5.6930715E-07,0.016702
5.6935715E-07,0.016112
5.6940715E-07,0.015374
5.6945715E-07,0.014784
5.6950715E-07,0.014342
5.6955715E-07,0.013752
5.6960715E-07,0.013309
5.6965715E-07,0.012719
5.6970715E-07,0.012276
5.6975715E-07,0.011686
5.6980715E-07,0.011244
5.6985715E-07,0.010801
5.6990715E-07,0.010359
5.6995715E-07,0.009916
5.7000715E-07,0.009474
5.7005715E-07,0.009179
5.7010715E-07,0.009031
5.7015715E-07,0.008884
5.7020715E-07,0.009031
5.7025715E-07,0.009179
5.7030715E-07,0.009474
5.7035715E-07,0.010064
5.7040715E-07,0.010654
5.7045715E-07,0.011539
5.7050715E-07,0.012571
5.7055715E-07,0.013604
5.7060715E-07,0.014932
5.7065715E-07,0.016259
5.7070715E-07,0.017587
5.7075715E-07,0.018914
5.7080715E-07,0.020242
5.7085715E-07,0.021570
5.7090715E-07,0.022750
5.7095715E-07,0.023782
5.7100715E-07,0.024667
5.7105715E-07,0.025257
5.7110715E-07,0.025700
5.7115715E-07,0.025995
5.7120715E-07,0.025995
5.7125715E-07,0.025700
5.7130715E-07,0.025257
5.7135715E-07,0.024520
5.7140715E-07,0.023782
5.7145715E-07,0.022750
5.7150715E-07,0.021717
5.7155715E-07,0.020537
5.7160715E-07,0.019357
5.7165715E-07,0.018177
5.7170715E-07,0.017144
5.7175715E-07,0.015964
5.7180715E-07,0.015079
5.7185715E-07,0.014194
5.7190715E-07,0.013604
5.7195715E-07,0.013014
5.7200715E-07,0.012719
5.7205715E-07,0.012424
5.7210715E-07,0.012424
5.7215715E-07,0.012571
5.7220715E-07,0.012719
5.7225715E-07,0.013014
5.7230715E-07,0.013309
5.7235715E-07,0.013752
5.7240715E-07,0.014194
5.7245715E-07,0.014637
5.7250715E-07,0.014932
5.7255715E-07,0.015227
5.7260715E-07,0.015374
5.7265715E-07,0.015522
5.7270715E-07,0.015374
5.7275715E-07,0.015227
5.7280715E-07,0.014932
5.7285715E-07,0.014342
5.7290715E-07,0.013752
5.7295715E-07,0.012867
5.7300715E-07,0.011981
5.7305715E-07,0.010801
5.7310715E-07,0.009621
5.7315715E-07,0.008294
5.7320715E-07,0.006819
5.7325715E-07,0.005344
5.7330715E-07,0.003721
5.7335715E-07,0.001951
5.7340715E-07,0.000181
5.7345715E-07,-0.001589
5.7350715E-07,-0.003507
5.7355715E-07,-0.005425
5.7360715E-07,-0.007342
5.7365715E-07,-0.009407
5.7370715E-07,-0.011473
5.7375715E-07,-0.013538
5.7380715E-07,-0.015603
5.7385715E-07,-0.017815
5.7390715E-07,-0.019881
5.7395715E-07,-0.021946
5.7400715E-07,-0.024011
5.7405715E-07,-0.026076
5.7410715E-07,-0.027994
5.7415715E-07,-0.029764
5.7420715E-07,-0.031534
5.7425715E-07,-0.033156
5.7430715E-07,-0.034779
5.7435715E-07,-0.036107
5.7440715E-07,-0.037287
5.7445715E-07,-0.038319
5.7450715E-07,-0.039204
5.7455715E-07,-0.039794
5.7460715E-07,-0.040384
5.7465715E-07,-0.040679
5.7470715E-07,-0.040827
5.7475715E-07,-0.040974
5.7480715E-07,-0.040827
5.7485715E-07,-0.040679
5.7490715E-07,-0.040384
5.7495715E-07,-0.040089
5.7500715E-07,-0.039794
5.7505715E-07,-0.039352
5.7510715E-07,-0.038909
5.7515715E-07,-0.038467
5.7520715E-07,-0.038024
5.7525715E-07,-0.037582
5.7530715E-07,-0.037139
5.7535715E-07,-0.036697
5.7540715E-07,-0.036107
5.7545715E-07,-0.035517
5.7550715E-07,-0.034779
5.7555715E-07,-0.034042
5.7560715E-07,-0.033156
5.7565715E-07,-0.032124
5.7570715E-07,-0.031091
5.7575715E-07,-0.029911
5.7580715E-07,-0.028436
5.7585715E-07,-0.026961
5.7590715E-07,-0.025338
5.7595715E-07,-0.023716
5.7600715E-07,-0.021946
5.7605715E-07,-0.020176
5.7610715E-07,-0.018405
5.7615715E-07,-0.016488
5.7620715E-07,-0.014865
5.7625715E-07,-0.013243
5.7630715E-07,-0.011620
5.7635715E-07,-0.010292
5.7640715E-07,-0.009112
5.7645715E-07,-0.008080
5.7650715E-07,-0.007195
5.7655715E-07,-0.006605
5.7660715E-07,-0.006162
5.7665715E-07,-0.006015
5.7670715E-07,-0.006015
5.7675715E-07,-0.006015
5.7680715E-07,-0.006310
5.7685715E-07,-0.006605
5.7690715E-07,-0.006900
5.7695715E-07,-0.007342
5.7700715E-07,-0.007637
5.7705715E-07,-0.008080
5.7710715E-07,-0.008227
5.7715715E-07,-0.008375
5.7720715E-07,-0.008375
5.7725715E-07,-0.008227
5.7730715E-07,-0.008080
5.7735715E-07,-0.007637
5.7740715E-07,-0.007195
5.7745715E-07,-0.006457
5.7750715E-07,-0.005720
5.7755715E-07,-0.004982
5.7760715E-07,-0.004097
5.7765715E-07,-0.003212
5.7770715E-07,-0.002179
5.7775715E-07,-0.001294
5.7780715E-07,-0.000409
5.7785715E-07,0.000476
5.7790715E-07,0.001361
5.7795715E-07,0.002098
5.7800715E-07,0.002688
5.7805715E-07,0.003278
5.7810715E-07,0.003868
5.7815715E-07,0.004311
5.7820715E-07,0.004753
5.7825715E-07,0.005196
5.7830715E-07,0.005639
5.7835715E-07,0.006081
5.7840715E-07,0.006524
5.7845715E-07,0.006819
5.7850715E-07,0.007409
5.7855715E-07,0.007851
5.7860715E-07,0.008441
5.7865715E-07,0.009031
5.7870715E-07,0.009621
5.7875715E-07,0.010359
5.7880715E-07,0.010949
5.7885715E-07,0.011686
5.7890715E-07,0.012276
5.7895715E-07,0.013014
5.7900715E-07,0.013604
5.7905715E-07,0.014047
5.7910715E-07,0.014489
5.7915715E-07,0.014932
5.7920715E-07,0.015227
5.7925715E-07,0.015374
5.7930715E-07,0.015374
5.7935715E-07,0.015227
5.7940715E-07,0.015079
5.7945715E-07,0.014784
5.7950715E-07,0.014342
5.7955715E-07,0.013752
5.7960715E-07,0.013309
5.7965715E-07,0.012719
5.7970715E-07,0.011981
5.7975715E-07,0.011391
5.7980715E-07,0.010801
5.7985715E-07,0.010064
5.7990715E-07,0.009621
5.7995715E-07,0.009031
5.8000715E-07,0.008589
5.8005715E-07,0.008294
5.8010715E-07,0.007999
5.8015715E-07,0.007851
5.8020715E-07,0.007851
5.8025715E-07,0.007851
5.8030715E-07,0.007851
5.8035715E-07,0.007999
5.8040715E-07,0.008146
5.8045715E-07,0.008294
5.8050715E-07,0.008441
5.8055715E-07,0.008589
5.8060715E-07,0.008736
5.8065715E-07,0.008884
5.8070715E-07,0.008884
5.8075715E-07,0.008884
5.8080715E-07,0.008736
5.8085715E-07,0.008589
5.8090715E-07,0.008441
5.8095715E-07,0.008146
5.8100715E-07,0.007704
5.8105715E-07,0.007261
5.8110715E-07,0.006819
5.8115715E-07,0.006229
5.8120715E-07,0.005639
5.8125715E-07,0.005049
5.8130715E-07,0.004606
5.8135715E-07,0.004016
5.8140715E-07,0.003426
5.8145715E-07,0.002983
5.8150715E-07,0.002541
5.8155715E-07,0.002098
5.8160715E-07,0.001656
5.8165715E-07,0.001361
5.8170715E-07,0.001066
5.8175715E-07,0.000771
5.8180715E-07,0.000476
5.8185715E-07,0.000181
5.8190715E-07,-0.000114
5.8195715E-07,-0.000409
5.8200715E-07,-0.000852
5.8205715E-07,-0.001147
5.8210715E-07,-0.001589
5.8215715E-07,-0.002032
5.8220715E-07,-0.002622
5.8225715E-07,-0.003212
5.8230715E-07,-0.003802
5.8235715E-07,-0.004392
5.8240715E-07,-0.004982
5.8245715E-07,-0.005720
5.8250715E-07,-0.006457
5.8255715E-07,-0.007047
5.8260715E-07,-0.007785
5.8265715E-07,-0.008375
5.8270715E-07,-0.009112
5.8275715E-07,-0.009702
5.8280715E-07,-0.010145
5.8285715E-07,-0.010735
5.8290715E-07,-0.011178
5.8295715E-07,-0.011473
5.8300715E-07,-0.011768
5.8305715E-07,-0.012063
5.8310715E-07,-0.012210
5.8315715E-07,-0.012358
5.8320715E-07,-0.012358
5.8325715E-07,-0.012358
5.8330715E-07,-0.012210
5.8335715E-07,-0.012063
5.8340715E-07,-0.011768
5.8345715E-07,-0.011473
5.8350715E-07,-0.011030
5.8355715E-07,-0.010440
5.8360715E-07,-0.009702
5.8365715E-07,-0.008965
5.8370715E-07,-0.008080
5.8375715E-07,-0.007047
5.8380715E-07,-0.005867
5.8385715E-07,-0.004540
5.8390715E-07,-0.003212
5.8395715E-07,-0.001737
5.8400715E-07,-0.000262
5.8405715E-07,0.001361
5.8410715E-07,0.003131
5.8415715E-07,0.004753
5.8420715E-07,0.006524
5.8425715E-07,0.008146
5.8430715E-07,0.009769
5.8435715E-07,0.011391
5.8440715E-07,0.012867
5.8445715E-07,0.014194
5.8450715E-07,0.015522
5.8455715E-07,0.016702
5.8460715E-07,0.017734
5.8465715E-07,0.018767
5.8470715E-07,0.019504
5.8475715E-07,0.020242
5.8480715E-07,0.020980
5.8485715E-07,0.021570
5.8490715E-07,0.022160
5.8495715E-07,0.022602
5.8500715E-07,0.023192
5.8505715E-07,0.023635
5.8510715E-07,0.024225
5.8515715E-07,0.024815
5.8520715E-07,0.025552
5.8525715E-07,0.026290
5.8530715E-07,0.027027
5.8535715E-07,0.027765
5.8540715E-07,0.028650
5.8545715E-07,0.029535
5.8550715E-07,0.030420
5.8555715E-07,0.031305
5.8560715E-07,0.032190
5.8565715E-07,0.033075
5.8570715E-07,0.033813
5.8575715E-07,0.034550
5.8580715E-07,0.035140
5.8585715E-07,0.035583
5.8590715E-07,0.035878
5.8595715E-07,0.036026
5.8600715E-07,0.036026
5.8605715E-07,0.035878
5.8610715E-07,0.035583
5.8615715E-07,0.035140
5.8620715E-07,0.034550
5.8625715E-07,0.033813
5.8630715E-07,0.033075
5.8635715E-07,0.032043
5.8640715E-07,0.031010
5.8645715E-07,0.029830
5.8650715E-07,0.028650
5.8655715E-07,0.027322
5.8660715E-07,0.025995
5.8665715E-07,0.024667
5.8670715E-07,0.023340
5.8675715E-07,0.022012
5.8680715E-07,0.020685
5.8685715E-07,0.019357
5.8690715E-07,0.018177
5.8695715E-07,0.016997
5.8700715E-07,0.015817
5.8705715E-07,0.014784
5.8710715E-07,0.013752
5.8715715E-07,0.012867
5.8720715E-07,0.012129
5.8725715E-07,0.011391
5.8730715E-07,0.010801
5.8735715E-07,0.010359
5.8740715E-07,0.010064
5.8745715E-07,0.009769
5.8750715E-07,0.009621
5.8755715E-07,0.009621
5.8760715E-07,0.009769
5.8765715E-07,0.009916
5.8770715E-07,0.010359
5.8775715E-07,0.010654
5.8780715E-07,0.011244
5.8785715E-07,0.011834
5.8790715E-07,0.012424
5.8795715E-07,0.013014
5.8800715E-07,0.013752
5.8805715E-07,0.014342
5.8810715E-07,0.015079
5.8815715E-07,0.015522
5.8820715E-07,0.016112
5.8825715E-07,0.016407
5.8830715E-07,0.016702
5.8835715E-07,0.016849
5.8840715E-07,0.016849
5.8845715E-07,0.016702
5.8850715E-07,0.016259
5.8855715E-07,0.015817
5.8860715E-07,0.015079
5.8865715E-07,0.014342
5.8870715E-07,0.013457
5.8875715E-07,0.012276
5.8880715E-07,0.011244
5.8885715E-07,0.010064
5.8890715E-07,0.008884
5.8895715E-07,0.007704
5.8900715E-07,0.006524
5.8905715E-07,0.005491
5.8910715E-07,0.004458
5.8915715E-07,0.003573
5.8920715E-07,0.002983
5.8925715E-07,0.002393
5.8930715E-07,0.002098
5.8935715E-07,0.001803
5.8940715E-07,0.001803
5.8945715E-07,0.001803
5.8950715E-07,0.001951
5.8955715E-07,0.002246
5.8960715E-07,0.002541
5.8965715E-07,0.002983
5.8970715E-07,0.003278
5.8975715E-07,0.003573
5.8980715E-07,0.003721
5.8985715E-07,0.003721
5.8990715E-07,0.003573
5.8995715E-07,0.003278
5.9000715E-07,0.002836
5.9005715E-07,0.002246
5.9010715E-07,0.001361
5.9015715E-07,0.000328
5.9020715E-07,-0.000999
5.9025715E-07,-0.002327
5.9030715E-07,-0.003802
5.9035715E-07,-0.005277
5.9040715E-07,-0.006900
5.9045715E-07,-0.008375
5.9050715E-07,-0.009997
5.9055715E-07,-0.011325
5.9060715E-07,-0.012653
5.9065715E-07,-0.013833
5.9070715E-07,-0.014718
5.9075715E-07,-0.015455
5.9080715E-07,-0.016045
5.9085715E-07,-0.016340
5.9090715E-07,-0.016340
5.9095715E-07,-0.016193
5.9100715E-07,-0.015898
5.9105715E-07,-0.015308
5.9110715E-07,-0.014718
5.9115715E-07,-0.013833
5.9120715E-07,-0.012948
5.9125715E-07,-0.011915
5.9130715E-07,-0.010883
5.9135715E-07,-0.009850
5.9140715E-07,-0.008817
5.9145715E-07,-0.007637
5.9150715E-07,-0.006605
5.9155715E-07,-0.005572
5.9160715E-07,-0.004540
5.9165715E-07,-0.003507
5.9170715E-07,-0.002474
5.9175715E-07,-0.001442
5.9180715E-07,-0.000409
5.9185715E-07,0.000623
5.9190715E-07,0.001656
5.9195715E-07,0.002688
5.9200715E-07,0.003868
5.9205715E-07,0.005049
5.9210715E-07,0.006081
5.9215715E-07,0.007409
5.9220715E-07,0.008589
5.9225715E-07,0.009769
5.9230715E-07,0.010949
5.9235715E-07,0.011981
5.9240715E-07,0.013162
5.9245715E-07,0.014047
5.9250715E-07,0.014932
5.9255715E-07,0.015817
5.9260715E-07,0.016407
5.9265715E-07,0.016997
5.9270715E-07,0.017292
5.9275715E-07,0.017587
5.9280715E-07,0.017587
5.9285715E-07,0.017587
5.9290715E-07,0.017439
5.9295715E-07,0.017144
5.9300715E-07,0.016702
5.9305715E-07,0.016259
5.9310715E-07,0.015669
5.9315715E-07,0.015079
5.9320715E-07,0.014489
5.9325715E-07,0.013899
5.9330715E-07,0.013309
5.9335715E-07,0.012719
5.9340715E-07,0.012129
5.9345715E-07,0.011686
5.9350715E-07,0.011096
5.9355715E-07,0.010654
5.9360715E-07,0.010211
5.9365715E-07,0.009769
5.9370715E-07,0.009326
5.9375715E-07,0.008736
5.9380715E-07,0.008146
5.9385715E-07,0.007556
5.9390715E-07,0.006819
5.9395715E-07,0.006081
5.9400715E-07,0.005196
5.9405715E-07,0.004163
5.9410715E-07,0.002983
5.9415715E-07,0.001803
5.9420715E-07,0.000476
5.9425715E-07,-0.000999
5.9430715E-07,-0.002474
5.9435715E-07,-0.003950
5.9440715E-07,-0.005572
5.9445715E-07,-0.007195
5.9450715E-07,-0.008670
5.9455715E-07,-0.010145
5.9460715E-07,-0.011620
5.9465715E-07,-0.012948
5.9470715E-07,-0.014128
5.9475715E-07,-0.015160
5.9480715E-07,-0.015898
5.9485715E-07,-0.016635
5.9490715E-07,-0.017225
5.9495715E-07,-0.017520
5.9500715E-07,-0.017668
5.9505715E-07,-0.017520
5.9510715E-07,-0.017373
5.9515715E-07,-0.016930
5.9520715E-07,-0.016340
5.9525715E-07,-0.015603
5.9530715E-07,-0.014718
5.9535715E-07,-0.013833
5.9540715E-07,-0.012800
5.9545715E-07,-0.011620
5.9550715E-07,-0.010292
5.9555715E-07,-0.008965
5.9560715E-07,-0.007490
5.9565715E-07,-0.006015
5.9570715E-07,-0.004540
5.9575715E-07,-0.002917
5.9580715E-07,-0.001147
5.9585715E-07,0.000476
5.9590715E-07,0.002393
5.9595715E-07,0.004163
5.9600715E-07,0.006081
5.9605715E-07,0.007851
5.9610715E-07,0.009769
5.9615715E-07,0.011686
5.9620715E-07,0.013604
5.9625715E-07,0.015522
5.9630715E-07,0.017292
5.9635715E-07,0.018914
5.9640715E-07,0.020537
5.9645715E-07,0.021865
5.9650715E-07,0.023192
5.9655715E-07,0.024225
5.9660715E-07,0.025110
5.9665715E-07,0.025847
5.9670715E-07,0.026290
5.9675715E-07,0.026437
5.9680715E-07,0.026437
5.9685715E-07,0.026290
5.9690715E-07,0.025995
5.9695715E-07,0.025405
5.9700715E-07,0.024815
5.9705715E-07,0.024077
5.9710715E-07,0.023340
5.9715715E-07,0.022455
5.9720715E-07,0.021717
5.9725715E-07,0.020980
5.9730715E-07,0.020242
5.9735715E-07,0.019652
5.9740715E-07,0.019209
5.9745715E-07,0.018914
5.9750715E-07,0.018619
5.9755715E-07,0.018619
5.9760715E-07,0.018767
5.9765715E-07,0.018914
5.9770715E-07,0.019209
5.9775715E-07,0.019652
5.9780715E-07,0.019947
5.9785715E-07,0.020537
5.9790715E-07,0.020980
5.9795715E-07,0.021422
5.9800715E-07,0.021717
5.9805715E-07,0.022012
5.9810715E-07,0.022160
5.9815715E-07,0.022307
5.9820715E-07,0.022307
5.9825715E-07,0.022160
5.9830715E-07,0.022012
5.9835715E-07,0.021570
5.9840715E-07,0.021127
5.9845715E-07,0.020685
5.9850715E-07,0.020094
5.9855715E-07,0.019504
5.9860715E-07,0.018914
5.9865715E-07,0.018177
5.9870715E-07,0.017587
5.9875715E-07,0.016849
5.9880715E-07,0.016259
5.9885715E-07,0.015669
5.9890715E-07,0.014932
5.9895715E-07,0.014342
5.9900715E-07,0.013752
5.9905715E-07,0.013014
5.9910715E-07,0.012276
5.9915715E-07,0.011539
5.9920715E-07,0.010654
5.9925715E-07,0.009621
5.9930715E-07,0.008589
5.9935715E-07,0.007556
5.9940715E-07,0.006229
5.9945715E-07,0.004901
5.9950715E-07,0.003573
5.9955715E-07,0.002098
5.9960715E-07,0.000623
5.9965715E-07,-0.000999
5.9970715E-07,-0.002474
5.9975715E-07,-0.003950
5.9980715E-07,-0.005425
5.9985715E-07,-0.006900
5.9990715E-07,-0.008080
5.9995715E-07,-0.009260
6.0000715E-07,-0.010440
6.0005715E-07,-0.011325
6.0010715E-07,-0.012063
6.0015715E-07,-0.012653
6.0020715E-07,-0.013243
6.0025715E-07,-0.013538
6.0030715E-07,-0.013833
6.0035715E-07,-0.014128
6.0040715E-07,-0.014275
6.0045715E-07,-0.014423
6.0050715E-07,-0.014570
6.0055715E-07,-0.014718
6.0060715E-07,-0.015013
6.0065715E-07,-0.015308
6.0070715E-07,-0.015603
6.0075715E-07,-0.016045
6.0080715E-07,-0.016635
6.0085715E-07,-0.017225
6.0090715E-07,-0.017963
6.0095715E-07,-0.018848
6.0100715E-07,-0.019733
6.0105715E-07,-0.020618
6.0110715E-07,-0.021651
6.0115715E-07,-0.022683
6.0120715E-07,-0.023568
6.0125715E-07,-0.024453
6.0130715E-07,-0.025338
6.0135715E-07,-0.026076
6.0140715E-07,-0.026814
6.0145715E-07,-0.027404
6.0150715E-07,-0.027846
6.0155715E-07,-0.028141
6.0160715E-07,-0.028436
6.0165715E-07,-0.028584
6.0170715E-07,-0.028584
6.0175715E-07,-0.028436
6.0180715E-07,-0.028289
6.0185715E-07,-0.028141
6.0190715E-07,-0.027846
6.0195715E-07,-0.027551
6.0200715E-07,-0.027109
6.0205715E-07,-0.026814
6.0210715E-07,-0.026519
6.0215715E-07,-0.026076
6.0220715E-07,-0.025781
6.0225715E-07,-0.025338
6.0230715E-07,-0.025043
6.0235715E-07,-0.024601
6.0240715E-07,-0.024158
6.0245715E-07,-0.023716
6.0250715E-07,-0.023273
6.0255715E-07,-0.022683
6.0260715E-07,-0.022093
6.0265715E-07,-0.021356
6.0270715E-07,-0.020618
6.0275715E-07,-0.019881
6.0280715E-07,-0.018996
6.0285715E-07,-0.018110
6.0290715E-07,-0.017078
6.0295715E-07,-0.016193
6.0300715E-07,-0.015160
6.0305715E-07,-0.014275
6.0310715E-07,-0.013390
6.0315715E-07,-0.012505
6.0320715E-07,-0.011915
6.0325715E-07,-0.011325
6.0330715E-07,-0.010883
6.0335715E-07,-0.010735
6.0340715E-07,-0.010735
6.0345715E-07,-0.010883
6.0350715E-07,-0.011178
6.0355715E-07,-0.011768
6.0360715E-07,-0.012505
6.0365715E-07,-0.013390
6.0370715E-07,-0.014275
6.0375715E-07,-0.015308
6.0380715E-07,-0.016488
6.0385715E-07,-0.017520
6.0390715E-07,-0.018701
6.0395715E-07,-0.019733
6.0400715E-07,-0.020618
6.0405715E-07,-0.021503
6.0410715E-07,-0.022093
6.0415715E-07,-0.022536
6.0420715E-07,-0.022831
6.0425715E-07,-0.022978
6.0430715E-07,-0.022978
6.0435715E-07,-0.022831
6.0440715E-07,-0.022536
6.0445715E-07,-0.021946
6.0450715E-07,-0.021503
6.0455715E-07,-0.020913
6.0460715E-07,-0.020323
6.0465715E-07,-0.019733
6.0470715E-07,-0.019143
6.0475715E-07,-0.018701
6.0480715E-07,-0.018258
6.0485715E-07,-0.017963
6.0490715E-07,-0.017668
6.0495715E-07,-0.017668
6.0500715E-07,-0.017520
6.0505715E-07,-0.017668
6.0510715E-07,-0.017815
6.0515715E-07,-0.017815
6.0520715E-07,-0.017963
6.0525715E-07,-0.018110
6.0530715E-07,-0.018110
6.0535715E-07,-0.018110
6.0540715E-07,-0.017963
6.0545715E-07,-0.017668
6.0550715E-07,-0.017373
6.0555715E-07,-0.016783
6.0560715E-07,-0.016193
6.0565715E-07,-0.015455
6.0570715E-07,-0.014570
6.0575715E-07,-0.013538
6.0580715E-07,-0.012653
6.0585715E-07,-0.011620
6.0590715E-07,-0.010587
6.0595715E-07,-0.009555
6.0600715E-07,-0.008670
6.0605715E-07,-0.007932
6.0610715E-07,-0.007195
6.0615715E-07,-0.006605
6.0620715E-07,-0.006015
6.0625715E-07,-0.005720
6.0630715E-07,-0.005425
6.0635715E-07,-0.005425
6.0640715E-07,-0.005277
6.0645715E-07,-0.005425
6.0650715E-07,-0.005425
6.0655715E-07,-0.005572
6.0660715E-07,-0.005720
6.0665715E-07,-0.005867
6.0670715E-07,-0.006015
6.0675715E-07,-0.006162
6.0680715E-07,-0.006162
6.0685715E-07,-0.006162
6.0690715E-07,-0.006162
6.0695715E-07,-0.006162
6.0700715E-07,-0.006162
6.0705715E-07,-0.006015
6.0710715E-07,-0.006015
6.0715715E-07,-0.006015
6.0720715E-07,-0.006015
6.0725715E-07,-0.006015
6.0730715E-07,-0.006162
6.0735715E-07,-0.006310
6.0740715E-07,-0.006605
6.0745715E-07,-0.006900
6.0750715E-07,-0.007195
6.0755715E-07,-0.007637
6.0760715E-07,-0.007932
6.0765715E-07,-0.008375
6.0770715E-07,-0.008670
6.0775715E-07,-0.008965
6.0780715E-07,-0.009260
6.0785715E-07,-0.009407
6.0790715E-07,-0.009555
6.0795715E-07,-0.009407
6.0800715E-07,-0.009407
6.0805715E-07,-0.009112
6.0810715E-07,-0.008817
6.0815715E-07,-0.008375
6.0820715E-07,-0.007932
6.0825715E-07,-0.007490
6.0830715E-07,-0.007047
6.0835715E-07,-0.006605
6.0840715E-07,-0.006310
6.0845715E-07,-0.006162
6.0850715E-07,-0.006015
6.0855715E-07,-0.006162
6.0860715E-07,-0.006457
6.0865715E-07,-0.006900
6.0870715E-07,-0.007637
6.0875715E-07,-0.008522
6.0880715E-07,-0.009555
6.0885715E-07,-0.010735
6.0890715E-07,-0.012063
6.0895715E-07,-0.013538
6.0900715E-07,-0.015013
6.0905715E-07,-0.016488
6.0910715E-07,-0.018110
6.0915715E-07,-0.019438
6.0920715E-07,-0.020766
6.0925715E-07,-0.022093
6.0930715E-07,-0.023126
6.0935715E-07,-0.024011
6.0940715E-07,-0.024748
6.0945715E-07,-0.025338
6.0950715E-07,-0.025633
6.0955715E-07,-0.025928
6.0960715E-07,-0.025928
6.0965715E-07,-0.025928
6.0970715E-07,-0.025781
6.0975715E-07,-0.025633
6.0980715E-07,-0.025486
6.0985715E-07,-0.025191
6.0990715E-07,-0.025043
6.0995715E-07,-0.024896
6.1000715E-07,-0.024748
6.1005715E-07,-0.024748
6.1010715E-07,-0.024748
6.1015715E-07,-0.024748
6.1020715E-07,-0.024748
6.1025715E-07,-0.024748
6.1030715E-07,-0.024896
6.1035715E-07,-0.024896
6.1040715E-07,-0.024748
6.1045715E-07,-0.024601
6.1050715E-07,-0.024306
6.1055715E-07,-0.023863
6.1060715E-07,-0.023273
6.1065715E-07,-0.022536
6.1070715E-07,-0.021503
6.1075715E-07,-0.020323
6.1080715E-07,-0.018848
6.1085715E-07,-0.017373
6.1090715E-07,-0.015603
6.1095715E-07,-0.013685
6.1100715E-07,-0.011620
6.1105715E-07,-0.009555
6.1110715E-07,-0.007490
6.1115715E-07,-0.005277
6.1120715E-07,-0.003212
6.1125715E-07,-0.001147
6.1130715E-07,0.000771
6.1135715E-07,0.002541
6.1140715E-07,0.004311
6.1145715E-07,0.005786
6.1150715E-07,0.007114
6.1155715E-07,0.008294
6.1160715E-07,0.009326
6.1165715E-07,0.010211
6.1170715E-07,0.010949
6.1175715E-07,0.011391
6.1180715E-07,0.011834
6.1185715E-07,0.012276
6.1190715E-07,0.012424
6.1195715E-07,0.012719
6.1200715E-07,0.012867
6.1205715E-07,0.013014
6.1210715E-07,0.013162
6.1215715E-07,0.013309
6.1220715E-07,0.013457
6.1225715E-07,0.013752
6.1230715E-07,0.013899
6.1235715E-07,0.014047
6.1240715E-07,0.014342
6.1245715E-07,0.014489
6.1250715E-07,0.014489
6.1255715E-07,0.014637
6.1260715E-07,0.014489
6.1265715E-07,0.014342
6.1270715E-07,0.014047
6.1275715E-07,0.013604
6.1280715E-07,0.013014
6.1285715E-07,0.012424
6.1290715E-07,0.011539
6.1295715E-07,0.010506
6.1300715E-07,0.009326
6.1305715E-07,0.008146
6.1310715E-07,0.006819
6.1315715E-07,0.005491
6.1320715E-07,0.004163
6.1325715E-07,0.002688
6.1330715E-07,0.001361
6.1335715E-07,0.000033
6.1340715E-07,-0.001147
6.1345715E-07,-0.002327
6.1350715E-07,-0.003360
6.1355715E-07,-0.004392
6.1360715E-07,-0.005277
6.1365715E-07,-0.006015
6.1370715E-07,-0.006752
6.1375715E-07,-0.007342
6.1380715E-07,-0.007932
6.1385715E-07,-0.008522
6.1390715E-07,-0.009112
6.1395715E-07,-0.009850
6.1400715E-07,-0.010587
6.1405715E-07,-0.011325
6.1410715E-07,-0.012358
6.1415715E-07,-0.013390
6.1420715E-07,-0.014570
6.1425715E-07,-0.015898
6.1430715E-07,-0.017373
6.1435715E-07,-0.018848
6.1440715E-07,-0.020618
6.1445715E-07,-0.022241
6.1450715E-07,-0.024011
6.1455715E-07,-0.025928
6.1460715E-07,-0.027699
6.1465715E-07,-0.029469
6.1470715E-07,-0.031239
6.1475715E-07,-0.032861
6.1480715E-07,-0.034484
6.1485715E-07,-0.035959
6.1490715E-07,-0.037287
6.1495715E-07,-0.038467
6.1500715E-07,-0.039647
6.1505715E-07,-0.040532
6.1510715E-07,-0.041417
6.1515715E-07,-0.042155
6.1520715E-07,-0.042745
6.1525715E-07,-0.043335
6.1530715E-07,-0.043777
6.1535715E-07,-0.044072
6.1540715E-07,-0.044515
6.1545715E-07,-0.044662
6.1550715E-07,-0.044810
6.1555715E-07,-0.044957
6.1560715E-07,-0.044957
6.1565715E-07,-0.044957
6.1570715E-07,-0.044810
6.1575715E-07,-0.044515
6.1580715E-07,-0.044220
6.1585715E-07,-0.043630
6.1590715E-07,-0.043040
6.1595715E-07,-0.042155
6.1600715E-07,-0.041269
6.1605715E-07,-0.040089
6.1610715E-07,-0.038762
6.1615715E-07,-0.037287
6.1620715E-07,-0.035664
6.1625715E-07,-0.033894
6.1630715E-07,-0.032124
6.1635715E-07,-0.030059
6.1640715E-07,-0.028141
6.1645715E-07,-0.026076
6.1650715E-07,-0.023863
6.1655715E-07,-0.021798
6.1660715E-07,-0.019881
6.1665715E-07,-0.017963
6.1670715E-07,-0.016045
6.1675715E-07,-0.014423
6.1680715E-07,-0.012800
6.1685715E-07,-0.011325
6.1690715E-07,-0.010145
6.1695715E-07,-0.008965
6.1700715E-07,-0.007932
6.1705715E-07,-0.007195
6.1710715E-07,-0.006457
6.1715715E-07,-0.005867
6.1720715E-07,-0.005425
6.1725715E-07,-0.004982
6.1730715E-07,-0.004540
6.1735715E-07,-0.004245
6.1740715E-07,-0.003950
6.1745715E-07,-0.003655
6.1750715E-07,-0.003360
6.1755715E-07,-0.003065
6.1760715E-07,-0.002622
6.1765715E-07,-0.002179
6.1770715E-07,-0.001737
6.1775715E-07,-0.001294
6.1780715E-07,-0.000852
6.1785715E-07,-0.000409
6.1790715E-07,0.000033
6.1795715E-07,0.000476
6.1800715E-07,0.000771
6.1805715E-07,0.001213
6.1810715E-07,0.001361
6.1815715E-07,0.001656
6.1820715E-07,0.001803
6.1825715E-07,0.001803
6.1830715E-07,0.001803
6.1835715E-07,0.001803
6.1840715E-07,0.001656
6.1845715E-07,0.001656
6.1850715E-07,0.001508
6.1855715E-07,0.001508
6.1860715E-07,0.001508
6.1865715E-07,0.001508
6.1870715E-07,0.001656
6.1875715E-07,0.001951
6.1880715E-07,0.002393
6.1885715E-07,0.002983
6.1890715E-07,0.003721
6.1895715E-07,0.004606
6.1900715E-07,0.005639
6.1905715E-07,0.006671
6.1910715E-07,0.007999
6.1915715E-07,0.009179
6.1920715E-07,0.010506
6.1925715E-07,0.011686
6.1930715E-07,0.013014
6.1935715E-07,0.014194
6.1940715E-07,0.015227
6.1945715E-07,0.016112
6.1950715E-07,0.016997
6.1955715E-07,0.017587
6.1960715E-07,0.017882
6.1965715E-07,0.018177
6.1970715E-07,0.018177
6.1975715E-07,0.018029
6.1980715E-07,0.017587
6.1985715E-07,0.017144
6.1990715E-07,0.016554
6.1995715E-07,0.015817
6.2000715E-07,0.014932
6.2005715E-07,0.014194
6.2010715E-07,0.013309
6.2015715E-07,0.012424
6.2020715E-07,0.011539
6.2025715E-07,0.010801
6.2030715E-07,0.010064
6.2035715E-07,0.009474
6.2040715E-07,0.008884
6.2045715E-07,0.008294
6.2050715E-07,0.007851
6.2055715E-07,0.007409
6.2060715E-07,0.007114
6.2065715E-07,0.006671
6.2070715E-07,0.006376
6.2075715E-07,0.005934
6.2080715E-07,0.005639
6.2085715E-07,0.005196
6.2090715E-07,0.004606
6.2095715E-07,0.004163
6.2100715E-07,0.003426
6.2105715E-07,0.002688
6.2110715E-07,0.001951
6.2115715E-07,0.001066
6.2120715E-07,0.000181
6.2125715E-07,-0.000852
6.2130715E-07,-0.001884
6.2135715E-07,-0.002917
6.2140715E-07,-0.003950
6.2145715E-07,-0.004982
6.2150715E-07,-0.006162
6.2155715E-07,-0.007047
6.2160715E-07,-0.008080
6.2165715E-07,-0.009112
6.2170715E-07,-0.009997
6.2175715E-07,-0.010883
6.2180715E-07,-0.011768
6.2185715E-07,-0.012505
6.2190715E-07,-0.013390
6.2195715E-07,-0.014128
6.2200715E-07,-0.015013
6.2205715E-07,-0.015750
6.2210715E-07,-0.016635
6.2215715E-07,-0.017373
6.2220715E-07,-0.018258
6.2225715E-07,-0.019143
6.2230715E-07,-0.020028
6.2235715E-07,-0.021061
6.2240715E-07,-0.021946
6.2245715E-07,-0.022831
6.2250715E-07,-0.023716
6.2255715E-07,-0.024453
6.2260715E-07,-0.025191
6.2265715E-07,-0.025928
6.2270715E-07,-0.026371
6.2275715E-07,-0.026814
6.2280715E-07,-0.027109
6.2285715E-07,-0.027256
6.2290715E-07,-0.027256
6.2295715E-07,-0.027109
6.2300715E-07,-0.026666
6.2305715E-07,-0.026371
6.2310715E-07,-0.025781
6.2315715E-07,-0.025191
6.2320715E-07,-0.024453
6.2325715E-07,-0.023716
6.2330715E-07,-0.022978
6.2335715E-07,-0.022241
6.2340715E-07,-0.021651
6.2345715E-07,-0.021061
6.2350715E-07,-0.020618
6.2355715E-07,-0.020176
6.2360715E-07,-0.020028
6.2365715E-07,-0.019881
6.2370715E-07,-0.019881
6.2375715E-07,-0.020028
6.2380715E-07,-0.020323
6.2385715E-07,-0.020618
6.2390715E-07,-0.021061
6.2395715E-07,-0.021651
6.2400715E-07,-0.022093
6.2405715E-07,-0.022683
6.2410715E-07,-0.023273
6.2415715E-07,-0.023863
6.2420715E-07,-0.024453
6.2425715E-07,-0.024896
6.2430715E-07,-0.025486
6.2435715E-07,-0.025928
6.2440715E-07,-0.026223
6.2445715E-07,-0.026666
6.2450715E-07,-0.026961
6.2455715E-07,-0.027404
6.2460715E-07,-0.027699
6.2465715E-07,-0.028141
6.2470715E-07,-0.028436
6.2475715E-07,-0.028879
6.2480715E-07,-0.029321
6.2485715E-07,-0.029764
6.2490715E-07,-0.030354
6.2495715E-07,-0.030796
6.2500715E-07,-0.031386
6.2505715E-07,-0.032124
6.2510715E-07,-0.032714
6.2515715E-07,-0.033304
6.2520715E-07,-0.034042
6.2525715E-07,-0.034632
6.2530715E-07,-0.035074
6.2535715E-07,-0.035664
6.2540715E-07,-0.036107
6.2545715E-07,-0.036402
6.2550715E-07,-0.036697
6.2555715E-07,-0.036992
6.2560715E-07,-0.037139
6.2565715E-07,-0.037139
6.2570715E-07,-0.037139
6.2575715E-07,-0.037139
6.2580715E-07,-0.037139
6.2585715E-07,-0.036992
6.2590715E-07,-0.036844
6.2595715E-07,-0.036844
6.2600715E-07,-0.036697
6.2605715E-07,-0.036697
6.2610715E-07,-0.036844
6.2615715E-07,-0.036844
6.2620715E-07,-0.037139
6.2625715E-07,-0.037287
6.2630715E-07,-0.037582
6.2635715E-07,-0.038024
6.2640715E-07,-0.038467
6.2645715E-07,-0.038762
6.2650715E-07,-0.039204
6.2655715E-07,-0.039647
6.2660715E-07,-0.039942
6.2665715E-07,-0.040089
6.2670715E-07,-0.040237
6.2675715E-07,-0.040237
6.2680715E-07,-0.040089
6.2685715E-07,-0.039794
6.2690715E-07,-0.039204
6.2695715E-07,-0.038614
6.2700715E-07,-0.037729
6.2705715E-07,-0.036549
6.2710715E-07,-0.035369
6.2715715E-07,-0.033894
6.2720715E-07,-0.032271
6.2725715E-07,-0.030649
6.2730715E-07,-0.028879
6.2735715E-07,-0.026961
6.2740715E-07,-0.025043
6.2745715E-07,-0.023126
6.2750715E-07,-0.021208
6.2755715E-07,-0.019291
6.2760715E-07,-0.017373
6.2765715E-07,-0.015603
6.2770715E-07,-0.013833
6.2775715E-07,-0.012210
6.2780715E-07,-0.010440
6.2785715E-07,-0.008817
6.2790715E-07,-0.007342
6.2795715E-07,-0.005720
6.2800715E-07,-0.004245
6.2805715E-07,-0.002622
6.2810715E-07,-0.000999
6.2815715E-07,0.000623
6.2820715E-07,0.002246
6.2825715E-07,0.004016
6.2830715E-07,0.005786
6.2835715E-07,0.007556
6.2840715E-07,0.009474
6.2845715E-07,0.011244
6.2850715E-07,0.013162
6.2855715E-07,0.015079
6.2860715E-07,0.016849
6.2865715E-07,0.018619
6.2870715E-07,0.020242
6.2875715E-07,0.021865
6.2880715E-07,0.023192
6.2885715E-07,0.024372
6.2890715E-07,0.025257
6.2895715E-07,0.025995
6.2900715E-07,0.026585
6.2905715E-07,0.026880
6.2910715E-07,0.027027
6.2915715E-07,0.026880
6.2920715E-07,0.026585
6.2925715E-07,0.026142
6.2930715E-07,0.025552
6.2935715E-07,0.024815
6.2940715E-07,0.023930
6.2945715E-07,0.023045
6.2950715E-07,0.022160
6.2955715E-07,0.021275
6.2960715E-07,0.020389
6.2965715E-07,0.019504
6.2970715E-07,0.018767
6.2975715E-07,0.018029
6.2980715E-07,0.017292
6.2985715E-07,0.016702
6.2990715E-07,0.016112
6.2995715E-07,0.015522
6.3000715E-07,0.015079
6.3005715E-07,0.014489
6.3010715E-07,0.014047
6.3015715E-07,0.013604
6.3020715E-07,0.013162
6.3025715E-07,0.012719
6.3030715E-07,0.012276
6.3035715E-07,0.011834
6.3040715E-07,0.011244
6.3045715E-07,0.010801
6.3050715E-07,0.010211
6.3055715E-07,0.009769
6.3060715E-07,0.009326
6.3065715E-07,0.008884
6.3070715E-07,0.008441
6.3075715E-07,0.007999
6.3080715E-07,0.007704
6.3085715E-07,0.007556
6.3090715E-07,0.007409
6.3095715E-07,0.007261
6.3100715E-07,0.007261
6.3105715E-07,0.007261
6.3110715E-07,0.007409
6.3115715E-07,0.007409
6.3120715E-07,0.007556
6.3125715E-07,0.007704
6.3130715E-07,0.007851
6.3135715E-07,0.007999
6.3140715E-07,0.007999
6.3145715E-07,0.007999
6.3150715E-07,0.007999
6.3155715E-07,0.007851
6.3160715E-07,0.007556
6.3165715E-07,0.007261
6.3170715E-07,0.006966
6.3175715E-07,0.006524
6.3180715E-07,0.005934
6.3185715E-07,0.005344
6.3190715E-07,0.004606
6.3195715E-07,0.003868
6.3200715E-07,0.003131
6.3205715E-07,0.002246
6.3210715E-07,0.001508
6.3215715E-07,0.000476
6.3220715E-07,-0.000409
6.3225715E-07,-0.001294
6.3230715E-07,-0.002327
6.3235715E-07,-0.003360
6.3240715E-07,-0.004540
6.3245715E-07,-0.005572
6.3250715E-07,-0.006900
6.3255715E-07,-0.008227
6.3260715E-07,-0.009555
6.3265715E-07,-0.011030
6.3270715E-07,-0.012653
6.3275715E-07,-0.014423
6.3280715E-07,-0.016193
6.3285715E-07,-0.017963
6.3290715E-07,-0.020028
6.3295715E-07,-0.021946
6.3300715E-07,-0.024011
6.3305715E-07,-0.026223
6.3310715E-07,-0.028289
6.3315715E-07,-0.030354
6.3320715E-07,-0.032271
6.3325715E-07,-0.034189
6.3330715E-07,-0.035959
6.3335715E-07,-0.037582
6.3340715E-07,-0.039057
6.3345715E-07,-0.040384
6.3350715E-07,-0.041417
6.3355715E-07,-0.042302
6.3360715E-07,-0.042892
6.3365715E-07,-0.043335
6.3370715E-07,-0.043482
6.3375715E-07,-0.043482
6.3380715E-07,-0.043335
6.3385715E-07,-0.042892
6.3390715E-07,-0.042450
6.3395715E-07,-0.041860
6.3400715E-07,-0.041122
6.3405715E-07,-0.040384
6.3410715E-07,-0.039647
6.3415715E-07,-0.038762
6.3420715E-07,-0.038024
6.3425715E-07,-0.037287
6.3430715E-07,-0.036697
6.3435715E-07,-0.036107
6.3440715E-07,-0.035517
6.3445715E-07,-0.035074
6.3450715E-07,-0.034632
6.3455715E-07,-0.034337
6.3460715E-07,-0.034042
6.3465715E-07,-0.033746
6.3470715E-07,-0.033304
6.3475715E-07,-0.033009
6.3480715E-07,-0.032714
6.3485715E-07,-0.032271
6.3490715E-07,-0.031681
6.3495715E-07,-0.031239
6.3500715E-07,-0.030649
6.3505715E-07,-0.029911
6.3510715E-07,-0.029174
6.3515715E-07,-0.028436
6.3520715E-07,-0.027699
6.3525715E-07,-0.026961
6.3530715E-07,-0.026223
6.3535715E-07,-0.025486
6.3540715E-07,-0.025043
6.3545715E-07,-0.024601
6.3550715E-07,-0.024306
6.3555715E-07,-0.024158
6.3560715E-07,-0.024306
6.3565715E-07,-0.024601
6.3570715E-07,-0.025043
6.3575715E-07,-0.025781
6.3580715E-07,-0.026519
6.3585715E-07,-0.027551
6.3590715E-07,-0.028731
6.3595715E-07,-0.029911
6.3600715E-07,-0.031239
6.3605715E-07,-0.032566
6.3610715E-07,-0.033894
6.3615715E-07,-0.035222
6.3620715E-07,-0.036402
6.3625715E-07,-0.037582
6.3630715E-07,-0.038467
6.3635715E-07,-0.039352
6.3640715E-07,-0.039942
6.3645715E-07,-0.040532
6.3650715E-07,-0.040827
6.3655715E-07,-0.040974
6.3660715E-07,-0.040974
6.3665715E-07,-0.040974
6.3670715E-07,-0.040679
6.3675715E-07,-0.040384
6.3680715E-07,-0.040089
6.3685715E-07,-0.039794
6.3690715E-07,-0.039499
6.3695715E-07,-0.039057
6.3700715E-07,-0.038762
6.3705715E-07,-0.038614
6.3710715E-07,-0.038319
6.3715715E-07,-0.038172
6.3720715E-07,-0.038024
6.3725715E-07,-0.037877
6.3730715E-07,-0.037582
6.3735715E-07,-0.037434
6.3740715E-07,-0.037139
6.3745715E-07,-0.036697
6.3750715E-07,-0.036254
6.3755715E-07,-0.035517
6.3760715E-07,-0.034779
6.3765715E-07,-0.033746
6.3770715E-07,-0.032419
6.3775715E-07,-0.030944
6.3780715E-07,-0.029174
6.3785715E-07,-0.027256
6.3790715E-07,-0.025191
6.3795715E-07,-0.022831
6.3800715E-07,-0.020471
6.3805715E-07,-0.017815
6.3810715E-07,-0.015160
6.3815715E-07,-0.012505
6.3820715E-07,-0.009702
6.3825715E-07,-0.006900
6.3830715E-07,-0.004245
6.3835715E-07,-0.001589
6.3840715E-07,0.000918
6.3845715E-07,0.003278
6.3850715E-07,0.005491
6.3855715E-07,0.007556
6.3860715E-07,0.009474
6.3865715E-07,0.011244
6.3870715E-07,0.012867
6.3875715E-07,0.014342
6.3880715E-07,0.015669
6.3885715E-07,0.016997
6.3890715E-07,0.018029
6.3895715E-07,0.019062
6.3900715E-07,0.020094
6.3905715E-07,0.020980
6.3910715E-07,0.021865
6.3915715E-07,0.022602
6.3920715E-07,0.023340
6.3925715E-07,0.024077
6.3930715E-07,0.024667
6.3935715E-07,0.025257
6.3940715E-07,0.025700
6.3945715E-07,0.026142
6.3950715E-07,0.026437
6.3955715E-07,0.026732
6.3960715E-07,0.026732
6.3965715E-07,0.026732
6.3970715E-07,0.026732
6.3975715E-07,0.026437
6.3980715E-07,0.026290
6.3985715E-07,0.025847
6.3990715E-07,0.025405
6.3995715E-07,0.024962
6.4000715E-07,0.024372
6.4005715E-07,0.023782
6.4010715E-07,0.023340
6.4015715E-07,0.022750
6.4020715E-07,0.022307
6.4025715E-07,0.021865
6.4030715E-07,0.021570
6.4035715E-07,0.021275
6.4040715E-07,0.020980
6.4045715E-07,0.020832
6.4050715E-07,0.020685
6.4055715E-07,0.020685
6.4060715E-07,0.020685
6.4065715E-07,0.020685
6.4070715E-07,0.020832
6.4075715E-07,0.020980
6.4080715E-07,0.020980
6.4085715E-07,0.021127
6.4090715E-07,0.021275
6.4095715E-07,0.021275
6.4100715E-07,0.021275
6.4105715E-07,0.021275
6.4110715E-07,0.021422
6.4115715E-07,0.021422
6.4120715E-07,0.021422
6.4125715E-07,0.021422
6.4130715E-07,0.021422
6.4135715E-07,0.021570
6.4140715E-07,0.021717
6.4145715E-07,0.021865
6.4150715E-07,0.022160
6.4155715E-07,0.022602
6.4160715E-07,0.023045
6.4165715E-07,0.023487
6.4170715E-07,0.024077
6.4175715E-07,0.024667
6.4180715E-07,0.025257
6.4185715E-07,0.025995
6.4190715E-07,0.026585
6.4195715E-07,0.027175
6.4200715E-07,0.027617
6.4205715E-07,0.028060
6.4210715E-07,0.028208
6.4215715E-07,0.028355
6.4220715E-07,0.028355
6.4225715E-07,0.028060
6.4230715E-07,0.027470
6.4235715E-07,0.026732
6.4240715E-07,0.025847
6.4245715E-07,0.024667
6.4250715E-07,0.023340
6.4255715E-07,0.021717
6.4260715E-07,0.019799
6.4265715E-07,0.017882
6.4270715E-07,0.015817
6.4275715E-07,0.013457
6.4280715E-07,0.011096
6.4285715E-07,0.008589
6.4290715E-07,0.006081
6.4295715E-07,0.003573
6.4300715E-07,0.000918
6.4305715E-07,-0.001589
6.4310715E-07,-0.004245
6.4315715E-07,-0.006900
6.4320715E-07,-0.009407
6.4325715E-07,-0.011915
6.4330715E-07,-0.014423
6.4335715E-07,-0.016930
6.4340715E-07,-0.019291
6.4345715E-07,-0.021503
6.4350715E-07,-0.023863
6.4355715E-07,-0.026076
6.4360715E-07,-0.028141
6.4365715E-07,-0.030206
6.4370715E-07,-0.032124
6.4375715E-07,-0.033894
6.4380715E-07,-0.035517
6.4385715E-07,-0.037139
6.4390715E-07,-0.038467
6.4395715E-07,-0.039647
6.4400715E-07,-0.040679
6.4405715E-07,-0.041417
6.4410715E-07,-0.042155
6.4415715E-07,-0.042450
6.4420715E-07,-0.042745
6.4425715E-07,-0.042597
6.4430715E-07,-0.042450
6.4435715E-07,-0.042007
6.4440715E-07,-0.041417
6.4445715E-07,-0.040679
6.4450715E-07,-0.039794
6.4455715E-07,-0.038909
6.4460715E-07,-0.037877
6.4465715E-07,-0.036992
6.4470715E-07,-0.035959
6.4475715E-07,-0.035074
6.4480715E-07,-0.034189
6.4485715E-07,-0.033451
6.4490715E-07,-0.032861
6.4495715E-07,-0.032419
6.4500715E-07,-0.032271
6.4505715E-07,-0.032124
6.4510715E-07,-0.032271
6.4515715E-07,-0.032419
6.4520715E-07,-0.032861
6.4525715E-07,-0.033304
6.4530715E-07,-0.033894
6.4535715E-07,-0.034337
6.4540715E-07,-0.034927
6.4545715E-07,-0.035369
6.4550715E-07,-0.035664
6.4555715E-07,-0.035812
6.4560715E-07,-0.035812
6.4565715E-07,-0.035517
6.4570715E-07,-0.035074
6.4575715E-07,-0.034189
6.4580715E-07,-0.033156
6.4585715E-07,-0.031681
6.4590715E-07,-0.030059
6.4595715E-07,-0.028141
6.4600715E-07,-0.025928
6.4605715E-07,-0.023568
6.4610715E-07,-0.020913
6.4615715E-07,-0.018258
6.4620715E-07,-0.015603
6.4625715E-07,-0.012800
6.4630715E-07,-0.009997
6.4635715E-07,-0.007195
6.4640715E-07,-0.004540
6.4645715E-07,-0.002032
6.4650715E-07,0.000476
6.4655715E-07,0.002688
6.4660715E-07,0.004901
6.4665715E-07,0.006966
6.4670715E-07,0.008736
6.4675715E-07,0.010506
6.4680715E-07,0.012129
6.4685715E-07,0.013604
6.4690715E-07,0.015079
6.4695715E-07,0.016407
6.4700715E-07,0.017882
6.4705715E-07,0.019209
6.4710715E-07,0.020537
6.4715715E-07,0.021865
6.4720715E-07,0.023192
6.4725715E-07,0.024667
6.4730715E-07,0.025995
6.4735715E-07,0.027322
6.4740715E-07,0.028650
6.4745715E-07,0.029830
6.4750715E-07,0.031010
6.4755715E-07,0.032043
6.4760715E-07,0.033075
6.4765715E-07,0.033813
6.4770715E-07,0.034403
6.4775715E-07,0.034845
6.4780715E-07,0.035140
6.4785715E-07,0.035140
6.4790715E-07,0.034845
6.4795715E-07,0.034550
6.4800715E-07,0.033813
6.4805715E-07,0.033075
6.4810715E-07,0.032190
6.4815715E-07,0.031158
6.4820715E-07,0.029978
6.4825715E-07,0.028650
6.4830715E-07,0.027322
6.4835715E-07,0.026142
6.4840715E-07,0.024815
6.4845715E-07,0.023487
6.4850715E-07,0.022455
6.4855715E-07,0.021275
6.4860715E-07,0.020389
6.4865715E-07,0.019504
6.4870715E-07,0.018767
6.4875715E-07,0.018177
6.4880715E-07,0.017734
6.4885715E-07,0.017439
6.4890715E-07,0.017292
6.4895715E-07,0.017292
6.4900715E-07,0.017439
6.4905715E-07,0.017587
6.4910715E-07,0.017882
6.4915715E-07,0.018177
6.4920715E-07,0.018767
6.4925715E-07,0.019209
6.4930715E-07,0.019799
6.4935715E-07,0.020537
6.4940715E-07,0.021275
6.4945715E-07,0.022012
6.4950715E-07,0.022897
6.4955715E-07,0.023782
6.4960715E-07,0.024667
6.4965715E-07,0.025552
6.4970715E-07,0.026585
6.4975715E-07,0.027470
6.4980715E-07,0.028355
6.4985715E-07,0.029093
6.4990715E-07,0.029830
6.4995715E-07,0.030420
6.5000715E-07,0.030863
6.5005715E-07,0.031158
6.5010715E-07,0.031305
6.5015715E-07,0.031158
6.5020715E-07,0.030863
6.5025715E-07,0.030125
6.5030715E-07,0.029388
6.5035715E-07,0.028208
6.5040715E-07,0.026732
6.5045715E-07,0.025110
6.5050715E-07,0.023192
6.5055715E-07,0.021127
6.5060715E-07,0.018914
6.5065715E-07,0.016554
6.5070715E-07,0.014047
6.5075715E-07,0.011391
6.5080715E-07,0.008884
6.5085715E-07,0.006376
6.5090715E-07,0.003868
6.5095715E-07,0.001656
6.5100715E-07,-0.000557
6.5105715E-07,-0.002474
6.5110715E-07,-0.004245
6.5115715E-07,-0.005867
6.5120715E-07,-0.007047
6.5125715E-07,-0.008227
6.5130715E-07,-0.008965
6.5135715E-07,-0.009555
6.5140715E-07,-0.009997
6.5145715E-07,-0.010292
6.5150715E-07,-0.010440
6.5155715E-07,-0.010440
6.5160715E-07,-0.010292
6.5165715E-07,-0.010145
6.5170715E-07,-0.009997
6.5175715E-07,-0.009850
6.5180715E-07,-0.009702
6.5185715E-07,-0.009555
6.5190715E-07,-0.009407
6.5195715E-07,-0.009260
6.5200715E-07,-0.009112
6.5205715E-07,-0.008965
6.5210715E-07,-0.008817
6.5215715E-07,-0.008670
6.5220715E-07,-0.008375
6.5225715E-07,-0.008080
6.5230715E-07,-0.007785
6.5235715E-07,-0.007342
6.5240715E-07,-0.006752
6.5245715E-07,-0.006310
6.5250715E-07,-0.005572
6.5255715E-07,-0.004982
6.5260715E-07,-0.004245
6.5265715E-07,-0.003655
6.5270715E-07,-0.003065
6.5275715E-07,-0.002474
6.5280715E-07,-0.002032
6.5285715E-07,-0.001737
6.5290715E-07,-0.001589
6.5295715E-07,-0.001737
6.5300715E-07,-0.002032
6.5305715E-07,-0.002622
6.5310715E-07,-0.003360
6.5315715E-07,-0.004392
6.5320715E-07,-0.005720
6.5325715E-07,-0.007195
6.5330715E-07,-0.008817
6.5335715E-07,-0.010735
6.5340715E-07,-0.012653
6.5345715E-07,-0.014718
6.5350715E-07,-0.016930
6.5355715E-07,-0.019143
6.5360715E-07,-0.021208
6.5365715E-07,-0.023273
6.5370715E-07,-0.025338
6.5375715E-07,-0.027256
6.5380715E-07,-0.029026
6.5385715E-07,-0.030796
6.5390715E-07,-0.032271
6.5395715E-07,-0.033599
6.5400715E-07,-0.034779
6.5405715E-07,-0.035664
6.5410715E-07,-0.036549
6.5415715E-07,-0.037287
6.5420715E-07,-0.037877
6.5425715E-07,-0.038467
6.5430715E-07,-0.038909
6.5435715E-07,-0.039204
