LECROYWaveRunner‘N,20113,Waveform
Segments,1,SegmentSize,4002
Segment,TrigTime,TimeSinceSegment1
#1,12-Dec-2018 11:33:02,0                 
Time,Ampl
4.5691709E-07,0.000130
4.5696709E-07,0.001091
4.5701709E-07,0.002148
4.5706709E-07,0.003013
4.5711709E-07,0.003878
4.5716709E-07,0.004551
4.5721709E-07,0.005128
4.5726709E-07,0.005512
4.5731709E-07,0.005704
4.5736709E-07,0.005800
4.5741709E-07,0.005608
4.5746709E-07,0.005224
4.5751709E-07,0.004743
4.5756709E-07,0.004167
4.5761709E-07,0.003494
4.5766709E-07,0.002725
4.5771709E-07,0.001860
4.5776709E-07,0.001091
4.5781709E-07,0.000418
4.5786709E-07,-0.000159
4.5791709E-07,-0.000735
4.5796709E-07,-0.001120
4.5801709E-07,-0.001312
4.5806709E-07,-0.001408
4.5811709E-07,-0.001312
4.5816709E-07,-0.001120
4.5821709E-07,-0.000735
4.5826709E-07,-0.000255
4.5831709E-07,0.000322
4.5836709E-07,0.000899
4.5841709E-07,0.001571
4.5846709E-07,0.002244
4.5851709E-07,0.002917
4.5856709E-07,0.003494
4.5861709E-07,0.003974
4.5866709E-07,0.004359
4.5871709E-07,0.004743
4.5876709E-07,0.004935
4.5881709E-07,0.005128
4.5886709E-07,0.005128
4.5891709E-07,0.005128
4.5896709E-07,0.005032
4.5901709E-07,0.004935
4.5906709E-07,0.004839
4.5911709E-07,0.004743
4.5916709E-07,0.004743
4.5921709E-07,0.004839
4.5926709E-07,0.004935
4.5931709E-07,0.005224
4.5936709E-07,0.005608
4.5941709E-07,0.006089
4.5946709E-07,0.006665
4.5951709E-07,0.007338
4.5956709E-07,0.008107
4.5961709E-07,0.008972
4.5966709E-07,0.009741
4.5971709E-07,0.010606
4.5976709E-07,0.011471
4.5981709E-07,0.012144
4.5986709E-07,0.012817
4.5991709E-07,0.013393
4.5996709E-07,0.013874
4.6001709E-07,0.014066
4.6006709E-07,0.014258
4.6011709E-07,0.014258
4.6016709E-07,0.014066
4.6021709E-07,0.013778
4.6026709E-07,0.013393
4.6031709E-07,0.012913
4.6036709E-07,0.012336
4.6041709E-07,0.011856
4.6046709E-07,0.011279
4.6051709E-07,0.010702
4.6056709E-07,0.010222
4.6061709E-07,0.009837
4.6066709E-07,0.009645
4.6071709E-07,0.009453
4.6076709E-07,0.009357
4.6081709E-07,0.009453
4.6086709E-07,0.009549
4.6091709E-07,0.009837
4.6096709E-07,0.010222
4.6101709E-07,0.010510
4.6106709E-07,0.010991
4.6111709E-07,0.011375
4.6116709E-07,0.011663
4.6121709E-07,0.011952
4.6126709E-07,0.012144
4.6131709E-07,0.012240
4.6136709E-07,0.012240
4.6141709E-07,0.012048
4.6146709E-07,0.011760
4.6151709E-07,0.011279
4.6156709E-07,0.010702
4.6161709E-07,0.010029
4.6166709E-07,0.009357
4.6171709E-07,0.008492
4.6176709E-07,0.007627
4.6181709E-07,0.006762
4.6186709E-07,0.005897
4.6191709E-07,0.005032
4.6196709E-07,0.004263
4.6201709E-07,0.003494
4.6206709E-07,0.002821
4.6211709E-07,0.002340
4.6216709E-07,0.001860
4.6221709E-07,0.001379
4.6226709E-07,0.001091
4.6231709E-07,0.000803
4.6236709E-07,0.000610
4.6241709E-07,0.000322
4.6246709E-07,0.000130
4.6251709E-07,-0.000062
4.6256709E-07,-0.000351
4.6261709E-07,-0.000735
4.6266709E-07,-0.001120
4.6271709E-07,-0.001600
4.6276709E-07,-0.002177
4.6281709E-07,-0.002754
4.6286709E-07,-0.003426
4.6291709E-07,-0.004195
4.6296709E-07,-0.004964
4.6301709E-07,-0.005733
4.6306709E-07,-0.006502
4.6311709E-07,-0.007175
4.6316709E-07,-0.007848
4.6321709E-07,-0.008424
4.6326709E-07,-0.008905
4.6331709E-07,-0.009193
4.6336709E-07,-0.009385
4.6341709E-07,-0.009385
4.6346709E-07,-0.009193
4.6351709E-07,-0.008905
4.6356709E-07,-0.008424
4.6361709E-07,-0.007848
4.6366709E-07,-0.007175
4.6371709E-07,-0.006406
4.6376709E-07,-0.005637
4.6381709E-07,-0.004772
4.6386709E-07,-0.003811
4.6391709E-07,-0.003042
4.6396709E-07,-0.002177
4.6401709E-07,-0.001504
4.6406709E-07,-0.000831
4.6411709E-07,-0.000351
4.6416709E-07,0.000034
4.6421709E-07,0.000322
4.6426709E-07,0.000514
4.6431709E-07,0.000514
4.6436709E-07,0.000514
4.6441709E-07,0.000322
4.6446709E-07,0.000130
4.6451709E-07,-0.000159
4.6456709E-07,-0.000543
4.6461709E-07,-0.000927
4.6466709E-07,-0.001312
4.6471709E-07,-0.001793
4.6476709E-07,-0.002177
4.6481709E-07,-0.002658
4.6486709E-07,-0.003138
4.6491709E-07,-0.003523
4.6496709E-07,-0.004099
4.6501709E-07,-0.004580
4.6506709E-07,-0.005156
4.6511709E-07,-0.005829
4.6516709E-07,-0.006502
4.6521709E-07,-0.007367
4.6526709E-07,-0.008232
4.6531709E-07,-0.009193
4.6536709E-07,-0.010154
4.6541709E-07,-0.011308
4.6546709E-07,-0.012461
4.6551709E-07,-0.013711
4.6556709E-07,-0.014960
4.6561709E-07,-0.016210
4.6566709E-07,-0.017363
4.6571709E-07,-0.018516
4.6576709E-07,-0.019574
4.6581709E-07,-0.020439
4.6586709E-07,-0.021207
4.6591709E-07,-0.021784
4.6596709E-07,-0.022169
4.6601709E-07,-0.022265
4.6606709E-07,-0.022169
4.6611709E-07,-0.021880
4.6616709E-07,-0.021304
4.6621709E-07,-0.020631
4.6626709E-07,-0.019670
4.6631709E-07,-0.018612
4.6636709E-07,-0.017363
4.6641709E-07,-0.016017
4.6646709E-07,-0.014672
4.6651709E-07,-0.013230
4.6656709E-07,-0.011788
4.6661709E-07,-0.010347
4.6666709E-07,-0.009001
4.6671709E-07,-0.007655
4.6676709E-07,-0.006310
4.6681709E-07,-0.005156
4.6686709E-07,-0.004003
4.6691709E-07,-0.002946
4.6696709E-07,-0.001889
4.6701709E-07,-0.000927
4.6706709E-07,0.000034
4.6711709E-07,0.000995
4.6716709E-07,0.001956
4.6721709E-07,0.002917
4.6726709E-07,0.003878
4.6731709E-07,0.005032
4.6736709E-07,0.006089
4.6741709E-07,0.007338
4.6746709E-07,0.008492
4.6751709E-07,0.009837
4.6756709E-07,0.011087
4.6761709E-07,0.012336
4.6766709E-07,0.013586
4.6771709E-07,0.014835
4.6776709E-07,0.015989
4.6781709E-07,0.016950
4.6786709E-07,0.017815
4.6791709E-07,0.018584
4.6796709E-07,0.019160
4.6801709E-07,0.019449
4.6806709E-07,0.019641
4.6811709E-07,0.019641
4.6816709E-07,0.019449
4.6821709E-07,0.019064
4.6826709E-07,0.018487
4.6831709E-07,0.017911
4.6836709E-07,0.017142
4.6841709E-07,0.016373
4.6846709E-07,0.015508
4.6851709E-07,0.014739
4.6856709E-07,0.013970
4.6861709E-07,0.013297
4.6866709E-07,0.012817
4.6871709E-07,0.012432
4.6876709E-07,0.012240
4.6881709E-07,0.012144
4.6886709E-07,0.012240
4.6891709E-07,0.012625
4.6896709E-07,0.013105
4.6901709E-07,0.013778
4.6906709E-07,0.014547
4.6911709E-07,0.015412
4.6916709E-07,0.016373
4.6921709E-07,0.017430
4.6926709E-07,0.018487
4.6931709E-07,0.019545
4.6936709E-07,0.020506
4.6941709E-07,0.021467
4.6946709E-07,0.022236
4.6951709E-07,0.023005
4.6956709E-07,0.023678
4.6961709E-07,0.024158
4.6966709E-07,0.024543
4.6971709E-07,0.024831
4.6976709E-07,0.025023
4.6981709E-07,0.025119
4.6986709E-07,0.025215
4.6991709E-07,0.025119
4.6996709E-07,0.025119
4.7001709E-07,0.025023
4.7006709E-07,0.024831
4.7011709E-07,0.024735
4.7016709E-07,0.024639
4.7021709E-07,0.024543
4.7026709E-07,0.024447
4.7031709E-07,0.024254
4.7036709E-07,0.024158
4.7041709E-07,0.024062
4.7046709E-07,0.023870
4.7051709E-07,0.023581
4.7056709E-07,0.023293
4.7061709E-07,0.023005
4.7066709E-07,0.022524
4.7071709E-07,0.022044
4.7076709E-07,0.021371
4.7081709E-07,0.020698
4.7086709E-07,0.019929
4.7091709E-07,0.019064
4.7096709E-07,0.018199
4.7101709E-07,0.017334
4.7106709E-07,0.016469
4.7111709E-07,0.015604
4.7116709E-07,0.014739
4.7121709E-07,0.014066
4.7126709E-07,0.013393
4.7131709E-07,0.012913
4.7136709E-07,0.012625
4.7141709E-07,0.012432
4.7146709E-07,0.012432
4.7151709E-07,0.012528
4.7156709E-07,0.012913
4.7161709E-07,0.013393
4.7166709E-07,0.013970
4.7171709E-07,0.014643
4.7176709E-07,0.015508
4.7181709E-07,0.016373
4.7186709E-07,0.017238
4.7191709E-07,0.018103
4.7196709E-07,0.019064
4.7201709E-07,0.019833
4.7206709E-07,0.020602
4.7211709E-07,0.021275
4.7216709E-07,0.021948
4.7221709E-07,0.022428
4.7226709E-07,0.022813
4.7231709E-07,0.023197
4.7236709E-07,0.023485
4.7241709E-07,0.023678
4.7246709E-07,0.023870
4.7251709E-07,0.024062
4.7256709E-07,0.024254
4.7261709E-07,0.024447
4.7266709E-07,0.024735
4.7271709E-07,0.024927
4.7276709E-07,0.025215
4.7281709E-07,0.025600
4.7286709E-07,0.025984
4.7291709E-07,0.026465
4.7296709E-07,0.026849
4.7301709E-07,0.027234
4.7306709E-07,0.027618
4.7311709E-07,0.027907
4.7316709E-07,0.028099
4.7321709E-07,0.028195
4.7326709E-07,0.028195
4.7331709E-07,0.027907
4.7336709E-07,0.027522
4.7341709E-07,0.026945
4.7346709E-07,0.026177
4.7351709E-07,0.025119
4.7356709E-07,0.023966
4.7361709E-07,0.022620
4.7366709E-07,0.021083
4.7371709E-07,0.019545
4.7376709E-07,0.017815
4.7381709E-07,0.016085
4.7386709E-07,0.014258
4.7391709E-07,0.012528
4.7396709E-07,0.010894
4.7401709E-07,0.009261
4.7406709E-07,0.007723
4.7411709E-07,0.006377
4.7416709E-07,0.005128
4.7421709E-07,0.003974
4.7426709E-07,0.003013
4.7431709E-07,0.002244
4.7436709E-07,0.001571
4.7441709E-07,0.000899
4.7446709E-07,0.000418
4.7451709E-07,-0.000062
4.7456709E-07,-0.000543
4.7461709E-07,-0.000927
4.7466709E-07,-0.001408
4.7471709E-07,-0.001889
4.7476709E-07,-0.002465
4.7481709E-07,-0.003138
4.7486709E-07,-0.003811
4.7491709E-07,-0.004580
4.7496709E-07,-0.005349
4.7501709E-07,-0.006214
4.7506709E-07,-0.007079
4.7511709E-07,-0.008040
4.7516709E-07,-0.008809
4.7521709E-07,-0.009674
4.7526709E-07,-0.010347
4.7531709E-07,-0.010923
4.7536709E-07,-0.011404
4.7541709E-07,-0.011692
4.7546709E-07,-0.011884
4.7551709E-07,-0.011788
4.7556709E-07,-0.011596
4.7561709E-07,-0.011212
4.7566709E-07,-0.010635
4.7571709E-07,-0.009962
4.7576709E-07,-0.009193
4.7581709E-07,-0.008232
4.7586709E-07,-0.007271
4.7591709E-07,-0.006310
4.7596709E-07,-0.005349
4.7601709E-07,-0.004484
4.7606709E-07,-0.003619
4.7611709E-07,-0.002850
4.7616709E-07,-0.002273
4.7621709E-07,-0.001793
4.7626709E-07,-0.001504
4.7631709E-07,-0.001408
4.7636709E-07,-0.001408
4.7641709E-07,-0.001600
4.7646709E-07,-0.001889
4.7651709E-07,-0.002273
4.7656709E-07,-0.002850
4.7661709E-07,-0.003426
4.7666709E-07,-0.004003
4.7671709E-07,-0.004580
4.7676709E-07,-0.005156
4.7681709E-07,-0.005637
4.7686709E-07,-0.006118
4.7691709E-07,-0.006406
4.7696709E-07,-0.006694
4.7701709E-07,-0.006694
4.7706709E-07,-0.006694
4.7711709E-07,-0.006502
4.7716709E-07,-0.006214
4.7721709E-07,-0.005733
4.7726709E-07,-0.005156
4.7731709E-07,-0.004580
4.7736709E-07,-0.003811
4.7741709E-07,-0.003042
4.7746709E-07,-0.002177
4.7751709E-07,-0.001312
4.7756709E-07,-0.000447
4.7761709E-07,0.000514
4.7766709E-07,0.001379
4.7771709E-07,0.002244
4.7776709E-07,0.003109
4.7781709E-07,0.003974
4.7786709E-07,0.004743
4.7791709E-07,0.005608
4.7796709E-07,0.006377
4.7801709E-07,0.007146
4.7806709E-07,0.007915
4.7811709E-07,0.008684
4.7816709E-07,0.009357
4.7821709E-07,0.010126
4.7826709E-07,0.010702
4.7831709E-07,0.011375
4.7836709E-07,0.011952
4.7841709E-07,0.012432
4.7846709E-07,0.012817
4.7851709E-07,0.013105
4.7856709E-07,0.013201
4.7861709E-07,0.013297
4.7866709E-07,0.013201
4.7871709E-07,0.012913
4.7876709E-07,0.012528
4.7881709E-07,0.011952
4.7886709E-07,0.011375
4.7891709E-07,0.010606
4.7896709E-07,0.009741
4.7901709E-07,0.008780
4.7906709E-07,0.007819
4.7911709E-07,0.006858
4.7916709E-07,0.005993
4.7921709E-07,0.005128
4.7926709E-07,0.004359
4.7931709E-07,0.003782
4.7936709E-07,0.003302
4.7941709E-07,0.003013
4.7946709E-07,0.002917
4.7951709E-07,0.003013
4.7956709E-07,0.003302
4.7961709E-07,0.003782
4.7966709E-07,0.004455
4.7971709E-07,0.005224
4.7976709E-07,0.006185
4.7981709E-07,0.007146
4.7986709E-07,0.008203
4.7991709E-07,0.009357
4.7996709E-07,0.010414
4.8001709E-07,0.011471
4.8006709E-07,0.012432
4.8011709E-07,0.013297
4.8016709E-07,0.014066
4.8021709E-07,0.014739
4.8026709E-07,0.015220
4.8031709E-07,0.015604
4.8036709E-07,0.015892
4.8041709E-07,0.015989
4.8046709E-07,0.015989
4.8051709E-07,0.015989
4.8056709E-07,0.015796
4.8061709E-07,0.015604
4.8066709E-07,0.015412
4.8071709E-07,0.015220
4.8076709E-07,0.015027
4.8081709E-07,0.014931
4.8086709E-07,0.014835
4.8091709E-07,0.014739
4.8096709E-07,0.014835
4.8101709E-07,0.014835
4.8106709E-07,0.015027
4.8111709E-07,0.015220
4.8116709E-07,0.015412
4.8121709E-07,0.015604
4.8126709E-07,0.015892
4.8131709E-07,0.016085
4.8136709E-07,0.016277
4.8141709E-07,0.016373
4.8146709E-07,0.016469
4.8151709E-07,0.016469
4.8156709E-07,0.016469
4.8161709E-07,0.016277
4.8166709E-07,0.016181
4.8171709E-07,0.015892
4.8176709E-07,0.015700
4.8181709E-07,0.015412
4.8186709E-07,0.015123
4.8191709E-07,0.014835
4.8196709E-07,0.014643
4.8201709E-07,0.014451
4.8206709E-07,0.014355
4.8211709E-07,0.014451
4.8216709E-07,0.014547
4.8221709E-07,0.014835
4.8226709E-07,0.015220
4.8231709E-07,0.015700
4.8236709E-07,0.016277
4.8241709E-07,0.016950
4.8246709E-07,0.017719
4.8251709E-07,0.018487
4.8256709E-07,0.019352
4.8261709E-07,0.020121
4.8266709E-07,0.020890
4.8271709E-07,0.021659
4.8276709E-07,0.022332
4.8281709E-07,0.022813
4.8286709E-07,0.023293
4.8291709E-07,0.023485
4.8296709E-07,0.023678
4.8301709E-07,0.023678
4.8306709E-07,0.023485
4.8311709E-07,0.023293
4.8316709E-07,0.022909
4.8321709E-07,0.022524
4.8326709E-07,0.022044
4.8331709E-07,0.021467
4.8336709E-07,0.020986
4.8341709E-07,0.020506
4.8346709E-07,0.020121
4.8351709E-07,0.019737
4.8356709E-07,0.019449
4.8361709E-07,0.019352
4.8366709E-07,0.019256
4.8371709E-07,0.019352
4.8376709E-07,0.019449
4.8381709E-07,0.019641
4.8386709E-07,0.019929
4.8391709E-07,0.020218
4.8396709E-07,0.020506
4.8401709E-07,0.020794
4.8406709E-07,0.021083
4.8411709E-07,0.021275
4.8416709E-07,0.021371
4.8421709E-07,0.021371
4.8426709E-07,0.021275
4.8431709E-07,0.021083
4.8436709E-07,0.020698
4.8441709E-07,0.020314
4.8446709E-07,0.019833
4.8451709E-07,0.019256
4.8456709E-07,0.018680
4.8461709E-07,0.018199
4.8466709E-07,0.017622
4.8471709E-07,0.017142
4.8476709E-07,0.016757
4.8481709E-07,0.016469
4.8486709E-07,0.016277
4.8491709E-07,0.016277
4.8496709E-07,0.016373
4.8501709E-07,0.016565
4.8506709E-07,0.017046
4.8511709E-07,0.017526
4.8516709E-07,0.018103
4.8521709E-07,0.018776
4.8526709E-07,0.019352
4.8531709E-07,0.020025
4.8536709E-07,0.020698
4.8541709E-07,0.021179
4.8546709E-07,0.021659
4.8551709E-07,0.021948
4.8556709E-07,0.022044
4.8561709E-07,0.021948
4.8566709E-07,0.021755
4.8571709E-07,0.021275
4.8576709E-07,0.020698
4.8581709E-07,0.019833
4.8586709E-07,0.018968
4.8591709E-07,0.017911
4.8596709E-07,0.016757
4.8601709E-07,0.015604
4.8606709E-07,0.014451
4.8611709E-07,0.013297
4.8616709E-07,0.012240
4.8621709E-07,0.011183
4.8626709E-07,0.010318
4.8631709E-07,0.009549
4.8636709E-07,0.008972
4.8641709E-07,0.008492
4.8646709E-07,0.008107
4.8651709E-07,0.008011
4.8656709E-07,0.007915
4.8661709E-07,0.007915
4.8666709E-07,0.008107
4.8671709E-07,0.008203
4.8676709E-07,0.008492
4.8681709E-07,0.008684
4.8686709E-07,0.008876
4.8691709E-07,0.009068
4.8696709E-07,0.009164
4.8701709E-07,0.009164
4.8706709E-07,0.009164
4.8711709E-07,0.008972
4.8716709E-07,0.008780
4.8721709E-07,0.008492
4.8726709E-07,0.008107
4.8731709E-07,0.007723
4.8736709E-07,0.007242
4.8741709E-07,0.006665
4.8746709E-07,0.006089
4.8751709E-07,0.005608
4.8756709E-07,0.005032
4.8761709E-07,0.004455
4.8766709E-07,0.003974
4.8771709E-07,0.003494
4.8776709E-07,0.003109
4.8781709E-07,0.002629
4.8786709E-07,0.002244
4.8791709E-07,0.001956
4.8796709E-07,0.001571
4.8801709E-07,0.001187
4.8806709E-07,0.000803
4.8811709E-07,0.000418
4.8816709E-07,0.000034
4.8821709E-07,-0.000447
4.8826709E-07,-0.000927
4.8831709E-07,-0.001504
4.8836709E-07,-0.002081
4.8841709E-07,-0.002658
4.8846709E-07,-0.003330
4.8851709E-07,-0.003907
4.8856709E-07,-0.004580
4.8861709E-07,-0.005253
4.8866709E-07,-0.005829
4.8871709E-07,-0.006406
4.8876709E-07,-0.006790
4.8881709E-07,-0.007175
4.8886709E-07,-0.007463
4.8891709E-07,-0.007559
4.8896709E-07,-0.007655
4.8901709E-07,-0.007463
4.8906709E-07,-0.007271
4.8911709E-07,-0.006887
4.8916709E-07,-0.006406
4.8921709E-07,-0.005733
4.8926709E-07,-0.005060
4.8931709E-07,-0.004291
4.8936709E-07,-0.003426
4.8941709E-07,-0.002561
4.8946709E-07,-0.001696
4.8951709E-07,-0.000735
4.8956709E-07,0.000130
4.8961709E-07,0.000995
4.8966709E-07,0.001860
4.8971709E-07,0.002629
4.8976709E-07,0.003398
4.8981709E-07,0.004167
4.8986709E-07,0.004839
4.8991709E-07,0.005512
4.8996709E-07,0.006281
4.9001709E-07,0.006954
4.9006709E-07,0.007627
4.9011709E-07,0.008396
4.9016709E-07,0.009261
4.9021709E-07,0.010126
4.9026709E-07,0.011087
4.9031709E-07,0.012144
4.9036709E-07,0.013297
4.9041709E-07,0.014547
4.9046709E-07,0.015892
4.9051709E-07,0.017238
4.9056709E-07,0.018776
4.9061709E-07,0.020314
4.9066709E-07,0.021851
4.9071709E-07,0.023581
4.9076709E-07,0.025215
4.9081709E-07,0.026945
4.9086709E-07,0.028676
4.9091709E-07,0.030406
4.9096709E-07,0.032136
4.9101709E-07,0.033962
4.9106709E-07,0.035884
4.9111709E-07,0.037806
4.9116709E-07,0.039921
4.9121709E-07,0.042131
4.9126709E-07,0.044534
4.9131709E-07,0.047129
4.9136709E-07,0.050109
4.9141709E-07,0.053281
4.9146709E-07,0.056837
4.9151709E-07,0.060681
4.9156709E-07,0.065006
4.9161709E-07,0.069716
4.9166709E-07,0.074906
4.9171709E-07,0.080577
4.9176709E-07,0.086632
4.9181709E-07,0.093168
4.9186709E-07,0.100088
4.9191709E-07,0.107489
4.9196709E-07,0.115274
4.9201709E-07,0.123444
4.9206709E-07,0.131902
4.9211709E-07,0.140744
4.9216709E-07,0.149875
4.9221709E-07,0.159198
4.9226709E-07,0.168905
4.9231709E-07,0.178709
4.9236709E-07,0.188801
4.9241709E-07,0.199085
4.9246709E-07,0.209657
4.9251709E-07,0.220518
4.9256709E-07,0.231571
4.9261709E-07,0.242817
4.9266709E-07,0.254446
4.9271709E-07,0.266461
4.9276709E-07,0.278763
4.9281709E-07,0.291354
4.9286709E-07,0.304426
4.9291709E-07,0.317785
4.9296709E-07,0.331530
4.9301709E-07,0.345754
4.9306709E-07,0.360268
4.9311709E-07,0.375069
4.9316709E-07,0.390255
4.9321709E-07,0.405729
4.9326709E-07,0.421396
4.9331709E-07,0.437351
4.9336709E-07,0.453402
4.9341709E-07,0.469549
4.9346709E-07,0.485696
4.9351709E-07,0.501939
4.9356709E-07,0.518182
4.9361709E-07,0.534233
4.9366709E-07,0.550284
4.9371709E-07,0.566239
4.9376709E-07,0.582098
4.9381709E-07,0.597764
4.9386709E-07,0.613335
4.9391709E-07,0.628713
4.9396709E-07,0.643995
4.9401709E-07,0.659181
4.9406709E-07,0.674271
4.9411709E-07,0.689168
4.9416709E-07,0.703970
4.9421709E-07,0.718675
4.9426709E-07,0.733285
4.9431709E-07,0.747702
4.9436709E-07,0.762023
4.9441709E-07,0.776151
4.9446709E-07,0.790088
4.9451709E-07,0.803736
4.9456709E-07,0.817192
4.9461709E-07,0.830263
4.9466709E-07,0.843046
4.9471709E-07,0.855349
4.9476709E-07,0.867267
4.9481709E-07,0.878705
4.9486709E-07,0.889662
4.9491709E-07,0.900138
4.9496709E-07,0.909942
4.9501709E-07,0.919265
4.9506709E-07,0.928011
4.9511709E-07,0.936181
4.9516709E-07,0.943677
4.9521709E-07,0.950790
4.9526709E-07,0.957229
4.9531709E-07,0.963188
4.9536709E-07,0.968667
4.9541709E-07,0.973569
4.9546709E-07,0.978086
4.9551709E-07,0.982219
4.9556709E-07,0.985775
4.9561709E-07,0.989043
4.9566709E-07,0.991830
4.9571709E-07,0.994233
4.9576709E-07,0.996252
4.9581709E-07,0.997789
4.9586709E-07,0.998943
4.9591709E-07,0.999712
4.9596709E-07,1.000000
4.9601709E-07,0.999904
4.9606709E-07,0.999327
4.9611709E-07,0.998270
4.9616709E-07,0.996732
4.9621709E-07,0.994714
4.9626709E-07,0.992311
4.9631709E-07,0.989427
4.9636709E-07,0.986064
4.9641709E-07,0.982411
4.9646709E-07,0.978278
4.9651709E-07,0.973761
4.9656709E-07,0.969051
4.9661709E-07,0.963957
4.9666709E-07,0.958671
4.9671709E-07,0.953193
4.9676709E-07,0.947522
4.9681709E-07,0.941851
4.9686709E-07,0.935988
4.9691709E-07,0.930125
4.9696709E-07,0.924262
4.9701709E-07,0.918496
4.9706709E-07,0.912633
4.9711709E-07,0.906866
4.9716709E-07,0.901195
4.9721709E-07,0.895524
4.9726709E-07,0.889950
4.9731709E-07,0.884375
4.9736709E-07,0.878801
4.9741709E-07,0.873226
4.9746709E-07,0.867652
4.9751709E-07,0.861981
4.9756709E-07,0.856310
4.9761709E-07,0.850543
4.9766709E-07,0.844776
4.9771709E-07,0.838817
4.9776709E-07,0.832762
4.9781709E-07,0.826707
4.9786709E-07,0.820460
4.9791709E-07,0.814212
4.9796709E-07,0.807869
4.9801709E-07,0.801525
4.9806709E-07,0.795182
4.9811709E-07,0.788838
4.9816709E-07,0.782591
4.9821709E-07,0.776344
4.9826709E-07,0.770192
4.9831709E-07,0.764137
4.9836709E-07,0.758274
4.9841709E-07,0.752507
4.9846709E-07,0.746837
4.9851709E-07,0.741358
4.9856709E-07,0.735880
4.9861709E-07,0.730690
4.9866709E-07,0.725499
4.9871709E-07,0.720309
4.9876709E-07,0.715311
4.9881709E-07,0.710217
4.9886709E-07,0.705219
4.9891709E-07,0.700125
4.9896709E-07,0.695031
4.9901709E-07,0.689937
4.9906709E-07,0.684747
4.9911709E-07,0.679461
4.9916709E-07,0.674175
4.9921709E-07,0.668888
4.9926709E-07,0.663602
4.9931709E-07,0.658220
4.9936709E-07,0.652934
4.9941709E-07,0.647743
4.9946709E-07,0.642649
4.9951709E-07,0.637652
4.9956709E-07,0.632846
4.9961709E-07,0.628136
4.9966709E-07,0.623619
4.9971709E-07,0.619294
4.9976709E-07,0.615161
4.9981709E-07,0.611124
4.9986709E-07,0.607280
4.9991709E-07,0.603435
4.9996709E-07,0.599783
5.0001709E-07,0.596034
5.0006709E-07,0.592286
5.0011709E-07,0.588537
5.0016709E-07,0.584597
5.0021709E-07,0.580560
5.0026709E-07,0.576235
5.0031709E-07,0.571814
5.0036709E-07,0.567104
5.0041709E-07,0.562106
5.0046709E-07,0.556916
5.0051709E-07,0.551438
5.0056709E-07,0.545863
5.0061709E-07,0.540000
5.0066709E-07,0.534041
5.0071709E-07,0.527986
5.0076709E-07,0.521835
5.0081709E-07,0.515683
5.0086709E-07,0.509628
5.0091709E-07,0.503573
5.0096709E-07,0.497614
5.0101709E-07,0.491751
5.0106709E-07,0.486080
5.0111709E-07,0.480506
5.0116709E-07,0.475123
5.0121709E-07,0.469837
5.0126709E-07,0.464647
5.0131709E-07,0.459553
5.0136709E-07,0.454459
5.0141709E-07,0.449461
5.0146709E-07,0.444367
5.0151709E-07,0.439177
5.0156709E-07,0.433891
5.0161709E-07,0.428508
5.0166709E-07,0.423030
5.0171709E-07,0.417263
5.0176709E-07,0.411400
5.0181709E-07,0.405441
5.0186709E-07,0.399290
5.0191709E-07,0.393138
5.0196709E-07,0.386795
5.0201709E-07,0.380548
5.0206709E-07,0.374204
5.0211709E-07,0.368053
5.0216709E-07,0.361902
5.0221709E-07,0.356039
5.0226709E-07,0.350272
5.0231709E-07,0.344889
5.0236709E-07,0.339699
5.0241709E-07,0.334797
5.0246709E-07,0.330184
5.0251709E-07,0.325859
5.0256709E-07,0.321918
5.0261709E-07,0.318170
5.0266709E-07,0.314710
5.0271709E-07,0.311442
5.0276709E-07,0.308366
5.0281709E-07,0.305483
5.0286709E-07,0.302599
5.0291709E-07,0.299908
5.0296709E-07,0.297217
5.0301709E-07,0.294430
5.0306709E-07,0.291739
5.0311709E-07,0.288951
5.0316709E-07,0.286164
5.0321709E-07,0.283377
5.0326709E-07,0.280397
5.0331709E-07,0.277514
5.0336709E-07,0.274630
5.0341709E-07,0.271651
5.0346709E-07,0.268767
5.0351709E-07,0.265884
5.0356709E-07,0.263193
5.0361709E-07,0.260502
5.0366709E-07,0.258003
5.0371709E-07,0.255600
5.0376709E-07,0.253389
5.0381709E-07,0.251371
5.0386709E-07,0.249545
5.0391709E-07,0.247815
5.0396709E-07,0.246373
5.0401709E-07,0.245027
5.0406709E-07,0.243874
5.0411709E-07,0.242817
5.0416709E-07,0.241952
5.0421709E-07,0.241087
5.0426709E-07,0.240414
5.0431709E-07,0.239741
5.0436709E-07,0.239261
5.0441709E-07,0.238780
5.0446709E-07,0.238299
5.0451709E-07,0.237915
5.0456709E-07,0.237627
5.0461709E-07,0.237434
5.0466709E-07,0.237338
5.0471709E-07,0.237338
5.0476709E-07,0.237434
5.0481709E-07,0.237723
5.0486709E-07,0.238203
5.0491709E-07,0.238780
5.0496709E-07,0.239549
5.0501709E-07,0.240510
5.0506709E-07,0.241663
5.0511709E-07,0.243009
5.0516709E-07,0.244451
5.0521709E-07,0.246085
5.0526709E-07,0.247719
5.0531709E-07,0.249449
5.0536709E-07,0.251179
5.0541709E-07,0.252813
5.0546709E-07,0.254446
5.0551709E-07,0.255984
5.0556709E-07,0.257234
5.0561709E-07,0.258387
5.0566709E-07,0.259252
5.0571709E-07,0.259925
5.0576709E-07,0.260309
5.0581709E-07,0.260309
5.0586709E-07,0.260117
5.0591709E-07,0.259733
5.0596709E-07,0.259060
5.0601709E-07,0.258195
5.0606709E-07,0.257138
5.0611709E-07,0.256080
5.0616709E-07,0.254831
5.0621709E-07,0.253581
5.0626709E-07,0.252428
5.0631709E-07,0.251275
5.0636709E-07,0.250217
5.0641709E-07,0.249352
5.0646709E-07,0.248584
5.0651709E-07,0.248007
5.0656709E-07,0.247526
5.0661709E-07,0.247238
5.0666709E-07,0.246950
5.0671709E-07,0.246853
5.0676709E-07,0.246757
5.0681709E-07,0.246661
5.0686709E-07,0.246565
5.0691709E-07,0.246373
5.0696709E-07,0.246085
5.0701709E-07,0.245604
5.0706709E-07,0.244931
5.0711709E-07,0.244066
5.0716709E-07,0.243009
5.0721709E-07,0.241663
5.0726709E-07,0.240126
5.0731709E-07,0.238299
5.0736709E-07,0.236377
5.0741709E-07,0.234263
5.0746709E-07,0.232052
5.0751709E-07,0.229745
5.0756709E-07,0.227342
5.0761709E-07,0.224940
5.0766709E-07,0.222633
5.0771709E-07,0.220230
5.0776709E-07,0.218019
5.0781709E-07,0.215905
5.0786709E-07,0.213790
5.0791709E-07,0.211868
5.0796709E-07,0.209946
5.0801709E-07,0.208120
5.0806709E-07,0.206390
5.0811709E-07,0.204660
5.0816709E-07,0.202930
5.0821709E-07,0.201103
5.0826709E-07,0.199277
5.0831709E-07,0.197259
5.0836709E-07,0.195240
5.0841709E-07,0.193030
5.0846709E-07,0.190723
5.0851709E-07,0.188224
5.0856709E-07,0.185533
5.0861709E-07,0.182842
5.0866709E-07,0.179958
5.0871709E-07,0.176979
5.0876709E-07,0.173999
5.0881709E-07,0.171020
5.0886709E-07,0.168040
5.0891709E-07,0.165061
5.0896709E-07,0.162081
5.0901709E-07,0.159294
5.0906709E-07,0.156603
5.0911709E-07,0.154008
5.0916709E-07,0.151509
5.0921709E-07,0.149202
5.0926709E-07,0.146895
5.0931709E-07,0.144781
5.0936709E-07,0.142666
5.0941709E-07,0.140648
5.0946709E-07,0.138726
5.0951709E-07,0.136707
5.0956709E-07,0.134689
5.0961709E-07,0.132767
5.0966709E-07,0.130652
5.0971709E-07,0.128634
5.0976709E-07,0.126519
5.0981709E-07,0.124405
5.0986709E-07,0.122290
5.0991709E-07,0.120272
5.0996709E-07,0.118253
5.1001709E-07,0.116331
5.1006709E-07,0.114601
5.1011709E-07,0.112967
5.1016709E-07,0.111622
5.1021709E-07,0.110564
5.1026709E-07,0.109699
5.1031709E-07,0.109219
5.1036709E-07,0.109123
5.1041709E-07,0.109219
5.1046709E-07,0.109795
5.1051709E-07,0.110564
5.1056709E-07,0.111718
5.1061709E-07,0.113063
5.1066709E-07,0.114697
5.1071709E-07,0.116523
5.1076709E-07,0.118542
5.1081709E-07,0.120560
5.1086709E-07,0.122675
5.1091709E-07,0.124885
5.1096709E-07,0.127000
5.1101709E-07,0.129018
5.1106709E-07,0.130940
5.1111709E-07,0.132767
5.1116709E-07,0.134401
5.1121709E-07,0.135938
5.1126709E-07,0.137284
5.1131709E-07,0.138533
5.1136709E-07,0.139687
5.1141709E-07,0.140744
5.1146709E-07,0.141705
5.1151709E-07,0.142570
5.1156709E-07,0.143435
5.1161709E-07,0.144204
5.1166709E-07,0.145069
5.1171709E-07,0.145934
5.1176709E-07,0.146895
5.1181709E-07,0.147856
5.1186709E-07,0.148818
5.1191709E-07,0.149875
5.1196709E-07,0.150932
5.1201709E-07,0.152085
5.1206709E-07,0.153143
5.1211709E-07,0.154200
5.1216709E-07,0.155257
5.1221709E-07,0.156218
5.1226709E-07,0.156987
5.1231709E-07,0.157660
5.1236709E-07,0.158141
5.1241709E-07,0.158333
5.1246709E-07,0.158429
5.1251709E-07,0.158237
5.1256709E-07,0.157756
5.1261709E-07,0.156987
5.1266709E-07,0.156026
5.1271709E-07,0.154777
5.1276709E-07,0.153335
5.1281709E-07,0.151605
5.1286709E-07,0.149779
5.1291709E-07,0.147664
5.1296709E-07,0.145454
5.1301709E-07,0.143147
5.1306709E-07,0.140744
5.1311709E-07,0.138245
5.1316709E-07,0.135650
5.1321709E-07,0.133055
5.1326709E-07,0.130460
5.1331709E-07,0.127865
5.1336709E-07,0.125270
5.1341709E-07,0.122675
5.1346709E-07,0.120080
5.1351709E-07,0.117485
5.1356709E-07,0.114889
5.1361709E-07,0.112198
5.1366709E-07,0.109507
5.1371709E-07,0.106816
5.1376709E-07,0.104125
5.1381709E-07,0.101337
5.1386709E-07,0.098550
5.1391709E-07,0.095763
5.1396709E-07,0.092976
5.1401709E-07,0.090284
5.1406709E-07,0.087593
5.1411709E-07,0.084998
5.1416709E-07,0.082595
5.1421709E-07,0.080192
5.1426709E-07,0.078078
5.1431709E-07,0.076156
5.1436709E-07,0.074522
5.1441709E-07,0.073080
5.1446709E-07,0.071927
5.1451709E-07,0.071062
5.1456709E-07,0.070389
5.1461709E-07,0.070004
5.1466709E-07,0.069908
5.1471709E-07,0.069908
5.1476709E-07,0.070100
5.1481709E-07,0.070485
5.1486709E-07,0.070966
5.1491709E-07,0.071446
5.1496709E-07,0.072023
5.1501709E-07,0.072599
5.1506709E-07,0.073080
5.1511709E-07,0.073561
5.1516709E-07,0.074041
5.1521709E-07,0.074426
5.1526709E-07,0.074714
5.1531709E-07,0.075002
5.1536709E-07,0.075291
5.1541709E-07,0.075579
5.1546709E-07,0.075963
5.1551709E-07,0.076348
5.1556709E-07,0.076828
5.1561709E-07,0.077501
5.1566709E-07,0.078270
5.1571709E-07,0.079231
5.1576709E-07,0.080385
5.1581709E-07,0.081730
5.1586709E-07,0.083268
5.1591709E-07,0.084902
5.1596709E-07,0.086632
5.1601709E-07,0.088458
5.1606709E-07,0.090284
5.1611709E-07,0.092207
5.1616709E-07,0.094033
5.1621709E-07,0.095763
5.1626709E-07,0.097301
5.1631709E-07,0.098742
5.1636709E-07,0.099896
5.1641709E-07,0.100857
5.1646709E-07,0.101626
5.1651709E-07,0.102010
5.1656709E-07,0.102202
5.1661709E-07,0.102202
5.1666709E-07,0.101914
5.1671709E-07,0.101530
5.1676709E-07,0.100953
5.1681709E-07,0.100376
5.1686709E-07,0.099703
5.1691709E-07,0.099031
5.1696709E-07,0.098454
5.1701709E-07,0.097877
5.1706709E-07,0.097493
5.1711709E-07,0.097205
5.1716709E-07,0.097012
5.1721709E-07,0.097108
5.1726709E-07,0.097301
5.1731709E-07,0.097589
5.1736709E-07,0.098070
5.1741709E-07,0.098550
5.1746709E-07,0.099127
5.1751709E-07,0.099800
5.1756709E-07,0.100376
5.1761709E-07,0.100953
5.1766709E-07,0.101434
5.1771709E-07,0.101818
5.1776709E-07,0.102202
5.1781709E-07,0.102395
5.1786709E-07,0.102395
5.1791709E-07,0.102395
5.1796709E-07,0.102299
5.1801709E-07,0.102010
5.1806709E-07,0.101818
5.1811709E-07,0.101530
5.1816709E-07,0.101241
5.1821709E-07,0.101049
5.1826709E-07,0.100953
5.1831709E-07,0.100857
5.1836709E-07,0.100953
5.1841709E-07,0.101145
5.1846709E-07,0.101434
5.1851709E-07,0.101818
5.1856709E-07,0.102395
5.1861709E-07,0.102971
5.1866709E-07,0.103644
5.1871709E-07,0.104221
5.1876709E-07,0.104894
5.1881709E-07,0.105470
5.1886709E-07,0.105951
5.1891709E-07,0.106239
5.1896709E-07,0.106335
5.1901709E-07,0.106239
5.1906709E-07,0.105855
5.1911709E-07,0.105182
5.1916709E-07,0.104317
5.1921709E-07,0.103067
5.1926709E-07,0.101626
5.1931709E-07,0.099896
5.1936709E-07,0.097877
5.1941709E-07,0.095763
5.1946709E-07,0.093456
5.1951709E-07,0.091149
5.1956709E-07,0.088650
5.1961709E-07,0.086151
5.1966709E-07,0.083749
5.1971709E-07,0.081442
5.1976709E-07,0.079135
5.1981709E-07,0.077021
5.1986709E-07,0.075098
5.1991709E-07,0.073368
5.1996709E-07,0.071831
5.2001709E-07,0.070485
5.2006709E-07,0.069332
5.2011709E-07,0.068370
5.2016709E-07,0.067505
5.2021709E-07,0.066833
5.2026709E-07,0.066352
5.2031709E-07,0.065968
5.2036709E-07,0.065583
5.2041709E-07,0.065391
5.2046709E-07,0.065199
5.2051709E-07,0.065006
5.2056709E-07,0.064910
5.2061709E-07,0.064910
5.2066709E-07,0.064814
5.2071709E-07,0.064814
5.2076709E-07,0.064910
5.2081709E-07,0.065103
5.2086709E-07,0.065295
5.2091709E-07,0.065583
5.2096709E-07,0.065968
5.2101709E-07,0.066544
5.2106709E-07,0.067217
5.2111709E-07,0.068082
5.2116709E-07,0.069043
5.2121709E-07,0.070197
5.2126709E-07,0.071350
5.2131709E-07,0.072792
5.2136709E-07,0.074233
5.2141709E-07,0.075675
5.2146709E-07,0.077309
5.2151709E-07,0.078847
5.2156709E-07,0.080385
5.2161709E-07,0.081826
5.2166709E-07,0.083268
5.2171709E-07,0.084518
5.2176709E-07,0.085671
5.2181709E-07,0.086632
5.2186709E-07,0.087401
5.2191709E-07,0.088074
5.2196709E-07,0.088554
5.2201709E-07,0.088939
5.2206709E-07,0.089131
5.2211709E-07,0.089227
5.2216709E-07,0.089227
5.2221709E-07,0.089131
5.2226709E-07,0.089035
5.2231709E-07,0.088939
5.2236709E-07,0.088843
5.2241709E-07,0.088843
5.2246709E-07,0.088843
5.2251709E-07,0.088843
5.2256709E-07,0.088939
5.2261709E-07,0.089131
5.2266709E-07,0.089227
5.2271709E-07,0.089419
5.2276709E-07,0.089515
5.2281709E-07,0.089515
5.2286709E-07,0.089419
5.2291709E-07,0.089227
5.2296709E-07,0.088843
5.2301709E-07,0.088266
5.2306709E-07,0.087497
5.2311709E-07,0.086440
5.2316709E-07,0.085190
5.2321709E-07,0.083653
5.2326709E-07,0.082019
5.2331709E-07,0.080096
5.2336709E-07,0.078078
5.2341709E-07,0.075867
5.2346709E-07,0.073753
5.2351709E-07,0.071542
5.2356709E-07,0.069332
5.2361709E-07,0.067313
5.2366709E-07,0.065487
5.2371709E-07,0.063757
5.2376709E-07,0.062315
5.2381709E-07,0.061066
5.2386709E-07,0.060105
5.2391709E-07,0.059432
5.2396709E-07,0.058951
5.2401709E-07,0.058663
5.2406709E-07,0.058567
5.2411709E-07,0.058567
5.2416709E-07,0.058759
5.2421709E-07,0.058855
5.2426709E-07,0.059047
5.2431709E-07,0.059047
5.2436709E-07,0.059047
5.2441709E-07,0.058855
5.2446709E-07,0.058471
5.2451709E-07,0.057894
5.2456709E-07,0.057125
5.2461709E-07,0.056164
5.2466709E-07,0.055011
5.2471709E-07,0.053665
5.2476709E-07,0.052223
5.2481709E-07,0.050782
5.2486709E-07,0.049244
5.2491709E-07,0.047706
5.2496709E-07,0.046264
5.2501709E-07,0.044823
5.2506709E-07,0.043573
5.2511709E-07,0.042516
5.2516709E-07,0.041555
5.2521709E-07,0.040786
5.2526709E-07,0.040209
5.2531709E-07,0.039729
5.2536709E-07,0.039440
5.2541709E-07,0.039344
5.2546709E-07,0.039248
5.2551709E-07,0.039152
5.2556709E-07,0.039152
5.2561709E-07,0.039056
5.2566709E-07,0.038864
5.2571709E-07,0.038671
5.2576709E-07,0.038383
5.2581709E-07,0.037999
5.2586709E-07,0.037422
5.2591709E-07,0.036749
5.2596709E-07,0.036076
5.2601709E-07,0.035211
5.2606709E-07,0.034442
5.2611709E-07,0.033577
5.2616709E-07,0.032808
5.2621709E-07,0.032136
5.2626709E-07,0.031559
5.2631709E-07,0.031174
5.2636709E-07,0.030982
5.2641709E-07,0.030982
5.2646709E-07,0.031271
5.2651709E-07,0.031655
5.2656709E-07,0.032424
5.2661709E-07,0.033289
5.2666709E-07,0.034442
5.2671709E-07,0.035692
5.2676709E-07,0.037134
5.2681709E-07,0.038575
5.2686709E-07,0.040113
5.2691709E-07,0.041651
5.2696709E-07,0.043189
5.2701709E-07,0.044630
5.2706709E-07,0.045976
5.2711709E-07,0.047225
5.2716709E-07,0.048379
5.2721709E-07,0.049244
5.2726709E-07,0.050013
5.2731709E-07,0.050686
5.2736709E-07,0.051166
5.2741709E-07,0.051454
5.2746709E-07,0.051743
5.2751709E-07,0.051935
5.2756709E-07,0.052031
5.2761709E-07,0.052127
5.2766709E-07,0.052319
5.2771709E-07,0.052416
5.2776709E-07,0.052608
5.2781709E-07,0.052896
5.2786709E-07,0.053184
5.2791709E-07,0.053569
5.2796709E-07,0.053953
5.2801709E-07,0.054434
5.2806709E-07,0.055011
5.2811709E-07,0.055491
5.2816709E-07,0.056068
5.2821709E-07,0.056645
5.2826709E-07,0.057125
5.2831709E-07,0.057510
5.2836709E-07,0.057798
5.2841709E-07,0.058086
5.2846709E-07,0.058279
5.2851709E-07,0.058375
5.2856709E-07,0.058375
5.2861709E-07,0.058279
5.2866709E-07,0.058182
5.2871709E-07,0.058086
5.2876709E-07,0.057894
5.2881709E-07,0.057894
5.2886709E-07,0.057894
5.2891709E-07,0.057990
5.2896709E-07,0.058182
5.2901709E-07,0.058567
5.2906709E-07,0.059144
5.2911709E-07,0.059912
5.2916709E-07,0.060777
5.2921709E-07,0.061931
5.2926709E-07,0.063276
5.2931709E-07,0.064718
5.2936709E-07,0.066256
5.2941709E-07,0.067890
5.2946709E-07,0.069524
5.2951709E-07,0.071158
5.2956709E-07,0.072696
5.2961709E-07,0.074137
5.2966709E-07,0.075387
5.2971709E-07,0.076444
5.2976709E-07,0.077213
5.2981709E-07,0.077693
5.2986709E-07,0.077790
5.2991709E-07,0.077693
5.2996709E-07,0.077117
5.3001709E-07,0.076252
5.3006709E-07,0.075195
5.3011709E-07,0.073753
5.3016709E-07,0.072119
5.3021709E-07,0.070293
5.3026709E-07,0.068274
5.3031709E-07,0.066256
5.3036709E-07,0.064141
5.3041709E-07,0.062027
5.3046709E-07,0.060009
5.3051709E-07,0.058086
5.3056709E-07,0.056260
5.3061709E-07,0.054626
5.3066709E-07,0.053088
5.3071709E-07,0.051743
5.3076709E-07,0.050493
5.3081709E-07,0.049436
5.3086709E-07,0.048379
5.3091709E-07,0.047514
5.3096709E-07,0.046553
5.3101709E-07,0.045688
5.3106709E-07,0.044823
5.3111709E-07,0.043861
5.3116709E-07,0.042804
5.3121709E-07,0.041747
5.3126709E-07,0.040594
5.3131709E-07,0.039344
5.3136709E-07,0.037999
5.3141709E-07,0.036653
5.3146709E-07,0.035307
5.3151709E-07,0.033962
5.3156709E-07,0.032616
5.3161709E-07,0.031367
5.3166709E-07,0.030309
5.3171709E-07,0.029252
5.3176709E-07,0.028483
5.3181709E-07,0.027907
5.3186709E-07,0.027522
5.3191709E-07,0.027330
5.3196709E-07,0.027330
5.3201709E-07,0.027618
5.3206709E-07,0.028003
5.3211709E-07,0.028579
5.3216709E-07,0.029252
5.3221709E-07,0.030021
5.3226709E-07,0.030886
5.3231709E-07,0.031751
5.3236709E-07,0.032616
5.3241709E-07,0.033385
5.3246709E-07,0.034154
5.3251709E-07,0.034827
5.3256709E-07,0.035500
5.3261709E-07,0.035980
5.3266709E-07,0.036461
5.3271709E-07,0.036845
5.3276709E-07,0.037230
5.3281709E-07,0.037518
5.3286709E-07,0.037806
5.3291709E-07,0.038095
5.3296709E-07,0.038383
5.3301709E-07,0.038767
5.3306709E-07,0.039152
5.3311709E-07,0.039632
5.3316709E-07,0.040209
5.3321709E-07,0.040786
5.3326709E-07,0.041459
5.3331709E-07,0.042035
5.3336709E-07,0.042708
5.3341709E-07,0.043381
5.3346709E-07,0.043958
5.3351709E-07,0.044438
5.3356709E-07,0.044823
5.3361709E-07,0.045111
5.3366709E-07,0.045207
5.3371709E-07,0.045207
5.3376709E-07,0.045015
5.3381709E-07,0.044726
5.3386709E-07,0.044246
5.3391709E-07,0.043669
5.3396709E-07,0.042900
5.3401709E-07,0.042131
5.3406709E-07,0.041266
5.3411709E-07,0.040401
5.3416709E-07,0.039536
5.3421709E-07,0.038671
5.3426709E-07,0.037999
5.3431709E-07,0.037326
5.3436709E-07,0.036749
5.3441709E-07,0.036365
5.3446709E-07,0.036172
5.3451709E-07,0.036076
5.3456709E-07,0.036076
5.3461709E-07,0.036268
5.3466709E-07,0.036557
5.3471709E-07,0.036941
5.3476709E-07,0.037422
5.3481709E-07,0.037902
5.3486709E-07,0.038383
5.3491709E-07,0.038864
5.3496709E-07,0.039344
5.3501709E-07,0.039729
5.3506709E-07,0.040017
5.3511709E-07,0.040305
5.3516709E-07,0.040497
5.3521709E-07,0.040497
5.3526709E-07,0.040594
5.3531709E-07,0.040497
5.3536709E-07,0.040401
5.3541709E-07,0.040305
5.3546709E-07,0.040209
5.3551709E-07,0.040113
5.3556709E-07,0.040017
5.3561709E-07,0.040017
5.3566709E-07,0.040113
5.3571709E-07,0.040305
5.3576709E-07,0.040594
5.3581709E-07,0.041074
5.3586709E-07,0.041555
5.3591709E-07,0.042228
5.3596709E-07,0.042996
5.3601709E-07,0.043765
5.3606709E-07,0.044630
5.3611709E-07,0.045592
5.3616709E-07,0.046553
5.3621709E-07,0.047514
5.3626709E-07,0.048379
5.3631709E-07,0.049244
5.3636709E-07,0.050013
5.3641709E-07,0.050782
5.3646709E-07,0.051262
5.3651709E-07,0.051743
5.3656709E-07,0.052031
5.3661709E-07,0.052319
5.3666709E-07,0.052319
5.3671709E-07,0.052319
5.3676709E-07,0.052223
5.3681709E-07,0.052031
5.3686709E-07,0.051839
5.3691709E-07,0.051551
5.3696709E-07,0.051358
5.3701709E-07,0.051166
5.3706709E-07,0.050974
5.3711709E-07,0.050878
5.3716709E-07,0.050878
5.3721709E-07,0.050974
5.3726709E-07,0.051166
5.3731709E-07,0.051454
5.3736709E-07,0.051839
5.3741709E-07,0.052319
5.3746709E-07,0.052896
5.3751709E-07,0.053473
5.3756709E-07,0.054050
5.3761709E-07,0.054626
5.3766709E-07,0.055203
5.3771709E-07,0.055780
5.3776709E-07,0.056164
5.3781709E-07,0.056548
5.3786709E-07,0.056837
5.3791709E-07,0.057029
5.3796709E-07,0.057029
5.3801709E-07,0.057029
5.3806709E-07,0.056837
5.3811709E-07,0.056645
5.3816709E-07,0.056356
5.3821709E-07,0.056068
5.3826709E-07,0.055683
5.3831709E-07,0.055395
5.3836709E-07,0.055107
5.3841709E-07,0.054818
5.3846709E-07,0.054626
5.3851709E-07,0.054530
5.3856709E-07,0.054530
5.3861709E-07,0.054626
5.3866709E-07,0.054722
5.3871709E-07,0.054915
5.3876709E-07,0.055203
5.3881709E-07,0.055491
5.3886709E-07,0.055780
5.3891709E-07,0.056068
5.3896709E-07,0.056260
5.3901709E-07,0.056452
5.3906709E-07,0.056548
5.3911709E-07,0.056548
5.3916709E-07,0.056452
5.3921709E-07,0.056356
5.3926709E-07,0.056068
5.3931709E-07,0.055876
5.3936709E-07,0.055587
5.3941709E-07,0.055395
5.3946709E-07,0.055203
5.3951709E-07,0.055107
5.3956709E-07,0.055107
5.3961709E-07,0.055299
5.3966709E-07,0.055683
5.3971709E-07,0.056260
5.3976709E-07,0.057029
5.3981709E-07,0.057990
5.3986709E-07,0.059144
5.3991709E-07,0.060489
5.3996709E-07,0.062027
5.4001709E-07,0.063661
5.4006709E-07,0.065391
5.4011709E-07,0.067121
5.4016709E-07,0.068755
5.4021709E-07,0.070389
5.4026709E-07,0.071734
5.4031709E-07,0.072984
5.4036709E-07,0.073945
5.4041709E-07,0.074618
5.4046709E-07,0.075002
5.4051709E-07,0.075002
5.4056709E-07,0.074714
5.4061709E-07,0.074137
5.4066709E-07,0.073176
5.4071709E-07,0.072023
5.4076709E-07,0.070581
5.4081709E-07,0.069043
5.4086709E-07,0.067313
5.4091709E-07,0.065487
5.4096709E-07,0.063661
5.4101709E-07,0.061931
5.4106709E-07,0.060105
5.4111709E-07,0.058471
5.4116709E-07,0.056933
5.4121709E-07,0.055587
5.4126709E-07,0.054338
5.4131709E-07,0.053281
5.4136709E-07,0.052416
5.4141709E-07,0.051647
5.4146709E-07,0.050974
5.4151709E-07,0.050493
5.4156709E-07,0.050013
5.4161709E-07,0.049628
5.4166709E-07,0.049244
5.4171709E-07,0.048859
5.4176709E-07,0.048475
5.4181709E-07,0.048090
5.4186709E-07,0.047706
5.4191709E-07,0.047225
5.4196709E-07,0.046745
5.4201709E-07,0.046264
5.4206709E-07,0.045688
5.4211709E-07,0.045207
5.4216709E-07,0.044726
5.4221709E-07,0.044246
5.4226709E-07,0.043861
5.4231709E-07,0.043477
5.4236709E-07,0.043189
5.4241709E-07,0.042996
5.4246709E-07,0.042900
5.4251709E-07,0.042804
5.4256709E-07,0.042804
5.4261709E-07,0.042804
5.4266709E-07,0.042900
5.4271709E-07,0.042996
5.4276709E-07,0.043093
5.4281709E-07,0.043093
5.4286709E-07,0.043093
5.4291709E-07,0.042996
5.4296709E-07,0.042900
5.4301709E-07,0.042612
5.4306709E-07,0.042324
5.4311709E-07,0.041843
5.4316709E-07,0.041266
5.4321709E-07,0.040594
5.4326709E-07,0.039825
5.4331709E-07,0.038960
5.4336709E-07,0.038095
5.4341709E-07,0.037134
5.4346709E-07,0.036172
5.4351709E-07,0.035307
5.4356709E-07,0.034346
5.4361709E-07,0.033577
5.4366709E-07,0.032808
5.4371709E-07,0.032232
5.4376709E-07,0.031751
5.4381709E-07,0.031367
5.4386709E-07,0.031174
5.4391709E-07,0.031078
5.4396709E-07,0.031174
5.4401709E-07,0.031367
5.4406709E-07,0.031751
5.4411709E-07,0.032232
5.4416709E-07,0.032905
5.4421709E-07,0.033577
5.4426709E-07,0.034346
5.4431709E-07,0.035115
5.4436709E-07,0.035980
5.4441709E-07,0.036845
5.4446709E-07,0.037710
5.4451709E-07,0.038479
5.4456709E-07,0.039344
5.4461709E-07,0.040113
5.4466709E-07,0.040786
5.4471709E-07,0.041555
5.4476709E-07,0.042228
5.4481709E-07,0.042804
5.4486709E-07,0.043381
5.4491709E-07,0.043958
5.4496709E-07,0.044534
5.4501709E-07,0.045015
5.4506709E-07,0.045592
5.4511709E-07,0.046072
5.4516709E-07,0.046553
5.4521709E-07,0.047033
5.4526709E-07,0.047514
5.4531709E-07,0.047994
5.4536709E-07,0.048379
5.4541709E-07,0.048667
5.4546709E-07,0.048955
5.4551709E-07,0.049148
5.4556709E-07,0.049244
5.4561709E-07,0.049244
5.4566709E-07,0.049148
5.4571709E-07,0.048859
5.4576709E-07,0.048379
5.4581709E-07,0.047802
5.4586709E-07,0.047129
5.4591709E-07,0.046264
5.4596709E-07,0.045303
5.4601709E-07,0.044246
5.4606709E-07,0.043093
5.4611709E-07,0.041843
5.4616709E-07,0.040594
5.4621709E-07,0.039440
5.4626709E-07,0.038287
5.4631709E-07,0.037134
5.4636709E-07,0.036172
5.4641709E-07,0.035307
5.4646709E-07,0.034635
5.4651709E-07,0.034058
5.4656709E-07,0.033770
5.4661709E-07,0.033577
5.4666709E-07,0.033481
5.4671709E-07,0.033577
5.4676709E-07,0.033866
5.4681709E-07,0.034250
5.4686709E-07,0.034635
5.4691709E-07,0.035115
5.4696709E-07,0.035692
5.4701709E-07,0.036172
5.4706709E-07,0.036653
5.4711709E-07,0.037134
5.4716709E-07,0.037422
5.4721709E-07,0.037710
5.4726709E-07,0.037902
5.4731709E-07,0.038095
5.4736709E-07,0.038095
5.4741709E-07,0.037999
5.4746709E-07,0.037902
5.4751709E-07,0.037806
5.4756709E-07,0.037614
5.4761709E-07,0.037422
5.4766709E-07,0.037326
5.4771709E-07,0.037134
5.4776709E-07,0.037037
5.4781709E-07,0.036941
5.4786709E-07,0.036941
5.4791709E-07,0.037037
5.4796709E-07,0.037037
5.4801709E-07,0.037134
5.4806709E-07,0.037230
5.4811709E-07,0.037326
5.4816709E-07,0.037326
5.4821709E-07,0.037326
5.4826709E-07,0.037230
5.4831709E-07,0.037037
5.4836709E-07,0.036749
5.4841709E-07,0.036365
5.4846709E-07,0.035884
5.4851709E-07,0.035307
5.4856709E-07,0.034538
5.4861709E-07,0.033770
5.4866709E-07,0.032905
5.4871709E-07,0.032039
5.4876709E-07,0.031174
5.4881709E-07,0.030406
5.4886709E-07,0.029541
5.4891709E-07,0.028868
5.4896709E-07,0.028195
5.4901709E-07,0.027714
5.4906709E-07,0.027426
5.4911709E-07,0.027138
5.4916709E-07,0.027042
5.4921709E-07,0.027042
5.4926709E-07,0.027234
5.4931709E-07,0.027426
5.4936709E-07,0.027618
5.4941709E-07,0.028003
5.4946709E-07,0.028291
5.4951709E-07,0.028579
5.4956709E-07,0.028772
5.4961709E-07,0.028868
5.4966709E-07,0.028964
5.4971709E-07,0.028868
5.4976709E-07,0.028772
5.4981709E-07,0.028483
5.4986709E-07,0.028099
5.4991709E-07,0.027618
5.4996709E-07,0.027138
5.5001709E-07,0.026561
5.5006709E-07,0.025888
5.5011709E-07,0.025215
5.5016709E-07,0.024639
5.5021709E-07,0.024062
5.5026709E-07,0.023581
5.5031709E-07,0.023101
5.5036709E-07,0.022716
5.5041709E-07,0.022428
5.5046709E-07,0.022236
5.5051709E-07,0.022140
5.5056709E-07,0.022140
5.5061709E-07,0.022140
5.5066709E-07,0.022236
5.5071709E-07,0.022332
5.5076709E-07,0.022524
5.5081709E-07,0.022620
5.5086709E-07,0.022813
5.5091709E-07,0.022909
5.5096709E-07,0.023005
5.5101709E-07,0.023101
5.5106709E-07,0.023101
5.5111709E-07,0.023197
5.5116709E-07,0.023197
5.5121709E-07,0.023293
5.5126709E-07,0.023389
5.5131709E-07,0.023581
5.5136709E-07,0.023774
5.5141709E-07,0.024062
5.5146709E-07,0.024447
5.5151709E-07,0.025023
5.5156709E-07,0.025600
5.5161709E-07,0.026369
5.5166709E-07,0.027138
5.5171709E-07,0.028099
5.5176709E-07,0.029156
5.5181709E-07,0.030213
5.5186709E-07,0.031367
5.5191709E-07,0.032424
5.5196709E-07,0.033577
5.5201709E-07,0.034635
5.5206709E-07,0.035596
5.5211709E-07,0.036461
5.5216709E-07,0.037230
5.5221709E-07,0.037806
5.5226709E-07,0.038191
5.5231709E-07,0.038383
5.5236709E-07,0.038287
5.5241709E-07,0.038095
5.5246709E-07,0.037614
5.5251709E-07,0.036941
5.5256709E-07,0.036172
5.5261709E-07,0.035115
5.5266709E-07,0.034058
5.5271709E-07,0.032808
5.5276709E-07,0.031559
5.5281709E-07,0.030213
5.5286709E-07,0.028868
5.5291709E-07,0.027618
5.5296709E-07,0.026369
5.5301709E-07,0.025215
5.5306709E-07,0.024158
5.5311709E-07,0.023197
5.5316709E-07,0.022428
5.5321709E-07,0.021755
5.5326709E-07,0.021275
5.5331709E-07,0.020890
5.5336709E-07,0.020698
5.5341709E-07,0.020602
5.5346709E-07,0.020602
5.5351709E-07,0.020698
5.5356709E-07,0.020890
5.5361709E-07,0.021083
5.5366709E-07,0.021371
5.5371709E-07,0.021659
5.5376709E-07,0.021948
5.5381709E-07,0.022236
5.5386709E-07,0.022428
5.5391709E-07,0.022716
5.5396709E-07,0.022909
5.5401709E-07,0.023101
5.5406709E-07,0.023293
5.5411709E-07,0.023581
5.5416709E-07,0.023870
5.5421709E-07,0.024158
5.5426709E-07,0.024447
5.5431709E-07,0.024927
5.5436709E-07,0.025408
5.5441709E-07,0.025984
5.5446709E-07,0.026753
5.5451709E-07,0.027522
5.5456709E-07,0.028291
5.5461709E-07,0.029252
5.5466709E-07,0.030213
5.5471709E-07,0.031271
5.5476709E-07,0.032232
5.5481709E-07,0.033193
5.5486709E-07,0.034154
5.5491709E-07,0.035019
5.5496709E-07,0.035788
5.5501709E-07,0.036365
5.5506709E-07,0.036845
5.5511709E-07,0.037230
5.5516709E-07,0.037422
5.5521709E-07,0.037422
5.5526709E-07,0.037326
5.5531709E-07,0.037037
5.5536709E-07,0.036749
5.5541709E-07,0.036268
5.5546709E-07,0.035692
5.5551709E-07,0.035115
5.5556709E-07,0.034538
5.5561709E-07,0.033962
5.5566709E-07,0.033481
5.5571709E-07,0.033001
5.5576709E-07,0.032616
5.5581709E-07,0.032328
5.5586709E-07,0.032136
5.5591709E-07,0.031943
5.5596709E-07,0.031847
5.5601709E-07,0.031847
5.5606709E-07,0.031847
5.5611709E-07,0.031847
5.5616709E-07,0.031847
5.5621709E-07,0.031847
5.5626709E-07,0.031655
5.5631709E-07,0.031463
5.5636709E-07,0.031174
5.5641709E-07,0.030790
5.5646709E-07,0.030309
5.5651709E-07,0.029733
5.5656709E-07,0.028964
5.5661709E-07,0.028291
5.5666709E-07,0.027426
5.5671709E-07,0.026657
5.5676709E-07,0.025792
5.5681709E-07,0.025023
5.5686709E-07,0.024350
5.5691709E-07,0.023774
5.5696709E-07,0.023293
5.5701709E-07,0.022909
5.5706709E-07,0.022716
5.5711709E-07,0.022716
5.5716709E-07,0.022813
5.5721709E-07,0.023101
5.5726709E-07,0.023485
5.5731709E-07,0.023870
5.5736709E-07,0.024447
5.5741709E-07,0.025023
5.5746709E-07,0.025600
5.5751709E-07,0.026273
5.5756709E-07,0.026753
5.5761709E-07,0.027330
5.5766709E-07,0.027714
5.5771709E-07,0.028099
5.5776709E-07,0.028387
5.5781709E-07,0.028579
5.5786709E-07,0.028676
5.5791709E-07,0.028772
5.5796709E-07,0.028868
5.5801709E-07,0.028868
5.5806709E-07,0.028964
5.5811709E-07,0.029156
5.5816709E-07,0.029348
5.5821709E-07,0.029733
5.5826709E-07,0.030213
5.5831709E-07,0.030790
5.5836709E-07,0.031463
5.5841709E-07,0.032328
5.5846709E-07,0.033289
5.5851709E-07,0.034346
5.5856709E-07,0.035500
5.5861709E-07,0.036749
5.5866709E-07,0.037999
5.5871709E-07,0.039248
5.5876709E-07,0.040401
5.5881709E-07,0.041555
5.5886709E-07,0.042516
5.5891709E-07,0.043381
5.5896709E-07,0.044150
5.5901709E-07,0.044726
5.5906709E-07,0.045111
5.5911709E-07,0.045399
5.5916709E-07,0.045495
5.5921709E-07,0.045399
5.5926709E-07,0.045303
5.5931709E-07,0.045015
5.5936709E-07,0.044630
5.5941709E-07,0.044150
5.5946709E-07,0.043669
5.5951709E-07,0.043189
5.5956709E-07,0.042708
5.5961709E-07,0.042228
5.5966709E-07,0.041747
5.5971709E-07,0.041363
5.5976709E-07,0.041074
5.5981709E-07,0.040690
5.5986709E-07,0.040497
5.5991709E-07,0.040209
5.5996709E-07,0.039921
5.6001709E-07,0.039632
5.6006709E-07,0.039344
5.6011709E-07,0.039056
5.6016709E-07,0.038671
5.6021709E-07,0.038191
5.6026709E-07,0.037614
5.6031709E-07,0.037037
5.6036709E-07,0.036268
5.6041709E-07,0.035500
5.6046709E-07,0.034538
5.6051709E-07,0.033577
5.6056709E-07,0.032520
5.6061709E-07,0.031463
5.6066709E-07,0.030309
5.6071709E-07,0.029156
5.6076709E-07,0.028099
5.6081709E-07,0.026945
5.6086709E-07,0.025888
5.6091709E-07,0.024927
5.6096709E-07,0.023966
5.6101709E-07,0.023101
5.6106709E-07,0.022332
5.6111709E-07,0.021659
5.6116709E-07,0.021083
5.6121709E-07,0.020506
5.6126709E-07,0.020025
5.6131709E-07,0.019641
5.6136709E-07,0.019352
5.6141709E-07,0.019064
5.6146709E-07,0.018776
5.6151709E-07,0.018487
5.6156709E-07,0.018295
5.6161709E-07,0.018007
5.6166709E-07,0.017719
5.6171709E-07,0.017430
5.6176709E-07,0.017142
5.6181709E-07,0.016854
5.6186709E-07,0.016565
5.6191709E-07,0.016181
5.6196709E-07,0.015892
5.6201709E-07,0.015508
5.6206709E-07,0.015220
5.6211709E-07,0.015027
5.6216709E-07,0.014835
5.6221709E-07,0.014643
5.6226709E-07,0.014643
5.6231709E-07,0.014643
5.6236709E-07,0.014739
5.6241709E-07,0.014931
5.6246709E-07,0.015220
5.6251709E-07,0.015700
5.6256709E-07,0.016181
5.6261709E-07,0.016757
5.6266709E-07,0.017334
5.6271709E-07,0.018007
5.6276709E-07,0.018776
5.6281709E-07,0.019449
5.6286709E-07,0.020121
5.6291709E-07,0.020794
5.6296709E-07,0.021467
5.6301709E-07,0.022044
5.6306709E-07,0.022620
5.6311709E-07,0.023005
5.6316709E-07,0.023389
5.6321709E-07,0.023774
5.6326709E-07,0.023966
5.6331709E-07,0.024158
5.6336709E-07,0.024350
5.6341709E-07,0.024447
5.6346709E-07,0.024543
5.6351709E-07,0.024735
5.6356709E-07,0.024927
5.6361709E-07,0.025119
5.6366709E-07,0.025408
5.6371709E-07,0.025696
5.6376709E-07,0.026080
5.6381709E-07,0.026561
5.6386709E-07,0.027138
5.6391709E-07,0.027714
5.6396709E-07,0.028291
5.6401709E-07,0.028964
5.6406709E-07,0.029541
5.6411709E-07,0.030117
5.6416709E-07,0.030694
5.6421709E-07,0.031174
5.6426709E-07,0.031559
5.6431709E-07,0.031847
5.6436709E-07,0.032039
5.6441709E-07,0.032136
5.6446709E-07,0.032136
5.6451709E-07,0.032039
5.6456709E-07,0.031847
5.6461709E-07,0.031655
5.6466709E-07,0.031463
5.6471709E-07,0.031174
5.6476709E-07,0.031078
5.6481709E-07,0.030886
5.6486709E-07,0.030886
5.6491709E-07,0.030982
5.6496709E-07,0.031271
5.6501709E-07,0.031559
5.6506709E-07,0.032039
5.6511709E-07,0.032712
5.6516709E-07,0.033481
5.6521709E-07,0.034250
5.6526709E-07,0.035115
5.6531709E-07,0.036076
5.6536709E-07,0.036941
5.6541709E-07,0.037806
5.6546709E-07,0.038575
5.6551709E-07,0.039248
5.6556709E-07,0.039729
5.6561709E-07,0.040113
5.6566709E-07,0.040305
5.6571709E-07,0.040209
5.6576709E-07,0.040017
5.6581709E-07,0.039632
5.6586709E-07,0.039056
5.6591709E-07,0.038287
5.6596709E-07,0.037422
5.6601709E-07,0.036557
5.6606709E-07,0.035596
5.6611709E-07,0.034635
5.6616709E-07,0.033673
5.6621709E-07,0.032808
5.6626709E-07,0.032039
5.6631709E-07,0.031463
5.6636709E-07,0.030886
5.6641709E-07,0.030598
5.6646709E-07,0.030406
5.6651709E-07,0.030309
5.6656709E-07,0.030406
5.6661709E-07,0.030598
5.6666709E-07,0.030886
5.6671709E-07,0.031174
5.6676709E-07,0.031655
5.6681709E-07,0.032039
5.6686709E-07,0.032520
5.6691709E-07,0.033001
5.6696709E-07,0.033481
5.6701709E-07,0.033866
5.6706709E-07,0.034250
5.6711709E-07,0.034635
5.6716709E-07,0.035019
5.6721709E-07,0.035403
5.6726709E-07,0.035788
5.6731709E-07,0.036172
5.6736709E-07,0.036653
5.6741709E-07,0.037230
5.6746709E-07,0.037806
5.6751709E-07,0.038479
5.6756709E-07,0.039344
5.6761709E-07,0.040305
5.6766709E-07,0.041266
5.6771709E-07,0.042420
5.6776709E-07,0.043669
5.6781709E-07,0.044919
5.6786709E-07,0.046168
5.6791709E-07,0.047514
5.6796709E-07,0.048763
5.6801709E-07,0.050013
5.6806709E-07,0.051070
5.6811709E-07,0.052127
5.6816709E-07,0.052896
5.6821709E-07,0.053569
5.6826709E-07,0.053953
5.6831709E-07,0.054242
5.6836709E-07,0.054242
5.6841709E-07,0.053953
5.6846709E-07,0.053473
5.6851709E-07,0.052800
5.6856709E-07,0.051839
5.6861709E-07,0.050782
5.6866709E-07,0.049532
5.6871709E-07,0.048187
5.6876709E-07,0.046745
5.6881709E-07,0.045207
5.6886709E-07,0.043573
5.6891709E-07,0.041939
5.6896709E-07,0.040401
5.6901709E-07,0.038767
5.6906709E-07,0.037230
5.6911709E-07,0.035692
5.6916709E-07,0.034154
5.6921709E-07,0.032712
5.6926709E-07,0.031367
5.6931709E-07,0.029925
5.6936709E-07,0.028579
5.6941709E-07,0.027234
5.6946709E-07,0.025888
5.6951709E-07,0.024543
5.6956709E-07,0.023197
5.6961709E-07,0.021755
5.6966709E-07,0.020314
5.6971709E-07,0.018872
5.6976709E-07,0.017334
5.6981709E-07,0.015796
5.6986709E-07,0.014162
5.6991709E-07,0.012625
5.6996709E-07,0.011087
5.7001709E-07,0.009549
5.7006709E-07,0.008011
5.7011709E-07,0.006665
5.7016709E-07,0.005320
5.7021709E-07,0.004167
5.7026709E-07,0.003109
5.7031709E-07,0.002148
5.7036709E-07,0.001475
5.7041709E-07,0.000899
5.7046709E-07,0.000514
5.7051709E-07,0.000322
5.7056709E-07,0.000226
5.7061709E-07,0.000322
5.7066709E-07,0.000514
5.7071709E-07,0.000899
5.7076709E-07,0.001283
5.7081709E-07,0.001860
5.7086709E-07,0.002340
5.7091709E-07,0.002917
5.7096709E-07,0.003494
5.7101709E-07,0.004070
5.7106709E-07,0.004647
5.7111709E-07,0.005128
5.7116709E-07,0.005512
5.7121709E-07,0.005993
5.7126709E-07,0.006281
5.7131709E-07,0.006665
5.7136709E-07,0.006954
5.7141709E-07,0.007242
5.7146709E-07,0.007627
5.7151709E-07,0.008011
5.7156709E-07,0.008396
5.7161709E-07,0.008876
5.7166709E-07,0.009453
5.7171709E-07,0.010126
5.7176709E-07,0.010798
5.7181709E-07,0.011663
5.7186709E-07,0.012528
5.7191709E-07,0.013490
5.7196709E-07,0.014451
5.7201709E-07,0.015508
5.7206709E-07,0.016469
5.7211709E-07,0.017430
5.7216709E-07,0.018391
5.7221709E-07,0.019256
5.7226709E-07,0.020025
5.7231709E-07,0.020794
5.7236709E-07,0.021371
5.7241709E-07,0.021851
5.7246709E-07,0.022236
5.7251709E-07,0.022524
5.7256709E-07,0.022716
5.7261709E-07,0.023005
5.7266709E-07,0.023197
5.7271709E-07,0.023389
5.7276709E-07,0.023581
5.7281709E-07,0.023966
5.7286709E-07,0.024350
5.7291709E-07,0.024927
5.7296709E-07,0.025600
5.7301709E-07,0.026465
5.7306709E-07,0.027426
5.7311709E-07,0.028483
5.7316709E-07,0.029733
5.7321709E-07,0.031078
5.7326709E-07,0.032424
5.7331709E-07,0.033866
5.7336709E-07,0.035307
5.7341709E-07,0.036749
5.7346709E-07,0.037999
5.7351709E-07,0.039248
5.7356709E-07,0.040305
5.7361709E-07,0.041170
5.7366709E-07,0.041939
5.7371709E-07,0.042516
5.7376709E-07,0.042804
5.7381709E-07,0.042996
5.7386709E-07,0.042996
5.7391709E-07,0.042804
5.7396709E-07,0.042420
5.7401709E-07,0.042035
5.7406709E-07,0.041459
5.7411709E-07,0.040882
5.7416709E-07,0.040305
5.7421709E-07,0.039632
5.7426709E-07,0.039056
5.7431709E-07,0.038479
5.7436709E-07,0.037902
5.7441709E-07,0.037422
5.7446709E-07,0.036941
5.7451709E-07,0.036557
5.7456709E-07,0.036076
5.7461709E-07,0.035596
5.7466709E-07,0.035211
5.7471709E-07,0.034635
5.7476709E-07,0.034154
5.7481709E-07,0.033481
5.7486709E-07,0.032808
5.7491709E-07,0.032039
5.7496709E-07,0.031078
5.7501709E-07,0.030117
5.7506709E-07,0.029060
5.7511709E-07,0.028003
5.7516709E-07,0.026849
5.7521709E-07,0.025696
5.7526709E-07,0.024447
5.7531709E-07,0.023293
5.7536709E-07,0.022140
5.7541709E-07,0.020986
5.7546709E-07,0.020025
5.7551709E-07,0.019064
5.7556709E-07,0.018199
5.7561709E-07,0.017430
5.7566709E-07,0.016757
5.7571709E-07,0.016181
5.7576709E-07,0.015604
5.7581709E-07,0.015220
5.7586709E-07,0.014739
5.7591709E-07,0.014355
5.7596709E-07,0.014066
5.7601709E-07,0.013682
5.7606709E-07,0.013297
5.7611709E-07,0.012817
5.7616709E-07,0.012432
5.7621709E-07,0.011952
5.7626709E-07,0.011471
5.7631709E-07,0.010894
5.7636709E-07,0.010318
5.7641709E-07,0.009837
5.7646709E-07,0.009357
5.7651709E-07,0.008876
5.7656709E-07,0.008492
5.7661709E-07,0.008203
5.7666709E-07,0.008011
5.7671709E-07,0.008011
5.7676709E-07,0.008107
5.7681709E-07,0.008396
5.7686709E-07,0.008780
5.7691709E-07,0.009453
5.7696709E-07,0.010222
5.7701709E-07,0.011087
5.7706709E-07,0.012240
5.7711709E-07,0.013393
5.7716709E-07,0.014643
5.7721709E-07,0.015989
5.7726709E-07,0.017430
5.7731709E-07,0.018776
5.7736709E-07,0.020218
5.7741709E-07,0.021467
5.7746709E-07,0.022716
5.7751709E-07,0.023870
5.7756709E-07,0.024927
5.7761709E-07,0.025792
5.7766709E-07,0.026561
5.7771709E-07,0.027138
5.7776709E-07,0.027522
5.7781709E-07,0.027810
5.7786709E-07,0.027907
5.7791709E-07,0.027907
5.7796709E-07,0.027810
5.7801709E-07,0.027618
5.7806709E-07,0.027330
5.7811709E-07,0.027042
5.7816709E-07,0.026657
5.7821709E-07,0.026273
5.7826709E-07,0.025888
5.7831709E-07,0.025504
5.7836709E-07,0.025119
5.7841709E-07,0.024831
5.7846709E-07,0.024447
5.7851709E-07,0.024062
5.7856709E-07,0.023774
5.7861709E-07,0.023389
5.7866709E-07,0.023005
5.7871709E-07,0.022620
5.7876709E-07,0.022140
5.7881709E-07,0.021659
5.7886709E-07,0.021083
5.7891709E-07,0.020410
5.7896709E-07,0.019737
5.7901709E-07,0.019064
5.7906709E-07,0.018199
5.7911709E-07,0.017430
5.7916709E-07,0.016661
5.7921709E-07,0.015796
5.7926709E-07,0.015027
5.7931709E-07,0.014355
5.7936709E-07,0.013778
5.7941709E-07,0.013297
5.7946709E-07,0.012913
5.7951709E-07,0.012817
5.7956709E-07,0.012817
5.7961709E-07,0.012913
5.7966709E-07,0.013297
5.7971709E-07,0.013874
5.7976709E-07,0.014547
5.7981709E-07,0.015412
5.7986709E-07,0.016373
5.7991709E-07,0.017430
5.7996709E-07,0.018487
5.8001709E-07,0.019545
5.8006709E-07,0.020602
5.8011709E-07,0.021563
5.8016709E-07,0.022524
5.8021709E-07,0.023197
5.8026709E-07,0.023774
5.8031709E-07,0.024158
5.8036709E-07,0.024350
5.8041709E-07,0.024350
5.8046709E-07,0.024158
5.8051709E-07,0.023870
5.8056709E-07,0.023389
5.8061709E-07,0.022813
5.8066709E-07,0.022140
5.8071709E-07,0.021371
5.8076709E-07,0.020698
5.8081709E-07,0.020025
5.8086709E-07,0.019352
5.8091709E-07,0.018872
5.8096709E-07,0.018487
5.8101709E-07,0.018199
5.8106709E-07,0.018103
5.8111709E-07,0.018103
5.8116709E-07,0.018295
5.8121709E-07,0.018584
5.8126709E-07,0.018872
5.8131709E-07,0.019256
5.8136709E-07,0.019737
5.8141709E-07,0.020121
5.8146709E-07,0.020410
5.8151709E-07,0.020698
5.8156709E-07,0.020794
5.8161709E-07,0.020794
5.8166709E-07,0.020602
5.8171709E-07,0.020218
5.8176709E-07,0.019737
5.8181709E-07,0.019064
5.8186709E-07,0.018199
5.8191709E-07,0.017334
5.8196709E-07,0.016373
5.8201709E-07,0.015316
5.8206709E-07,0.014258
5.8211709E-07,0.013201
5.8216709E-07,0.012240
5.8221709E-07,0.011375
5.8226709E-07,0.010702
5.8231709E-07,0.010126
5.8236709E-07,0.009645
5.8241709E-07,0.009357
5.8246709E-07,0.009261
5.8251709E-07,0.009261
5.8256709E-07,0.009453
5.8261709E-07,0.009645
5.8266709E-07,0.010029
5.8271709E-07,0.010318
5.8276709E-07,0.010702
5.8281709E-07,0.011087
5.8286709E-07,0.011375
5.8291709E-07,0.011567
5.8296709E-07,0.011760
5.8301709E-07,0.011856
5.8306709E-07,0.011760
5.8311709E-07,0.011663
5.8316709E-07,0.011375
5.8321709E-07,0.011183
5.8326709E-07,0.010798
5.8331709E-07,0.010414
5.8336709E-07,0.010126
5.8341709E-07,0.009741
5.8346709E-07,0.009453
5.8351709E-07,0.009261
5.8356709E-07,0.009164
5.8361709E-07,0.009068
5.8366709E-07,0.009164
5.8371709E-07,0.009261
5.8376709E-07,0.009453
5.8381709E-07,0.009741
5.8386709E-07,0.010029
5.8391709E-07,0.010414
5.8396709E-07,0.010702
5.8401709E-07,0.010991
5.8406709E-07,0.011279
5.8411709E-07,0.011375
5.8416709E-07,0.011471
5.8421709E-07,0.011375
5.8426709E-07,0.011183
5.8431709E-07,0.010894
5.8436709E-07,0.010414
5.8441709E-07,0.009837
5.8446709E-07,0.009164
5.8451709E-07,0.008396
5.8456709E-07,0.007627
5.8461709E-07,0.006762
5.8466709E-07,0.005897
5.8471709E-07,0.005032
5.8476709E-07,0.004167
5.8481709E-07,0.003494
5.8486709E-07,0.002821
5.8491709E-07,0.002244
5.8496709E-07,0.001860
5.8501709E-07,0.001475
5.8506709E-07,0.001283
5.8511709E-07,0.001187
5.8516709E-07,0.001187
5.8521709E-07,0.001283
5.8526709E-07,0.001475
5.8531709E-07,0.001668
5.8536709E-07,0.001860
5.8541709E-07,0.002148
5.8546709E-07,0.002340
5.8551709E-07,0.002629
5.8556709E-07,0.002821
5.8561709E-07,0.003013
5.8566709E-07,0.003109
5.8571709E-07,0.003205
5.8576709E-07,0.003302
5.8581709E-07,0.003398
5.8586709E-07,0.003494
5.8591709E-07,0.003590
5.8596709E-07,0.003686
5.8601709E-07,0.003878
5.8606709E-07,0.004167
5.8611709E-07,0.004551
5.8616709E-07,0.004935
5.8621709E-07,0.005512
5.8626709E-07,0.006089
5.8631709E-07,0.006858
5.8636709E-07,0.007627
5.8641709E-07,0.008588
5.8646709E-07,0.009549
5.8651709E-07,0.010510
5.8656709E-07,0.011567
5.8661709E-07,0.012528
5.8666709E-07,0.013586
5.8671709E-07,0.014451
5.8676709E-07,0.015316
5.8681709E-07,0.016085
5.8686709E-07,0.016757
5.8691709E-07,0.017238
5.8696709E-07,0.017622
5.8701709E-07,0.017911
5.8706709E-07,0.018103
5.8711709E-07,0.018199
5.8716709E-07,0.018199
5.8721709E-07,0.018199
5.8726709E-07,0.018103
5.8731709E-07,0.018103
5.8736709E-07,0.018103
5.8741709E-07,0.018199
5.8746709E-07,0.018391
5.8751709E-07,0.018776
5.8756709E-07,0.019352
5.8761709E-07,0.020025
5.8766709E-07,0.020986
5.8771709E-07,0.022044
5.8776709E-07,0.023389
5.8781709E-07,0.024831
5.8786709E-07,0.026369
5.8791709E-07,0.028099
5.8796709E-07,0.029925
5.8801709E-07,0.031655
5.8806709E-07,0.033481
5.8811709E-07,0.035211
5.8816709E-07,0.036845
5.8821709E-07,0.038383
5.8826709E-07,0.039729
5.8831709E-07,0.040882
5.8836709E-07,0.041747
5.8841709E-07,0.042420
5.8846709E-07,0.042900
5.8851709E-07,0.043093
5.8856709E-07,0.043189
5.8861709E-07,0.042996
5.8866709E-07,0.042612
5.8871709E-07,0.042131
5.8876709E-07,0.041555
5.8881709E-07,0.040882
5.8886709E-07,0.040209
5.8891709E-07,0.039536
5.8896709E-07,0.038864
5.8901709E-07,0.038191
5.8906709E-07,0.037614
5.8911709E-07,0.037037
5.8916709E-07,0.036461
5.8921709E-07,0.035980
5.8926709E-07,0.035500
5.8931709E-07,0.035019
5.8936709E-07,0.034442
5.8941709E-07,0.033866
5.8946709E-07,0.033193
5.8951709E-07,0.032424
5.8956709E-07,0.031559
5.8961709E-07,0.030598
5.8966709E-07,0.029541
5.8971709E-07,0.028291
5.8976709E-07,0.026945
5.8981709E-07,0.025600
5.8986709E-07,0.024158
5.8991709E-07,0.022620
5.8996709E-07,0.021179
5.9001709E-07,0.019737
5.9006709E-07,0.018487
5.9011709E-07,0.017238
5.9016709E-07,0.016181
5.9021709E-07,0.015220
5.9026709E-07,0.014547
5.9031709E-07,0.013970
5.9036709E-07,0.013586
5.9041709E-07,0.013393
5.9046709E-07,0.013297
5.9051709E-07,0.013393
5.9056709E-07,0.013586
5.9061709E-07,0.013778
5.9066709E-07,0.013970
5.9071709E-07,0.014162
5.9076709E-07,0.014258
5.9081709E-07,0.014258
5.9086709E-07,0.014162
5.9091709E-07,0.013874
5.9096709E-07,0.013490
5.9101709E-07,0.012913
5.9106709E-07,0.012240
5.9111709E-07,0.011471
5.9116709E-07,0.010702
5.9121709E-07,0.009837
5.9126709E-07,0.008972
5.9131709E-07,0.008203
5.9136709E-07,0.007531
5.9141709E-07,0.006954
5.9146709E-07,0.006665
5.9151709E-07,0.006569
5.9156709E-07,0.006665
5.9161709E-07,0.007146
5.9166709E-07,0.007915
5.9171709E-07,0.008876
5.9176709E-07,0.010126
5.9181709E-07,0.011663
5.9186709E-07,0.013393
5.9191709E-07,0.015316
5.9196709E-07,0.017334
5.9201709E-07,0.019449
5.9206709E-07,0.021563
5.9211709E-07,0.023678
5.9216709E-07,0.025696
5.9221709E-07,0.027618
5.9226709E-07,0.029444
5.9231709E-07,0.031078
5.9236709E-07,0.032520
5.9241709E-07,0.033770
5.9246709E-07,0.034827
5.9251709E-07,0.035788
5.9256709E-07,0.036557
5.9261709E-07,0.037134
5.9266709E-07,0.037710
5.9271709E-07,0.038095
5.9276709E-07,0.038383
5.9281709E-07,0.038671
5.9286709E-07,0.038960
5.9291709E-07,0.039248
5.9296709E-07,0.039440
5.9301709E-07,0.039632
5.9306709E-07,0.039729
5.9311709E-07,0.039921
5.9316709E-07,0.039921
5.9321709E-07,0.039921
5.9326709E-07,0.039825
5.9331709E-07,0.039536
5.9336709E-07,0.039056
5.9341709E-07,0.038479
5.9346709E-07,0.037614
5.9351709E-07,0.036557
5.9356709E-07,0.035307
5.9361709E-07,0.033866
5.9366709E-07,0.032136
5.9371709E-07,0.030213
5.9376709E-07,0.028195
5.9381709E-07,0.025984
5.9386709E-07,0.023678
5.9391709E-07,0.021371
5.9396709E-07,0.019064
5.9401709E-07,0.016854
5.9406709E-07,0.014643
5.9411709E-07,0.012625
5.9416709E-07,0.010798
5.9421709E-07,0.009164
5.9426709E-07,0.007723
5.9431709E-07,0.006665
5.9436709E-07,0.005800
5.9441709E-07,0.005128
5.9446709E-07,0.004839
5.9451709E-07,0.004743
5.9456709E-07,0.004839
5.9461709E-07,0.005128
5.9466709E-07,0.005512
5.9471709E-07,0.005993
5.9476709E-07,0.006473
5.9481709E-07,0.006954
5.9486709E-07,0.007434
5.9491709E-07,0.007915
5.9496709E-07,0.008107
5.9501709E-07,0.008299
5.9506709E-07,0.008299
5.9511709E-07,0.008107
5.9516709E-07,0.007819
5.9521709E-07,0.007434
5.9526709E-07,0.006858
5.9531709E-07,0.006089
5.9536709E-07,0.005416
5.9541709E-07,0.004551
5.9546709E-07,0.003782
5.9551709E-07,0.003013
5.9556709E-07,0.002244
5.9561709E-07,0.001668
5.9566709E-07,0.001091
5.9571709E-07,0.000610
5.9576709E-07,0.000226
5.9581709E-07,0.000034
5.9586709E-07,-0.000062
5.9591709E-07,-0.000159
5.9596709E-07,-0.000062
5.9601709E-07,-0.000062
5.9606709E-07,0.000130
5.9611709E-07,0.000226
5.9616709E-07,0.000226
5.9621709E-07,0.000322
5.9626709E-07,0.000226
5.9631709E-07,0.000130
5.9636709E-07,-0.000062
5.9641709E-07,-0.000351
5.9646709E-07,-0.000639
5.9651709E-07,-0.001024
5.9656709E-07,-0.001408
5.9661709E-07,-0.001793
5.9666709E-07,-0.002081
5.9671709E-07,-0.002369
5.9676709E-07,-0.002465
5.9681709E-07,-0.002465
5.9686709E-07,-0.002369
5.9691709E-07,-0.001985
5.9696709E-07,-0.001408
5.9701709E-07,-0.000639
5.9706709E-07,0.000226
5.9711709E-07,0.001379
5.9716709E-07,0.002725
5.9721709E-07,0.004070
5.9726709E-07,0.005608
5.9731709E-07,0.007050
5.9736709E-07,0.008588
5.9741709E-07,0.010029
5.9746709E-07,0.011375
5.9751709E-07,0.012625
5.9756709E-07,0.013586
5.9761709E-07,0.014451
5.9766709E-07,0.015027
5.9771709E-07,0.015316
5.9776709E-07,0.015412
5.9781709E-07,0.015316
5.9786709E-07,0.015027
5.9791709E-07,0.014547
5.9796709E-07,0.013970
5.9801709E-07,0.013297
5.9806709E-07,0.012625
5.9811709E-07,0.011952
5.9816709E-07,0.011375
5.9821709E-07,0.010894
5.9826709E-07,0.010510
5.9831709E-07,0.010414
5.9836709E-07,0.010414
5.9841709E-07,0.010702
5.9846709E-07,0.011087
5.9851709E-07,0.011760
5.9856709E-07,0.012625
5.9861709E-07,0.013586
5.9866709E-07,0.014739
5.9871709E-07,0.015892
5.9876709E-07,0.017142
5.9881709E-07,0.018295
5.9886709E-07,0.019545
5.9891709E-07,0.020602
5.9896709E-07,0.021563
5.9901709E-07,0.022428
5.9906709E-07,0.023197
5.9911709E-07,0.023774
5.9916709E-07,0.024254
5.9921709E-07,0.024543
5.9926709E-07,0.024735
5.9931709E-07,0.024831
5.9936709E-07,0.024927
5.9941709E-07,0.024927
5.9946709E-07,0.024927
5.9951709E-07,0.024927
5.9956709E-07,0.025023
5.9961709E-07,0.025215
5.9966709E-07,0.025504
5.9971709E-07,0.025792
5.9976709E-07,0.026273
5.9981709E-07,0.026849
5.9986709E-07,0.027426
5.9991709E-07,0.028099
5.9996709E-07,0.028868
6.0001709E-07,0.029541
6.0006709E-07,0.030309
6.0011709E-07,0.030982
6.0016709E-07,0.031463
6.0021709E-07,0.031943
6.0026709E-07,0.032232
6.0031709E-07,0.032328
6.0036709E-07,0.032328
6.0041709E-07,0.032136
6.0046709E-07,0.031655
6.0051709E-07,0.031078
6.0056709E-07,0.030309
6.0061709E-07,0.029444
6.0066709E-07,0.028387
6.0071709E-07,0.027234
6.0076709E-07,0.025984
6.0081709E-07,0.024639
6.0086709E-07,0.023293
6.0091709E-07,0.021948
6.0096709E-07,0.020602
6.0101709E-07,0.019352
6.0106709E-07,0.018103
6.0111709E-07,0.016854
6.0116709E-07,0.015700
6.0121709E-07,0.014547
6.0126709E-07,0.013490
6.0131709E-07,0.012432
6.0136709E-07,0.011471
6.0141709E-07,0.010510
6.0146709E-07,0.009549
6.0151709E-07,0.008588
6.0156709E-07,0.007723
6.0161709E-07,0.006762
6.0166709E-07,0.005800
6.0171709E-07,0.004839
6.0176709E-07,0.003878
6.0181709E-07,0.003013
6.0186709E-07,0.002148
6.0191709E-07,0.001283
6.0196709E-07,0.000514
6.0201709E-07,-0.000159
6.0206709E-07,-0.000735
6.0211709E-07,-0.001312
6.0216709E-07,-0.001696
6.0221709E-07,-0.001889
6.0226709E-07,-0.001985
6.0231709E-07,-0.001985
6.0236709E-07,-0.001889
6.0241709E-07,-0.001600
6.0246709E-07,-0.001216
6.0251709E-07,-0.000831
6.0256709E-07,-0.000255
6.0261709E-07,0.000322
6.0266709E-07,0.000899
6.0271709E-07,0.001475
6.0276709E-07,0.002052
6.0281709E-07,0.002629
6.0286709E-07,0.003109
6.0291709E-07,0.003494
6.0296709E-07,0.003878
6.0301709E-07,0.004167
6.0306709E-07,0.004455
6.0311709E-07,0.004551
6.0316709E-07,0.004743
6.0321709E-07,0.004839
6.0326709E-07,0.004935
6.0331709E-07,0.005032
6.0336709E-07,0.005224
6.0341709E-07,0.005512
6.0346709E-07,0.005800
6.0351709E-07,0.006281
6.0356709E-07,0.006858
6.0361709E-07,0.007531
6.0366709E-07,0.008396
6.0371709E-07,0.009357
6.0376709E-07,0.010414
6.0381709E-07,0.011567
6.0386709E-07,0.012817
6.0391709E-07,0.014162
6.0396709E-07,0.015412
6.0401709E-07,0.016661
6.0406709E-07,0.017911
6.0411709E-07,0.018968
6.0416709E-07,0.019929
6.0421709E-07,0.020698
6.0426709E-07,0.021371
6.0431709E-07,0.021755
6.0436709E-07,0.022044
6.0441709E-07,0.022044
6.0446709E-07,0.021851
6.0451709E-07,0.021467
6.0456709E-07,0.020890
6.0461709E-07,0.020218
6.0466709E-07,0.019449
6.0471709E-07,0.018584
6.0476709E-07,0.017622
6.0481709E-07,0.016661
6.0486709E-07,0.015796
6.0491709E-07,0.014835
6.0496709E-07,0.013970
6.0501709E-07,0.013201
6.0506709E-07,0.012528
6.0511709E-07,0.011952
6.0516709E-07,0.011375
6.0521709E-07,0.010894
6.0526709E-07,0.010414
6.0531709E-07,0.009933
6.0536709E-07,0.009453
6.0541709E-07,0.008972
6.0546709E-07,0.008396
6.0551709E-07,0.007723
6.0556709E-07,0.006954
6.0561709E-07,0.006089
6.0566709E-07,0.005032
6.0571709E-07,0.003974
6.0576709E-07,0.002821
6.0581709E-07,0.001475
6.0586709E-07,0.000226
6.0591709E-07,-0.001120
6.0596709E-07,-0.002369
6.0601709E-07,-0.003619
6.0606709E-07,-0.004772
6.0611709E-07,-0.005733
6.0616709E-07,-0.006502
6.0621709E-07,-0.007079
6.0626709E-07,-0.007463
6.0631709E-07,-0.007559
6.0636709E-07,-0.007463
6.0641709E-07,-0.007175
6.0646709E-07,-0.006694
6.0651709E-07,-0.006022
6.0656709E-07,-0.005253
6.0661709E-07,-0.004388
6.0666709E-07,-0.003523
6.0671709E-07,-0.002754
6.0676709E-07,-0.001985
6.0681709E-07,-0.001408
6.0686709E-07,-0.000927
6.0691709E-07,-0.000735
6.0696709E-07,-0.000735
6.0701709E-07,-0.000927
6.0706709E-07,-0.001408
6.0711709E-07,-0.002081
6.0716709E-07,-0.002850
6.0721709E-07,-0.003907
6.0726709E-07,-0.004964
6.0731709E-07,-0.006118
6.0736709E-07,-0.007271
6.0741709E-07,-0.008328
6.0746709E-07,-0.009289
6.0751709E-07,-0.010154
6.0756709E-07,-0.010731
6.0761709E-07,-0.011019
6.0766709E-07,-0.011116
6.0771709E-07,-0.010923
6.0776709E-07,-0.010347
6.0781709E-07,-0.009578
6.0786709E-07,-0.008520
6.0791709E-07,-0.007175
6.0796709E-07,-0.005733
6.0801709E-07,-0.004003
6.0806709E-07,-0.002273
6.0811709E-07,-0.000447
6.0816709E-07,0.001475
6.0821709E-07,0.003398
6.0826709E-07,0.005224
6.0831709E-07,0.006954
6.0836709E-07,0.008684
6.0841709E-07,0.010222
6.0846709E-07,0.011663
6.0851709E-07,0.013105
6.0856709E-07,0.014355
6.0861709E-07,0.015604
6.0866709E-07,0.016757
6.0871709E-07,0.017911
6.0876709E-07,0.019064
6.0881709E-07,0.020218
6.0886709E-07,0.021467
6.0891709E-07,0.022716
6.0896709E-07,0.024062
6.0901709E-07,0.025408
6.0906709E-07,0.026849
6.0911709E-07,0.028291
6.0916709E-07,0.029829
6.0921709E-07,0.031271
6.0926709E-07,0.032712
6.0931709E-07,0.034058
6.0936709E-07,0.035211
6.0941709E-07,0.036365
6.0946709E-07,0.037230
6.0951709E-07,0.037999
6.0956709E-07,0.038479
6.0961709E-07,0.038767
6.0966709E-07,0.038864
6.0971709E-07,0.038671
6.0976709E-07,0.038287
6.0981709E-07,0.037710
6.0986709E-07,0.037037
6.0991709E-07,0.036172
6.0996709E-07,0.035115
6.1001709E-07,0.034058
6.1006709E-07,0.033001
6.1011709E-07,0.031847
6.1016709E-07,0.030790
6.1021709E-07,0.029829
6.1026709E-07,0.028868
6.1031709E-07,0.028003
6.1036709E-07,0.027234
6.1041709E-07,0.026561
6.1046709E-07,0.025888
6.1051709E-07,0.025408
6.1056709E-07,0.024927
6.1061709E-07,0.024447
6.1066709E-07,0.024062
6.1071709E-07,0.023581
6.1076709E-07,0.023101
6.1081709E-07,0.022428
6.1086709E-07,0.021755
6.1091709E-07,0.020890
6.1096709E-07,0.019929
6.1101709E-07,0.018776
6.1106709E-07,0.017526
6.1111709E-07,0.016085
6.1116709E-07,0.014547
6.1121709E-07,0.013009
6.1126709E-07,0.011279
6.1131709E-07,0.009549
6.1136709E-07,0.007819
6.1141709E-07,0.006089
6.1146709E-07,0.004455
6.1151709E-07,0.002917
6.1156709E-07,0.001475
6.1161709E-07,0.000322
6.1166709E-07,-0.000735
6.1171709E-07,-0.001504
6.1176709E-07,-0.002081
6.1181709E-07,-0.002369
6.1186709E-07,-0.002465
6.1191709E-07,-0.002273
6.1196709E-07,-0.001985
6.1201709E-07,-0.001408
6.1206709E-07,-0.000639
6.1211709E-07,0.000130
6.1216709E-07,0.001091
6.1221709E-07,0.002148
6.1226709E-07,0.003205
6.1231709E-07,0.004359
6.1236709E-07,0.005416
6.1241709E-07,0.006473
6.1246709E-07,0.007434
6.1251709E-07,0.008299
6.1256709E-07,0.009164
6.1261709E-07,0.009933
6.1266709E-07,0.010606
6.1271709E-07,0.011183
6.1276709E-07,0.011663
6.1281709E-07,0.012144
6.1286709E-07,0.012528
6.1291709E-07,0.012913
6.1296709E-07,0.013297
6.1301709E-07,0.013586
6.1306709E-07,0.013874
6.1311709E-07,0.014162
6.1316709E-07,0.014451
6.1321709E-07,0.014739
6.1326709E-07,0.014931
6.1331709E-07,0.015123
6.1336709E-07,0.015220
6.1341709E-07,0.015316
6.1346709E-07,0.015316
6.1351709E-07,0.015123
6.1356709E-07,0.014931
6.1361709E-07,0.014547
6.1366709E-07,0.014066
6.1371709E-07,0.013490
6.1376709E-07,0.012817
6.1381709E-07,0.011952
6.1386709E-07,0.011087
6.1391709E-07,0.010222
6.1396709E-07,0.009261
6.1401709E-07,0.008203
6.1406709E-07,0.007242
6.1411709E-07,0.006377
6.1416709E-07,0.005512
6.1421709E-07,0.004743
6.1426709E-07,0.004070
6.1431709E-07,0.003494
6.1436709E-07,0.003013
6.1441709E-07,0.002725
6.1446709E-07,0.002436
6.1451709E-07,0.002244
6.1456709E-07,0.002148
6.1461709E-07,0.002052
6.1466709E-07,0.001956
6.1471709E-07,0.001860
6.1476709E-07,0.001668
6.1481709E-07,0.001475
6.1486709E-07,0.001091
6.1491709E-07,0.000610
6.1496709E-07,-0.000062
6.1501709E-07,-0.000831
6.1506709E-07,-0.001696
6.1511709E-07,-0.002658
6.1516709E-07,-0.003715
6.1521709E-07,-0.004868
6.1526709E-07,-0.006022
6.1531709E-07,-0.007175
6.1536709E-07,-0.008232
6.1541709E-07,-0.009193
6.1546709E-07,-0.010058
6.1551709E-07,-0.010731
6.1556709E-07,-0.011212
6.1561709E-07,-0.011404
6.1566709E-07,-0.011404
6.1571709E-07,-0.011116
6.1576709E-07,-0.010635
6.1581709E-07,-0.009962
6.1586709E-07,-0.009001
6.1591709E-07,-0.007944
6.1596709E-07,-0.006790
6.1601709E-07,-0.005541
6.1606709E-07,-0.004195
6.1611709E-07,-0.002946
6.1616709E-07,-0.001696
6.1621709E-07,-0.000543
6.1626709E-07,0.000418
6.1631709E-07,0.001379
6.1636709E-07,0.002052
6.1641709E-07,0.002629
6.1646709E-07,0.002917
6.1651709E-07,0.003205
6.1656709E-07,0.003302
6.1661709E-07,0.003205
6.1666709E-07,0.003109
6.1671709E-07,0.002917
6.1676709E-07,0.002725
6.1681709E-07,0.002533
6.1686709E-07,0.002436
6.1691709E-07,0.002340
6.1696709E-07,0.002340
6.1701709E-07,0.002533
6.1706709E-07,0.002725
6.1711709E-07,0.003013
6.1716709E-07,0.003398
6.1721709E-07,0.003878
6.1726709E-07,0.004359
6.1731709E-07,0.004935
6.1736709E-07,0.005512
6.1741709E-07,0.005993
6.1746709E-07,0.006473
6.1751709E-07,0.006858
6.1756709E-07,0.007242
6.1761709E-07,0.007434
6.1766709E-07,0.007531
6.1771709E-07,0.007531
6.1776709E-07,0.007434
6.1781709E-07,0.007242
6.1786709E-07,0.006954
6.1791709E-07,0.006665
6.1796709E-07,0.006377
6.1801709E-07,0.006089
6.1806709E-07,0.005897
6.1811709E-07,0.005800
6.1816709E-07,0.005704
6.1821709E-07,0.005897
6.1826709E-07,0.006089
6.1831709E-07,0.006473
6.1836709E-07,0.007050
6.1841709E-07,0.007819
6.1846709E-07,0.008684
6.1851709E-07,0.009645
6.1856709E-07,0.010702
6.1861709E-07,0.011856
6.1866709E-07,0.012913
6.1871709E-07,0.014066
6.1876709E-07,0.015220
6.1881709E-07,0.016181
6.1886709E-07,0.017046
6.1891709E-07,0.017815
6.1896709E-07,0.018487
6.1901709E-07,0.018872
6.1906709E-07,0.019064
6.1911709E-07,0.019160
6.1916709E-07,0.019064
6.1921709E-07,0.018776
6.1926709E-07,0.018391
6.1931709E-07,0.017815
6.1936709E-07,0.017238
6.1941709E-07,0.016565
6.1946709E-07,0.015892
6.1951709E-07,0.015316
6.1956709E-07,0.014643
6.1961709E-07,0.014162
6.1966709E-07,0.013682
6.1971709E-07,0.013393
6.1976709E-07,0.013201
6.1981709E-07,0.013105
6.1986709E-07,0.013201
6.1991709E-07,0.013297
6.1996709E-07,0.013586
6.2001709E-07,0.013874
6.2006709E-07,0.014258
6.2011709E-07,0.014643
6.2016709E-07,0.015123
6.2021709E-07,0.015508
6.2026709E-07,0.015892
6.2031709E-07,0.016181
6.2036709E-07,0.016469
6.2041709E-07,0.016661
6.2046709E-07,0.016854
6.2051709E-07,0.016950
6.2056709E-07,0.016950
6.2061709E-07,0.016950
6.2066709E-07,0.016950
6.2071709E-07,0.016950
6.2076709E-07,0.016950
6.2081709E-07,0.017142
6.2086709E-07,0.017334
6.2091709E-07,0.017622
6.2096709E-07,0.018103
6.2101709E-07,0.018680
6.2106709E-07,0.019352
6.2111709E-07,0.020218
6.2116709E-07,0.021083
6.2121709E-07,0.022140
6.2126709E-07,0.023197
6.2131709E-07,0.024350
6.2136709E-07,0.025408
6.2141709E-07,0.026465
6.2146709E-07,0.027426
6.2151709E-07,0.028195
6.2156709E-07,0.028868
6.2161709E-07,0.029252
6.2166709E-07,0.029444
6.2171709E-07,0.029444
6.2176709E-07,0.029060
6.2181709E-07,0.028579
6.2186709E-07,0.027714
6.2191709E-07,0.026657
6.2196709E-07,0.025504
6.2201709E-07,0.024062
6.2206709E-07,0.022524
6.2211709E-07,0.020890
6.2216709E-07,0.019256
6.2221709E-07,0.017622
6.2226709E-07,0.015989
6.2231709E-07,0.014451
6.2236709E-07,0.013009
6.2241709E-07,0.011567
6.2246709E-07,0.010414
6.2251709E-07,0.009261
6.2256709E-07,0.008299
6.2261709E-07,0.007434
6.2266709E-07,0.006665
6.2271709E-07,0.005993
6.2276709E-07,0.005320
6.2281709E-07,0.004647
6.2286709E-07,0.003974
6.2291709E-07,0.003398
6.2296709E-07,0.002629
6.2301709E-07,0.001860
6.2306709E-07,0.001091
6.2311709E-07,0.000226
6.2316709E-07,-0.000735
6.2321709E-07,-0.001696
6.2326709E-07,-0.002658
6.2331709E-07,-0.003523
6.2336709E-07,-0.004484
6.2341709E-07,-0.005253
6.2346709E-07,-0.006022
6.2351709E-07,-0.006598
6.2356709E-07,-0.006983
6.2361709E-07,-0.007271
6.2366709E-07,-0.007271
6.2371709E-07,-0.007175
6.2376709E-07,-0.006887
6.2381709E-07,-0.006310
6.2386709E-07,-0.005637
6.2391709E-07,-0.004868
6.2396709E-07,-0.004003
6.2401709E-07,-0.003042
6.2406709E-07,-0.002081
6.2411709E-07,-0.001120
6.2416709E-07,-0.000255
6.2421709E-07,0.000418
6.2426709E-07,0.001091
6.2431709E-07,0.001475
6.2436709E-07,0.001764
6.2441709E-07,0.001860
6.2446709E-07,0.001764
6.2451709E-07,0.001475
6.2456709E-07,0.000995
6.2461709E-07,0.000418
6.2466709E-07,-0.000255
6.2471709E-07,-0.001024
6.2476709E-07,-0.001793
6.2481709E-07,-0.002561
6.2486709E-07,-0.003330
6.2491709E-07,-0.004003
6.2496709E-07,-0.004484
6.2501709E-07,-0.004868
6.2506709E-07,-0.005156
6.2511709E-07,-0.005253
6.2516709E-07,-0.005253
6.2521709E-07,-0.005060
6.2526709E-07,-0.004772
6.2531709E-07,-0.004291
6.2536709E-07,-0.003811
6.2541709E-07,-0.003330
6.2546709E-07,-0.002754
6.2551709E-07,-0.002273
6.2556709E-07,-0.001793
6.2561709E-07,-0.001408
6.2566709E-07,-0.001120
6.2571709E-07,-0.000831
6.2576709E-07,-0.000735
6.2581709E-07,-0.000735
6.2586709E-07,-0.000735
6.2591709E-07,-0.000831
6.2596709E-07,-0.001024
6.2601709E-07,-0.001120
6.2606709E-07,-0.001312
6.2611709E-07,-0.001312
6.2616709E-07,-0.001312
6.2621709E-07,-0.001216
6.2626709E-07,-0.000927
6.2631709E-07,-0.000543
6.2636709E-07,-0.000062
6.2641709E-07,0.000706
6.2646709E-07,0.001475
6.2651709E-07,0.002533
6.2656709E-07,0.003590
6.2661709E-07,0.004743
6.2666709E-07,0.005897
6.2671709E-07,0.007050
6.2676709E-07,0.008203
6.2681709E-07,0.009357
6.2686709E-07,0.010318
6.2691709E-07,0.011087
6.2696709E-07,0.011760
6.2701709E-07,0.012240
6.2706709E-07,0.012528
6.2711709E-07,0.012625
6.2716709E-07,0.012432
6.2721709E-07,0.012144
6.2726709E-07,0.011663
6.2731709E-07,0.011087
6.2736709E-07,0.010318
6.2741709E-07,0.009549
6.2746709E-07,0.008780
6.2751709E-07,0.007915
6.2756709E-07,0.007242
6.2761709E-07,0.006569
6.2766709E-07,0.005993
6.2771709E-07,0.005608
6.2776709E-07,0.005320
6.2781709E-07,0.005224
6.2786709E-07,0.005320
6.2791709E-07,0.005512
6.2796709E-07,0.005897
6.2801709E-07,0.006473
6.2806709E-07,0.007050
6.2811709E-07,0.007819
6.2816709E-07,0.008588
6.2821709E-07,0.009357
6.2826709E-07,0.010126
6.2831709E-07,0.010894
6.2836709E-07,0.011663
6.2841709E-07,0.012240
6.2846709E-07,0.012817
6.2851709E-07,0.013201
6.2856709E-07,0.013490
6.2861709E-07,0.013778
6.2866709E-07,0.013874
6.2871709E-07,0.013970
6.2876709E-07,0.013874
6.2881709E-07,0.013874
6.2886709E-07,0.013682
6.2891709E-07,0.013586
6.2896709E-07,0.013490
6.2901709E-07,0.013490
6.2906709E-07,0.013393
6.2911709E-07,0.013490
6.2916709E-07,0.013586
6.2921709E-07,0.013682
6.2926709E-07,0.013874
6.2931709E-07,0.014066
6.2936709E-07,0.014258
6.2941709E-07,0.014547
6.2946709E-07,0.014739
6.2951709E-07,0.014835
6.2956709E-07,0.014931
6.2961709E-07,0.014931
6.2966709E-07,0.014835
6.2971709E-07,0.014547
6.2976709E-07,0.014162
6.2981709E-07,0.013586
6.2986709E-07,0.012913
6.2991709E-07,0.012144
6.2996709E-07,0.011183
6.3001709E-07,0.010126
6.3006709E-07,0.008972
6.3011709E-07,0.007819
6.3016709E-07,0.006569
6.3021709E-07,0.005320
6.3026709E-07,0.003974
6.3031709E-07,0.002725
6.3036709E-07,0.001571
6.3041709E-07,0.000418
6.3046709E-07,-0.000639
6.3051709E-07,-0.001600
6.3056709E-07,-0.002465
6.3061709E-07,-0.003330
6.3066709E-07,-0.004099
6.3071709E-07,-0.004772
6.3076709E-07,-0.005445
6.3081709E-07,-0.006022
6.3086709E-07,-0.006598
6.3091709E-07,-0.007079
6.3096709E-07,-0.007655
6.3101709E-07,-0.008136
6.3106709E-07,-0.008617
6.3111709E-07,-0.009097
6.3116709E-07,-0.009578
6.3121709E-07,-0.009866
6.3126709E-07,-0.010154
6.3131709E-07,-0.010347
6.3136709E-07,-0.010443
6.3141709E-07,-0.010347
6.3146709E-07,-0.010154
6.3151709E-07,-0.009674
6.3156709E-07,-0.009001
6.3161709E-07,-0.008136
6.3166709E-07,-0.007079
6.3171709E-07,-0.005733
6.3176709E-07,-0.004291
6.3181709E-07,-0.002658
6.3186709E-07,-0.000927
6.3191709E-07,0.000995
6.3196709E-07,0.002821
6.3201709E-07,0.004743
6.3206709E-07,0.006665
6.3211709E-07,0.008396
6.3216709E-07,0.010029
6.3221709E-07,0.011471
6.3226709E-07,0.012721
6.3231709E-07,0.013682
6.3236709E-07,0.014451
6.3241709E-07,0.014931
6.3246709E-07,0.015123
6.3251709E-07,0.015123
6.3256709E-07,0.014835
6.3261709E-07,0.014355
6.3266709E-07,0.013778
6.3271709E-07,0.013105
6.3276709E-07,0.012336
6.3281709E-07,0.011663
6.3286709E-07,0.010894
6.3291709E-07,0.010318
6.3296709E-07,0.009741
6.3301709E-07,0.009453
6.3306709E-07,0.009261
6.3311709E-07,0.009261
6.3316709E-07,0.009357
6.3321709E-07,0.009741
6.3326709E-07,0.010222
6.3331709E-07,0.010894
6.3336709E-07,0.011663
6.3341709E-07,0.012528
6.3346709E-07,0.013393
6.3351709E-07,0.014258
6.3356709E-07,0.015123
6.3361709E-07,0.015892
6.3366709E-07,0.016565
6.3371709E-07,0.017046
6.3376709E-07,0.017526
6.3381709E-07,0.017719
6.3386709E-07,0.017815
6.3391709E-07,0.017719
6.3396709E-07,0.017526
6.3401709E-07,0.017238
6.3406709E-07,0.016757
6.3411709E-07,0.016181
6.3416709E-07,0.015604
6.3421709E-07,0.015027
6.3426709E-07,0.014355
6.3431709E-07,0.013682
6.3436709E-07,0.013105
6.3441709E-07,0.012528
6.3446709E-07,0.012048
6.3451709E-07,0.011567
6.3456709E-07,0.011183
6.3461709E-07,0.010894
6.3466709E-07,0.010606
6.3471709E-07,0.010414
6.3476709E-07,0.010222
6.3481709E-07,0.010029
6.3486709E-07,0.009741
6.3491709E-07,0.009549
6.3496709E-07,0.009261
6.3501709E-07,0.008972
6.3506709E-07,0.008684
6.3511709E-07,0.008299
6.3516709E-07,0.007819
6.3521709E-07,0.007338
6.3526709E-07,0.006858
6.3531709E-07,0.006377
6.3536709E-07,0.005897
6.3541709E-07,0.005512
6.3546709E-07,0.005128
6.3551709E-07,0.004839
6.3556709E-07,0.004647
6.3561709E-07,0.004551
6.3566709E-07,0.004551
6.3571709E-07,0.004743
6.3576709E-07,0.005032
6.3581709E-07,0.005512
6.3586709E-07,0.006089
6.3591709E-07,0.006762
6.3596709E-07,0.007531
6.3601709E-07,0.008396
6.3606709E-07,0.009261
6.3611709E-07,0.010126
6.3616709E-07,0.010991
6.3621709E-07,0.011856
6.3626709E-07,0.012625
6.3631709E-07,0.013201
6.3636709E-07,0.013778
6.3641709E-07,0.014162
6.3646709E-07,0.014355
6.3651709E-07,0.014451
6.3656709E-07,0.014451
6.3661709E-07,0.014258
6.3666709E-07,0.013874
6.3671709E-07,0.013490
6.3676709E-07,0.013009
6.3681709E-07,0.012432
6.3686709E-07,0.011856
6.3691709E-07,0.011375
6.3696709E-07,0.010894
6.3701709E-07,0.010510
6.3706709E-07,0.010222
6.3711709E-07,0.010029
6.3716709E-07,0.009933
6.3721709E-07,0.010126
6.3726709E-07,0.010318
6.3731709E-07,0.010702
6.3736709E-07,0.011183
6.3741709E-07,0.011856
6.3746709E-07,0.012528
6.3751709E-07,0.013297
6.3756709E-07,0.013970
6.3761709E-07,0.014739
6.3766709E-07,0.015508
6.3771709E-07,0.016181
6.3776709E-07,0.016757
6.3781709E-07,0.017238
6.3786709E-07,0.017719
6.3791709E-07,0.018007
6.3796709E-07,0.018199
6.3801709E-07,0.018391
6.3806709E-07,0.018391
6.3811709E-07,0.018391
6.3816709E-07,0.018391
6.3821709E-07,0.018391
6.3826709E-07,0.018391
6.3831709E-07,0.018487
6.3836709E-07,0.018584
6.3841709E-07,0.018776
6.3846709E-07,0.019064
6.3851709E-07,0.019449
6.3856709E-07,0.019929
6.3861709E-07,0.020506
6.3866709E-07,0.021179
6.3871709E-07,0.021851
6.3876709E-07,0.022620
6.3881709E-07,0.023293
6.3886709E-07,0.023966
6.3891709E-07,0.024639
6.3896709E-07,0.025119
6.3901709E-07,0.025600
6.3906709E-07,0.025792
6.3911709E-07,0.025984
6.3916709E-07,0.025888
6.3921709E-07,0.025600
6.3926709E-07,0.025215
6.3931709E-07,0.024639
6.3936709E-07,0.023966
6.3941709E-07,0.023197
6.3946709E-07,0.022236
6.3951709E-07,0.021275
6.3956709E-07,0.020218
6.3961709E-07,0.019256
6.3966709E-07,0.018199
6.3971709E-07,0.017238
6.3976709E-07,0.016373
6.3981709E-07,0.015508
6.3986709E-07,0.014835
6.3991709E-07,0.014162
6.3996709E-07,0.013586
6.4001709E-07,0.013009
6.4006709E-07,0.012528
6.4011709E-07,0.012048
6.4016709E-07,0.011663
6.4021709E-07,0.011183
6.4026709E-07,0.010606
6.4031709E-07,0.010029
6.4036709E-07,0.009453
6.4041709E-07,0.008684
6.4046709E-07,0.007819
6.4051709E-07,0.006954
6.4056709E-07,0.005993
6.4061709E-07,0.004839
6.4066709E-07,0.003782
6.4071709E-07,0.002629
6.4076709E-07,0.001475
6.4081709E-07,0.000322
6.4086709E-07,-0.000831
6.4091709E-07,-0.001793
6.4096709E-07,-0.002754
6.4101709E-07,-0.003523
6.4106709E-07,-0.004291
6.4111709E-07,-0.004772
6.4116709E-07,-0.005253
6.4121709E-07,-0.005445
6.4126709E-07,-0.005637
6.4131709E-07,-0.005733
6.4136709E-07,-0.005637
6.4141709E-07,-0.005541
6.4146709E-07,-0.005445
6.4151709E-07,-0.005253
6.4156709E-07,-0.005156
6.4161709E-07,-0.005060
6.4166709E-07,-0.004964
6.4171709E-07,-0.004964
6.4176709E-07,-0.005060
6.4181709E-07,-0.005156
6.4186709E-07,-0.005349
6.4191709E-07,-0.005637
6.4196709E-07,-0.005925
6.4201709E-07,-0.006214
6.4206709E-07,-0.006406
6.4211709E-07,-0.006694
6.4216709E-07,-0.006790
6.4221709E-07,-0.006887
6.4226709E-07,-0.006790
6.4231709E-07,-0.006598
6.4236709E-07,-0.006118
6.4241709E-07,-0.005541
6.4246709E-07,-0.004868
6.4251709E-07,-0.003907
6.4256709E-07,-0.002850
6.4261709E-07,-0.001600
6.4266709E-07,-0.000255
6.4271709E-07,0.001187
6.4276709E-07,0.002725
6.4281709E-07,0.004263
6.4286709E-07,0.005800
6.4291709E-07,0.007242
6.4296709E-07,0.008588
6.4301709E-07,0.009837
6.4306709E-07,0.010991
6.4311709E-07,0.011856
6.4316709E-07,0.012625
6.4321709E-07,0.013105
6.4326709E-07,0.013393
6.4331709E-07,0.013490
6.4336709E-07,0.013393
6.4341709E-07,0.013009
6.4346709E-07,0.012528
6.4351709E-07,0.011952
6.4356709E-07,0.011183
6.4361709E-07,0.010318
6.4366709E-07,0.009453
6.4371709E-07,0.008492
6.4376709E-07,0.007627
6.4381709E-07,0.006665
6.4386709E-07,0.005897
6.4391709E-07,0.005128
6.4396709E-07,0.004455
6.4401709E-07,0.003878
6.4406709E-07,0.003398
6.4411709E-07,0.002917
6.4416709E-07,0.002629
6.4421709E-07,0.002340
6.4426709E-07,0.002148
6.4431709E-07,0.002052
6.4436709E-07,0.001860
6.4441709E-07,0.001764
6.4446709E-07,0.001571
6.4451709E-07,0.001379
6.4456709E-07,0.001187
6.4461709E-07,0.000899
6.4466709E-07,0.000610
6.4471709E-07,0.000322
6.4476709E-07,-0.000062
6.4481709E-07,-0.000351
6.4486709E-07,-0.000735
6.4491709E-07,-0.001024
6.4496709E-07,-0.001216
6.4501709E-07,-0.001408
6.4506709E-07,-0.001408
6.4511709E-07,-0.001312
6.4516709E-07,-0.001120
6.4521709E-07,-0.000735
6.4526709E-07,-0.000255
6.4531709E-07,0.000514
6.4536709E-07,0.001379
6.4541709E-07,0.002340
6.4546709E-07,0.003494
6.4551709E-07,0.004743
6.4556709E-07,0.006089
6.4561709E-07,0.007434
6.4566709E-07,0.008876
6.4571709E-07,0.010222
6.4576709E-07,0.011567
6.4581709E-07,0.012817
6.4586709E-07,0.014066
6.4591709E-07,0.015123
6.4596709E-07,0.015989
6.4601709E-07,0.016757
6.4606709E-07,0.017430
6.4611709E-07,0.017911
6.4616709E-07,0.018295
6.4621709E-07,0.018584
6.4626709E-07,0.018680
6.4631709E-07,0.018776
6.4636709E-07,0.018776
6.4641709E-07,0.018776
6.4646709E-07,0.018680
6.4651709E-07,0.018680
6.4656709E-07,0.018584
6.4661709E-07,0.018584
6.4666709E-07,0.018584
6.4671709E-07,0.018680
6.4676709E-07,0.018776
6.4681709E-07,0.018872
6.4686709E-07,0.018968
6.4691709E-07,0.019160
6.4696709E-07,0.019256
6.4701709E-07,0.019352
6.4706709E-07,0.019352
6.4711709E-07,0.019352
6.4716709E-07,0.019352
6.4721709E-07,0.019256
6.4726709E-07,0.019064
6.4731709E-07,0.018872
6.4736709E-07,0.018584
6.4741709E-07,0.018295
6.4746709E-07,0.018007
6.4751709E-07,0.017719
6.4756709E-07,0.017430
6.4761709E-07,0.017238
6.4766709E-07,0.017142
6.4771709E-07,0.017142
6.4776709E-07,0.017142
6.4781709E-07,0.017334
6.4786709E-07,0.017526
6.4791709E-07,0.017815
6.4796709E-07,0.018295
6.4801709E-07,0.018680
6.4806709E-07,0.019160
6.4811709E-07,0.019641
6.4816709E-07,0.020121
6.4821709E-07,0.020506
6.4826709E-07,0.020698
6.4831709E-07,0.020890
6.4836709E-07,0.020890
6.4841709E-07,0.020602
6.4846709E-07,0.020218
6.4851709E-07,0.019641
6.4856709E-07,0.018776
6.4861709E-07,0.017815
6.4866709E-07,0.016661
6.4871709E-07,0.015316
6.4876709E-07,0.013874
6.4881709E-07,0.012336
6.4886709E-07,0.010702
6.4891709E-07,0.009068
6.4896709E-07,0.007531
6.4901709E-07,0.005993
6.4906709E-07,0.004455
6.4911709E-07,0.003109
6.4916709E-07,0.001956
6.4921709E-07,0.000899
6.4926709E-07,-0.000062
6.4931709E-07,-0.000831
6.4936709E-07,-0.001408
6.4941709E-07,-0.001889
6.4946709E-07,-0.002273
6.4951709E-07,-0.002658
6.4956709E-07,-0.002850
6.4961709E-07,-0.003042
6.4966709E-07,-0.003138
6.4971709E-07,-0.003330
6.4976709E-07,-0.003426
6.4981709E-07,-0.003619
6.4986709E-07,-0.003811
6.4991709E-07,-0.004099
6.4996709E-07,-0.004388
6.5001709E-07,-0.004676
6.5006709E-07,-0.004964
6.5011709E-07,-0.005349
6.5016709E-07,-0.005637
6.5021709E-07,-0.005925
6.5026709E-07,-0.006214
6.5031709E-07,-0.006502
6.5036709E-07,-0.006694
6.5041709E-07,-0.006790
6.5046709E-07,-0.006887
6.5051709E-07,-0.006887
6.5056709E-07,-0.006790
6.5061709E-07,-0.006694
6.5066709E-07,-0.006598
6.5071709E-07,-0.006502
6.5076709E-07,-0.006406
6.5081709E-07,-0.006310
6.5086709E-07,-0.006214
6.5091709E-07,-0.006214
6.5096709E-07,-0.006214
6.5101709E-07,-0.006406
6.5106709E-07,-0.006694
6.5111709E-07,-0.006983
6.5116709E-07,-0.007367
6.5121709E-07,-0.007944
6.5126709E-07,-0.008520
6.5131709E-07,-0.009193
6.5136709E-07,-0.009866
6.5141709E-07,-0.010635
6.5146709E-07,-0.011404
6.5151709E-07,-0.012077
6.5156709E-07,-0.012846
6.5161709E-07,-0.013422
6.5166709E-07,-0.013999
6.5171709E-07,-0.014383
6.5176709E-07,-0.014768
6.5181709E-07,-0.014960
6.5186709E-07,-0.015152
6.5191709E-07,-0.015152
6.5196709E-07,-0.014960
6.5201709E-07,-0.014768
6.5206709E-07,-0.014480
6.5211709E-07,-0.014095
6.5216709E-07,-0.013711
6.5221709E-07,-0.013326
6.5226709E-07,-0.012846
6.5231709E-07,-0.012461
6.5236709E-07,-0.012077
6.5241709E-07,-0.011788
6.5246709E-07,-0.011500
6.5251709E-07,-0.011308
6.5256709E-07,-0.011116
6.5261709E-07,-0.011116
6.5266709E-07,-0.011019
6.5271709E-07,-0.011019
6.5276709E-07,-0.011116
6.5281709E-07,-0.011212
6.5286709E-07,-0.011212
6.5291709E-07,-0.011308
6.5296709E-07,-0.011308
6.5301709E-07,-0.011308
6.5306709E-07,-0.011212
6.5311709E-07,-0.011019
6.5316709E-07,-0.010827
6.5321709E-07,-0.010539
6.5326709E-07,-0.010251
6.5331709E-07,-0.009866
6.5336709E-07,-0.009578
6.5341709E-07,-0.009289
6.5346709E-07,-0.009097
6.5351709E-07,-0.009001
6.5356709E-07,-0.009097
6.5361709E-07,-0.009385
6.5366709E-07,-0.009962
6.5371709E-07,-0.010827
6.5376709E-07,-0.012077
6.5381709E-07,-0.013711
6.5386709E-07,-0.015825
6.5391709E-07,-0.018324
6.5396709E-07,-0.021207
6.5401709E-07,-0.024668
6.5406709E-07,-0.028512
6.5411709E-07,-0.032741
6.5416709E-07,-0.037355
6.5421709E-07,-0.042352
6.5426709E-07,-0.047543
6.5431709E-07,-0.053021
6.5436709E-07,-0.058596
