LECROYWaveRunner‘N,20113,Waveform
Segments,1,SegmentSize,4002
Segment,TrigTime,TimeSinceSegment1
#1,12-Dec-2018 11:36:59,0                 
Time,Ampl
4.5691150E-07,0.026933
4.5696150E-07,0.025001
4.5701150E-07,0.023218
4.5706150E-07,0.021435
4.5711150E-07,0.019800
4.5716150E-07,0.018314
4.5721150E-07,0.016977
4.5726150E-07,0.015788
4.5731150E-07,0.014748
4.5736150E-07,0.013856
4.5741150E-07,0.013113
4.5746150E-07,0.012519
4.5751150E-07,0.012073
4.5756150E-07,0.011775
4.5761150E-07,0.011627
4.5766150E-07,0.011627
4.5771150E-07,0.011627
4.5776150E-07,0.011775
4.5781150E-07,0.012073
4.5786150E-07,0.012221
4.5791150E-07,0.012519
4.5796150E-07,0.012816
4.5801150E-07,0.012964
4.5806150E-07,0.013262
4.5811150E-07,0.013262
4.5816150E-07,0.013410
4.5821150E-07,0.013262
4.5826150E-07,0.013113
4.5831150E-07,0.012816
4.5836150E-07,0.012370
4.5841150E-07,0.011924
4.5846150E-07,0.011330
4.5851150E-07,0.010587
4.5856150E-07,0.009844
4.5861150E-07,0.008952
4.5866150E-07,0.008060
4.5871150E-07,0.007169
4.5876150E-07,0.006277
4.5881150E-07,0.005534
4.5886150E-07,0.004642
4.5891150E-07,0.003899
4.5896150E-07,0.003156
4.5901150E-07,0.002562
4.5906150E-07,0.001968
4.5911150E-07,0.001373
4.5916150E-07,0.000927
4.5921150E-07,0.000481
4.5926150E-07,0.000036
4.5931150E-07,-0.000262
4.5936150E-07,-0.000707
4.5941150E-07,-0.001005
4.5946150E-07,-0.001302
4.5951150E-07,-0.001748
4.5956150E-07,-0.002045
4.5961150E-07,-0.002342
4.5966150E-07,-0.002639
4.5971150E-07,-0.003085
4.5976150E-07,-0.003382
4.5981150E-07,-0.003679
4.5986150E-07,-0.003828
4.5991150E-07,-0.004125
4.5996150E-07,-0.004274
4.6001150E-07,-0.004422
4.6006150E-07,-0.004571
4.6011150E-07,-0.004571
4.6016150E-07,-0.004571
4.6021150E-07,-0.004571
4.6026150E-07,-0.004571
4.6031150E-07,-0.004571
4.6036150E-07,-0.004720
4.6041150E-07,-0.004868
4.6046150E-07,-0.005017
4.6051150E-07,-0.005314
4.6056150E-07,-0.005760
4.6061150E-07,-0.006354
4.6066150E-07,-0.006949
4.6071150E-07,-0.007840
4.6076150E-07,-0.008732
4.6081150E-07,-0.009772
4.6086150E-07,-0.010961
4.6091150E-07,-0.012299
4.6096150E-07,-0.013636
4.6101150E-07,-0.014973
4.6106150E-07,-0.016311
4.6111150E-07,-0.017797
4.6116150E-07,-0.019134
4.6121150E-07,-0.020472
4.6126150E-07,-0.021661
4.6131150E-07,-0.022701
4.6136150E-07,-0.023741
4.6141150E-07,-0.024484
4.6146150E-07,-0.025227
4.6151150E-07,-0.025673
4.6156150E-07,-0.026119
4.6161150E-07,-0.026416
4.6166150E-07,-0.026416
4.6171150E-07,-0.026565
4.6176150E-07,-0.026416
4.6181150E-07,-0.026267
4.6186150E-07,-0.025970
4.6191150E-07,-0.025673
4.6196150E-07,-0.025376
4.6201150E-07,-0.025079
4.6206150E-07,-0.024781
4.6211150E-07,-0.024484
4.6216150E-07,-0.024038
4.6221150E-07,-0.023741
4.6226150E-07,-0.023444
4.6231150E-07,-0.023147
4.6236150E-07,-0.022998
4.6241150E-07,-0.022701
4.6246150E-07,-0.022552
4.6251150E-07,-0.022255
4.6256150E-07,-0.022107
4.6261150E-07,-0.021809
4.6266150E-07,-0.021661
4.6271150E-07,-0.021363
4.6276150E-07,-0.021066
4.6281150E-07,-0.020769
4.6286150E-07,-0.020323
4.6291150E-07,-0.019877
4.6296150E-07,-0.019432
4.6301150E-07,-0.018837
4.6306150E-07,-0.018243
4.6311150E-07,-0.017500
4.6316150E-07,-0.016608
4.6321150E-07,-0.015568
4.6326150E-07,-0.014528
4.6331150E-07,-0.013339
4.6336150E-07,-0.012150
4.6341150E-07,-0.010664
4.6346150E-07,-0.009178
4.6351150E-07,-0.007692
4.6356150E-07,-0.006057
4.6361150E-07,-0.004274
4.6366150E-07,-0.002639
4.6371150E-07,-0.000856
4.6376150E-07,0.000779
4.6381150E-07,0.002413
4.6386150E-07,0.003899
4.6391150E-07,0.005385
4.6396150E-07,0.006723
4.6401150E-07,0.007912
4.6406150E-07,0.008952
4.6411150E-07,0.009844
4.6416150E-07,0.010587
4.6421150E-07,0.011032
4.6426150E-07,0.011330
4.6431150E-07,0.011478
4.6436150E-07,0.011478
4.6441150E-07,0.011181
4.6446150E-07,0.010884
4.6451150E-07,0.010438
4.6456150E-07,0.009992
4.6461150E-07,0.009249
4.6466150E-07,0.008655
4.6471150E-07,0.008060
4.6476150E-07,0.007317
4.6481150E-07,0.006723
4.6486150E-07,0.006128
4.6491150E-07,0.005534
4.6496150E-07,0.005088
4.6501150E-07,0.004642
4.6506150E-07,0.004345
4.6511150E-07,0.004048
4.6516150E-07,0.004048
4.6521150E-07,0.004048
4.6526150E-07,0.004048
4.6531150E-07,0.004345
4.6536150E-07,0.004642
4.6541150E-07,0.005088
4.6546150E-07,0.005683
4.6551150E-07,0.006426
4.6556150E-07,0.007169
4.6561150E-07,0.008060
4.6566150E-07,0.008952
4.6571150E-07,0.009992
4.6576150E-07,0.011181
4.6581150E-07,0.012221
4.6586150E-07,0.013410
4.6591150E-07,0.014748
4.6596150E-07,0.015936
4.6601150E-07,0.016977
4.6606150E-07,0.018165
4.6611150E-07,0.019057
4.6616150E-07,0.019949
4.6621150E-07,0.020692
4.6626150E-07,0.021286
4.6631150E-07,0.021732
4.6636150E-07,0.022029
4.6641150E-07,0.022029
4.6646150E-07,0.021881
4.6651150E-07,0.021435
4.6656150E-07,0.020989
4.6661150E-07,0.020246
4.6666150E-07,0.019354
4.6671150E-07,0.018463
4.6676150E-07,0.017274
4.6681150E-07,0.016085
4.6686150E-07,0.014896
4.6691150E-07,0.013707
4.6696150E-07,0.012370
4.6701150E-07,0.011181
4.6706150E-07,0.010141
4.6711150E-07,0.008952
4.6716150E-07,0.008060
4.6721150E-07,0.007169
4.6726150E-07,0.006426
4.6731150E-07,0.005831
4.6736150E-07,0.005385
4.6741150E-07,0.004940
4.6746150E-07,0.004642
4.6751150E-07,0.004494
4.6756150E-07,0.004494
4.6761150E-07,0.004642
4.6766150E-07,0.004791
4.6771150E-07,0.005088
4.6776150E-07,0.005385
4.6781150E-07,0.005831
4.6786150E-07,0.006277
4.6791150E-07,0.006872
4.6796150E-07,0.007466
4.6801150E-07,0.008209
4.6806150E-07,0.008952
4.6811150E-07,0.009695
4.6816150E-07,0.010438
4.6821150E-07,0.011330
4.6826150E-07,0.012221
4.6831150E-07,0.013113
4.6836150E-07,0.014153
4.6841150E-07,0.015045
4.6846150E-07,0.015936
4.6851150E-07,0.016828
4.6856150E-07,0.017720
4.6861150E-07,0.018463
4.6866150E-07,0.019206
4.6871150E-07,0.019800
4.6876150E-07,0.020395
4.6881150E-07,0.020840
4.6886150E-07,0.021138
4.6891150E-07,0.021435
4.6896150E-07,0.021583
4.6901150E-07,0.021583
4.6906150E-07,0.021435
4.6911150E-07,0.021138
4.6916150E-07,0.020840
4.6921150E-07,0.020395
4.6926150E-07,0.019800
4.6931150E-07,0.019206
4.6936150E-07,0.018463
4.6941150E-07,0.017720
4.6946150E-07,0.016828
4.6951150E-07,0.015936
4.6956150E-07,0.014896
4.6961150E-07,0.013856
4.6966150E-07,0.012816
4.6971150E-07,0.011775
4.6976150E-07,0.010735
4.6981150E-07,0.009546
4.6986150E-07,0.008506
4.6991150E-07,0.007466
4.6996150E-07,0.006426
4.7001150E-07,0.005534
4.7006150E-07,0.004642
4.7011150E-07,0.003899
4.7016150E-07,0.003156
4.7021150E-07,0.002413
4.7026150E-07,0.001968
4.7031150E-07,0.001522
4.7036150E-07,0.001225
4.7041150E-07,0.001076
4.7046150E-07,0.000927
4.7051150E-07,0.000927
4.7056150E-07,0.001076
4.7061150E-07,0.001225
4.7066150E-07,0.001522
4.7071150E-07,0.001819
4.7076150E-07,0.002116
4.7081150E-07,0.002413
4.7086150E-07,0.002711
4.7091150E-07,0.003008
4.7096150E-07,0.003156
4.7101150E-07,0.003305
4.7106150E-07,0.003305
4.7111150E-07,0.003156
4.7116150E-07,0.002859
4.7121150E-07,0.002413
4.7126150E-07,0.001968
4.7131150E-07,0.001373
4.7136150E-07,0.000630
4.7141150E-07,-0.000113
4.7146150E-07,-0.001005
4.7151150E-07,-0.001896
4.7156150E-07,-0.002788
4.7161150E-07,-0.003679
4.7166150E-07,-0.004571
4.7171150E-07,-0.005314
4.7176150E-07,-0.006057
4.7181150E-07,-0.006652
4.7186150E-07,-0.007097
4.7191150E-07,-0.007543
4.7196150E-07,-0.007692
4.7201150E-07,-0.007840
4.7206150E-07,-0.007692
4.7211150E-07,-0.007543
4.7216150E-07,-0.007246
4.7221150E-07,-0.006800
4.7226150E-07,-0.006354
4.7231150E-07,-0.005760
4.7236150E-07,-0.005017
4.7241150E-07,-0.004274
4.7246150E-07,-0.003382
4.7251150E-07,-0.002491
4.7256150E-07,-0.001599
4.7261150E-07,-0.000559
4.7266150E-07,0.000481
4.7271150E-07,0.001522
4.7276150E-07,0.002711
4.7281150E-07,0.003899
4.7286150E-07,0.005088
4.7291150E-07,0.006426
4.7296150E-07,0.007763
4.7301150E-07,0.009101
4.7306150E-07,0.010587
4.7311150E-07,0.012073
4.7316150E-07,0.013559
4.7321150E-07,0.015193
4.7326150E-07,0.016679
4.7331150E-07,0.018314
4.7336150E-07,0.019800
4.7341150E-07,0.021286
4.7346150E-07,0.022772
4.7351150E-07,0.024110
4.7356150E-07,0.025447
4.7361150E-07,0.026636
4.7366150E-07,0.027676
4.7371150E-07,0.028568
4.7376150E-07,0.029459
4.7381150E-07,0.030203
4.7386150E-07,0.030648
4.7391150E-07,0.030946
4.7396150E-07,0.031243
4.7401150E-07,0.031243
4.7406150E-07,0.030946
4.7411150E-07,0.030648
4.7416150E-07,0.030054
4.7421150E-07,0.029311
4.7426150E-07,0.028419
4.7431150E-07,0.027230
4.7436150E-07,0.026042
4.7441150E-07,0.024556
4.7446150E-07,0.022921
4.7451150E-07,0.021138
4.7456150E-07,0.019354
4.7461150E-07,0.017274
4.7466150E-07,0.015193
4.7471150E-07,0.013113
4.7476150E-07,0.010884
4.7481150E-07,0.008655
4.7486150E-07,0.006426
4.7491150E-07,0.004197
4.7496150E-07,0.002116
4.7501150E-07,0.000036
4.7506150E-07,-0.001896
4.7511150E-07,-0.003679
4.7516150E-07,-0.005314
4.7521150E-07,-0.006800
4.7526150E-07,-0.008138
4.7531150E-07,-0.009326
4.7536150E-07,-0.010218
4.7541150E-07,-0.010813
4.7546150E-07,-0.011407
4.7551150E-07,-0.011704
4.7556150E-07,-0.011853
4.7561150E-07,-0.011853
4.7566150E-07,-0.011556
4.7571150E-07,-0.011258
4.7576150E-07,-0.010813
4.7581150E-07,-0.010218
4.7586150E-07,-0.009475
4.7591150E-07,-0.008732
4.7596150E-07,-0.007840
4.7601150E-07,-0.006949
4.7606150E-07,-0.005909
4.7611150E-07,-0.004868
4.7616150E-07,-0.003828
4.7621150E-07,-0.002639
4.7626150E-07,-0.001599
4.7631150E-07,-0.000410
4.7636150E-07,0.000779
4.7641150E-07,0.001968
4.7646150E-07,0.003305
4.7651150E-07,0.004494
4.7656150E-07,0.005831
4.7661150E-07,0.007169
4.7666150E-07,0.008358
4.7671150E-07,0.009695
4.7676150E-07,0.011032
4.7681150E-07,0.012370
4.7686150E-07,0.013707
4.7691150E-07,0.014896
4.7696150E-07,0.016234
4.7701150E-07,0.017422
4.7706150E-07,0.018611
4.7711150E-07,0.019800
4.7716150E-07,0.020840
4.7721150E-07,0.021881
4.7726150E-07,0.022772
4.7731150E-07,0.023664
4.7736150E-07,0.024407
4.7741150E-07,0.025150
4.7746150E-07,0.025744
4.7751150E-07,0.026190
4.7756150E-07,0.026636
4.7761150E-07,0.026933
4.7766150E-07,0.027082
4.7771150E-07,0.027230
4.7776150E-07,0.027230
4.7781150E-07,0.027082
4.7786150E-07,0.026933
4.7791150E-07,0.026785
4.7796150E-07,0.026339
4.7801150E-07,0.026042
4.7806150E-07,0.025596
4.7811150E-07,0.025150
4.7816150E-07,0.024704
4.7821150E-07,0.024258
4.7826150E-07,0.023812
4.7831150E-07,0.023367
4.7836150E-07,0.022921
4.7841150E-07,0.022624
4.7846150E-07,0.022326
4.7851150E-07,0.022029
4.7856150E-07,0.021881
4.7861150E-07,0.021881
4.7866150E-07,0.021881
4.7871150E-07,0.021881
4.7876150E-07,0.021881
4.7881150E-07,0.022029
4.7886150E-07,0.022178
4.7891150E-07,0.022326
4.7896150E-07,0.022475
4.7901150E-07,0.022475
4.7906150E-07,0.022624
4.7911150E-07,0.022624
4.7916150E-07,0.022624
4.7921150E-07,0.022475
4.7926150E-07,0.022326
4.7931150E-07,0.022029
4.7936150E-07,0.021732
4.7941150E-07,0.021286
4.7946150E-07,0.020840
4.7951150E-07,0.020246
4.7956150E-07,0.019652
4.7961150E-07,0.019057
4.7966150E-07,0.018314
4.7971150E-07,0.017422
4.7976150E-07,0.016679
4.7981150E-07,0.015788
4.7986150E-07,0.015045
4.7991150E-07,0.014153
4.7996150E-07,0.013262
4.8001150E-07,0.012370
4.8006150E-07,0.011478
4.8011150E-07,0.010587
4.8016150E-07,0.009695
4.8021150E-07,0.008952
4.8026150E-07,0.008060
4.8031150E-07,0.007317
4.8036150E-07,0.006426
4.8041150E-07,0.005683
4.8046150E-07,0.005088
4.8051150E-07,0.004345
4.8056150E-07,0.003751
4.8061150E-07,0.003156
4.8066150E-07,0.002562
4.8071150E-07,0.002116
4.8076150E-07,0.001670
4.8081150E-07,0.001225
4.8086150E-07,0.000927
4.8091150E-07,0.000481
4.8096150E-07,0.000184
4.8101150E-07,-0.000113
4.8106150E-07,-0.000262
4.8111150E-07,-0.000559
4.8116150E-07,-0.000856
4.8121150E-07,-0.001153
4.8126150E-07,-0.001302
4.8131150E-07,-0.001599
4.8136150E-07,-0.001896
4.8141150E-07,-0.002193
4.8146150E-07,-0.002639
4.8151150E-07,-0.003085
4.8156150E-07,-0.003382
4.8161150E-07,-0.003828
4.8166150E-07,-0.004422
4.8171150E-07,-0.004868
4.8176150E-07,-0.005314
4.8181150E-07,-0.005909
4.8186150E-07,-0.006354
4.8191150E-07,-0.006800
4.8196150E-07,-0.007246
4.8201150E-07,-0.007543
4.8206150E-07,-0.007840
4.8211150E-07,-0.007989
4.8216150E-07,-0.008138
4.8221150E-07,-0.007989
4.8226150E-07,-0.007840
4.8231150E-07,-0.007395
4.8236150E-07,-0.006949
4.8241150E-07,-0.006206
4.8246150E-07,-0.005314
4.8251150E-07,-0.004274
4.8256150E-07,-0.003085
4.8261150E-07,-0.001748
4.8266150E-07,-0.000113
4.8271150E-07,0.001522
4.8276150E-07,0.003305
4.8281150E-07,0.005088
4.8286150E-07,0.007020
4.8291150E-07,0.008952
4.8296150E-07,0.010884
4.8301150E-07,0.012964
4.8306150E-07,0.014896
4.8311150E-07,0.016679
4.8316150E-07,0.018463
4.8321150E-07,0.020246
4.8326150E-07,0.021732
4.8331150E-07,0.023218
4.8336150E-07,0.024704
4.8341150E-07,0.025893
4.8346150E-07,0.027082
4.8351150E-07,0.028122
4.8356150E-07,0.029162
4.8361150E-07,0.030054
4.8366150E-07,0.030946
4.8371150E-07,0.031837
4.8376150E-07,0.032580
4.8381150E-07,0.033472
4.8386150E-07,0.034215
4.8391150E-07,0.034958
4.8396150E-07,0.035701
4.8401150E-07,0.036444
4.8406150E-07,0.037336
4.8411150E-07,0.038079
4.8416150E-07,0.038822
4.8421150E-07,0.039565
4.8426150E-07,0.040308
4.8431150E-07,0.041051
4.8436150E-07,0.041794
4.8441150E-07,0.042537
4.8446150E-07,0.043131
4.8451150E-07,0.043726
4.8456150E-07,0.044320
4.8461150E-07,0.044766
4.8466150E-07,0.045212
4.8471150E-07,0.045657
4.8476150E-07,0.046103
4.8481150E-07,0.046400
4.8486150E-07,0.046698
4.8491150E-07,0.046995
4.8496150E-07,0.047292
4.8501150E-07,0.047441
4.8506150E-07,0.047738
4.8511150E-07,0.047887
4.8516150E-07,0.048035
4.8521150E-07,0.048184
4.8526150E-07,0.048332
4.8531150E-07,0.048481
4.8536150E-07,0.048630
4.8541150E-07,0.048630
4.8546150E-07,0.048778
4.8551150E-07,0.048927
4.8556150E-07,0.048927
4.8561150E-07,0.048927
4.8566150E-07,0.049075
4.8571150E-07,0.049075
4.8576150E-07,0.049075
4.8581150E-07,0.049075
4.8586150E-07,0.049075
4.8591150E-07,0.049075
4.8596150E-07,0.049075
4.8601150E-07,0.048927
4.8606150E-07,0.048927
4.8611150E-07,0.048927
4.8616150E-07,0.048778
4.8621150E-07,0.048778
4.8626150E-07,0.048630
4.8631150E-07,0.048481
4.8636150E-07,0.048332
4.8641150E-07,0.048184
4.8646150E-07,0.048035
4.8651150E-07,0.047887
4.8656150E-07,0.047589
4.8661150E-07,0.047441
4.8666150E-07,0.047144
4.8671150E-07,0.046846
4.8676150E-07,0.046400
4.8681150E-07,0.046103
4.8686150E-07,0.045806
4.8691150E-07,0.045360
4.8696150E-07,0.045063
4.8701150E-07,0.044766
4.8706150E-07,0.044469
4.8711150E-07,0.044171
4.8716150E-07,0.044023
4.8721150E-07,0.043874
4.8726150E-07,0.043874
4.8731150E-07,0.043874
4.8736150E-07,0.043874
4.8741150E-07,0.044171
4.8746150E-07,0.044320
4.8751150E-07,0.044766
4.8756150E-07,0.045063
4.8761150E-07,0.045657
4.8766150E-07,0.046103
4.8771150E-07,0.046698
4.8776150E-07,0.047144
4.8781150E-07,0.047738
4.8786150E-07,0.048184
4.8791150E-07,0.048630
4.8796150E-07,0.048927
4.8801150E-07,0.049224
4.8806150E-07,0.049224
4.8811150E-07,0.049224
4.8816150E-07,0.049075
4.8821150E-07,0.048778
4.8826150E-07,0.048184
4.8831150E-07,0.047589
4.8836150E-07,0.046698
4.8841150E-07,0.045806
4.8846150E-07,0.044617
4.8851150E-07,0.043428
4.8856150E-07,0.042091
4.8861150E-07,0.040753
4.8866150E-07,0.039267
4.8871150E-07,0.037930
4.8876150E-07,0.036593
4.8881150E-07,0.035106
4.8886150E-07,0.033918
4.8891150E-07,0.032729
4.8896150E-07,0.031540
4.8901150E-07,0.030648
4.8906150E-07,0.029905
4.8911150E-07,0.029162
4.8916150E-07,0.028716
4.8921150E-07,0.028419
4.8926150E-07,0.028122
4.8931150E-07,0.027973
4.8936150E-07,0.028122
4.8941150E-07,0.028122
4.8946150E-07,0.028271
4.8951150E-07,0.028568
4.8956150E-07,0.028716
4.8961150E-07,0.028865
4.8966150E-07,0.029014
4.8971150E-07,0.029014
4.8976150E-07,0.029014
4.8981150E-07,0.028716
4.8986150E-07,0.028419
4.8991150E-07,0.027825
4.8996150E-07,0.027230
4.9001150E-07,0.026339
4.9006150E-07,0.025299
4.9011150E-07,0.024110
4.9016150E-07,0.022772
4.9021150E-07,0.021435
4.9026150E-07,0.019800
4.9031150E-07,0.018165
4.9036150E-07,0.016531
4.9041150E-07,0.014748
4.9046150E-07,0.013113
4.9051150E-07,0.011627
4.9056150E-07,0.009992
4.9061150E-07,0.008655
4.9066150E-07,0.007466
4.9071150E-07,0.006426
4.9076150E-07,0.005683
4.9081150E-07,0.005088
4.9086150E-07,0.004642
4.9091150E-07,0.004494
4.9096150E-07,0.004642
4.9101150E-07,0.004940
4.9106150E-07,0.005534
4.9111150E-07,0.006277
4.9116150E-07,0.007317
4.9121150E-07,0.008506
4.9126150E-07,0.009844
4.9131150E-07,0.011181
4.9136150E-07,0.012816
4.9141150E-07,0.014599
4.9146150E-07,0.016382
4.9151150E-07,0.018314
4.9156150E-07,0.020246
4.9161150E-07,0.022178
4.9166150E-07,0.024258
4.9171150E-07,0.026190
4.9176150E-07,0.028271
4.9181150E-07,0.030351
4.9186150E-07,0.032432
4.9191150E-07,0.034512
4.9196150E-07,0.036593
4.9201150E-07,0.038524
4.9206150E-07,0.040605
4.9211150E-07,0.042537
4.9216150E-07,0.044617
4.9221150E-07,0.046549
4.9226150E-07,0.048481
4.9231150E-07,0.050264
4.9236150E-07,0.052196
4.9241150E-07,0.053979
4.9246150E-07,0.055763
4.9251150E-07,0.057546
4.9256150E-07,0.059181
4.9261150E-07,0.060964
4.9266150E-07,0.062598
4.9271150E-07,0.064382
4.9276150E-07,0.066016
4.9281150E-07,0.067800
4.9286150E-07,0.069732
4.9291150E-07,0.071515
4.9296150E-07,0.073595
4.9301150E-07,0.075676
4.9306150E-07,0.078053
4.9311150E-07,0.080431
4.9316150E-07,0.083106
4.9321150E-07,0.085929
4.9326150E-07,0.089050
4.9331150E-07,0.092319
4.9336150E-07,0.095886
4.9341150E-07,0.099601
4.9346150E-07,0.103762
4.9351150E-07,0.108072
4.9356150E-07,0.112827
4.9361150E-07,0.117731
4.9366150E-07,0.123081
4.9371150E-07,0.128579
4.9376150E-07,0.134523
4.9381150E-07,0.140765
4.9386150E-07,0.147452
4.9391150E-07,0.154436
4.9396150E-07,0.161718
4.9401150E-07,0.169446
4.9406150E-07,0.177619
4.9411150E-07,0.186238
4.9416150E-07,0.195303
4.9421150E-07,0.204814
4.9426150E-07,0.214770
4.9431150E-07,0.225173
4.9436150E-07,0.236169
4.9441150E-07,0.247612
4.9446150E-07,0.259649
4.9451150E-07,0.272132
4.9456150E-07,0.285209
4.9461150E-07,0.298732
4.9466150E-07,0.312701
4.9471150E-07,0.327116
4.9476150E-07,0.341976
4.9481150E-07,0.357283
4.9486150E-07,0.373035
4.9491150E-07,0.388935
4.9496150E-07,0.405282
4.9501150E-07,0.421777
4.9506150E-07,0.438570
4.9511150E-07,0.455659
4.9516150E-07,0.472749
4.9521150E-07,0.489987
4.9526150E-07,0.507374
4.9531150E-07,0.524761
4.9536150E-07,0.542147
4.9541150E-07,0.559534
4.9546150E-07,0.576921
4.9551150E-07,0.594159
4.9556150E-07,0.611546
4.9561150E-07,0.628636
4.9566150E-07,0.645725
4.9571150E-07,0.662518
4.9576150E-07,0.679310
4.9581150E-07,0.695954
4.9586150E-07,0.712300
4.9591150E-07,0.728498
4.9596150E-07,0.744399
4.9601150E-07,0.760003
4.9606150E-07,0.775309
4.9611150E-07,0.790467
4.9616150E-07,0.805179
4.9621150E-07,0.819445
4.9626150E-07,0.833414
4.9631150E-07,0.846937
4.9636150E-07,0.860014
4.9641150E-07,0.872497
4.9646150E-07,0.884682
4.9651150E-07,0.896125
4.9656150E-07,0.907122
4.9661150E-07,0.917673
4.9666150E-07,0.927481
4.9671150E-07,0.936694
4.9676150E-07,0.945165
4.9681150E-07,0.953189
4.9686150E-07,0.960471
4.9691150E-07,0.967158
4.9696150E-07,0.973102
4.9701150E-07,0.978452
4.9706150E-07,0.983208
4.9711150E-07,0.987220
4.9716150E-07,0.990638
4.9721150E-07,0.993610
4.9726150E-07,0.995839
4.9731150E-07,0.997622
4.9736150E-07,0.998960
4.9741150E-07,0.999703
4.9746150E-07,1.000000
4.9751150E-07,0.999851
4.9756150E-07,0.999257
4.9761150E-07,0.998365
4.9766150E-07,0.997177
4.9771150E-07,0.995690
4.9776150E-07,0.993759
4.9781150E-07,0.991678
4.9786150E-07,0.989300
4.9791150E-07,0.986774
4.9796150E-07,0.983951
4.9801150E-07,0.980830
4.9806150E-07,0.977709
4.9811150E-07,0.974291
4.9816150E-07,0.970576
4.9821150E-07,0.966712
4.9826150E-07,0.962700
4.9831150E-07,0.958539
4.9836150E-07,0.954081
4.9841150E-07,0.949474
4.9846150E-07,0.944719
4.9851150E-07,0.939815
4.9856150E-07,0.934614
4.9861150E-07,0.929264
4.9866150E-07,0.923914
4.9871150E-07,0.918267
4.9876150E-07,0.912472
4.9881150E-07,0.906527
4.9886150E-07,0.900583
4.9891150E-07,0.894490
4.9896150E-07,0.888398
4.9901150E-07,0.882305
4.9906150E-07,0.876063
4.9911150E-07,0.869822
4.9916150E-07,0.863729
4.9921150E-07,0.857488
4.9926150E-07,0.851395
4.9931150E-07,0.845451
4.9936150E-07,0.839358
4.9941150E-07,0.833562
4.9946150E-07,0.827767
4.9951150E-07,0.822120
4.9956150E-07,0.816473
4.9961150E-07,0.810974
4.9966150E-07,0.805773
4.9971150E-07,0.800572
4.9976150E-07,0.795371
4.9981150E-07,0.790467
4.9986150E-07,0.785711
4.9991150E-07,0.780956
4.9996150E-07,0.776349
5.0001150E-07,0.771891
5.0006150E-07,0.767581
5.0011150E-07,0.763421
5.0016150E-07,0.759260
5.0021150E-07,0.755247
5.0026150E-07,0.751235
5.0031150E-07,0.747223
5.0036150E-07,0.743359
5.0041150E-07,0.739495
5.0046150E-07,0.735631
5.0051150E-07,0.731768
5.0056150E-07,0.727904
5.0061150E-07,0.724040
5.0066150E-07,0.720176
5.0071150E-07,0.716313
5.0076150E-07,0.712300
5.0081150E-07,0.708139
5.0086150E-07,0.704127
5.0091150E-07,0.699818
5.0096150E-07,0.695657
5.0101150E-07,0.691347
5.0106150E-07,0.686889
5.0111150E-07,0.682431
5.0116150E-07,0.677824
5.0121150E-07,0.673217
5.0126150E-07,0.668610
5.0131150E-07,0.663706
5.0136150E-07,0.658951
5.0141150E-07,0.653899
5.0146150E-07,0.648995
5.0151150E-07,0.643793
5.0156150E-07,0.638592
5.0161150E-07,0.633242
5.0166150E-07,0.627744
5.0171150E-07,0.622246
5.0176150E-07,0.616599
5.0181150E-07,0.610654
5.0186150E-07,0.604859
5.0191150E-07,0.598766
5.0196150E-07,0.592525
5.0201150E-07,0.586283
5.0206150E-07,0.579745
5.0211150E-07,0.573206
5.0216150E-07,0.566667
5.0221150E-07,0.559831
5.0226150E-07,0.552996
5.0231150E-07,0.546011
5.0236150E-07,0.539027
5.0241150E-07,0.532042
5.0246150E-07,0.524909
5.0251150E-07,0.517776
5.0256150E-07,0.510494
5.0261150E-07,0.503361
5.0266150E-07,0.496080
5.0271150E-07,0.488798
5.0276150E-07,0.481516
5.0281150E-07,0.474086
5.0286150E-07,0.466805
5.0291150E-07,0.459523
5.0296150E-07,0.452241
5.0301150E-07,0.444811
5.0306150E-07,0.437678
5.0311150E-07,0.430396
5.0316150E-07,0.423263
5.0321150E-07,0.416130
5.0326150E-07,0.409146
5.0331150E-07,0.402161
5.0336150E-07,0.395474
5.0341150E-07,0.388935
5.0346150E-07,0.382397
5.0351150E-07,0.376155
5.0356150E-07,0.370211
5.0361150E-07,0.364416
5.0366150E-07,0.358769
5.0371150E-07,0.353419
5.0376150E-07,0.348366
5.0381150E-07,0.343611
5.0386150E-07,0.339004
5.0391150E-07,0.334695
5.0396150E-07,0.330682
5.0401150E-07,0.326818
5.0406150E-07,0.323103
5.0411150E-07,0.319685
5.0416150E-07,0.316416
5.0421150E-07,0.313295
5.0426150E-07,0.310323
5.0431150E-07,0.307351
5.0436150E-07,0.304676
5.0441150E-07,0.302001
5.0446150E-07,0.299475
5.0451150E-07,0.296949
5.0456150E-07,0.294571
5.0461150E-07,0.292193
5.0466150E-07,0.289816
5.0471150E-07,0.287587
5.0476150E-07,0.285209
5.0481150E-07,0.283129
5.0486150E-07,0.280899
5.0491150E-07,0.278670
5.0496150E-07,0.276590
5.0501150E-07,0.274509
5.0506150E-07,0.272429
5.0511150E-07,0.270349
5.0516150E-07,0.268417
5.0521150E-07,0.266336
5.0526150E-07,0.264256
5.0531150E-07,0.262324
5.0536150E-07,0.260243
5.0541150E-07,0.258311
5.0546150E-07,0.256231
5.0551150E-07,0.254151
5.0556150E-07,0.252219
5.0561150E-07,0.250138
5.0566150E-07,0.248058
5.0571150E-07,0.246126
5.0576150E-07,0.244045
5.0581150E-07,0.242114
5.0586150E-07,0.240182
5.0591150E-07,0.238250
5.0596150E-07,0.236467
5.0601150E-07,0.234683
5.0606150E-07,0.233049
5.0611150E-07,0.231414
5.0616150E-07,0.230077
5.0621150E-07,0.228739
5.0626150E-07,0.227550
5.0631150E-07,0.226510
5.0636150E-07,0.225618
5.0641150E-07,0.224875
5.0646150E-07,0.224281
5.0651150E-07,0.223835
5.0656150E-07,0.223686
5.0661150E-07,0.223538
5.0666150E-07,0.223686
5.0671150E-07,0.223984
5.0676150E-07,0.224430
5.0681150E-07,0.225024
5.0686150E-07,0.225767
5.0691150E-07,0.226659
5.0696150E-07,0.227699
5.0701150E-07,0.228888
5.0706150E-07,0.230077
5.0711150E-07,0.231414
5.0716150E-07,0.232900
5.0721150E-07,0.234386
5.0726150E-07,0.235872
5.0731150E-07,0.237358
5.0736150E-07,0.238844
5.0741150E-07,0.240330
5.0746150E-07,0.241668
5.0751150E-07,0.243005
5.0756150E-07,0.244343
5.0761150E-07,0.245531
5.0766150E-07,0.246572
5.0771150E-07,0.247463
5.0776150E-07,0.248206
5.0781150E-07,0.248801
5.0786150E-07,0.249247
5.0791150E-07,0.249544
5.0796150E-07,0.249544
5.0801150E-07,0.249395
5.0806150E-07,0.249098
5.0811150E-07,0.248652
5.0816150E-07,0.247909
5.0821150E-07,0.246869
5.0826150E-07,0.245680
5.0831150E-07,0.244343
5.0836150E-07,0.242708
5.0841150E-07,0.240776
5.0846150E-07,0.238844
5.0851150E-07,0.236615
5.0856150E-07,0.234237
5.0861150E-07,0.231711
5.0866150E-07,0.229036
5.0871150E-07,0.226213
5.0876150E-07,0.223389
5.0881150E-07,0.220417
5.0886150E-07,0.217445
5.0891150E-07,0.214622
5.0896150E-07,0.211798
5.0901150E-07,0.208975
5.0906150E-07,0.206448
5.0911150E-07,0.203922
5.0916150E-07,0.201544
5.0921150E-07,0.199464
5.0926150E-07,0.197532
5.0931150E-07,0.195749
5.0936150E-07,0.194114
5.0941150E-07,0.192777
5.0946150E-07,0.191439
5.0951150E-07,0.190399
5.0956150E-07,0.189359
5.0961150E-07,0.188467
5.0966150E-07,0.187724
5.0971150E-07,0.186832
5.0976150E-07,0.186089
5.0981150E-07,0.185346
5.0986150E-07,0.184455
5.0991150E-07,0.183563
5.0996150E-07,0.182671
5.1001150E-07,0.181631
5.1006150E-07,0.180442
5.1011150E-07,0.179254
5.1016150E-07,0.177916
5.1021150E-07,0.176579
5.1026150E-07,0.175093
5.1031150E-07,0.173607
5.1036150E-07,0.172269
5.1041150E-07,0.170783
5.1046150E-07,0.169297
5.1051150E-07,0.167960
5.1056150E-07,0.166771
5.1061150E-07,0.165582
5.1066150E-07,0.164542
5.1071150E-07,0.163501
5.1076150E-07,0.162610
5.1081150E-07,0.161867
5.1086150E-07,0.161124
5.1091150E-07,0.160529
5.1096150E-07,0.160083
5.1101150E-07,0.159638
5.1106150E-07,0.159192
5.1111150E-07,0.158746
5.1116150E-07,0.158449
5.1121150E-07,0.158003
5.1126150E-07,0.157557
5.1131150E-07,0.157111
5.1136150E-07,0.156666
5.1141150E-07,0.156071
5.1146150E-07,0.155477
5.1151150E-07,0.154882
5.1156150E-07,0.154288
5.1161150E-07,0.153693
5.1166150E-07,0.152950
5.1171150E-07,0.152356
5.1176150E-07,0.151762
5.1181150E-07,0.151167
5.1186150E-07,0.150573
5.1191150E-07,0.150127
5.1196150E-07,0.149830
5.1201150E-07,0.149532
5.1206150E-07,0.149384
5.1211150E-07,0.149532
5.1216150E-07,0.149681
5.1221150E-07,0.149830
5.1226150E-07,0.150276
5.1231150E-07,0.150870
5.1236150E-07,0.151613
5.1241150E-07,0.152356
5.1246150E-07,0.153396
5.1251150E-07,0.154436
5.1256150E-07,0.155477
5.1261150E-07,0.156814
5.1266150E-07,0.158152
5.1271150E-07,0.159489
5.1276150E-07,0.160975
5.1281150E-07,0.162461
5.1286150E-07,0.163947
5.1291150E-07,0.165433
5.1296150E-07,0.166919
5.1301150E-07,0.168405
5.1306150E-07,0.169743
5.1311150E-07,0.171229
5.1316150E-07,0.172566
5.1321150E-07,0.173755
5.1326150E-07,0.174944
5.1331150E-07,0.175836
5.1336150E-07,0.176876
5.1341150E-07,0.177619
5.1346150E-07,0.178213
5.1351150E-07,0.178659
5.1356150E-07,0.179105
5.1361150E-07,0.179254
5.1366150E-07,0.179254
5.1371150E-07,0.178956
5.1376150E-07,0.178659
5.1381150E-07,0.178213
5.1386150E-07,0.177470
5.1391150E-07,0.176727
5.1396150E-07,0.175687
5.1401150E-07,0.174498
5.1406150E-07,0.173309
5.1411150E-07,0.171823
5.1416150E-07,0.170337
5.1421150E-07,0.168554
5.1426150E-07,0.166919
5.1431150E-07,0.164987
5.1436150E-07,0.163056
5.1441150E-07,0.161124
5.1446150E-07,0.159043
5.1451150E-07,0.156814
5.1456150E-07,0.154734
5.1461150E-07,0.152505
5.1466150E-07,0.150276
5.1471150E-07,0.148046
5.1476150E-07,0.145817
5.1481150E-07,0.143440
5.1486150E-07,0.141211
5.1491150E-07,0.138982
5.1496150E-07,0.136604
5.1501150E-07,0.134375
5.1506150E-07,0.132146
5.1511150E-07,0.129917
5.1516150E-07,0.127688
5.1521150E-07,0.125458
5.1526150E-07,0.123229
5.1531150E-07,0.121149
5.1536150E-07,0.118920
5.1541150E-07,0.116839
5.1546150E-07,0.114759
5.1551150E-07,0.112827
5.1556150E-07,0.110895
5.1561150E-07,0.108963
5.1566150E-07,0.107180
5.1571150E-07,0.105397
5.1576150E-07,0.103762
5.1581150E-07,0.102276
5.1586150E-07,0.100939
5.1591150E-07,0.099601
5.1596150E-07,0.098412
5.1601150E-07,0.097372
5.1606150E-07,0.096629
5.1611150E-07,0.095737
5.1616150E-07,0.095143
5.1621150E-07,0.094697
5.1626150E-07,0.094251
5.1631150E-07,0.093954
5.1636150E-07,0.093806
5.1641150E-07,0.093657
5.1646150E-07,0.093508
5.1651150E-07,0.093508
5.1656150E-07,0.093360
5.1661150E-07,0.093360
5.1666150E-07,0.093211
5.1671150E-07,0.093063
5.1676150E-07,0.092914
5.1681150E-07,0.092617
5.1686150E-07,0.092319
5.1691150E-07,0.092022
5.1696150E-07,0.091576
5.1701150E-07,0.091131
5.1706150E-07,0.090685
5.1711150E-07,0.090090
5.1716150E-07,0.089645
5.1721150E-07,0.089050
5.1726150E-07,0.088456
5.1731150E-07,0.087861
5.1736150E-07,0.087416
5.1741150E-07,0.086970
5.1746150E-07,0.086524
5.1751150E-07,0.086227
5.1756150E-07,0.086078
5.1761150E-07,0.085929
5.1766150E-07,0.085929
5.1771150E-07,0.085929
5.1776150E-07,0.086078
5.1781150E-07,0.086375
5.1786150E-07,0.086672
5.1791150E-07,0.087118
5.1796150E-07,0.087564
5.1801150E-07,0.088010
5.1806150E-07,0.088604
5.1811150E-07,0.089199
5.1816150E-07,0.089793
5.1821150E-07,0.090388
5.1826150E-07,0.091131
5.1831150E-07,0.091725
5.1836150E-07,0.092319
5.1841150E-07,0.092914
5.1846150E-07,0.093360
5.1851150E-07,0.093954
5.1856150E-07,0.094400
5.1861150E-07,0.094846
5.1866150E-07,0.095292
5.1871150E-07,0.095589
5.1876150E-07,0.096035
5.1881150E-07,0.096332
5.1886150E-07,0.096629
5.1891150E-07,0.096926
5.1896150E-07,0.097223
5.1901150E-07,0.097521
5.1906150E-07,0.097818
5.1911150E-07,0.098115
5.1916150E-07,0.098412
5.1921150E-07,0.098710
5.1926150E-07,0.098858
5.1931150E-07,0.099155
5.1936150E-07,0.099453
5.1941150E-07,0.099750
5.1946150E-07,0.099898
5.1951150E-07,0.100047
5.1956150E-07,0.100196
5.1961150E-07,0.100344
5.1966150E-07,0.100493
5.1971150E-07,0.100344
5.1976150E-07,0.100344
5.1981150E-07,0.100196
5.1986150E-07,0.099898
5.1991150E-07,0.099453
5.1996150E-07,0.099007
5.2001150E-07,0.098412
5.2006150E-07,0.097669
5.2011150E-07,0.096926
5.2016150E-07,0.096035
5.2021150E-07,0.094994
5.2026150E-07,0.093954
5.2031150E-07,0.092765
5.2036150E-07,0.091576
5.2041150E-07,0.090388
5.2046150E-07,0.089199
5.2051150E-07,0.088010
5.2056150E-07,0.086821
5.2061150E-07,0.085632
5.2066150E-07,0.084592
5.2071150E-07,0.083552
5.2076150E-07,0.082660
5.2081150E-07,0.081917
5.2086150E-07,0.081323
5.2091150E-07,0.080728
5.2096150E-07,0.080282
5.2101150E-07,0.080134
5.2106150E-07,0.079985
5.2111150E-07,0.079837
5.2116150E-07,0.079985
5.2121150E-07,0.079985
5.2126150E-07,0.080282
5.2131150E-07,0.080431
5.2136150E-07,0.080728
5.2141150E-07,0.081025
5.2146150E-07,0.081323
5.2151150E-07,0.081471
5.2156150E-07,0.081769
5.2161150E-07,0.081917
5.2166150E-07,0.082214
5.2171150E-07,0.082214
5.2176150E-07,0.082363
5.2181150E-07,0.082512
5.2186150E-07,0.082512
5.2191150E-07,0.082660
5.2196150E-07,0.082809
5.2201150E-07,0.082809
5.2206150E-07,0.082957
5.2211150E-07,0.083106
5.2216150E-07,0.083403
5.2221150E-07,0.083700
5.2226150E-07,0.083998
5.2231150E-07,0.084295
5.2236150E-07,0.084741
5.2241150E-07,0.085186
5.2246150E-07,0.085632
5.2251150E-07,0.086078
5.2256150E-07,0.086375
5.2261150E-07,0.086821
5.2266150E-07,0.087118
5.2271150E-07,0.087416
5.2276150E-07,0.087564
5.2281150E-07,0.087564
5.2286150E-07,0.087564
5.2291150E-07,0.087416
5.2296150E-07,0.086970
5.2301150E-07,0.086524
5.2306150E-07,0.085929
5.2311150E-07,0.085186
5.2316150E-07,0.084443
5.2321150E-07,0.083403
5.2326150E-07,0.082363
5.2331150E-07,0.081323
5.2336150E-07,0.080134
5.2341150E-07,0.078945
5.2346150E-07,0.077756
5.2351150E-07,0.076567
5.2356150E-07,0.075378
5.2361150E-07,0.074338
5.2366150E-07,0.073298
5.2371150E-07,0.072258
5.2376150E-07,0.071366
5.2381150E-07,0.070623
5.2386150E-07,0.070029
5.2391150E-07,0.069583
5.2396150E-07,0.069286
5.2401150E-07,0.068988
5.2406150E-07,0.068988
5.2411150E-07,0.068988
5.2416150E-07,0.069137
5.2421150E-07,0.069434
5.2426150E-07,0.069880
5.2431150E-07,0.070475
5.2436150E-07,0.071069
5.2441150E-07,0.071663
5.2446150E-07,0.072406
5.2451150E-07,0.073298
5.2456150E-07,0.074190
5.2461150E-07,0.075081
5.2466150E-07,0.075973
5.2471150E-07,0.076716
5.2476150E-07,0.077608
5.2481150E-07,0.078499
5.2486150E-07,0.079242
5.2491150E-07,0.079837
5.2496150E-07,0.080431
5.2501150E-07,0.081025
5.2506150E-07,0.081323
5.2511150E-07,0.081620
5.2516150E-07,0.081769
5.2521150E-07,0.081620
5.2526150E-07,0.081471
5.2531150E-07,0.081025
5.2536150E-07,0.080431
5.2541150E-07,0.079539
5.2546150E-07,0.078499
5.2551150E-07,0.077310
5.2556150E-07,0.075824
5.2561150E-07,0.074041
5.2566150E-07,0.072258
5.2571150E-07,0.070029
5.2576150E-07,0.067800
5.2581150E-07,0.065273
5.2586150E-07,0.062598
5.2591150E-07,0.059924
5.2596150E-07,0.056951
5.2601150E-07,0.053979
5.2606150E-07,0.051007
5.2611150E-07,0.048035
5.2616150E-07,0.044914
5.2621150E-07,0.041942
5.2626150E-07,0.039119
5.2631150E-07,0.036295
5.2636150E-07,0.033620
5.2641150E-07,0.031243
5.2646150E-07,0.028865
5.2651150E-07,0.026785
5.2656150E-07,0.024853
5.2661150E-07,0.023218
5.2666150E-07,0.021881
5.2671150E-07,0.020692
5.2676150E-07,0.019652
5.2681150E-07,0.018909
5.2686150E-07,0.018463
5.2691150E-07,0.018017
5.2696150E-07,0.017868
5.2701150E-07,0.017868
5.2706150E-07,0.018017
5.2711150E-07,0.018314
5.2716150E-07,0.018760
5.2721150E-07,0.019206
5.2726150E-07,0.019800
5.2731150E-07,0.020395
5.2736150E-07,0.021138
5.2741150E-07,0.022029
5.2746150E-07,0.022772
5.2751150E-07,0.023812
5.2756150E-07,0.024704
5.2761150E-07,0.025744
5.2766150E-07,0.026933
5.2771150E-07,0.028122
5.2776150E-07,0.029459
5.2781150E-07,0.030946
5.2786150E-07,0.032283
5.2791150E-07,0.033918
5.2796150E-07,0.035552
5.2801150E-07,0.037187
5.2806150E-07,0.038970
5.2811150E-07,0.040753
5.2816150E-07,0.042537
5.2821150E-07,0.044320
5.2826150E-07,0.046103
5.2831150E-07,0.047887
5.2836150E-07,0.049521
5.2841150E-07,0.051156
5.2846150E-07,0.052642
5.2851150E-07,0.053979
5.2856150E-07,0.055317
5.2861150E-07,0.056357
5.2866150E-07,0.057397
5.2871150E-07,0.058140
5.2876150E-07,0.058735
5.2881150E-07,0.059329
5.2886150E-07,0.059626
5.2891150E-07,0.059775
5.2896150E-07,0.059775
5.2901150E-07,0.059775
5.2906150E-07,0.059626
5.2911150E-07,0.059329
5.2916150E-07,0.058883
5.2921150E-07,0.058438
5.2926150E-07,0.057992
5.2931150E-07,0.057397
5.2936150E-07,0.056803
5.2941150E-07,0.056208
5.2946150E-07,0.055763
5.2951150E-07,0.055168
5.2956150E-07,0.054722
5.2961150E-07,0.054277
5.2966150E-07,0.053979
5.2971150E-07,0.053682
5.2976150E-07,0.053534
5.2981150E-07,0.053534
5.2986150E-07,0.053682
5.2991150E-07,0.053831
5.2996150E-07,0.054277
5.3001150E-07,0.054871
5.3006150E-07,0.055763
5.3011150E-07,0.056803
5.3016150E-07,0.057992
5.3021150E-07,0.059329
5.3026150E-07,0.060964
5.3031150E-07,0.062747
5.3036150E-07,0.064828
5.3041150E-07,0.066908
5.3046150E-07,0.069286
5.3051150E-07,0.071812
5.3056150E-07,0.074338
5.3061150E-07,0.077013
5.3066150E-07,0.079837
5.3071150E-07,0.082660
5.3076150E-07,0.085335
5.3081150E-07,0.088159
5.3086150E-07,0.090833
5.3091150E-07,0.093508
5.3096150E-07,0.095886
5.3101150E-07,0.098264
5.3106150E-07,0.100493
5.3111150E-07,0.102425
5.3116150E-07,0.104208
5.3121150E-07,0.105843
5.3126150E-07,0.107031
5.3131150E-07,0.108220
5.3136150E-07,0.108963
5.3141150E-07,0.109558
5.3146150E-07,0.110004
5.3151150E-07,0.110004
5.3156150E-07,0.109855
5.3161150E-07,0.109558
5.3166150E-07,0.108963
5.3171150E-07,0.108220
5.3176150E-07,0.107180
5.3181150E-07,0.106140
5.3186150E-07,0.104802
5.3191150E-07,0.103465
5.3196150E-07,0.101979
5.3201150E-07,0.100344
5.3206150E-07,0.098710
5.3211150E-07,0.097223
5.3216150E-07,0.095589
5.3221150E-07,0.093954
5.3226150E-07,0.092319
5.3231150E-07,0.090833
5.3236150E-07,0.089347
5.3241150E-07,0.087861
5.3246150E-07,0.086672
5.3251150E-07,0.085335
5.3256150E-07,0.084146
5.3261150E-07,0.082957
5.3266150E-07,0.081917
5.3271150E-07,0.080877
5.3276150E-07,0.079837
5.3281150E-07,0.078796
5.3286150E-07,0.077905
5.3291150E-07,0.076865
5.3296150E-07,0.075824
5.3301150E-07,0.074635
5.3306150E-07,0.073447
5.3311150E-07,0.072258
5.3316150E-07,0.070920
5.3321150E-07,0.069583
5.3326150E-07,0.068097
5.3331150E-07,0.066611
5.3336150E-07,0.064976
5.3341150E-07,0.063341
5.3346150E-07,0.061707
5.3351150E-07,0.060072
5.3356150E-07,0.058438
5.3361150E-07,0.056654
5.3366150E-07,0.055020
5.3371150E-07,0.053385
5.3376150E-07,0.051899
5.3381150E-07,0.050413
5.3386150E-07,0.048927
5.3391150E-07,0.047738
5.3396150E-07,0.046549
5.3401150E-07,0.045509
5.3406150E-07,0.044617
5.3411150E-07,0.043726
5.3416150E-07,0.043131
5.3421150E-07,0.042685
5.3426150E-07,0.042388
5.3431150E-07,0.042240
5.3436150E-07,0.042091
5.3441150E-07,0.042240
5.3446150E-07,0.042537
5.3451150E-07,0.042983
5.3456150E-07,0.043428
5.3461150E-07,0.044023
5.3466150E-07,0.044766
5.3471150E-07,0.045657
5.3476150E-07,0.046549
5.3481150E-07,0.047589
5.3486150E-07,0.048630
5.3491150E-07,0.049521
5.3496150E-07,0.050561
5.3501150E-07,0.051602
5.3506150E-07,0.052642
5.3511150E-07,0.053534
5.3516150E-07,0.054425
5.3521150E-07,0.055168
5.3526150E-07,0.055763
5.3531150E-07,0.056357
5.3536150E-07,0.056803
5.3541150E-07,0.056951
5.3546150E-07,0.057100
5.3551150E-07,0.057100
5.3556150E-07,0.056951
5.3561150E-07,0.056803
5.3566150E-07,0.056357
5.3571150E-07,0.055911
5.3576150E-07,0.055317
5.3581150E-07,0.054722
5.3586150E-07,0.053979
5.3591150E-07,0.053236
5.3596150E-07,0.052493
5.3601150E-07,0.051750
5.3606150E-07,0.051007
5.3611150E-07,0.050264
5.3616150E-07,0.049521
5.3621150E-07,0.048778
5.3626150E-07,0.048184
5.3631150E-07,0.047738
5.3636150E-07,0.047292
5.3641150E-07,0.046846
5.3646150E-07,0.046549
5.3651150E-07,0.046252
5.3656150E-07,0.046103
5.3661150E-07,0.045955
5.3666150E-07,0.045955
5.3671150E-07,0.046103
5.3676150E-07,0.046252
5.3681150E-07,0.046400
5.3686150E-07,0.046698
5.3691150E-07,0.047144
5.3696150E-07,0.047589
5.3701150E-07,0.048184
5.3706150E-07,0.048778
5.3711150E-07,0.049521
5.3716150E-07,0.050116
5.3721150E-07,0.051007
5.3726150E-07,0.051750
5.3731150E-07,0.052642
5.3736150E-07,0.053385
5.3741150E-07,0.054277
5.3746150E-07,0.055020
5.3751150E-07,0.055763
5.3756150E-07,0.056506
5.3761150E-07,0.057100
5.3766150E-07,0.057694
5.3771150E-07,0.058140
5.3776150E-07,0.058586
5.3781150E-07,0.058883
5.3786150E-07,0.059032
5.3791150E-07,0.059032
5.3796150E-07,0.058883
5.3801150E-07,0.058735
5.3806150E-07,0.058289
5.3811150E-07,0.057843
5.3816150E-07,0.057249
5.3821150E-07,0.056506
5.3826150E-07,0.055614
5.3831150E-07,0.054722
5.3836150E-07,0.053682
5.3841150E-07,0.052493
5.3846150E-07,0.051156
5.3851150E-07,0.049818
5.3856150E-07,0.048332
5.3861150E-07,0.046846
5.3866150E-07,0.045212
5.3871150E-07,0.043577
5.3876150E-07,0.041942
5.3881150E-07,0.040308
5.3886150E-07,0.038524
5.3891150E-07,0.036890
5.3896150E-07,0.035404
5.3901150E-07,0.033769
5.3906150E-07,0.032432
5.3911150E-07,0.031243
5.3916150E-07,0.030203
5.3921150E-07,0.029459
5.3926150E-07,0.028865
5.3931150E-07,0.028419
5.3936150E-07,0.028419
5.3941150E-07,0.028716
5.3946150E-07,0.029162
5.3951150E-07,0.030054
5.3956150E-07,0.031094
5.3961150E-07,0.032580
5.3966150E-07,0.034215
5.3971150E-07,0.035998
5.3976150E-07,0.038079
5.3981150E-07,0.040308
5.3986150E-07,0.042685
5.3991150E-07,0.045212
5.3996150E-07,0.047738
5.4001150E-07,0.050264
5.4006150E-07,0.052642
5.4011150E-07,0.055168
5.4016150E-07,0.057546
5.4021150E-07,0.059775
5.4026150E-07,0.061855
5.4031150E-07,0.063787
5.4036150E-07,0.065719
5.4041150E-07,0.067354
5.4046150E-07,0.068840
5.4051150E-07,0.070177
5.4056150E-07,0.071366
5.4061150E-07,0.072555
5.4066150E-07,0.073447
5.4071150E-07,0.074190
5.4076150E-07,0.074933
5.4081150E-07,0.075527
5.4086150E-07,0.075973
5.4091150E-07,0.076419
5.4096150E-07,0.076716
5.4101150E-07,0.076865
5.4106150E-07,0.077013
5.4111150E-07,0.077013
5.4116150E-07,0.077013
5.4121150E-07,0.076716
5.4126150E-07,0.076419
5.4131150E-07,0.075973
5.4136150E-07,0.075527
5.4141150E-07,0.074784
5.4146150E-07,0.074041
5.4151150E-07,0.073149
5.4156150E-07,0.072109
5.4161150E-07,0.070920
5.4166150E-07,0.069583
5.4171150E-07,0.068245
5.4176150E-07,0.066611
5.4181150E-07,0.064976
5.4186150E-07,0.063193
5.4191150E-07,0.061261
5.4196150E-07,0.059181
5.4201150E-07,0.057100
5.4206150E-07,0.055020
5.4211150E-07,0.052791
5.4216150E-07,0.050413
5.4221150E-07,0.048184
5.4226150E-07,0.045806
5.4231150E-07,0.043577
5.4236150E-07,0.041199
5.4241150E-07,0.038970
5.4246150E-07,0.036890
5.4251150E-07,0.034809
5.4256150E-07,0.033026
5.4261150E-07,0.031243
5.4266150E-07,0.029608
5.4271150E-07,0.028122
5.4276150E-07,0.026933
5.4281150E-07,0.025893
5.4286150E-07,0.025150
5.4291150E-07,0.024556
5.4296150E-07,0.024258
5.4301150E-07,0.024110
5.4306150E-07,0.024110
5.4311150E-07,0.024407
5.4316150E-07,0.024853
5.4321150E-07,0.025447
5.4326150E-07,0.026190
5.4331150E-07,0.026933
5.4336150E-07,0.027973
5.4341150E-07,0.029014
5.4346150E-07,0.030054
5.4351150E-07,0.031243
5.4356150E-07,0.032432
5.4361150E-07,0.033620
5.4366150E-07,0.034661
5.4371150E-07,0.035850
5.4376150E-07,0.036890
5.4381150E-07,0.037930
5.4386150E-07,0.038970
5.4391150E-07,0.039862
5.4396150E-07,0.040605
5.4401150E-07,0.041348
5.4406150E-07,0.042091
5.4411150E-07,0.042537
5.4416150E-07,0.043131
5.4421150E-07,0.043428
5.4426150E-07,0.043726
5.4431150E-07,0.044023
5.4436150E-07,0.044023
5.4441150E-07,0.044171
5.4446150E-07,0.044171
5.4451150E-07,0.044171
5.4456150E-07,0.044023
5.4461150E-07,0.043874
5.4466150E-07,0.043726
5.4471150E-07,0.043726
5.4476150E-07,0.043577
5.4481150E-07,0.043577
5.4486150E-07,0.043577
5.4491150E-07,0.043726
5.4496150E-07,0.043874
5.4501150E-07,0.044171
5.4506150E-07,0.044617
5.4511150E-07,0.045212
5.4516150E-07,0.045806
5.4521150E-07,0.046549
5.4526150E-07,0.047589
5.4531150E-07,0.048481
5.4536150E-07,0.049670
5.4541150E-07,0.050859
5.4546150E-07,0.052047
5.4551150E-07,0.053236
5.4556150E-07,0.054425
5.4561150E-07,0.055614
5.4566150E-07,0.056803
5.4571150E-07,0.057843
5.4576150E-07,0.058735
5.4581150E-07,0.059478
5.4586150E-07,0.060221
5.4591150E-07,0.060667
5.4596150E-07,0.060815
5.4601150E-07,0.060964
5.4606150E-07,0.060815
5.4611150E-07,0.060518
5.4616150E-07,0.059924
5.4621150E-07,0.059329
5.4626150E-07,0.058438
5.4631150E-07,0.057397
5.4636150E-07,0.056357
5.4641150E-07,0.055020
5.4646150E-07,0.053534
5.4651150E-07,0.052047
5.4656150E-07,0.050561
5.4661150E-07,0.048778
5.4666150E-07,0.047144
5.4671150E-07,0.045360
5.4676150E-07,0.043428
5.4681150E-07,0.041497
5.4686150E-07,0.039565
5.4691150E-07,0.037633
5.4696150E-07,0.035552
5.4701150E-07,0.033620
5.4706150E-07,0.031540
5.4711150E-07,0.029459
5.4716150E-07,0.027379
5.4721150E-07,0.025299
5.4726150E-07,0.023218
5.4731150E-07,0.021286
5.4736150E-07,0.019354
5.4741150E-07,0.017422
5.4746150E-07,0.015639
5.4751150E-07,0.014005
5.4756150E-07,0.012370
5.4761150E-07,0.010884
5.4766150E-07,0.009546
5.4771150E-07,0.008209
5.4776150E-07,0.007169
5.4781150E-07,0.006277
5.4786150E-07,0.005385
5.4791150E-07,0.004642
5.4796150E-07,0.004197
5.4801150E-07,0.003751
5.4806150E-07,0.003305
5.4811150E-07,0.003156
5.4816150E-07,0.003008
5.4821150E-07,0.003008
5.4826150E-07,0.003008
5.4831150E-07,0.003156
5.4836150E-07,0.003305
5.4841150E-07,0.003454
5.4846150E-07,0.003751
5.4851150E-07,0.004048
5.4856150E-07,0.004345
5.4861150E-07,0.004642
5.4866150E-07,0.004940
5.4871150E-07,0.005237
5.4876150E-07,0.005534
5.4881150E-07,0.005831
5.4886150E-07,0.006128
5.4891150E-07,0.006426
5.4896150E-07,0.006574
5.4901150E-07,0.006872
5.4906150E-07,0.007169
5.4911150E-07,0.007466
5.4916150E-07,0.007763
5.4921150E-07,0.008060
5.4926150E-07,0.008506
5.4931150E-07,0.008952
5.4936150E-07,0.009398
5.4941150E-07,0.009992
5.4946150E-07,0.010735
5.4951150E-07,0.011627
5.4956150E-07,0.012519
5.4961150E-07,0.013559
5.4966150E-07,0.014896
5.4971150E-07,0.016234
5.4976150E-07,0.017868
5.4981150E-07,0.019503
5.4986150E-07,0.021435
5.4991150E-07,0.023515
5.4996150E-07,0.025596
5.5001150E-07,0.027825
5.5006150E-07,0.030203
5.5011150E-07,0.032580
5.5016150E-07,0.035106
5.5021150E-07,0.037484
5.5026150E-07,0.040010
5.5031150E-07,0.042388
5.5036150E-07,0.044766
5.5041150E-07,0.046846
5.5046150E-07,0.048927
5.5051150E-07,0.051007
5.5056150E-07,0.052791
5.5061150E-07,0.054277
5.5066150E-07,0.055763
5.5071150E-07,0.056951
5.5076150E-07,0.058140
5.5081150E-07,0.058883
5.5086150E-07,0.059626
5.5091150E-07,0.060221
5.5096150E-07,0.060518
5.5101150E-07,0.060815
5.5106150E-07,0.060815
5.5111150E-07,0.060815
5.5116150E-07,0.060667
5.5121150E-07,0.060369
5.5126150E-07,0.059924
5.5131150E-07,0.059478
5.5136150E-07,0.059032
5.5141150E-07,0.058438
5.5146150E-07,0.057843
5.5151150E-07,0.057249
5.5156150E-07,0.056506
5.5161150E-07,0.055763
5.5166150E-07,0.055020
5.5171150E-07,0.054277
5.5176150E-07,0.053534
5.5181150E-07,0.052791
5.5186150E-07,0.052047
5.5191150E-07,0.051156
5.5196150E-07,0.050413
5.5201150E-07,0.049670
5.5206150E-07,0.048778
5.5211150E-07,0.048035
5.5216150E-07,0.047292
5.5221150E-07,0.046400
5.5226150E-07,0.045657
5.5231150E-07,0.044766
5.5236150E-07,0.043874
5.5241150E-07,0.042983
5.5246150E-07,0.042091
5.5251150E-07,0.041199
5.5256150E-07,0.040159
5.5261150E-07,0.039119
5.5266150E-07,0.038079
5.5271150E-07,0.037038
5.5276150E-07,0.035998
5.5281150E-07,0.034809
5.5286150E-07,0.033769
5.5291150E-07,0.032729
5.5296150E-07,0.031689
5.5301150E-07,0.030797
5.5306150E-07,0.029757
5.5311150E-07,0.029014
5.5316150E-07,0.028122
5.5321150E-07,0.027528
5.5326150E-07,0.026933
5.5331150E-07,0.026487
5.5336150E-07,0.026042
5.5341150E-07,0.025744
5.5346150E-07,0.025596
5.5351150E-07,0.025447
5.5356150E-07,0.025447
5.5361150E-07,0.025596
5.5366150E-07,0.025744
5.5371150E-07,0.025893
5.5376150E-07,0.026042
5.5381150E-07,0.026339
5.5386150E-07,0.026636
5.5391150E-07,0.026933
5.5396150E-07,0.027230
5.5401150E-07,0.027528
5.5406150E-07,0.027825
5.5411150E-07,0.028122
5.5416150E-07,0.028271
5.5421150E-07,0.028568
5.5426150E-07,0.028865
5.5431150E-07,0.029014
5.5436150E-07,0.029311
5.5441150E-07,0.029459
5.5446150E-07,0.029757
5.5451150E-07,0.029905
5.5456150E-07,0.030054
5.5461150E-07,0.030203
5.5466150E-07,0.030351
5.5471150E-07,0.030500
5.5476150E-07,0.030500
5.5481150E-07,0.030648
5.5486150E-07,0.030648
5.5491150E-07,0.030500
5.5496150E-07,0.030500
5.5501150E-07,0.030351
5.5506150E-07,0.030203
5.5511150E-07,0.029905
5.5516150E-07,0.029757
5.5521150E-07,0.029459
5.5526150E-07,0.029162
5.5531150E-07,0.028716
5.5536150E-07,0.028419
5.5541150E-07,0.027973
5.5546150E-07,0.027528
5.5551150E-07,0.027082
5.5556150E-07,0.026636
5.5561150E-07,0.026190
5.5566150E-07,0.025596
5.5571150E-07,0.025150
5.5576150E-07,0.024556
5.5581150E-07,0.024110
5.5586150E-07,0.023515
5.5591150E-07,0.022772
5.5596150E-07,0.022178
5.5601150E-07,0.021435
5.5606150E-07,0.020543
5.5611150E-07,0.019800
5.5616150E-07,0.018909
5.5621150E-07,0.018017
5.5626150E-07,0.017125
5.5631150E-07,0.016085
5.5636150E-07,0.015193
5.5641150E-07,0.014153
5.5646150E-07,0.013262
5.5651150E-07,0.012370
5.5656150E-07,0.011478
5.5661150E-07,0.010735
5.5666150E-07,0.009992
5.5671150E-07,0.009398
5.5676150E-07,0.008803
5.5681150E-07,0.008209
5.5686150E-07,0.007912
5.5691150E-07,0.007466
5.5696150E-07,0.007169
5.5701150E-07,0.007020
5.5706150E-07,0.006723
5.5711150E-07,0.006574
5.5716150E-07,0.006277
5.5721150E-07,0.005980
5.5726150E-07,0.005683
5.5731150E-07,0.005385
5.5736150E-07,0.004940
5.5741150E-07,0.004494
5.5746150E-07,0.003899
5.5751150E-07,0.003305
5.5756150E-07,0.002562
5.5761150E-07,0.001670
5.5766150E-07,0.000779
5.5771150E-07,-0.000262
5.5776150E-07,-0.001302
5.5781150E-07,-0.002342
5.5786150E-07,-0.003382
5.5791150E-07,-0.004571
5.5796150E-07,-0.005611
5.5801150E-07,-0.006800
5.5806150E-07,-0.007840
5.5811150E-07,-0.008732
5.5816150E-07,-0.009772
5.5821150E-07,-0.010515
5.5826150E-07,-0.011258
5.5831150E-07,-0.011853
5.5836150E-07,-0.012299
5.5841150E-07,-0.012596
5.5846150E-07,-0.012893
5.5851150E-07,-0.012893
5.5856150E-07,-0.012744
5.5861150E-07,-0.012447
5.5866150E-07,-0.012001
5.5871150E-07,-0.011407
5.5876150E-07,-0.010664
5.5881150E-07,-0.009624
5.5886150E-07,-0.008583
5.5891150E-07,-0.007395
5.5896150E-07,-0.006057
5.5901150E-07,-0.004571
5.5906150E-07,-0.003085
5.5911150E-07,-0.001450
5.5916150E-07,0.000036
5.5921150E-07,0.001670
5.5926150E-07,0.003305
5.5931150E-07,0.004791
5.5936150E-07,0.006426
5.5941150E-07,0.007763
5.5946150E-07,0.009101
5.5951150E-07,0.010289
5.5956150E-07,0.011330
5.5961150E-07,0.012221
5.5966150E-07,0.012964
5.5971150E-07,0.013707
5.5976150E-07,0.014153
5.5981150E-07,0.014599
5.5986150E-07,0.014896
5.5991150E-07,0.015193
5.5996150E-07,0.015491
5.6001150E-07,0.015639
5.6006150E-07,0.015788
5.6011150E-07,0.015936
5.6016150E-07,0.016234
5.6021150E-07,0.016531
5.6026150E-07,0.016828
5.6031150E-07,0.017274
5.6036150E-07,0.017868
5.6041150E-07,0.018611
5.6046150E-07,0.019503
5.6051150E-07,0.020395
5.6056150E-07,0.021435
5.6061150E-07,0.022772
5.6066150E-07,0.024110
5.6071150E-07,0.025447
5.6076150E-07,0.027082
5.6081150E-07,0.028716
5.6086150E-07,0.030351
5.6091150E-07,0.032134
5.6096150E-07,0.033918
5.6101150E-07,0.035701
5.6106150E-07,0.037633
5.6111150E-07,0.039416
5.6116150E-07,0.041199
5.6121150E-07,0.042983
5.6126150E-07,0.044617
5.6131150E-07,0.046252
5.6136150E-07,0.047887
5.6141150E-07,0.049373
5.6146150E-07,0.050710
5.6151150E-07,0.051899
5.6156150E-07,0.053088
5.6161150E-07,0.053979
5.6166150E-07,0.054871
5.6171150E-07,0.055614
5.6176150E-07,0.056060
5.6181150E-07,0.056506
5.6186150E-07,0.056654
5.6191150E-07,0.056654
5.6196150E-07,0.056654
5.6201150E-07,0.056357
5.6206150E-07,0.055911
5.6211150E-07,0.055317
5.6216150E-07,0.054722
5.6221150E-07,0.053831
5.6226150E-07,0.052939
5.6231150E-07,0.051899
5.6236150E-07,0.050859
5.6241150E-07,0.049670
5.6246150E-07,0.048332
5.6251150E-07,0.046995
5.6256150E-07,0.045657
5.6261150E-07,0.044320
5.6266150E-07,0.042983
5.6271150E-07,0.041645
5.6276150E-07,0.040159
5.6281150E-07,0.038822
5.6286150E-07,0.037484
5.6291150E-07,0.036295
5.6296150E-07,0.034958
5.6301150E-07,0.033769
5.6306150E-07,0.032580
5.6311150E-07,0.031540
5.6316150E-07,0.030500
5.6321150E-07,0.029459
5.6326150E-07,0.028716
5.6331150E-07,0.027973
5.6336150E-07,0.027230
5.6341150E-07,0.026636
5.6346150E-07,0.026190
5.6351150E-07,0.025893
5.6356150E-07,0.025596
5.6361150E-07,0.025596
5.6366150E-07,0.025447
5.6371150E-07,0.025596
5.6376150E-07,0.025744
5.6381150E-07,0.026042
5.6386150E-07,0.026339
5.6391150E-07,0.026636
5.6396150E-07,0.027082
5.6401150E-07,0.027379
5.6406150E-07,0.027825
5.6411150E-07,0.028271
5.6416150E-07,0.028568
5.6421150E-07,0.028865
5.6426150E-07,0.029162
5.6431150E-07,0.029311
5.6436150E-07,0.029459
5.6441150E-07,0.029459
5.6446150E-07,0.029459
5.6451150E-07,0.029311
5.6456150E-07,0.029162
5.6461150E-07,0.028865
5.6466150E-07,0.028568
5.6471150E-07,0.028271
5.6476150E-07,0.027825
5.6481150E-07,0.027379
5.6486150E-07,0.027082
5.6491150E-07,0.026636
5.6496150E-07,0.026190
5.6501150E-07,0.025893
5.6506150E-07,0.025744
5.6511150E-07,0.025447
5.6516150E-07,0.025299
5.6521150E-07,0.025299
5.6526150E-07,0.025299
5.6531150E-07,0.025447
5.6536150E-07,0.025744
5.6541150E-07,0.026042
5.6546150E-07,0.026487
5.6551150E-07,0.027082
5.6556150E-07,0.027676
5.6561150E-07,0.028419
5.6566150E-07,0.029311
5.6571150E-07,0.030203
5.6576150E-07,0.031094
5.6581150E-07,0.032134
5.6586150E-07,0.033175
5.6591150E-07,0.034215
5.6596150E-07,0.035404
5.6601150E-07,0.036593
5.6606150E-07,0.037633
5.6611150E-07,0.038822
5.6616150E-07,0.040010
5.6621150E-07,0.041051
5.6626150E-07,0.042240
5.6631150E-07,0.043280
5.6636150E-07,0.044320
5.6641150E-07,0.045212
5.6646150E-07,0.046252
5.6651150E-07,0.047144
5.6656150E-07,0.048035
5.6661150E-07,0.048927
5.6666150E-07,0.049818
5.6671150E-07,0.050710
5.6676150E-07,0.051750
5.6681150E-07,0.052642
5.6686150E-07,0.053682
5.6691150E-07,0.054722
5.6696150E-07,0.055911
5.6701150E-07,0.057100
5.6706150E-07,0.058438
5.6711150E-07,0.059924
5.6716150E-07,0.061558
5.6721150E-07,0.063193
5.6726150E-07,0.064828
5.6731150E-07,0.066611
5.6736150E-07,0.068543
5.6741150E-07,0.070475
5.6746150E-07,0.072406
5.6751150E-07,0.074338
5.6756150E-07,0.076270
5.6761150E-07,0.078202
5.6766150E-07,0.079985
5.6771150E-07,0.081620
5.6776150E-07,0.083255
5.6781150E-07,0.084741
5.6786150E-07,0.085929
5.6791150E-07,0.087118
5.6796150E-07,0.087861
5.6801150E-07,0.088604
5.6806150E-07,0.088902
5.6811150E-07,0.089050
5.6816150E-07,0.089050
5.6821150E-07,0.088604
5.6826150E-07,0.088010
5.6831150E-07,0.087118
5.6836150E-07,0.086078
5.6841150E-07,0.084592
5.6846150E-07,0.083106
5.6851150E-07,0.081323
5.6856150E-07,0.079242
5.6861150E-07,0.077013
5.6866150E-07,0.074784
5.6871150E-07,0.072258
5.6876150E-07,0.069732
5.6881150E-07,0.067057
5.6886150E-07,0.064382
5.6891150E-07,0.061707
5.6896150E-07,0.059032
5.6901150E-07,0.056357
5.6906150E-07,0.053682
5.6911150E-07,0.051304
5.6916150E-07,0.048927
5.6921150E-07,0.046549
5.6926150E-07,0.044469
5.6931150E-07,0.042537
5.6936150E-07,0.040902
5.6941150E-07,0.039267
5.6946150E-07,0.037930
5.6951150E-07,0.036741
5.6956150E-07,0.035552
5.6961150E-07,0.034661
5.6966150E-07,0.033918
5.6971150E-07,0.033323
5.6976150E-07,0.032877
5.6981150E-07,0.032432
5.6986150E-07,0.031986
5.6991150E-07,0.031689
5.6996150E-07,0.031391
5.7001150E-07,0.030946
5.7006150E-07,0.030648
5.7011150E-07,0.030351
5.7016150E-07,0.029905
5.7021150E-07,0.029608
5.7026150E-07,0.029014
5.7031150E-07,0.028568
5.7036150E-07,0.027973
5.7041150E-07,0.027379
5.7046150E-07,0.026785
5.7051150E-07,0.026190
5.7056150E-07,0.025447
5.7061150E-07,0.024704
5.7066150E-07,0.023961
5.7071150E-07,0.023367
5.7076150E-07,0.022624
5.7081150E-07,0.022029
5.7086150E-07,0.021435
5.7091150E-07,0.020840
5.7096150E-07,0.020395
5.7101150E-07,0.020097
5.7106150E-07,0.019800
5.7111150E-07,0.019652
5.7116150E-07,0.019652
5.7121150E-07,0.019800
5.7126150E-07,0.019949
5.7131150E-07,0.020395
5.7136150E-07,0.020840
5.7141150E-07,0.021435
5.7146150E-07,0.022029
5.7151150E-07,0.022772
5.7156150E-07,0.023664
5.7161150E-07,0.024407
5.7166150E-07,0.025299
5.7171150E-07,0.026042
5.7176150E-07,0.026785
5.7181150E-07,0.027379
5.7186150E-07,0.027973
5.7191150E-07,0.028271
5.7196150E-07,0.028419
5.7201150E-07,0.028419
5.7206150E-07,0.028271
5.7211150E-07,0.027973
5.7216150E-07,0.027379
5.7221150E-07,0.026487
5.7226150E-07,0.025596
5.7231150E-07,0.024556
5.7236150E-07,0.023218
5.7241150E-07,0.022029
5.7246150E-07,0.020692
5.7251150E-07,0.019354
5.7256150E-07,0.018017
5.7261150E-07,0.016679
5.7266150E-07,0.015491
5.7271150E-07,0.014450
5.7276150E-07,0.013559
5.7281150E-07,0.012964
5.7286150E-07,0.012370
5.7291150E-07,0.012073
5.7296150E-07,0.011924
5.7301150E-07,0.012073
5.7306150E-07,0.012370
5.7311150E-07,0.012667
5.7316150E-07,0.013262
5.7321150E-07,0.014005
5.7326150E-07,0.014748
5.7331150E-07,0.015491
5.7336150E-07,0.016382
5.7341150E-07,0.017274
5.7346150E-07,0.018017
5.7351150E-07,0.018760
5.7356150E-07,0.019503
5.7361150E-07,0.020097
5.7366150E-07,0.020692
5.7371150E-07,0.020989
5.7376150E-07,0.021286
5.7381150E-07,0.021435
5.7386150E-07,0.021435
5.7391150E-07,0.021435
5.7396150E-07,0.021138
5.7401150E-07,0.020840
5.7406150E-07,0.020395
5.7411150E-07,0.019800
5.7416150E-07,0.019206
5.7421150E-07,0.018463
5.7426150E-07,0.017720
5.7431150E-07,0.016977
5.7436150E-07,0.016085
5.7441150E-07,0.015193
5.7446150E-07,0.014302
5.7451150E-07,0.013410
5.7456150E-07,0.012519
5.7461150E-07,0.011627
5.7466150E-07,0.010735
5.7471150E-07,0.009992
5.7476150E-07,0.009249
5.7481150E-07,0.008655
5.7486150E-07,0.008060
5.7491150E-07,0.007466
5.7496150E-07,0.007169
5.7501150E-07,0.006872
5.7506150E-07,0.006723
5.7511150E-07,0.006872
5.7516150E-07,0.007020
5.7521150E-07,0.007317
5.7526150E-07,0.007763
5.7531150E-07,0.008506
5.7536150E-07,0.009249
5.7541150E-07,0.010289
5.7546150E-07,0.011478
5.7551150E-07,0.012667
5.7556150E-07,0.014153
5.7561150E-07,0.015788
5.7566150E-07,0.017422
5.7571150E-07,0.019206
5.7576150E-07,0.021138
5.7581150E-07,0.023069
5.7586150E-07,0.025001
5.7591150E-07,0.026933
5.7596150E-07,0.028865
5.7601150E-07,0.030648
5.7606150E-07,0.032432
5.7611150E-07,0.034215
5.7616150E-07,0.035701
5.7621150E-07,0.037038
5.7626150E-07,0.038079
5.7631150E-07,0.038970
5.7636150E-07,0.039565
5.7641150E-07,0.040010
5.7646150E-07,0.040159
5.7651150E-07,0.040010
5.7656150E-07,0.039565
5.7661150E-07,0.038822
5.7666150E-07,0.037930
5.7671150E-07,0.036741
5.7676150E-07,0.035255
5.7681150E-07,0.033769
5.7686150E-07,0.032134
5.7691150E-07,0.030351
5.7696150E-07,0.028419
5.7701150E-07,0.026487
5.7706150E-07,0.024704
5.7711150E-07,0.022772
5.7716150E-07,0.020989
5.7721150E-07,0.019354
5.7726150E-07,0.017868
5.7731150E-07,0.016382
5.7736150E-07,0.015193
5.7741150E-07,0.014153
5.7746150E-07,0.013262
5.7751150E-07,0.012667
5.7756150E-07,0.012221
5.7761150E-07,0.011924
5.7766150E-07,0.011775
5.7771150E-07,0.011924
5.7776150E-07,0.012073
5.7781150E-07,0.012519
5.7786150E-07,0.012964
5.7791150E-07,0.013559
5.7796150E-07,0.014302
5.7801150E-07,0.015193
5.7806150E-07,0.015936
5.7811150E-07,0.016828
5.7816150E-07,0.017868
5.7821150E-07,0.018760
5.7826150E-07,0.019652
5.7831150E-07,0.020543
5.7836150E-07,0.021435
5.7841150E-07,0.022326
5.7846150E-07,0.023069
5.7851150E-07,0.023812
5.7856150E-07,0.024407
5.7861150E-07,0.025001
5.7866150E-07,0.025447
5.7871150E-07,0.025744
5.7876150E-07,0.026042
5.7881150E-07,0.026190
5.7886150E-07,0.026190
5.7891150E-07,0.026190
5.7896150E-07,0.026042
5.7901150E-07,0.025744
5.7906150E-07,0.025447
5.7911150E-07,0.025001
5.7916150E-07,0.024556
5.7921150E-07,0.023961
5.7926150E-07,0.023515
5.7931150E-07,0.022921
5.7936150E-07,0.022326
5.7941150E-07,0.021732
5.7946150E-07,0.020989
5.7951150E-07,0.020395
5.7956150E-07,0.019800
5.7961150E-07,0.019206
5.7966150E-07,0.018463
5.7971150E-07,0.017868
5.7976150E-07,0.017125
5.7981150E-07,0.016234
5.7986150E-07,0.015491
5.7991150E-07,0.014599
5.7996150E-07,0.013559
5.8001150E-07,0.012519
5.8006150E-07,0.011181
5.8011150E-07,0.009992
5.8016150E-07,0.008506
5.8021150E-07,0.007020
5.8026150E-07,0.005385
5.8031150E-07,0.003602
5.8036150E-07,0.001819
5.8041150E-07,-0.000113
5.8046150E-07,-0.002045
5.8051150E-07,-0.003977
5.8056150E-07,-0.005760
5.8061150E-07,-0.007692
5.8066150E-07,-0.009475
5.8071150E-07,-0.011258
5.8076150E-07,-0.012893
5.8081150E-07,-0.014379
5.8086150E-07,-0.015865
5.8091150E-07,-0.017054
5.8096150E-07,-0.018243
5.8101150E-07,-0.019134
5.8106150E-07,-0.020026
5.8111150E-07,-0.020769
5.8116150E-07,-0.021363
5.8121150E-07,-0.021809
5.8126150E-07,-0.022107
5.8131150E-07,-0.022404
5.8136150E-07,-0.022404
5.8141150E-07,-0.022552
5.8146150E-07,-0.022552
5.8151150E-07,-0.022404
5.8156150E-07,-0.022255
5.8161150E-07,-0.022107
5.8166150E-07,-0.021809
5.8171150E-07,-0.021512
5.8176150E-07,-0.021215
5.8181150E-07,-0.020769
5.8186150E-07,-0.020472
5.8191150E-07,-0.020026
5.8196150E-07,-0.019580
5.8201150E-07,-0.018986
5.8206150E-07,-0.018540
5.8211150E-07,-0.018094
5.8216150E-07,-0.017500
5.8221150E-07,-0.017054
5.8226150E-07,-0.016608
5.8231150E-07,-0.016162
5.8236150E-07,-0.015865
5.8241150E-07,-0.015419
5.8246150E-07,-0.015122
5.8251150E-07,-0.014973
5.8256150E-07,-0.014676
5.8261150E-07,-0.014528
5.8266150E-07,-0.014379
5.8271150E-07,-0.014379
5.8276150E-07,-0.014230
5.8281150E-07,-0.014230
5.8286150E-07,-0.014230
5.8291150E-07,-0.014082
5.8296150E-07,-0.014082
5.8301150E-07,-0.013933
5.8306150E-07,-0.013785
5.8311150E-07,-0.013636
5.8316150E-07,-0.013339
5.8321150E-07,-0.013042
5.8326150E-07,-0.012596
5.8331150E-07,-0.012001
5.8336150E-07,-0.011407
5.8341150E-07,-0.010664
5.8346150E-07,-0.009921
5.8351150E-07,-0.008881
5.8356150E-07,-0.007840
5.8361150E-07,-0.006800
5.8366150E-07,-0.005463
5.8371150E-07,-0.004125
5.8376150E-07,-0.002788
5.8381150E-07,-0.001153
5.8386150E-07,0.000333
5.8391150E-07,0.002116
5.8396150E-07,0.003751
5.8401150E-07,0.005534
5.8406150E-07,0.007317
5.8411150E-07,0.009101
5.8416150E-07,0.010884
5.8421150E-07,0.012667
5.8426150E-07,0.014302
5.8431150E-07,0.015936
5.8436150E-07,0.017571
5.8441150E-07,0.018909
5.8446150E-07,0.020246
5.8451150E-07,0.021435
5.8456150E-07,0.022475
5.8461150E-07,0.023367
5.8466150E-07,0.024110
5.8471150E-07,0.024853
5.8476150E-07,0.025299
5.8481150E-07,0.025596
5.8486150E-07,0.025893
5.8491150E-07,0.026190
5.8496150E-07,0.026190
5.8501150E-07,0.026339
5.8506150E-07,0.026339
5.8511150E-07,0.026339
5.8516150E-07,0.026487
5.8521150E-07,0.026487
5.8526150E-07,0.026636
5.8531150E-07,0.026636
5.8536150E-07,0.026785
5.8541150E-07,0.027082
5.8546150E-07,0.027230
5.8551150E-07,0.027379
5.8556150E-07,0.027676
5.8561150E-07,0.027825
5.8566150E-07,0.027973
5.8571150E-07,0.028122
5.8576150E-07,0.028271
5.8581150E-07,0.028419
5.8586150E-07,0.028419
5.8591150E-07,0.028271
5.8596150E-07,0.028271
5.8601150E-07,0.027973
5.8606150E-07,0.027825
5.8611150E-07,0.027528
5.8616150E-07,0.027230
5.8621150E-07,0.026933
5.8626150E-07,0.026636
5.8631150E-07,0.026339
5.8636150E-07,0.026042
5.8641150E-07,0.025744
5.8646150E-07,0.025596
5.8651150E-07,0.025447
5.8656150E-07,0.025299
5.8661150E-07,0.025299
5.8666150E-07,0.025150
5.8671150E-07,0.025299
5.8676150E-07,0.025299
5.8681150E-07,0.025299
5.8686150E-07,0.025447
5.8691150E-07,0.025596
5.8696150E-07,0.025596
5.8701150E-07,0.025744
5.8706150E-07,0.025744
5.8711150E-07,0.025893
5.8716150E-07,0.025893
5.8721150E-07,0.025893
5.8726150E-07,0.025893
5.8731150E-07,0.025744
5.8736150E-07,0.025744
5.8741150E-07,0.025596
5.8746150E-07,0.025447
5.8751150E-07,0.025299
5.8756150E-07,0.025150
5.8761150E-07,0.025001
5.8766150E-07,0.024853
5.8771150E-07,0.024556
5.8776150E-07,0.024407
5.8781150E-07,0.024258
5.8786150E-07,0.024110
5.8791150E-07,0.023961
5.8796150E-07,0.023812
5.8801150E-07,0.023664
5.8806150E-07,0.023664
5.8811150E-07,0.023664
5.8816150E-07,0.023664
5.8821150E-07,0.023812
5.8826150E-07,0.024110
5.8831150E-07,0.024407
5.8836150E-07,0.025001
5.8841150E-07,0.025596
5.8846150E-07,0.026339
5.8851150E-07,0.027082
5.8856150E-07,0.028122
5.8861150E-07,0.029311
5.8866150E-07,0.030500
5.8871150E-07,0.031837
5.8876150E-07,0.033175
5.8881150E-07,0.034512
5.8886150E-07,0.035998
5.8891150E-07,0.037336
5.8896150E-07,0.038524
5.8901150E-07,0.039713
5.8906150E-07,0.040753
5.8911150E-07,0.041645
5.8916150E-07,0.042388
5.8921150E-07,0.042834
5.8926150E-07,0.042983
5.8931150E-07,0.042983
5.8936150E-07,0.042834
5.8941150E-07,0.042388
5.8946150E-07,0.041794
5.8951150E-07,0.040902
5.8956150E-07,0.040010
5.8961150E-07,0.038970
5.8966150E-07,0.037781
5.8971150E-07,0.036593
5.8976150E-07,0.035404
5.8981150E-07,0.034215
5.8986150E-07,0.033026
5.8991150E-07,0.031837
5.8996150E-07,0.030797
5.9001150E-07,0.029905
5.9006150E-07,0.029014
5.9011150E-07,0.028271
5.9016150E-07,0.027528
5.9021150E-07,0.026785
5.9026150E-07,0.026190
5.9031150E-07,0.025596
5.9036150E-07,0.025001
5.9041150E-07,0.024407
5.9046150E-07,0.023812
5.9051150E-07,0.023069
5.9056150E-07,0.022178
5.9061150E-07,0.021286
5.9066150E-07,0.020395
5.9071150E-07,0.019206
5.9076150E-07,0.018017
5.9081150E-07,0.016679
5.9086150E-07,0.015342
5.9091150E-07,0.013707
5.9096150E-07,0.012221
5.9101150E-07,0.010438
5.9106150E-07,0.008803
5.9111150E-07,0.007020
5.9116150E-07,0.005237
5.9121150E-07,0.003454
5.9126150E-07,0.001819
5.9131150E-07,0.000036
5.9136150E-07,-0.001599
5.9141150E-07,-0.003085
5.9146150E-07,-0.004571
5.9151150E-07,-0.005909
5.9156150E-07,-0.007097
5.9161150E-07,-0.008138
5.9166150E-07,-0.008881
5.9171150E-07,-0.009475
5.9176150E-07,-0.009921
5.9181150E-07,-0.010069
5.9186150E-07,-0.009921
5.9191150E-07,-0.009624
5.9196150E-07,-0.008881
5.9201150E-07,-0.007989
5.9206150E-07,-0.006800
5.9211150E-07,-0.005314
5.9216150E-07,-0.003679
5.9221150E-07,-0.001748
5.9226150E-07,0.000333
5.9231150E-07,0.002562
5.9236150E-07,0.004940
5.9241150E-07,0.007317
5.9246150E-07,0.009844
5.9251150E-07,0.012221
5.9256150E-07,0.014599
5.9261150E-07,0.016828
5.9266150E-07,0.018909
5.9271150E-07,0.020692
5.9276150E-07,0.022326
5.9281150E-07,0.023812
5.9286150E-07,0.025001
5.9291150E-07,0.025744
5.9296150E-07,0.026339
5.9301150E-07,0.026636
5.9306150E-07,0.026636
5.9311150E-07,0.026339
5.9316150E-07,0.025744
5.9321150E-07,0.025001
5.9326150E-07,0.023961
5.9331150E-07,0.022772
5.9336150E-07,0.021435
5.9341150E-07,0.019949
5.9346150E-07,0.018463
5.9351150E-07,0.016828
5.9356150E-07,0.015045
5.9361150E-07,0.013410
5.9366150E-07,0.011627
5.9371150E-07,0.009992
5.9376150E-07,0.008358
5.9381150E-07,0.006723
5.9386150E-07,0.005237
5.9391150E-07,0.003751
5.9396150E-07,0.002413
5.9401150E-07,0.001225
5.9406150E-07,0.000184
5.9411150E-07,-0.000856
5.9416150E-07,-0.001748
5.9421150E-07,-0.002342
5.9426150E-07,-0.002936
5.9431150E-07,-0.003382
5.9436150E-07,-0.003828
5.9441150E-07,-0.003977
5.9446150E-07,-0.004125
5.9451150E-07,-0.004274
5.9456150E-07,-0.004274
5.9461150E-07,-0.004125
5.9466150E-07,-0.004125
5.9471150E-07,-0.003977
5.9476150E-07,-0.003828
5.9481150E-07,-0.003828
5.9486150E-07,-0.003828
5.9491150E-07,-0.003828
5.9496150E-07,-0.003977
5.9501150E-07,-0.004125
5.9506150E-07,-0.004274
5.9511150E-07,-0.004571
5.9516150E-07,-0.005017
5.9521150E-07,-0.005463
5.9526150E-07,-0.005909
5.9531150E-07,-0.006354
5.9536150E-07,-0.006949
5.9541150E-07,-0.007395
5.9546150E-07,-0.007989
5.9551150E-07,-0.008435
5.9556150E-07,-0.008881
5.9561150E-07,-0.009326
5.9566150E-07,-0.009624
5.9571150E-07,-0.009921
5.9576150E-07,-0.010218
5.9581150E-07,-0.010367
5.9586150E-07,-0.010515
5.9591150E-07,-0.010515
5.9596150E-07,-0.010515
5.9601150E-07,-0.010367
5.9606150E-07,-0.010218
5.9611150E-07,-0.010069
5.9616150E-07,-0.009772
5.9621150E-07,-0.009475
5.9626150E-07,-0.009178
5.9631150E-07,-0.008732
5.9636150E-07,-0.008286
5.9641150E-07,-0.007840
5.9646150E-07,-0.007246
5.9651150E-07,-0.006652
5.9656150E-07,-0.006057
5.9661150E-07,-0.005314
5.9666150E-07,-0.004571
5.9671150E-07,-0.003828
5.9676150E-07,-0.002936
5.9681150E-07,-0.002045
5.9686150E-07,-0.001153
5.9691150E-07,-0.000113
5.9696150E-07,0.000779
5.9701150E-07,0.001819
5.9706150E-07,0.002859
5.9711150E-07,0.003751
5.9716150E-07,0.004791
5.9721150E-07,0.005683
5.9726150E-07,0.006723
5.9731150E-07,0.007615
5.9736150E-07,0.008506
5.9741150E-07,0.009398
5.9746150E-07,0.010141
5.9751150E-07,0.011032
5.9756150E-07,0.011924
5.9761150E-07,0.012667
5.9766150E-07,0.013559
5.9771150E-07,0.014450
5.9776150E-07,0.015342
5.9781150E-07,0.016382
5.9786150E-07,0.017422
5.9791150E-07,0.018463
5.9796150E-07,0.019652
5.9801150E-07,0.020840
5.9806150E-07,0.022029
5.9811150E-07,0.023218
5.9816150E-07,0.024556
5.9821150E-07,0.025744
5.9826150E-07,0.026933
5.9831150E-07,0.027973
5.9836150E-07,0.029014
5.9841150E-07,0.029905
5.9846150E-07,0.030648
5.9851150E-07,0.031391
5.9856150E-07,0.031837
5.9861150E-07,0.032134
5.9866150E-07,0.032283
5.9871150E-07,0.032283
5.9876150E-07,0.031986
5.9881150E-07,0.031689
5.9886150E-07,0.031094
5.9891150E-07,0.030500
5.9896150E-07,0.029608
5.9901150E-07,0.028716
5.9906150E-07,0.027676
5.9911150E-07,0.026636
5.9916150E-07,0.025447
5.9921150E-07,0.024258
5.9926150E-07,0.023069
5.9931150E-07,0.021732
5.9936150E-07,0.020395
5.9941150E-07,0.019206
5.9946150E-07,0.017868
5.9951150E-07,0.016531
5.9956150E-07,0.015342
5.9961150E-07,0.014005
5.9966150E-07,0.012816
5.9971150E-07,0.011775
5.9976150E-07,0.010587
5.9981150E-07,0.009546
5.9986150E-07,0.008506
5.9991150E-07,0.007615
5.9996150E-07,0.006872
6.0001150E-07,0.006128
6.0006150E-07,0.005534
6.0011150E-07,0.004940
6.0016150E-07,0.004642
6.0021150E-07,0.004197
6.0026150E-07,0.004048
6.0031150E-07,0.003899
6.0036150E-07,0.003899
6.0041150E-07,0.004048
6.0046150E-07,0.004197
6.0051150E-07,0.004494
6.0056150E-07,0.004791
6.0061150E-07,0.005088
6.0066150E-07,0.005534
6.0071150E-07,0.005980
6.0076150E-07,0.006426
6.0081150E-07,0.006872
6.0086150E-07,0.007466
6.0091150E-07,0.007912
6.0096150E-07,0.008506
6.0101150E-07,0.009101
6.0106150E-07,0.009546
6.0111150E-07,0.010141
6.0116150E-07,0.010735
6.0121150E-07,0.011330
6.0126150E-07,0.011924
6.0131150E-07,0.012519
6.0136150E-07,0.012964
6.0141150E-07,0.013559
6.0146150E-07,0.014005
6.0151150E-07,0.014302
6.0156150E-07,0.014599
6.0161150E-07,0.014748
6.0166150E-07,0.014896
6.0171150E-07,0.014748
6.0176150E-07,0.014450
6.0181150E-07,0.014005
6.0186150E-07,0.013410
6.0191150E-07,0.012667
6.0196150E-07,0.011775
6.0201150E-07,0.010587
6.0206150E-07,0.009398
6.0211150E-07,0.007912
6.0216150E-07,0.006574
6.0221150E-07,0.004940
6.0226150E-07,0.003305
6.0231150E-07,0.001819
6.0236150E-07,0.000184
6.0241150E-07,-0.001450
6.0246150E-07,-0.002788
6.0251150E-07,-0.004274
6.0256150E-07,-0.005463
6.0261150E-07,-0.006652
6.0266150E-07,-0.007543
6.0271150E-07,-0.008435
6.0276150E-07,-0.009029
6.0281150E-07,-0.009624
6.0286150E-07,-0.009921
6.0291150E-07,-0.010069
6.0296150E-07,-0.010218
6.0301150E-07,-0.010069
6.0306150E-07,-0.009772
6.0311150E-07,-0.009475
6.0316150E-07,-0.009029
6.0321150E-07,-0.008435
6.0326150E-07,-0.007692
6.0331150E-07,-0.006949
6.0336150E-07,-0.006057
6.0341150E-07,-0.005017
6.0346150E-07,-0.003977
6.0351150E-07,-0.002788
6.0356150E-07,-0.001599
6.0361150E-07,-0.000262
6.0366150E-07,0.001076
6.0371150E-07,0.002413
6.0376150E-07,0.003899
6.0381150E-07,0.005385
6.0386150E-07,0.006872
6.0391150E-07,0.008209
6.0396150E-07,0.009695
6.0401150E-07,0.011032
6.0406150E-07,0.012370
6.0411150E-07,0.013707
6.0416150E-07,0.014896
6.0421150E-07,0.015936
6.0426150E-07,0.016977
6.0431150E-07,0.017868
6.0436150E-07,0.018611
6.0441150E-07,0.019354
6.0446150E-07,0.019949
6.0451150E-07,0.020395
6.0456150E-07,0.020692
6.0461150E-07,0.020989
6.0466150E-07,0.020989
6.0471150E-07,0.020989
6.0476150E-07,0.020840
6.0481150E-07,0.020543
6.0486150E-07,0.020246
6.0491150E-07,0.019652
6.0496150E-07,0.019057
6.0501150E-07,0.018165
6.0506150E-07,0.017274
6.0511150E-07,0.016234
6.0516150E-07,0.014896
6.0521150E-07,0.013559
6.0526150E-07,0.012221
6.0531150E-07,0.010735
6.0536150E-07,0.009101
6.0541150E-07,0.007466
6.0546150E-07,0.005831
6.0551150E-07,0.004345
6.0556150E-07,0.002859
6.0561150E-07,0.001522
6.0566150E-07,0.000184
6.0571150E-07,-0.000856
6.0576150E-07,-0.001748
6.0581150E-07,-0.002342
6.0586150E-07,-0.002788
6.0591150E-07,-0.002788
6.0596150E-07,-0.002639
6.0601150E-07,-0.002342
6.0606150E-07,-0.001599
6.0611150E-07,-0.000707
6.0616150E-07,0.000481
6.0621150E-07,0.001670
6.0626150E-07,0.003156
6.0631150E-07,0.004791
6.0636150E-07,0.006574
6.0641150E-07,0.008358
6.0646150E-07,0.010289
6.0651150E-07,0.012073
6.0656150E-07,0.014005
6.0661150E-07,0.015936
6.0666150E-07,0.017720
6.0671150E-07,0.019652
6.0676150E-07,0.021435
6.0681150E-07,0.023367
6.0686150E-07,0.025150
6.0691150E-07,0.026933
6.0696150E-07,0.028716
6.0701150E-07,0.030351
6.0706150E-07,0.032134
6.0711150E-07,0.033918
6.0716150E-07,0.035701
6.0721150E-07,0.037336
6.0726150E-07,0.039119
6.0731150E-07,0.040753
6.0736150E-07,0.042388
6.0741150E-07,0.044023
6.0746150E-07,0.045509
6.0751150E-07,0.046846
6.0756150E-07,0.048184
6.0761150E-07,0.049373
6.0766150E-07,0.050264
6.0771150E-07,0.051156
6.0776150E-07,0.051899
6.0781150E-07,0.052493
6.0786150E-07,0.052939
6.0791150E-07,0.053236
6.0796150E-07,0.053385
6.0801150E-07,0.053385
6.0806150E-07,0.053236
6.0811150E-07,0.052939
6.0816150E-07,0.052493
6.0821150E-07,0.052047
6.0826150E-07,0.051304
6.0831150E-07,0.050561
6.0836150E-07,0.049670
6.0841150E-07,0.048778
6.0846150E-07,0.047589
6.0851150E-07,0.046400
6.0856150E-07,0.045063
6.0861150E-07,0.043577
6.0866150E-07,0.042091
6.0871150E-07,0.040456
6.0876150E-07,0.038673
6.0881150E-07,0.036890
6.0886150E-07,0.034958
6.0891150E-07,0.033026
6.0896150E-07,0.030946
6.0901150E-07,0.029014
6.0906150E-07,0.026933
6.0911150E-07,0.025001
6.0916150E-07,0.023069
6.0921150E-07,0.021286
6.0926150E-07,0.019503
6.0931150E-07,0.017868
6.0936150E-07,0.016234
6.0941150E-07,0.014896
6.0946150E-07,0.013707
6.0951150E-07,0.012667
6.0956150E-07,0.011775
6.0961150E-07,0.010884
6.0966150E-07,0.010289
6.0971150E-07,0.009844
6.0976150E-07,0.009546
6.0981150E-07,0.009249
6.0986150E-07,0.009101
6.0991150E-07,0.009101
6.0996150E-07,0.009101
6.1001150E-07,0.009249
6.1006150E-07,0.009546
6.1011150E-07,0.009844
6.1016150E-07,0.010289
6.1021150E-07,0.010735
6.1026150E-07,0.011330
6.1031150E-07,0.012073
6.1036150E-07,0.012816
6.1041150E-07,0.013707
6.1046150E-07,0.014748
6.1051150E-07,0.015788
6.1056150E-07,0.016977
6.1061150E-07,0.018165
6.1066150E-07,0.019503
6.1071150E-07,0.020989
6.1076150E-07,0.022326
6.1081150E-07,0.023812
6.1086150E-07,0.025299
6.1091150E-07,0.026785
6.1096150E-07,0.028122
6.1101150E-07,0.029608
6.1106150E-07,0.030946
6.1111150E-07,0.032134
6.1116150E-07,0.033323
6.1121150E-07,0.034363
6.1126150E-07,0.035255
6.1131150E-07,0.036147
6.1136150E-07,0.036890
6.1141150E-07,0.037484
6.1146150E-07,0.038079
6.1151150E-07,0.038376
6.1156150E-07,0.038673
6.1161150E-07,0.038822
6.1166150E-07,0.038970
6.1171150E-07,0.038970
6.1176150E-07,0.038822
6.1181150E-07,0.038524
6.1186150E-07,0.038079
6.1191150E-07,0.037484
6.1196150E-07,0.036741
6.1201150E-07,0.035850
6.1206150E-07,0.034809
6.1211150E-07,0.033472
6.1216150E-07,0.031986
6.1221150E-07,0.030351
6.1226150E-07,0.028419
6.1231150E-07,0.026339
6.1236150E-07,0.023961
6.1241150E-07,0.021583
6.1246150E-07,0.018909
6.1251150E-07,0.016234
6.1256150E-07,0.013262
6.1261150E-07,0.010289
6.1266150E-07,0.007317
6.1271150E-07,0.004494
6.1276150E-07,0.001522
6.1281150E-07,-0.001302
6.1286150E-07,-0.003977
6.1291150E-07,-0.006503
6.1296150E-07,-0.008881
6.1301150E-07,-0.010961
6.1306150E-07,-0.012744
6.1311150E-07,-0.014379
6.1316150E-07,-0.015568
6.1321150E-07,-0.016460
6.1326150E-07,-0.017054
6.1331150E-07,-0.017203
6.1336150E-07,-0.017203
6.1341150E-07,-0.016608
6.1346150E-07,-0.015865
6.1351150E-07,-0.014825
6.1356150E-07,-0.013339
6.1361150E-07,-0.011704
6.1366150E-07,-0.009624
6.1371150E-07,-0.007543
6.1376150E-07,-0.005017
6.1381150E-07,-0.002491
6.1386150E-07,0.000333
6.1391150E-07,0.003305
6.1396150E-07,0.006277
6.1401150E-07,0.009398
6.1406150E-07,0.012519
6.1411150E-07,0.015639
6.1416150E-07,0.018611
6.1421150E-07,0.021583
6.1426150E-07,0.024556
6.1431150E-07,0.027230
6.1436150E-07,0.029905
6.1441150E-07,0.032283
6.1446150E-07,0.034363
6.1451150E-07,0.036444
6.1456150E-07,0.038079
6.1461150E-07,0.039565
6.1466150E-07,0.040902
6.1471150E-07,0.041794
6.1476150E-07,0.042537
6.1481150E-07,0.043131
6.1486150E-07,0.043428
6.1491150E-07,0.043577
6.1496150E-07,0.043577
6.1501150E-07,0.043280
6.1506150E-07,0.042834
6.1511150E-07,0.042388
6.1516150E-07,0.041794
6.1521150E-07,0.041051
6.1526150E-07,0.040308
6.1531150E-07,0.039565
6.1536150E-07,0.038673
6.1541150E-07,0.037781
6.1546150E-07,0.036890
6.1551150E-07,0.035998
6.1556150E-07,0.035106
6.1561150E-07,0.034215
6.1566150E-07,0.033472
6.1571150E-07,0.032729
6.1576150E-07,0.032134
6.1581150E-07,0.031540
6.1586150E-07,0.030946
6.1591150E-07,0.030500
6.1596150E-07,0.030203
6.1601150E-07,0.029905
6.1606150E-07,0.029608
6.1611150E-07,0.029608
6.1616150E-07,0.029459
6.1621150E-07,0.029459
6.1626150E-07,0.029459
6.1631150E-07,0.029459
6.1636150E-07,0.029459
6.1641150E-07,0.029459
6.1646150E-07,0.029311
6.1651150E-07,0.029162
6.1656150E-07,0.028716
6.1661150E-07,0.028419
6.1666150E-07,0.027825
6.1671150E-07,0.027082
6.1676150E-07,0.026190
6.1681150E-07,0.025150
6.1686150E-07,0.023961
6.1691150E-07,0.022624
6.1696150E-07,0.021138
6.1701150E-07,0.019503
6.1706150E-07,0.017868
6.1711150E-07,0.016234
6.1716150E-07,0.014450
6.1721150E-07,0.012667
6.1726150E-07,0.011032
6.1731150E-07,0.009398
6.1736150E-07,0.007912
6.1741150E-07,0.006574
6.1746150E-07,0.005385
6.1751150E-07,0.004197
6.1756150E-07,0.003305
6.1761150E-07,0.002562
6.1766150E-07,0.001968
6.1771150E-07,0.001522
6.1776150E-07,0.001225
6.1781150E-07,0.001076
6.1786150E-07,0.000927
6.1791150E-07,0.001076
6.1796150E-07,0.001225
6.1801150E-07,0.001522
6.1806150E-07,0.001968
6.1811150E-07,0.002413
6.1816150E-07,0.003008
6.1821150E-07,0.003602
6.1826150E-07,0.004197
6.1831150E-07,0.004940
6.1836150E-07,0.005683
6.1841150E-07,0.006574
6.1846150E-07,0.007466
6.1851150E-07,0.008506
6.1856150E-07,0.009398
6.1861150E-07,0.010438
6.1866150E-07,0.011478
6.1871150E-07,0.012667
6.1876150E-07,0.013707
6.1881150E-07,0.014748
6.1886150E-07,0.015788
6.1891150E-07,0.016828
6.1896150E-07,0.017720
6.1901150E-07,0.018463
6.1906150E-07,0.019206
6.1911150E-07,0.019949
6.1916150E-07,0.020395
6.1921150E-07,0.020692
6.1926150E-07,0.020989
6.1931150E-07,0.020989
6.1936150E-07,0.020989
6.1941150E-07,0.020840
6.1946150E-07,0.020543
6.1951150E-07,0.020097
6.1956150E-07,0.019503
6.1961150E-07,0.018909
6.1966150E-07,0.018165
6.1971150E-07,0.017274
6.1976150E-07,0.016382
6.1981150E-07,0.015342
6.1986150E-07,0.014450
6.1991150E-07,0.013262
6.1996150E-07,0.012221
6.2001150E-07,0.011181
6.2006150E-07,0.009992
6.2011150E-07,0.008803
6.2016150E-07,0.007763
6.2021150E-07,0.006574
6.2026150E-07,0.005385
6.2031150E-07,0.004345
6.2036150E-07,0.003305
6.2041150E-07,0.002265
6.2046150E-07,0.001373
6.2051150E-07,0.000481
6.2056150E-07,-0.000410
6.2061150E-07,-0.001005
6.2066150E-07,-0.001748
6.2071150E-07,-0.002193
6.2076150E-07,-0.002639
6.2081150E-07,-0.002936
6.2086150E-07,-0.003085
6.2091150E-07,-0.003085
6.2096150E-07,-0.003085
6.2101150E-07,-0.003085
6.2106150E-07,-0.002788
6.2111150E-07,-0.002639
6.2116150E-07,-0.002342
6.2121150E-07,-0.002045
6.2126150E-07,-0.001599
6.2131150E-07,-0.001302
6.2136150E-07,-0.001005
6.2141150E-07,-0.000707
6.2146150E-07,-0.000262
6.2151150E-07,0.000036
6.2156150E-07,0.000184
6.2161150E-07,0.000481
6.2166150E-07,0.000779
6.2171150E-07,0.000927
6.2176150E-07,0.001225
6.2181150E-07,0.001373
6.2186150E-07,0.001670
6.2191150E-07,0.001819
6.2196150E-07,0.002116
6.2201150E-07,0.002413
6.2206150E-07,0.002711
6.2211150E-07,0.002859
6.2216150E-07,0.003156
6.2221150E-07,0.003454
6.2226150E-07,0.003751
6.2231150E-07,0.004048
6.2236150E-07,0.004197
6.2241150E-07,0.004494
6.2246150E-07,0.004494
6.2251150E-07,0.004642
6.2256150E-07,0.004642
6.2261150E-07,0.004642
6.2266150E-07,0.004494
6.2271150E-07,0.004345
6.2276150E-07,0.004197
6.2281150E-07,0.003899
6.2286150E-07,0.003602
6.2291150E-07,0.003156
6.2296150E-07,0.002711
6.2301150E-07,0.002116
6.2306150E-07,0.001670
6.2311150E-07,0.001076
6.2316150E-07,0.000333
6.2321150E-07,-0.000262
6.2326150E-07,-0.001005
6.2331150E-07,-0.001896
6.2336150E-07,-0.002639
6.2341150E-07,-0.003531
6.2346150E-07,-0.004571
6.2351150E-07,-0.005463
6.2356150E-07,-0.006503
6.2361150E-07,-0.007543
6.2366150E-07,-0.008583
6.2371150E-07,-0.009624
6.2376150E-07,-0.010664
6.2381150E-07,-0.011704
6.2386150E-07,-0.012744
6.2391150E-07,-0.013636
6.2396150E-07,-0.014528
6.2401150E-07,-0.015271
6.2406150E-07,-0.015865
6.2411150E-07,-0.016460
6.2416150E-07,-0.016757
6.2421150E-07,-0.016905
6.2426150E-07,-0.016905
6.2431150E-07,-0.016757
6.2436150E-07,-0.016460
6.2441150E-07,-0.016162
6.2446150E-07,-0.015568
6.2451150E-07,-0.014825
6.2456150E-07,-0.014082
6.2461150E-07,-0.013190
6.2466150E-07,-0.012150
6.2471150E-07,-0.011258
6.2476150E-07,-0.010218
6.2481150E-07,-0.009178
6.2486150E-07,-0.008286
6.2491150E-07,-0.007246
6.2496150E-07,-0.006354
6.2501150E-07,-0.005463
6.2506150E-07,-0.004720
6.2511150E-07,-0.003977
6.2516150E-07,-0.003234
6.2521150E-07,-0.002639
6.2526150E-07,-0.002045
6.2531150E-07,-0.001450
6.2536150E-07,-0.001005
6.2541150E-07,-0.000559
6.2546150E-07,-0.000262
6.2551150E-07,0.000036
6.2556150E-07,0.000333
6.2561150E-07,0.000630
6.2566150E-07,0.000779
6.2571150E-07,0.000927
6.2576150E-07,0.001076
6.2581150E-07,0.001076
6.2586150E-07,0.001076
6.2591150E-07,0.001076
6.2596150E-07,0.001076
6.2601150E-07,0.000927
6.2606150E-07,0.000927
6.2611150E-07,0.000779
6.2616150E-07,0.000779
6.2621150E-07,0.000779
6.2626150E-07,0.000779
6.2631150E-07,0.000927
6.2636150E-07,0.001225
6.2641150E-07,0.001522
6.2646150E-07,0.001968
6.2651150E-07,0.002413
6.2656150E-07,0.003156
6.2661150E-07,0.004048
6.2666150E-07,0.004940
6.2671150E-07,0.005980
6.2676150E-07,0.007169
6.2681150E-07,0.008506
6.2686150E-07,0.009844
6.2691150E-07,0.011181
6.2696150E-07,0.012816
6.2701150E-07,0.014302
6.2706150E-07,0.015936
6.2711150E-07,0.017571
6.2716150E-07,0.019206
6.2721150E-07,0.020840
6.2726150E-07,0.022475
6.2731150E-07,0.024110
6.2736150E-07,0.025893
6.2741150E-07,0.027528
6.2746150E-07,0.029014
6.2751150E-07,0.030648
6.2756150E-07,0.032134
6.2761150E-07,0.033472
6.2766150E-07,0.034809
6.2771150E-07,0.035998
6.2776150E-07,0.036890
6.2781150E-07,0.037633
6.2786150E-07,0.038227
6.2791150E-07,0.038524
6.2796150E-07,0.038376
6.2801150E-07,0.038079
6.2806150E-07,0.037336
6.2811150E-07,0.036147
6.2816150E-07,0.034661
6.2821150E-07,0.032729
6.2826150E-07,0.030500
6.2831150E-07,0.027973
6.2836150E-07,0.025150
6.2841150E-07,0.021881
6.2846150E-07,0.018611
6.2851150E-07,0.015045
6.2856150E-07,0.011330
6.2861150E-07,0.007615
6.2866150E-07,0.003899
6.2871150E-07,0.000333
6.2876150E-07,-0.003234
6.2881150E-07,-0.006503
6.2886150E-07,-0.009624
6.2891150E-07,-0.012447
6.2896150E-07,-0.014973
6.2901150E-07,-0.017054
6.2906150E-07,-0.018986
6.2911150E-07,-0.020472
6.2916150E-07,-0.021809
6.2921150E-07,-0.022701
6.2926150E-07,-0.023444
6.2931150E-07,-0.023890
6.2936150E-07,-0.024038
6.2941150E-07,-0.024187
6.2946150E-07,-0.024038
6.2951150E-07,-0.023890
6.2956150E-07,-0.023741
6.2961150E-07,-0.023444
6.2966150E-07,-0.023147
6.2971150E-07,-0.022998
6.2976150E-07,-0.022701
6.2981150E-07,-0.022552
6.2986150E-07,-0.022552
6.2991150E-07,-0.022552
6.2996150E-07,-0.022552
6.3001150E-07,-0.022701
6.3006150E-07,-0.022850
6.3011150E-07,-0.023147
6.3016150E-07,-0.023444
6.3021150E-07,-0.023741
6.3026150E-07,-0.024038
6.3031150E-07,-0.024484
6.3036150E-07,-0.024930
6.3041150E-07,-0.025376
6.3046150E-07,-0.025822
6.3051150E-07,-0.026267
6.3056150E-07,-0.026713
6.3061150E-07,-0.027159
6.3066150E-07,-0.027605
6.3071150E-07,-0.028051
6.3076150E-07,-0.028497
6.3081150E-07,-0.028942
6.3086150E-07,-0.029240
6.3091150E-07,-0.029685
6.3096150E-07,-0.029983
6.3101150E-07,-0.030428
6.3106150E-07,-0.030726
6.3111150E-07,-0.031023
6.3116150E-07,-0.031469
6.3121150E-07,-0.031766
6.3126150E-07,-0.032063
6.3131150E-07,-0.032212
6.3136150E-07,-0.032509
6.3141150E-07,-0.032806
6.3146150E-07,-0.032955
6.3151150E-07,-0.033103
6.3156150E-07,-0.033103
6.3161150E-07,-0.033103
6.3166150E-07,-0.033103
6.3171150E-07,-0.032806
6.3176150E-07,-0.032509
6.3181150E-07,-0.032063
6.3186150E-07,-0.031469
6.3191150E-07,-0.030577
6.3196150E-07,-0.029685
6.3201150E-07,-0.028497
6.3206150E-07,-0.027159
6.3211150E-07,-0.025524
6.3216150E-07,-0.023741
6.3221150E-07,-0.021958
6.3226150E-07,-0.019877
6.3231150E-07,-0.017648
6.3236150E-07,-0.015271
6.3241150E-07,-0.012893
6.3246150E-07,-0.010515
6.3251150E-07,-0.007989
6.3256150E-07,-0.005463
6.3261150E-07,-0.003085
6.3266150E-07,-0.000707
6.3271150E-07,0.001670
6.3276150E-07,0.003751
6.3281150E-07,0.005831
6.3286150E-07,0.007615
6.3291150E-07,0.009249
6.3296150E-07,0.010884
6.3301150E-07,0.012221
6.3306150E-07,0.013262
6.3311150E-07,0.014302
6.3316150E-07,0.015045
6.3321150E-07,0.015639
6.3326150E-07,0.016085
6.3331150E-07,0.016531
6.3336150E-07,0.016679
6.3341150E-07,0.016679
6.3346150E-07,0.016679
6.3351150E-07,0.016531
6.3356150E-07,0.016234
6.3361150E-07,0.015936
6.3366150E-07,0.015491
6.3371150E-07,0.014896
6.3376150E-07,0.014153
6.3381150E-07,0.013410
6.3386150E-07,0.012667
6.3391150E-07,0.011775
6.3396150E-07,0.010735
6.3401150E-07,0.009695
6.3406150E-07,0.008506
6.3411150E-07,0.007317
6.3416150E-07,0.006128
6.3421150E-07,0.004940
6.3426150E-07,0.003751
6.3431150E-07,0.002562
6.3436150E-07,0.001373
6.3441150E-07,0.000184
6.3446150E-07,-0.000856
6.3451150E-07,-0.001748
6.3456150E-07,-0.002639
6.3461150E-07,-0.003382
6.3466150E-07,-0.004125
6.3471150E-07,-0.004720
6.3476150E-07,-0.005314
6.3481150E-07,-0.005760
6.3486150E-07,-0.006057
6.3491150E-07,-0.006354
6.3496150E-07,-0.006652
6.3501150E-07,-0.006800
6.3506150E-07,-0.006949
6.3511150E-07,-0.007097
6.3516150E-07,-0.007097
6.3521150E-07,-0.007246
6.3526150E-07,-0.007246
6.3531150E-07,-0.007097
6.3536150E-07,-0.007097
6.3541150E-07,-0.006949
6.3546150E-07,-0.006800
6.3551150E-07,-0.006652
6.3556150E-07,-0.006354
6.3561150E-07,-0.005909
6.3566150E-07,-0.005463
6.3571150E-07,-0.005017
6.3576150E-07,-0.004422
6.3581150E-07,-0.003828
6.3586150E-07,-0.003085
6.3591150E-07,-0.002342
6.3596150E-07,-0.001450
6.3601150E-07,-0.000707
6.3606150E-07,0.000184
6.3611150E-07,0.001076
6.3616150E-07,0.001968
6.3621150E-07,0.002859
6.3626150E-07,0.003602
6.3631150E-07,0.004345
6.3636150E-07,0.005088
6.3641150E-07,0.005683
6.3646150E-07,0.006277
6.3651150E-07,0.006872
6.3656150E-07,0.007317
6.3661150E-07,0.007615
6.3666150E-07,0.008060
6.3671150E-07,0.008358
6.3676150E-07,0.008506
6.3681150E-07,0.008655
6.3686150E-07,0.008803
6.3691150E-07,0.008952
6.3696150E-07,0.008952
6.3701150E-07,0.008952
6.3706150E-07,0.008952
6.3711150E-07,0.008803
6.3716150E-07,0.008655
6.3721150E-07,0.008506
6.3726150E-07,0.008209
6.3731150E-07,0.007912
6.3736150E-07,0.007466
6.3741150E-07,0.007020
6.3746150E-07,0.006426
6.3751150E-07,0.005831
6.3756150E-07,0.005237
6.3761150E-07,0.004494
6.3766150E-07,0.003751
6.3771150E-07,0.003008
6.3776150E-07,0.002265
6.3781150E-07,0.001373
6.3786150E-07,0.000481
6.3791150E-07,-0.000262
6.3796150E-07,-0.001153
6.3801150E-07,-0.002045
6.3806150E-07,-0.002936
6.3811150E-07,-0.003828
6.3816150E-07,-0.004720
6.3821150E-07,-0.005611
6.3826150E-07,-0.006652
6.3831150E-07,-0.007543
6.3836150E-07,-0.008583
6.3841150E-07,-0.009475
6.3846150E-07,-0.010515
6.3851150E-07,-0.011556
6.3856150E-07,-0.012447
6.3861150E-07,-0.013487
6.3866150E-07,-0.014379
6.3871150E-07,-0.015271
6.3876150E-07,-0.016162
6.3881150E-07,-0.016905
6.3886150E-07,-0.017500
6.3891150E-07,-0.018094
6.3896150E-07,-0.018391
6.3901150E-07,-0.018689
6.3906150E-07,-0.018837
6.3911150E-07,-0.018986
6.3916150E-07,-0.018837
6.3921150E-07,-0.018689
6.3926150E-07,-0.018243
6.3931150E-07,-0.017946
6.3936150E-07,-0.017500
6.3941150E-07,-0.016905
6.3946150E-07,-0.016460
6.3951150E-07,-0.016014
6.3956150E-07,-0.015568
6.3961150E-07,-0.015122
6.3966150E-07,-0.014676
6.3971150E-07,-0.014528
6.3976150E-07,-0.014230
6.3981150E-07,-0.014082
6.3986150E-07,-0.014082
6.3991150E-07,-0.014082
6.3996150E-07,-0.014230
6.4001150E-07,-0.014230
6.4006150E-07,-0.014379
6.4011150E-07,-0.014528
6.4016150E-07,-0.014528
6.4021150E-07,-0.014528
6.4026150E-07,-0.014379
6.4031150E-07,-0.014230
6.4036150E-07,-0.013933
6.4041150E-07,-0.013487
6.4046150E-07,-0.012893
6.4051150E-07,-0.012150
6.4056150E-07,-0.011407
6.4061150E-07,-0.010515
6.4066150E-07,-0.009475
6.4071150E-07,-0.008435
6.4076150E-07,-0.007395
6.4081150E-07,-0.006206
6.4086150E-07,-0.005017
6.4091150E-07,-0.003828
6.4096150E-07,-0.002639
6.4101150E-07,-0.001450
6.4106150E-07,-0.000262
6.4111150E-07,0.000927
6.4116150E-07,0.002116
6.4121150E-07,0.003156
6.4126150E-07,0.004345
6.4131150E-07,0.005385
6.4136150E-07,0.006574
6.4141150E-07,0.007615
6.4146150E-07,0.008655
6.4151150E-07,0.009695
6.4156150E-07,0.010735
6.4161150E-07,0.011775
6.4166150E-07,0.012816
6.4171150E-07,0.013707
6.4176150E-07,0.014599
6.4181150E-07,0.015342
6.4186150E-07,0.015936
6.4191150E-07,0.016531
6.4196150E-07,0.016828
6.4201150E-07,0.016977
6.4206150E-07,0.016977
6.4211150E-07,0.016679
6.4216150E-07,0.016085
6.4221150E-07,0.015342
6.4226150E-07,0.014302
6.4231150E-07,0.013113
6.4236150E-07,0.011478
6.4241150E-07,0.009844
6.4246150E-07,0.007912
6.4251150E-07,0.005831
6.4256150E-07,0.003454
6.4261150E-07,0.001076
6.4266150E-07,-0.001302
6.4271150E-07,-0.003828
6.4276150E-07,-0.006354
6.4281150E-07,-0.008881
6.4286150E-07,-0.011258
6.4291150E-07,-0.013636
6.4296150E-07,-0.015865
6.4301150E-07,-0.017946
6.4306150E-07,-0.019877
6.4311150E-07,-0.021512
6.4316150E-07,-0.022998
6.4321150E-07,-0.024187
6.4326150E-07,-0.025079
6.4331150E-07,-0.025673
6.4336150E-07,-0.026119
6.4341150E-07,-0.026267
6.4346150E-07,-0.025970
6.4351150E-07,-0.025524
6.4356150E-07,-0.024781
6.4361150E-07,-0.023890
6.4366150E-07,-0.022701
6.4371150E-07,-0.021363
6.4376150E-07,-0.019877
6.4381150E-07,-0.018243
6.4386150E-07,-0.016460
6.4391150E-07,-0.014676
6.4396150E-07,-0.012893
6.4401150E-07,-0.010961
6.4406150E-07,-0.009178
6.4411150E-07,-0.007395
6.4416150E-07,-0.005760
6.4421150E-07,-0.004125
6.4426150E-07,-0.002639
6.4431150E-07,-0.001302
6.4436150E-07,-0.000113
6.4441150E-07,0.001076
6.4446150E-07,0.002116
6.4451150E-07,0.003156
6.4456150E-07,0.003899
6.4461150E-07,0.004642
6.4466150E-07,0.005385
6.4471150E-07,0.005980
6.4476150E-07,0.006574
6.4481150E-07,0.007020
6.4486150E-07,0.007466
6.4491150E-07,0.007763
6.4496150E-07,0.008060
6.4501150E-07,0.008209
6.4506150E-07,0.008209
6.4511150E-07,0.008060
6.4516150E-07,0.007912
6.4521150E-07,0.007466
6.4526150E-07,0.007020
6.4531150E-07,0.006277
6.4536150E-07,0.005385
6.4541150E-07,0.004345
6.4546150E-07,0.003156
6.4551150E-07,0.001819
6.4556150E-07,0.000333
6.4561150E-07,-0.001153
6.4566150E-07,-0.002639
6.4571150E-07,-0.004125
6.4576150E-07,-0.005611
6.4581150E-07,-0.007097
6.4586150E-07,-0.008435
6.4591150E-07,-0.009475
6.4596150E-07,-0.010515
6.4601150E-07,-0.011258
6.4606150E-07,-0.011853
6.4611150E-07,-0.012150
6.4616150E-07,-0.012150
6.4621150E-07,-0.012001
6.4626150E-07,-0.011704
6.4631150E-07,-0.011110
6.4636150E-07,-0.010515
6.4641150E-07,-0.009624
6.4646150E-07,-0.008732
6.4651150E-07,-0.007840
6.4656150E-07,-0.006800
6.4661150E-07,-0.005909
6.4666150E-07,-0.005017
6.4671150E-07,-0.004274
6.4676150E-07,-0.003679
6.4681150E-07,-0.003085
6.4686150E-07,-0.002788
6.4691150E-07,-0.002639
6.4696150E-07,-0.002639
6.4701150E-07,-0.002788
6.4706150E-07,-0.003085
6.4711150E-07,-0.003679
6.4716150E-07,-0.004274
6.4721150E-07,-0.005017
6.4726150E-07,-0.005909
6.4731150E-07,-0.006949
6.4736150E-07,-0.007989
6.4741150E-07,-0.008881
6.4746150E-07,-0.009921
6.4751150E-07,-0.010961
6.4756150E-07,-0.011853
6.4761150E-07,-0.012596
6.4766150E-07,-0.013339
6.4771150E-07,-0.013785
6.4776150E-07,-0.014230
6.4781150E-07,-0.014379
6.4786150E-07,-0.014230
6.4791150E-07,-0.014082
6.4796150E-07,-0.013487
6.4801150E-07,-0.012893
6.4806150E-07,-0.011853
6.4811150E-07,-0.010813
6.4816150E-07,-0.009475
6.4821150E-07,-0.007989
6.4826150E-07,-0.006354
6.4831150E-07,-0.004571
6.4836150E-07,-0.002639
6.4841150E-07,-0.000856
6.4846150E-07,0.001076
6.4851150E-07,0.003008
6.4856150E-07,0.004940
6.4861150E-07,0.006723
6.4866150E-07,0.008506
6.4871150E-07,0.009992
6.4876150E-07,0.011478
6.4881150E-07,0.012816
6.4886150E-07,0.013856
6.4891150E-07,0.014896
6.4896150E-07,0.015639
6.4901150E-07,0.016234
6.4906150E-07,0.016679
6.4911150E-07,0.016828
6.4916150E-07,0.016977
6.4921150E-07,0.016828
6.4926150E-07,0.016679
6.4931150E-07,0.016382
6.4936150E-07,0.015788
6.4941150E-07,0.015193
6.4946150E-07,0.014599
6.4951150E-07,0.013707
6.4956150E-07,0.012816
6.4961150E-07,0.011627
6.4966150E-07,0.010438
6.4971150E-07,0.009249
6.4976150E-07,0.007763
6.4981150E-07,0.006277
6.4986150E-07,0.004791
6.4991150E-07,0.003156
6.4996150E-07,0.001373
6.5001150E-07,-0.000410
6.5006150E-07,-0.002193
6.5011150E-07,-0.003977
6.5016150E-07,-0.005611
6.5021150E-07,-0.007395
6.5026150E-07,-0.009029
6.5031150E-07,-0.010515
6.5036150E-07,-0.011853
6.5041150E-07,-0.013042
6.5046150E-07,-0.013933
6.5051150E-07,-0.014825
6.5056150E-07,-0.015419
6.5061150E-07,-0.015716
6.5066150E-07,-0.015865
6.5071150E-07,-0.015716
6.5076150E-07,-0.015419
6.5081150E-07,-0.014825
6.5086150E-07,-0.014082
6.5091150E-07,-0.013190
6.5096150E-07,-0.012150
6.5101150E-07,-0.010813
6.5106150E-07,-0.009475
6.5111150E-07,-0.007989
6.5116150E-07,-0.006503
6.5121150E-07,-0.004720
6.5126150E-07,-0.003085
6.5131150E-07,-0.001302
6.5136150E-07,0.000481
6.5141150E-07,0.002265
6.5146150E-07,0.004197
6.5151150E-07,0.005980
6.5156150E-07,0.007912
6.5161150E-07,0.009844
6.5166150E-07,0.011775
6.5171150E-07,0.013707
6.5176150E-07,0.015788
6.5181150E-07,0.017720
6.5186150E-07,0.019800
6.5191150E-07,0.021732
6.5196150E-07,0.023812
6.5201150E-07,0.025893
6.5206150E-07,0.027825
6.5211150E-07,0.029905
6.5216150E-07,0.031837
6.5221150E-07,0.033769
6.5226150E-07,0.035701
6.5231150E-07,0.037633
6.5236150E-07,0.039416
6.5241150E-07,0.041051
6.5246150E-07,0.042685
6.5251150E-07,0.044171
6.5256150E-07,0.045657
6.5261150E-07,0.046995
6.5266150E-07,0.048184
6.5271150E-07,0.049224
6.5276150E-07,0.050116
6.5281150E-07,0.050859
6.5286150E-07,0.051453
6.5291150E-07,0.052047
6.5296150E-07,0.052345
6.5301150E-07,0.052493
6.5306150E-07,0.052493
6.5311150E-07,0.052345
6.5316150E-07,0.052196
6.5321150E-07,0.051750
6.5326150E-07,0.051304
6.5331150E-07,0.050710
6.5336150E-07,0.050116
6.5341150E-07,0.049521
6.5346150E-07,0.048927
6.5351150E-07,0.048332
6.5356150E-07,0.047738
6.5361150E-07,0.047441
6.5366150E-07,0.047144
6.5371150E-07,0.047144
6.5376150E-07,0.047441
6.5381150E-07,0.047887
6.5386150E-07,0.048630
6.5391150E-07,0.049818
6.5396150E-07,0.051156
6.5401150E-07,0.052939
6.5406150E-07,0.055020
6.5411150E-07,0.057397
6.5416150E-07,0.060072
6.5421150E-07,0.063044
6.5426150E-07,0.066165
6.5431150E-07,0.069434
6.5436150E-07,0.072852
