LECROYWaveRunner‘N,20113,Waveform
Segments,1,SegmentSize,4002
Segment,TrigTime,TimeSinceSegment1
#1,12-Dec-2018 11:41:44,0                 
Time,Ampl
4.5694960E-07,-0.010391
4.5699960E-07,-0.010389
4.5704960E-07,-0.010388
4.5709960E-07,-0.010386
4.5714960E-07,-0.010383
4.5719960E-07,-0.010381
4.5724960E-07,-0.010378
4.5729960E-07,-0.010377
4.5734960E-07,-0.010375
4.5739960E-07,-0.010375
4.5744960E-07,-0.010375
4.5749960E-07,-0.010377
4.5754960E-07,-0.010379
4.5759960E-07,-0.010383
4.5764960E-07,-0.010387
4.5769960E-07,-0.010392
4.5774960E-07,-0.010398
4.5779960E-07,-0.010404
4.5784960E-07,-0.010411
4.5789960E-07,-0.010418
4.5794960E-07,-0.010424
4.5799960E-07,-0.010431
4.5804960E-07,-0.010436
4.5809960E-07,-0.010441
4.5814960E-07,-0.010445
4.5819960E-07,-0.010448
4.5824960E-07,-0.010450
4.5829960E-07,-0.010450
4.5834960E-07,-0.010449
4.5839960E-07,-0.010447
4.5844960E-07,-0.010444
4.5849960E-07,-0.010439
4.5854960E-07,-0.010434
4.5859960E-07,-0.010428
4.5864960E-07,-0.010421
4.5869960E-07,-0.010413
4.5874960E-07,-0.010405
4.5879960E-07,-0.010397
4.5884960E-07,-0.010388
4.5889960E-07,-0.010380
4.5894960E-07,-0.010372
4.5899960E-07,-0.010364
4.5904960E-07,-0.010357
4.5909960E-07,-0.010350
4.5914960E-07,-0.010344
4.5919960E-07,-0.010338
4.5924960E-07,-0.010333
4.5929960E-07,-0.010329
4.5934960E-07,-0.010325
4.5939960E-07,-0.010322
4.5944960E-07,-0.010320
4.5949960E-07,-0.010319
4.5954960E-07,-0.010318
4.5959960E-07,-0.010319
4.5964960E-07,-0.010319
4.5969960E-07,-0.010321
4.5974960E-07,-0.010323
4.5979960E-07,-0.010326
4.5984960E-07,-0.010330
4.5989960E-07,-0.010334
4.5994960E-07,-0.010339
4.5999960E-07,-0.010345
4.6004960E-07,-0.010351
4.6009960E-07,-0.010358
4.6014960E-07,-0.010366
4.6019960E-07,-0.010373
4.6024960E-07,-0.010381
4.6029960E-07,-0.010389
4.6034960E-07,-0.010398
4.6039960E-07,-0.010406
4.6044960E-07,-0.010414
4.6049960E-07,-0.010421
4.6054960E-07,-0.010428
4.6059960E-07,-0.010434
4.6064960E-07,-0.010439
4.6069960E-07,-0.010443
4.6074960E-07,-0.010445
4.6079960E-07,-0.010447
4.6084960E-07,-0.010447
4.6089960E-07,-0.010445
4.6094960E-07,-0.010443
4.6099960E-07,-0.010438
4.6104960E-07,-0.010433
4.6109960E-07,-0.010426
4.6114960E-07,-0.010419
4.6119960E-07,-0.010410
4.6124960E-07,-0.010401
4.6129960E-07,-0.010391
4.6134960E-07,-0.010381
4.6139960E-07,-0.010371
4.6144960E-07,-0.010361
4.6149960E-07,-0.010351
4.6154960E-07,-0.010342
4.6159960E-07,-0.010333
4.6164960E-07,-0.010325
4.6169960E-07,-0.010317
4.6174960E-07,-0.010310
4.6179960E-07,-0.010303
4.6184960E-07,-0.010297
4.6189960E-07,-0.010292
4.6194960E-07,-0.010286
4.6199960E-07,-0.010281
4.6204960E-07,-0.010277
4.6209960E-07,-0.010272
4.6214960E-07,-0.010267
4.6219960E-07,-0.010262
4.6224960E-07,-0.010257
4.6229960E-07,-0.010252
4.6234960E-07,-0.010247
4.6239960E-07,-0.010241
4.6244960E-07,-0.010236
4.6249960E-07,-0.010231
4.6254960E-07,-0.010225
4.6259960E-07,-0.010220
4.6264960E-07,-0.010216
4.6269960E-07,-0.010212
4.6274960E-07,-0.010209
4.6279960E-07,-0.010206
4.6284960E-07,-0.010204
4.6289960E-07,-0.010203
4.6294960E-07,-0.010203
4.6299960E-07,-0.010203
4.6304960E-07,-0.010205
4.6309960E-07,-0.010206
4.6314960E-07,-0.010209
4.6319960E-07,-0.010211
4.6324960E-07,-0.010214
4.6329960E-07,-0.010217
4.6334960E-07,-0.010220
4.6339960E-07,-0.010223
4.6344960E-07,-0.010226
4.6349960E-07,-0.010228
4.6354960E-07,-0.010230
4.6359960E-07,-0.010231
4.6364960E-07,-0.010232
4.6369960E-07,-0.010233
4.6374960E-07,-0.010233
4.6379960E-07,-0.010234
4.6384960E-07,-0.010234
4.6389960E-07,-0.010235
4.6394960E-07,-0.010235
4.6399960E-07,-0.010236
4.6404960E-07,-0.010238
4.6409960E-07,-0.010239
4.6414960E-07,-0.010242
4.6419960E-07,-0.010244
4.6424960E-07,-0.010248
4.6429960E-07,-0.010251
4.6434960E-07,-0.010255
4.6439960E-07,-0.010260
4.6444960E-07,-0.010265
4.6449960E-07,-0.010270
4.6454960E-07,-0.010275
4.6459960E-07,-0.010280
4.6464960E-07,-0.010285
4.6469960E-07,-0.010290
4.6474960E-07,-0.010295
4.6479960E-07,-0.010300
4.6484960E-07,-0.010304
4.6489960E-07,-0.010308
4.6494960E-07,-0.010313
4.6499960E-07,-0.010317
4.6504960E-07,-0.010321
4.6509960E-07,-0.010325
4.6514960E-07,-0.010329
4.6519960E-07,-0.010334
4.6524960E-07,-0.010338
4.6529960E-07,-0.010343
4.6534960E-07,-0.010348
4.6539960E-07,-0.010354
4.6544960E-07,-0.010360
4.6549960E-07,-0.010366
4.6554960E-07,-0.010372
4.6559960E-07,-0.010378
4.6564960E-07,-0.010385
4.6569960E-07,-0.010392
4.6574960E-07,-0.010398
4.6579960E-07,-0.010404
4.6584960E-07,-0.010410
4.6589960E-07,-0.010415
4.6594960E-07,-0.010420
4.6599960E-07,-0.010424
4.6604960E-07,-0.010427
4.6609960E-07,-0.010430
4.6614960E-07,-0.010431
4.6619960E-07,-0.010432
4.6624960E-07,-0.010432
4.6629960E-07,-0.010431
4.6634960E-07,-0.010429
4.6639960E-07,-0.010426
4.6644960E-07,-0.010423
4.6649960E-07,-0.010419
4.6654960E-07,-0.010414
4.6659960E-07,-0.010410
4.6664960E-07,-0.010404
4.6669960E-07,-0.010399
4.6674960E-07,-0.010394
4.6679960E-07,-0.010388
4.6684960E-07,-0.010383
4.6689960E-07,-0.010378
4.6694960E-07,-0.010373
4.6699960E-07,-0.010368
4.6704960E-07,-0.010363
4.6709960E-07,-0.010359
4.6714960E-07,-0.010355
4.6719960E-07,-0.010350
4.6724960E-07,-0.010346
4.6729960E-07,-0.010342
4.6734960E-07,-0.010337
4.6739960E-07,-0.010332
4.6744960E-07,-0.010327
4.6749960E-07,-0.010322
4.6754960E-07,-0.010316
4.6759960E-07,-0.010310
4.6764960E-07,-0.010304
4.6769960E-07,-0.010298
4.6774960E-07,-0.010291
4.6779960E-07,-0.010285
4.6784960E-07,-0.010279
4.6789960E-07,-0.010273
4.6794960E-07,-0.010268
4.6799960E-07,-0.010263
4.6804960E-07,-0.010259
4.6809960E-07,-0.010256
4.6814960E-07,-0.010255
4.6819960E-07,-0.010254
4.6824960E-07,-0.010255
4.6829960E-07,-0.010256
4.6834960E-07,-0.010259
4.6839960E-07,-0.010263
4.6844960E-07,-0.010268
4.6849960E-07,-0.010273
4.6854960E-07,-0.010280
4.6859960E-07,-0.010286
4.6864960E-07,-0.010293
4.6869960E-07,-0.010299
4.6874960E-07,-0.010306
4.6879960E-07,-0.010312
4.6884960E-07,-0.010317
4.6889960E-07,-0.010322
4.6894960E-07,-0.010325
4.6899960E-07,-0.010328
4.6904960E-07,-0.010330
4.6909960E-07,-0.010331
4.6914960E-07,-0.010332
4.6919960E-07,-0.010332
4.6924960E-07,-0.010332
4.6929960E-07,-0.010332
4.6934960E-07,-0.010332
4.6939960E-07,-0.010332
4.6944960E-07,-0.010332
4.6949960E-07,-0.010333
4.6954960E-07,-0.010335
4.6959960E-07,-0.010338
4.6964960E-07,-0.010342
4.6969960E-07,-0.010346
4.6974960E-07,-0.010351
4.6979960E-07,-0.010357
4.6984960E-07,-0.010364
4.6989960E-07,-0.010371
4.6994960E-07,-0.010377
4.6999960E-07,-0.010384
4.7004960E-07,-0.010391
4.7009960E-07,-0.010397
4.7014960E-07,-0.010402
4.7019960E-07,-0.010407
4.7024960E-07,-0.010411
4.7029960E-07,-0.010413
4.7034960E-07,-0.010415
4.7039960E-07,-0.010416
4.7044960E-07,-0.010416
4.7049960E-07,-0.010415
4.7054960E-07,-0.010414
4.7059960E-07,-0.010413
4.7064960E-07,-0.010411
4.7069960E-07,-0.010410
4.7074960E-07,-0.010409
4.7079960E-07,-0.010408
4.7084960E-07,-0.010408
4.7089960E-07,-0.010409
4.7094960E-07,-0.010410
4.7099960E-07,-0.010412
4.7104960E-07,-0.010415
4.7109960E-07,-0.010419
4.7114960E-07,-0.010423
4.7119960E-07,-0.010427
4.7124960E-07,-0.010432
4.7129960E-07,-0.010436
4.7134960E-07,-0.010441
4.7139960E-07,-0.010445
4.7144960E-07,-0.010449
4.7149960E-07,-0.010452
4.7154960E-07,-0.010454
4.7159960E-07,-0.010456
4.7164960E-07,-0.010457
4.7169960E-07,-0.010457
4.7174960E-07,-0.010456
4.7179960E-07,-0.010455
4.7184960E-07,-0.010453
4.7189960E-07,-0.010452
4.7194960E-07,-0.010450
4.7199960E-07,-0.010449
4.7204960E-07,-0.010448
4.7209960E-07,-0.010447
4.7214960E-07,-0.010448
4.7219960E-07,-0.010449
4.7224960E-07,-0.010451
4.7229960E-07,-0.010454
4.7234960E-07,-0.010458
4.7239960E-07,-0.010463
4.7244960E-07,-0.010469
4.7249960E-07,-0.010475
4.7254960E-07,-0.010482
4.7259960E-07,-0.010489
4.7264960E-07,-0.010496
4.7269960E-07,-0.010503
4.7274960E-07,-0.010510
4.7279960E-07,-0.010516
4.7284960E-07,-0.010521
4.7289960E-07,-0.010525
4.7294960E-07,-0.010527
4.7299960E-07,-0.010529
4.7304960E-07,-0.010528
4.7309960E-07,-0.010527
4.7314960E-07,-0.010524
4.7319960E-07,-0.010519
4.7324960E-07,-0.010513
4.7329960E-07,-0.010506
4.7334960E-07,-0.010498
4.7339960E-07,-0.010489
4.7344960E-07,-0.010479
4.7349960E-07,-0.010469
4.7354960E-07,-0.010458
4.7359960E-07,-0.010447
4.7364960E-07,-0.010437
4.7369960E-07,-0.010426
4.7374960E-07,-0.010416
4.7379960E-07,-0.010406
4.7384960E-07,-0.010397
4.7389960E-07,-0.010388
4.7394960E-07,-0.010381
4.7399960E-07,-0.010373
4.7404960E-07,-0.010367
4.7409960E-07,-0.010361
4.7414960E-07,-0.010356
4.7419960E-07,-0.010351
4.7424960E-07,-0.010347
4.7429960E-07,-0.010344
4.7434960E-07,-0.010341
4.7439960E-07,-0.010339
4.7444960E-07,-0.010337
4.7449960E-07,-0.010336
4.7454960E-07,-0.010335
4.7459960E-07,-0.010334
4.7464960E-07,-0.010334
4.7469960E-07,-0.010334
4.7474960E-07,-0.010335
4.7479960E-07,-0.010335
4.7484960E-07,-0.010336
4.7489960E-07,-0.010337
4.7494960E-07,-0.010337
4.7499960E-07,-0.010337
4.7504960E-07,-0.010336
4.7509960E-07,-0.010335
4.7514960E-07,-0.010332
4.7519960E-07,-0.010329
4.7524960E-07,-0.010323
4.7529960E-07,-0.010317
4.7534960E-07,-0.010308
4.7539960E-07,-0.010297
4.7544960E-07,-0.010285
4.7549960E-07,-0.010270
4.7554960E-07,-0.010253
4.7559960E-07,-0.010235
4.7564960E-07,-0.010215
4.7569960E-07,-0.010193
4.7574960E-07,-0.010170
4.7579960E-07,-0.010147
4.7584960E-07,-0.010123
4.7589960E-07,-0.010099
4.7594960E-07,-0.010076
4.7599960E-07,-0.010053
4.7604960E-07,-0.010032
4.7609960E-07,-0.010013
4.7614960E-07,-0.009996
4.7619960E-07,-0.009981
4.7624960E-07,-0.009969
4.7629960E-07,-0.009960
4.7634960E-07,-0.009953
4.7639960E-07,-0.009949
4.7644960E-07,-0.009948
4.7649960E-07,-0.009949
4.7654960E-07,-0.009952
4.7659960E-07,-0.009957
4.7664960E-07,-0.009964
4.7669960E-07,-0.009972
4.7674960E-07,-0.009980
4.7679960E-07,-0.009990
4.7684960E-07,-0.010000
4.7689960E-07,-0.010010
4.7694960E-07,-0.010020
4.7699960E-07,-0.010030
4.7704960E-07,-0.010040
4.7709960E-07,-0.010050
4.7714960E-07,-0.010059
4.7719960E-07,-0.010069
4.7724960E-07,-0.010078
4.7729960E-07,-0.010088
4.7734960E-07,-0.010098
4.7739960E-07,-0.010109
4.7744960E-07,-0.010121
4.7749960E-07,-0.010134
4.7754960E-07,-0.010147
4.7759960E-07,-0.010161
4.7764960E-07,-0.010176
4.7769960E-07,-0.010192
4.7774960E-07,-0.010208
4.7779960E-07,-0.010225
4.7784960E-07,-0.010241
4.7789960E-07,-0.010257
4.7794960E-07,-0.010272
4.7799960E-07,-0.010287
4.7804960E-07,-0.010299
4.7809960E-07,-0.010310
4.7814960E-07,-0.010320
4.7819960E-07,-0.010327
4.7824960E-07,-0.010331
4.7829960E-07,-0.010334
4.7834960E-07,-0.010333
4.7839960E-07,-0.010331
4.7844960E-07,-0.010327
4.7849960E-07,-0.010320
4.7854960E-07,-0.010312
4.7859960E-07,-0.010303
4.7864960E-07,-0.010293
4.7869960E-07,-0.010282
4.7874960E-07,-0.010271
4.7879960E-07,-0.010260
4.7884960E-07,-0.010249
4.7889960E-07,-0.010238
4.7894960E-07,-0.010229
4.7899960E-07,-0.010220
4.7904960E-07,-0.010213
4.7909960E-07,-0.010206
4.7914960E-07,-0.010200
4.7919960E-07,-0.010195
4.7924960E-07,-0.010191
4.7929960E-07,-0.010187
4.7934960E-07,-0.010184
4.7939960E-07,-0.010181
4.7944960E-07,-0.010178
4.7949960E-07,-0.010175
4.7954960E-07,-0.010172
4.7959960E-07,-0.010168
4.7964960E-07,-0.010165
4.7969960E-07,-0.010161
4.7974960E-07,-0.010157
4.7979960E-07,-0.010153
4.7984960E-07,-0.010150
4.7989960E-07,-0.010147
4.7994960E-07,-0.010145
4.7999960E-07,-0.010143
4.8004960E-07,-0.010143
4.8009960E-07,-0.010145
4.8014960E-07,-0.010148
4.8019960E-07,-0.010153
4.8024960E-07,-0.010159
4.8029960E-07,-0.010167
4.8034960E-07,-0.010177
4.8039960E-07,-0.010189
4.8044960E-07,-0.010202
4.8049960E-07,-0.010217
4.8054960E-07,-0.010232
4.8059960E-07,-0.010248
4.8064960E-07,-0.010265
4.8069960E-07,-0.010282
4.8074960E-07,-0.010298
4.8079960E-07,-0.010314
4.8084960E-07,-0.010329
4.8089960E-07,-0.010343
4.8094960E-07,-0.010356
4.8099960E-07,-0.010368
4.8104960E-07,-0.010378
4.8109960E-07,-0.010386
4.8114960E-07,-0.010393
4.8119960E-07,-0.010399
4.8124960E-07,-0.010403
4.8129960E-07,-0.010406
4.8134960E-07,-0.010408
4.8139960E-07,-0.010410
4.8144960E-07,-0.010410
4.8149960E-07,-0.010410
4.8154960E-07,-0.010409
4.8159960E-07,-0.010408
4.8164960E-07,-0.010406
4.8169960E-07,-0.010405
4.8174960E-07,-0.010403
4.8179960E-07,-0.010400
4.8184960E-07,-0.010397
4.8189960E-07,-0.010394
4.8194960E-07,-0.010390
4.8199960E-07,-0.010385
4.8204960E-07,-0.010379
4.8209960E-07,-0.010372
4.8214960E-07,-0.010364
4.8219960E-07,-0.010355
4.8224960E-07,-0.010344
4.8229960E-07,-0.010333
4.8234960E-07,-0.010320
4.8239960E-07,-0.010305
4.8244960E-07,-0.010290
4.8249960E-07,-0.010274
4.8254960E-07,-0.010258
4.8259960E-07,-0.010242
4.8264960E-07,-0.010225
4.8269960E-07,-0.010209
4.8274960E-07,-0.010194
4.8279960E-07,-0.010179
4.8284960E-07,-0.010166
4.8289960E-07,-0.010155
4.8294960E-07,-0.010145
4.8299960E-07,-0.010138
4.8304960E-07,-0.010132
4.8309960E-07,-0.010129
4.8314960E-07,-0.010128
4.8319960E-07,-0.010128
4.8324960E-07,-0.010131
4.8329960E-07,-0.010135
4.8334960E-07,-0.010141
4.8339960E-07,-0.010148
4.8344960E-07,-0.010156
4.8349960E-07,-0.010164
4.8354960E-07,-0.010172
4.8359960E-07,-0.010181
4.8364960E-07,-0.010189
4.8369960E-07,-0.010196
4.8374960E-07,-0.010202
4.8379960E-07,-0.010207
4.8384960E-07,-0.010211
4.8389960E-07,-0.010213
4.8394960E-07,-0.010214
4.8399960E-07,-0.010214
4.8404960E-07,-0.010212
4.8409960E-07,-0.010209
4.8414960E-07,-0.010205
4.8419960E-07,-0.010200
4.8424960E-07,-0.010193
4.8429960E-07,-0.010187
4.8434960E-07,-0.010179
4.8439960E-07,-0.010171
4.8444960E-07,-0.010163
4.8449960E-07,-0.010155
4.8454960E-07,-0.010147
4.8459960E-07,-0.010139
4.8464960E-07,-0.010131
4.8469960E-07,-0.010123
4.8474960E-07,-0.010115
4.8479960E-07,-0.010107
4.8484960E-07,-0.010100
4.8489960E-07,-0.010093
4.8494960E-07,-0.010087
4.8499960E-07,-0.010080
4.8504960E-07,-0.010075
4.8509960E-07,-0.010070
4.8514960E-07,-0.010065
4.8519960E-07,-0.010062
4.8524960E-07,-0.010059
4.8529960E-07,-0.010058
4.8534960E-07,-0.010058
4.8539960E-07,-0.010060
4.8544960E-07,-0.010063
4.8549960E-07,-0.010067
4.8554960E-07,-0.010073
4.8559960E-07,-0.010081
4.8564960E-07,-0.010091
4.8569960E-07,-0.010102
4.8574960E-07,-0.010114
4.8579960E-07,-0.010127
4.8584960E-07,-0.010141
4.8589960E-07,-0.010156
4.8594960E-07,-0.010171
4.8599960E-07,-0.010186
4.8604960E-07,-0.010201
4.8609960E-07,-0.010215
4.8614960E-07,-0.010228
4.8619960E-07,-0.010240
4.8624960E-07,-0.010251
4.8629960E-07,-0.010260
4.8634960E-07,-0.010267
4.8639960E-07,-0.010273
4.8644960E-07,-0.010277
4.8649960E-07,-0.010280
4.8654960E-07,-0.010281
4.8659960E-07,-0.010280
4.8664960E-07,-0.010279
4.8669960E-07,-0.010277
4.8674960E-07,-0.010274
4.8679960E-07,-0.010272
4.8684960E-07,-0.010269
4.8689960E-07,-0.010266
4.8694960E-07,-0.010264
4.8699960E-07,-0.010262
4.8704960E-07,-0.010261
4.8709960E-07,-0.010260
4.8714960E-07,-0.010261
4.8719960E-07,-0.010262
4.8724960E-07,-0.010264
4.8729960E-07,-0.010266
4.8734960E-07,-0.010269
4.8739960E-07,-0.010272
4.8744960E-07,-0.010276
4.8749960E-07,-0.010279
4.8754960E-07,-0.010282
4.8759960E-07,-0.010284
4.8764960E-07,-0.010286
4.8769960E-07,-0.010287
4.8774960E-07,-0.010287
4.8779960E-07,-0.010287
4.8784960E-07,-0.010285
4.8789960E-07,-0.010283
4.8794960E-07,-0.010279
4.8799960E-07,-0.010275
4.8804960E-07,-0.010271
4.8809960E-07,-0.010266
4.8814960E-07,-0.010260
4.8819960E-07,-0.010255
4.8824960E-07,-0.010250
4.8829960E-07,-0.010244
4.8834960E-07,-0.010239
4.8839960E-07,-0.010234
4.8844960E-07,-0.010230
4.8849960E-07,-0.010226
4.8854960E-07,-0.010223
4.8859960E-07,-0.010220
4.8864960E-07,-0.010217
4.8869960E-07,-0.010214
4.8874960E-07,-0.010212
4.8879960E-07,-0.010209
4.8884960E-07,-0.010207
4.8889960E-07,-0.010204
4.8894960E-07,-0.010201
4.8899960E-07,-0.010198
4.8904960E-07,-0.010194
4.8909960E-07,-0.010191
4.8914960E-07,-0.010187
4.8919960E-07,-0.010183
4.8924960E-07,-0.010180
4.8929960E-07,-0.010177
4.8934960E-07,-0.010175
4.8939960E-07,-0.010174
4.8944960E-07,-0.010174
4.8949960E-07,-0.010175
4.8954960E-07,-0.010178
4.8959960E-07,-0.010183
4.8964960E-07,-0.010189
4.8969960E-07,-0.010197
4.8974960E-07,-0.010207
4.8979960E-07,-0.010218
4.8984960E-07,-0.010231
4.8989960E-07,-0.010245
4.8994960E-07,-0.010260
4.8999960E-07,-0.010276
4.9004960E-07,-0.010291
4.9009960E-07,-0.010307
4.9014960E-07,-0.010322
4.9019960E-07,-0.010337
4.9024960E-07,-0.010350
4.9029960E-07,-0.010362
4.9034960E-07,-0.010372
4.9039960E-07,-0.010381
4.9044960E-07,-0.010388
4.9049960E-07,-0.010393
4.9054960E-07,-0.010397
4.9059960E-07,-0.010399
4.9064960E-07,-0.010401
4.9069960E-07,-0.010401
4.9074960E-07,-0.010401
4.9079960E-07,-0.010401
4.9084960E-07,-0.010401
4.9089960E-07,-0.010401
4.9094960E-07,-0.010401
4.9099960E-07,-0.010403
4.9104960E-07,-0.010405
4.9109960E-07,-0.010409
4.9114960E-07,-0.010413
4.9119960E-07,-0.010418
4.9124960E-07,-0.010424
4.9129960E-07,-0.010430
4.9134960E-07,-0.010437
4.9139960E-07,-0.010443
4.9144960E-07,-0.010450
4.9149960E-07,-0.010456
4.9154960E-07,-0.010461
4.9159960E-07,-0.010465
4.9164960E-07,-0.010468
4.9169960E-07,-0.010470
4.9174960E-07,-0.010470
4.9179960E-07,-0.010469
4.9184960E-07,-0.010467
4.9189960E-07,-0.010464
4.9194960E-07,-0.010460
4.9199960E-07,-0.010455
4.9204960E-07,-0.010450
4.9209960E-07,-0.010445
4.9214960E-07,-0.010440
4.9219960E-07,-0.010435
4.9224960E-07,-0.010431
4.9229960E-07,-0.010429
4.9234960E-07,-0.010427
4.9239960E-07,-0.010426
4.9244960E-07,-0.010426
4.9249960E-07,-0.010428
4.9254960E-07,-0.010431
4.9259960E-07,-0.010435
4.9264960E-07,-0.010440
4.9269960E-07,-0.010446
4.9274960E-07,-0.010452
4.9279960E-07,-0.010459
4.9284960E-07,-0.010466
4.9289960E-07,-0.010473
4.9294960E-07,-0.010479
4.9299960E-07,-0.010486
4.9304960E-07,-0.010493
4.9309960E-07,-0.010500
4.9314960E-07,-0.010507
4.9319960E-07,-0.010514
4.9324960E-07,-0.010521
4.9329960E-07,-0.010529
4.9334960E-07,-0.010538
4.9339960E-07,-0.010548
4.9344960E-07,-0.010560
4.9349960E-07,-0.010573
4.9354960E-07,-0.010589
4.9359960E-07,-0.010607
4.9364960E-07,-0.010627
4.9369960E-07,-0.010650
4.9374960E-07,-0.010676
4.9379960E-07,-0.010704
4.9384960E-07,-0.010736
4.9389960E-07,-0.010769
4.9394960E-07,-0.010805
4.9399960E-07,-0.010843
4.9404960E-07,-0.010883
4.9409960E-07,-0.010925
4.9414960E-07,-0.010967
4.9419960E-07,-0.011011
4.9424960E-07,-0.011055
4.9429960E-07,-0.011099
4.9434960E-07,-0.011144
4.9439960E-07,-0.011188
4.9444960E-07,-0.011233
4.9449960E-07,-0.011277
4.9454960E-07,-0.011321
4.9459960E-07,-0.011365
4.9464960E-07,-0.011409
4.9469960E-07,-0.011454
4.9474960E-07,-0.011498
4.9479960E-07,-0.011544
4.9484960E-07,-0.011590
4.9489960E-07,-0.011638
4.9494960E-07,-0.011687
4.9499960E-07,-0.011738
4.9504960E-07,-0.011790
4.9509960E-07,-0.011844
4.9514960E-07,-0.011901
4.9519960E-07,-0.011959
4.9524960E-07,-0.012019
4.9529960E-07,-0.012080
4.9534960E-07,-0.012144
4.9539960E-07,-0.012208
4.9544960E-07,-0.012274
4.9549960E-07,-0.012341
4.9554960E-07,-0.012408
4.9559960E-07,-0.012475
4.9564960E-07,-0.012543
4.9569960E-07,-0.012610
4.9574960E-07,-0.012677
4.9579960E-07,-0.012744
4.9584960E-07,-0.012810
4.9589960E-07,-0.012875
4.9594960E-07,-0.012940
4.9599960E-07,-0.013004
4.9604960E-07,-0.013067
4.9609960E-07,-0.013130
4.9614960E-07,-0.013192
4.9619960E-07,-0.013255
4.9624960E-07,-0.013317
4.9629960E-07,-0.013378
4.9634960E-07,-0.013440
4.9639960E-07,-0.013501
4.9644960E-07,-0.013563
4.9649960E-07,-0.013623
4.9654960E-07,-0.013683
4.9659960E-07,-0.013743
4.9664960E-07,-0.013801
4.9669960E-07,-0.013858
4.9674960E-07,-0.013912
4.9679960E-07,-0.013965
4.9684960E-07,-0.014015
4.9689960E-07,-0.014062
4.9694960E-07,-0.014106
4.9699960E-07,-0.014146
4.9704960E-07,-0.014182
4.9709960E-07,-0.014214
4.9714960E-07,-0.014243
4.9719960E-07,-0.014267
4.9724960E-07,-0.014287
4.9729960E-07,-0.014304
4.9734960E-07,-0.014317
4.9739960E-07,-0.014326
4.9744960E-07,-0.014332
4.9749960E-07,-0.014336
4.9754960E-07,-0.014337
4.9759960E-07,-0.014336
4.9764960E-07,-0.014333
4.9769960E-07,-0.014329
4.9774960E-07,-0.014323
4.9779960E-07,-0.014317
4.9784960E-07,-0.014309
4.9789960E-07,-0.014300
4.9794960E-07,-0.014290
4.9799960E-07,-0.014280
4.9804960E-07,-0.014269
4.9809960E-07,-0.014257
4.9814960E-07,-0.014243
4.9819960E-07,-0.014229
4.9824960E-07,-0.014213
4.9829960E-07,-0.014197
4.9834960E-07,-0.014179
4.9839960E-07,-0.014160
4.9844960E-07,-0.014140
4.9849960E-07,-0.014120
4.9854960E-07,-0.014098
4.9859960E-07,-0.014076
4.9864960E-07,-0.014054
4.9869960E-07,-0.014032
4.9874960E-07,-0.014010
4.9879960E-07,-0.013988
4.9884960E-07,-0.013968
4.9889960E-07,-0.013948
4.9894960E-07,-0.013929
4.9899960E-07,-0.013911
4.9904960E-07,-0.013895
4.9909960E-07,-0.013880
4.9914960E-07,-0.013866
4.9919960E-07,-0.013852
4.9924960E-07,-0.013840
4.9929960E-07,-0.013828
4.9934960E-07,-0.013816
4.9939960E-07,-0.013803
4.9944960E-07,-0.013791
4.9949960E-07,-0.013777
4.9954960E-07,-0.013762
4.9959960E-07,-0.013746
4.9964960E-07,-0.013728
4.9969960E-07,-0.013708
4.9974960E-07,-0.013686
4.9979960E-07,-0.013662
4.9984960E-07,-0.013637
4.9989960E-07,-0.013610
4.9994960E-07,-0.013581
4.9999960E-07,-0.013550
5.0004960E-07,-0.013519
5.0009960E-07,-0.013487
5.0014960E-07,-0.013454
5.0019960E-07,-0.013422
5.0024960E-07,-0.013389
5.0029960E-07,-0.013357
5.0034960E-07,-0.013325
5.0039960E-07,-0.013294
5.0044960E-07,-0.013263
5.0049960E-07,-0.013234
5.0054960E-07,-0.013206
5.0059960E-07,-0.013178
5.0064960E-07,-0.013151
5.0069960E-07,-0.013124
5.0074960E-07,-0.013098
5.0079960E-07,-0.013072
5.0084960E-07,-0.013046
5.0089960E-07,-0.013019
5.0094960E-07,-0.012993
5.0099960E-07,-0.012965
5.0104960E-07,-0.012938
5.0109960E-07,-0.012910
5.0114960E-07,-0.012882
5.0119960E-07,-0.012853
5.0124960E-07,-0.012824
5.0129960E-07,-0.012796
5.0134960E-07,-0.012768
5.0139960E-07,-0.012740
5.0144960E-07,-0.012714
5.0149960E-07,-0.012689
5.0154960E-07,-0.012665
5.0159960E-07,-0.012643
5.0164960E-07,-0.012622
5.0169960E-07,-0.012604
5.0174960E-07,-0.012588
5.0179960E-07,-0.012574
5.0184960E-07,-0.012562
5.0189960E-07,-0.012551
5.0194960E-07,-0.012542
5.0199960E-07,-0.012534
5.0204960E-07,-0.012527
5.0209960E-07,-0.012521
5.0214960E-07,-0.012515
5.0219960E-07,-0.012508
5.0224960E-07,-0.012501
5.0229960E-07,-0.012494
5.0234960E-07,-0.012484
5.0239960E-07,-0.012474
5.0244960E-07,-0.012462
5.0249960E-07,-0.012448
5.0254960E-07,-0.012432
5.0259960E-07,-0.012415
5.0264960E-07,-0.012396
5.0269960E-07,-0.012376
5.0274960E-07,-0.012354
5.0279960E-07,-0.012331
5.0284960E-07,-0.012308
5.0289960E-07,-0.012284
5.0294960E-07,-0.012260
5.0299960E-07,-0.012236
5.0304960E-07,-0.012211
5.0309960E-07,-0.012188
5.0314960E-07,-0.012165
5.0319960E-07,-0.012142
5.0324960E-07,-0.012120
5.0329960E-07,-0.012098
5.0334960E-07,-0.012077
5.0339960E-07,-0.012056
5.0344960E-07,-0.012036
5.0349960E-07,-0.012015
5.0354960E-07,-0.011994
5.0359960E-07,-0.011973
5.0364960E-07,-0.011951
5.0369960E-07,-0.011928
5.0374960E-07,-0.011905
5.0379960E-07,-0.011882
5.0384960E-07,-0.011857
5.0389960E-07,-0.011832
5.0394960E-07,-0.011807
5.0399960E-07,-0.011781
5.0404960E-07,-0.011755
5.0409960E-07,-0.011729
5.0414960E-07,-0.011704
5.0419960E-07,-0.011679
5.0424960E-07,-0.011656
5.0429960E-07,-0.011633
5.0434960E-07,-0.011612
5.0439960E-07,-0.011591
5.0444960E-07,-0.011573
5.0449960E-07,-0.011555
5.0454960E-07,-0.011539
5.0459960E-07,-0.011524
5.0464960E-07,-0.011509
5.0469960E-07,-0.011495
5.0474960E-07,-0.011482
5.0479960E-07,-0.011468
5.0484960E-07,-0.011454
5.0489960E-07,-0.011439
5.0494960E-07,-0.011424
5.0499960E-07,-0.011408
5.0504960E-07,-0.011390
5.0509960E-07,-0.011371
5.0514960E-07,-0.011351
5.0519960E-07,-0.011330
5.0524960E-07,-0.011308
5.0529960E-07,-0.011286
5.0534960E-07,-0.011263
5.0539960E-07,-0.011240
5.0544960E-07,-0.011218
5.0549960E-07,-0.011197
5.0554960E-07,-0.011177
5.0559960E-07,-0.011158
5.0564960E-07,-0.011142
5.0569960E-07,-0.011127
5.0574960E-07,-0.011115
5.0579960E-07,-0.011106
5.0584960E-07,-0.011099
5.0589960E-07,-0.011094
5.0594960E-07,-0.011092
5.0599960E-07,-0.011092
5.0604960E-07,-0.011093
5.0609960E-07,-0.011096
5.0614960E-07,-0.011099
5.0619960E-07,-0.011104
5.0624960E-07,-0.011108
5.0629960E-07,-0.011113
5.0634960E-07,-0.011117
5.0639960E-07,-0.011120
5.0644960E-07,-0.011123
5.0649960E-07,-0.011124
5.0654960E-07,-0.011125
5.0659960E-07,-0.011124
5.0664960E-07,-0.011123
5.0669960E-07,-0.011121
5.0674960E-07,-0.011118
5.0679960E-07,-0.011115
5.0684960E-07,-0.011112
5.0689960E-07,-0.011109
5.0694960E-07,-0.011107
5.0699960E-07,-0.011105
5.0704960E-07,-0.011105
5.0709960E-07,-0.011105
5.0714960E-07,-0.011106
5.0719960E-07,-0.011108
5.0724960E-07,-0.011111
5.0729960E-07,-0.011115
5.0734960E-07,-0.011119
5.0739960E-07,-0.011124
5.0744960E-07,-0.011129
5.0749960E-07,-0.011134
5.0754960E-07,-0.011139
5.0759960E-07,-0.011144
5.0764960E-07,-0.011148
5.0769960E-07,-0.011151
5.0774960E-07,-0.011154
5.0779960E-07,-0.011156
5.0784960E-07,-0.011157
5.0789960E-07,-0.011157
5.0794960E-07,-0.011157
5.0799960E-07,-0.011156
5.0804960E-07,-0.011156
5.0809960E-07,-0.011155
5.0814960E-07,-0.011155
5.0819960E-07,-0.011156
5.0824960E-07,-0.011157
5.0829960E-07,-0.011159
5.0834960E-07,-0.011162
5.0839960E-07,-0.011167
5.0844960E-07,-0.011172
5.0849960E-07,-0.011178
5.0854960E-07,-0.011186
5.0859960E-07,-0.011194
5.0864960E-07,-0.011202
5.0869960E-07,-0.011211
5.0874960E-07,-0.011219
5.0879960E-07,-0.011227
5.0884960E-07,-0.011234
5.0889960E-07,-0.011240
5.0894960E-07,-0.011245
5.0899960E-07,-0.011248
5.0904960E-07,-0.011250
5.0909960E-07,-0.011249
5.0914960E-07,-0.011247
5.0919960E-07,-0.011242
5.0924960E-07,-0.011236
5.0929960E-07,-0.011229
5.0934960E-07,-0.011220
5.0939960E-07,-0.011210
5.0944960E-07,-0.011199
5.0949960E-07,-0.011187
5.0954960E-07,-0.011176
5.0959960E-07,-0.011164
5.0964960E-07,-0.011153
5.0969960E-07,-0.011143
5.0974960E-07,-0.011134
5.0979960E-07,-0.011126
5.0984960E-07,-0.011120
5.0989960E-07,-0.011114
5.0994960E-07,-0.011111
5.0999960E-07,-0.011108
5.1004960E-07,-0.011107
5.1009960E-07,-0.011106
5.1014960E-07,-0.011107
5.1019960E-07,-0.011108
5.1024960E-07,-0.011109
5.1029960E-07,-0.011110
5.1034960E-07,-0.011112
5.1039960E-07,-0.011113
5.1044960E-07,-0.011113
5.1049960E-07,-0.011113
5.1054960E-07,-0.011112
5.1059960E-07,-0.011111
5.1064960E-07,-0.011109
5.1069960E-07,-0.011106
5.1074960E-07,-0.011103
5.1079960E-07,-0.011100
5.1084960E-07,-0.011096
5.1089960E-07,-0.011092
5.1094960E-07,-0.011089
5.1099960E-07,-0.011086
5.1104960E-07,-0.011084
5.1109960E-07,-0.011082
5.1114960E-07,-0.011081
5.1119960E-07,-0.011080
5.1124960E-07,-0.011081
5.1129960E-07,-0.011082
5.1134960E-07,-0.011083
5.1139960E-07,-0.011085
5.1144960E-07,-0.011087
5.1149960E-07,-0.011088
5.1154960E-07,-0.011089
5.1159960E-07,-0.011090
5.1164960E-07,-0.011090
5.1169960E-07,-0.011089
5.1174960E-07,-0.011087
5.1179960E-07,-0.011083
5.1184960E-07,-0.011079
5.1189960E-07,-0.011073
5.1194960E-07,-0.011066
5.1199960E-07,-0.011058
5.1204960E-07,-0.011050
5.1209960E-07,-0.011042
5.1214960E-07,-0.011033
5.1219960E-07,-0.011025
5.1224960E-07,-0.011018
5.1229960E-07,-0.011011
5.1234960E-07,-0.011006
5.1239960E-07,-0.011003
5.1244960E-07,-0.011001
5.1249960E-07,-0.011001
5.1254960E-07,-0.011004
5.1259960E-07,-0.011008
5.1264960E-07,-0.011013
5.1269960E-07,-0.011021
5.1274960E-07,-0.011029
5.1279960E-07,-0.011038
5.1284960E-07,-0.011048
5.1289960E-07,-0.011058
5.1294960E-07,-0.011067
5.1299960E-07,-0.011076
5.1304960E-07,-0.011083
5.1309960E-07,-0.011089
5.1314960E-07,-0.011094
5.1319960E-07,-0.011096
5.1324960E-07,-0.011096
5.1329960E-07,-0.011095
5.1334960E-07,-0.011091
5.1339960E-07,-0.011086
5.1344960E-07,-0.011080
5.1349960E-07,-0.011072
5.1354960E-07,-0.011063
5.1359960E-07,-0.011053
5.1364960E-07,-0.011044
5.1369960E-07,-0.011034
5.1374960E-07,-0.011025
5.1379960E-07,-0.011016
5.1384960E-07,-0.011008
5.1389960E-07,-0.011000
5.1394960E-07,-0.010993
5.1399960E-07,-0.010987
5.1404960E-07,-0.010981
5.1409960E-07,-0.010975
5.1414960E-07,-0.010970
5.1419960E-07,-0.010964
5.1424960E-07,-0.010957
5.1429960E-07,-0.010950
5.1434960E-07,-0.010942
5.1439960E-07,-0.010932
5.1444960E-07,-0.010921
5.1449960E-07,-0.010909
5.1454960E-07,-0.010895
5.1459960E-07,-0.010880
5.1464960E-07,-0.010864
5.1469960E-07,-0.010847
5.1474960E-07,-0.010830
5.1479960E-07,-0.010811
5.1484960E-07,-0.010793
5.1489960E-07,-0.010775
5.1494960E-07,-0.010758
5.1499960E-07,-0.010741
5.1504960E-07,-0.010725
5.1509960E-07,-0.010711
5.1514960E-07,-0.010697
5.1519960E-07,-0.010685
5.1524960E-07,-0.010674
5.1529960E-07,-0.010663
5.1534960E-07,-0.010654
5.1539960E-07,-0.010645
5.1544960E-07,-0.010636
5.1549960E-07,-0.010627
5.1554960E-07,-0.010618
5.1559960E-07,-0.010608
5.1564960E-07,-0.010597
5.1569960E-07,-0.010585
5.1574960E-07,-0.010572
5.1579960E-07,-0.010557
5.1584960E-07,-0.010542
5.1589960E-07,-0.010525
5.1594960E-07,-0.010508
5.1599960E-07,-0.010490
5.1604960E-07,-0.010472
5.1609960E-07,-0.010454
5.1614960E-07,-0.010436
5.1619960E-07,-0.010420
5.1624960E-07,-0.010405
5.1629960E-07,-0.010391
5.1634960E-07,-0.010380
5.1639960E-07,-0.010371
5.1644960E-07,-0.010365
5.1649960E-07,-0.010361
5.1654960E-07,-0.010360
5.1659960E-07,-0.010362
5.1664960E-07,-0.010367
5.1669960E-07,-0.010374
5.1674960E-07,-0.010383
5.1679960E-07,-0.010394
5.1684960E-07,-0.010406
5.1689960E-07,-0.010420
5.1694960E-07,-0.010435
5.1699960E-07,-0.010450
5.1704960E-07,-0.010465
5.1709960E-07,-0.010480
5.1714960E-07,-0.010494
5.1719960E-07,-0.010508
5.1724960E-07,-0.010521
5.1729960E-07,-0.010533
5.1734960E-07,-0.010545
5.1739960E-07,-0.010555
5.1744960E-07,-0.010565
5.1749960E-07,-0.010574
5.1754960E-07,-0.010582
5.1759960E-07,-0.010590
5.1764960E-07,-0.010598
5.1769960E-07,-0.010606
5.1774960E-07,-0.010613
5.1779960E-07,-0.010621
5.1784960E-07,-0.010630
5.1789960E-07,-0.010638
5.1794960E-07,-0.010647
5.1799960E-07,-0.010657
5.1804960E-07,-0.010667
5.1809960E-07,-0.010677
5.1814960E-07,-0.010687
5.1819960E-07,-0.010697
5.1824960E-07,-0.010706
5.1829960E-07,-0.010715
5.1834960E-07,-0.010724
5.1839960E-07,-0.010732
5.1844960E-07,-0.010739
5.1849960E-07,-0.010745
5.1854960E-07,-0.010750
5.1859960E-07,-0.010754
5.1864960E-07,-0.010757
5.1869960E-07,-0.010759
5.1874960E-07,-0.010759
5.1879960E-07,-0.010759
5.1884960E-07,-0.010758
5.1889960E-07,-0.010756
5.1894960E-07,-0.010754
5.1899960E-07,-0.010751
5.1904960E-07,-0.010748
5.1909960E-07,-0.010745
5.1914960E-07,-0.010741
5.1919960E-07,-0.010738
5.1924960E-07,-0.010734
5.1929960E-07,-0.010731
5.1934960E-07,-0.010727
5.1939960E-07,-0.010723
5.1944960E-07,-0.010719
5.1949960E-07,-0.010714
5.1954960E-07,-0.010709
5.1959960E-07,-0.010703
5.1964960E-07,-0.010697
5.1969960E-07,-0.010689
5.1974960E-07,-0.010681
5.1979960E-07,-0.010673
5.1984960E-07,-0.010663
5.1989960E-07,-0.010653
5.1994960E-07,-0.010643
5.1999960E-07,-0.010632
5.2004960E-07,-0.010622
5.2009960E-07,-0.010612
5.2014960E-07,-0.010602
5.2019960E-07,-0.010594
5.2024960E-07,-0.010586
5.2029960E-07,-0.010581
5.2034960E-07,-0.010576
5.2039960E-07,-0.010574
5.2044960E-07,-0.010574
5.2049960E-07,-0.010575
5.2054960E-07,-0.010579
5.2059960E-07,-0.010584
5.2064960E-07,-0.010591
5.2069960E-07,-0.010599
5.2074960E-07,-0.010609
5.2079960E-07,-0.010619
5.2084960E-07,-0.010629
5.2089960E-07,-0.010639
5.2094960E-07,-0.010649
5.2099960E-07,-0.010658
5.2104960E-07,-0.010666
5.2109960E-07,-0.010672
5.2114960E-07,-0.010677
5.2119960E-07,-0.010680
5.2124960E-07,-0.010682
5.2129960E-07,-0.010682
5.2134960E-07,-0.010680
5.2139960E-07,-0.010678
5.2144960E-07,-0.010674
5.2149960E-07,-0.010669
5.2154960E-07,-0.010664
5.2159960E-07,-0.010660
5.2164960E-07,-0.010655
5.2169960E-07,-0.010652
5.2174960E-07,-0.010649
5.2179960E-07,-0.010647
5.2184960E-07,-0.010646
5.2189960E-07,-0.010647
5.2194960E-07,-0.010649
5.2199960E-07,-0.010653
5.2204960E-07,-0.010657
5.2209960E-07,-0.010662
5.2214960E-07,-0.010667
5.2219960E-07,-0.010673
5.2224960E-07,-0.010678
5.2229960E-07,-0.010683
5.2234960E-07,-0.010688
5.2239960E-07,-0.010691
5.2244960E-07,-0.010692
5.2249960E-07,-0.010693
5.2254960E-07,-0.010692
5.2259960E-07,-0.010689
5.2264960E-07,-0.010685
5.2269960E-07,-0.010679
5.2274960E-07,-0.010673
5.2279960E-07,-0.010666
5.2284960E-07,-0.010658
5.2289960E-07,-0.010650
5.2294960E-07,-0.010643
5.2299960E-07,-0.010636
5.2304960E-07,-0.010629
5.2309960E-07,-0.010623
5.2314960E-07,-0.010619
5.2319960E-07,-0.010615
5.2324960E-07,-0.010613
5.2329960E-07,-0.010612
5.2334960E-07,-0.010612
5.2339960E-07,-0.010613
5.2344960E-07,-0.010614
5.2349960E-07,-0.010616
5.2354960E-07,-0.010618
5.2359960E-07,-0.010620
5.2364960E-07,-0.010621
5.2369960E-07,-0.010621
5.2374960E-07,-0.010621
5.2379960E-07,-0.010619
5.2384960E-07,-0.010617
5.2389960E-07,-0.010613
5.2394960E-07,-0.010607
5.2399960E-07,-0.010601
5.2404960E-07,-0.010593
5.2409960E-07,-0.010585
5.2414960E-07,-0.010575
5.2419960E-07,-0.010565
5.2424960E-07,-0.010555
5.2429960E-07,-0.010544
5.2434960E-07,-0.010533
5.2439960E-07,-0.010522
5.2444960E-07,-0.010512
5.2449960E-07,-0.010501
5.2454960E-07,-0.010491
5.2459960E-07,-0.010481
5.2464960E-07,-0.010471
5.2469960E-07,-0.010461
5.2474960E-07,-0.010451
5.2479960E-07,-0.010441
5.2484960E-07,-0.010430
5.2489960E-07,-0.010420
5.2494960E-07,-0.010408
5.2499960E-07,-0.010397
5.2504960E-07,-0.010385
5.2509960E-07,-0.010373
5.2514960E-07,-0.010361
5.2519960E-07,-0.010348
5.2524960E-07,-0.010336
5.2529960E-07,-0.010325
5.2534960E-07,-0.010314
5.2539960E-07,-0.010304
5.2544960E-07,-0.010296
5.2549960E-07,-0.010290
5.2554960E-07,-0.010286
5.2559960E-07,-0.010284
5.2564960E-07,-0.010284
5.2569960E-07,-0.010287
5.2574960E-07,-0.010293
5.2579960E-07,-0.010300
5.2584960E-07,-0.010310
5.2589960E-07,-0.010323
5.2594960E-07,-0.010337
5.2599960E-07,-0.010352
5.2604960E-07,-0.010368
5.2609960E-07,-0.010384
5.2614960E-07,-0.010401
5.2619960E-07,-0.010417
5.2624960E-07,-0.010432
5.2629960E-07,-0.010446
5.2634960E-07,-0.010457
5.2639960E-07,-0.010467
5.2644960E-07,-0.010475
5.2649960E-07,-0.010480
5.2654960E-07,-0.010483
5.2659960E-07,-0.010484
5.2664960E-07,-0.010482
5.2669960E-07,-0.010479
5.2674960E-07,-0.010475
5.2679960E-07,-0.010469
5.2684960E-07,-0.010463
5.2689960E-07,-0.010456
5.2694960E-07,-0.010451
5.2699960E-07,-0.010445
5.2704960E-07,-0.010441
5.2709960E-07,-0.010439
5.2714960E-07,-0.010438
5.2719960E-07,-0.010439
5.2724960E-07,-0.010443
5.2729960E-07,-0.010448
5.2734960E-07,-0.010455
5.2739960E-07,-0.010464
5.2744960E-07,-0.010474
5.2749960E-07,-0.010486
5.2754960E-07,-0.010498
5.2759960E-07,-0.010511
5.2764960E-07,-0.010523
5.2769960E-07,-0.010536
5.2774960E-07,-0.010548
5.2779960E-07,-0.010559
5.2784960E-07,-0.010569
5.2789960E-07,-0.010577
5.2794960E-07,-0.010585
5.2799960E-07,-0.010591
5.2804960E-07,-0.010596
5.2809960E-07,-0.010600
5.2814960E-07,-0.010604
5.2819960E-07,-0.010607
5.2824960E-07,-0.010610
5.2829960E-07,-0.010614
5.2834960E-07,-0.010618
5.2839960E-07,-0.010622
5.2844960E-07,-0.010628
5.2849960E-07,-0.010635
5.2854960E-07,-0.010644
5.2859960E-07,-0.010653
5.2864960E-07,-0.010664
5.2869960E-07,-0.010677
5.2874960E-07,-0.010690
5.2879960E-07,-0.010704
5.2884960E-07,-0.010718
5.2889960E-07,-0.010732
5.2894960E-07,-0.010746
5.2899960E-07,-0.010760
5.2904960E-07,-0.010772
5.2909960E-07,-0.010783
5.2914960E-07,-0.010792
5.2919960E-07,-0.010800
5.2924960E-07,-0.010805
5.2929960E-07,-0.010809
5.2934960E-07,-0.010811
5.2939960E-07,-0.010811
5.2944960E-07,-0.010809
5.2949960E-07,-0.010806
5.2954960E-07,-0.010802
5.2959960E-07,-0.010797
5.2964960E-07,-0.010792
5.2969960E-07,-0.010786
5.2974960E-07,-0.010781
5.2979960E-07,-0.010775
5.2984960E-07,-0.010770
5.2989960E-07,-0.010766
5.2994960E-07,-0.010762
5.2999960E-07,-0.010759
5.3004960E-07,-0.010756
5.3009960E-07,-0.010753
5.3014960E-07,-0.010751
5.3019960E-07,-0.010748
5.3024960E-07,-0.010746
5.3029960E-07,-0.010742
5.3034960E-07,-0.010738
5.3039960E-07,-0.010733
5.3044960E-07,-0.010728
5.3049960E-07,-0.010721
5.3054960E-07,-0.010713
5.3059960E-07,-0.010704
5.3064960E-07,-0.010695
5.3069960E-07,-0.010685
5.3074960E-07,-0.010674
5.3079960E-07,-0.010664
5.3084960E-07,-0.010654
5.3089960E-07,-0.010644
5.3094960E-07,-0.010636
5.3099960E-07,-0.010628
5.3104960E-07,-0.010623
5.3109960E-07,-0.010618
5.3114960E-07,-0.010616
5.3119960E-07,-0.010616
5.3124960E-07,-0.010617
5.3129960E-07,-0.010620
5.3134960E-07,-0.010624
5.3139960E-07,-0.010630
5.3144960E-07,-0.010637
5.3149960E-07,-0.010645
5.3154960E-07,-0.010653
5.3159960E-07,-0.010661
5.3164960E-07,-0.010668
5.3169960E-07,-0.010675
5.3174960E-07,-0.010681
5.3179960E-07,-0.010686
5.3184960E-07,-0.010689
5.3189960E-07,-0.010691
5.3194960E-07,-0.010692
5.3199960E-07,-0.010690
5.3204960E-07,-0.010687
5.3209960E-07,-0.010683
5.3214960E-07,-0.010678
5.3219960E-07,-0.010672
5.3224960E-07,-0.010665
5.3229960E-07,-0.010657
5.3234960E-07,-0.010650
5.3239960E-07,-0.010642
5.3244960E-07,-0.010634
5.3249960E-07,-0.010627
5.3254960E-07,-0.010621
5.3259960E-07,-0.010615
5.3264960E-07,-0.010610
5.3269960E-07,-0.010605
5.3274960E-07,-0.010601
5.3279960E-07,-0.010598
5.3284960E-07,-0.010595
5.3289960E-07,-0.010593
5.3294960E-07,-0.010591
5.3299960E-07,-0.010590
5.3304960E-07,-0.010588
5.3309960E-07,-0.010587
5.3314960E-07,-0.010585
5.3319960E-07,-0.010584
5.3324960E-07,-0.010583
5.3329960E-07,-0.010581
5.3334960E-07,-0.010580
5.3339960E-07,-0.010578
5.3344960E-07,-0.010577
5.3349960E-07,-0.010576
5.3354960E-07,-0.010575
5.3359960E-07,-0.010575
5.3364960E-07,-0.010576
5.3369960E-07,-0.010577
5.3374960E-07,-0.010578
5.3379960E-07,-0.010580
5.3384960E-07,-0.010582
5.3389960E-07,-0.010585
5.3394960E-07,-0.010589
5.3399960E-07,-0.010592
5.3404960E-07,-0.010595
5.3409960E-07,-0.010598
5.3414960E-07,-0.010601
5.3419960E-07,-0.010603
5.3424960E-07,-0.010604
5.3429960E-07,-0.010604
5.3434960E-07,-0.010602
5.3439960E-07,-0.010600
5.3444960E-07,-0.010595
5.3449960E-07,-0.010590
5.3454960E-07,-0.010583
5.3459960E-07,-0.010575
5.3464960E-07,-0.010565
5.3469960E-07,-0.010555
5.3474960E-07,-0.010544
5.3479960E-07,-0.010532
5.3484960E-07,-0.010521
5.3489960E-07,-0.010509
5.3494960E-07,-0.010498
5.3499960E-07,-0.010487
5.3504960E-07,-0.010477
5.3509960E-07,-0.010468
5.3514960E-07,-0.010460
5.3519960E-07,-0.010454
5.3524960E-07,-0.010449
5.3529960E-07,-0.010445
5.3534960E-07,-0.010442
5.3539960E-07,-0.010440
5.3544960E-07,-0.010439
5.3549960E-07,-0.010438
5.3554960E-07,-0.010438
5.3559960E-07,-0.010438
5.3564960E-07,-0.010437
5.3569960E-07,-0.010436
5.3574960E-07,-0.010435
5.3579960E-07,-0.010433
5.3584960E-07,-0.010430
5.3589960E-07,-0.010427
5.3594960E-07,-0.010422
5.3599960E-07,-0.010417
5.3604960E-07,-0.010412
5.3609960E-07,-0.010406
5.3614960E-07,-0.010401
5.3619960E-07,-0.010396
5.3624960E-07,-0.010391
5.3629960E-07,-0.010388
5.3634960E-07,-0.010386
5.3639960E-07,-0.010386
5.3644960E-07,-0.010388
5.3649960E-07,-0.010392
5.3654960E-07,-0.010399
5.3659960E-07,-0.010407
5.3664960E-07,-0.010418
5.3669960E-07,-0.010431
5.3674960E-07,-0.010446
5.3679960E-07,-0.010463
5.3684960E-07,-0.010481
5.3689960E-07,-0.010500
5.3694960E-07,-0.010520
5.3699960E-07,-0.010539
5.3704960E-07,-0.010559
5.3709960E-07,-0.010578
5.3714960E-07,-0.010596
5.3719960E-07,-0.010612
5.3724960E-07,-0.010627
5.3729960E-07,-0.010641
5.3734960E-07,-0.010653
5.3739960E-07,-0.010663
5.3744960E-07,-0.010671
5.3749960E-07,-0.010677
5.3754960E-07,-0.010682
5.3759960E-07,-0.010686
5.3764960E-07,-0.010689
5.3769960E-07,-0.010690
5.3774960E-07,-0.010690
5.3779960E-07,-0.010690
5.3784960E-07,-0.010690
5.3789960E-07,-0.010688
5.3794960E-07,-0.010687
5.3799960E-07,-0.010684
5.3804960E-07,-0.010682
5.3809960E-07,-0.010678
5.3814960E-07,-0.010674
5.3819960E-07,-0.010669
5.3824960E-07,-0.010664
5.3829960E-07,-0.010657
5.3834960E-07,-0.010649
5.3839960E-07,-0.010640
5.3844960E-07,-0.010630
5.3849960E-07,-0.010618
5.3854960E-07,-0.010606
5.3859960E-07,-0.010593
5.3864960E-07,-0.010579
5.3869960E-07,-0.010565
5.3874960E-07,-0.010551
5.3879960E-07,-0.010537
5.3884960E-07,-0.010523
5.3889960E-07,-0.010511
5.3894960E-07,-0.010500
5.3899960E-07,-0.010490
5.3904960E-07,-0.010482
5.3909960E-07,-0.010475
5.3914960E-07,-0.010471
5.3919960E-07,-0.010469
5.3924960E-07,-0.010469
5.3929960E-07,-0.010471
5.3934960E-07,-0.010474
5.3939960E-07,-0.010479
5.3944960E-07,-0.010486
5.3949960E-07,-0.010493
5.3954960E-07,-0.010501
5.3959960E-07,-0.010509
5.3964960E-07,-0.010518
5.3969960E-07,-0.010526
5.3974960E-07,-0.010534
5.3979960E-07,-0.010541
5.3984960E-07,-0.010548
5.3989960E-07,-0.010553
5.3994960E-07,-0.010558
5.3999960E-07,-0.010562
5.4004960E-07,-0.010565
5.4009960E-07,-0.010568
5.4014960E-07,-0.010570
5.4019960E-07,-0.010572
5.4024960E-07,-0.010574
5.4029960E-07,-0.010577
5.4034960E-07,-0.010580
5.4039960E-07,-0.010583
5.4044960E-07,-0.010587
5.4049960E-07,-0.010592
5.4054960E-07,-0.010598
5.4059960E-07,-0.010604
5.4064960E-07,-0.010611
5.4069960E-07,-0.010619
5.4074960E-07,-0.010628
5.4079960E-07,-0.010636
5.4084960E-07,-0.010645
5.4089960E-07,-0.010654
5.4094960E-07,-0.010662
5.4099960E-07,-0.010669
5.4104960E-07,-0.010676
5.4109960E-07,-0.010682
5.4114960E-07,-0.010686
5.4119960E-07,-0.010690
5.4124960E-07,-0.010692
5.4129960E-07,-0.010693
5.4134960E-07,-0.010692
5.4139960E-07,-0.010690
5.4144960E-07,-0.010687
5.4149960E-07,-0.010683
5.4154960E-07,-0.010679
5.4159960E-07,-0.010673
5.4164960E-07,-0.010667
5.4169960E-07,-0.010660
5.4174960E-07,-0.010653
5.4179960E-07,-0.010646
5.4184960E-07,-0.010639
5.4189960E-07,-0.010631
5.4194960E-07,-0.010624
5.4199960E-07,-0.010616
5.4204960E-07,-0.010607
5.4209960E-07,-0.010599
5.4214960E-07,-0.010589
5.4219960E-07,-0.010579
5.4224960E-07,-0.010569
5.4229960E-07,-0.010557
5.4234960E-07,-0.010544
5.4239960E-07,-0.010530
5.4244960E-07,-0.010514
5.4249960E-07,-0.010498
5.4254960E-07,-0.010480
5.4259960E-07,-0.010461
5.4264960E-07,-0.010441
5.4269960E-07,-0.010421
5.4274960E-07,-0.010400
5.4279960E-07,-0.010379
5.4284960E-07,-0.010357
5.4289960E-07,-0.010337
5.4294960E-07,-0.010317
5.4299960E-07,-0.010298
5.4304960E-07,-0.010280
5.4309960E-07,-0.010264
5.4314960E-07,-0.010250
5.4319960E-07,-0.010237
5.4324960E-07,-0.010226
5.4329960E-07,-0.010218
5.4334960E-07,-0.010211
5.4339960E-07,-0.010205
5.4344960E-07,-0.010201
5.4349960E-07,-0.010199
5.4354960E-07,-0.010197
5.4359960E-07,-0.010196
5.4364960E-07,-0.010195
5.4369960E-07,-0.010195
5.4374960E-07,-0.010195
5.4379960E-07,-0.010194
5.4384960E-07,-0.010193
5.4389960E-07,-0.010191
5.4394960E-07,-0.010188
5.4399960E-07,-0.010185
5.4404960E-07,-0.010182
5.4409960E-07,-0.010178
5.4414960E-07,-0.010173
5.4419960E-07,-0.010169
5.4424960E-07,-0.010165
5.4429960E-07,-0.010161
5.4434960E-07,-0.010157
5.4439960E-07,-0.010155
5.4444960E-07,-0.010153
5.4449960E-07,-0.010152
5.4454960E-07,-0.010152
5.4459960E-07,-0.010153
5.4464960E-07,-0.010155
5.4469960E-07,-0.010158
5.4474960E-07,-0.010161
5.4479960E-07,-0.010165
5.4484960E-07,-0.010170
5.4489960E-07,-0.010174
5.4494960E-07,-0.010178
5.4499960E-07,-0.010181
5.4504960E-07,-0.010184
5.4509960E-07,-0.010186
5.4514960E-07,-0.010186
5.4519960E-07,-0.010186
5.4524960E-07,-0.010184
5.4529960E-07,-0.010181
5.4534960E-07,-0.010176
5.4539960E-07,-0.010171
5.4544960E-07,-0.010166
5.4549960E-07,-0.010159
5.4554960E-07,-0.010153
5.4559960E-07,-0.010147
5.4564960E-07,-0.010141
5.4569960E-07,-0.010136
5.4574960E-07,-0.010132
5.4579960E-07,-0.010129
5.4584960E-07,-0.010127
5.4589960E-07,-0.010127
5.4594960E-07,-0.010129
5.4599960E-07,-0.010132
5.4604960E-07,-0.010137
5.4609960E-07,-0.010143
5.4614960E-07,-0.010151
5.4619960E-07,-0.010159
5.4624960E-07,-0.010169
5.4629960E-07,-0.010179
5.4634960E-07,-0.010189
5.4639960E-07,-0.010199
5.4644960E-07,-0.010209
5.4649960E-07,-0.010219
5.4654960E-07,-0.010228
5.4659960E-07,-0.010236
5.4664960E-07,-0.010244
5.4669960E-07,-0.010250
5.4674960E-07,-0.010256
5.4679960E-07,-0.010261
5.4684960E-07,-0.010265
5.4689960E-07,-0.010268
5.4694960E-07,-0.010271
5.4699960E-07,-0.010273
5.4704960E-07,-0.010275
5.4709960E-07,-0.010277
5.4714960E-07,-0.010278
5.4719960E-07,-0.010280
5.4724960E-07,-0.010282
5.4729960E-07,-0.010284
5.4734960E-07,-0.010287
5.4739960E-07,-0.010290
5.4744960E-07,-0.010293
5.4749960E-07,-0.010296
5.4754960E-07,-0.010300
5.4759960E-07,-0.010304
5.4764960E-07,-0.010309
5.4769960E-07,-0.010313
5.4774960E-07,-0.010318
5.4779960E-07,-0.010322
5.4784960E-07,-0.010327
5.4789960E-07,-0.010333
5.4794960E-07,-0.010338
5.4799960E-07,-0.010344
5.4804960E-07,-0.010350
5.4809960E-07,-0.010356
5.4814960E-07,-0.010363
5.4819960E-07,-0.010371
5.4824960E-07,-0.010379
5.4829960E-07,-0.010389
5.4834960E-07,-0.010399
5.4839960E-07,-0.010410
5.4844960E-07,-0.010422
5.4849960E-07,-0.010435
5.4854960E-07,-0.010449
5.4859960E-07,-0.010464
5.4864960E-07,-0.010479
5.4869960E-07,-0.010495
5.4874960E-07,-0.010511
5.4879960E-07,-0.010527
5.4884960E-07,-0.010543
5.4889960E-07,-0.010559
5.4894960E-07,-0.010573
5.4899960E-07,-0.010587
5.4904960E-07,-0.010600
5.4909960E-07,-0.010611
5.4914960E-07,-0.010621
5.4919960E-07,-0.010629
5.4924960E-07,-0.010635
5.4929960E-07,-0.010639
5.4934960E-07,-0.010642
5.4939960E-07,-0.010642
5.4944960E-07,-0.010641
5.4949960E-07,-0.010638
5.4954960E-07,-0.010634
5.4959960E-07,-0.010628
5.4964960E-07,-0.010621
5.4969960E-07,-0.010613
5.4974960E-07,-0.010604
5.4979960E-07,-0.010594
5.4984960E-07,-0.010584
5.4989960E-07,-0.010574
5.4994960E-07,-0.010563
5.4999960E-07,-0.010552
5.5004960E-07,-0.010542
5.5009960E-07,-0.010531
5.5014960E-07,-0.010520
5.5019960E-07,-0.010510
5.5024960E-07,-0.010499
5.5029960E-07,-0.010489
5.5034960E-07,-0.010478
5.5039960E-07,-0.010468
5.5044960E-07,-0.010457
5.5049960E-07,-0.010446
5.5054960E-07,-0.010435
5.5059960E-07,-0.010424
5.5064960E-07,-0.010413
5.5069960E-07,-0.010402
5.5074960E-07,-0.010391
5.5079960E-07,-0.010381
5.5084960E-07,-0.010370
5.5089960E-07,-0.010360
5.5094960E-07,-0.010351
5.5099960E-07,-0.010342
5.5104960E-07,-0.010335
5.5109960E-07,-0.010328
5.5114960E-07,-0.010321
5.5119960E-07,-0.010316
5.5124960E-07,-0.010312
5.5129960E-07,-0.010309
5.5134960E-07,-0.010306
5.5139960E-07,-0.010304
5.5144960E-07,-0.010303
5.5149960E-07,-0.010302
5.5154960E-07,-0.010302
5.5159960E-07,-0.010301
5.5164960E-07,-0.010301
5.5169960E-07,-0.010300
5.5174960E-07,-0.010299
5.5179960E-07,-0.010298
5.5184960E-07,-0.010296
5.5189960E-07,-0.010294
5.5194960E-07,-0.010291
5.5199960E-07,-0.010288
5.5204960E-07,-0.010285
5.5209960E-07,-0.010281
5.5214960E-07,-0.010278
5.5219960E-07,-0.010275
5.5224960E-07,-0.010272
5.5229960E-07,-0.010270
5.5234960E-07,-0.010269
5.5239960E-07,-0.010269
5.5244960E-07,-0.010270
5.5249960E-07,-0.010272
5.5254960E-07,-0.010276
5.5259960E-07,-0.010281
5.5264960E-07,-0.010287
5.5269960E-07,-0.010295
5.5274960E-07,-0.010304
5.5279960E-07,-0.010314
5.5284960E-07,-0.010325
5.5289960E-07,-0.010337
5.5294960E-07,-0.010349
5.5299960E-07,-0.010362
5.5304960E-07,-0.010375
5.5309960E-07,-0.010387
5.5314960E-07,-0.010399
5.5319960E-07,-0.010411
5.5324960E-07,-0.010423
5.5329960E-07,-0.010433
5.5334960E-07,-0.010443
5.5339960E-07,-0.010452
5.5344960E-07,-0.010461
5.5349960E-07,-0.010468
5.5354960E-07,-0.010475
5.5359960E-07,-0.010482
5.5364960E-07,-0.010487
5.5369960E-07,-0.010492
5.5374960E-07,-0.010497
5.5379960E-07,-0.010500
5.5384960E-07,-0.010504
5.5389960E-07,-0.010507
5.5394960E-07,-0.010509
5.5399960E-07,-0.010510
5.5404960E-07,-0.010511
5.5409960E-07,-0.010511
5.5414960E-07,-0.010510
5.5419960E-07,-0.010508
5.5424960E-07,-0.010505
5.5429960E-07,-0.010501
5.5434960E-07,-0.010495
5.5439960E-07,-0.010489
5.5444960E-07,-0.010482
5.5449960E-07,-0.010474
5.5454960E-07,-0.010464
5.5459960E-07,-0.010455
5.5464960E-07,-0.010445
5.5469960E-07,-0.010434
5.5474960E-07,-0.010424
5.5479960E-07,-0.010414
5.5484960E-07,-0.010405
5.5489960E-07,-0.010397
5.5494960E-07,-0.010389
5.5499960E-07,-0.010383
5.5504960E-07,-0.010379
5.5509960E-07,-0.010377
5.5514960E-07,-0.010376
5.5519960E-07,-0.010377
5.5524960E-07,-0.010380
5.5529960E-07,-0.010385
5.5534960E-07,-0.010391
5.5539960E-07,-0.010399
5.5544960E-07,-0.010408
5.5549960E-07,-0.010418
5.5554960E-07,-0.010429
5.5559960E-07,-0.010440
5.5564960E-07,-0.010452
5.5569960E-07,-0.010464
5.5574960E-07,-0.010475
5.5579960E-07,-0.010486
5.5584960E-07,-0.010496
5.5589960E-07,-0.010505
5.5594960E-07,-0.010513
5.5599960E-07,-0.010520
5.5604960E-07,-0.010527
5.5609960E-07,-0.010532
5.5614960E-07,-0.010536
5.5619960E-07,-0.010539
5.5624960E-07,-0.010542
5.5629960E-07,-0.010543
5.5634960E-07,-0.010544
5.5639960E-07,-0.010545
5.5644960E-07,-0.010544
5.5649960E-07,-0.010544
5.5654960E-07,-0.010543
5.5659960E-07,-0.010541
5.5664960E-07,-0.010540
5.5669960E-07,-0.010538
5.5674960E-07,-0.010536
5.5679960E-07,-0.010534
5.5684960E-07,-0.010531
5.5689960E-07,-0.010528
5.5694960E-07,-0.010525
5.5699960E-07,-0.010522
5.5704960E-07,-0.010518
5.5709960E-07,-0.010514
5.5714960E-07,-0.010509
5.5719960E-07,-0.010504
5.5724960E-07,-0.010499
5.5729960E-07,-0.010494
5.5734960E-07,-0.010488
5.5739960E-07,-0.010482
5.5744960E-07,-0.010476
5.5749960E-07,-0.010470
5.5754960E-07,-0.010464
5.5759960E-07,-0.010458
5.5764960E-07,-0.010452
5.5769960E-07,-0.010447
5.5774960E-07,-0.010441
5.5779960E-07,-0.010436
5.5784960E-07,-0.010430
5.5789960E-07,-0.010425
5.5794960E-07,-0.010421
5.5799960E-07,-0.010416
5.5804960E-07,-0.010411
5.5809960E-07,-0.010407
5.5814960E-07,-0.010402
5.5819960E-07,-0.010397
5.5824960E-07,-0.010393
5.5829960E-07,-0.010388
5.5834960E-07,-0.010382
5.5839960E-07,-0.010377
5.5844960E-07,-0.010371
5.5849960E-07,-0.010365
5.5854960E-07,-0.010359
5.5859960E-07,-0.010353
5.5864960E-07,-0.010346
5.5869960E-07,-0.010339
5.5874960E-07,-0.010333
5.5879960E-07,-0.010326
5.5884960E-07,-0.010319
5.5889960E-07,-0.010313
5.5894960E-07,-0.010307
5.5899960E-07,-0.010301
5.5904960E-07,-0.010296
5.5909960E-07,-0.010291
5.5914960E-07,-0.010287
5.5919960E-07,-0.010283
5.5924960E-07,-0.010280
5.5929960E-07,-0.010278
5.5934960E-07,-0.010276
5.5939960E-07,-0.010274
5.5944960E-07,-0.010273
5.5949960E-07,-0.010273
5.5954960E-07,-0.010273
5.5959960E-07,-0.010273
5.5964960E-07,-0.010274
5.5969960E-07,-0.010275
5.5974960E-07,-0.010276
5.5979960E-07,-0.010278
5.5984960E-07,-0.010280
5.5989960E-07,-0.010283
5.5994960E-07,-0.010287
5.5999960E-07,-0.010292
5.6004960E-07,-0.010297
5.6009960E-07,-0.010304
5.6014960E-07,-0.010311
5.6019960E-07,-0.010320
5.6024960E-07,-0.010330
5.6029960E-07,-0.010341
5.6034960E-07,-0.010354
5.6039960E-07,-0.010368
5.6044960E-07,-0.010383
5.6049960E-07,-0.010400
5.6054960E-07,-0.010417
5.6059960E-07,-0.010434
5.6064960E-07,-0.010452
5.6069960E-07,-0.010470
5.6074960E-07,-0.010488
5.6079960E-07,-0.010505
5.6084960E-07,-0.010521
5.6089960E-07,-0.010536
5.6094960E-07,-0.010549
5.6099960E-07,-0.010561
5.6104960E-07,-0.010570
5.6109960E-07,-0.010578
5.6114960E-07,-0.010584
5.6119960E-07,-0.010587
5.6124960E-07,-0.010588
5.6129960E-07,-0.010588
5.6134960E-07,-0.010586
5.6139960E-07,-0.010582
5.6144960E-07,-0.010578
5.6149960E-07,-0.010572
5.6154960E-07,-0.010566
5.6159960E-07,-0.010560
5.6164960E-07,-0.010554
5.6169960E-07,-0.010548
5.6174960E-07,-0.010543
5.6179960E-07,-0.010539
5.6184960E-07,-0.010536
5.6189960E-07,-0.010534
5.6194960E-07,-0.010533
5.6199960E-07,-0.010533
5.6204960E-07,-0.010535
5.6209960E-07,-0.010538
5.6214960E-07,-0.010541
5.6219960E-07,-0.010545
5.6224960E-07,-0.010549
5.6229960E-07,-0.010554
5.6234960E-07,-0.010558
5.6239960E-07,-0.010563
5.6244960E-07,-0.010566
5.6249960E-07,-0.010570
5.6254960E-07,-0.010572
5.6259960E-07,-0.010574
5.6264960E-07,-0.010575
5.6269960E-07,-0.010575
5.6274960E-07,-0.010574
5.6279960E-07,-0.010573
5.6284960E-07,-0.010570
5.6289960E-07,-0.010567
5.6294960E-07,-0.010562
5.6299960E-07,-0.010558
5.6304960E-07,-0.010552
5.6309960E-07,-0.010546
5.6314960E-07,-0.010539
5.6319960E-07,-0.010532
5.6324960E-07,-0.010524
5.6329960E-07,-0.010516
5.6334960E-07,-0.010507
5.6339960E-07,-0.010497
5.6344960E-07,-0.010487
5.6349960E-07,-0.010476
5.6354960E-07,-0.010465
5.6359960E-07,-0.010453
5.6364960E-07,-0.010440
5.6369960E-07,-0.010428
5.6374960E-07,-0.010415
5.6379960E-07,-0.010401
5.6384960E-07,-0.010388
5.6389960E-07,-0.010375
5.6394960E-07,-0.010362
5.6399960E-07,-0.010350
5.6404960E-07,-0.010338
5.6409960E-07,-0.010328
5.6414960E-07,-0.010318
5.6419960E-07,-0.010310
5.6424960E-07,-0.010303
5.6429960E-07,-0.010297
5.6434960E-07,-0.010293
5.6439960E-07,-0.010290
5.6444960E-07,-0.010289
5.6449960E-07,-0.010290
5.6454960E-07,-0.010291
5.6459960E-07,-0.010294
5.6464960E-07,-0.010298
5.6469960E-07,-0.010303
5.6474960E-07,-0.010309
5.6479960E-07,-0.010316
5.6484960E-07,-0.010323
5.6489960E-07,-0.010330
5.6494960E-07,-0.010337
5.6499960E-07,-0.010345
5.6504960E-07,-0.010352
5.6509960E-07,-0.010359
5.6514960E-07,-0.010366
5.6519960E-07,-0.010373
5.6524960E-07,-0.010379
5.6529960E-07,-0.010385
5.6534960E-07,-0.010390
5.6539960E-07,-0.010395
5.6544960E-07,-0.010400
5.6549960E-07,-0.010405
5.6554960E-07,-0.010410
5.6559960E-07,-0.010414
5.6564960E-07,-0.010419
5.6569960E-07,-0.010423
5.6574960E-07,-0.010427
5.6579960E-07,-0.010432
5.6584960E-07,-0.010436
5.6589960E-07,-0.010441
5.6594960E-07,-0.010446
5.6599960E-07,-0.010451
5.6604960E-07,-0.010456
5.6609960E-07,-0.010461
5.6614960E-07,-0.010466
5.6619960E-07,-0.010471
5.6624960E-07,-0.010476
5.6629960E-07,-0.010481
5.6634960E-07,-0.010485
5.6639960E-07,-0.010490
5.6644960E-07,-0.010495
5.6649960E-07,-0.010499
5.6654960E-07,-0.010503
5.6659960E-07,-0.010507
5.6664960E-07,-0.010510
5.6669960E-07,-0.010513
5.6674960E-07,-0.010516
5.6679960E-07,-0.010518
5.6684960E-07,-0.010521
5.6689960E-07,-0.010523
5.6694960E-07,-0.010524
5.6699960E-07,-0.010526
5.6704960E-07,-0.010527
5.6709960E-07,-0.010528
5.6714960E-07,-0.010529
5.6719960E-07,-0.010529
5.6724960E-07,-0.010529
5.6729960E-07,-0.010529
5.6734960E-07,-0.010528
5.6739960E-07,-0.010527
5.6744960E-07,-0.010525
5.6749960E-07,-0.010523
5.6754960E-07,-0.010520
5.6759960E-07,-0.010516
5.6764960E-07,-0.010511
5.6769960E-07,-0.010505
5.6774960E-07,-0.010499
5.6779960E-07,-0.010491
5.6784960E-07,-0.010482
5.6789960E-07,-0.010472
5.6794960E-07,-0.010461
5.6799960E-07,-0.010449
5.6804960E-07,-0.010437
5.6809960E-07,-0.010424
5.6814960E-07,-0.010410
5.6819960E-07,-0.010397
5.6824960E-07,-0.010383
5.6829960E-07,-0.010370
5.6834960E-07,-0.010357
5.6839960E-07,-0.010344
5.6844960E-07,-0.010333
5.6849960E-07,-0.010322
5.6854960E-07,-0.010312
5.6859960E-07,-0.010304
5.6864960E-07,-0.010297
5.6869960E-07,-0.010291
5.6874960E-07,-0.010286
5.6879960E-07,-0.010282
5.6884960E-07,-0.010279
5.6889960E-07,-0.010276
5.6894960E-07,-0.010274
5.6899960E-07,-0.010273
5.6904960E-07,-0.010272
5.6909960E-07,-0.010270
5.6914960E-07,-0.010269
5.6919960E-07,-0.010267
5.6924960E-07,-0.010264
5.6929960E-07,-0.010261
5.6934960E-07,-0.010258
5.6939960E-07,-0.010254
5.6944960E-07,-0.010249
5.6949960E-07,-0.010243
5.6954960E-07,-0.010238
5.6959960E-07,-0.010231
5.6964960E-07,-0.010225
5.6969960E-07,-0.010218
5.6974960E-07,-0.010211
5.6979960E-07,-0.010205
5.6984960E-07,-0.010198
5.6989960E-07,-0.010192
5.6994960E-07,-0.010187
5.6999960E-07,-0.010182
5.7004960E-07,-0.010177
5.7009960E-07,-0.010173
5.7014960E-07,-0.010169
5.7019960E-07,-0.010166
5.7024960E-07,-0.010163
5.7029960E-07,-0.010160
5.7034960E-07,-0.010157
5.7039960E-07,-0.010155
5.7044960E-07,-0.010153
5.7049960E-07,-0.010151
5.7054960E-07,-0.010148
5.7059960E-07,-0.010146
5.7064960E-07,-0.010144
5.7069960E-07,-0.010141
5.7074960E-07,-0.010139
5.7079960E-07,-0.010136
5.7084960E-07,-0.010134
5.7089960E-07,-0.010132
5.7094960E-07,-0.010129
5.7099960E-07,-0.010127
5.7104960E-07,-0.010125
5.7109960E-07,-0.010124
5.7114960E-07,-0.010122
5.7119960E-07,-0.010121
5.7124960E-07,-0.010120
5.7129960E-07,-0.010120
5.7134960E-07,-0.010119
5.7139960E-07,-0.010119
5.7144960E-07,-0.010119
5.7149960E-07,-0.010119
5.7154960E-07,-0.010119
5.7159960E-07,-0.010119
5.7164960E-07,-0.010119
5.7169960E-07,-0.010118
5.7174960E-07,-0.010118
5.7179960E-07,-0.010118
5.7184960E-07,-0.010117
5.7189960E-07,-0.010117
5.7194960E-07,-0.010116
5.7199960E-07,-0.010115
5.7204960E-07,-0.010115
5.7209960E-07,-0.010114
5.7214960E-07,-0.010114
5.7219960E-07,-0.010113
5.7224960E-07,-0.010113
5.7229960E-07,-0.010114
5.7234960E-07,-0.010114
5.7239960E-07,-0.010115
5.7244960E-07,-0.010116
5.7249960E-07,-0.010118
5.7254960E-07,-0.010121
5.7259960E-07,-0.010123
5.7264960E-07,-0.010127
5.7269960E-07,-0.010131
5.7274960E-07,-0.010135
5.7279960E-07,-0.010140
5.7284960E-07,-0.010145
5.7289960E-07,-0.010152
5.7294960E-07,-0.010158
5.7299960E-07,-0.010166
5.7304960E-07,-0.010174
5.7309960E-07,-0.010182
5.7314960E-07,-0.010192
5.7319960E-07,-0.010201
5.7324960E-07,-0.010212
5.7329960E-07,-0.010223
5.7334960E-07,-0.010234
5.7339960E-07,-0.010246
5.7344960E-07,-0.010258
5.7349960E-07,-0.010270
5.7354960E-07,-0.010282
5.7359960E-07,-0.010294
5.7364960E-07,-0.010306
5.7369960E-07,-0.010317
5.7374960E-07,-0.010327
5.7379960E-07,-0.010337
5.7384960E-07,-0.010346
5.7389960E-07,-0.010354
5.7394960E-07,-0.010360
5.7399960E-07,-0.010366
5.7404960E-07,-0.010371
5.7409960E-07,-0.010374
5.7414960E-07,-0.010377
5.7419960E-07,-0.010379
5.7424960E-07,-0.010381
5.7429960E-07,-0.010382
5.7434960E-07,-0.010382
5.7439960E-07,-0.010383
5.7444960E-07,-0.010384
5.7449960E-07,-0.010385
5.7454960E-07,-0.010387
5.7459960E-07,-0.010389
5.7464960E-07,-0.010392
5.7469960E-07,-0.010396
5.7474960E-07,-0.010401
5.7479960E-07,-0.010407
5.7484960E-07,-0.010415
5.7489960E-07,-0.010423
5.7494960E-07,-0.010432
5.7499960E-07,-0.010442
5.7504960E-07,-0.010453
5.7509960E-07,-0.010464
5.7514960E-07,-0.010476
5.7519960E-07,-0.010488
5.7524960E-07,-0.010501
5.7529960E-07,-0.010514
5.7534960E-07,-0.010526
5.7539960E-07,-0.010539
5.7544960E-07,-0.010551
5.7549960E-07,-0.010563
5.7554960E-07,-0.010575
5.7559960E-07,-0.010586
5.7564960E-07,-0.010597
5.7569960E-07,-0.010608
5.7574960E-07,-0.010618
5.7579960E-07,-0.010628
5.7584960E-07,-0.010637
5.7589960E-07,-0.010646
5.7594960E-07,-0.010654
5.7599960E-07,-0.010663
5.7604960E-07,-0.010670
5.7609960E-07,-0.010678
5.7614960E-07,-0.010685
5.7619960E-07,-0.010692
5.7624960E-07,-0.010699
5.7629960E-07,-0.010705
5.7634960E-07,-0.010710
5.7639960E-07,-0.010715
5.7644960E-07,-0.010720
5.7649960E-07,-0.010724
5.7654960E-07,-0.010727
5.7659960E-07,-0.010730
5.7664960E-07,-0.010732
5.7669960E-07,-0.010733
5.7674960E-07,-0.010733
5.7679960E-07,-0.010731
5.7684960E-07,-0.010729
5.7689960E-07,-0.010726
5.7694960E-07,-0.010722
5.7699960E-07,-0.010716
5.7704960E-07,-0.010709
5.7709960E-07,-0.010701
5.7714960E-07,-0.010692
5.7719960E-07,-0.010682
5.7724960E-07,-0.010671
5.7729960E-07,-0.010659
5.7734960E-07,-0.010646
5.7739960E-07,-0.010632
5.7744960E-07,-0.010618
5.7749960E-07,-0.010603
5.7754960E-07,-0.010588
5.7759960E-07,-0.010573
5.7764960E-07,-0.010557
5.7769960E-07,-0.010542
5.7774960E-07,-0.010527
5.7779960E-07,-0.010511
5.7784960E-07,-0.010496
5.7789960E-07,-0.010482
5.7794960E-07,-0.010467
5.7799960E-07,-0.010453
5.7804960E-07,-0.010439
5.7809960E-07,-0.010425
5.7814960E-07,-0.010412
5.7819960E-07,-0.010398
5.7824960E-07,-0.010385
5.7829960E-07,-0.010372
5.7834960E-07,-0.010359
5.7839960E-07,-0.010346
5.7844960E-07,-0.010333
5.7849960E-07,-0.010319
5.7854960E-07,-0.010306
5.7859960E-07,-0.010293
5.7864960E-07,-0.010281
5.7869960E-07,-0.010268
5.7874960E-07,-0.010256
5.7879960E-07,-0.010244
5.7884960E-07,-0.010233
5.7889960E-07,-0.010222
5.7894960E-07,-0.010212
5.7899960E-07,-0.010203
5.7904960E-07,-0.010195
5.7909960E-07,-0.010188
5.7914960E-07,-0.010183
5.7919960E-07,-0.010178
5.7924960E-07,-0.010175
5.7929960E-07,-0.010173
5.7934960E-07,-0.010173
5.7939960E-07,-0.010174
5.7944960E-07,-0.010176
5.7949960E-07,-0.010180
5.7954960E-07,-0.010185
5.7959960E-07,-0.010191
5.7964960E-07,-0.010198
5.7969960E-07,-0.010206
5.7974960E-07,-0.010215
5.7979960E-07,-0.010224
5.7984960E-07,-0.010235
5.7989960E-07,-0.010246
5.7994960E-07,-0.010257
5.7999960E-07,-0.010269
5.8004960E-07,-0.010281
5.8009960E-07,-0.010294
5.8014960E-07,-0.010306
5.8019960E-07,-0.010318
5.8024960E-07,-0.010329
5.8029960E-07,-0.010340
5.8034960E-07,-0.010351
5.8039960E-07,-0.010361
5.8044960E-07,-0.010370
5.8049960E-07,-0.010378
5.8054960E-07,-0.010385
5.8059960E-07,-0.010392
5.8064960E-07,-0.010397
5.8069960E-07,-0.010401
5.8074960E-07,-0.010405
5.8079960E-07,-0.010407
5.8084960E-07,-0.010409
5.8089960E-07,-0.010409
5.8094960E-07,-0.010410
5.8099960E-07,-0.010410
5.8104960E-07,-0.010409
5.8109960E-07,-0.010408
5.8114960E-07,-0.010407
5.8119960E-07,-0.010406
5.8124960E-07,-0.010406
5.8129960E-07,-0.010405
5.8134960E-07,-0.010405
5.8139960E-07,-0.010405
5.8144960E-07,-0.010406
5.8149960E-07,-0.010407
5.8154960E-07,-0.010408
5.8159960E-07,-0.010409
5.8164960E-07,-0.010411
5.8169960E-07,-0.010412
5.8174960E-07,-0.010414
5.8179960E-07,-0.010415
5.8184960E-07,-0.010416
5.8189960E-07,-0.010416
5.8194960E-07,-0.010416
5.8199960E-07,-0.010416
5.8204960E-07,-0.010415
5.8209960E-07,-0.010414
5.8214960E-07,-0.010411
5.8219960E-07,-0.010409
5.8224960E-07,-0.010406
5.8229960E-07,-0.010402
5.8234960E-07,-0.010398
5.8239960E-07,-0.010394
5.8244960E-07,-0.010390
5.8249960E-07,-0.010386
5.8254960E-07,-0.010381
5.8259960E-07,-0.010377
5.8264960E-07,-0.010373
5.8269960E-07,-0.010370
5.8274960E-07,-0.010366
5.8279960E-07,-0.010363
5.8284960E-07,-0.010360
5.8289960E-07,-0.010357
5.8294960E-07,-0.010354
5.8299960E-07,-0.010352
5.8304960E-07,-0.010349
5.8309960E-07,-0.010347
5.8314960E-07,-0.010345
5.8319960E-07,-0.010343
5.8324960E-07,-0.010341
5.8329960E-07,-0.010339
5.8334960E-07,-0.010337
5.8339960E-07,-0.010336
5.8344960E-07,-0.010335
5.8349960E-07,-0.010335
5.8354960E-07,-0.010335
5.8359960E-07,-0.010336
5.8364960E-07,-0.010337
5.8369960E-07,-0.010339
5.8374960E-07,-0.010342
5.8379960E-07,-0.010346
5.8384960E-07,-0.010350
5.8389960E-07,-0.010355
5.8394960E-07,-0.010360
5.8399960E-07,-0.010366
5.8404960E-07,-0.010372
5.8409960E-07,-0.010378
5.8414960E-07,-0.010384
5.8419960E-07,-0.010389
5.8424960E-07,-0.010394
5.8429960E-07,-0.010398
5.8434960E-07,-0.010401
5.8439960E-07,-0.010403
5.8444960E-07,-0.010404
5.8449960E-07,-0.010403
5.8454960E-07,-0.010402
5.8459960E-07,-0.010399
5.8464960E-07,-0.010394
5.8469960E-07,-0.010389
5.8474960E-07,-0.010383
5.8479960E-07,-0.010376
5.8484960E-07,-0.010369
5.8489960E-07,-0.010361
5.8494960E-07,-0.010354
5.8499960E-07,-0.010346
5.8504960E-07,-0.010339
5.8509960E-07,-0.010333
5.8514960E-07,-0.010327
5.8519960E-07,-0.010323
5.8524960E-07,-0.010319
5.8529960E-07,-0.010317
5.8534960E-07,-0.010315
5.8539960E-07,-0.010315
5.8544960E-07,-0.010316
5.8549960E-07,-0.010318
5.8554960E-07,-0.010320
5.8559960E-07,-0.010323
5.8564960E-07,-0.010327
5.8569960E-07,-0.010331
5.8574960E-07,-0.010335
5.8579960E-07,-0.010339
5.8584960E-07,-0.010343
5.8589960E-07,-0.010347
5.8594960E-07,-0.010349
5.8599960E-07,-0.010352
5.8604960E-07,-0.010353
5.8609960E-07,-0.010354
5.8614960E-07,-0.010353
5.8619960E-07,-0.010352
5.8624960E-07,-0.010350
5.8629960E-07,-0.010347
5.8634960E-07,-0.010344
5.8639960E-07,-0.010339
5.8644960E-07,-0.010335
5.8649960E-07,-0.010330
5.8654960E-07,-0.010325
5.8659960E-07,-0.010319
5.8664960E-07,-0.010314
5.8669960E-07,-0.010309
5.8674960E-07,-0.010305
5.8679960E-07,-0.010301
5.8684960E-07,-0.010298
5.8689960E-07,-0.010295
5.8694960E-07,-0.010293
5.8699960E-07,-0.010291
5.8704960E-07,-0.010291
5.8709960E-07,-0.010290
5.8714960E-07,-0.010291
5.8719960E-07,-0.010292
5.8724960E-07,-0.010293
5.8729960E-07,-0.010294
5.8734960E-07,-0.010295
5.8739960E-07,-0.010297
5.8744960E-07,-0.010298
5.8749960E-07,-0.010299
5.8754960E-07,-0.010300
5.8759960E-07,-0.010300
5.8764960E-07,-0.010300
5.8769960E-07,-0.010299
5.8774960E-07,-0.010298
5.8779960E-07,-0.010297
5.8784960E-07,-0.010295
5.8789960E-07,-0.010294
5.8794960E-07,-0.010292
5.8799960E-07,-0.010291
5.8804960E-07,-0.010290
5.8809960E-07,-0.010289
5.8814960E-07,-0.010289
5.8819960E-07,-0.010290
5.8824960E-07,-0.010291
5.8829960E-07,-0.010293
5.8834960E-07,-0.010296
5.8839960E-07,-0.010299
5.8844960E-07,-0.010303
5.8849960E-07,-0.010308
5.8854960E-07,-0.010313
5.8859960E-07,-0.010318
5.8864960E-07,-0.010324
5.8869960E-07,-0.010329
5.8874960E-07,-0.010335
5.8879960E-07,-0.010340
5.8884960E-07,-0.010345
5.8889960E-07,-0.010349
5.8894960E-07,-0.010353
5.8899960E-07,-0.010357
5.8904960E-07,-0.010360
5.8909960E-07,-0.010363
5.8914960E-07,-0.010366
5.8919960E-07,-0.010368
5.8924960E-07,-0.010370
5.8929960E-07,-0.010372
5.8934960E-07,-0.010374
5.8939960E-07,-0.010376
5.8944960E-07,-0.010377
5.8949960E-07,-0.010379
5.8954960E-07,-0.010380
5.8959960E-07,-0.010380
5.8964960E-07,-0.010381
5.8969960E-07,-0.010380
5.8974960E-07,-0.010379
5.8979960E-07,-0.010378
5.8984960E-07,-0.010375
5.8989960E-07,-0.010371
5.8994960E-07,-0.010366
5.8999960E-07,-0.010360
5.9004960E-07,-0.010352
5.9009960E-07,-0.010344
5.9014960E-07,-0.010334
5.9019960E-07,-0.010323
5.9024960E-07,-0.010311
5.9029960E-07,-0.010298
5.9034960E-07,-0.010285
5.9039960E-07,-0.010272
5.9044960E-07,-0.010258
5.9049960E-07,-0.010244
5.9054960E-07,-0.010231
5.9059960E-07,-0.010218
5.9064960E-07,-0.010206
5.9069960E-07,-0.010194
5.9074960E-07,-0.010183
5.9079960E-07,-0.010173
5.9084960E-07,-0.010164
5.9089960E-07,-0.010155
5.9094960E-07,-0.010147
5.9099960E-07,-0.010140
5.9104960E-07,-0.010134
5.9109960E-07,-0.010128
5.9114960E-07,-0.010123
5.9119960E-07,-0.010118
5.9124960E-07,-0.010113
5.9129960E-07,-0.010109
5.9134960E-07,-0.010106
5.9139960E-07,-0.010103
5.9144960E-07,-0.010101
5.9149960E-07,-0.010100
5.9154960E-07,-0.010100
5.9159960E-07,-0.010101
5.9164960E-07,-0.010103
5.9169960E-07,-0.010107
5.9174960E-07,-0.010112
5.9179960E-07,-0.010120
5.9184960E-07,-0.010129
5.9189960E-07,-0.010141
5.9194960E-07,-0.010154
5.9199960E-07,-0.010170
5.9204960E-07,-0.010187
5.9209960E-07,-0.010207
5.9214960E-07,-0.010229
5.9219960E-07,-0.010252
5.9224960E-07,-0.010276
5.9229960E-07,-0.010302
5.9234960E-07,-0.010329
5.9239960E-07,-0.010356
5.9244960E-07,-0.010384
5.9249960E-07,-0.010412
5.9254960E-07,-0.010439
5.9259960E-07,-0.010467
5.9264960E-07,-0.010493
5.9269960E-07,-0.010518
5.9274960E-07,-0.010542
5.9279960E-07,-0.010565
5.9284960E-07,-0.010587
5.9289960E-07,-0.010606
5.9294960E-07,-0.010624
5.9299960E-07,-0.010640
5.9304960E-07,-0.010653
5.9309960E-07,-0.010665
5.9314960E-07,-0.010675
5.9319960E-07,-0.010682
5.9324960E-07,-0.010688
5.9329960E-07,-0.010691
5.9334960E-07,-0.010692
5.9339960E-07,-0.010691
5.9344960E-07,-0.010687
5.9349960E-07,-0.010682
5.9354960E-07,-0.010674
5.9359960E-07,-0.010665
5.9364960E-07,-0.010654
5.9369960E-07,-0.010641
5.9374960E-07,-0.010627
5.9379960E-07,-0.010611
5.9384960E-07,-0.010593
5.9389960E-07,-0.010575
5.9394960E-07,-0.010556
5.9399960E-07,-0.010536
5.9404960E-07,-0.010516
5.9409960E-07,-0.010496
5.9414960E-07,-0.010476
5.9419960E-07,-0.010456
5.9424960E-07,-0.010437
5.9429960E-07,-0.010419
5.9434960E-07,-0.010402
5.9439960E-07,-0.010386
5.9444960E-07,-0.010372
5.9449960E-07,-0.010361
5.9454960E-07,-0.010351
5.9459960E-07,-0.010344
5.9464960E-07,-0.010339
5.9469960E-07,-0.010336
5.9474960E-07,-0.010336
5.9479960E-07,-0.010339
5.9484960E-07,-0.010344
5.9489960E-07,-0.010352
5.9494960E-07,-0.010362
5.9499960E-07,-0.010373
5.9504960E-07,-0.010387
5.9509960E-07,-0.010402
5.9514960E-07,-0.010418
5.9519960E-07,-0.010436
5.9524960E-07,-0.010453
5.9529960E-07,-0.010471
5.9534960E-07,-0.010489
5.9539960E-07,-0.010506
5.9544960E-07,-0.010522
5.9549960E-07,-0.010537
5.9554960E-07,-0.010551
5.9559960E-07,-0.010564
5.9564960E-07,-0.010574
5.9569960E-07,-0.010584
5.9574960E-07,-0.010591
5.9579960E-07,-0.010597
5.9584960E-07,-0.010601
5.9589960E-07,-0.010603
5.9594960E-07,-0.010604
5.9599960E-07,-0.010604
5.9604960E-07,-0.010602
5.9609960E-07,-0.010599
5.9614960E-07,-0.010595
5.9619960E-07,-0.010591
5.9624960E-07,-0.010585
5.9629960E-07,-0.010579
5.9634960E-07,-0.010572
5.9639960E-07,-0.010564
5.9644960E-07,-0.010555
5.9649960E-07,-0.010546
5.9654960E-07,-0.010535
5.9659960E-07,-0.010524
5.9664960E-07,-0.010511
5.9669960E-07,-0.010498
5.9674960E-07,-0.010483
5.9679960E-07,-0.010467
5.9684960E-07,-0.010450
5.9689960E-07,-0.010432
5.9694960E-07,-0.010414
5.9699960E-07,-0.010394
5.9704960E-07,-0.010374
5.9709960E-07,-0.010354
5.9714960E-07,-0.010334
5.9719960E-07,-0.010313
5.9724960E-07,-0.010294
5.9729960E-07,-0.010275
5.9734960E-07,-0.010257
5.9739960E-07,-0.010241
5.9744960E-07,-0.010226
5.9749960E-07,-0.010213
5.9754960E-07,-0.010201
5.9759960E-07,-0.010192
5.9764960E-07,-0.010184
5.9769960E-07,-0.010178
5.9774960E-07,-0.010174
5.9779960E-07,-0.010172
5.9784960E-07,-0.010171
5.9789960E-07,-0.010172
5.9794960E-07,-0.010174
5.9799960E-07,-0.010178
5.9804960E-07,-0.010182
5.9809960E-07,-0.010187
5.9814960E-07,-0.010193
5.9819960E-07,-0.010199
5.9824960E-07,-0.010205
5.9829960E-07,-0.010212
5.9834960E-07,-0.010219
5.9839960E-07,-0.010226
5.9844960E-07,-0.010234
5.9849960E-07,-0.010241
5.9854960E-07,-0.010248
5.9859960E-07,-0.010255
5.9864960E-07,-0.010262
5.9869960E-07,-0.010269
5.9874960E-07,-0.010276
5.9879960E-07,-0.010283
5.9884960E-07,-0.010289
5.9889960E-07,-0.010295
5.9894960E-07,-0.010300
5.9899960E-07,-0.010305
5.9904960E-07,-0.010309
5.9909960E-07,-0.010312
5.9914960E-07,-0.010315
5.9919960E-07,-0.010316
5.9924960E-07,-0.010317
5.9929960E-07,-0.010316
5.9934960E-07,-0.010314
5.9939960E-07,-0.010312
5.9944960E-07,-0.010308
5.9949960E-07,-0.010304
5.9954960E-07,-0.010299
5.9959960E-07,-0.010294
5.9964960E-07,-0.010288
5.9969960E-07,-0.010283
5.9974960E-07,-0.010277
5.9979960E-07,-0.010272
5.9984960E-07,-0.010268
5.9989960E-07,-0.010264
5.9994960E-07,-0.010261
5.9999960E-07,-0.010258
6.0004960E-07,-0.010257
6.0009960E-07,-0.010257
6.0014960E-07,-0.010257
6.0019960E-07,-0.010259
6.0024960E-07,-0.010261
6.0029960E-07,-0.010263
6.0034960E-07,-0.010267
6.0039960E-07,-0.010270
6.0044960E-07,-0.010273
6.0049960E-07,-0.010277
6.0054960E-07,-0.010280
6.0059960E-07,-0.010283
6.0064960E-07,-0.010285
6.0069960E-07,-0.010286
6.0074960E-07,-0.010287
6.0079960E-07,-0.010286
6.0084960E-07,-0.010285
6.0089960E-07,-0.010283
6.0094960E-07,-0.010281
6.0099960E-07,-0.010277
6.0104960E-07,-0.010273
6.0109960E-07,-0.010268
6.0114960E-07,-0.010263
6.0119960E-07,-0.010257
6.0124960E-07,-0.010251
6.0129960E-07,-0.010244
6.0134960E-07,-0.010238
6.0139960E-07,-0.010231
6.0144960E-07,-0.010224
6.0149960E-07,-0.010217
6.0154960E-07,-0.010210
6.0159960E-07,-0.010204
6.0164960E-07,-0.010197
6.0169960E-07,-0.010191
6.0174960E-07,-0.010185
6.0179960E-07,-0.010180
6.0184960E-07,-0.010175
6.0189960E-07,-0.010171
6.0194960E-07,-0.010168
6.0199960E-07,-0.010166
6.0204960E-07,-0.010165
6.0209960E-07,-0.010165
6.0214960E-07,-0.010166
6.0219960E-07,-0.010168
6.0224960E-07,-0.010172
6.0229960E-07,-0.010177
6.0234960E-07,-0.010183
6.0239960E-07,-0.010191
6.0244960E-07,-0.010200
6.0249960E-07,-0.010210
6.0254960E-07,-0.010221
6.0259960E-07,-0.010232
6.0264960E-07,-0.010245
6.0269960E-07,-0.010257
6.0274960E-07,-0.010270
6.0279960E-07,-0.010282
6.0284960E-07,-0.010294
6.0289960E-07,-0.010306
6.0294960E-07,-0.010317
6.0299960E-07,-0.010326
6.0304960E-07,-0.010335
6.0309960E-07,-0.010342
6.0314960E-07,-0.010348
6.0319960E-07,-0.010352
6.0324960E-07,-0.010355
6.0329960E-07,-0.010356
6.0334960E-07,-0.010356
6.0339960E-07,-0.010355
6.0344960E-07,-0.010353
6.0349960E-07,-0.010350
6.0354960E-07,-0.010346
6.0359960E-07,-0.010342
6.0364960E-07,-0.010338
6.0369960E-07,-0.010334
6.0374960E-07,-0.010331
6.0379960E-07,-0.010328
6.0384960E-07,-0.010326
6.0389960E-07,-0.010326
6.0394960E-07,-0.010326
6.0399960E-07,-0.010328
6.0404960E-07,-0.010332
6.0409960E-07,-0.010337
6.0414960E-07,-0.010344
6.0419960E-07,-0.010353
6.0424960E-07,-0.010363
6.0429960E-07,-0.010375
6.0434960E-07,-0.010388
6.0439960E-07,-0.010402
6.0444960E-07,-0.010417
6.0449960E-07,-0.010433
6.0454960E-07,-0.010449
6.0459960E-07,-0.010465
6.0464960E-07,-0.010481
6.0469960E-07,-0.010497
6.0474960E-07,-0.010512
6.0479960E-07,-0.010527
6.0484960E-07,-0.010540
6.0489960E-07,-0.010553
6.0494960E-07,-0.010564
6.0499960E-07,-0.010574
6.0504960E-07,-0.010583
6.0509960E-07,-0.010590
6.0514960E-07,-0.010596
6.0519960E-07,-0.010602
6.0524960E-07,-0.010606
6.0529960E-07,-0.010609
6.0534960E-07,-0.010611
6.0539960E-07,-0.010612
6.0544960E-07,-0.010612
6.0549960E-07,-0.010612
6.0554960E-07,-0.010611
6.0559960E-07,-0.010609
6.0564960E-07,-0.010606
6.0569960E-07,-0.010602
6.0574960E-07,-0.010598
6.0579960E-07,-0.010592
6.0584960E-07,-0.010586
6.0589960E-07,-0.010578
6.0594960E-07,-0.010569
6.0599960E-07,-0.010559
6.0604960E-07,-0.010548
6.0609960E-07,-0.010536
6.0614960E-07,-0.010523
6.0619960E-07,-0.010509
6.0624960E-07,-0.010495
6.0629960E-07,-0.010480
6.0634960E-07,-0.010464
6.0639960E-07,-0.010449
6.0644960E-07,-0.010434
6.0649960E-07,-0.010419
6.0654960E-07,-0.010405
6.0659960E-07,-0.010392
6.0664960E-07,-0.010379
6.0669960E-07,-0.010369
6.0674960E-07,-0.010359
6.0679960E-07,-0.010351
6.0684960E-07,-0.010345
6.0689960E-07,-0.010340
6.0694960E-07,-0.010337
6.0699960E-07,-0.010335
6.0704960E-07,-0.010335
6.0709960E-07,-0.010336
6.0714960E-07,-0.010337
6.0719960E-07,-0.010340
6.0724960E-07,-0.010344
6.0729960E-07,-0.010347
6.0734960E-07,-0.010352
6.0739960E-07,-0.010356
6.0744960E-07,-0.010360
6.0749960E-07,-0.010364
6.0754960E-07,-0.010368
6.0759960E-07,-0.010372
6.0764960E-07,-0.010375
6.0769960E-07,-0.010377
6.0774960E-07,-0.010379
6.0779960E-07,-0.010381
6.0784960E-07,-0.010382
6.0789960E-07,-0.010382
6.0794960E-07,-0.010382
6.0799960E-07,-0.010382
6.0804960E-07,-0.010380
6.0809960E-07,-0.010379
6.0814960E-07,-0.010377
6.0819960E-07,-0.010374
6.0824960E-07,-0.010371
6.0829960E-07,-0.010368
6.0834960E-07,-0.010364
6.0839960E-07,-0.010360
6.0844960E-07,-0.010355
6.0849960E-07,-0.010350
6.0854960E-07,-0.010345
6.0859960E-07,-0.010339
6.0864960E-07,-0.010334
6.0869960E-07,-0.010328
6.0874960E-07,-0.010322
6.0879960E-07,-0.010316
6.0884960E-07,-0.010311
6.0889960E-07,-0.010305
6.0894960E-07,-0.010300
6.0899960E-07,-0.010296
6.0904960E-07,-0.010292
6.0909960E-07,-0.010288
6.0914960E-07,-0.010285
6.0919960E-07,-0.010282
6.0924960E-07,-0.010280
6.0929960E-07,-0.010278
6.0934960E-07,-0.010277
6.0939960E-07,-0.010275
6.0944960E-07,-0.010275
6.0949960E-07,-0.010274
6.0954960E-07,-0.010274
6.0959960E-07,-0.010273
6.0964960E-07,-0.010273
6.0969960E-07,-0.010272
6.0974960E-07,-0.010271
6.0979960E-07,-0.010271
6.0984960E-07,-0.010270
6.0989960E-07,-0.010269
6.0994960E-07,-0.010268
6.0999960E-07,-0.010268
6.1004960E-07,-0.010267
6.1009960E-07,-0.010267
6.1014960E-07,-0.010267
6.1019960E-07,-0.010267
6.1024960E-07,-0.010268
6.1029960E-07,-0.010269
6.1034960E-07,-0.010271
6.1039960E-07,-0.010274
6.1044960E-07,-0.010278
6.1049960E-07,-0.010282
6.1054960E-07,-0.010287
6.1059960E-07,-0.010292
6.1064960E-07,-0.010298
6.1069960E-07,-0.010304
6.1074960E-07,-0.010310
6.1079960E-07,-0.010317
6.1084960E-07,-0.010324
6.1089960E-07,-0.010330
6.1094960E-07,-0.010336
6.1099960E-07,-0.010342
6.1104960E-07,-0.010348
6.1109960E-07,-0.010353
6.1114960E-07,-0.010357
6.1119960E-07,-0.010360
6.1124960E-07,-0.010363
6.1129960E-07,-0.010365
6.1134960E-07,-0.010366
6.1139960E-07,-0.010367
6.1144960E-07,-0.010367
6.1149960E-07,-0.010366
6.1154960E-07,-0.010366
6.1159960E-07,-0.010365
6.1164960E-07,-0.010363
6.1169960E-07,-0.010362
6.1174960E-07,-0.010361
6.1179960E-07,-0.010361
6.1184960E-07,-0.010361
6.1189960E-07,-0.010361
6.1194960E-07,-0.010363
6.1199960E-07,-0.010365
6.1204960E-07,-0.010368
6.1209960E-07,-0.010372
6.1214960E-07,-0.010376
6.1219960E-07,-0.010382
6.1224960E-07,-0.010388
6.1229960E-07,-0.010395
6.1234960E-07,-0.010403
6.1239960E-07,-0.010411
6.1244960E-07,-0.010419
6.1249960E-07,-0.010427
6.1254960E-07,-0.010435
6.1259960E-07,-0.010443
6.1264960E-07,-0.010450
6.1269960E-07,-0.010457
6.1274960E-07,-0.010462
6.1279960E-07,-0.010467
6.1284960E-07,-0.010471
6.1289960E-07,-0.010474
6.1294960E-07,-0.010476
6.1299960E-07,-0.010477
6.1304960E-07,-0.010478
6.1309960E-07,-0.010477
6.1314960E-07,-0.010476
6.1319960E-07,-0.010475
6.1324960E-07,-0.010473
6.1329960E-07,-0.010472
6.1334960E-07,-0.010470
6.1339960E-07,-0.010469
6.1344960E-07,-0.010468
6.1349960E-07,-0.010468
6.1354960E-07,-0.010468
6.1359960E-07,-0.010470
6.1364960E-07,-0.010472
6.1369960E-07,-0.010475
6.1374960E-07,-0.010478
6.1379960E-07,-0.010483
6.1384960E-07,-0.010488
6.1389960E-07,-0.010493
6.1394960E-07,-0.010499
6.1399960E-07,-0.010505
6.1404960E-07,-0.010511
6.1409960E-07,-0.010517
6.1414960E-07,-0.010523
6.1419960E-07,-0.010528
6.1424960E-07,-0.010533
6.1429960E-07,-0.010538
6.1434960E-07,-0.010542
6.1439960E-07,-0.010546
6.1444960E-07,-0.010550
6.1449960E-07,-0.010553
6.1454960E-07,-0.010555
6.1459960E-07,-0.010557
6.1464960E-07,-0.010559
6.1469960E-07,-0.010561
6.1474960E-07,-0.010562
6.1479960E-07,-0.010564
6.1484960E-07,-0.010565
6.1489960E-07,-0.010566
6.1494960E-07,-0.010567
6.1499960E-07,-0.010567
6.1504960E-07,-0.010568
6.1509960E-07,-0.010568
6.1514960E-07,-0.010568
6.1519960E-07,-0.010568
6.1524960E-07,-0.010568
6.1529960E-07,-0.010568
6.1534960E-07,-0.010567
6.1539960E-07,-0.010566
6.1544960E-07,-0.010565
6.1549960E-07,-0.010563
6.1554960E-07,-0.010561
6.1559960E-07,-0.010559
6.1564960E-07,-0.010557
6.1569960E-07,-0.010555
6.1574960E-07,-0.010552
6.1579960E-07,-0.010549
6.1584960E-07,-0.010546
6.1589960E-07,-0.010542
6.1594960E-07,-0.010539
6.1599960E-07,-0.010534
6.1604960E-07,-0.010530
6.1609960E-07,-0.010525
6.1614960E-07,-0.010520
6.1619960E-07,-0.010513
6.1624960E-07,-0.010507
6.1629960E-07,-0.010499
6.1634960E-07,-0.010491
6.1639960E-07,-0.010482
6.1644960E-07,-0.010473
6.1649960E-07,-0.010463
6.1654960E-07,-0.010452
6.1659960E-07,-0.010441
6.1664960E-07,-0.010429
6.1669960E-07,-0.010417
6.1674960E-07,-0.010405
6.1679960E-07,-0.010394
6.1684960E-07,-0.010382
6.1689960E-07,-0.010370
6.1694960E-07,-0.010359
6.1699960E-07,-0.010349
6.1704960E-07,-0.010339
6.1709960E-07,-0.010330
6.1714960E-07,-0.010321
6.1719960E-07,-0.010313
6.1724960E-07,-0.010306
6.1729960E-07,-0.010299
6.1734960E-07,-0.010292
6.1739960E-07,-0.010286
6.1744960E-07,-0.010280
6.1749960E-07,-0.010275
6.1754960E-07,-0.010269
6.1759960E-07,-0.010263
6.1764960E-07,-0.010256
6.1769960E-07,-0.010249
6.1774960E-07,-0.010242
6.1779960E-07,-0.010234
6.1784960E-07,-0.010226
6.1789960E-07,-0.010217
6.1794960E-07,-0.010208
6.1799960E-07,-0.010198
6.1804960E-07,-0.010188
6.1809960E-07,-0.010178
6.1814960E-07,-0.010169
6.1819960E-07,-0.010159
6.1824960E-07,-0.010149
6.1829960E-07,-0.010141
6.1834960E-07,-0.010132
6.1839960E-07,-0.010125
6.1844960E-07,-0.010118
6.1849960E-07,-0.010112
6.1854960E-07,-0.010108
6.1859960E-07,-0.010104
6.1864960E-07,-0.010102
6.1869960E-07,-0.010101
6.1874960E-07,-0.010102
6.1879960E-07,-0.010103
6.1884960E-07,-0.010107
6.1889960E-07,-0.010111
6.1894960E-07,-0.010117
6.1899960E-07,-0.010125
6.1904960E-07,-0.010134
6.1909960E-07,-0.010144
6.1914960E-07,-0.010155
6.1919960E-07,-0.010167
6.1924960E-07,-0.010181
6.1929960E-07,-0.010195
6.1934960E-07,-0.010210
6.1939960E-07,-0.010226
6.1944960E-07,-0.010242
6.1949960E-07,-0.010259
6.1954960E-07,-0.010276
6.1959960E-07,-0.010292
6.1964960E-07,-0.010309
6.1969960E-07,-0.010325
6.1974960E-07,-0.010340
6.1979960E-07,-0.010354
6.1984960E-07,-0.010368
6.1989960E-07,-0.010380
6.1994960E-07,-0.010391
6.1999960E-07,-0.010400
6.2004960E-07,-0.010409
6.2009960E-07,-0.010415
6.2014960E-07,-0.010421
6.2019960E-07,-0.010425
6.2024960E-07,-0.010427
6.2029960E-07,-0.010428
6.2034960E-07,-0.010428
6.2039960E-07,-0.010427
6.2044960E-07,-0.010424
6.2049960E-07,-0.010421
6.2054960E-07,-0.010417
6.2059960E-07,-0.010412
6.2064960E-07,-0.010406
6.2069960E-07,-0.010401
6.2074960E-07,-0.010395
6.2079960E-07,-0.010389
6.2084960E-07,-0.010383
6.2089960E-07,-0.010377
6.2094960E-07,-0.010371
6.2099960E-07,-0.010367
6.2104960E-07,-0.010362
6.2109960E-07,-0.010359
6.2114960E-07,-0.010356
6.2119960E-07,-0.010354
6.2124960E-07,-0.010353
6.2129960E-07,-0.010353
6.2134960E-07,-0.010354
6.2139960E-07,-0.010356
6.2144960E-07,-0.010359
6.2149960E-07,-0.010363
6.2154960E-07,-0.010368
6.2159960E-07,-0.010374
6.2164960E-07,-0.010379
6.2169960E-07,-0.010386
6.2174960E-07,-0.010392
6.2179960E-07,-0.010398
6.2184960E-07,-0.010404
6.2189960E-07,-0.010409
6.2194960E-07,-0.010414
6.2199960E-07,-0.010417
6.2204960E-07,-0.010420
6.2209960E-07,-0.010422
6.2214960E-07,-0.010422
6.2219960E-07,-0.010421
6.2224960E-07,-0.010419
6.2229960E-07,-0.010415
6.2234960E-07,-0.010411
6.2239960E-07,-0.010406
6.2244960E-07,-0.010399
6.2249960E-07,-0.010393
6.2254960E-07,-0.010385
6.2259960E-07,-0.010378
6.2264960E-07,-0.010370
6.2269960E-07,-0.010363
6.2274960E-07,-0.010356
6.2279960E-07,-0.010349
6.2284960E-07,-0.010343
6.2289960E-07,-0.010337
6.2294960E-07,-0.010332
6.2299960E-07,-0.010327
6.2304960E-07,-0.010323
6.2309960E-07,-0.010320
6.2314960E-07,-0.010316
6.2319960E-07,-0.010314
6.2324960E-07,-0.010311
6.2329960E-07,-0.010309
6.2334960E-07,-0.010306
6.2339960E-07,-0.010304
6.2344960E-07,-0.010302
6.2349960E-07,-0.010300
6.2354960E-07,-0.010298
6.2359960E-07,-0.010296
6.2364960E-07,-0.010294
6.2369960E-07,-0.010292
6.2374960E-07,-0.010290
6.2379960E-07,-0.010289
6.2384960E-07,-0.010288
6.2389960E-07,-0.010288
6.2394960E-07,-0.010288
6.2399960E-07,-0.010289
6.2404960E-07,-0.010290
6.2409960E-07,-0.010292
6.2414960E-07,-0.010294
6.2419960E-07,-0.010297
6.2424960E-07,-0.010301
6.2429960E-07,-0.010305
6.2434960E-07,-0.010309
6.2439960E-07,-0.010314
6.2444960E-07,-0.010319
6.2449960E-07,-0.010324
6.2454960E-07,-0.010330
6.2459960E-07,-0.010335
6.2464960E-07,-0.010340
6.2469960E-07,-0.010346
6.2474960E-07,-0.010351
6.2479960E-07,-0.010356
6.2484960E-07,-0.010361
6.2489960E-07,-0.010366
6.2494960E-07,-0.010370
6.2499960E-07,-0.010375
6.2504960E-07,-0.010379
6.2509960E-07,-0.010383
6.2514960E-07,-0.010386
6.2519960E-07,-0.010389
6.2524960E-07,-0.010392
6.2529960E-07,-0.010394
6.2534960E-07,-0.010395
6.2539960E-07,-0.010396
6.2544960E-07,-0.010396
6.2549960E-07,-0.010395
6.2554960E-07,-0.010394
6.2559960E-07,-0.010392
6.2564960E-07,-0.010389
6.2569960E-07,-0.010386
6.2574960E-07,-0.010382
6.2579960E-07,-0.010378
6.2584960E-07,-0.010374
6.2589960E-07,-0.010369
6.2594960E-07,-0.010365
6.2599960E-07,-0.010361
6.2604960E-07,-0.010358
6.2609960E-07,-0.010355
6.2614960E-07,-0.010352
6.2619960E-07,-0.010351
6.2624960E-07,-0.010350
6.2629960E-07,-0.010350
6.2634960E-07,-0.010351
6.2639960E-07,-0.010352
6.2644960E-07,-0.010354
6.2649960E-07,-0.010356
6.2654960E-07,-0.010359
6.2659960E-07,-0.010362
6.2664960E-07,-0.010365
6.2669960E-07,-0.010367
6.2674960E-07,-0.010370
6.2679960E-07,-0.010371
6.2684960E-07,-0.010372
6.2689960E-07,-0.010372
6.2694960E-07,-0.010372
6.2699960E-07,-0.010370
6.2704960E-07,-0.010368
6.2709960E-07,-0.010365
6.2714960E-07,-0.010362
6.2719960E-07,-0.010357
6.2724960E-07,-0.010352
6.2729960E-07,-0.010347
6.2734960E-07,-0.010341
6.2739960E-07,-0.010336
6.2744960E-07,-0.010330
6.2749960E-07,-0.010324
6.2754960E-07,-0.010318
6.2759960E-07,-0.010312
6.2764960E-07,-0.010307
6.2769960E-07,-0.010301
6.2774960E-07,-0.010296
6.2779960E-07,-0.010291
6.2784960E-07,-0.010286
6.2789960E-07,-0.010282
6.2794960E-07,-0.010277
6.2799960E-07,-0.010273
6.2804960E-07,-0.010268
6.2809960E-07,-0.010264
6.2814960E-07,-0.010260
6.2819960E-07,-0.010256
6.2824960E-07,-0.010252
6.2829960E-07,-0.010248
6.2834960E-07,-0.010244
6.2839960E-07,-0.010241
6.2844960E-07,-0.010238
6.2849960E-07,-0.010234
6.2854960E-07,-0.010231
6.2859960E-07,-0.010228
6.2864960E-07,-0.010226
6.2869960E-07,-0.010223
6.2874960E-07,-0.010221
6.2879960E-07,-0.010219
6.2884960E-07,-0.010217
6.2889960E-07,-0.010215
6.2894960E-07,-0.010214
6.2899960E-07,-0.010212
6.2904960E-07,-0.010211
6.2909960E-07,-0.010210
6.2914960E-07,-0.010208
6.2919960E-07,-0.010207
6.2924960E-07,-0.010207
6.2929960E-07,-0.010206
6.2934960E-07,-0.010205
6.2939960E-07,-0.010205
6.2944960E-07,-0.010205
6.2949960E-07,-0.010205
6.2954960E-07,-0.010205
6.2959960E-07,-0.010205
6.2964960E-07,-0.010205
6.2969960E-07,-0.010205
6.2974960E-07,-0.010205
6.2979960E-07,-0.010205
6.2984960E-07,-0.010204
6.2989960E-07,-0.010202
6.2994960E-07,-0.010200
6.2999960E-07,-0.010198
6.3004960E-07,-0.010195
6.3009960E-07,-0.010191
6.3014960E-07,-0.010186
6.3019960E-07,-0.010181
6.3024960E-07,-0.010175
6.3029960E-07,-0.010168
6.3034960E-07,-0.010161
6.3039960E-07,-0.010154
6.3044960E-07,-0.010147
6.3049960E-07,-0.010140
6.3054960E-07,-0.010133
6.3059960E-07,-0.010127
6.3064960E-07,-0.010122
6.3069960E-07,-0.010117
6.3074960E-07,-0.010114
6.3079960E-07,-0.010112
6.3084960E-07,-0.010110
6.3089960E-07,-0.010110
6.3094960E-07,-0.010111
6.3099960E-07,-0.010114
6.3104960E-07,-0.010117
6.3109960E-07,-0.010122
6.3114960E-07,-0.010127
6.3119960E-07,-0.010134
6.3124960E-07,-0.010141
6.3129960E-07,-0.010149
6.3134960E-07,-0.010158
6.3139960E-07,-0.010167
6.3144960E-07,-0.010177
6.3149960E-07,-0.010187
6.3154960E-07,-0.010198
6.3159960E-07,-0.010209
6.3164960E-07,-0.010221
6.3169960E-07,-0.010234
6.3174960E-07,-0.010246
6.3179960E-07,-0.010260
6.3184960E-07,-0.010273
6.3189960E-07,-0.010287
6.3194960E-07,-0.010301
6.3199960E-07,-0.010315
6.3204960E-07,-0.010329
6.3209960E-07,-0.010342
6.3214960E-07,-0.010355
6.3219960E-07,-0.010368
6.3224960E-07,-0.010380
6.3229960E-07,-0.010391
6.3234960E-07,-0.010401
6.3239960E-07,-0.010410
6.3244960E-07,-0.010418
6.3249960E-07,-0.010424
6.3254960E-07,-0.010430
6.3259960E-07,-0.010434
6.3264960E-07,-0.010438
6.3269960E-07,-0.010441
6.3274960E-07,-0.010444
6.3279960E-07,-0.010446
6.3284960E-07,-0.010447
6.3289960E-07,-0.010449
6.3294960E-07,-0.010451
6.3299960E-07,-0.010454
6.3304960E-07,-0.010456
6.3309960E-07,-0.010459
6.3314960E-07,-0.010462
6.3319960E-07,-0.010466
6.3324960E-07,-0.010470
6.3329960E-07,-0.010473
6.3334960E-07,-0.010477
6.3339960E-07,-0.010480
6.3344960E-07,-0.010483
6.3349960E-07,-0.010485
6.3354960E-07,-0.010487
6.3359960E-07,-0.010487
6.3364960E-07,-0.010486
6.3369960E-07,-0.010484
6.3374960E-07,-0.010481
6.3379960E-07,-0.010477
6.3384960E-07,-0.010472
6.3389960E-07,-0.010466
6.3394960E-07,-0.010459
6.3399960E-07,-0.010452
6.3404960E-07,-0.010445
6.3409960E-07,-0.010438
6.3414960E-07,-0.010431
6.3419960E-07,-0.010425
6.3424960E-07,-0.010419
6.3429960E-07,-0.010414
6.3434960E-07,-0.010410
6.3439960E-07,-0.010407
6.3444960E-07,-0.010405
6.3449960E-07,-0.010404
6.3454960E-07,-0.010404
6.3459960E-07,-0.010405
6.3464960E-07,-0.010405
6.3469960E-07,-0.010407
6.3474960E-07,-0.010408
6.3479960E-07,-0.010410
6.3484960E-07,-0.010411
6.3489960E-07,-0.010412
6.3494960E-07,-0.010413
6.3499960E-07,-0.010414
6.3504960E-07,-0.010414
6.3509960E-07,-0.010413
6.3514960E-07,-0.010412
6.3519960E-07,-0.010411
6.3524960E-07,-0.010409
6.3529960E-07,-0.010407
6.3534960E-07,-0.010405
6.3539960E-07,-0.010403
6.3544960E-07,-0.010401
6.3549960E-07,-0.010399
6.3554960E-07,-0.010397
6.3559960E-07,-0.010395
6.3564960E-07,-0.010393
6.3569960E-07,-0.010391
6.3574960E-07,-0.010389
6.3579960E-07,-0.010387
6.3584960E-07,-0.010385
6.3589960E-07,-0.010383
6.3594960E-07,-0.010380
6.3599960E-07,-0.010377
6.3604960E-07,-0.010374
6.3609960E-07,-0.010371
6.3614960E-07,-0.010367
6.3619960E-07,-0.010362
6.3624960E-07,-0.010357
6.3629960E-07,-0.010352
6.3634960E-07,-0.010346
6.3639960E-07,-0.010341
6.3644960E-07,-0.010334
6.3649960E-07,-0.010328
6.3654960E-07,-0.010321
6.3659960E-07,-0.010315
6.3664960E-07,-0.010308
6.3669960E-07,-0.010301
6.3674960E-07,-0.010294
6.3679960E-07,-0.010287
6.3684960E-07,-0.010280
6.3689960E-07,-0.010273
6.3694960E-07,-0.010266
6.3699960E-07,-0.010258
6.3704960E-07,-0.010251
6.3709960E-07,-0.010244
6.3714960E-07,-0.010236
6.3719960E-07,-0.010228
6.3724960E-07,-0.010220
6.3729960E-07,-0.010211
6.3734960E-07,-0.010203
6.3739960E-07,-0.010194
6.3744960E-07,-0.010185
6.3749960E-07,-0.010176
6.3754960E-07,-0.010167
6.3759960E-07,-0.010158
6.3764960E-07,-0.010149
6.3769960E-07,-0.010140
6.3774960E-07,-0.010130
6.3779960E-07,-0.010122
6.3784960E-07,-0.010113
6.3789960E-07,-0.010105
6.3794960E-07,-0.010097
6.3799960E-07,-0.010089
6.3804960E-07,-0.010082
6.3809960E-07,-0.010076
6.3814960E-07,-0.010071
6.3819960E-07,-0.010066
6.3824960E-07,-0.010063
6.3829960E-07,-0.010060
6.3834960E-07,-0.010059
6.3839960E-07,-0.010059
6.3844960E-07,-0.010060
6.3849960E-07,-0.010063
6.3854960E-07,-0.010067
6.3859960E-07,-0.010072
6.3864960E-07,-0.010079
6.3869960E-07,-0.010087
6.3874960E-07,-0.010095
6.3879960E-07,-0.010105
6.3884960E-07,-0.010115
6.3889960E-07,-0.010126
6.3894960E-07,-0.010138
6.3899960E-07,-0.010149
6.3904960E-07,-0.010160
6.3909960E-07,-0.010171
6.3914960E-07,-0.010182
6.3919960E-07,-0.010192
6.3924960E-07,-0.010201
6.3929960E-07,-0.010209
6.3934960E-07,-0.010217
6.3939960E-07,-0.010223
6.3944960E-07,-0.010229
6.3949960E-07,-0.010234
6.3954960E-07,-0.010238
6.3959960E-07,-0.010241
6.3964960E-07,-0.010244
6.3969960E-07,-0.010246
6.3974960E-07,-0.010248
6.3979960E-07,-0.010250
6.3984960E-07,-0.010252
6.3989960E-07,-0.010254
6.3994960E-07,-0.010255
6.3999960E-07,-0.010257
6.4004960E-07,-0.010259
6.4009960E-07,-0.010261
6.4014960E-07,-0.010263
6.4019960E-07,-0.010265
6.4024960E-07,-0.010267
6.4029960E-07,-0.010269
6.4034960E-07,-0.010270
6.4039960E-07,-0.010272
6.4044960E-07,-0.010273
6.4049960E-07,-0.010274
6.4054960E-07,-0.010275
6.4059960E-07,-0.010275
6.4064960E-07,-0.010276
6.4069960E-07,-0.010277
6.4074960E-07,-0.010278
6.4079960E-07,-0.010279
6.4084960E-07,-0.010281
6.4089960E-07,-0.010284
6.4094960E-07,-0.010287
6.4099960E-07,-0.010291
6.4104960E-07,-0.010296
6.4109960E-07,-0.010301
6.4114960E-07,-0.010307
6.4119960E-07,-0.010313
6.4124960E-07,-0.010320
6.4129960E-07,-0.010326
6.4134960E-07,-0.010332
6.4139960E-07,-0.010338
6.4144960E-07,-0.010343
6.4149960E-07,-0.010347
6.4154960E-07,-0.010350
6.4159960E-07,-0.010352
6.4164960E-07,-0.010353
6.4169960E-07,-0.010351
6.4174960E-07,-0.010349
6.4179960E-07,-0.010345
6.4184960E-07,-0.010340
6.4189960E-07,-0.010334
6.4194960E-07,-0.010326
6.4199960E-07,-0.010318
6.4204960E-07,-0.010310
6.4209960E-07,-0.010302
6.4214960E-07,-0.010294
6.4219960E-07,-0.010286
6.4224960E-07,-0.010278
6.4229960E-07,-0.010272
6.4234960E-07,-0.010266
6.4239960E-07,-0.010261
6.4244960E-07,-0.010257
6.4249960E-07,-0.010254
6.4254960E-07,-0.010251
6.4259960E-07,-0.010250
6.4264960E-07,-0.010249
6.4269960E-07,-0.010249
6.4274960E-07,-0.010249
6.4279960E-07,-0.010249
6.4284960E-07,-0.010249
6.4289960E-07,-0.010250
6.4294960E-07,-0.010251
6.4299960E-07,-0.010252
6.4304960E-07,-0.010253
6.4309960E-07,-0.010254
6.4314960E-07,-0.010256
6.4319960E-07,-0.010258
6.4324960E-07,-0.010261
6.4329960E-07,-0.010265
6.4334960E-07,-0.010269
6.4339960E-07,-0.010274
6.4344960E-07,-0.010280
6.4349960E-07,-0.010287
6.4354960E-07,-0.010295
6.4359960E-07,-0.010304
6.4364960E-07,-0.010313
6.4369960E-07,-0.010324
6.4374960E-07,-0.010334
6.4379960E-07,-0.010345
6.4384960E-07,-0.010356
6.4389960E-07,-0.010368
6.4394960E-07,-0.010379
6.4399960E-07,-0.010389
6.4404960E-07,-0.010400
6.4409960E-07,-0.010409
6.4414960E-07,-0.010418
6.4419960E-07,-0.010426
6.4424960E-07,-0.010434
6.4429960E-07,-0.010441
6.4434960E-07,-0.010447
6.4439960E-07,-0.010452
6.4444960E-07,-0.010457
6.4449960E-07,-0.010461
6.4454960E-07,-0.010465
6.4459960E-07,-0.010468
6.4464960E-07,-0.010471
6.4469960E-07,-0.010473
6.4474960E-07,-0.010475
6.4479960E-07,-0.010476
6.4484960E-07,-0.010477
6.4489960E-07,-0.010478
6.4494960E-07,-0.010477
6.4499960E-07,-0.010477
6.4504960E-07,-0.010475
6.4509960E-07,-0.010473
6.4514960E-07,-0.010471
6.4519960E-07,-0.010468
6.4524960E-07,-0.010465
6.4529960E-07,-0.010461
6.4534960E-07,-0.010457
6.4539960E-07,-0.010453
6.4544960E-07,-0.010449
6.4549960E-07,-0.010446
6.4554960E-07,-0.010443
6.4559960E-07,-0.010441
6.4564960E-07,-0.010439
6.4569960E-07,-0.010439
6.4574960E-07,-0.010439
6.4579960E-07,-0.010441
6.4584960E-07,-0.010444
6.4589960E-07,-0.010448
6.4594960E-07,-0.010454
6.4599960E-07,-0.010461
6.4604960E-07,-0.010468
6.4609960E-07,-0.010477
6.4614960E-07,-0.010486
6.4619960E-07,-0.010496
6.4624960E-07,-0.010506
6.4629960E-07,-0.010517
6.4634960E-07,-0.010526
6.4639960E-07,-0.010536
6.4644960E-07,-0.010544
6.4649960E-07,-0.010552
6.4654960E-07,-0.010558
6.4659960E-07,-0.010563
6.4664960E-07,-0.010566
6.4669960E-07,-0.010567
6.4674960E-07,-0.010567
6.4679960E-07,-0.010564
6.4684960E-07,-0.010560
6.4689960E-07,-0.010553
6.4694960E-07,-0.010544
6.4699960E-07,-0.010534
6.4704960E-07,-0.010522
6.4709960E-07,-0.010508
6.4714960E-07,-0.010493
6.4719960E-07,-0.010477
6.4724960E-07,-0.010460
6.4729960E-07,-0.010442
6.4734960E-07,-0.010424
6.4739960E-07,-0.010407
6.4744960E-07,-0.010389
6.4749960E-07,-0.010372
6.4754960E-07,-0.010355
6.4759960E-07,-0.010339
6.4764960E-07,-0.010325
6.4769960E-07,-0.010311
6.4774960E-07,-0.010299
6.4779960E-07,-0.010287
6.4784960E-07,-0.010277
6.4789960E-07,-0.010267
6.4794960E-07,-0.010258
6.4799960E-07,-0.010250
6.4804960E-07,-0.010242
6.4809960E-07,-0.010235
6.4814960E-07,-0.010227
6.4819960E-07,-0.010220
6.4824960E-07,-0.010212
6.4829960E-07,-0.010204
6.4834960E-07,-0.010195
6.4839960E-07,-0.010187
6.4844960E-07,-0.010178
6.4849960E-07,-0.010169
6.4854960E-07,-0.010161
6.4859960E-07,-0.010153
6.4864960E-07,-0.010145
6.4869960E-07,-0.010139
6.4874960E-07,-0.010134
6.4879960E-07,-0.010130
6.4884960E-07,-0.010128
6.4889960E-07,-0.010128
6.4894960E-07,-0.010130
6.4899960E-07,-0.010134
6.4904960E-07,-0.010140
6.4909960E-07,-0.010147
6.4914960E-07,-0.010156
6.4919960E-07,-0.010167
6.4924960E-07,-0.010178
6.4929960E-07,-0.010189
6.4934960E-07,-0.010200
6.4939960E-07,-0.010212
6.4944960E-07,-0.010222
6.4949960E-07,-0.010231
6.4954960E-07,-0.010239
6.4959960E-07,-0.010245
6.4964960E-07,-0.010249
6.4969960E-07,-0.010251
6.4974960E-07,-0.010251
6.4979960E-07,-0.010249
6.4984960E-07,-0.010246
6.4989960E-07,-0.010242
6.4994960E-07,-0.010236
6.4999960E-07,-0.010230
6.5004960E-07,-0.010224
6.5009960E-07,-0.010218
6.5014960E-07,-0.010212
6.5019960E-07,-0.010207
6.5024960E-07,-0.010202
6.5029960E-07,-0.010199
6.5034960E-07,-0.010197
6.5039960E-07,-0.010196
6.5044960E-07,-0.010196
6.5049960E-07,-0.010196
6.5054960E-07,-0.010198
6.5059960E-07,-0.010199
6.5064960E-07,-0.010201
6.5069960E-07,-0.010202
6.5074960E-07,-0.010203
6.5079960E-07,-0.010203
6.5084960E-07,-0.010202
6.5089960E-07,-0.010200
6.5094960E-07,-0.010197
6.5099960E-07,-0.010193
6.5104960E-07,-0.010189
6.5109960E-07,-0.010183
6.5114960E-07,-0.010177
6.5119960E-07,-0.010171
6.5124960E-07,-0.010166
6.5129960E-07,-0.010161
6.5134960E-07,-0.010157
6.5139960E-07,-0.010155
6.5144960E-07,-0.010154
6.5149960E-07,-0.010155
6.5154960E-07,-0.010158
6.5159960E-07,-0.010164
6.5164960E-07,-0.010171
6.5169960E-07,-0.010181
6.5174960E-07,-0.010193
6.5179960E-07,-0.010206
6.5184960E-07,-0.010221
6.5189960E-07,-0.010237
6.5194960E-07,-0.010254
6.5199960E-07,-0.010271
6.5204960E-07,-0.010288
6.5209960E-07,-0.010305
6.5214960E-07,-0.010322
6.5219960E-07,-0.010338
6.5224960E-07,-0.010353
6.5229960E-07,-0.010366
6.5234960E-07,-0.010379
6.5239960E-07,-0.010390
6.5244960E-07,-0.010400
6.5249960E-07,-0.010410
6.5254960E-07,-0.010418
6.5259960E-07,-0.010425
6.5264960E-07,-0.010432
6.5269960E-07,-0.010438
6.5274960E-07,-0.010444
6.5279960E-07,-0.010450
6.5284960E-07,-0.010455
6.5289960E-07,-0.010460
6.5294960E-07,-0.010466
6.5299960E-07,-0.010471
6.5304960E-07,-0.010477
6.5309960E-07,-0.010483
6.5314960E-07,-0.010488
6.5319960E-07,-0.010495
6.5324960E-07,-0.010501
6.5329960E-07,-0.010507
6.5334960E-07,-0.010514
6.5339960E-07,-0.010521
6.5344960E-07,-0.010528
6.5349960E-07,-0.010536
6.5354960E-07,-0.010545
6.5359960E-07,-0.010554
6.5364960E-07,-0.010565
6.5369960E-07,-0.010577
6.5374960E-07,-0.010590
6.5379960E-07,-0.010605
6.5384960E-07,-0.010621
6.5389960E-07,-0.010640
6.5394960E-07,-0.010660
6.5399960E-07,-0.010682
6.5404960E-07,-0.010707
6.5409960E-07,-0.010733
6.5414960E-07,-0.010761
6.5419960E-07,-0.010791
6.5424960E-07,-0.010822
6.5429960E-07,-0.010855
6.5434960E-07,-0.010889
6.5439960E-07,-0.010923
