LECROYWaveRunner‘N,20113,Waveform
Segments,1,SegmentSize,4002
Segment,TrigTime,TimeSinceSegment1
#1,12-Dec-2018 11:28:19,0                 
Time,Ampl
4.5693951E-07,-0.010518
4.5698951E-07,-0.010514
4.5703951E-07,-0.010509
4.5708951E-07,-0.010505
4.5713951E-07,-0.010501
4.5718951E-07,-0.010497
4.5723951E-07,-0.010493
4.5728951E-07,-0.010489
4.5733951E-07,-0.010485
4.5738951E-07,-0.010481
4.5743951E-07,-0.010477
4.5748951E-07,-0.010474
4.5753951E-07,-0.010471
4.5758951E-07,-0.010468
4.5763951E-07,-0.010465
4.5768951E-07,-0.010463
4.5773951E-07,-0.010461
4.5778951E-07,-0.010458
4.5783951E-07,-0.010456
4.5788951E-07,-0.010454
4.5793951E-07,-0.010452
4.5798951E-07,-0.010449
4.5803951E-07,-0.010446
4.5808951E-07,-0.010443
4.5813951E-07,-0.010440
4.5818951E-07,-0.010436
4.5823951E-07,-0.010431
4.5828951E-07,-0.010427
4.5833951E-07,-0.010421
4.5838951E-07,-0.010416
4.5843951E-07,-0.010410
4.5848951E-07,-0.010403
4.5853951E-07,-0.010397
4.5858951E-07,-0.010390
4.5863951E-07,-0.010383
4.5868951E-07,-0.010377
4.5873951E-07,-0.010371
4.5878951E-07,-0.010365
4.5883951E-07,-0.010359
4.5888951E-07,-0.010355
4.5893951E-07,-0.010351
4.5898951E-07,-0.010348
4.5903951E-07,-0.010346
4.5908951E-07,-0.010345
4.5913951E-07,-0.010346
4.5918951E-07,-0.010348
4.5923951E-07,-0.010351
4.5928951E-07,-0.010355
4.5933951E-07,-0.010360
4.5938951E-07,-0.010367
4.5943951E-07,-0.010374
4.5948951E-07,-0.010382
4.5953951E-07,-0.010391
4.5958951E-07,-0.010401
4.5963951E-07,-0.010410
4.5968951E-07,-0.010420
4.5973951E-07,-0.010430
4.5978951E-07,-0.010439
4.5983951E-07,-0.010449
4.5988951E-07,-0.010457
4.5993951E-07,-0.010465
4.5998951E-07,-0.010473
4.6003951E-07,-0.010480
4.6008951E-07,-0.010486
4.6013951E-07,-0.010492
4.6018951E-07,-0.010497
4.6023951E-07,-0.010501
4.6028951E-07,-0.010505
4.6033951E-07,-0.010509
4.6038951E-07,-0.010511
4.6043951E-07,-0.010514
4.6048951E-07,-0.010516
4.6053951E-07,-0.010517
4.6058951E-07,-0.010517
4.6063951E-07,-0.010517
4.6068951E-07,-0.010517
4.6073951E-07,-0.010515
4.6078951E-07,-0.010513
4.6083951E-07,-0.010510
4.6088951E-07,-0.010505
4.6093951E-07,-0.010500
4.6098951E-07,-0.010494
4.6103951E-07,-0.010487
4.6108951E-07,-0.010480
4.6113951E-07,-0.010472
4.6118951E-07,-0.010463
4.6123951E-07,-0.010454
4.6128951E-07,-0.010446
4.6133951E-07,-0.010437
4.6138951E-07,-0.010430
4.6143951E-07,-0.010423
4.6148951E-07,-0.010418
4.6153951E-07,-0.010413
4.6158951E-07,-0.010411
4.6163951E-07,-0.010410
4.6168951E-07,-0.010411
4.6173951E-07,-0.010414
4.6178951E-07,-0.010419
4.6183951E-07,-0.010425
4.6188951E-07,-0.010433
4.6193951E-07,-0.010441
4.6198951E-07,-0.010451
4.6203951E-07,-0.010461
4.6208951E-07,-0.010471
4.6213951E-07,-0.010482
4.6218951E-07,-0.010491
4.6223951E-07,-0.010500
4.6228951E-07,-0.010508
4.6233951E-07,-0.010515
4.6238951E-07,-0.010520
4.6243951E-07,-0.010524
4.6248951E-07,-0.010526
4.6253951E-07,-0.010527
4.6258951E-07,-0.010526
4.6263951E-07,-0.010524
4.6268951E-07,-0.010521
4.6273951E-07,-0.010517
4.6278951E-07,-0.010512
4.6283951E-07,-0.010506
4.6288951E-07,-0.010500
4.6293951E-07,-0.010494
4.6298951E-07,-0.010487
4.6303951E-07,-0.010481
4.6308951E-07,-0.010474
4.6313951E-07,-0.010468
4.6318951E-07,-0.010461
4.6323951E-07,-0.010455
4.6328951E-07,-0.010448
4.6333951E-07,-0.010441
4.6338951E-07,-0.010435
4.6343951E-07,-0.010428
4.6348951E-07,-0.010421
4.6353951E-07,-0.010414
4.6358951E-07,-0.010406
4.6363951E-07,-0.010399
4.6368951E-07,-0.010392
4.6373951E-07,-0.010385
4.6378951E-07,-0.010378
4.6383951E-07,-0.010372
4.6388951E-07,-0.010367
4.6393951E-07,-0.010362
4.6398951E-07,-0.010358
4.6403951E-07,-0.010356
4.6408951E-07,-0.010354
4.6413951E-07,-0.010353
4.6418951E-07,-0.010354
4.6423951E-07,-0.010355
4.6428951E-07,-0.010358
4.6433951E-07,-0.010361
4.6438951E-07,-0.010365
4.6443951E-07,-0.010370
4.6448951E-07,-0.010374
4.6453951E-07,-0.010379
4.6458951E-07,-0.010383
4.6463951E-07,-0.010387
4.6468951E-07,-0.010390
4.6473951E-07,-0.010392
4.6478951E-07,-0.010393
4.6483951E-07,-0.010393
4.6488951E-07,-0.010392
4.6493951E-07,-0.010391
4.6498951E-07,-0.010388
4.6503951E-07,-0.010384
4.6508951E-07,-0.010379
4.6513951E-07,-0.010374
4.6518951E-07,-0.010369
4.6523951E-07,-0.010363
4.6528951E-07,-0.010357
4.6533951E-07,-0.010351
4.6538951E-07,-0.010346
4.6543951E-07,-0.010341
4.6548951E-07,-0.010337
4.6553951E-07,-0.010333
4.6558951E-07,-0.010331
4.6563951E-07,-0.010329
4.6568951E-07,-0.010328
4.6573951E-07,-0.010328
4.6578951E-07,-0.010330
4.6583951E-07,-0.010331
4.6588951E-07,-0.010334
4.6593951E-07,-0.010338
4.6598951E-07,-0.010342
4.6603951E-07,-0.010346
4.6608951E-07,-0.010351
4.6613951E-07,-0.010356
4.6618951E-07,-0.010361
4.6623951E-07,-0.010366
4.6628951E-07,-0.010371
4.6633951E-07,-0.010376
4.6638951E-07,-0.010381
4.6643951E-07,-0.010385
4.6648951E-07,-0.010388
4.6653951E-07,-0.010392
4.6658951E-07,-0.010394
4.6663951E-07,-0.010396
4.6668951E-07,-0.010398
4.6673951E-07,-0.010399
4.6678951E-07,-0.010400
4.6683951E-07,-0.010400
4.6688951E-07,-0.010401
4.6693951E-07,-0.010401
4.6698951E-07,-0.010401
4.6703951E-07,-0.010402
4.6708951E-07,-0.010402
4.6713951E-07,-0.010403
4.6718951E-07,-0.010404
4.6723951E-07,-0.010406
4.6728951E-07,-0.010408
4.6733951E-07,-0.010410
4.6738951E-07,-0.010412
4.6743951E-07,-0.010415
4.6748951E-07,-0.010417
4.6753951E-07,-0.010420
4.6758951E-07,-0.010422
4.6763951E-07,-0.010424
4.6768951E-07,-0.010425
4.6773951E-07,-0.010426
4.6778951E-07,-0.010427
4.6783951E-07,-0.010426
4.6788951E-07,-0.010425
4.6793951E-07,-0.010423
4.6798951E-07,-0.010420
4.6803951E-07,-0.010417
4.6808951E-07,-0.010413
4.6813951E-07,-0.010409
4.6818951E-07,-0.010405
4.6823951E-07,-0.010401
4.6828951E-07,-0.010397
4.6833951E-07,-0.010393
4.6838951E-07,-0.010390
4.6843951E-07,-0.010388
4.6848951E-07,-0.010387
4.6853951E-07,-0.010386
4.6858951E-07,-0.010387
4.6863951E-07,-0.010389
4.6868951E-07,-0.010391
4.6873951E-07,-0.010395
4.6878951E-07,-0.010399
4.6883951E-07,-0.010404
4.6888951E-07,-0.010410
4.6893951E-07,-0.010415
4.6898951E-07,-0.010421
4.6903951E-07,-0.010426
4.6908951E-07,-0.010432
4.6913951E-07,-0.010436
4.6918951E-07,-0.010440
4.6923951E-07,-0.010444
4.6928951E-07,-0.010447
4.6933951E-07,-0.010449
4.6938951E-07,-0.010450
4.6943951E-07,-0.010451
4.6948951E-07,-0.010452
4.6953951E-07,-0.010452
4.6958951E-07,-0.010451
4.6963951E-07,-0.010450
4.6968951E-07,-0.010449
4.6973951E-07,-0.010448
4.6978951E-07,-0.010446
4.6983951E-07,-0.010445
4.6988951E-07,-0.010443
4.6993951E-07,-0.010440
4.6998951E-07,-0.010437
4.7003951E-07,-0.010434
4.7008951E-07,-0.010430
4.7013951E-07,-0.010425
4.7018951E-07,-0.010419
4.7023951E-07,-0.010413
4.7028951E-07,-0.010406
4.7033951E-07,-0.010398
4.7038951E-07,-0.010390
4.7043951E-07,-0.010381
4.7048951E-07,-0.010372
4.7053951E-07,-0.010363
4.7058951E-07,-0.010354
4.7063951E-07,-0.010345
4.7068951E-07,-0.010337
4.7073951E-07,-0.010330
4.7078951E-07,-0.010325
4.7083951E-07,-0.010321
4.7088951E-07,-0.010318
4.7093951E-07,-0.010318
4.7098951E-07,-0.010319
4.7103951E-07,-0.010322
4.7108951E-07,-0.010328
4.7113951E-07,-0.010334
4.7118951E-07,-0.010343
4.7123951E-07,-0.010353
4.7128951E-07,-0.010364
4.7133951E-07,-0.010377
4.7138951E-07,-0.010390
4.7143951E-07,-0.010403
4.7148951E-07,-0.010417
4.7153951E-07,-0.010432
4.7158951E-07,-0.010446
4.7163951E-07,-0.010460
4.7168951E-07,-0.010473
4.7173951E-07,-0.010486
4.7178951E-07,-0.010499
4.7183951E-07,-0.010511
4.7188951E-07,-0.010522
4.7193951E-07,-0.010533
4.7198951E-07,-0.010544
4.7203951E-07,-0.010554
4.7208951E-07,-0.010564
4.7213951E-07,-0.010573
4.7218951E-07,-0.010581
4.7223951E-07,-0.010589
4.7228951E-07,-0.010597
4.7233951E-07,-0.010604
4.7238951E-07,-0.010610
4.7243951E-07,-0.010615
4.7248951E-07,-0.010620
4.7253951E-07,-0.010624
4.7258951E-07,-0.010627
4.7263951E-07,-0.010629
4.7268951E-07,-0.010630
4.7273951E-07,-0.010630
4.7278951E-07,-0.010629
4.7283951E-07,-0.010627
4.7288951E-07,-0.010624
4.7293951E-07,-0.010620
4.7298951E-07,-0.010616
4.7303951E-07,-0.010610
4.7308951E-07,-0.010604
4.7313951E-07,-0.010598
4.7318951E-07,-0.010591
4.7323951E-07,-0.010584
4.7328951E-07,-0.010577
4.7333951E-07,-0.010570
4.7338951E-07,-0.010562
4.7343951E-07,-0.010554
4.7348951E-07,-0.010546
4.7353951E-07,-0.010539
4.7358951E-07,-0.010531
4.7363951E-07,-0.010523
4.7368951E-07,-0.010515
4.7373951E-07,-0.010508
4.7378951E-07,-0.010501
4.7383951E-07,-0.010494
4.7388951E-07,-0.010487
4.7393951E-07,-0.010481
4.7398951E-07,-0.010476
4.7403951E-07,-0.010471
4.7408951E-07,-0.010467
4.7413951E-07,-0.010463
4.7418951E-07,-0.010461
4.7423951E-07,-0.010460
4.7428951E-07,-0.010459
4.7433951E-07,-0.010460
4.7438951E-07,-0.010462
4.7443951E-07,-0.010465
4.7448951E-07,-0.010470
4.7453951E-07,-0.010475
4.7458951E-07,-0.010481
4.7463951E-07,-0.010487
4.7468951E-07,-0.010495
4.7473951E-07,-0.010503
4.7478951E-07,-0.010511
4.7483951E-07,-0.010520
4.7488951E-07,-0.010528
4.7493951E-07,-0.010537
4.7498951E-07,-0.010545
4.7503951E-07,-0.010553
4.7508951E-07,-0.010561
4.7513951E-07,-0.010568
4.7518951E-07,-0.010575
4.7523951E-07,-0.010581
4.7528951E-07,-0.010586
4.7533951E-07,-0.010591
4.7538951E-07,-0.010595
4.7543951E-07,-0.010598
4.7548951E-07,-0.010600
4.7553951E-07,-0.010602
4.7558951E-07,-0.010603
4.7563951E-07,-0.010603
4.7568951E-07,-0.010602
4.7573951E-07,-0.010600
4.7578951E-07,-0.010598
4.7583951E-07,-0.010595
4.7588951E-07,-0.010592
4.7593951E-07,-0.010588
4.7598951E-07,-0.010583
4.7603951E-07,-0.010579
4.7608951E-07,-0.010575
4.7613951E-07,-0.010570
4.7618951E-07,-0.010566
4.7623951E-07,-0.010562
4.7628951E-07,-0.010559
4.7633951E-07,-0.010557
4.7638951E-07,-0.010556
4.7643951E-07,-0.010555
4.7648951E-07,-0.010555
4.7653951E-07,-0.010557
4.7658951E-07,-0.010559
4.7663951E-07,-0.010562
4.7668951E-07,-0.010566
4.7673951E-07,-0.010570
4.7678951E-07,-0.010575
4.7683951E-07,-0.010581
4.7688951E-07,-0.010586
4.7693951E-07,-0.010592
4.7698951E-07,-0.010598
4.7703951E-07,-0.010604
4.7708951E-07,-0.010609
4.7713951E-07,-0.010614
4.7718951E-07,-0.010619
4.7723951E-07,-0.010624
4.7728951E-07,-0.010629
4.7733951E-07,-0.010633
4.7738951E-07,-0.010638
4.7743951E-07,-0.010642
4.7748951E-07,-0.010647
4.7753951E-07,-0.010653
4.7758951E-07,-0.010659
4.7763951E-07,-0.010665
4.7768951E-07,-0.010672
4.7773951E-07,-0.010680
4.7778951E-07,-0.010688
4.7783951E-07,-0.010696
4.7788951E-07,-0.010705
4.7793951E-07,-0.010714
4.7798951E-07,-0.010723
4.7803951E-07,-0.010732
4.7808951E-07,-0.010740
4.7813951E-07,-0.010747
4.7818951E-07,-0.010754
4.7823951E-07,-0.010759
4.7828951E-07,-0.010763
4.7833951E-07,-0.010765
4.7838951E-07,-0.010766
4.7843951E-07,-0.010766
4.7848951E-07,-0.010763
4.7853951E-07,-0.010760
4.7858951E-07,-0.010754
4.7863951E-07,-0.010748
4.7868951E-07,-0.010741
4.7873951E-07,-0.010733
4.7878951E-07,-0.010724
4.7883951E-07,-0.010715
4.7888951E-07,-0.010706
4.7893951E-07,-0.010697
4.7898951E-07,-0.010689
4.7903951E-07,-0.010681
4.7908951E-07,-0.010674
4.7913951E-07,-0.010667
4.7918951E-07,-0.010661
4.7923951E-07,-0.010656
4.7928951E-07,-0.010652
4.7933951E-07,-0.010649
4.7938951E-07,-0.010646
4.7943951E-07,-0.010643
4.7948951E-07,-0.010641
4.7953951E-07,-0.010639
4.7958951E-07,-0.010637
4.7963951E-07,-0.010636
4.7968951E-07,-0.010634
4.7973951E-07,-0.010632
4.7978951E-07,-0.010629
4.7983951E-07,-0.010626
4.7988951E-07,-0.010623
4.7993951E-07,-0.010619
4.7998951E-07,-0.010614
4.8003951E-07,-0.010609
4.8008951E-07,-0.010603
4.8013951E-07,-0.010596
4.8018951E-07,-0.010588
4.8023951E-07,-0.010580
4.8028951E-07,-0.010571
4.8033951E-07,-0.010561
4.8038951E-07,-0.010549
4.8043951E-07,-0.010538
4.8048951E-07,-0.010525
4.8053951E-07,-0.010512
4.8058951E-07,-0.010498
4.8063951E-07,-0.010483
4.8068951E-07,-0.010469
4.8073951E-07,-0.010454
4.8078951E-07,-0.010439
4.8083951E-07,-0.010425
4.8088951E-07,-0.010411
4.8093951E-07,-0.010399
4.8098951E-07,-0.010387
4.8103951E-07,-0.010377
4.8108951E-07,-0.010368
4.8113951E-07,-0.010361
4.8118951E-07,-0.010356
4.8123951E-07,-0.010353
4.8128951E-07,-0.010352
4.8133951E-07,-0.010353
4.8138951E-07,-0.010356
4.8143951E-07,-0.010361
4.8148951E-07,-0.010367
4.8153951E-07,-0.010376
4.8158951E-07,-0.010385
4.8163951E-07,-0.010396
4.8168951E-07,-0.010408
4.8173951E-07,-0.010420
4.8178951E-07,-0.010434
4.8183951E-07,-0.010447
4.8188951E-07,-0.010461
4.8193951E-07,-0.010475
4.8198951E-07,-0.010490
4.8203951E-07,-0.010503
4.8208951E-07,-0.010517
4.8213951E-07,-0.010531
4.8218951E-07,-0.010544
4.8223951E-07,-0.010557
4.8228951E-07,-0.010570
4.8233951E-07,-0.010582
4.8238951E-07,-0.010594
4.8243951E-07,-0.010605
4.8248951E-07,-0.010616
4.8253951E-07,-0.010626
4.8258951E-07,-0.010636
4.8263951E-07,-0.010645
4.8268951E-07,-0.010653
4.8273951E-07,-0.010660
4.8278951E-07,-0.010666
4.8283951E-07,-0.010670
4.8288951E-07,-0.010674
4.8293951E-07,-0.010676
4.8298951E-07,-0.010677
4.8303951E-07,-0.010677
4.8308951E-07,-0.010675
4.8313951E-07,-0.010672
4.8318951E-07,-0.010668
4.8323951E-07,-0.010663
4.8328951E-07,-0.010657
4.8333951E-07,-0.010649
4.8338951E-07,-0.010641
4.8343951E-07,-0.010632
4.8348951E-07,-0.010623
4.8353951E-07,-0.010613
4.8358951E-07,-0.010602
4.8363951E-07,-0.010591
4.8368951E-07,-0.010580
4.8373951E-07,-0.010569
4.8378951E-07,-0.010557
4.8383951E-07,-0.010546
4.8388951E-07,-0.010535
4.8393951E-07,-0.010524
4.8398951E-07,-0.010514
4.8403951E-07,-0.010504
4.8408951E-07,-0.010495
4.8413951E-07,-0.010487
4.8418951E-07,-0.010479
4.8423951E-07,-0.010473
4.8428951E-07,-0.010467
4.8433951E-07,-0.010463
4.8438951E-07,-0.010459
4.8443951E-07,-0.010458
4.8448951E-07,-0.010457
4.8453951E-07,-0.010457
4.8458951E-07,-0.010459
4.8463951E-07,-0.010462
4.8468951E-07,-0.010465
4.8473951E-07,-0.010470
4.8478951E-07,-0.010475
4.8483951E-07,-0.010481
4.8488951E-07,-0.010487
4.8493951E-07,-0.010494
4.8498951E-07,-0.010501
4.8503951E-07,-0.010508
4.8508951E-07,-0.010515
4.8513951E-07,-0.010522
4.8518951E-07,-0.010528
4.8523951E-07,-0.010535
4.8528951E-07,-0.010542
4.8533951E-07,-0.010548
4.8538951E-07,-0.010555
4.8543951E-07,-0.010562
4.8548951E-07,-0.010568
4.8553951E-07,-0.010575
4.8558951E-07,-0.010582
4.8563951E-07,-0.010588
4.8568951E-07,-0.010595
4.8573951E-07,-0.010602
4.8578951E-07,-0.010608
4.8583951E-07,-0.010614
4.8588951E-07,-0.010619
4.8593951E-07,-0.010624
4.8598951E-07,-0.010628
4.8603951E-07,-0.010630
4.8608951E-07,-0.010632
4.8613951E-07,-0.010632
4.8618951E-07,-0.010631
4.8623951E-07,-0.010628
4.8628951E-07,-0.010624
4.8633951E-07,-0.010619
4.8638951E-07,-0.010613
4.8643951E-07,-0.010606
4.8648951E-07,-0.010598
4.8653951E-07,-0.010590
4.8658951E-07,-0.010581
4.8663951E-07,-0.010573
4.8668951E-07,-0.010565
4.8673951E-07,-0.010558
4.8678951E-07,-0.010551
4.8683951E-07,-0.010546
4.8688951E-07,-0.010542
4.8693951E-07,-0.010539
4.8698951E-07,-0.010537
4.8703951E-07,-0.010536
4.8708951E-07,-0.010537
4.8713951E-07,-0.010538
4.8718951E-07,-0.010540
4.8723951E-07,-0.010543
4.8728951E-07,-0.010546
4.8733951E-07,-0.010550
4.8738951E-07,-0.010553
4.8743951E-07,-0.010556
4.8748951E-07,-0.010559
4.8753951E-07,-0.010562
4.8758951E-07,-0.010564
4.8763951E-07,-0.010565
4.8768951E-07,-0.010566
4.8773951E-07,-0.010567
4.8778951E-07,-0.010568
4.8783951E-07,-0.010568
4.8788951E-07,-0.010568
4.8793951E-07,-0.010568
4.8798951E-07,-0.010568
4.8803951E-07,-0.010568
4.8808951E-07,-0.010568
4.8813951E-07,-0.010568
4.8818951E-07,-0.010568
4.8823951E-07,-0.010568
4.8828951E-07,-0.010568
4.8833951E-07,-0.010568
4.8838951E-07,-0.010567
4.8843951E-07,-0.010566
4.8848951E-07,-0.010565
4.8853951E-07,-0.010563
4.8858951E-07,-0.010560
4.8863951E-07,-0.010556
4.8868951E-07,-0.010552
4.8873951E-07,-0.010547
4.8878951E-07,-0.010541
4.8883951E-07,-0.010535
4.8888951E-07,-0.010529
4.8893951E-07,-0.010523
4.8898951E-07,-0.010517
4.8903951E-07,-0.010511
4.8908951E-07,-0.010506
4.8913951E-07,-0.010502
4.8918951E-07,-0.010498
4.8923951E-07,-0.010496
4.8928951E-07,-0.010495
4.8933951E-07,-0.010495
4.8938951E-07,-0.010496
4.8943951E-07,-0.010498
4.8948951E-07,-0.010501
4.8953951E-07,-0.010504
4.8958951E-07,-0.010509
4.8963951E-07,-0.010514
4.8968951E-07,-0.010519
4.8973951E-07,-0.010525
4.8978951E-07,-0.010530
4.8983951E-07,-0.010535
4.8988951E-07,-0.010540
4.8993951E-07,-0.010545
4.8998951E-07,-0.010549
4.9003951E-07,-0.010553
4.9008951E-07,-0.010556
4.9013951E-07,-0.010559
4.9018951E-07,-0.010561
4.9023951E-07,-0.010563
4.9028951E-07,-0.010564
4.9033951E-07,-0.010566
4.9038951E-07,-0.010567
4.9043951E-07,-0.010568
4.9048951E-07,-0.010570
4.9053951E-07,-0.010571
4.9058951E-07,-0.010572
4.9063951E-07,-0.010574
4.9068951E-07,-0.010576
4.9073951E-07,-0.010578
4.9078951E-07,-0.010580
4.9083951E-07,-0.010582
4.9088951E-07,-0.010585
4.9093951E-07,-0.010588
4.9098951E-07,-0.010591
4.9103951E-07,-0.010594
4.9108951E-07,-0.010598
4.9113951E-07,-0.010603
4.9118951E-07,-0.010607
4.9123951E-07,-0.010613
4.9128951E-07,-0.010619
4.9133951E-07,-0.010626
4.9138951E-07,-0.010634
4.9143951E-07,-0.010643
4.9148951E-07,-0.010652
4.9153951E-07,-0.010663
4.9158951E-07,-0.010675
4.9163951E-07,-0.010688
4.9168951E-07,-0.010702
4.9173951E-07,-0.010717
4.9178951E-07,-0.010734
4.9183951E-07,-0.010752
4.9188951E-07,-0.010772
4.9193951E-07,-0.010793
4.9198951E-07,-0.010816
4.9203951E-07,-0.010841
4.9208951E-07,-0.010867
4.9213951E-07,-0.010896
4.9218951E-07,-0.010927
4.9223951E-07,-0.010960
4.9228951E-07,-0.010996
4.9233951E-07,-0.011035
4.9238951E-07,-0.011076
4.9243951E-07,-0.011121
4.9248951E-07,-0.011170
4.9253951E-07,-0.011221
4.9258951E-07,-0.011276
4.9263951E-07,-0.011335
4.9268951E-07,-0.011397
4.9273951E-07,-0.011463
4.9278951E-07,-0.011533
4.9283951E-07,-0.011606
4.9288951E-07,-0.011683
4.9293951E-07,-0.011763
4.9298951E-07,-0.011847
4.9303951E-07,-0.011934
4.9308951E-07,-0.012025
4.9313951E-07,-0.012119
4.9318951E-07,-0.012216
4.9323951E-07,-0.012317
4.9328951E-07,-0.012421
4.9333951E-07,-0.012529
4.9338951E-07,-0.012641
4.9343951E-07,-0.012756
4.9348951E-07,-0.012876
4.9353951E-07,-0.012999
4.9358951E-07,-0.013127
4.9363951E-07,-0.013259
4.9368951E-07,-0.013395
4.9373951E-07,-0.013535
4.9378951E-07,-0.013680
4.9383951E-07,-0.013829
4.9388951E-07,-0.013982
4.9393951E-07,-0.014140
4.9398951E-07,-0.014301
4.9403951E-07,-0.014466
4.9408951E-07,-0.014634
4.9413951E-07,-0.014805
4.9418951E-07,-0.014980
4.9423951E-07,-0.015157
4.9428951E-07,-0.015336
4.9433951E-07,-0.015518
4.9438951E-07,-0.015701
4.9443951E-07,-0.015886
4.9448951E-07,-0.016073
4.9453951E-07,-0.016261
4.9458951E-07,-0.016449
4.9463951E-07,-0.016639
4.9468951E-07,-0.016829
4.9473951E-07,-0.017019
4.9478951E-07,-0.017209
4.9483951E-07,-0.017399
4.9488951E-07,-0.017589
4.9493951E-07,-0.017778
4.9498951E-07,-0.017966
4.9503951E-07,-0.018152
4.9508951E-07,-0.018337
4.9513951E-07,-0.018519
4.9518951E-07,-0.018699
4.9523951E-07,-0.018877
4.9528951E-07,-0.019051
4.9533951E-07,-0.019221
4.9538951E-07,-0.019387
4.9543951E-07,-0.019550
4.9548951E-07,-0.019707
4.9553951E-07,-0.019860
4.9558951E-07,-0.020008
4.9563951E-07,-0.020150
4.9568951E-07,-0.020287
4.9573951E-07,-0.020418
4.9578951E-07,-0.020543
4.9583951E-07,-0.020663
4.9588951E-07,-0.020776
4.9593951E-07,-0.020883
4.9598951E-07,-0.020983
4.9603951E-07,-0.021077
4.9608951E-07,-0.021165
4.9613951E-07,-0.021245
4.9618951E-07,-0.021319
4.9623951E-07,-0.021387
4.9628951E-07,-0.021447
4.9633951E-07,-0.021500
4.9638951E-07,-0.021546
4.9643951E-07,-0.021586
4.9648951E-07,-0.021618
4.9653951E-07,-0.021644
4.9658951E-07,-0.021663
4.9663951E-07,-0.021676
4.9668951E-07,-0.021683
4.9673951E-07,-0.021683
4.9678951E-07,-0.021679
4.9683951E-07,-0.021669
4.9688951E-07,-0.021654
4.9693951E-07,-0.021635
4.9698951E-07,-0.021613
4.9703951E-07,-0.021586
4.9708951E-07,-0.021557
4.9713951E-07,-0.021524
4.9718951E-07,-0.021490
4.9723951E-07,-0.021453
4.9728951E-07,-0.021414
4.9733951E-07,-0.021373
4.9738951E-07,-0.021330
4.9743951E-07,-0.021285
4.9748951E-07,-0.021239
4.9753951E-07,-0.021190
4.9758951E-07,-0.021140
4.9763951E-07,-0.021088
4.9768951E-07,-0.021034
4.9773951E-07,-0.020978
4.9778951E-07,-0.020920
4.9783951E-07,-0.020859
4.9788951E-07,-0.020796
4.9793951E-07,-0.020731
4.9798951E-07,-0.020664
4.9803951E-07,-0.020595
4.9808951E-07,-0.020524
4.9813951E-07,-0.020451
4.9818951E-07,-0.020378
4.9823951E-07,-0.020303
4.9828951E-07,-0.020227
4.9833951E-07,-0.020150
4.9838951E-07,-0.020074
4.9843951E-07,-0.019997
4.9848951E-07,-0.019921
4.9853951E-07,-0.019845
4.9858951E-07,-0.019770
4.9863951E-07,-0.019696
4.9868951E-07,-0.019624
4.9873951E-07,-0.019552
4.9878951E-07,-0.019482
4.9883951E-07,-0.019414
4.9888951E-07,-0.019347
4.9893951E-07,-0.019282
4.9898951E-07,-0.019218
4.9903951E-07,-0.019156
4.9908951E-07,-0.019095
4.9913951E-07,-0.019036
4.9918951E-07,-0.018978
4.9923951E-07,-0.018922
4.9928951E-07,-0.018866
4.9933951E-07,-0.018812
4.9938951E-07,-0.018759
4.9943951E-07,-0.018706
4.9948951E-07,-0.018655
4.9953951E-07,-0.018604
4.9958951E-07,-0.018554
4.9963951E-07,-0.018505
4.9968951E-07,-0.018456
4.9973951E-07,-0.018408
4.9978951E-07,-0.018360
4.9983951E-07,-0.018312
4.9988951E-07,-0.018265
4.9993951E-07,-0.018218
4.9998951E-07,-0.018172
5.0003951E-07,-0.018126
5.0008951E-07,-0.018080
5.0013951E-07,-0.018035
5.0018951E-07,-0.017990
5.0023951E-07,-0.017946
5.0028951E-07,-0.017901
5.0033951E-07,-0.017857
5.0038951E-07,-0.017813
5.0043951E-07,-0.017769
5.0048951E-07,-0.017724
5.0053951E-07,-0.017680
5.0058951E-07,-0.017635
5.0063951E-07,-0.017589
5.0068951E-07,-0.017543
5.0073951E-07,-0.017495
5.0078951E-07,-0.017447
5.0083951E-07,-0.017397
5.0088951E-07,-0.017347
5.0093951E-07,-0.017294
5.0098951E-07,-0.017240
5.0103951E-07,-0.017185
5.0108951E-07,-0.017129
5.0113951E-07,-0.017070
5.0118951E-07,-0.017011
5.0123951E-07,-0.016950
5.0128951E-07,-0.016888
5.0133951E-07,-0.016825
5.0138951E-07,-0.016762
5.0143951E-07,-0.016697
5.0148951E-07,-0.016632
5.0153951E-07,-0.016567
5.0158951E-07,-0.016501
5.0163951E-07,-0.016435
5.0168951E-07,-0.016369
5.0173951E-07,-0.016303
5.0178951E-07,-0.016236
5.0183951E-07,-0.016169
5.0188951E-07,-0.016102
5.0193951E-07,-0.016035
5.0198951E-07,-0.015967
5.0203951E-07,-0.015899
5.0208951E-07,-0.015830
5.0213951E-07,-0.015760
5.0218951E-07,-0.015690
5.0223951E-07,-0.015619
5.0228951E-07,-0.015547
5.0233951E-07,-0.015475
5.0238951E-07,-0.015402
5.0243951E-07,-0.015328
5.0248951E-07,-0.015254
5.0253951E-07,-0.015180
5.0258951E-07,-0.015106
5.0263951E-07,-0.015031
5.0268951E-07,-0.014957
5.0273951E-07,-0.014884
5.0278951E-07,-0.014810
5.0283951E-07,-0.014738
5.0288951E-07,-0.014666
5.0293951E-07,-0.014595
5.0298951E-07,-0.014525
5.0303951E-07,-0.014456
5.0308951E-07,-0.014388
5.0313951E-07,-0.014321
5.0318951E-07,-0.014255
5.0323951E-07,-0.014190
5.0328951E-07,-0.014125
5.0333951E-07,-0.014062
5.0338951E-07,-0.014000
5.0343951E-07,-0.013940
5.0348951E-07,-0.013880
5.0353951E-07,-0.013822
5.0358951E-07,-0.013765
5.0363951E-07,-0.013710
5.0368951E-07,-0.013657
5.0373951E-07,-0.013605
5.0378951E-07,-0.013556
5.0383951E-07,-0.013509
5.0388951E-07,-0.013465
5.0393951E-07,-0.013423
5.0398951E-07,-0.013383
5.0403951E-07,-0.013347
5.0408951E-07,-0.013312
5.0413951E-07,-0.013280
5.0418951E-07,-0.013251
5.0423951E-07,-0.013224
5.0428951E-07,-0.013199
5.0433951E-07,-0.013176
5.0438951E-07,-0.013155
5.0443951E-07,-0.013135
5.0448951E-07,-0.013117
5.0453951E-07,-0.013101
5.0458951E-07,-0.013086
5.0463951E-07,-0.013072
5.0468951E-07,-0.013059
5.0473951E-07,-0.013048
5.0478951E-07,-0.013037
5.0483951E-07,-0.013029
5.0488951E-07,-0.013021
5.0493951E-07,-0.013016
5.0498951E-07,-0.013012
5.0503951E-07,-0.013009
5.0508951E-07,-0.013009
5.0513951E-07,-0.013010
5.0518951E-07,-0.013013
5.0523951E-07,-0.013018
5.0528951E-07,-0.013025
5.0533951E-07,-0.013033
5.0538951E-07,-0.013043
5.0543951E-07,-0.013054
5.0548951E-07,-0.013066
5.0553951E-07,-0.013078
5.0558951E-07,-0.013091
5.0563951E-07,-0.013104
5.0568951E-07,-0.013117
5.0573951E-07,-0.013130
5.0578951E-07,-0.013142
5.0583951E-07,-0.013154
5.0588951E-07,-0.013165
5.0593951E-07,-0.013175
5.0598951E-07,-0.013185
5.0603951E-07,-0.013194
5.0608951E-07,-0.013202
5.0613951E-07,-0.013209
5.0618951E-07,-0.013216
5.0623951E-07,-0.013223
5.0628951E-07,-0.013230
5.0633951E-07,-0.013236
5.0638951E-07,-0.013243
5.0643951E-07,-0.013250
5.0648951E-07,-0.013257
5.0653951E-07,-0.013265
5.0658951E-07,-0.013272
5.0663951E-07,-0.013280
5.0668951E-07,-0.013288
5.0673951E-07,-0.013296
5.0678951E-07,-0.013303
5.0683951E-07,-0.013311
5.0688951E-07,-0.013318
5.0693951E-07,-0.013324
5.0698951E-07,-0.013330
5.0703951E-07,-0.013334
5.0708951E-07,-0.013338
5.0713951E-07,-0.013340
5.0718951E-07,-0.013342
5.0723951E-07,-0.013342
5.0728951E-07,-0.013341
5.0733951E-07,-0.013338
5.0738951E-07,-0.013334
5.0743951E-07,-0.013329
5.0748951E-07,-0.013323
5.0753951E-07,-0.013315
5.0758951E-07,-0.013306
5.0763951E-07,-0.013296
5.0768951E-07,-0.013286
5.0773951E-07,-0.013274
5.0778951E-07,-0.013261
5.0783951E-07,-0.013247
5.0788951E-07,-0.013233
5.0793951E-07,-0.013218
5.0798951E-07,-0.013202
5.0803951E-07,-0.013186
5.0808951E-07,-0.013169
5.0813951E-07,-0.013152
5.0818951E-07,-0.013135
5.0823951E-07,-0.013117
5.0828951E-07,-0.013099
5.0833951E-07,-0.013081
5.0838951E-07,-0.013062
5.0843951E-07,-0.013043
5.0848951E-07,-0.013024
5.0853951E-07,-0.013005
5.0858951E-07,-0.012986
5.0863951E-07,-0.012966
5.0868951E-07,-0.012946
5.0873951E-07,-0.012925
5.0878951E-07,-0.012904
5.0883951E-07,-0.012883
5.0888951E-07,-0.012861
5.0893951E-07,-0.012839
5.0898951E-07,-0.012816
5.0903951E-07,-0.012793
5.0908951E-07,-0.012769
5.0913951E-07,-0.012745
5.0918951E-07,-0.012720
5.0923951E-07,-0.012695
5.0928951E-07,-0.012670
5.0933951E-07,-0.012644
5.0938951E-07,-0.012619
5.0943951E-07,-0.012593
5.0948951E-07,-0.012568
5.0953951E-07,-0.012542
5.0958951E-07,-0.012517
5.0963951E-07,-0.012491
5.0968951E-07,-0.012466
5.0973951E-07,-0.012440
5.0978951E-07,-0.012414
5.0983951E-07,-0.012387
5.0988951E-07,-0.012360
5.0993951E-07,-0.012333
5.0998951E-07,-0.012304
5.1003951E-07,-0.012275
5.1008951E-07,-0.012246
5.1013951E-07,-0.012215
5.1018951E-07,-0.012184
5.1023951E-07,-0.012153
5.1028951E-07,-0.012121
5.1033951E-07,-0.012088
5.1038951E-07,-0.012056
5.1043951E-07,-0.012025
5.1048951E-07,-0.011993
5.1053951E-07,-0.011963
5.1058951E-07,-0.011935
5.1063951E-07,-0.011908
5.1068951E-07,-0.011883
5.1073951E-07,-0.011860
5.1078951E-07,-0.011840
5.1083951E-07,-0.011822
5.1088951E-07,-0.011808
5.1093951E-07,-0.011796
5.1098951E-07,-0.011786
5.1103951E-07,-0.011780
5.1108951E-07,-0.011776
5.1113951E-07,-0.011774
5.1118951E-07,-0.011775
5.1123951E-07,-0.011777
5.1128951E-07,-0.011781
5.1133951E-07,-0.011786
5.1138951E-07,-0.011791
5.1143951E-07,-0.011798
5.1148951E-07,-0.011805
5.1153951E-07,-0.011812
5.1158951E-07,-0.011819
5.1163951E-07,-0.011826
5.1168951E-07,-0.011833
5.1173951E-07,-0.011840
5.1178951E-07,-0.011846
5.1183951E-07,-0.011851
5.1188951E-07,-0.011857
5.1193951E-07,-0.011861
5.1198951E-07,-0.011866
5.1203951E-07,-0.011870
5.1208951E-07,-0.011873
5.1213951E-07,-0.011876
5.1218951E-07,-0.011878
5.1223951E-07,-0.011879
5.1228951E-07,-0.011880
5.1233951E-07,-0.011879
5.1238951E-07,-0.011878
5.1243951E-07,-0.011875
5.1248951E-07,-0.011872
5.1253951E-07,-0.011867
5.1258951E-07,-0.011860
5.1263951E-07,-0.011852
5.1268951E-07,-0.011843
5.1273951E-07,-0.011833
5.1278951E-07,-0.011821
5.1283951E-07,-0.011808
5.1288951E-07,-0.011794
5.1293951E-07,-0.011779
5.1298951E-07,-0.011763
5.1303951E-07,-0.011746
5.1308951E-07,-0.011729
5.1313951E-07,-0.011711
5.1318951E-07,-0.011694
5.1323951E-07,-0.011676
5.1328951E-07,-0.011658
5.1333951E-07,-0.011640
5.1338951E-07,-0.011622
5.1343951E-07,-0.011604
5.1348951E-07,-0.011586
5.1353951E-07,-0.011568
5.1358951E-07,-0.011551
5.1363951E-07,-0.011533
5.1368951E-07,-0.011515
5.1373951E-07,-0.011497
5.1378951E-07,-0.011480
5.1383951E-07,-0.011462
5.1388951E-07,-0.011444
5.1393951E-07,-0.011427
5.1398951E-07,-0.011409
5.1403951E-07,-0.011392
5.1408951E-07,-0.011376
5.1413951E-07,-0.011360
5.1418951E-07,-0.011344
5.1423951E-07,-0.011330
5.1428951E-07,-0.011317
5.1433951E-07,-0.011305
5.1438951E-07,-0.011295
5.1443951E-07,-0.011286
5.1448951E-07,-0.011278
5.1453951E-07,-0.011272
5.1458951E-07,-0.011268
5.1463951E-07,-0.011265
5.1468951E-07,-0.011264
5.1473951E-07,-0.011264
5.1478951E-07,-0.011266
5.1483951E-07,-0.011269
5.1488951E-07,-0.011273
5.1493951E-07,-0.011278
5.1498951E-07,-0.011285
5.1503951E-07,-0.011292
5.1508951E-07,-0.011299
5.1513951E-07,-0.011307
5.1518951E-07,-0.011315
5.1523951E-07,-0.011324
5.1528951E-07,-0.011332
5.1533951E-07,-0.011340
5.1538951E-07,-0.011348
5.1543951E-07,-0.011356
5.1548951E-07,-0.011364
5.1553951E-07,-0.011370
5.1558951E-07,-0.011376
5.1563951E-07,-0.011382
5.1568951E-07,-0.011387
5.1573951E-07,-0.011391
5.1578951E-07,-0.011394
5.1583951E-07,-0.011397
5.1588951E-07,-0.011399
5.1593951E-07,-0.011401
5.1598951E-07,-0.011402
5.1603951E-07,-0.011402
5.1608951E-07,-0.011402
5.1613951E-07,-0.011402
5.1618951E-07,-0.011402
5.1623951E-07,-0.011401
5.1628951E-07,-0.011400
5.1633951E-07,-0.011400
5.1638951E-07,-0.011399
5.1643951E-07,-0.011398
5.1648951E-07,-0.011396
5.1653951E-07,-0.011395
5.1658951E-07,-0.011393
5.1663951E-07,-0.011391
5.1668951E-07,-0.011388
5.1673951E-07,-0.011384
5.1678951E-07,-0.011380
5.1683951E-07,-0.011375
5.1688951E-07,-0.011369
5.1693951E-07,-0.011362
5.1698951E-07,-0.011354
5.1703951E-07,-0.011346
5.1708951E-07,-0.011336
5.1713951E-07,-0.011327
5.1718951E-07,-0.011317
5.1723951E-07,-0.011307
5.1728951E-07,-0.011297
5.1733951E-07,-0.011288
5.1738951E-07,-0.011280
5.1743951E-07,-0.011272
5.1748951E-07,-0.011267
5.1753951E-07,-0.011263
5.1758951E-07,-0.011260
5.1763951E-07,-0.011260
5.1768951E-07,-0.011262
5.1773951E-07,-0.011266
5.1778951E-07,-0.011272
5.1783951E-07,-0.011279
5.1788951E-07,-0.011289
5.1793951E-07,-0.011300
5.1798951E-07,-0.011312
5.1803951E-07,-0.011324
5.1808951E-07,-0.011338
5.1813951E-07,-0.011352
5.1818951E-07,-0.011365
5.1823951E-07,-0.011379
5.1828951E-07,-0.011392
5.1833951E-07,-0.011404
5.1838951E-07,-0.011415
5.1843951E-07,-0.011426
5.1848951E-07,-0.011436
5.1853951E-07,-0.011445
5.1858951E-07,-0.011454
5.1863951E-07,-0.011462
5.1868951E-07,-0.011469
5.1873951E-07,-0.011476
5.1878951E-07,-0.011483
5.1883951E-07,-0.011490
5.1888951E-07,-0.011497
5.1893951E-07,-0.011504
5.1898951E-07,-0.011511
5.1903951E-07,-0.011519
5.1908951E-07,-0.011526
5.1913951E-07,-0.011533
5.1918951E-07,-0.011540
5.1923951E-07,-0.011547
5.1928951E-07,-0.011554
5.1933951E-07,-0.011560
5.1938951E-07,-0.011565
5.1943951E-07,-0.011569
5.1948951E-07,-0.011573
5.1953951E-07,-0.011576
5.1958951E-07,-0.011577
5.1963951E-07,-0.011578
5.1968951E-07,-0.011577
5.1973951E-07,-0.011576
5.1978951E-07,-0.011574
5.1983951E-07,-0.011572
5.1988951E-07,-0.011568
5.1993951E-07,-0.011565
5.1998951E-07,-0.011561
5.2003951E-07,-0.011557
5.2008951E-07,-0.011553
5.2013951E-07,-0.011550
5.2018951E-07,-0.011546
5.2023951E-07,-0.011542
5.2028951E-07,-0.011539
5.2033951E-07,-0.011536
5.2038951E-07,-0.011532
5.2043951E-07,-0.011529
5.2048951E-07,-0.011525
5.2053951E-07,-0.011521
5.2058951E-07,-0.011517
5.2063951E-07,-0.011512
5.2068951E-07,-0.011507
5.2073951E-07,-0.011501
5.2078951E-07,-0.011495
5.2083951E-07,-0.011488
5.2088951E-07,-0.011480
5.2093951E-07,-0.011472
5.2098951E-07,-0.011464
5.2103951E-07,-0.011455
5.2108951E-07,-0.011446
5.2113951E-07,-0.011438
5.2118951E-07,-0.011429
5.2123951E-07,-0.011420
5.2128951E-07,-0.011412
5.2133951E-07,-0.011404
5.2138951E-07,-0.011397
5.2143951E-07,-0.011390
5.2148951E-07,-0.011383
5.2153951E-07,-0.011377
5.2158951E-07,-0.011372
5.2163951E-07,-0.011366
5.2168951E-07,-0.011361
5.2173951E-07,-0.011356
5.2178951E-07,-0.011351
5.2183951E-07,-0.011346
5.2188951E-07,-0.011341
5.2193951E-07,-0.011336
5.2198951E-07,-0.011330
5.2203951E-07,-0.011324
5.2208951E-07,-0.011318
5.2213951E-07,-0.011311
5.2218951E-07,-0.011304
5.2223951E-07,-0.011296
5.2228951E-07,-0.011288
5.2233951E-07,-0.011280
5.2238951E-07,-0.011271
5.2243951E-07,-0.011262
5.2248951E-07,-0.011253
5.2253951E-07,-0.011244
5.2258951E-07,-0.011234
5.2263951E-07,-0.011225
5.2268951E-07,-0.011215
5.2273951E-07,-0.011206
5.2278951E-07,-0.011196
5.2283951E-07,-0.011187
5.2288951E-07,-0.011178
5.2293951E-07,-0.011169
5.2298951E-07,-0.011160
5.2303951E-07,-0.011152
5.2308951E-07,-0.011143
5.2313951E-07,-0.011135
5.2318951E-07,-0.011127
5.2323951E-07,-0.011118
5.2328951E-07,-0.011110
5.2333951E-07,-0.011102
5.2338951E-07,-0.011093
5.2343951E-07,-0.011084
5.2348951E-07,-0.011074
5.2353951E-07,-0.011064
5.2358951E-07,-0.011053
5.2363951E-07,-0.011041
5.2368951E-07,-0.011029
5.2373951E-07,-0.011015
5.2378951E-07,-0.011001
5.2383951E-07,-0.010986
5.2388951E-07,-0.010970
5.2393951E-07,-0.010954
5.2398951E-07,-0.010937
5.2403951E-07,-0.010920
5.2408951E-07,-0.010903
5.2413951E-07,-0.010886
5.2418951E-07,-0.010869
5.2423951E-07,-0.010853
5.2428951E-07,-0.010837
5.2433951E-07,-0.010822
5.2438951E-07,-0.010808
5.2443951E-07,-0.010796
5.2448951E-07,-0.010785
5.2453951E-07,-0.010775
5.2458951E-07,-0.010766
5.2463951E-07,-0.010759
5.2468951E-07,-0.010753
5.2473951E-07,-0.010748
5.2478951E-07,-0.010744
5.2483951E-07,-0.010742
5.2488951E-07,-0.010740
5.2493951E-07,-0.010738
5.2498951E-07,-0.010738
5.2503951E-07,-0.010738
5.2508951E-07,-0.010738
5.2513951E-07,-0.010739
5.2518951E-07,-0.010740
5.2523951E-07,-0.010741
5.2528951E-07,-0.010743
5.2533951E-07,-0.010745
5.2538951E-07,-0.010748
5.2543951E-07,-0.010751
5.2548951E-07,-0.010754
5.2553951E-07,-0.010759
5.2558951E-07,-0.010764
5.2563951E-07,-0.010769
5.2568951E-07,-0.010776
5.2573951E-07,-0.010782
5.2578951E-07,-0.010789
5.2583951E-07,-0.010796
5.2588951E-07,-0.010803
5.2593951E-07,-0.010810
5.2598951E-07,-0.010817
5.2603951E-07,-0.010823
5.2608951E-07,-0.010828
5.2613951E-07,-0.010833
5.2618951E-07,-0.010836
5.2623951E-07,-0.010838
5.2628951E-07,-0.010839
5.2633951E-07,-0.010839
5.2638951E-07,-0.010838
5.2643951E-07,-0.010836
5.2648951E-07,-0.010833
5.2653951E-07,-0.010830
5.2658951E-07,-0.010827
5.2663951E-07,-0.010824
5.2668951E-07,-0.010822
5.2673951E-07,-0.010821
5.2678951E-07,-0.010820
5.2683951E-07,-0.010821
5.2688951E-07,-0.010823
5.2693951E-07,-0.010826
5.2698951E-07,-0.010831
5.2703951E-07,-0.010838
5.2708951E-07,-0.010845
5.2713951E-07,-0.010854
5.2718951E-07,-0.010864
5.2723951E-07,-0.010874
5.2728951E-07,-0.010885
5.2733951E-07,-0.010895
5.2738951E-07,-0.010906
5.2743951E-07,-0.010916
5.2748951E-07,-0.010926
5.2753951E-07,-0.010935
5.2758951E-07,-0.010944
5.2763951E-07,-0.010951
5.2768951E-07,-0.010958
5.2773951E-07,-0.010964
5.2778951E-07,-0.010970
5.2783951E-07,-0.010976
5.2788951E-07,-0.010981
5.2793951E-07,-0.010987
5.2798951E-07,-0.010993
5.2803951E-07,-0.011000
5.2808951E-07,-0.011008
5.2813951E-07,-0.011017
5.2818951E-07,-0.011027
5.2823951E-07,-0.011039
5.2828951E-07,-0.011052
5.2833951E-07,-0.011066
5.2838951E-07,-0.011082
5.2843951E-07,-0.011099
5.2848951E-07,-0.011118
5.2853951E-07,-0.011137
5.2858951E-07,-0.011157
5.2863951E-07,-0.011178
5.2868951E-07,-0.011199
5.2873951E-07,-0.011221
5.2878951E-07,-0.011243
5.2883951E-07,-0.011265
5.2888951E-07,-0.011287
5.2893951E-07,-0.011309
5.2898951E-07,-0.011331
5.2903951E-07,-0.011353
5.2908951E-07,-0.011374
5.2913951E-07,-0.011396
5.2918951E-07,-0.011417
5.2923951E-07,-0.011439
5.2928951E-07,-0.011460
5.2933951E-07,-0.011482
5.2938951E-07,-0.011503
5.2943951E-07,-0.011525
5.2948951E-07,-0.011546
5.2953951E-07,-0.011567
5.2958951E-07,-0.011587
5.2963951E-07,-0.011608
5.2968951E-07,-0.011627
5.2973951E-07,-0.011646
5.2978951E-07,-0.011664
5.2983951E-07,-0.011681
5.2988951E-07,-0.011696
5.2993951E-07,-0.011710
5.2998951E-07,-0.011722
5.3003951E-07,-0.011733
5.3008951E-07,-0.011741
5.3013951E-07,-0.011748
5.3018951E-07,-0.011752
5.3023951E-07,-0.011755
5.3028951E-07,-0.011755
5.3033951E-07,-0.011753
5.3038951E-07,-0.011750
5.3043951E-07,-0.011744
5.3048951E-07,-0.011737
5.3053951E-07,-0.011728
5.3058951E-07,-0.011717
5.3063951E-07,-0.011705
5.3068951E-07,-0.011692
5.3073951E-07,-0.011677
5.3078951E-07,-0.011662
5.3083951E-07,-0.011646
5.3088951E-07,-0.011630
5.3093951E-07,-0.011613
5.3098951E-07,-0.011596
5.3103951E-07,-0.011579
5.3108951E-07,-0.011562
5.3113951E-07,-0.011545
5.3118951E-07,-0.011529
5.3123951E-07,-0.011512
5.3128951E-07,-0.011496
5.3133951E-07,-0.011480
5.3138951E-07,-0.011464
5.3143951E-07,-0.011448
5.3148951E-07,-0.011432
5.3153951E-07,-0.011416
5.3158951E-07,-0.011399
5.3163951E-07,-0.011382
5.3168951E-07,-0.011365
5.3173951E-07,-0.011346
5.3178951E-07,-0.011327
5.3183951E-07,-0.011308
5.3188951E-07,-0.011287
5.3193951E-07,-0.011266
5.3198951E-07,-0.011245
5.3203951E-07,-0.011222
5.3208951E-07,-0.011200
5.3213951E-07,-0.011176
5.3218951E-07,-0.011153
5.3223951E-07,-0.011130
5.3228951E-07,-0.011107
5.3233951E-07,-0.011084
5.3238951E-07,-0.011062
5.3243951E-07,-0.011040
5.3248951E-07,-0.011019
5.3253951E-07,-0.010998
5.3258951E-07,-0.010977
5.3263951E-07,-0.010957
5.3268951E-07,-0.010938
5.3273951E-07,-0.010918
5.3278951E-07,-0.010899
5.3283951E-07,-0.010880
5.3288951E-07,-0.010860
5.3293951E-07,-0.010841
5.3298951E-07,-0.010821
5.3303951E-07,-0.010800
5.3308951E-07,-0.010779
5.3313951E-07,-0.010758
5.3318951E-07,-0.010736
5.3323951E-07,-0.010714
5.3328951E-07,-0.010692
5.3333951E-07,-0.010671
5.3338951E-07,-0.010650
5.3343951E-07,-0.010629
5.3348951E-07,-0.010609
5.3353951E-07,-0.010591
5.3358951E-07,-0.010574
5.3363951E-07,-0.010558
5.3368951E-07,-0.010544
5.3373951E-07,-0.010532
5.3378951E-07,-0.010522
5.3383951E-07,-0.010513
5.3388951E-07,-0.010506
5.3393951E-07,-0.010501
5.3398951E-07,-0.010497
5.3403951E-07,-0.010495
5.3408951E-07,-0.010494
5.3413951E-07,-0.010493
5.3418951E-07,-0.010493
5.3423951E-07,-0.010494
5.3428951E-07,-0.010496
5.3433951E-07,-0.010497
5.3438951E-07,-0.010499
5.3443951E-07,-0.010501
5.3448951E-07,-0.010503
5.3453951E-07,-0.010506
5.3458951E-07,-0.010509
5.3463951E-07,-0.010512
5.3468951E-07,-0.010516
5.3473951E-07,-0.010520
5.3478951E-07,-0.010525
5.3483951E-07,-0.010531
5.3488951E-07,-0.010537
5.3493951E-07,-0.010545
5.3498951E-07,-0.010553
5.3503951E-07,-0.010561
5.3508951E-07,-0.010571
5.3513951E-07,-0.010580
5.3518951E-07,-0.010590
5.3523951E-07,-0.010600
5.3528951E-07,-0.010610
5.3533951E-07,-0.010620
5.3538951E-07,-0.010629
5.3543951E-07,-0.010637
5.3548951E-07,-0.010645
5.3553951E-07,-0.010651
5.3558951E-07,-0.010657
5.3563951E-07,-0.010662
5.3568951E-07,-0.010666
5.3573951E-07,-0.010669
5.3578951E-07,-0.010671
5.3583951E-07,-0.010674
5.3588951E-07,-0.010675
5.3593951E-07,-0.010677
5.3598951E-07,-0.010679
5.3603951E-07,-0.010681
5.3608951E-07,-0.010684
5.3613951E-07,-0.010688
5.3618951E-07,-0.010692
5.3623951E-07,-0.010696
5.3628951E-07,-0.010702
5.3633951E-07,-0.010708
5.3638951E-07,-0.010715
5.3643951E-07,-0.010723
5.3648951E-07,-0.010731
5.3653951E-07,-0.010739
5.3658951E-07,-0.010747
5.3663951E-07,-0.010756
5.3668951E-07,-0.010764
5.3673951E-07,-0.010772
5.3678951E-07,-0.010779
5.3683951E-07,-0.010786
5.3688951E-07,-0.010793
5.3693951E-07,-0.010798
5.3698951E-07,-0.010804
5.3703951E-07,-0.010809
5.3708951E-07,-0.010813
5.3713951E-07,-0.010817
5.3718951E-07,-0.010820
5.3723951E-07,-0.010824
5.3728951E-07,-0.010827
5.3733951E-07,-0.010829
5.3738951E-07,-0.010832
5.3743951E-07,-0.010835
5.3748951E-07,-0.010837
5.3753951E-07,-0.010840
5.3758951E-07,-0.010842
5.3763951E-07,-0.010844
5.3768951E-07,-0.010846
5.3773951E-07,-0.010848
5.3778951E-07,-0.010850
5.3783951E-07,-0.010851
5.3788951E-07,-0.010851
5.3793951E-07,-0.010852
5.3798951E-07,-0.010851
5.3803951E-07,-0.010851
5.3808951E-07,-0.010850
5.3813951E-07,-0.010848
5.3818951E-07,-0.010846
5.3823951E-07,-0.010844
5.3828951E-07,-0.010842
5.3833951E-07,-0.010840
5.3838951E-07,-0.010838
5.3843951E-07,-0.010836
5.3848951E-07,-0.010834
5.3853951E-07,-0.010833
5.3858951E-07,-0.010833
5.3863951E-07,-0.010833
5.3868951E-07,-0.010834
5.3873951E-07,-0.010836
5.3878951E-07,-0.010840
5.3883951E-07,-0.010844
5.3888951E-07,-0.010849
5.3893951E-07,-0.010856
5.3898951E-07,-0.010863
5.3903951E-07,-0.010872
5.3908951E-07,-0.010882
5.3913951E-07,-0.010892
5.3918951E-07,-0.010903
5.3923951E-07,-0.010915
5.3928951E-07,-0.010927
5.3933951E-07,-0.010939
5.3938951E-07,-0.010951
5.3943951E-07,-0.010963
5.3948951E-07,-0.010975
5.3953951E-07,-0.010986
5.3958951E-07,-0.010996
5.3963951E-07,-0.011006
5.3968951E-07,-0.011014
5.3973951E-07,-0.011022
5.3978951E-07,-0.011028
5.3983951E-07,-0.011034
5.3988951E-07,-0.011039
5.3993951E-07,-0.011042
5.3998951E-07,-0.011046
5.4003951E-07,-0.011048
5.4008951E-07,-0.011051
5.4013951E-07,-0.011053
5.4018951E-07,-0.011056
5.4023951E-07,-0.011059
5.4028951E-07,-0.011063
5.4033951E-07,-0.011067
5.4038951E-07,-0.011071
5.4043951E-07,-0.011077
5.4048951E-07,-0.011084
5.4053951E-07,-0.011091
5.4058951E-07,-0.011098
5.4063951E-07,-0.011106
5.4068951E-07,-0.011115
5.4073951E-07,-0.011123
5.4078951E-07,-0.011131
5.4083951E-07,-0.011138
5.4088951E-07,-0.011144
5.4093951E-07,-0.011150
5.4098951E-07,-0.011153
5.4103951E-07,-0.011156
5.4108951E-07,-0.011156
5.4113951E-07,-0.011155
5.4118951E-07,-0.011152
5.4123951E-07,-0.011147
5.4128951E-07,-0.011141
5.4133951E-07,-0.011133
5.4138951E-07,-0.011124
5.4143951E-07,-0.011114
5.4148951E-07,-0.011103
5.4153951E-07,-0.011091
5.4158951E-07,-0.011079
5.4163951E-07,-0.011067
5.4168951E-07,-0.011055
5.4173951E-07,-0.011043
5.4178951E-07,-0.011031
5.4183951E-07,-0.011019
5.4188951E-07,-0.011007
5.4193951E-07,-0.010996
5.4198951E-07,-0.010983
5.4203951E-07,-0.010971
5.4208951E-07,-0.010958
5.4213951E-07,-0.010944
5.4218951E-07,-0.010929
5.4223951E-07,-0.010913
5.4228951E-07,-0.010896
5.4233951E-07,-0.010878
5.4238951E-07,-0.010859
5.4243951E-07,-0.010839
5.4248951E-07,-0.010818
5.4253951E-07,-0.010796
5.4258951E-07,-0.010774
5.4263951E-07,-0.010752
5.4268951E-07,-0.010731
5.4273951E-07,-0.010710
5.4278951E-07,-0.010690
5.4283951E-07,-0.010671
5.4288951E-07,-0.010654
5.4293951E-07,-0.010639
5.4298951E-07,-0.010626
5.4303951E-07,-0.010615
5.4308951E-07,-0.010606
5.4313951E-07,-0.010599
5.4318951E-07,-0.010594
5.4323951E-07,-0.010590
5.4328951E-07,-0.010588
5.4333951E-07,-0.010588
5.4338951E-07,-0.010588
5.4343951E-07,-0.010589
5.4348951E-07,-0.010591
5.4353951E-07,-0.010592
5.4358951E-07,-0.010594
5.4363951E-07,-0.010595
5.4368951E-07,-0.010596
5.4373951E-07,-0.010597
5.4378951E-07,-0.010598
5.4383951E-07,-0.010598
5.4388951E-07,-0.010598
5.4393951E-07,-0.010597
5.4398951E-07,-0.010597
5.4403951E-07,-0.010597
5.4408951E-07,-0.010597
5.4413951E-07,-0.010597
5.4418951E-07,-0.010598
5.4423951E-07,-0.010599
5.4428951E-07,-0.010601
5.4433951E-07,-0.010604
5.4438951E-07,-0.010607
5.4443951E-07,-0.010611
5.4448951E-07,-0.010615
5.4453951E-07,-0.010619
5.4458951E-07,-0.010624
5.4463951E-07,-0.010629
5.4468951E-07,-0.010633
5.4473951E-07,-0.010637
5.4478951E-07,-0.010641
5.4483951E-07,-0.010644
5.4488951E-07,-0.010647
5.4493951E-07,-0.010649
5.4498951E-07,-0.010651
5.4503951E-07,-0.010652
5.4508951E-07,-0.010652
5.4513951E-07,-0.010651
5.4518951E-07,-0.010650
5.4523951E-07,-0.010649
5.4528951E-07,-0.010647
5.4533951E-07,-0.010645
5.4538951E-07,-0.010643
5.4543951E-07,-0.010641
5.4548951E-07,-0.010639
5.4553951E-07,-0.010637
5.4558951E-07,-0.010635
5.4563951E-07,-0.010633
5.4568951E-07,-0.010632
5.4573951E-07,-0.010631
5.4578951E-07,-0.010630
5.4583951E-07,-0.010630
5.4588951E-07,-0.010630
5.4593951E-07,-0.010630
5.4598951E-07,-0.010630
5.4603951E-07,-0.010630
5.4608951E-07,-0.010631
5.4613951E-07,-0.010631
5.4618951E-07,-0.010631
5.4623951E-07,-0.010632
5.4628951E-07,-0.010632
5.4633951E-07,-0.010633
5.4638951E-07,-0.010633
5.4643951E-07,-0.010634
5.4648951E-07,-0.010634
5.4653951E-07,-0.010635
5.4658951E-07,-0.010636
5.4663951E-07,-0.010638
5.4668951E-07,-0.010639
5.4673951E-07,-0.010642
5.4678951E-07,-0.010645
5.4683951E-07,-0.010650
5.4688951E-07,-0.010655
5.4693951E-07,-0.010661
5.4698951E-07,-0.010668
5.4703951E-07,-0.010676
5.4708951E-07,-0.010685
5.4713951E-07,-0.010695
5.4718951E-07,-0.010706
5.4723951E-07,-0.010717
5.4728951E-07,-0.010729
5.4733951E-07,-0.010741
5.4738951E-07,-0.010753
5.4743951E-07,-0.010765
5.4748951E-07,-0.010777
5.4753951E-07,-0.010787
5.4758951E-07,-0.010796
5.4763951E-07,-0.010804
5.4768951E-07,-0.010811
5.4773951E-07,-0.010816
5.4778951E-07,-0.010819
5.4783951E-07,-0.010821
5.4788951E-07,-0.010821
5.4793951E-07,-0.010819
5.4798951E-07,-0.010816
5.4803951E-07,-0.010812
5.4808951E-07,-0.010807
5.4813951E-07,-0.010801
5.4818951E-07,-0.010796
5.4823951E-07,-0.010790
5.4828951E-07,-0.010784
5.4833951E-07,-0.010780
5.4838951E-07,-0.010776
5.4843951E-07,-0.010772
5.4848951E-07,-0.010771
5.4853951E-07,-0.010770
5.4858951E-07,-0.010770
5.4863951E-07,-0.010771
5.4868951E-07,-0.010773
5.4873951E-07,-0.010776
5.4878951E-07,-0.010779
5.4883951E-07,-0.010782
5.4888951E-07,-0.010785
5.4893951E-07,-0.010788
5.4898951E-07,-0.010790
5.4903951E-07,-0.010790
5.4908951E-07,-0.010790
5.4913951E-07,-0.010788
5.4918951E-07,-0.010785
5.4923951E-07,-0.010780
5.4928951E-07,-0.010774
5.4933951E-07,-0.010767
5.4938951E-07,-0.010758
5.4943951E-07,-0.010749
5.4948951E-07,-0.010740
5.4953951E-07,-0.010730
5.4958951E-07,-0.010720
5.4963951E-07,-0.010711
5.4968951E-07,-0.010702
5.4973951E-07,-0.010695
5.4978951E-07,-0.010688
5.4983951E-07,-0.010683
5.4988951E-07,-0.010680
5.4993951E-07,-0.010678
5.4998951E-07,-0.010677
5.5003951E-07,-0.010678
5.5008951E-07,-0.010680
5.5013951E-07,-0.010683
5.5018951E-07,-0.010687
5.5023951E-07,-0.010692
5.5028951E-07,-0.010698
5.5033951E-07,-0.010704
5.5038951E-07,-0.010710
5.5043951E-07,-0.010717
5.5048951E-07,-0.010724
5.5053951E-07,-0.010731
5.5058951E-07,-0.010737
5.5063951E-07,-0.010744
5.5068951E-07,-0.010751
5.5073951E-07,-0.010758
5.5078951E-07,-0.010766
5.5083951E-07,-0.010773
5.5088951E-07,-0.010780
5.5093951E-07,-0.010788
5.5098951E-07,-0.010796
5.5103951E-07,-0.010805
5.5108951E-07,-0.010813
5.5113951E-07,-0.010822
5.5118951E-07,-0.010830
5.5123951E-07,-0.010838
5.5128951E-07,-0.010846
5.5133951E-07,-0.010854
5.5138951E-07,-0.010860
5.5143951E-07,-0.010866
5.5148951E-07,-0.010870
5.5153951E-07,-0.010874
5.5158951E-07,-0.010875
5.5163951E-07,-0.010876
5.5168951E-07,-0.010874
5.5173951E-07,-0.010871
5.5178951E-07,-0.010867
5.5183951E-07,-0.010861
5.5188951E-07,-0.010853
5.5193951E-07,-0.010844
5.5198951E-07,-0.010834
5.5203951E-07,-0.010823
5.5208951E-07,-0.010811
5.5213951E-07,-0.010798
5.5218951E-07,-0.010785
5.5223951E-07,-0.010772
5.5228951E-07,-0.010759
5.5233951E-07,-0.010746
5.5238951E-07,-0.010733
5.5243951E-07,-0.010721
5.5248951E-07,-0.010710
5.5253951E-07,-0.010699
5.5258951E-07,-0.010689
5.5263951E-07,-0.010680
5.5268951E-07,-0.010671
5.5273951E-07,-0.010664
5.5278951E-07,-0.010656
5.5283951E-07,-0.010650
5.5288951E-07,-0.010644
5.5293951E-07,-0.010638
5.5298951E-07,-0.010633
5.5303951E-07,-0.010628
5.5308951E-07,-0.010623
5.5313951E-07,-0.010618
5.5318951E-07,-0.010612
5.5323951E-07,-0.010607
5.5328951E-07,-0.010601
5.5333951E-07,-0.010596
5.5338951E-07,-0.010589
5.5343951E-07,-0.010583
5.5348951E-07,-0.010576
5.5353951E-07,-0.010568
5.5358951E-07,-0.010561
5.5363951E-07,-0.010553
5.5368951E-07,-0.010545
5.5373951E-07,-0.010537
5.5378951E-07,-0.010529
5.5383951E-07,-0.010520
5.5388951E-07,-0.010512
5.5393951E-07,-0.010504
5.5398951E-07,-0.010495
5.5403951E-07,-0.010487
5.5408951E-07,-0.010478
5.5413951E-07,-0.010470
5.5418951E-07,-0.010461
5.5423951E-07,-0.010453
5.5428951E-07,-0.010444
5.5433951E-07,-0.010434
5.5438951E-07,-0.010425
5.5443951E-07,-0.010414
5.5448951E-07,-0.010404
5.5453951E-07,-0.010393
5.5458951E-07,-0.010382
5.5463951E-07,-0.010371
5.5468951E-07,-0.010360
5.5473951E-07,-0.010349
5.5478951E-07,-0.010338
5.5483951E-07,-0.010327
5.5488951E-07,-0.010318
5.5493951E-07,-0.010310
5.5498951E-07,-0.010303
5.5503951E-07,-0.010297
5.5508951E-07,-0.010293
5.5513951E-07,-0.010292
5.5518951E-07,-0.010292
5.5523951E-07,-0.010295
5.5528951E-07,-0.010299
5.5533951E-07,-0.010306
5.5538951E-07,-0.010314
5.5543951E-07,-0.010325
5.5548951E-07,-0.010337
5.5553951E-07,-0.010350
5.5558951E-07,-0.010364
5.5563951E-07,-0.010378
5.5568951E-07,-0.010393
5.5573951E-07,-0.010408
5.5578951E-07,-0.010423
5.5583951E-07,-0.010437
5.5588951E-07,-0.010450
5.5593951E-07,-0.010463
5.5598951E-07,-0.010475
5.5603951E-07,-0.010485
5.5608951E-07,-0.010496
5.5613951E-07,-0.010505
5.5618951E-07,-0.010514
5.5623951E-07,-0.010523
5.5628951E-07,-0.010531
5.5633951E-07,-0.010540
5.5638951E-07,-0.010550
5.5643951E-07,-0.010560
5.5648951E-07,-0.010571
5.5653951E-07,-0.010582
5.5658951E-07,-0.010595
5.5663951E-07,-0.010609
5.5668951E-07,-0.010623
5.5673951E-07,-0.010638
5.5678951E-07,-0.010653
5.5683951E-07,-0.010669
5.5688951E-07,-0.010684
5.5693951E-07,-0.010699
5.5698951E-07,-0.010714
5.5703951E-07,-0.010728
5.5708951E-07,-0.010740
5.5713951E-07,-0.010752
5.5718951E-07,-0.010762
5.5723951E-07,-0.010770
5.5728951E-07,-0.010778
5.5733951E-07,-0.010784
5.5738951E-07,-0.010788
5.5743951E-07,-0.010792
5.5748951E-07,-0.010795
5.5753951E-07,-0.010798
5.5758951E-07,-0.010800
5.5763951E-07,-0.010802
5.5768951E-07,-0.010805
5.5773951E-07,-0.010808
5.5778951E-07,-0.010811
5.5783951E-07,-0.010815
5.5788951E-07,-0.010819
5.5793951E-07,-0.010825
5.5798951E-07,-0.010830
5.5803951E-07,-0.010837
5.5808951E-07,-0.010843
5.5813951E-07,-0.010850
5.5818951E-07,-0.010856
5.5823951E-07,-0.010862
5.5828951E-07,-0.010868
5.5833951E-07,-0.010873
5.5838951E-07,-0.010877
5.5843951E-07,-0.010880
5.5848951E-07,-0.010882
5.5853951E-07,-0.010884
5.5858951E-07,-0.010884
5.5863951E-07,-0.010883
5.5868951E-07,-0.010882
5.5873951E-07,-0.010881
5.5878951E-07,-0.010879
5.5883951E-07,-0.010877
5.5888951E-07,-0.010875
5.5893951E-07,-0.010873
5.5898951E-07,-0.010872
5.5903951E-07,-0.010871
5.5908951E-07,-0.010871
5.5913951E-07,-0.010872
5.5918951E-07,-0.010873
5.5923951E-07,-0.010876
5.5928951E-07,-0.010879
5.5933951E-07,-0.010883
5.5938951E-07,-0.010887
5.5943951E-07,-0.010892
5.5948951E-07,-0.010896
5.5953951E-07,-0.010901
5.5958951E-07,-0.010906
5.5963951E-07,-0.010911
5.5968951E-07,-0.010915
5.5973951E-07,-0.010918
5.5978951E-07,-0.010921
5.5983951E-07,-0.010923
5.5988951E-07,-0.010925
5.5993951E-07,-0.010925
5.5998951E-07,-0.010925
5.6003951E-07,-0.010923
5.6008951E-07,-0.010921
5.6013951E-07,-0.010918
5.6018951E-07,-0.010914
5.6023951E-07,-0.010910
5.6028951E-07,-0.010904
5.6033951E-07,-0.010899
5.6038951E-07,-0.010892
5.6043951E-07,-0.010885
5.6048951E-07,-0.010877
5.6053951E-07,-0.010869
5.6058951E-07,-0.010860
5.6063951E-07,-0.010850
5.6068951E-07,-0.010840
5.6073951E-07,-0.010829
5.6078951E-07,-0.010818
5.6083951E-07,-0.010806
5.6088951E-07,-0.010793
5.6093951E-07,-0.010780
5.6098951E-07,-0.010766
5.6103951E-07,-0.010751
5.6108951E-07,-0.010735
5.6113951E-07,-0.010719
5.6118951E-07,-0.010702
5.6123951E-07,-0.010684
5.6128951E-07,-0.010667
5.6133951E-07,-0.010648
5.6138951E-07,-0.010630
5.6143951E-07,-0.010611
5.6148951E-07,-0.010593
5.6153951E-07,-0.010575
5.6158951E-07,-0.010558
5.6163951E-07,-0.010541
5.6168951E-07,-0.010526
5.6173951E-07,-0.010512
5.6178951E-07,-0.010499
5.6183951E-07,-0.010488
5.6188951E-07,-0.010479
5.6193951E-07,-0.010471
5.6198951E-07,-0.010466
5.6203951E-07,-0.010462
5.6208951E-07,-0.010460
5.6213951E-07,-0.010461
5.6218951E-07,-0.010463
5.6223951E-07,-0.010466
5.6228951E-07,-0.010472
5.6233951E-07,-0.010478
5.6238951E-07,-0.010486
5.6243951E-07,-0.010494
5.6248951E-07,-0.010503
5.6253951E-07,-0.010512
5.6258951E-07,-0.010521
5.6263951E-07,-0.010530
5.6268951E-07,-0.010539
5.6273951E-07,-0.010548
5.6278951E-07,-0.010556
5.6283951E-07,-0.010563
5.6288951E-07,-0.010570
5.6293951E-07,-0.010577
5.6298951E-07,-0.010582
5.6303951E-07,-0.010587
5.6308951E-07,-0.010591
5.6313951E-07,-0.010595
5.6318951E-07,-0.010598
5.6323951E-07,-0.010600
5.6328951E-07,-0.010602
5.6333951E-07,-0.010603
5.6338951E-07,-0.010603
5.6343951E-07,-0.010603
5.6348951E-07,-0.010602
5.6353951E-07,-0.010599
5.6358951E-07,-0.010596
5.6363951E-07,-0.010592
5.6368951E-07,-0.010586
5.6373951E-07,-0.010580
5.6378951E-07,-0.010572
5.6383951E-07,-0.010563
5.6388951E-07,-0.010553
5.6393951E-07,-0.010543
5.6398951E-07,-0.010531
5.6403951E-07,-0.010520
5.6408951E-07,-0.010508
5.6413951E-07,-0.010496
5.6418951E-07,-0.010484
5.6423951E-07,-0.010473
5.6428951E-07,-0.010463
5.6433951E-07,-0.010453
5.6438951E-07,-0.010445
5.6443951E-07,-0.010439
5.6448951E-07,-0.010434
5.6453951E-07,-0.010430
5.6458951E-07,-0.010429
5.6463951E-07,-0.010428
5.6468951E-07,-0.010430
5.6473951E-07,-0.010432
5.6478951E-07,-0.010436
5.6483951E-07,-0.010441
5.6488951E-07,-0.010446
5.6493951E-07,-0.010452
5.6498951E-07,-0.010459
5.6503951E-07,-0.010465
5.6508951E-07,-0.010471
5.6513951E-07,-0.010477
5.6518951E-07,-0.010482
5.6523951E-07,-0.010487
5.6528951E-07,-0.010491
5.6533951E-07,-0.010496
5.6538951E-07,-0.010499
5.6543951E-07,-0.010503
5.6548951E-07,-0.010507
5.6553951E-07,-0.010511
5.6558951E-07,-0.010515
5.6563951E-07,-0.010520
5.6568951E-07,-0.010525
5.6573951E-07,-0.010531
5.6578951E-07,-0.010538
5.6583951E-07,-0.010546
5.6588951E-07,-0.010554
5.6593951E-07,-0.010563
5.6598951E-07,-0.010573
5.6603951E-07,-0.010583
5.6608951E-07,-0.010593
5.6613951E-07,-0.010603
5.6618951E-07,-0.010613
5.6623951E-07,-0.010623
5.6628951E-07,-0.010632
5.6633951E-07,-0.010640
5.6638951E-07,-0.010648
5.6643951E-07,-0.010654
5.6648951E-07,-0.010660
5.6653951E-07,-0.010665
5.6658951E-07,-0.010668
5.6663951E-07,-0.010671
5.6668951E-07,-0.010673
5.6673951E-07,-0.010675
5.6678951E-07,-0.010677
5.6683951E-07,-0.010679
5.6688951E-07,-0.010680
5.6693951E-07,-0.010683
5.6698951E-07,-0.010686
5.6703951E-07,-0.010690
5.6708951E-07,-0.010694
5.6713951E-07,-0.010700
5.6718951E-07,-0.010707
5.6723951E-07,-0.010715
5.6728951E-07,-0.010724
5.6733951E-07,-0.010734
5.6738951E-07,-0.010745
5.6743951E-07,-0.010756
5.6748951E-07,-0.010769
5.6753951E-07,-0.010781
5.6758951E-07,-0.010794
5.6763951E-07,-0.010807
5.6768951E-07,-0.010819
5.6773951E-07,-0.010831
5.6778951E-07,-0.010843
5.6783951E-07,-0.010854
5.6788951E-07,-0.010864
5.6793951E-07,-0.010874
5.6798951E-07,-0.010882
5.6803951E-07,-0.010889
5.6808951E-07,-0.010896
5.6813951E-07,-0.010901
5.6818951E-07,-0.010906
5.6823951E-07,-0.010909
5.6828951E-07,-0.010912
5.6833951E-07,-0.010914
5.6838951E-07,-0.010915
5.6843951E-07,-0.010915
5.6848951E-07,-0.010915
5.6853951E-07,-0.010914
5.6858951E-07,-0.010914
5.6863951E-07,-0.010912
5.6868951E-07,-0.010911
5.6873951E-07,-0.010909
5.6878951E-07,-0.010907
5.6883951E-07,-0.010906
5.6888951E-07,-0.010904
5.6893951E-07,-0.010902
5.6898951E-07,-0.010900
5.6903951E-07,-0.010898
5.6908951E-07,-0.010896
5.6913951E-07,-0.010894
5.6918951E-07,-0.010891
5.6923951E-07,-0.010889
5.6928951E-07,-0.010886
5.6933951E-07,-0.010882
5.6938951E-07,-0.010879
5.6943951E-07,-0.010875
5.6948951E-07,-0.010870
5.6953951E-07,-0.010866
5.6958951E-07,-0.010860
5.6963951E-07,-0.010855
5.6968951E-07,-0.010849
5.6973951E-07,-0.010843
5.6978951E-07,-0.010837
5.6983951E-07,-0.010830
5.6988951E-07,-0.010823
5.6993951E-07,-0.010817
5.6998951E-07,-0.010810
5.7003951E-07,-0.010803
5.7008951E-07,-0.010795
5.7013951E-07,-0.010788
5.7018951E-07,-0.010780
5.7023951E-07,-0.010772
5.7028951E-07,-0.010763
5.7033951E-07,-0.010753
5.7038951E-07,-0.010742
5.7043951E-07,-0.010731
5.7048951E-07,-0.010718
5.7053951E-07,-0.010703
5.7058951E-07,-0.010688
5.7063951E-07,-0.010670
5.7068951E-07,-0.010652
5.7073951E-07,-0.010632
5.7078951E-07,-0.010611
5.7083951E-07,-0.010589
5.7088951E-07,-0.010566
5.7093951E-07,-0.010543
5.7098951E-07,-0.010519
5.7103951E-07,-0.010496
5.7108951E-07,-0.010473
5.7113951E-07,-0.010452
5.7118951E-07,-0.010431
5.7123951E-07,-0.010413
5.7128951E-07,-0.010396
5.7133951E-07,-0.010382
5.7138951E-07,-0.010370
5.7143951E-07,-0.010360
5.7148951E-07,-0.010353
5.7153951E-07,-0.010348
5.7158951E-07,-0.010346
5.7163951E-07,-0.010346
5.7168951E-07,-0.010348
5.7173951E-07,-0.010352
5.7178951E-07,-0.010357
5.7183951E-07,-0.010363
5.7188951E-07,-0.010371
5.7193951E-07,-0.010379
5.7198951E-07,-0.010388
5.7203951E-07,-0.010397
5.7208951E-07,-0.010407
5.7213951E-07,-0.010416
5.7218951E-07,-0.010427
5.7223951E-07,-0.010437
5.7228951E-07,-0.010447
5.7233951E-07,-0.010458
5.7238951E-07,-0.010469
5.7243951E-07,-0.010481
5.7248951E-07,-0.010493
5.7253951E-07,-0.010505
5.7258951E-07,-0.010518
5.7263951E-07,-0.010532
5.7268951E-07,-0.010545
5.7273951E-07,-0.010558
5.7278951E-07,-0.010572
5.7283951E-07,-0.010585
5.7288951E-07,-0.010597
5.7293951E-07,-0.010609
5.7298951E-07,-0.010620
5.7303951E-07,-0.010629
5.7308951E-07,-0.010637
5.7313951E-07,-0.010644
5.7318951E-07,-0.010648
5.7323951E-07,-0.010651
5.7328951E-07,-0.010652
5.7333951E-07,-0.010652
5.7338951E-07,-0.010650
5.7343951E-07,-0.010647
5.7348951E-07,-0.010642
5.7353951E-07,-0.010637
5.7358951E-07,-0.010630
5.7363951E-07,-0.010624
5.7368951E-07,-0.010617
5.7373951E-07,-0.010610
5.7378951E-07,-0.010603
5.7383951E-07,-0.010597
5.7388951E-07,-0.010591
5.7393951E-07,-0.010586
5.7398951E-07,-0.010581
5.7403951E-07,-0.010576
5.7408951E-07,-0.010572
5.7413951E-07,-0.010568
5.7418951E-07,-0.010564
5.7423951E-07,-0.010560
5.7428951E-07,-0.010556
5.7433951E-07,-0.010551
5.7438951E-07,-0.010547
5.7443951E-07,-0.010541
5.7448951E-07,-0.010536
5.7453951E-07,-0.010530
5.7458951E-07,-0.010523
5.7463951E-07,-0.010517
5.7468951E-07,-0.010510
5.7473951E-07,-0.010503
5.7478951E-07,-0.010495
5.7483951E-07,-0.010488
5.7488951E-07,-0.010482
5.7493951E-07,-0.010476
5.7498951E-07,-0.010470
5.7503951E-07,-0.010465
5.7508951E-07,-0.010461
5.7513951E-07,-0.010457
5.7518951E-07,-0.010454
5.7523951E-07,-0.010452
5.7528951E-07,-0.010451
5.7533951E-07,-0.010450
5.7538951E-07,-0.010450
5.7543951E-07,-0.010450
5.7548951E-07,-0.010450
5.7553951E-07,-0.010450
5.7558951E-07,-0.010450
5.7563951E-07,-0.010449
5.7568951E-07,-0.010448
5.7573951E-07,-0.010447
5.7578951E-07,-0.010444
5.7583951E-07,-0.010441
5.7588951E-07,-0.010438
5.7593951E-07,-0.010433
5.7598951E-07,-0.010428
5.7603951E-07,-0.010423
5.7608951E-07,-0.010417
5.7613951E-07,-0.010411
5.7618951E-07,-0.010405
5.7623951E-07,-0.010400
5.7628951E-07,-0.010395
5.7633951E-07,-0.010391
5.7638951E-07,-0.010388
5.7643951E-07,-0.010387
5.7648951E-07,-0.010388
5.7653951E-07,-0.010390
5.7658951E-07,-0.010394
5.7663951E-07,-0.010401
5.7668951E-07,-0.010410
5.7673951E-07,-0.010420
5.7678951E-07,-0.010433
5.7683951E-07,-0.010448
5.7688951E-07,-0.010464
5.7693951E-07,-0.010482
5.7698951E-07,-0.010500
5.7703951E-07,-0.010519
5.7708951E-07,-0.010538
5.7713951E-07,-0.010557
5.7718951E-07,-0.010575
5.7723951E-07,-0.010592
5.7728951E-07,-0.010607
5.7733951E-07,-0.010620
5.7738951E-07,-0.010630
5.7743951E-07,-0.010639
5.7748951E-07,-0.010644
5.7753951E-07,-0.010647
5.7758951E-07,-0.010647
5.7763951E-07,-0.010644
5.7768951E-07,-0.010639
5.7773951E-07,-0.010632
5.7778951E-07,-0.010622
5.7783951E-07,-0.010612
5.7788951E-07,-0.010600
5.7793951E-07,-0.010587
5.7798951E-07,-0.010574
5.7803951E-07,-0.010561
5.7808951E-07,-0.010549
5.7813951E-07,-0.010537
5.7818951E-07,-0.010525
5.7823951E-07,-0.010515
5.7828951E-07,-0.010506
5.7833951E-07,-0.010497
5.7838951E-07,-0.010490
5.7843951E-07,-0.010484
5.7848951E-07,-0.010478
5.7853951E-07,-0.010473
5.7858951E-07,-0.010468
5.7863951E-07,-0.010464
5.7868951E-07,-0.010460
5.7873951E-07,-0.010456
5.7878951E-07,-0.010452
5.7883951E-07,-0.010447
5.7888951E-07,-0.010443
5.7893951E-07,-0.010439
5.7898951E-07,-0.010435
5.7903951E-07,-0.010431
5.7908951E-07,-0.010427
5.7913951E-07,-0.010424
5.7918951E-07,-0.010422
5.7923951E-07,-0.010421
5.7928951E-07,-0.010421
5.7933951E-07,-0.010422
5.7938951E-07,-0.010424
5.7943951E-07,-0.010428
5.7948951E-07,-0.010433
5.7953951E-07,-0.010440
5.7958951E-07,-0.010448
5.7963951E-07,-0.010456
5.7968951E-07,-0.010466
5.7973951E-07,-0.010476
5.7978951E-07,-0.010486
5.7983951E-07,-0.010496
5.7988951E-07,-0.010506
5.7993951E-07,-0.010515
5.7998951E-07,-0.010524
5.8003951E-07,-0.010532
5.8008951E-07,-0.010539
5.8013951E-07,-0.010544
5.8018951E-07,-0.010549
5.8023951E-07,-0.010553
5.8028951E-07,-0.010555
5.8033951E-07,-0.010557
5.8038951E-07,-0.010558
5.8043951E-07,-0.010558
5.8048951E-07,-0.010559
5.8053951E-07,-0.010558
5.8058951E-07,-0.010558
5.8063951E-07,-0.010558
5.8068951E-07,-0.010558
5.8073951E-07,-0.010558
5.8078951E-07,-0.010559
5.8083951E-07,-0.010560
5.8088951E-07,-0.010561
5.8093951E-07,-0.010562
5.8098951E-07,-0.010563
5.8103951E-07,-0.010564
5.8108951E-07,-0.010565
5.8113951E-07,-0.010566
5.8118951E-07,-0.010566
5.8123951E-07,-0.010565
5.8128951E-07,-0.010564
5.8133951E-07,-0.010562
5.8138951E-07,-0.010560
5.8143951E-07,-0.010556
5.8148951E-07,-0.010552
5.8153951E-07,-0.010548
5.8158951E-07,-0.010543
5.8163951E-07,-0.010537
5.8168951E-07,-0.010532
5.8173951E-07,-0.010526
5.8178951E-07,-0.010520
5.8183951E-07,-0.010515
5.8188951E-07,-0.010510
5.8193951E-07,-0.010506
5.8198951E-07,-0.010502
5.8203951E-07,-0.010499
5.8208951E-07,-0.010497
5.8213951E-07,-0.010497
5.8218951E-07,-0.010497
5.8223951E-07,-0.010498
5.8228951E-07,-0.010500
5.8233951E-07,-0.010503
5.8238951E-07,-0.010508
5.8243951E-07,-0.010513
5.8248951E-07,-0.010519
5.8253951E-07,-0.010526
5.8258951E-07,-0.010534
5.8263951E-07,-0.010542
5.8268951E-07,-0.010551
5.8273951E-07,-0.010560
5.8278951E-07,-0.010569
5.8283951E-07,-0.010579
5.8288951E-07,-0.010589
5.8293951E-07,-0.010598
5.8298951E-07,-0.010607
5.8303951E-07,-0.010616
5.8308951E-07,-0.010625
5.8313951E-07,-0.010633
5.8318951E-07,-0.010641
5.8323951E-07,-0.010648
5.8328951E-07,-0.010654
5.8333951E-07,-0.010660
5.8338951E-07,-0.010665
5.8343951E-07,-0.010669
5.8348951E-07,-0.010672
5.8353951E-07,-0.010675
5.8358951E-07,-0.010677
5.8363951E-07,-0.010678
5.8368951E-07,-0.010679
5.8373951E-07,-0.010679
5.8378951E-07,-0.010679
5.8383951E-07,-0.010678
5.8388951E-07,-0.010676
5.8393951E-07,-0.010675
5.8398951E-07,-0.010673
5.8403951E-07,-0.010670
5.8408951E-07,-0.010668
5.8413951E-07,-0.010665
5.8418951E-07,-0.010663
5.8423951E-07,-0.010661
5.8428951E-07,-0.010658
5.8433951E-07,-0.010656
5.8438951E-07,-0.010655
5.8443951E-07,-0.010653
5.8448951E-07,-0.010653
5.8453951E-07,-0.010652
5.8458951E-07,-0.010653
5.8463951E-07,-0.010654
5.8468951E-07,-0.010656
5.8473951E-07,-0.010658
5.8478951E-07,-0.010661
5.8483951E-07,-0.010664
5.8488951E-07,-0.010667
5.8493951E-07,-0.010671
5.8498951E-07,-0.010675
5.8503951E-07,-0.010678
5.8508951E-07,-0.010681
5.8513951E-07,-0.010683
5.8518951E-07,-0.010684
5.8523951E-07,-0.010684
5.8528951E-07,-0.010682
5.8533951E-07,-0.010679
5.8538951E-07,-0.010673
5.8543951E-07,-0.010665
5.8548951E-07,-0.010656
5.8553951E-07,-0.010644
5.8558951E-07,-0.010630
5.8563951E-07,-0.010615
5.8568951E-07,-0.010598
5.8573951E-07,-0.010579
5.8578951E-07,-0.010559
5.8583951E-07,-0.010539
5.8588951E-07,-0.010518
5.8593951E-07,-0.010498
5.8598951E-07,-0.010478
5.8603951E-07,-0.010459
5.8608951E-07,-0.010441
5.8613951E-07,-0.010424
5.8618951E-07,-0.010409
5.8623951E-07,-0.010397
5.8628951E-07,-0.010386
5.8633951E-07,-0.010377
5.8638951E-07,-0.010370
5.8643951E-07,-0.010365
5.8648951E-07,-0.010362
5.8653951E-07,-0.010360
5.8658951E-07,-0.010360
5.8663951E-07,-0.010361
5.8668951E-07,-0.010363
5.8673951E-07,-0.010367
5.8678951E-07,-0.010371
5.8683951E-07,-0.010375
5.8688951E-07,-0.010381
5.8693951E-07,-0.010387
5.8698951E-07,-0.010394
5.8703951E-07,-0.010402
5.8708951E-07,-0.010410
5.8713951E-07,-0.010419
5.8718951E-07,-0.010430
5.8723951E-07,-0.010441
5.8728951E-07,-0.010454
5.8733951E-07,-0.010468
5.8738951E-07,-0.010483
5.8743951E-07,-0.010500
5.8748951E-07,-0.010517
5.8753951E-07,-0.010535
5.8758951E-07,-0.010553
5.8763951E-07,-0.010572
5.8768951E-07,-0.010591
5.8773951E-07,-0.010609
5.8778951E-07,-0.010626
5.8783951E-07,-0.010642
5.8788951E-07,-0.010656
5.8793951E-07,-0.010668
5.8798951E-07,-0.010678
5.8803951E-07,-0.010685
5.8808951E-07,-0.010690
5.8813951E-07,-0.010692
5.8818951E-07,-0.010692
5.8823951E-07,-0.010689
5.8828951E-07,-0.010683
5.8833951E-07,-0.010676
5.8838951E-07,-0.010666
5.8843951E-07,-0.010656
5.8848951E-07,-0.010644
5.8853951E-07,-0.010631
5.8858951E-07,-0.010618
5.8863951E-07,-0.010606
5.8868951E-07,-0.010594
5.8873951E-07,-0.010583
5.8878951E-07,-0.010573
5.8883951E-07,-0.010564
5.8888951E-07,-0.010557
5.8893951E-07,-0.010552
5.8898951E-07,-0.010548
5.8903951E-07,-0.010546
5.8908951E-07,-0.010546
5.8913951E-07,-0.010547
5.8918951E-07,-0.010550
5.8923951E-07,-0.010554
5.8928951E-07,-0.010559
5.8933951E-07,-0.010565
5.8938951E-07,-0.010571
5.8943951E-07,-0.010578
5.8948951E-07,-0.010586
5.8953951E-07,-0.010593
5.8958951E-07,-0.010600
5.8963951E-07,-0.010607
5.8968951E-07,-0.010614
5.8973951E-07,-0.010621
5.8978951E-07,-0.010626
5.8983951E-07,-0.010631
5.8988951E-07,-0.010635
5.8993951E-07,-0.010638
5.8998951E-07,-0.010641
5.9003951E-07,-0.010642
5.9008951E-07,-0.010642
5.9013951E-07,-0.010641
5.9018951E-07,-0.010638
5.9023951E-07,-0.010635
5.9028951E-07,-0.010630
5.9033951E-07,-0.010624
5.9038951E-07,-0.010617
5.9043951E-07,-0.010609
5.9048951E-07,-0.010599
5.9053951E-07,-0.010589
5.9058951E-07,-0.010578
5.9063951E-07,-0.010566
5.9068951E-07,-0.010553
5.9073951E-07,-0.010540
5.9078951E-07,-0.010527
5.9083951E-07,-0.010513
5.9088951E-07,-0.010499
5.9093951E-07,-0.010486
5.9098951E-07,-0.010473
5.9103951E-07,-0.010460
5.9108951E-07,-0.010448
5.9113951E-07,-0.010437
5.9118951E-07,-0.010427
5.9123951E-07,-0.010418
5.9128951E-07,-0.010410
5.9133951E-07,-0.010404
5.9138951E-07,-0.010399
5.9143951E-07,-0.010396
5.9148951E-07,-0.010394
5.9153951E-07,-0.010394
5.9158951E-07,-0.010395
5.9163951E-07,-0.010398
5.9168951E-07,-0.010402
5.9173951E-07,-0.010408
5.9178951E-07,-0.010414
5.9183951E-07,-0.010422
5.9188951E-07,-0.010429
5.9193951E-07,-0.010438
5.9198951E-07,-0.010446
5.9203951E-07,-0.010454
5.9208951E-07,-0.010462
5.9213951E-07,-0.010469
5.9218951E-07,-0.010475
5.9223951E-07,-0.010480
5.9228951E-07,-0.010483
5.9233951E-07,-0.010486
5.9238951E-07,-0.010487
5.9243951E-07,-0.010487
5.9248951E-07,-0.010485
5.9253951E-07,-0.010482
5.9258951E-07,-0.010478
5.9263951E-07,-0.010474
5.9268951E-07,-0.010468
5.9273951E-07,-0.010462
5.9278951E-07,-0.010456
5.9283951E-07,-0.010449
5.9288951E-07,-0.010442
5.9293951E-07,-0.010436
5.9298951E-07,-0.010430
5.9303951E-07,-0.010425
5.9308951E-07,-0.010419
5.9313951E-07,-0.010415
5.9318951E-07,-0.010411
5.9323951E-07,-0.010407
5.9328951E-07,-0.010404
5.9333951E-07,-0.010401
5.9338951E-07,-0.010399
5.9343951E-07,-0.010397
5.9348951E-07,-0.010395
5.9353951E-07,-0.010393
5.9358951E-07,-0.010391
5.9363951E-07,-0.010390
5.9368951E-07,-0.010388
5.9373951E-07,-0.010387
5.9378951E-07,-0.010386
5.9383951E-07,-0.010386
5.9388951E-07,-0.010387
5.9393951E-07,-0.010388
5.9398951E-07,-0.010390
5.9403951E-07,-0.010393
5.9408951E-07,-0.010397
5.9413951E-07,-0.010402
5.9418951E-07,-0.010408
5.9423951E-07,-0.010416
5.9428951E-07,-0.010424
5.9433951E-07,-0.010433
5.9438951E-07,-0.010443
5.9443951E-07,-0.010454
5.9448951E-07,-0.010465
5.9453951E-07,-0.010476
5.9458951E-07,-0.010487
5.9463951E-07,-0.010498
5.9468951E-07,-0.010508
5.9473951E-07,-0.010517
5.9478951E-07,-0.010525
5.9483951E-07,-0.010532
5.9488951E-07,-0.010538
5.9493951E-07,-0.010543
5.9498951E-07,-0.010546
5.9503951E-07,-0.010548
5.9508951E-07,-0.010549
5.9513951E-07,-0.010549
5.9518951E-07,-0.010548
5.9523951E-07,-0.010546
5.9528951E-07,-0.010544
5.9533951E-07,-0.010542
5.9538951E-07,-0.010539
5.9543951E-07,-0.010537
5.9548951E-07,-0.010534
5.9553951E-07,-0.010533
5.9558951E-07,-0.010531
5.9563951E-07,-0.010531
5.9568951E-07,-0.010530
5.9573951E-07,-0.010531
5.9578951E-07,-0.010532
5.9583951E-07,-0.010534
5.9588951E-07,-0.010536
5.9593951E-07,-0.010539
5.9598951E-07,-0.010542
5.9603951E-07,-0.010545
5.9608951E-07,-0.010548
5.9613951E-07,-0.010552
5.9618951E-07,-0.010555
5.9623951E-07,-0.010559
5.9628951E-07,-0.010562
5.9633951E-07,-0.010565
5.9638951E-07,-0.010568
5.9643951E-07,-0.010571
5.9648951E-07,-0.010574
5.9653951E-07,-0.010576
5.9658951E-07,-0.010578
5.9663951E-07,-0.010579
5.9668951E-07,-0.010580
5.9673951E-07,-0.010581
5.9678951E-07,-0.010580
5.9683951E-07,-0.010579
5.9688951E-07,-0.010578
5.9693951E-07,-0.010575
5.9698951E-07,-0.010571
5.9703951E-07,-0.010567
5.9708951E-07,-0.010561
5.9713951E-07,-0.010555
5.9718951E-07,-0.010548
5.9723951E-07,-0.010540
5.9728951E-07,-0.010531
5.9733951E-07,-0.010521
5.9738951E-07,-0.010512
5.9743951E-07,-0.010501
5.9748951E-07,-0.010491
5.9753951E-07,-0.010482
5.9758951E-07,-0.010472
5.9763951E-07,-0.010463
5.9768951E-07,-0.010456
5.9773951E-07,-0.010449
5.9778951E-07,-0.010443
5.9783951E-07,-0.010439
5.9788951E-07,-0.010437
5.9793951E-07,-0.010436
5.9798951E-07,-0.010437
5.9803951E-07,-0.010440
5.9808951E-07,-0.010445
5.9813951E-07,-0.010451
5.9818951E-07,-0.010458
5.9823951E-07,-0.010467
5.9828951E-07,-0.010477
5.9833951E-07,-0.010488
5.9838951E-07,-0.010499
5.9843951E-07,-0.010511
5.9848951E-07,-0.010524
5.9853951E-07,-0.010536
5.9858951E-07,-0.010548
5.9863951E-07,-0.010559
5.9868951E-07,-0.010570
5.9873951E-07,-0.010580
5.9878951E-07,-0.010589
5.9883951E-07,-0.010597
5.9888951E-07,-0.010603
5.9893951E-07,-0.010608
5.9898951E-07,-0.010612
5.9903951E-07,-0.010615
5.9908951E-07,-0.010616
5.9913951E-07,-0.010617
5.9918951E-07,-0.010616
5.9923951E-07,-0.010615
5.9928951E-07,-0.010612
5.9933951E-07,-0.010610
5.9938951E-07,-0.010607
5.9943951E-07,-0.010604
5.9948951E-07,-0.010600
5.9953951E-07,-0.010597
5.9958951E-07,-0.010595
5.9963951E-07,-0.010592
5.9968951E-07,-0.010590
5.9973951E-07,-0.010588
5.9978951E-07,-0.010587
5.9983951E-07,-0.010586
5.9988951E-07,-0.010584
5.9993951E-07,-0.010583
5.9998951E-07,-0.010582
6.0003951E-07,-0.010581
6.0008951E-07,-0.010579
6.0013951E-07,-0.010576
6.0018951E-07,-0.010573
6.0023951E-07,-0.010569
6.0028951E-07,-0.010564
6.0033951E-07,-0.010558
6.0038951E-07,-0.010551
6.0043951E-07,-0.010543
6.0048951E-07,-0.010535
6.0053951E-07,-0.010526
6.0058951E-07,-0.010517
6.0063951E-07,-0.010507
6.0068951E-07,-0.010497
6.0073951E-07,-0.010488
6.0078951E-07,-0.010479
6.0083951E-07,-0.010471
6.0088951E-07,-0.010464
6.0093951E-07,-0.010459
6.0098951E-07,-0.010454
6.0103951E-07,-0.010451
6.0108951E-07,-0.010449
6.0113951E-07,-0.010448
6.0118951E-07,-0.010449
6.0123951E-07,-0.010451
6.0128951E-07,-0.010454
6.0133951E-07,-0.010458
6.0138951E-07,-0.010462
6.0143951E-07,-0.010467
6.0148951E-07,-0.010472
6.0153951E-07,-0.010477
6.0158951E-07,-0.010482
6.0163951E-07,-0.010487
6.0168951E-07,-0.010492
6.0173951E-07,-0.010496
6.0178951E-07,-0.010499
6.0183951E-07,-0.010503
6.0188951E-07,-0.010506
6.0193951E-07,-0.010508
6.0198951E-07,-0.010511
6.0203951E-07,-0.010513
6.0208951E-07,-0.010515
6.0213951E-07,-0.010517
6.0218951E-07,-0.010520
6.0223951E-07,-0.010522
6.0228951E-07,-0.010525
6.0233951E-07,-0.010528
6.0238951E-07,-0.010531
6.0243951E-07,-0.010534
6.0248951E-07,-0.010536
6.0253951E-07,-0.010539
6.0258951E-07,-0.010541
6.0263951E-07,-0.010542
6.0268951E-07,-0.010542
6.0273951E-07,-0.010542
6.0278951E-07,-0.010541
6.0283951E-07,-0.010538
6.0288951E-07,-0.010535
6.0293951E-07,-0.010531
6.0298951E-07,-0.010525
6.0303951E-07,-0.010519
6.0308951E-07,-0.010511
6.0313951E-07,-0.010504
6.0318951E-07,-0.010495
6.0323951E-07,-0.010487
6.0328951E-07,-0.010478
6.0333951E-07,-0.010469
6.0338951E-07,-0.010460
6.0343951E-07,-0.010452
6.0348951E-07,-0.010445
6.0353951E-07,-0.010438
6.0358951E-07,-0.010431
6.0363951E-07,-0.010425
6.0368951E-07,-0.010420
6.0373951E-07,-0.010415
6.0378951E-07,-0.010410
6.0383951E-07,-0.010406
6.0388951E-07,-0.010402
6.0393951E-07,-0.010398
6.0398951E-07,-0.010395
6.0403951E-07,-0.010390
6.0408951E-07,-0.010386
6.0413951E-07,-0.010382
6.0418951E-07,-0.010377
6.0423951E-07,-0.010372
6.0428951E-07,-0.010367
6.0433951E-07,-0.010362
6.0438951E-07,-0.010356
6.0443951E-07,-0.010352
6.0448951E-07,-0.010347
6.0453951E-07,-0.010343
6.0458951E-07,-0.010340
6.0463951E-07,-0.010338
6.0468951E-07,-0.010336
6.0473951E-07,-0.010337
6.0478951E-07,-0.010338
6.0483951E-07,-0.010342
6.0488951E-07,-0.010346
6.0493951E-07,-0.010353
6.0498951E-07,-0.010361
6.0503951E-07,-0.010370
6.0508951E-07,-0.010382
6.0513951E-07,-0.010394
6.0518951E-07,-0.010407
6.0523951E-07,-0.010422
6.0528951E-07,-0.010437
6.0533951E-07,-0.010452
6.0538951E-07,-0.010467
6.0543951E-07,-0.010483
6.0548951E-07,-0.010497
6.0553951E-07,-0.010511
6.0558951E-07,-0.010524
6.0563951E-07,-0.010536
6.0568951E-07,-0.010546
6.0573951E-07,-0.010555
6.0578951E-07,-0.010562
6.0583951E-07,-0.010567
6.0588951E-07,-0.010571
6.0593951E-07,-0.010572
6.0598951E-07,-0.010572
6.0603951E-07,-0.010570
6.0608951E-07,-0.010567
6.0613951E-07,-0.010563
6.0618951E-07,-0.010557
6.0623951E-07,-0.010550
6.0628951E-07,-0.010543
6.0633951E-07,-0.010534
6.0638951E-07,-0.010526
6.0643951E-07,-0.010517
6.0648951E-07,-0.010508
6.0653951E-07,-0.010499
6.0658951E-07,-0.010490
6.0663951E-07,-0.010481
6.0668951E-07,-0.010472
6.0673951E-07,-0.010463
6.0678951E-07,-0.010454
6.0683951E-07,-0.010445
6.0688951E-07,-0.010436
6.0693951E-07,-0.010427
6.0698951E-07,-0.010418
6.0703951E-07,-0.010409
6.0708951E-07,-0.010399
6.0713951E-07,-0.010390
6.0718951E-07,-0.010380
6.0723951E-07,-0.010370
6.0728951E-07,-0.010360
6.0733951E-07,-0.010350
6.0738951E-07,-0.010340
6.0743951E-07,-0.010331
6.0748951E-07,-0.010322
6.0753951E-07,-0.010314
6.0758951E-07,-0.010307
6.0763951E-07,-0.010301
6.0768951E-07,-0.010296
6.0773951E-07,-0.010292
6.0778951E-07,-0.010290
6.0783951E-07,-0.010289
6.0788951E-07,-0.010289
6.0793951E-07,-0.010291
6.0798951E-07,-0.010294
6.0803951E-07,-0.010299
6.0808951E-07,-0.010304
6.0813951E-07,-0.010311
6.0818951E-07,-0.010318
6.0823951E-07,-0.010325
6.0828951E-07,-0.010333
6.0833951E-07,-0.010342
6.0838951E-07,-0.010350
6.0843951E-07,-0.010359
6.0848951E-07,-0.010367
6.0853951E-07,-0.010375
6.0858951E-07,-0.010383
6.0863951E-07,-0.010391
6.0868951E-07,-0.010398
6.0873951E-07,-0.010405
6.0878951E-07,-0.010413
6.0883951E-07,-0.010420
6.0888951E-07,-0.010427
6.0893951E-07,-0.010434
6.0898951E-07,-0.010441
6.0903951E-07,-0.010448
6.0908951E-07,-0.010455
6.0913951E-07,-0.010461
6.0918951E-07,-0.010468
6.0923951E-07,-0.010475
6.0928951E-07,-0.010482
6.0933951E-07,-0.010488
6.0938951E-07,-0.010494
6.0943951E-07,-0.010500
6.0948951E-07,-0.010505
6.0953951E-07,-0.010510
6.0958951E-07,-0.010514
6.0963951E-07,-0.010517
6.0968951E-07,-0.010521
6.0973951E-07,-0.010524
6.0978951E-07,-0.010527
6.0983951E-07,-0.010529
6.0988951E-07,-0.010532
6.0993951E-07,-0.010535
6.0998951E-07,-0.010538
6.1003951E-07,-0.010542
6.1008951E-07,-0.010546
6.1013951E-07,-0.010551
6.1018951E-07,-0.010556
6.1023951E-07,-0.010562
6.1028951E-07,-0.010568
6.1033951E-07,-0.010575
6.1038951E-07,-0.010583
6.1043951E-07,-0.010590
6.1048951E-07,-0.010598
6.1053951E-07,-0.010605
6.1058951E-07,-0.010611
6.1063951E-07,-0.010617
6.1068951E-07,-0.010622
6.1073951E-07,-0.010626
6.1078951E-07,-0.010628
6.1083951E-07,-0.010629
6.1088951E-07,-0.010629
6.1093951E-07,-0.010627
6.1098951E-07,-0.010624
6.1103951E-07,-0.010620
6.1108951E-07,-0.010615
6.1113951E-07,-0.010609
6.1118951E-07,-0.010602
6.1123951E-07,-0.010596
6.1128951E-07,-0.010589
6.1133951E-07,-0.010583
6.1138951E-07,-0.010578
6.1143951E-07,-0.010574
6.1148951E-07,-0.010570
6.1153951E-07,-0.010568
6.1158951E-07,-0.010567
6.1163951E-07,-0.010568
6.1168951E-07,-0.010570
6.1173951E-07,-0.010574
6.1178951E-07,-0.010579
6.1183951E-07,-0.010584
6.1188951E-07,-0.010591
6.1193951E-07,-0.010599
6.1198951E-07,-0.010607
6.1203951E-07,-0.010615
6.1208951E-07,-0.010623
6.1213951E-07,-0.010630
6.1218951E-07,-0.010637
6.1223951E-07,-0.010644
6.1228951E-07,-0.010649
6.1233951E-07,-0.010653
6.1238951E-07,-0.010656
6.1243951E-07,-0.010657
6.1248951E-07,-0.010657
6.1253951E-07,-0.010655
6.1258951E-07,-0.010652
6.1263951E-07,-0.010648
6.1268951E-07,-0.010642
6.1273951E-07,-0.010636
6.1278951E-07,-0.010628
6.1283951E-07,-0.010619
6.1288951E-07,-0.010610
6.1293951E-07,-0.010600
6.1298951E-07,-0.010590
6.1303951E-07,-0.010579
6.1308951E-07,-0.010569
6.1313951E-07,-0.010559
6.1318951E-07,-0.010549
6.1323951E-07,-0.010539
6.1328951E-07,-0.010530
6.1333951E-07,-0.010522
6.1338951E-07,-0.010514
6.1343951E-07,-0.010506
6.1348951E-07,-0.010500
6.1353951E-07,-0.010494
6.1358951E-07,-0.010488
6.1363951E-07,-0.010483
6.1368951E-07,-0.010479
6.1373951E-07,-0.010475
6.1378951E-07,-0.010471
6.1383951E-07,-0.010468
6.1388951E-07,-0.010465
6.1393951E-07,-0.010462
6.1398951E-07,-0.010460
6.1403951E-07,-0.010458
6.1408951E-07,-0.010456
6.1413951E-07,-0.010455
6.1418951E-07,-0.010454
6.1423951E-07,-0.010454
6.1428951E-07,-0.010455
6.1433951E-07,-0.010456
6.1438951E-07,-0.010457
6.1443951E-07,-0.010460
6.1448951E-07,-0.010463
6.1453951E-07,-0.010467
6.1458951E-07,-0.010472
6.1463951E-07,-0.010477
6.1468951E-07,-0.010483
6.1473951E-07,-0.010489
6.1478951E-07,-0.010495
6.1483951E-07,-0.010501
6.1488951E-07,-0.010507
6.1493951E-07,-0.010512
6.1498951E-07,-0.010517
6.1503951E-07,-0.010521
6.1508951E-07,-0.010524
6.1513951E-07,-0.010526
6.1518951E-07,-0.010527
6.1523951E-07,-0.010527
6.1528951E-07,-0.010525
6.1533951E-07,-0.010523
6.1538951E-07,-0.010519
6.1543951E-07,-0.010515
6.1548951E-07,-0.010511
6.1553951E-07,-0.010505
6.1558951E-07,-0.010500
6.1563951E-07,-0.010495
6.1568951E-07,-0.010490
6.1573951E-07,-0.010485
6.1578951E-07,-0.010480
6.1583951E-07,-0.010477
6.1588951E-07,-0.010473
6.1593951E-07,-0.010471
6.1598951E-07,-0.010469
6.1603951E-07,-0.010468
6.1608951E-07,-0.010467
6.1613951E-07,-0.010466
6.1618951E-07,-0.010465
6.1623951E-07,-0.010465
6.1628951E-07,-0.010464
6.1633951E-07,-0.010464
6.1638951E-07,-0.010463
6.1643951E-07,-0.010461
6.1648951E-07,-0.010460
6.1653951E-07,-0.010458
6.1658951E-07,-0.010456
6.1663951E-07,-0.010454
6.1668951E-07,-0.010452
6.1673951E-07,-0.010450
6.1678951E-07,-0.010448
6.1683951E-07,-0.010446
6.1688951E-07,-0.010445
6.1693951E-07,-0.010445
6.1698951E-07,-0.010445
6.1703951E-07,-0.010446
6.1708951E-07,-0.010447
6.1713951E-07,-0.010449
6.1718951E-07,-0.010451
6.1723951E-07,-0.010453
6.1728951E-07,-0.010456
6.1733951E-07,-0.010458
6.1738951E-07,-0.010460
6.1743951E-07,-0.010462
6.1748951E-07,-0.010463
6.1753951E-07,-0.010463
6.1758951E-07,-0.010462
6.1763951E-07,-0.010460
6.1768951E-07,-0.010456
6.1773951E-07,-0.010452
6.1778951E-07,-0.010447
6.1783951E-07,-0.010441
6.1788951E-07,-0.010434
6.1793951E-07,-0.010427
6.1798951E-07,-0.010420
6.1803951E-07,-0.010412
6.1808951E-07,-0.010405
6.1813951E-07,-0.010399
6.1818951E-07,-0.010393
6.1823951E-07,-0.010389
6.1828951E-07,-0.010385
6.1833951E-07,-0.010383
6.1838951E-07,-0.010382
6.1843951E-07,-0.010383
6.1848951E-07,-0.010385
6.1853951E-07,-0.010388
6.1858951E-07,-0.010393
6.1863951E-07,-0.010398
6.1868951E-07,-0.010404
6.1873951E-07,-0.010411
6.1878951E-07,-0.010418
6.1883951E-07,-0.010426
6.1888951E-07,-0.010433
6.1893951E-07,-0.010440
6.1898951E-07,-0.010446
6.1903951E-07,-0.010452
6.1908951E-07,-0.010458
6.1913951E-07,-0.010462
6.1918951E-07,-0.010466
6.1923951E-07,-0.010469
6.1928951E-07,-0.010470
6.1933951E-07,-0.010471
6.1938951E-07,-0.010472
6.1943951E-07,-0.010471
6.1948951E-07,-0.010470
6.1953951E-07,-0.010468
6.1958951E-07,-0.010465
6.1963951E-07,-0.010463
6.1968951E-07,-0.010460
6.1973951E-07,-0.010457
6.1978951E-07,-0.010455
6.1983951E-07,-0.010452
6.1988951E-07,-0.010450
6.1993951E-07,-0.010448
6.1998951E-07,-0.010447
6.2003951E-07,-0.010446
6.2008951E-07,-0.010446
6.2013951E-07,-0.010447
6.2018951E-07,-0.010449
6.2023951E-07,-0.010451
6.2028951E-07,-0.010454
6.2033951E-07,-0.010457
6.2038951E-07,-0.010461
6.2043951E-07,-0.010466
6.2048951E-07,-0.010471
6.2053951E-07,-0.010476
6.2058951E-07,-0.010481
6.2063951E-07,-0.010485
6.2068951E-07,-0.010490
6.2073951E-07,-0.010495
6.2078951E-07,-0.010499
6.2083951E-07,-0.010502
6.2088951E-07,-0.010505
6.2093951E-07,-0.010508
6.2098951E-07,-0.010510
6.2103951E-07,-0.010511
6.2108951E-07,-0.010512
6.2113951E-07,-0.010511
6.2118951E-07,-0.010511
6.2123951E-07,-0.010510
6.2128951E-07,-0.010508
6.2133951E-07,-0.010506
6.2138951E-07,-0.010503
6.2143951E-07,-0.010499
6.2148951E-07,-0.010495
6.2153951E-07,-0.010491
6.2158951E-07,-0.010486
6.2163951E-07,-0.010480
6.2168951E-07,-0.010474
6.2173951E-07,-0.010467
6.2178951E-07,-0.010460
6.2183951E-07,-0.010451
6.2188951E-07,-0.010442
6.2193951E-07,-0.010433
6.2198951E-07,-0.010422
6.2203951E-07,-0.010411
6.2208951E-07,-0.010400
6.2213951E-07,-0.010389
6.2218951E-07,-0.010377
6.2223951E-07,-0.010366
6.2228951E-07,-0.010355
6.2233951E-07,-0.010344
6.2238951E-07,-0.010334
6.2243951E-07,-0.010325
6.2248951E-07,-0.010317
6.2253951E-07,-0.010310
6.2258951E-07,-0.010304
6.2263951E-07,-0.010300
6.2268951E-07,-0.010297
6.2273951E-07,-0.010296
6.2278951E-07,-0.010296
6.2283951E-07,-0.010297
6.2288951E-07,-0.010298
6.2293951E-07,-0.010301
6.2298951E-07,-0.010304
6.2303951E-07,-0.010307
6.2308951E-07,-0.010311
6.2313951E-07,-0.010314
6.2318951E-07,-0.010317
6.2323951E-07,-0.010320
6.2328951E-07,-0.010321
6.2333951E-07,-0.010322
6.2338951E-07,-0.010322
6.2343951E-07,-0.010322
6.2348951E-07,-0.010320
6.2353951E-07,-0.010318
6.2358951E-07,-0.010314
6.2363951E-07,-0.010311
6.2368951E-07,-0.010307
6.2373951E-07,-0.010303
6.2378951E-07,-0.010299
6.2383951E-07,-0.010295
6.2388951E-07,-0.010291
6.2393951E-07,-0.010288
6.2398951E-07,-0.010285
6.2403951E-07,-0.010283
6.2408951E-07,-0.010282
6.2413951E-07,-0.010281
6.2418951E-07,-0.010281
6.2423951E-07,-0.010281
6.2428951E-07,-0.010282
6.2433951E-07,-0.010283
6.2438951E-07,-0.010284
6.2443951E-07,-0.010285
6.2448951E-07,-0.010287
6.2453951E-07,-0.010288
6.2458951E-07,-0.010289
6.2463951E-07,-0.010290
6.2468951E-07,-0.010291
6.2473951E-07,-0.010292
6.2478951E-07,-0.010293
6.2483951E-07,-0.010294
6.2488951E-07,-0.010295
6.2493951E-07,-0.010296
6.2498951E-07,-0.010298
6.2503951E-07,-0.010299
6.2508951E-07,-0.010301
6.2513951E-07,-0.010303
6.2518951E-07,-0.010306
6.2523951E-07,-0.010309
6.2528951E-07,-0.010313
6.2533951E-07,-0.010317
6.2538951E-07,-0.010321
6.2543951E-07,-0.010326
6.2548951E-07,-0.010331
6.2553951E-07,-0.010335
6.2558951E-07,-0.010340
6.2563951E-07,-0.010345
6.2568951E-07,-0.010349
6.2573951E-07,-0.010354
6.2578951E-07,-0.010358
6.2583951E-07,-0.010361
6.2588951E-07,-0.010365
6.2593951E-07,-0.010368
6.2598951E-07,-0.010370
6.2603951E-07,-0.010373
6.2608951E-07,-0.010375
6.2613951E-07,-0.010377
6.2618951E-07,-0.010380
6.2623951E-07,-0.010382
6.2628951E-07,-0.010385
6.2633951E-07,-0.010388
6.2638951E-07,-0.010391
6.2643951E-07,-0.010395
6.2648951E-07,-0.010399
6.2653951E-07,-0.010404
6.2658951E-07,-0.010409
6.2663951E-07,-0.010415
6.2668951E-07,-0.010422
6.2673951E-07,-0.010429
6.2678951E-07,-0.010437
6.2683951E-07,-0.010445
6.2688951E-07,-0.010453
6.2693951E-07,-0.010461
6.2698951E-07,-0.010470
6.2703951E-07,-0.010479
6.2708951E-07,-0.010487
6.2713951E-07,-0.010495
6.2718951E-07,-0.010503
6.2723951E-07,-0.010511
6.2728951E-07,-0.010518
6.2733951E-07,-0.010524
6.2738951E-07,-0.010529
6.2743951E-07,-0.010534
6.2748951E-07,-0.010538
6.2753951E-07,-0.010541
6.2758951E-07,-0.010543
6.2763951E-07,-0.010545
6.2768951E-07,-0.010546
6.2773951E-07,-0.010546
6.2778951E-07,-0.010545
6.2783951E-07,-0.010544
6.2788951E-07,-0.010542
6.2793951E-07,-0.010541
6.2798951E-07,-0.010538
6.2803951E-07,-0.010536
6.2808951E-07,-0.010534
6.2813951E-07,-0.010532
6.2818951E-07,-0.010529
6.2823951E-07,-0.010527
6.2828951E-07,-0.010525
6.2833951E-07,-0.010523
6.2838951E-07,-0.010520
6.2843951E-07,-0.010518
6.2848951E-07,-0.010515
6.2853951E-07,-0.010512
6.2858951E-07,-0.010509
6.2863951E-07,-0.010505
6.2868951E-07,-0.010500
6.2873951E-07,-0.010495
6.2878951E-07,-0.010490
6.2883951E-07,-0.010484
6.2888951E-07,-0.010477
6.2893951E-07,-0.010470
6.2898951E-07,-0.010463
6.2903951E-07,-0.010455
6.2908951E-07,-0.010448
6.2913951E-07,-0.010441
6.2918951E-07,-0.010435
6.2923951E-07,-0.010429
6.2928951E-07,-0.010425
6.2933951E-07,-0.010421
6.2938951E-07,-0.010419
6.2943951E-07,-0.010417
6.2948951E-07,-0.010417
6.2953951E-07,-0.010419
6.2958951E-07,-0.010421
6.2963951E-07,-0.010425
6.2968951E-07,-0.010430
6.2973951E-07,-0.010435
6.2978951E-07,-0.010440
6.2983951E-07,-0.010446
6.2988951E-07,-0.010452
6.2993951E-07,-0.010458
6.2998951E-07,-0.010464
6.3003951E-07,-0.010469
6.3008951E-07,-0.010474
6.3013951E-07,-0.010478
6.3018951E-07,-0.010481
6.3023951E-07,-0.010484
6.3028951E-07,-0.010487
6.3033951E-07,-0.010489
6.3038951E-07,-0.010491
6.3043951E-07,-0.010494
6.3048951E-07,-0.010497
6.3053951E-07,-0.010500
6.3058951E-07,-0.010504
6.3063951E-07,-0.010509
6.3068951E-07,-0.010514
6.3073951E-07,-0.010520
6.3078951E-07,-0.010527
6.3083951E-07,-0.010535
6.3088951E-07,-0.010543
6.3093951E-07,-0.010551
6.3098951E-07,-0.010558
6.3103951E-07,-0.010566
6.3108951E-07,-0.010572
6.3113951E-07,-0.010578
6.3118951E-07,-0.010582
6.3123951E-07,-0.010584
6.3128951E-07,-0.010585
6.3133951E-07,-0.010584
6.3138951E-07,-0.010581
6.3143951E-07,-0.010576
6.3148951E-07,-0.010569
6.3153951E-07,-0.010560
6.3158951E-07,-0.010549
6.3163951E-07,-0.010537
6.3168951E-07,-0.010524
6.3173951E-07,-0.010509
6.3178951E-07,-0.010494
6.3183951E-07,-0.010479
6.3188951E-07,-0.010463
6.3193951E-07,-0.010447
6.3198951E-07,-0.010432
6.3203951E-07,-0.010416
6.3208951E-07,-0.010401
6.3213951E-07,-0.010387
6.3218951E-07,-0.010372
6.3223951E-07,-0.010358
6.3228951E-07,-0.010344
6.3233951E-07,-0.010331
6.3238951E-07,-0.010317
6.3243951E-07,-0.010303
6.3248951E-07,-0.010289
6.3253951E-07,-0.010275
6.3258951E-07,-0.010261
6.3263951E-07,-0.010246
6.3268951E-07,-0.010231
6.3273951E-07,-0.010216
6.3278951E-07,-0.010201
6.3283951E-07,-0.010186
6.3288951E-07,-0.010172
6.3293951E-07,-0.010158
6.3298951E-07,-0.010144
6.3303951E-07,-0.010131
6.3308951E-07,-0.010119
6.3313951E-07,-0.010108
6.3318951E-07,-0.010098
6.3323951E-07,-0.010089
6.3328951E-07,-0.010081
6.3333951E-07,-0.010074
6.3338951E-07,-0.010068
6.3343951E-07,-0.010063
6.3348951E-07,-0.010059
6.3353951E-07,-0.010056
6.3358951E-07,-0.010054
6.3363951E-07,-0.010052
6.3368951E-07,-0.010051
6.3373951E-07,-0.010051
6.3378951E-07,-0.010051
6.3383951E-07,-0.010051
6.3388951E-07,-0.010052
6.3393951E-07,-0.010053
6.3398951E-07,-0.010055
6.3403951E-07,-0.010057
6.3408951E-07,-0.010060
6.3413951E-07,-0.010064
6.3418951E-07,-0.010068
6.3423951E-07,-0.010074
6.3428951E-07,-0.010080
6.3433951E-07,-0.010087
6.3438951E-07,-0.010095
6.3443951E-07,-0.010104
6.3448951E-07,-0.010114
6.3453951E-07,-0.010125
6.3458951E-07,-0.010137
6.3463951E-07,-0.010149
6.3468951E-07,-0.010162
6.3473951E-07,-0.010175
6.3478951E-07,-0.010187
6.3483951E-07,-0.010200
6.3488951E-07,-0.010212
6.3493951E-07,-0.010224
6.3498951E-07,-0.010234
6.3503951E-07,-0.010244
6.3508951E-07,-0.010252
6.3513951E-07,-0.010258
6.3518951E-07,-0.010262
6.3523951E-07,-0.010264
6.3528951E-07,-0.010264
6.3533951E-07,-0.010261
6.3538951E-07,-0.010257
6.3543951E-07,-0.010250
6.3548951E-07,-0.010241
6.3553951E-07,-0.010230
6.3558951E-07,-0.010217
6.3563951E-07,-0.010202
6.3568951E-07,-0.010186
6.3573951E-07,-0.010169
6.3578951E-07,-0.010152
6.3583951E-07,-0.010134
6.3588951E-07,-0.010117
6.3593951E-07,-0.010100
6.3598951E-07,-0.010084
6.3603951E-07,-0.010069
6.3608951E-07,-0.010056
6.3613951E-07,-0.010045
6.3618951E-07,-0.010036
6.3623951E-07,-0.010029
6.3628951E-07,-0.010025
6.3633951E-07,-0.010022
6.3638951E-07,-0.010023
6.3643951E-07,-0.010025
6.3648951E-07,-0.010030
6.3653951E-07,-0.010036
6.3658951E-07,-0.010044
6.3663951E-07,-0.010053
6.3668951E-07,-0.010064
6.3673951E-07,-0.010075
6.3678951E-07,-0.010087
6.3683951E-07,-0.010099
6.3688951E-07,-0.010112
6.3693951E-07,-0.010124
6.3698951E-07,-0.010136
6.3703951E-07,-0.010148
6.3708951E-07,-0.010159
6.3713951E-07,-0.010170
6.3718951E-07,-0.010180
6.3723951E-07,-0.010189
6.3728951E-07,-0.010198
6.3733951E-07,-0.010206
6.3738951E-07,-0.010214
6.3743951E-07,-0.010221
6.3748951E-07,-0.010228
6.3753951E-07,-0.010234
6.3758951E-07,-0.010240
6.3763951E-07,-0.010245
6.3768951E-07,-0.010249
6.3773951E-07,-0.010252
6.3778951E-07,-0.010255
6.3783951E-07,-0.010257
6.3788951E-07,-0.010258
6.3793951E-07,-0.010258
6.3798951E-07,-0.010257
6.3803951E-07,-0.010255
6.3808951E-07,-0.010253
6.3813951E-07,-0.010250
6.3818951E-07,-0.010247
6.3823951E-07,-0.010244
6.3828951E-07,-0.010241
6.3833951E-07,-0.010238
6.3838951E-07,-0.010236
6.3843951E-07,-0.010235
6.3848951E-07,-0.010235
6.3853951E-07,-0.010236
6.3858951E-07,-0.010239
6.3863951E-07,-0.010244
6.3868951E-07,-0.010250
6.3873951E-07,-0.010258
6.3878951E-07,-0.010267
6.3883951E-07,-0.010278
6.3888951E-07,-0.010290
6.3893951E-07,-0.010303
6.3898951E-07,-0.010317
6.3903951E-07,-0.010331
6.3908951E-07,-0.010346
6.3913951E-07,-0.010360
6.3918951E-07,-0.010373
6.3923951E-07,-0.010385
6.3928951E-07,-0.010397
6.3933951E-07,-0.010407
6.3938951E-07,-0.010415
6.3943951E-07,-0.010422
6.3948951E-07,-0.010428
6.3953951E-07,-0.010432
6.3958951E-07,-0.010435
6.3963951E-07,-0.010437
6.3968951E-07,-0.010438
6.3973951E-07,-0.010439
6.3978951E-07,-0.010439
6.3983951E-07,-0.010439
6.3988951E-07,-0.010439
6.3993951E-07,-0.010440
6.3998951E-07,-0.010441
6.4003951E-07,-0.010443
6.4008951E-07,-0.010445
6.4013951E-07,-0.010449
6.4018951E-07,-0.010452
6.4023951E-07,-0.010457
6.4028951E-07,-0.010461
6.4033951E-07,-0.010466
6.4038951E-07,-0.010471
6.4043951E-07,-0.010476
6.4048951E-07,-0.010480
6.4053951E-07,-0.010484
6.4058951E-07,-0.010488
6.4063951E-07,-0.010491
6.4068951E-07,-0.010493
6.4073951E-07,-0.010494
6.4078951E-07,-0.010495
6.4083951E-07,-0.010495
6.4088951E-07,-0.010494
6.4093951E-07,-0.010494
6.4098951E-07,-0.010492
6.4103951E-07,-0.010491
6.4108951E-07,-0.010490
6.4113951E-07,-0.010489
6.4118951E-07,-0.010488
6.4123951E-07,-0.010488
6.4128951E-07,-0.010489
6.4133951E-07,-0.010489
6.4138951E-07,-0.010491
6.4143951E-07,-0.010493
6.4148951E-07,-0.010495
6.4153951E-07,-0.010498
6.4158951E-07,-0.010501
6.4163951E-07,-0.010504
6.4168951E-07,-0.010508
6.4173951E-07,-0.010511
6.4178951E-07,-0.010513
6.4183951E-07,-0.010516
6.4188951E-07,-0.010518
6.4193951E-07,-0.010519
6.4198951E-07,-0.010520
6.4203951E-07,-0.010521
6.4208951E-07,-0.010520
6.4213951E-07,-0.010519
6.4218951E-07,-0.010517
6.4223951E-07,-0.010515
6.4228951E-07,-0.010513
6.4233951E-07,-0.010510
6.4238951E-07,-0.010506
6.4243951E-07,-0.010503
6.4248951E-07,-0.010500
6.4253951E-07,-0.010496
6.4258951E-07,-0.010493
6.4263951E-07,-0.010490
6.4268951E-07,-0.010487
6.4273951E-07,-0.010484
6.4278951E-07,-0.010481
6.4283951E-07,-0.010479
6.4288951E-07,-0.010477
6.4293951E-07,-0.010475
6.4298951E-07,-0.010473
6.4303951E-07,-0.010470
6.4308951E-07,-0.010468
6.4313951E-07,-0.010465
6.4318951E-07,-0.010462
6.4323951E-07,-0.010458
6.4328951E-07,-0.010454
6.4333951E-07,-0.010448
6.4338951E-07,-0.010442
6.4343951E-07,-0.010436
6.4348951E-07,-0.010428
6.4353951E-07,-0.010419
6.4358951E-07,-0.010410
6.4363951E-07,-0.010400
6.4368951E-07,-0.010390
6.4373951E-07,-0.010379
6.4378951E-07,-0.010369
6.4383951E-07,-0.010359
6.4388951E-07,-0.010349
6.4393951E-07,-0.010340
6.4398951E-07,-0.010332
6.4403951E-07,-0.010325
6.4408951E-07,-0.010320
6.4413951E-07,-0.010316
6.4418951E-07,-0.010315
6.4423951E-07,-0.010315
6.4428951E-07,-0.010316
6.4433951E-07,-0.010320
6.4438951E-07,-0.010325
6.4443951E-07,-0.010331
6.4448951E-07,-0.010338
6.4453951E-07,-0.010346
6.4458951E-07,-0.010355
6.4463951E-07,-0.010364
6.4468951E-07,-0.010372
6.4473951E-07,-0.010380
6.4478951E-07,-0.010386
6.4483951E-07,-0.010392
6.4488951E-07,-0.010396
6.4493951E-07,-0.010399
6.4498951E-07,-0.010400
6.4503951E-07,-0.010399
6.4508951E-07,-0.010397
6.4513951E-07,-0.010393
6.4518951E-07,-0.010389
6.4523951E-07,-0.010384
6.4528951E-07,-0.010378
6.4533951E-07,-0.010371
6.4538951E-07,-0.010365
6.4543951E-07,-0.010360
6.4548951E-07,-0.010355
6.4553951E-07,-0.010350
6.4558951E-07,-0.010347
6.4563951E-07,-0.010345
6.4568951E-07,-0.010344
6.4573951E-07,-0.010343
6.4578951E-07,-0.010344
6.4583951E-07,-0.010346
6.4588951E-07,-0.010348
6.4593951E-07,-0.010350
6.4598951E-07,-0.010353
6.4603951E-07,-0.010355
6.4608951E-07,-0.010357
6.4613951E-07,-0.010359
6.4618951E-07,-0.010359
6.4623951E-07,-0.010359
6.4628951E-07,-0.010359
6.4633951E-07,-0.010357
6.4638951E-07,-0.010355
6.4643951E-07,-0.010353
6.4648951E-07,-0.010350
6.4653951E-07,-0.010346
6.4658951E-07,-0.010343
6.4663951E-07,-0.010340
6.4668951E-07,-0.010338
6.4673951E-07,-0.010336
6.4678951E-07,-0.010334
6.4683951E-07,-0.010334
6.4688951E-07,-0.010334
6.4693951E-07,-0.010335
6.4698951E-07,-0.010336
6.4703951E-07,-0.010338
6.4708951E-07,-0.010340
6.4713951E-07,-0.010343
6.4718951E-07,-0.010345
6.4723951E-07,-0.010347
6.4728951E-07,-0.010349
6.4733951E-07,-0.010350
6.4738951E-07,-0.010351
6.4743951E-07,-0.010351
6.4748951E-07,-0.010350
6.4753951E-07,-0.010348
6.4758951E-07,-0.010346
6.4763951E-07,-0.010344
6.4768951E-07,-0.010341
6.4773951E-07,-0.010338
6.4778951E-07,-0.010336
6.4783951E-07,-0.010333
6.4788951E-07,-0.010332
6.4793951E-07,-0.010331
6.4798951E-07,-0.010331
6.4803951E-07,-0.010332
6.4808951E-07,-0.010335
6.4813951E-07,-0.010338
6.4818951E-07,-0.010343
6.4823951E-07,-0.010348
6.4828951E-07,-0.010355
6.4833951E-07,-0.010362
6.4838951E-07,-0.010370
6.4843951E-07,-0.010378
6.4848951E-07,-0.010386
6.4853951E-07,-0.010394
6.4858951E-07,-0.010402
6.4863951E-07,-0.010409
6.4868951E-07,-0.010416
6.4873951E-07,-0.010422
6.4878951E-07,-0.010428
6.4883951E-07,-0.010433
6.4888951E-07,-0.010437
6.4893951E-07,-0.010442
6.4898951E-07,-0.010446
6.4903951E-07,-0.010449
6.4908951E-07,-0.010453
6.4913951E-07,-0.010458
6.4918951E-07,-0.010462
6.4923951E-07,-0.010467
6.4928951E-07,-0.010473
6.4933951E-07,-0.010480
6.4938951E-07,-0.010488
6.4943951E-07,-0.010496
6.4948951E-07,-0.010505
6.4953951E-07,-0.010516
6.4958951E-07,-0.010527
6.4963951E-07,-0.010538
6.4968951E-07,-0.010550
6.4973951E-07,-0.010562
6.4978951E-07,-0.010575
6.4983951E-07,-0.010587
6.4988951E-07,-0.010599
6.4993951E-07,-0.010611
6.4998951E-07,-0.010622
6.5003951E-07,-0.010632
6.5008951E-07,-0.010642
6.5013951E-07,-0.010650
6.5018951E-07,-0.010657
6.5023951E-07,-0.010663
6.5028951E-07,-0.010668
6.5033951E-07,-0.010671
6.5038951E-07,-0.010673
6.5043951E-07,-0.010674
6.5048951E-07,-0.010674
6.5053951E-07,-0.010673
6.5058951E-07,-0.010670
6.5063951E-07,-0.010668
6.5068951E-07,-0.010664
6.5073951E-07,-0.010660
6.5078951E-07,-0.010655
6.5083951E-07,-0.010651
6.5088951E-07,-0.010646
6.5093951E-07,-0.010641
6.5098951E-07,-0.010636
6.5103951E-07,-0.010632
6.5108951E-07,-0.010627
6.5113951E-07,-0.010623
6.5118951E-07,-0.010619
6.5123951E-07,-0.010615
6.5128951E-07,-0.010611
6.5133951E-07,-0.010608
6.5138951E-07,-0.010604
6.5143951E-07,-0.010601
6.5148951E-07,-0.010597
6.5153951E-07,-0.010594
6.5158951E-07,-0.010591
6.5163951E-07,-0.010587
6.5168951E-07,-0.010584
6.5173951E-07,-0.010581
6.5178951E-07,-0.010578
6.5183951E-07,-0.010575
6.5188951E-07,-0.010572
6.5193951E-07,-0.010570
6.5198951E-07,-0.010568
6.5203951E-07,-0.010566
6.5208951E-07,-0.010566
6.5213951E-07,-0.010565
6.5218951E-07,-0.010566
6.5223951E-07,-0.010567
6.5228951E-07,-0.010568
6.5233951E-07,-0.010569
6.5238951E-07,-0.010571
6.5243951E-07,-0.010573
6.5248951E-07,-0.010575
6.5253951E-07,-0.010576
6.5258951E-07,-0.010576
6.5263951E-07,-0.010576
6.5268951E-07,-0.010575
6.5273951E-07,-0.010572
6.5278951E-07,-0.010568
6.5283951E-07,-0.010563
6.5288951E-07,-0.010557
6.5293951E-07,-0.010549
6.5298951E-07,-0.010540
6.5303951E-07,-0.010530
6.5308951E-07,-0.010520
6.5313951E-07,-0.010510
6.5318951E-07,-0.010500
6.5323951E-07,-0.010491
6.5328951E-07,-0.010483
6.5333951E-07,-0.010477
6.5338951E-07,-0.010474
6.5343951E-07,-0.010475
6.5348951E-07,-0.010479
6.5353951E-07,-0.010487
6.5358951E-07,-0.010500
6.5363951E-07,-0.010519
6.5368951E-07,-0.010543
6.5373951E-07,-0.010572
6.5378951E-07,-0.010608
6.5383951E-07,-0.010650
6.5388951E-07,-0.010698
6.5393951E-07,-0.010752
6.5398951E-07,-0.010811
6.5403951E-07,-0.010876
6.5408951E-07,-0.010946
6.5413951E-07,-0.011021
6.5418951E-07,-0.011099
6.5423951E-07,-0.011181
6.5428951E-07,-0.011266
6.5433951E-07,-0.011352
6.5438951E-07,-0.011441
