LECROYWaveRunner‘N,20113,Waveform
Segments,1,SegmentSize,4002
Segment,TrigTime,TimeSinceSegment1
#1,12-Dec-2018 11:38:53,0                 
Time,Ampl
4.5690388E-07,-0.010380
4.5695388E-07,-0.010382
4.5700388E-07,-0.010381
4.5705388E-07,-0.010378
4.5710388E-07,-0.010372
4.5715388E-07,-0.010364
4.5720388E-07,-0.010353
4.5725388E-07,-0.010340
4.5730388E-07,-0.010325
4.5735388E-07,-0.010308
4.5740388E-07,-0.010289
4.5745388E-07,-0.010269
4.5750388E-07,-0.010248
4.5755388E-07,-0.010226
4.5760388E-07,-0.010204
4.5765388E-07,-0.010182
4.5770388E-07,-0.010160
4.5775388E-07,-0.010139
4.5780388E-07,-0.010118
4.5785388E-07,-0.010098
4.5790388E-07,-0.010080
4.5795388E-07,-0.010063
4.5800388E-07,-0.010047
4.5805388E-07,-0.010034
4.5810388E-07,-0.010022
4.5815388E-07,-0.010012
4.5820388E-07,-0.010004
4.5825388E-07,-0.009998
4.5830388E-07,-0.009994
4.5835388E-07,-0.009992
4.5840388E-07,-0.009991
4.5845388E-07,-0.009991
4.5850388E-07,-0.009993
4.5855388E-07,-0.009997
4.5860388E-07,-0.010001
4.5865388E-07,-0.010006
4.5870388E-07,-0.010012
4.5875388E-07,-0.010019
4.5880388E-07,-0.010026
4.5885388E-07,-0.010032
4.5890388E-07,-0.010039
4.5895388E-07,-0.010046
4.5900388E-07,-0.010052
4.5905388E-07,-0.010058
4.5910388E-07,-0.010063
4.5915388E-07,-0.010067
4.5920388E-07,-0.010071
4.5925388E-07,-0.010073
4.5930388E-07,-0.010074
4.5935388E-07,-0.010075
4.5940388E-07,-0.010074
4.5945388E-07,-0.010073
4.5950388E-07,-0.010071
4.5955388E-07,-0.010068
4.5960388E-07,-0.010064
4.5965388E-07,-0.010060
4.5970388E-07,-0.010055
4.5975388E-07,-0.010051
4.5980388E-07,-0.010046
4.5985388E-07,-0.010042
4.5990388E-07,-0.010039
4.5995388E-07,-0.010036
4.6000388E-07,-0.010034
4.6005388E-07,-0.010033
4.6010388E-07,-0.010033
4.6015388E-07,-0.010034
4.6020388E-07,-0.010037
4.6025388E-07,-0.010041
4.6030388E-07,-0.010047
4.6035388E-07,-0.010054
4.6040388E-07,-0.010062
4.6045388E-07,-0.010071
4.6050388E-07,-0.010081
4.6055388E-07,-0.010093
4.6060388E-07,-0.010105
4.6065388E-07,-0.010117
4.6070388E-07,-0.010131
4.6075388E-07,-0.010144
4.6080388E-07,-0.010157
4.6085388E-07,-0.010171
4.6090388E-07,-0.010184
4.6095388E-07,-0.010197
4.6100388E-07,-0.010210
4.6105388E-07,-0.010222
4.6110388E-07,-0.010233
4.6115388E-07,-0.010244
4.6120388E-07,-0.010254
4.6125388E-07,-0.010263
4.6130388E-07,-0.010272
4.6135388E-07,-0.010279
4.6140388E-07,-0.010286
4.6145388E-07,-0.010293
4.6150388E-07,-0.010298
4.6155388E-07,-0.010302
4.6160388E-07,-0.010306
4.6165388E-07,-0.010309
4.6170388E-07,-0.010311
4.6175388E-07,-0.010312
4.6180388E-07,-0.010313
4.6185388E-07,-0.010312
4.6190388E-07,-0.010311
4.6195388E-07,-0.010309
4.6200388E-07,-0.010306
4.6205388E-07,-0.010303
4.6210388E-07,-0.010299
4.6215388E-07,-0.010294
4.6220388E-07,-0.010289
4.6225388E-07,-0.010284
4.6230388E-07,-0.010279
4.6235388E-07,-0.010274
4.6240388E-07,-0.010269
4.6245388E-07,-0.010264
4.6250388E-07,-0.010259
4.6255388E-07,-0.010255
4.6260388E-07,-0.010252
4.6265388E-07,-0.010249
4.6270388E-07,-0.010247
4.6275388E-07,-0.010246
4.6280388E-07,-0.010246
4.6285388E-07,-0.010246
4.6290388E-07,-0.010248
4.6295388E-07,-0.010250
4.6300388E-07,-0.010253
4.6305388E-07,-0.010256
4.6310388E-07,-0.010260
4.6315388E-07,-0.010264
4.6320388E-07,-0.010268
4.6325388E-07,-0.010273
4.6330388E-07,-0.010277
4.6335388E-07,-0.010282
4.6340388E-07,-0.010286
4.6345388E-07,-0.010290
4.6350388E-07,-0.010293
4.6355388E-07,-0.010296
4.6360388E-07,-0.010298
4.6365388E-07,-0.010300
4.6370388E-07,-0.010302
4.6375388E-07,-0.010303
4.6380388E-07,-0.010303
4.6385388E-07,-0.010303
4.6390388E-07,-0.010303
4.6395388E-07,-0.010302
4.6400388E-07,-0.010302
4.6405388E-07,-0.010301
4.6410388E-07,-0.010300
4.6415388E-07,-0.010299
4.6420388E-07,-0.010299
4.6425388E-07,-0.010298
4.6430388E-07,-0.010297
4.6435388E-07,-0.010297
4.6440388E-07,-0.010296
4.6445388E-07,-0.010295
4.6450388E-07,-0.010295
4.6455388E-07,-0.010294
4.6460388E-07,-0.010293
4.6465388E-07,-0.010291
4.6470388E-07,-0.010290
4.6475388E-07,-0.010287
4.6480388E-07,-0.010284
4.6485388E-07,-0.010280
4.6490388E-07,-0.010275
4.6495388E-07,-0.010269
4.6500388E-07,-0.010262
4.6505388E-07,-0.010255
4.6510388E-07,-0.010246
4.6515388E-07,-0.010236
4.6520388E-07,-0.010226
4.6525388E-07,-0.010214
4.6530388E-07,-0.010202
4.6535388E-07,-0.010190
4.6540388E-07,-0.010178
4.6545388E-07,-0.010165
4.6550388E-07,-0.010153
4.6555388E-07,-0.010141
4.6560388E-07,-0.010130
4.6565388E-07,-0.010120
4.6570388E-07,-0.010111
4.6575388E-07,-0.010104
4.6580388E-07,-0.010098
4.6585388E-07,-0.010093
4.6590388E-07,-0.010091
4.6595388E-07,-0.010090
4.6600388E-07,-0.010091
4.6605388E-07,-0.010094
4.6610388E-07,-0.010099
4.6615388E-07,-0.010106
4.6620388E-07,-0.010114
4.6625388E-07,-0.010124
4.6630388E-07,-0.010136
4.6635388E-07,-0.010148
4.6640388E-07,-0.010162
4.6645388E-07,-0.010177
4.6650388E-07,-0.010192
4.6655388E-07,-0.010208
4.6660388E-07,-0.010224
4.6665388E-07,-0.010240
4.6670388E-07,-0.010256
4.6675388E-07,-0.010271
4.6680388E-07,-0.010286
4.6685388E-07,-0.010300
4.6690388E-07,-0.010313
4.6695388E-07,-0.010325
4.6700388E-07,-0.010336
4.6705388E-07,-0.010346
4.6710388E-07,-0.010354
4.6715388E-07,-0.010361
4.6720388E-07,-0.010366
4.6725388E-07,-0.010370
4.6730388E-07,-0.010372
4.6735388E-07,-0.010374
4.6740388E-07,-0.010373
4.6745388E-07,-0.010372
4.6750388E-07,-0.010370
4.6755388E-07,-0.010367
4.6760388E-07,-0.010363
4.6765388E-07,-0.010358
4.6770388E-07,-0.010353
4.6775388E-07,-0.010347
4.6780388E-07,-0.010342
4.6785388E-07,-0.010336
4.6790388E-07,-0.010330
4.6795388E-07,-0.010325
4.6800388E-07,-0.010319
4.6805388E-07,-0.010314
4.6810388E-07,-0.010309
4.6815388E-07,-0.010305
4.6820388E-07,-0.010301
4.6825388E-07,-0.010297
4.6830388E-07,-0.010293
4.6835388E-07,-0.010290
4.6840388E-07,-0.010286
4.6845388E-07,-0.010283
4.6850388E-07,-0.010279
4.6855388E-07,-0.010275
4.6860388E-07,-0.010272
4.6865388E-07,-0.010268
4.6870388E-07,-0.010264
4.6875388E-07,-0.010260
4.6880388E-07,-0.010255
4.6885388E-07,-0.010250
4.6890388E-07,-0.010246
4.6895388E-07,-0.010241
4.6900388E-07,-0.010236
4.6905388E-07,-0.010232
4.6910388E-07,-0.010227
4.6915388E-07,-0.010223
4.6920388E-07,-0.010219
4.6925388E-07,-0.010215
4.6930388E-07,-0.010212
4.6935388E-07,-0.010209
4.6940388E-07,-0.010208
4.6945388E-07,-0.010206
4.6950388E-07,-0.010206
4.6955388E-07,-0.010206
4.6960388E-07,-0.010207
4.6965388E-07,-0.010209
4.6970388E-07,-0.010212
4.6975388E-07,-0.010216
4.6980388E-07,-0.010221
4.6985388E-07,-0.010226
4.6990388E-07,-0.010232
4.6995388E-07,-0.010239
4.7000388E-07,-0.010247
4.7005388E-07,-0.010255
4.7010388E-07,-0.010263
4.7015388E-07,-0.010272
4.7020388E-07,-0.010282
4.7025388E-07,-0.010291
4.7030388E-07,-0.010300
4.7035388E-07,-0.010309
4.7040388E-07,-0.010318
4.7045388E-07,-0.010326
4.7050388E-07,-0.010334
4.7055388E-07,-0.010341
4.7060388E-07,-0.010347
4.7065388E-07,-0.010352
4.7070388E-07,-0.010356
4.7075388E-07,-0.010360
4.7080388E-07,-0.010362
4.7085388E-07,-0.010362
4.7090388E-07,-0.010362
4.7095388E-07,-0.010360
4.7100388E-07,-0.010358
4.7105388E-07,-0.010354
4.7110388E-07,-0.010349
4.7115388E-07,-0.010344
4.7120388E-07,-0.010337
4.7125388E-07,-0.010329
4.7130388E-07,-0.010321
4.7135388E-07,-0.010313
4.7140388E-07,-0.010304
4.7145388E-07,-0.010295
4.7150388E-07,-0.010285
4.7155388E-07,-0.010276
4.7160388E-07,-0.010267
4.7165388E-07,-0.010258
4.7170388E-07,-0.010249
4.7175388E-07,-0.010242
4.7180388E-07,-0.010235
4.7185388E-07,-0.010229
4.7190388E-07,-0.010224
4.7195388E-07,-0.010220
4.7200388E-07,-0.010218
4.7205388E-07,-0.010217
4.7210388E-07,-0.010217
4.7215388E-07,-0.010219
4.7220388E-07,-0.010222
4.7225388E-07,-0.010226
4.7230388E-07,-0.010232
4.7235388E-07,-0.010240
4.7240388E-07,-0.010248
4.7245388E-07,-0.010258
4.7250388E-07,-0.010268
4.7255388E-07,-0.010280
4.7260388E-07,-0.010292
4.7265388E-07,-0.010304
4.7270388E-07,-0.010317
4.7275388E-07,-0.010330
4.7280388E-07,-0.010343
4.7285388E-07,-0.010355
4.7290388E-07,-0.010367
4.7295388E-07,-0.010379
4.7300388E-07,-0.010390
4.7305388E-07,-0.010400
4.7310388E-07,-0.010410
4.7315388E-07,-0.010418
4.7320388E-07,-0.010426
4.7325388E-07,-0.010432
4.7330388E-07,-0.010437
4.7335388E-07,-0.010441
4.7340388E-07,-0.010444
4.7345388E-07,-0.010446
4.7350388E-07,-0.010446
4.7355388E-07,-0.010446
4.7360388E-07,-0.010444
4.7365388E-07,-0.010441
4.7370388E-07,-0.010438
4.7375388E-07,-0.010433
4.7380388E-07,-0.010427
4.7385388E-07,-0.010421
4.7390388E-07,-0.010414
4.7395388E-07,-0.010407
4.7400388E-07,-0.010398
4.7405388E-07,-0.010390
4.7410388E-07,-0.010381
4.7415388E-07,-0.010373
4.7420388E-07,-0.010364
4.7425388E-07,-0.010356
4.7430388E-07,-0.010348
4.7435388E-07,-0.010340
4.7440388E-07,-0.010333
4.7445388E-07,-0.010326
4.7450388E-07,-0.010321
4.7455388E-07,-0.010316
4.7460388E-07,-0.010312
4.7465388E-07,-0.010309
4.7470388E-07,-0.010307
4.7475388E-07,-0.010305
4.7480388E-07,-0.010305
4.7485388E-07,-0.010305
4.7490388E-07,-0.010306
4.7495388E-07,-0.010307
4.7500388E-07,-0.010309
4.7505388E-07,-0.010311
4.7510388E-07,-0.010313
4.7515388E-07,-0.010316
4.7520388E-07,-0.010317
4.7525388E-07,-0.010319
4.7530388E-07,-0.010320
4.7535388E-07,-0.010321
4.7540388E-07,-0.010321
4.7545388E-07,-0.010320
4.7550388E-07,-0.010319
4.7555388E-07,-0.010317
4.7560388E-07,-0.010314
4.7565388E-07,-0.010311
4.7570388E-07,-0.010307
4.7575388E-07,-0.010303
4.7580388E-07,-0.010299
4.7585388E-07,-0.010295
4.7590388E-07,-0.010290
4.7595388E-07,-0.010285
4.7600388E-07,-0.010280
4.7605388E-07,-0.010276
4.7610388E-07,-0.010271
4.7615388E-07,-0.010266
4.7620388E-07,-0.010261
4.7625388E-07,-0.010257
4.7630388E-07,-0.010252
4.7635388E-07,-0.010247
4.7640388E-07,-0.010242
4.7645388E-07,-0.010237
4.7650388E-07,-0.010232
4.7655388E-07,-0.010226
4.7660388E-07,-0.010220
4.7665388E-07,-0.010214
4.7670388E-07,-0.010208
4.7675388E-07,-0.010201
4.7680388E-07,-0.010195
4.7685388E-07,-0.010188
4.7690388E-07,-0.010182
4.7695388E-07,-0.010176
4.7700388E-07,-0.010171
4.7705388E-07,-0.010166
4.7710388E-07,-0.010162
4.7715388E-07,-0.010159
4.7720388E-07,-0.010157
4.7725388E-07,-0.010157
4.7730388E-07,-0.010157
4.7735388E-07,-0.010159
4.7740388E-07,-0.010162
4.7745388E-07,-0.010167
4.7750388E-07,-0.010172
4.7755388E-07,-0.010179
4.7760388E-07,-0.010188
4.7765388E-07,-0.010197
4.7770388E-07,-0.010207
4.7775388E-07,-0.010218
4.7780388E-07,-0.010229
4.7785388E-07,-0.010240
4.7790388E-07,-0.010252
4.7795388E-07,-0.010263
4.7800388E-07,-0.010275
4.7805388E-07,-0.010285
4.7810388E-07,-0.010295
4.7815388E-07,-0.010303
4.7820388E-07,-0.010311
4.7825388E-07,-0.010317
4.7830388E-07,-0.010322
4.7835388E-07,-0.010326
4.7840388E-07,-0.010328
4.7845388E-07,-0.010329
4.7850388E-07,-0.010329
4.7855388E-07,-0.010327
4.7860388E-07,-0.010325
4.7865388E-07,-0.010321
4.7870388E-07,-0.010317
4.7875388E-07,-0.010313
4.7880388E-07,-0.010308
4.7885388E-07,-0.010303
4.7890388E-07,-0.010298
4.7895388E-07,-0.010294
4.7900388E-07,-0.010290
4.7905388E-07,-0.010286
4.7910388E-07,-0.010283
4.7915388E-07,-0.010281
4.7920388E-07,-0.010280
4.7925388E-07,-0.010279
4.7930388E-07,-0.010279
4.7935388E-07,-0.010280
4.7940388E-07,-0.010281
4.7945388E-07,-0.010282
4.7950388E-07,-0.010284
4.7955388E-07,-0.010286
4.7960388E-07,-0.010287
4.7965388E-07,-0.010288
4.7970388E-07,-0.010288
4.7975388E-07,-0.010288
4.7980388E-07,-0.010288
4.7985388E-07,-0.010286
4.7990388E-07,-0.010284
4.7995388E-07,-0.010281
4.8000388E-07,-0.010277
4.8005388E-07,-0.010273
4.8010388E-07,-0.010268
4.8015388E-07,-0.010262
4.8020388E-07,-0.010257
4.8025388E-07,-0.010251
4.8030388E-07,-0.010245
4.8035388E-07,-0.010239
4.8040388E-07,-0.010234
4.8045388E-07,-0.010228
4.8050388E-07,-0.010223
4.8055388E-07,-0.010219
4.8060388E-07,-0.010215
4.8065388E-07,-0.010211
4.8070388E-07,-0.010208
4.8075388E-07,-0.010205
4.8080388E-07,-0.010201
4.8085388E-07,-0.010198
4.8090388E-07,-0.010195
4.8095388E-07,-0.010192
4.8100388E-07,-0.010188
4.8105388E-07,-0.010183
4.8110388E-07,-0.010179
4.8115388E-07,-0.010173
4.8120388E-07,-0.010167
4.8125388E-07,-0.010160
4.8130388E-07,-0.010153
4.8135388E-07,-0.010145
4.8140388E-07,-0.010137
4.8145388E-07,-0.010129
4.8150388E-07,-0.010120
4.8155388E-07,-0.010112
4.8160388E-07,-0.010104
4.8165388E-07,-0.010096
4.8170388E-07,-0.010089
4.8175388E-07,-0.010082
4.8180388E-07,-0.010077
4.8185388E-07,-0.010073
4.8190388E-07,-0.010070
4.8195388E-07,-0.010069
4.8200388E-07,-0.010069
4.8205388E-07,-0.010071
4.8210388E-07,-0.010075
4.8215388E-07,-0.010080
4.8220388E-07,-0.010086
4.8225388E-07,-0.010094
4.8230388E-07,-0.010104
4.8235388E-07,-0.010114
4.8240388E-07,-0.010126
4.8245388E-07,-0.010138
4.8250388E-07,-0.010151
4.8255388E-07,-0.010164
4.8260388E-07,-0.010177
4.8265388E-07,-0.010190
4.8270388E-07,-0.010202
4.8275388E-07,-0.010214
4.8280388E-07,-0.010224
4.8285388E-07,-0.010234
4.8290388E-07,-0.010242
4.8295388E-07,-0.010249
4.8300388E-07,-0.010254
4.8305388E-07,-0.010258
4.8310388E-07,-0.010260
4.8315388E-07,-0.010260
4.8320388E-07,-0.010259
4.8325388E-07,-0.010256
4.8330388E-07,-0.010252
4.8335388E-07,-0.010246
4.8340388E-07,-0.010240
4.8345388E-07,-0.010232
4.8350388E-07,-0.010225
4.8355388E-07,-0.010216
4.8360388E-07,-0.010208
4.8365388E-07,-0.010199
4.8370388E-07,-0.010190
4.8375388E-07,-0.010182
4.8380388E-07,-0.010175
4.8385388E-07,-0.010167
4.8390388E-07,-0.010161
4.8395388E-07,-0.010155
4.8400388E-07,-0.010151
4.8405388E-07,-0.010147
4.8410388E-07,-0.010144
4.8415388E-07,-0.010142
4.8420388E-07,-0.010141
4.8425388E-07,-0.010141
4.8430388E-07,-0.010142
4.8435388E-07,-0.010145
4.8440388E-07,-0.010148
4.8445388E-07,-0.010153
4.8450388E-07,-0.010158
4.8455388E-07,-0.010165
4.8460388E-07,-0.010173
4.8465388E-07,-0.010181
4.8470388E-07,-0.010191
4.8475388E-07,-0.010202
4.8480388E-07,-0.010213
4.8485388E-07,-0.010226
4.8490388E-07,-0.010239
4.8495388E-07,-0.010252
4.8500388E-07,-0.010266
4.8505388E-07,-0.010279
4.8510388E-07,-0.010293
4.8515388E-07,-0.010306
4.8520388E-07,-0.010319
4.8525388E-07,-0.010331
4.8530388E-07,-0.010343
4.8535388E-07,-0.010353
4.8540388E-07,-0.010362
4.8545388E-07,-0.010369
4.8550388E-07,-0.010376
4.8555388E-07,-0.010380
4.8560388E-07,-0.010383
4.8565388E-07,-0.010384
4.8570388E-07,-0.010384
4.8575388E-07,-0.010383
4.8580388E-07,-0.010380
4.8585388E-07,-0.010375
4.8590388E-07,-0.010370
4.8595388E-07,-0.010364
4.8600388E-07,-0.010357
4.8605388E-07,-0.010349
4.8610388E-07,-0.010340
4.8615388E-07,-0.010332
4.8620388E-07,-0.010323
4.8625388E-07,-0.010314
4.8630388E-07,-0.010305
4.8635388E-07,-0.010296
4.8640388E-07,-0.010287
4.8645388E-07,-0.010278
4.8650388E-07,-0.010270
4.8655388E-07,-0.010262
4.8660388E-07,-0.010254
4.8665388E-07,-0.010247
4.8670388E-07,-0.010240
4.8675388E-07,-0.010233
4.8680388E-07,-0.010227
4.8685388E-07,-0.010221
4.8690388E-07,-0.010216
4.8695388E-07,-0.010210
4.8700388E-07,-0.010206
4.8705388E-07,-0.010201
4.8710388E-07,-0.010197
4.8715388E-07,-0.010194
4.8720388E-07,-0.010190
4.8725388E-07,-0.010188
4.8730388E-07,-0.010185
4.8735388E-07,-0.010183
4.8740388E-07,-0.010182
4.8745388E-07,-0.010180
4.8750388E-07,-0.010179
4.8755388E-07,-0.010179
4.8760388E-07,-0.010179
4.8765388E-07,-0.010179
4.8770388E-07,-0.010179
4.8775388E-07,-0.010180
4.8780388E-07,-0.010181
4.8785388E-07,-0.010182
4.8790388E-07,-0.010184
4.8795388E-07,-0.010185
4.8800388E-07,-0.010187
4.8805388E-07,-0.010190
4.8810388E-07,-0.010192
4.8815388E-07,-0.010195
4.8820388E-07,-0.010198
4.8825388E-07,-0.010201
4.8830388E-07,-0.010205
4.8835388E-07,-0.010209
4.8840388E-07,-0.010213
4.8845388E-07,-0.010217
4.8850388E-07,-0.010222
4.8855388E-07,-0.010227
4.8860388E-07,-0.010231
4.8865388E-07,-0.010236
4.8870388E-07,-0.010241
4.8875388E-07,-0.010246
4.8880388E-07,-0.010250
4.8885388E-07,-0.010255
4.8890388E-07,-0.010259
4.8895388E-07,-0.010262
4.8900388E-07,-0.010265
4.8905388E-07,-0.010267
4.8910388E-07,-0.010268
4.8915388E-07,-0.010268
4.8920388E-07,-0.010268
4.8925388E-07,-0.010266
4.8930388E-07,-0.010264
4.8935388E-07,-0.010261
4.8940388E-07,-0.010256
4.8945388E-07,-0.010251
4.8950388E-07,-0.010245
4.8955388E-07,-0.010239
4.8960388E-07,-0.010231
4.8965388E-07,-0.010223
4.8970388E-07,-0.010215
4.8975388E-07,-0.010206
4.8980388E-07,-0.010198
4.8985388E-07,-0.010189
4.8990388E-07,-0.010181
4.8995388E-07,-0.010173
4.9000388E-07,-0.010165
4.9005388E-07,-0.010158
4.9010388E-07,-0.010152
4.9015388E-07,-0.010147
4.9020388E-07,-0.010144
4.9025388E-07,-0.010141
4.9030388E-07,-0.010140
4.9035388E-07,-0.010139
4.9040388E-07,-0.010141
4.9045388E-07,-0.010143
4.9050388E-07,-0.010147
4.9055388E-07,-0.010152
4.9060388E-07,-0.010159
4.9065388E-07,-0.010166
4.9070388E-07,-0.010175
4.9075388E-07,-0.010185
4.9080388E-07,-0.010195
4.9085388E-07,-0.010206
4.9090388E-07,-0.010218
4.9095388E-07,-0.010230
4.9100388E-07,-0.010243
4.9105388E-07,-0.010256
4.9110388E-07,-0.010269
4.9115388E-07,-0.010282
4.9120388E-07,-0.010295
4.9125388E-07,-0.010308
4.9130388E-07,-0.010320
4.9135388E-07,-0.010333
4.9140388E-07,-0.010345
4.9145388E-07,-0.010358
4.9150388E-07,-0.010370
4.9155388E-07,-0.010382
4.9160388E-07,-0.010394
4.9165388E-07,-0.010406
4.9170388E-07,-0.010419
4.9175388E-07,-0.010432
4.9180388E-07,-0.010445
4.9185388E-07,-0.010459
4.9190388E-07,-0.010474
4.9195388E-07,-0.010489
4.9200388E-07,-0.010505
4.9205388E-07,-0.010523
4.9210388E-07,-0.010541
4.9215388E-07,-0.010561
4.9220388E-07,-0.010582
4.9225388E-07,-0.010605
4.9230388E-07,-0.010629
4.9235388E-07,-0.010654
4.9240388E-07,-0.010682
4.9245388E-07,-0.010710
4.9250388E-07,-0.010741
4.9255388E-07,-0.010773
4.9260388E-07,-0.010806
4.9265388E-07,-0.010842
4.9270388E-07,-0.010878
4.9275388E-07,-0.010917
4.9280388E-07,-0.010957
4.9285388E-07,-0.010999
4.9290388E-07,-0.011043
4.9295388E-07,-0.011089
4.9300388E-07,-0.011136
4.9305388E-07,-0.011186
4.9310388E-07,-0.011237
4.9315388E-07,-0.011291
4.9320388E-07,-0.011346
4.9325388E-07,-0.011404
4.9330388E-07,-0.011465
4.9335388E-07,-0.011527
4.9340388E-07,-0.011593
4.9345388E-07,-0.011661
4.9350388E-07,-0.011732
4.9355388E-07,-0.011806
4.9360388E-07,-0.011883
4.9365388E-07,-0.011964
4.9370388E-07,-0.012047
4.9375388E-07,-0.012134
4.9380388E-07,-0.012224
4.9385388E-07,-0.012317
4.9390388E-07,-0.012414
4.9395388E-07,-0.012514
4.9400388E-07,-0.012617
4.9405388E-07,-0.012723
4.9410388E-07,-0.012832
4.9415388E-07,-0.012944
4.9420388E-07,-0.013058
4.9425388E-07,-0.013174
4.9430388E-07,-0.013293
4.9435388E-07,-0.013414
4.9440388E-07,-0.013536
4.9445388E-07,-0.013659
4.9450388E-07,-0.013784
4.9455388E-07,-0.013909
4.9460388E-07,-0.014035
4.9465388E-07,-0.014162
4.9470388E-07,-0.014288
4.9475388E-07,-0.014415
4.9480388E-07,-0.014541
4.9485388E-07,-0.014667
4.9490388E-07,-0.014792
4.9495388E-07,-0.014916
4.9500388E-07,-0.015039
4.9505388E-07,-0.015162
4.9510388E-07,-0.015283
4.9515388E-07,-0.015403
4.9520388E-07,-0.015521
4.9525388E-07,-0.015638
4.9530388E-07,-0.015752
4.9535388E-07,-0.015865
4.9540388E-07,-0.015976
4.9545388E-07,-0.016085
4.9550388E-07,-0.016191
4.9555388E-07,-0.016294
4.9560388E-07,-0.016395
4.9565388E-07,-0.016492
4.9570388E-07,-0.016587
4.9575388E-07,-0.016678
4.9580388E-07,-0.016767
4.9585388E-07,-0.016851
4.9590388E-07,-0.016932
4.9595388E-07,-0.017010
4.9600388E-07,-0.017084
4.9605388E-07,-0.017154
4.9610388E-07,-0.017221
4.9615388E-07,-0.017285
4.9620388E-07,-0.017344
4.9625388E-07,-0.017401
4.9630388E-07,-0.017454
4.9635388E-07,-0.017503
4.9640388E-07,-0.017550
4.9645388E-07,-0.017593
4.9650388E-07,-0.017632
4.9655388E-07,-0.017669
4.9660388E-07,-0.017702
4.9665388E-07,-0.017733
4.9670388E-07,-0.017760
4.9675388E-07,-0.017784
4.9680388E-07,-0.017804
4.9685388E-07,-0.017822
4.9690388E-07,-0.017836
4.9695388E-07,-0.017848
4.9700388E-07,-0.017856
4.9705388E-07,-0.017861
4.9710388E-07,-0.017863
4.9715388E-07,-0.017862
4.9720388E-07,-0.017858
4.9725388E-07,-0.017851
4.9730388E-07,-0.017842
4.9735388E-07,-0.017829
4.9740388E-07,-0.017814
4.9745388E-07,-0.017796
4.9750388E-07,-0.017776
4.9755388E-07,-0.017752
4.9760388E-07,-0.017727
4.9765388E-07,-0.017699
4.9770388E-07,-0.017668
4.9775388E-07,-0.017635
4.9780388E-07,-0.017599
4.9785388E-07,-0.017561
4.9790388E-07,-0.017521
4.9795388E-07,-0.017478
4.9800388E-07,-0.017433
4.9805388E-07,-0.017386
4.9810388E-07,-0.017337
4.9815388E-07,-0.017285
4.9820388E-07,-0.017232
4.9825388E-07,-0.017177
4.9830388E-07,-0.017121
4.9835388E-07,-0.017063
4.9840388E-07,-0.017004
4.9845388E-07,-0.016944
4.9850388E-07,-0.016884
4.9855388E-07,-0.016823
4.9860388E-07,-0.016762
4.9865388E-07,-0.016701
4.9870388E-07,-0.016641
4.9875388E-07,-0.016582
4.9880388E-07,-0.016523
4.9885388E-07,-0.016465
4.9890388E-07,-0.016409
4.9895388E-07,-0.016354
4.9900388E-07,-0.016300
4.9905388E-07,-0.016248
4.9910388E-07,-0.016198
4.9915388E-07,-0.016149
4.9920388E-07,-0.016102
4.9925388E-07,-0.016057
4.9930388E-07,-0.016013
4.9935388E-07,-0.015971
4.9940388E-07,-0.015931
4.9945388E-07,-0.015892
4.9950388E-07,-0.015854
4.9955388E-07,-0.015818
4.9960388E-07,-0.015783
4.9965388E-07,-0.015749
4.9970388E-07,-0.015716
4.9975388E-07,-0.015684
4.9980388E-07,-0.015652
4.9985388E-07,-0.015621
4.9990388E-07,-0.015591
4.9995388E-07,-0.015560
5.0000388E-07,-0.015529
5.0005388E-07,-0.015499
5.0010388E-07,-0.015468
5.0015388E-07,-0.015437
5.0020388E-07,-0.015405
5.0025388E-07,-0.015373
5.0030388E-07,-0.015340
5.0035388E-07,-0.015307
5.0040388E-07,-0.015273
5.0045388E-07,-0.015239
5.0050388E-07,-0.015204
5.0055388E-07,-0.015169
5.0060388E-07,-0.015133
5.0065388E-07,-0.015096
5.0070388E-07,-0.015060
5.0075388E-07,-0.015023
5.0080388E-07,-0.014987
5.0085388E-07,-0.014950
5.0090388E-07,-0.014913
5.0095388E-07,-0.014877
5.0100388E-07,-0.014841
5.0105388E-07,-0.014805
5.0110388E-07,-0.014770
5.0115388E-07,-0.014735
5.0120388E-07,-0.014700
5.0125388E-07,-0.014666
5.0130388E-07,-0.014632
5.0135388E-07,-0.014599
5.0140388E-07,-0.014565
5.0145388E-07,-0.014532
5.0150388E-07,-0.014499
5.0155388E-07,-0.014466
5.0160388E-07,-0.014432
5.0165388E-07,-0.014399
5.0170388E-07,-0.014365
5.0175388E-07,-0.014330
5.0180388E-07,-0.014296
5.0185388E-07,-0.014261
5.0190388E-07,-0.014225
5.0195388E-07,-0.014189
5.0200388E-07,-0.014152
5.0205388E-07,-0.014114
5.0210388E-07,-0.014076
5.0215388E-07,-0.014037
5.0220388E-07,-0.013998
5.0225388E-07,-0.013958
5.0230388E-07,-0.013917
5.0235388E-07,-0.013876
5.0240388E-07,-0.013834
5.0245388E-07,-0.013791
5.0250388E-07,-0.013748
5.0255388E-07,-0.013705
5.0260388E-07,-0.013661
5.0265388E-07,-0.013617
5.0270388E-07,-0.013572
5.0275388E-07,-0.013527
5.0280388E-07,-0.013482
5.0285388E-07,-0.013436
5.0290388E-07,-0.013390
5.0295388E-07,-0.013345
5.0300388E-07,-0.013299
5.0305388E-07,-0.013253
5.0310388E-07,-0.013207
5.0315388E-07,-0.013162
5.0320388E-07,-0.013116
5.0325388E-07,-0.013071
5.0330388E-07,-0.013026
5.0335388E-07,-0.012981
5.0340388E-07,-0.012936
5.0345388E-07,-0.012891
5.0350388E-07,-0.012847
5.0355388E-07,-0.012802
5.0360388E-07,-0.012758
5.0365388E-07,-0.012714
5.0370388E-07,-0.012671
5.0375388E-07,-0.012627
5.0380388E-07,-0.012584
5.0385388E-07,-0.012541
5.0390388E-07,-0.012499
5.0395388E-07,-0.012457
5.0400388E-07,-0.012416
5.0405388E-07,-0.012375
5.0410388E-07,-0.012336
5.0415388E-07,-0.012297
5.0420388E-07,-0.012259
5.0425388E-07,-0.012223
5.0430388E-07,-0.012188
5.0435388E-07,-0.012154
5.0440388E-07,-0.012122
5.0445388E-07,-0.012092
5.0450388E-07,-0.012063
5.0455388E-07,-0.012036
5.0460388E-07,-0.012011
5.0465388E-07,-0.011988
5.0470388E-07,-0.011967
5.0475388E-07,-0.011948
5.0480388E-07,-0.011931
5.0485388E-07,-0.011916
5.0490388E-07,-0.011902
5.0495388E-07,-0.011891
5.0500388E-07,-0.011881
5.0505388E-07,-0.011874
5.0510388E-07,-0.011868
5.0515388E-07,-0.011864
5.0520388E-07,-0.011861
5.0525388E-07,-0.011861
5.0530388E-07,-0.011862
5.0535388E-07,-0.011866
5.0540388E-07,-0.011871
5.0545388E-07,-0.011878
5.0550388E-07,-0.011886
5.0555388E-07,-0.011897
5.0560388E-07,-0.011909
5.0565388E-07,-0.011923
5.0570388E-07,-0.011938
5.0575388E-07,-0.011954
5.0580388E-07,-0.011972
5.0585388E-07,-0.011991
5.0590388E-07,-0.012011
5.0595388E-07,-0.012031
5.0600388E-07,-0.012051
5.0605388E-07,-0.012072
5.0610388E-07,-0.012092
5.0615388E-07,-0.012113
5.0620388E-07,-0.012132
5.0625388E-07,-0.012151
5.0630388E-07,-0.012169
5.0635388E-07,-0.012186
5.0640388E-07,-0.012202
5.0645388E-07,-0.012216
5.0650388E-07,-0.012230
5.0655388E-07,-0.012242
5.0660388E-07,-0.012253
5.0665388E-07,-0.012264
5.0670388E-07,-0.012273
5.0675388E-07,-0.012282
5.0680388E-07,-0.012290
5.0685388E-07,-0.012298
5.0690388E-07,-0.012305
5.0695388E-07,-0.012312
5.0700388E-07,-0.012319
5.0705388E-07,-0.012327
5.0710388E-07,-0.012334
5.0715388E-07,-0.012342
5.0720388E-07,-0.012349
5.0725388E-07,-0.012357
5.0730388E-07,-0.012366
5.0735388E-07,-0.012374
5.0740388E-07,-0.012383
5.0745388E-07,-0.012391
5.0750388E-07,-0.012400
5.0755388E-07,-0.012408
5.0760388E-07,-0.012417
5.0765388E-07,-0.012425
5.0770388E-07,-0.012432
5.0775388E-07,-0.012439
5.0780388E-07,-0.012446
5.0785388E-07,-0.012452
5.0790388E-07,-0.012457
5.0795388E-07,-0.012461
5.0800388E-07,-0.012464
5.0805388E-07,-0.012466
5.0810388E-07,-0.012467
5.0815388E-07,-0.012466
5.0820388E-07,-0.012463
5.0825388E-07,-0.012459
5.0830388E-07,-0.012452
5.0835388E-07,-0.012444
5.0840388E-07,-0.012433
5.0845388E-07,-0.012421
5.0850388E-07,-0.012406
5.0855388E-07,-0.012388
5.0860388E-07,-0.012369
5.0865388E-07,-0.012347
5.0870388E-07,-0.012323
5.0875388E-07,-0.012297
5.0880388E-07,-0.012269
5.0885388E-07,-0.012239
5.0890388E-07,-0.012208
5.0895388E-07,-0.012175
5.0900388E-07,-0.012142
5.0905388E-07,-0.012107
5.0910388E-07,-0.012073
5.0915388E-07,-0.012038
5.0920388E-07,-0.012003
5.0925388E-07,-0.011969
5.0930388E-07,-0.011936
5.0935388E-07,-0.011903
5.0940388E-07,-0.011872
5.0945388E-07,-0.011843
5.0950388E-07,-0.011815
5.0955388E-07,-0.011788
5.0960388E-07,-0.011764
5.0965388E-07,-0.011742
5.0970388E-07,-0.011721
5.0975388E-07,-0.011703
5.0980388E-07,-0.011687
5.0985388E-07,-0.011672
5.0990388E-07,-0.011660
5.0995388E-07,-0.011649
5.1000388E-07,-0.011641
5.1005388E-07,-0.011633
5.1010388E-07,-0.011628
5.1015388E-07,-0.011623
5.1020388E-07,-0.011620
5.1025388E-07,-0.011618
5.1030388E-07,-0.011618
5.1035388E-07,-0.011617
5.1040388E-07,-0.011618
5.1045388E-07,-0.011620
5.1050388E-07,-0.011622
5.1055388E-07,-0.011624
5.1060388E-07,-0.011627
5.1065388E-07,-0.011631
5.1070388E-07,-0.011635
5.1075388E-07,-0.011639
5.1080388E-07,-0.011644
5.1085388E-07,-0.011649
5.1090388E-07,-0.011655
5.1095388E-07,-0.011661
5.1100388E-07,-0.011667
5.1105388E-07,-0.011674
5.1110388E-07,-0.011681
5.1115388E-07,-0.011688
5.1120388E-07,-0.011695
5.1125388E-07,-0.011702
5.1130388E-07,-0.011709
5.1135388E-07,-0.011715
5.1140388E-07,-0.011721
5.1145388E-07,-0.011726
5.1150388E-07,-0.011730
5.1155388E-07,-0.011732
5.1160388E-07,-0.011734
5.1165388E-07,-0.011734
5.1170388E-07,-0.011732
5.1175388E-07,-0.011728
5.1180388E-07,-0.011723
5.1185388E-07,-0.011715
5.1190388E-07,-0.011706
5.1195388E-07,-0.011695
5.1200388E-07,-0.011682
5.1205388E-07,-0.011667
5.1210388E-07,-0.011651
5.1215388E-07,-0.011634
5.1220388E-07,-0.011616
5.1225388E-07,-0.011597
5.1230388E-07,-0.011577
5.1235388E-07,-0.011557
5.1240388E-07,-0.011538
5.1245388E-07,-0.011518
5.1250388E-07,-0.011499
5.1255388E-07,-0.011480
5.1260388E-07,-0.011461
5.1265388E-07,-0.011444
5.1270388E-07,-0.011427
5.1275388E-07,-0.011411
5.1280388E-07,-0.011395
5.1285388E-07,-0.011380
5.1290388E-07,-0.011366
5.1295388E-07,-0.011352
5.1300388E-07,-0.011339
5.1305388E-07,-0.011326
5.1310388E-07,-0.011314
5.1315388E-07,-0.011301
5.1320388E-07,-0.011289
5.1325388E-07,-0.011276
5.1330388E-07,-0.011264
5.1335388E-07,-0.011252
5.1340388E-07,-0.011240
5.1345388E-07,-0.011228
5.1350388E-07,-0.011215
5.1355388E-07,-0.011203
5.1360388E-07,-0.011191
5.1365388E-07,-0.011179
5.1370388E-07,-0.011167
5.1375388E-07,-0.011155
5.1380388E-07,-0.011144
5.1385388E-07,-0.011132
5.1390388E-07,-0.011120
5.1395388E-07,-0.011108
5.1400388E-07,-0.011096
5.1405388E-07,-0.011084
5.1410388E-07,-0.011072
5.1415388E-07,-0.011060
5.1420388E-07,-0.011048
5.1425388E-07,-0.011035
5.1430388E-07,-0.011022
5.1435388E-07,-0.011010
5.1440388E-07,-0.010997
5.1445388E-07,-0.010984
5.1450388E-07,-0.010971
5.1455388E-07,-0.010959
5.1460388E-07,-0.010947
5.1465388E-07,-0.010935
5.1470388E-07,-0.010924
5.1475388E-07,-0.010913
5.1480388E-07,-0.010903
5.1485388E-07,-0.010894
5.1490388E-07,-0.010885
5.1495388E-07,-0.010877
5.1500388E-07,-0.010870
5.1505388E-07,-0.010864
5.1510388E-07,-0.010859
5.1515388E-07,-0.010854
5.1520388E-07,-0.010850
5.1525388E-07,-0.010846
5.1530388E-07,-0.010843
5.1535388E-07,-0.010841
5.1540388E-07,-0.010838
5.1545388E-07,-0.010836
5.1550388E-07,-0.010835
5.1555388E-07,-0.010833
5.1560388E-07,-0.010831
5.1565388E-07,-0.010830
5.1570388E-07,-0.010828
5.1575388E-07,-0.010826
5.1580388E-07,-0.010824
5.1585388E-07,-0.010822
5.1590388E-07,-0.010819
5.1595388E-07,-0.010816
5.1600388E-07,-0.010813
5.1605388E-07,-0.010809
5.1610388E-07,-0.010805
5.1615388E-07,-0.010801
5.1620388E-07,-0.010796
5.1625388E-07,-0.010790
5.1630388E-07,-0.010784
5.1635388E-07,-0.010778
5.1640388E-07,-0.010772
5.1645388E-07,-0.010766
5.1650388E-07,-0.010759
5.1655388E-07,-0.010753
5.1660388E-07,-0.010748
5.1665388E-07,-0.010743
5.1670388E-07,-0.010740
5.1675388E-07,-0.010737
5.1680388E-07,-0.010736
5.1685388E-07,-0.010737
5.1690388E-07,-0.010740
5.1695388E-07,-0.010744
5.1700388E-07,-0.010751
5.1705388E-07,-0.010761
5.1710388E-07,-0.010772
5.1715388E-07,-0.010786
5.1720388E-07,-0.010803
5.1725388E-07,-0.010821
5.1730388E-07,-0.010841
5.1735388E-07,-0.010862
5.1740388E-07,-0.010885
5.1745388E-07,-0.010909
5.1750388E-07,-0.010933
5.1755388E-07,-0.010958
5.1760388E-07,-0.010982
5.1765388E-07,-0.011006
5.1770388E-07,-0.011028
5.1775388E-07,-0.011050
5.1780388E-07,-0.011069
5.1785388E-07,-0.011087
5.1790388E-07,-0.011103
5.1795388E-07,-0.011117
5.1800388E-07,-0.011129
5.1805388E-07,-0.011138
5.1810388E-07,-0.011145
5.1815388E-07,-0.011149
5.1820388E-07,-0.011152
5.1825388E-07,-0.011152
5.1830388E-07,-0.011150
5.1835388E-07,-0.011147
5.1840388E-07,-0.011142
5.1845388E-07,-0.011136
5.1850388E-07,-0.011129
5.1855388E-07,-0.011121
5.1860388E-07,-0.011112
5.1865388E-07,-0.011102
5.1870388E-07,-0.011092
5.1875388E-07,-0.011082
5.1880388E-07,-0.011072
5.1885388E-07,-0.011061
5.1890388E-07,-0.011051
5.1895388E-07,-0.011040
5.1900388E-07,-0.011030
5.1905388E-07,-0.011020
5.1910388E-07,-0.011010
5.1915388E-07,-0.011000
5.1920388E-07,-0.010991
5.1925388E-07,-0.010982
5.1930388E-07,-0.010973
5.1935388E-07,-0.010964
5.1940388E-07,-0.010955
5.1945388E-07,-0.010947
5.1950388E-07,-0.010939
5.1955388E-07,-0.010931
5.1960388E-07,-0.010922
5.1965388E-07,-0.010914
5.1970388E-07,-0.010907
5.1975388E-07,-0.010899
5.1980388E-07,-0.010892
5.1985388E-07,-0.010884
5.1990388E-07,-0.010878
5.1995388E-07,-0.010871
5.2000388E-07,-0.010865
5.2005388E-07,-0.010860
5.2010388E-07,-0.010855
5.2015388E-07,-0.010852
5.2020388E-07,-0.010849
5.2025388E-07,-0.010847
5.2030388E-07,-0.010846
5.2035388E-07,-0.010846
5.2040388E-07,-0.010848
5.2045388E-07,-0.010850
5.2050388E-07,-0.010854
5.2055388E-07,-0.010859
5.2060388E-07,-0.010865
5.2065388E-07,-0.010871
5.2070388E-07,-0.010879
5.2075388E-07,-0.010887
5.2080388E-07,-0.010895
5.2085388E-07,-0.010904
5.2090388E-07,-0.010913
5.2095388E-07,-0.010922
5.2100388E-07,-0.010931
5.2105388E-07,-0.010939
5.2110388E-07,-0.010947
5.2115388E-07,-0.010953
5.2120388E-07,-0.010959
5.2125388E-07,-0.010965
5.2130388E-07,-0.010969
5.2135388E-07,-0.010972
5.2140388E-07,-0.010974
5.2145388E-07,-0.010976
5.2150388E-07,-0.010976
5.2155388E-07,-0.010975
5.2160388E-07,-0.010974
5.2165388E-07,-0.010972
5.2170388E-07,-0.010970
5.2175388E-07,-0.010967
5.2180388E-07,-0.010964
5.2185388E-07,-0.010960
5.2190388E-07,-0.010956
5.2195388E-07,-0.010953
5.2200388E-07,-0.010948
5.2205388E-07,-0.010944
5.2210388E-07,-0.010940
5.2215388E-07,-0.010936
5.2220388E-07,-0.010931
5.2225388E-07,-0.010927
5.2230388E-07,-0.010922
5.2235388E-07,-0.010917
5.2240388E-07,-0.010911
5.2245388E-07,-0.010905
5.2250388E-07,-0.010899
5.2255388E-07,-0.010891
5.2260388E-07,-0.010883
5.2265388E-07,-0.010874
5.2270388E-07,-0.010864
5.2275388E-07,-0.010853
5.2280388E-07,-0.010841
5.2285388E-07,-0.010828
5.2290388E-07,-0.010813
5.2295388E-07,-0.010797
5.2300388E-07,-0.010780
5.2305388E-07,-0.010762
5.2310388E-07,-0.010742
5.2315388E-07,-0.010722
5.2320388E-07,-0.010700
5.2325388E-07,-0.010678
5.2330388E-07,-0.010655
5.2335388E-07,-0.010632
5.2340388E-07,-0.010608
5.2345388E-07,-0.010585
5.2350388E-07,-0.010562
5.2355388E-07,-0.010540
5.2360388E-07,-0.010518
5.2365388E-07,-0.010498
5.2370388E-07,-0.010478
5.2375388E-07,-0.010461
5.2380388E-07,-0.010444
5.2385388E-07,-0.010430
5.2390388E-07,-0.010417
5.2395388E-07,-0.010407
5.2400388E-07,-0.010398
5.2405388E-07,-0.010391
5.2410388E-07,-0.010386
5.2415388E-07,-0.010382
5.2420388E-07,-0.010380
5.2425388E-07,-0.010379
5.2430388E-07,-0.010379
5.2435388E-07,-0.010381
5.2440388E-07,-0.010383
5.2445388E-07,-0.010385
5.2450388E-07,-0.010388
5.2455388E-07,-0.010391
5.2460388E-07,-0.010395
5.2465388E-07,-0.010398
5.2470388E-07,-0.010401
5.2475388E-07,-0.010405
5.2480388E-07,-0.010408
5.2485388E-07,-0.010411
5.2490388E-07,-0.010414
5.2495388E-07,-0.010416
5.2500388E-07,-0.010419
5.2505388E-07,-0.010422
5.2510388E-07,-0.010425
5.2515388E-07,-0.010428
5.2520388E-07,-0.010431
5.2525388E-07,-0.010434
5.2530388E-07,-0.010438
5.2535388E-07,-0.010442
5.2540388E-07,-0.010445
5.2545388E-07,-0.010449
5.2550388E-07,-0.010453
5.2555388E-07,-0.010456
5.2560388E-07,-0.010460
5.2565388E-07,-0.010463
5.2570388E-07,-0.010466
5.2575388E-07,-0.010469
5.2580388E-07,-0.010472
5.2585388E-07,-0.010474
5.2590388E-07,-0.010476
5.2595388E-07,-0.010477
5.2600388E-07,-0.010479
5.2605388E-07,-0.010480
5.2610388E-07,-0.010480
5.2615388E-07,-0.010481
5.2620388E-07,-0.010481
5.2625388E-07,-0.010482
5.2630388E-07,-0.010483
5.2635388E-07,-0.010483
5.2640388E-07,-0.010485
5.2645388E-07,-0.010486
5.2650388E-07,-0.010488
5.2655388E-07,-0.010490
5.2660388E-07,-0.010493
5.2665388E-07,-0.010496
5.2670388E-07,-0.010500
5.2675388E-07,-0.010505
5.2680388E-07,-0.010510
5.2685388E-07,-0.010517
5.2690388E-07,-0.010524
5.2695388E-07,-0.010533
5.2700388E-07,-0.010542
5.2705388E-07,-0.010552
5.2710388E-07,-0.010563
5.2715388E-07,-0.010576
5.2720388E-07,-0.010589
5.2725388E-07,-0.010604
5.2730388E-07,-0.010619
5.2735388E-07,-0.010635
5.2740388E-07,-0.010652
5.2745388E-07,-0.010669
5.2750388E-07,-0.010686
5.2755388E-07,-0.010703
5.2760388E-07,-0.010721
5.2765388E-07,-0.010737
5.2770388E-07,-0.010753
5.2775388E-07,-0.010768
5.2780388E-07,-0.010782
5.2785388E-07,-0.010795
5.2790388E-07,-0.010806
5.2795388E-07,-0.010816
5.2800388E-07,-0.010824
5.2805388E-07,-0.010830
5.2810388E-07,-0.010834
5.2815388E-07,-0.010837
5.2820388E-07,-0.010839
5.2825388E-07,-0.010839
5.2830388E-07,-0.010838
5.2835388E-07,-0.010836
5.2840388E-07,-0.010833
5.2845388E-07,-0.010830
5.2850388E-07,-0.010827
5.2855388E-07,-0.010824
5.2860388E-07,-0.010821
5.2865388E-07,-0.010818
5.2870388E-07,-0.010816
5.2875388E-07,-0.010814
5.2880388E-07,-0.010813
5.2885388E-07,-0.010813
5.2890388E-07,-0.010813
5.2895388E-07,-0.010814
5.2900388E-07,-0.010816
5.2905388E-07,-0.010819
5.2910388E-07,-0.010822
5.2915388E-07,-0.010826
5.2920388E-07,-0.010830
5.2925388E-07,-0.010834
5.2930388E-07,-0.010839
5.2935388E-07,-0.010844
5.2940388E-07,-0.010849
5.2945388E-07,-0.010854
5.2950388E-07,-0.010859
5.2955388E-07,-0.010863
5.2960388E-07,-0.010868
5.2965388E-07,-0.010872
5.2970388E-07,-0.010876
5.2975388E-07,-0.010879
5.2980388E-07,-0.010882
5.2985388E-07,-0.010884
5.2990388E-07,-0.010885
5.2995388E-07,-0.010885
5.3000388E-07,-0.010884
5.3005388E-07,-0.010882
5.3010388E-07,-0.010879
5.3015388E-07,-0.010875
5.3020388E-07,-0.010870
5.3025388E-07,-0.010864
5.3030388E-07,-0.010857
5.3035388E-07,-0.010849
5.3040388E-07,-0.010841
5.3045388E-07,-0.010832
5.3050388E-07,-0.010822
5.3055388E-07,-0.010813
5.3060388E-07,-0.010803
5.3065388E-07,-0.010793
5.3070388E-07,-0.010784
5.3075388E-07,-0.010775
5.3080388E-07,-0.010767
5.3085388E-07,-0.010759
5.3090388E-07,-0.010752
5.3095388E-07,-0.010746
5.3100388E-07,-0.010740
5.3105388E-07,-0.010735
5.3110388E-07,-0.010730
5.3115388E-07,-0.010727
5.3120388E-07,-0.010724
5.3125388E-07,-0.010721
5.3130388E-07,-0.010718
5.3135388E-07,-0.010716
5.3140388E-07,-0.010715
5.3145388E-07,-0.010713
5.3150388E-07,-0.010712
5.3155388E-07,-0.010710
5.3160388E-07,-0.010709
5.3165388E-07,-0.010708
5.3170388E-07,-0.010707
5.3175388E-07,-0.010706
5.3180388E-07,-0.010705
5.3185388E-07,-0.010703
5.3190388E-07,-0.010702
5.3195388E-07,-0.010701
5.3200388E-07,-0.010699
5.3205388E-07,-0.010698
5.3210388E-07,-0.010696
5.3215388E-07,-0.010694
5.3220388E-07,-0.010692
5.3225388E-07,-0.010689
5.3230388E-07,-0.010686
5.3235388E-07,-0.010682
5.3240388E-07,-0.010678
5.3245388E-07,-0.010673
5.3250388E-07,-0.010668
5.3255388E-07,-0.010661
5.3260388E-07,-0.010655
5.3265388E-07,-0.010647
5.3270388E-07,-0.010639
5.3275388E-07,-0.010631
5.3280388E-07,-0.010622
5.3285388E-07,-0.010613
5.3290388E-07,-0.010604
5.3295388E-07,-0.010594
5.3300388E-07,-0.010585
5.3305388E-07,-0.010575
5.3310388E-07,-0.010566
5.3315388E-07,-0.010557
5.3320388E-07,-0.010548
5.3325388E-07,-0.010540
5.3330388E-07,-0.010532
5.3335388E-07,-0.010524
5.3340388E-07,-0.010517
5.3345388E-07,-0.010510
5.3350388E-07,-0.010503
5.3355388E-07,-0.010497
5.3360388E-07,-0.010490
5.3365388E-07,-0.010484
5.3370388E-07,-0.010478
5.3375388E-07,-0.010473
5.3380388E-07,-0.010467
5.3385388E-07,-0.010462
5.3390388E-07,-0.010458
5.3395388E-07,-0.010453
5.3400388E-07,-0.010449
5.3405388E-07,-0.010446
5.3410388E-07,-0.010443
5.3415388E-07,-0.010440
5.3420388E-07,-0.010438
5.3425388E-07,-0.010437
5.3430388E-07,-0.010436
5.3435388E-07,-0.010435
5.3440388E-07,-0.010435
5.3445388E-07,-0.010436
5.3450388E-07,-0.010436
5.3455388E-07,-0.010437
5.3460388E-07,-0.010438
5.3465388E-07,-0.010439
5.3470388E-07,-0.010440
5.3475388E-07,-0.010441
5.3480388E-07,-0.010441
5.3485388E-07,-0.010441
5.3490388E-07,-0.010441
5.3495388E-07,-0.010441
5.3500388E-07,-0.010440
5.3505388E-07,-0.010438
5.3510388E-07,-0.010437
5.3515388E-07,-0.010435
5.3520388E-07,-0.010434
5.3525388E-07,-0.010432
5.3530388E-07,-0.010430
5.3535388E-07,-0.010429
5.3540388E-07,-0.010428
5.3545388E-07,-0.010428
5.3550388E-07,-0.010427
5.3555388E-07,-0.010428
5.3560388E-07,-0.010429
5.3565388E-07,-0.010430
5.3570388E-07,-0.010432
5.3575388E-07,-0.010435
5.3580388E-07,-0.010438
5.3585388E-07,-0.010441
5.3590388E-07,-0.010444
5.3595388E-07,-0.010448
5.3600388E-07,-0.010453
5.3605388E-07,-0.010457
5.3610388E-07,-0.010462
5.3615388E-07,-0.010467
5.3620388E-07,-0.010472
5.3625388E-07,-0.010477
5.3630388E-07,-0.010482
5.3635388E-07,-0.010488
5.3640388E-07,-0.010493
5.3645388E-07,-0.010499
5.3650388E-07,-0.010506
5.3655388E-07,-0.010512
5.3660388E-07,-0.010519
5.3665388E-07,-0.010525
5.3670388E-07,-0.010532
5.3675388E-07,-0.010539
5.3680388E-07,-0.010546
5.3685388E-07,-0.010552
5.3690388E-07,-0.010559
5.3695388E-07,-0.010565
5.3700388E-07,-0.010570
5.3705388E-07,-0.010576
5.3710388E-07,-0.010580
5.3715388E-07,-0.010584
5.3720388E-07,-0.010588
5.3725388E-07,-0.010591
5.3730388E-07,-0.010593
5.3735388E-07,-0.010595
5.3740388E-07,-0.010597
5.3745388E-07,-0.010598
5.3750388E-07,-0.010598
5.3755388E-07,-0.010599
5.3760388E-07,-0.010600
5.3765388E-07,-0.010600
5.3770388E-07,-0.010601
5.3775388E-07,-0.010602
5.3780388E-07,-0.010603
5.3785388E-07,-0.010605
5.3790388E-07,-0.010607
5.3795388E-07,-0.010610
5.3800388E-07,-0.010613
5.3805388E-07,-0.010617
5.3810388E-07,-0.010621
5.3815388E-07,-0.010625
5.3820388E-07,-0.010630
5.3825388E-07,-0.010635
5.3830388E-07,-0.010641
5.3835388E-07,-0.010646
5.3840388E-07,-0.010651
5.3845388E-07,-0.010657
5.3850388E-07,-0.010662
5.3855388E-07,-0.010667
5.3860388E-07,-0.010672
5.3865388E-07,-0.010677
5.3870388E-07,-0.010682
5.3875388E-07,-0.010686
5.3880388E-07,-0.010690
5.3885388E-07,-0.010693
5.3890388E-07,-0.010697
5.3895388E-07,-0.010699
5.3900388E-07,-0.010702
5.3905388E-07,-0.010704
5.3910388E-07,-0.010706
5.3915388E-07,-0.010708
5.3920388E-07,-0.010709
5.3925388E-07,-0.010710
5.3930388E-07,-0.010711
5.3935388E-07,-0.010711
5.3940388E-07,-0.010712
5.3945388E-07,-0.010713
5.3950388E-07,-0.010713
5.3955388E-07,-0.010714
5.3960388E-07,-0.010714
5.3965388E-07,-0.010715
5.3970388E-07,-0.010717
5.3975388E-07,-0.010718
5.3980388E-07,-0.010720
5.3985388E-07,-0.010723
5.3990388E-07,-0.010726
5.3995388E-07,-0.010729
5.4000388E-07,-0.010732
5.4005388E-07,-0.010736
5.4010388E-07,-0.010741
5.4015388E-07,-0.010745
5.4020388E-07,-0.010749
5.4025388E-07,-0.010753
5.4030388E-07,-0.010756
5.4035388E-07,-0.010760
5.4040388E-07,-0.010762
5.4045388E-07,-0.010763
5.4050388E-07,-0.010764
5.4055388E-07,-0.010763
5.4060388E-07,-0.010761
5.4065388E-07,-0.010758
5.4070388E-07,-0.010753
5.4075388E-07,-0.010747
5.4080388E-07,-0.010740
5.4085388E-07,-0.010731
5.4090388E-07,-0.010721
5.4095388E-07,-0.010710
5.4100388E-07,-0.010698
5.4105388E-07,-0.010685
5.4110388E-07,-0.010672
5.4115388E-07,-0.010658
5.4120388E-07,-0.010643
5.4125388E-07,-0.010628
5.4130388E-07,-0.010613
5.4135388E-07,-0.010598
5.4140388E-07,-0.010584
5.4145388E-07,-0.010569
5.4150388E-07,-0.010554
5.4155388E-07,-0.010540
5.4160388E-07,-0.010525
5.4165388E-07,-0.010512
5.4170388E-07,-0.010498
5.4175388E-07,-0.010485
5.4180388E-07,-0.010473
5.4185388E-07,-0.010461
5.4190388E-07,-0.010449
5.4195388E-07,-0.010438
5.4200388E-07,-0.010428
5.4205388E-07,-0.010418
5.4210388E-07,-0.010410
5.4215388E-07,-0.010402
5.4220388E-07,-0.010395
5.4225388E-07,-0.010389
5.4230388E-07,-0.010384
5.4235388E-07,-0.010380
5.4240388E-07,-0.010376
5.4245388E-07,-0.010374
5.4250388E-07,-0.010372
5.4255388E-07,-0.010371
5.4260388E-07,-0.010371
5.4265388E-07,-0.010371
5.4270388E-07,-0.010372
5.4275388E-07,-0.010372
5.4280388E-07,-0.010373
5.4285388E-07,-0.010375
5.4290388E-07,-0.010376
5.4295388E-07,-0.010377
5.4300388E-07,-0.010378
5.4305388E-07,-0.010379
5.4310388E-07,-0.010381
5.4315388E-07,-0.010382
5.4320388E-07,-0.010384
5.4325388E-07,-0.010386
5.4330388E-07,-0.010388
5.4335388E-07,-0.010390
5.4340388E-07,-0.010393
5.4345388E-07,-0.010397
5.4350388E-07,-0.010401
5.4355388E-07,-0.010405
5.4360388E-07,-0.010411
5.4365388E-07,-0.010417
5.4370388E-07,-0.010424
5.4375388E-07,-0.010431
5.4380388E-07,-0.010440
5.4385388E-07,-0.010448
5.4390388E-07,-0.010458
5.4395388E-07,-0.010468
5.4400388E-07,-0.010478
5.4405388E-07,-0.010489
5.4410388E-07,-0.010500
5.4415388E-07,-0.010511
5.4420388E-07,-0.010523
5.4425388E-07,-0.010534
5.4430388E-07,-0.010546
5.4435388E-07,-0.010558
5.4440388E-07,-0.010570
5.4445388E-07,-0.010582
5.4450388E-07,-0.010594
5.4455388E-07,-0.010606
5.4460388E-07,-0.010617
5.4465388E-07,-0.010628
5.4470388E-07,-0.010638
5.4475388E-07,-0.010647
5.4480388E-07,-0.010655
5.4485388E-07,-0.010661
5.4490388E-07,-0.010667
5.4495388E-07,-0.010671
5.4500388E-07,-0.010673
5.4505388E-07,-0.010673
5.4510388E-07,-0.010671
5.4515388E-07,-0.010668
5.4520388E-07,-0.010662
5.4525388E-07,-0.010655
5.4530388E-07,-0.010645
5.4535388E-07,-0.010634
5.4540388E-07,-0.010621
5.4545388E-07,-0.010606
5.4550388E-07,-0.010590
5.4555388E-07,-0.010573
5.4560388E-07,-0.010555
5.4565388E-07,-0.010537
5.4570388E-07,-0.010518
5.4575388E-07,-0.010500
5.4580388E-07,-0.010481
5.4585388E-07,-0.010463
5.4590388E-07,-0.010445
5.4595388E-07,-0.010428
5.4600388E-07,-0.010411
5.4605388E-07,-0.010396
5.4610388E-07,-0.010381
5.4615388E-07,-0.010368
5.4620388E-07,-0.010355
5.4625388E-07,-0.010344
5.4630388E-07,-0.010333
5.4635388E-07,-0.010324
5.4640388E-07,-0.010316
5.4645388E-07,-0.010309
5.4650388E-07,-0.010302
5.4655388E-07,-0.010297
5.4660388E-07,-0.010293
5.4665388E-07,-0.010290
5.4670388E-07,-0.010287
5.4675388E-07,-0.010286
5.4680388E-07,-0.010286
5.4685388E-07,-0.010287
5.4690388E-07,-0.010289
5.4695388E-07,-0.010291
5.4700388E-07,-0.010295
5.4705388E-07,-0.010300
5.4710388E-07,-0.010305
5.4715388E-07,-0.010311
5.4720388E-07,-0.010318
5.4725388E-07,-0.010325
5.4730388E-07,-0.010334
5.4735388E-07,-0.010342
5.4740388E-07,-0.010351
5.4745388E-07,-0.010361
5.4750388E-07,-0.010371
5.4755388E-07,-0.010381
5.4760388E-07,-0.010391
5.4765388E-07,-0.010402
5.4770388E-07,-0.010414
5.4775388E-07,-0.010425
5.4780388E-07,-0.010437
5.4785388E-07,-0.010449
5.4790388E-07,-0.010461
5.4795388E-07,-0.010474
5.4800388E-07,-0.010487
5.4805388E-07,-0.010500
5.4810388E-07,-0.010513
5.4815388E-07,-0.010526
5.4820388E-07,-0.010539
5.4825388E-07,-0.010552
5.4830388E-07,-0.010565
5.4835388E-07,-0.010577
5.4840388E-07,-0.010589
5.4845388E-07,-0.010600
5.4850388E-07,-0.010611
5.4855388E-07,-0.010621
5.4860388E-07,-0.010630
5.4865388E-07,-0.010638
5.4870388E-07,-0.010646
5.4875388E-07,-0.010652
5.4880388E-07,-0.010658
5.4885388E-07,-0.010663
5.4890388E-07,-0.010667
5.4895388E-07,-0.010671
5.4900388E-07,-0.010673
5.4905388E-07,-0.010675
5.4910388E-07,-0.010677
5.4915388E-07,-0.010678
5.4920388E-07,-0.010678
5.4925388E-07,-0.010677
5.4930388E-07,-0.010677
5.4935388E-07,-0.010675
5.4940388E-07,-0.010673
5.4945388E-07,-0.010670
5.4950388E-07,-0.010667
5.4955388E-07,-0.010662
5.4960388E-07,-0.010657
5.4965388E-07,-0.010652
5.4970388E-07,-0.010646
5.4975388E-07,-0.010638
5.4980388E-07,-0.010631
5.4985388E-07,-0.010622
5.4990388E-07,-0.010613
5.4995388E-07,-0.010604
5.5000388E-07,-0.010593
5.5005388E-07,-0.010583
5.5010388E-07,-0.010572
5.5015388E-07,-0.010560
5.5020388E-07,-0.010549
5.5025388E-07,-0.010537
5.5030388E-07,-0.010524
5.5035388E-07,-0.010512
5.5040388E-07,-0.010499
5.5045388E-07,-0.010486
5.5050388E-07,-0.010472
5.5055388E-07,-0.010459
5.5060388E-07,-0.010445
5.5065388E-07,-0.010430
5.5070388E-07,-0.010416
5.5075388E-07,-0.010400
5.5080388E-07,-0.010385
5.5085388E-07,-0.010369
5.5090388E-07,-0.010353
5.5095388E-07,-0.010337
5.5100388E-07,-0.010321
5.5105388E-07,-0.010305
5.5110388E-07,-0.010290
5.5115388E-07,-0.010274
5.5120388E-07,-0.010260
5.5125388E-07,-0.010246
5.5130388E-07,-0.010232
5.5135388E-07,-0.010220
5.5140388E-07,-0.010209
5.5145388E-07,-0.010199
5.5150388E-07,-0.010190
5.5155388E-07,-0.010182
5.5160388E-07,-0.010176
5.5165388E-07,-0.010170
5.5170388E-07,-0.010166
5.5175388E-07,-0.010162
5.5180388E-07,-0.010160
5.5185388E-07,-0.010157
5.5190388E-07,-0.010156
5.5195388E-07,-0.010155
5.5200388E-07,-0.010154
5.5205388E-07,-0.010153
5.5210388E-07,-0.010153
5.5215388E-07,-0.010152
5.5220388E-07,-0.010152
5.5225388E-07,-0.010152
5.5230388E-07,-0.010151
5.5235388E-07,-0.010151
5.5240388E-07,-0.010151
5.5245388E-07,-0.010152
5.5250388E-07,-0.010152
5.5255388E-07,-0.010153
5.5260388E-07,-0.010154
5.5265388E-07,-0.010155
5.5270388E-07,-0.010157
5.5275388E-07,-0.010159
5.5280388E-07,-0.010161
5.5285388E-07,-0.010164
5.5290388E-07,-0.010166
5.5295388E-07,-0.010168
5.5300388E-07,-0.010171
5.5305388E-07,-0.010173
5.5310388E-07,-0.010175
5.5315388E-07,-0.010176
5.5320388E-07,-0.010177
5.5325388E-07,-0.010178
5.5330388E-07,-0.010178
5.5335388E-07,-0.010178
5.5340388E-07,-0.010177
5.5345388E-07,-0.010176
5.5350388E-07,-0.010175
5.5355388E-07,-0.010174
5.5360388E-07,-0.010173
5.5365388E-07,-0.010172
5.5370388E-07,-0.010170
5.5375388E-07,-0.010169
5.5380388E-07,-0.010169
5.5385388E-07,-0.010168
5.5390388E-07,-0.010168
5.5395388E-07,-0.010168
5.5400388E-07,-0.010168
5.5405388E-07,-0.010168
5.5410388E-07,-0.010168
5.5415388E-07,-0.010168
5.5420388E-07,-0.010168
5.5425388E-07,-0.010167
5.5430388E-07,-0.010166
5.5435388E-07,-0.010165
5.5440388E-07,-0.010162
5.5445388E-07,-0.010160
5.5450388E-07,-0.010156
5.5455388E-07,-0.010153
5.5460388E-07,-0.010148
5.5465388E-07,-0.010143
5.5470388E-07,-0.010138
5.5475388E-07,-0.010133
5.5480388E-07,-0.010128
5.5485388E-07,-0.010122
5.5490388E-07,-0.010118
5.5495388E-07,-0.010113
5.5500388E-07,-0.010110
5.5505388E-07,-0.010107
5.5510388E-07,-0.010104
5.5515388E-07,-0.010103
5.5520388E-07,-0.010103
5.5525388E-07,-0.010104
5.5530388E-07,-0.010105
5.5535388E-07,-0.010108
5.5540388E-07,-0.010111
5.5545388E-07,-0.010115
5.5550388E-07,-0.010120
5.5555388E-07,-0.010125
5.5560388E-07,-0.010131
5.5565388E-07,-0.010137
5.5570388E-07,-0.010143
5.5575388E-07,-0.010149
5.5580388E-07,-0.010155
5.5585388E-07,-0.010161
5.5590388E-07,-0.010167
5.5595388E-07,-0.010173
5.5600388E-07,-0.010179
5.5605388E-07,-0.010184
5.5610388E-07,-0.010189
5.5615388E-07,-0.010194
5.5620388E-07,-0.010198
5.5625388E-07,-0.010203
5.5630388E-07,-0.010207
5.5635388E-07,-0.010211
5.5640388E-07,-0.010215
5.5645388E-07,-0.010218
5.5650388E-07,-0.010222
5.5655388E-07,-0.010226
5.5660388E-07,-0.010230
5.5665388E-07,-0.010234
5.5670388E-07,-0.010238
5.5675388E-07,-0.010242
5.5680388E-07,-0.010246
5.5685388E-07,-0.010251
5.5690388E-07,-0.010256
5.5695388E-07,-0.010261
5.5700388E-07,-0.010267
5.5705388E-07,-0.010273
5.5710388E-07,-0.010279
5.5715388E-07,-0.010286
5.5720388E-07,-0.010293
5.5725388E-07,-0.010300
5.5730388E-07,-0.010307
5.5735388E-07,-0.010315
5.5740388E-07,-0.010323
5.5745388E-07,-0.010331
5.5750388E-07,-0.010338
5.5755388E-07,-0.010346
5.5760388E-07,-0.010353
5.5765388E-07,-0.010360
5.5770388E-07,-0.010367
5.5775388E-07,-0.010374
5.5780388E-07,-0.010380
5.5785388E-07,-0.010385
5.5790388E-07,-0.010391
5.5795388E-07,-0.010396
5.5800388E-07,-0.010400
5.5805388E-07,-0.010405
5.5810388E-07,-0.010409
5.5815388E-07,-0.010413
5.5820388E-07,-0.010417
5.5825388E-07,-0.010420
5.5830388E-07,-0.010424
5.5835388E-07,-0.010427
5.5840388E-07,-0.010431
5.5845388E-07,-0.010434
5.5850388E-07,-0.010437
5.5855388E-07,-0.010440
5.5860388E-07,-0.010443
5.5865388E-07,-0.010445
5.5870388E-07,-0.010447
5.5875388E-07,-0.010449
5.5880388E-07,-0.010450
5.5885388E-07,-0.010451
5.5890388E-07,-0.010450
5.5895388E-07,-0.010449
5.5900388E-07,-0.010448
5.5905388E-07,-0.010445
5.5910388E-07,-0.010442
5.5915388E-07,-0.010438
5.5920388E-07,-0.010433
5.5925388E-07,-0.010428
5.5930388E-07,-0.010422
5.5935388E-07,-0.010415
5.5940388E-07,-0.010408
5.5945388E-07,-0.010401
5.5950388E-07,-0.010393
5.5955388E-07,-0.010386
5.5960388E-07,-0.010378
5.5965388E-07,-0.010371
5.5970388E-07,-0.010363
5.5975388E-07,-0.010357
5.5980388E-07,-0.010350
5.5985388E-07,-0.010344
5.5990388E-07,-0.010339
5.5995388E-07,-0.010334
5.6000388E-07,-0.010330
5.6005388E-07,-0.010327
5.6010388E-07,-0.010325
5.6015388E-07,-0.010324
5.6020388E-07,-0.010324
5.6025388E-07,-0.010324
5.6030388E-07,-0.010326
5.6035388E-07,-0.010328
5.6040388E-07,-0.010332
5.6045388E-07,-0.010336
5.6050388E-07,-0.010340
5.6055388E-07,-0.010345
5.6060388E-07,-0.010351
5.6065388E-07,-0.010356
5.6070388E-07,-0.010361
5.6075388E-07,-0.010366
5.6080388E-07,-0.010371
5.6085388E-07,-0.010374
5.6090388E-07,-0.010377
5.6095388E-07,-0.010379
5.6100388E-07,-0.010379
5.6105388E-07,-0.010378
5.6110388E-07,-0.010376
5.6115388E-07,-0.010373
5.6120388E-07,-0.010368
5.6125388E-07,-0.010363
5.6130388E-07,-0.010356
5.6135388E-07,-0.010349
5.6140388E-07,-0.010341
5.6145388E-07,-0.010333
5.6150388E-07,-0.010324
5.6155388E-07,-0.010316
5.6160388E-07,-0.010308
5.6165388E-07,-0.010301
5.6170388E-07,-0.010294
5.6175388E-07,-0.010288
5.6180388E-07,-0.010283
5.6185388E-07,-0.010278
5.6190388E-07,-0.010275
5.6195388E-07,-0.010271
5.6200388E-07,-0.010269
5.6205388E-07,-0.010266
5.6210388E-07,-0.010264
5.6215388E-07,-0.010262
5.6220388E-07,-0.010259
5.6225388E-07,-0.010256
5.6230388E-07,-0.010252
5.6235388E-07,-0.010248
5.6240388E-07,-0.010243
5.6245388E-07,-0.010237
5.6250388E-07,-0.010230
5.6255388E-07,-0.010222
5.6260388E-07,-0.010214
5.6265388E-07,-0.010206
5.6270388E-07,-0.010198
5.6275388E-07,-0.010189
5.6280388E-07,-0.010181
5.6285388E-07,-0.010173
5.6290388E-07,-0.010166
5.6295388E-07,-0.010159
5.6300388E-07,-0.010154
5.6305388E-07,-0.010150
5.6310388E-07,-0.010146
5.6315388E-07,-0.010144
5.6320388E-07,-0.010143
5.6325388E-07,-0.010143
5.6330388E-07,-0.010144
5.6335388E-07,-0.010146
5.6340388E-07,-0.010149
5.6345388E-07,-0.010152
5.6350388E-07,-0.010155
5.6355388E-07,-0.010159
5.6360388E-07,-0.010163
5.6365388E-07,-0.010167
5.6370388E-07,-0.010171
5.6375388E-07,-0.010175
5.6380388E-07,-0.010179
5.6385388E-07,-0.010182
5.6390388E-07,-0.010186
5.6395388E-07,-0.010190
5.6400388E-07,-0.010194
5.6405388E-07,-0.010198
5.6410388E-07,-0.010203
5.6415388E-07,-0.010208
5.6420388E-07,-0.010213
5.6425388E-07,-0.010219
5.6430388E-07,-0.010225
5.6435388E-07,-0.010232
5.6440388E-07,-0.010240
5.6445388E-07,-0.010248
5.6450388E-07,-0.010256
5.6455388E-07,-0.010265
5.6460388E-07,-0.010273
5.6465388E-07,-0.010283
5.6470388E-07,-0.010292
5.6475388E-07,-0.010301
5.6480388E-07,-0.010310
5.6485388E-07,-0.010319
5.6490388E-07,-0.010328
5.6495388E-07,-0.010337
5.6500388E-07,-0.010345
5.6505388E-07,-0.010352
5.6510388E-07,-0.010359
5.6515388E-07,-0.010366
5.6520388E-07,-0.010372
5.6525388E-07,-0.010377
5.6530388E-07,-0.010382
5.6535388E-07,-0.010386
5.6540388E-07,-0.010390
5.6545388E-07,-0.010392
5.6550388E-07,-0.010395
5.6555388E-07,-0.010396
5.6560388E-07,-0.010397
5.6565388E-07,-0.010397
5.6570388E-07,-0.010397
5.6575388E-07,-0.010397
5.6580388E-07,-0.010396
5.6585388E-07,-0.010395
5.6590388E-07,-0.010394
5.6595388E-07,-0.010392
5.6600388E-07,-0.010391
5.6605388E-07,-0.010390
5.6610388E-07,-0.010390
5.6615388E-07,-0.010390
5.6620388E-07,-0.010392
5.6625388E-07,-0.010393
5.6630388E-07,-0.010396
5.6635388E-07,-0.010400
5.6640388E-07,-0.010405
5.6645388E-07,-0.010411
5.6650388E-07,-0.010418
5.6655388E-07,-0.010426
5.6660388E-07,-0.010435
5.6665388E-07,-0.010445
5.6670388E-07,-0.010456
5.6675388E-07,-0.010467
5.6680388E-07,-0.010479
5.6685388E-07,-0.010491
5.6690388E-07,-0.010504
5.6695388E-07,-0.010517
5.6700388E-07,-0.010529
5.6705388E-07,-0.010542
5.6710388E-07,-0.010554
5.6715388E-07,-0.010566
5.6720388E-07,-0.010578
5.6725388E-07,-0.010589
5.6730388E-07,-0.010599
5.6735388E-07,-0.010609
5.6740388E-07,-0.010619
5.6745388E-07,-0.010627
5.6750388E-07,-0.010635
5.6755388E-07,-0.010642
5.6760388E-07,-0.010648
5.6765388E-07,-0.010654
5.6770388E-07,-0.010658
5.6775388E-07,-0.010661
5.6780388E-07,-0.010663
5.6785388E-07,-0.010664
5.6790388E-07,-0.010664
5.6795388E-07,-0.010663
5.6800388E-07,-0.010660
5.6805388E-07,-0.010656
5.6810388E-07,-0.010651
5.6815388E-07,-0.010644
5.6820388E-07,-0.010636
5.6825388E-07,-0.010628
5.6830388E-07,-0.010618
5.6835388E-07,-0.010608
5.6840388E-07,-0.010597
5.6845388E-07,-0.010586
5.6850388E-07,-0.010574
5.6855388E-07,-0.010562
5.6860388E-07,-0.010551
5.6865388E-07,-0.010539
5.6870388E-07,-0.010529
5.6875388E-07,-0.010518
5.6880388E-07,-0.010508
5.6885388E-07,-0.010500
5.6890388E-07,-0.010491
5.6895388E-07,-0.010484
5.6900388E-07,-0.010478
5.6905388E-07,-0.010472
5.6910388E-07,-0.010468
5.6915388E-07,-0.010464
5.6920388E-07,-0.010461
5.6925388E-07,-0.010459
5.6930388E-07,-0.010457
5.6935388E-07,-0.010456
5.6940388E-07,-0.010456
5.6945388E-07,-0.010456
5.6950388E-07,-0.010458
5.6955388E-07,-0.010459
5.6960388E-07,-0.010462
5.6965388E-07,-0.010465
5.6970388E-07,-0.010468
5.6975388E-07,-0.010472
5.6980388E-07,-0.010477
5.6985388E-07,-0.010482
5.6990388E-07,-0.010488
5.6995388E-07,-0.010494
5.7000388E-07,-0.010500
5.7005388E-07,-0.010507
5.7010388E-07,-0.010514
5.7015388E-07,-0.010520
5.7020388E-07,-0.010527
5.7025388E-07,-0.010534
5.7030388E-07,-0.010540
5.7035388E-07,-0.010546
5.7040388E-07,-0.010551
5.7045388E-07,-0.010556
5.7050388E-07,-0.010560
5.7055388E-07,-0.010564
5.7060388E-07,-0.010567
5.7065388E-07,-0.010569
5.7070388E-07,-0.010570
5.7075388E-07,-0.010571
5.7080388E-07,-0.010571
5.7085388E-07,-0.010570
5.7090388E-07,-0.010568
5.7095388E-07,-0.010565
5.7100388E-07,-0.010561
5.7105388E-07,-0.010556
5.7110388E-07,-0.010549
5.7115388E-07,-0.010542
5.7120388E-07,-0.010533
5.7125388E-07,-0.010523
5.7130388E-07,-0.010512
5.7135388E-07,-0.010499
5.7140388E-07,-0.010485
5.7145388E-07,-0.010470
5.7150388E-07,-0.010454
5.7155388E-07,-0.010437
5.7160388E-07,-0.010419
5.7165388E-07,-0.010400
5.7170388E-07,-0.010380
5.7175388E-07,-0.010361
5.7180388E-07,-0.010341
5.7185388E-07,-0.010321
5.7190388E-07,-0.010302
5.7195388E-07,-0.010283
5.7200388E-07,-0.010265
5.7205388E-07,-0.010247
5.7210388E-07,-0.010231
5.7215388E-07,-0.010215
5.7220388E-07,-0.010201
5.7225388E-07,-0.010187
5.7230388E-07,-0.010175
5.7235388E-07,-0.010163
5.7240388E-07,-0.010152
5.7245388E-07,-0.010141
5.7250388E-07,-0.010131
5.7255388E-07,-0.010122
5.7260388E-07,-0.010112
5.7265388E-07,-0.010104
5.7270388E-07,-0.010095
5.7275388E-07,-0.010087
5.7280388E-07,-0.010079
5.7285388E-07,-0.010071
5.7290388E-07,-0.010064
5.7295388E-07,-0.010057
5.7300388E-07,-0.010051
5.7305388E-07,-0.010045
5.7310388E-07,-0.010041
5.7315388E-07,-0.010037
5.7320388E-07,-0.010035
5.7325388E-07,-0.010033
5.7330388E-07,-0.010033
5.7335388E-07,-0.010034
5.7340388E-07,-0.010036
5.7345388E-07,-0.010039
5.7350388E-07,-0.010043
5.7355388E-07,-0.010048
5.7360388E-07,-0.010054
5.7365388E-07,-0.010060
5.7370388E-07,-0.010066
5.7375388E-07,-0.010073
5.7380388E-07,-0.010079
5.7385388E-07,-0.010085
5.7390388E-07,-0.010091
5.7395388E-07,-0.010096
5.7400388E-07,-0.010101
5.7405388E-07,-0.010105
5.7410388E-07,-0.010109
5.7415388E-07,-0.010112
5.7420388E-07,-0.010115
5.7425388E-07,-0.010117
5.7430388E-07,-0.010119
5.7435388E-07,-0.010120
5.7440388E-07,-0.010121
5.7445388E-07,-0.010123
5.7450388E-07,-0.010124
5.7455388E-07,-0.010125
5.7460388E-07,-0.010127
5.7465388E-07,-0.010128
5.7470388E-07,-0.010130
5.7475388E-07,-0.010131
5.7480388E-07,-0.010133
5.7485388E-07,-0.010135
5.7490388E-07,-0.010137
5.7495388E-07,-0.010139
5.7500388E-07,-0.010141
5.7505388E-07,-0.010143
5.7510388E-07,-0.010145
5.7515388E-07,-0.010147
5.7520388E-07,-0.010148
5.7525388E-07,-0.010150
5.7530388E-07,-0.010151
5.7535388E-07,-0.010152
5.7540388E-07,-0.010153
5.7545388E-07,-0.010154
5.7550388E-07,-0.010154
5.7555388E-07,-0.010154
5.7560388E-07,-0.010154
5.7565388E-07,-0.010154
5.7570388E-07,-0.010153
5.7575388E-07,-0.010152
5.7580388E-07,-0.010151
5.7585388E-07,-0.010150
5.7590388E-07,-0.010148
5.7595388E-07,-0.010146
5.7600388E-07,-0.010143
5.7605388E-07,-0.010141
5.7610388E-07,-0.010139
5.7615388E-07,-0.010137
5.7620388E-07,-0.010136
5.7625388E-07,-0.010135
5.7630388E-07,-0.010135
5.7635388E-07,-0.010136
5.7640388E-07,-0.010138
5.7645388E-07,-0.010141
5.7650388E-07,-0.010146
5.7655388E-07,-0.010152
5.7660388E-07,-0.010159
5.7665388E-07,-0.010168
5.7670388E-07,-0.010179
5.7675388E-07,-0.010191
5.7680388E-07,-0.010205
5.7685388E-07,-0.010220
5.7690388E-07,-0.010235
5.7695388E-07,-0.010252
5.7700388E-07,-0.010269
5.7705388E-07,-0.010286
5.7710388E-07,-0.010304
5.7715388E-07,-0.010321
5.7720388E-07,-0.010337
5.7725388E-07,-0.010354
5.7730388E-07,-0.010369
5.7735388E-07,-0.010383
5.7740388E-07,-0.010396
5.7745388E-07,-0.010409
5.7750388E-07,-0.010420
5.7755388E-07,-0.010430
5.7760388E-07,-0.010439
5.7765388E-07,-0.010447
5.7770388E-07,-0.010454
5.7775388E-07,-0.010461
5.7780388E-07,-0.010467
5.7785388E-07,-0.010472
5.7790388E-07,-0.010477
5.7795388E-07,-0.010482
5.7800388E-07,-0.010486
5.7805388E-07,-0.010490
5.7810388E-07,-0.010494
5.7815388E-07,-0.010497
5.7820388E-07,-0.010500
5.7825388E-07,-0.010503
5.7830388E-07,-0.010506
5.7835388E-07,-0.010508
5.7840388E-07,-0.010510
5.7845388E-07,-0.010511
5.7850388E-07,-0.010512
5.7855388E-07,-0.010512
5.7860388E-07,-0.010511
5.7865388E-07,-0.010511
5.7870388E-07,-0.010509
5.7875388E-07,-0.010507
5.7880388E-07,-0.010504
5.7885388E-07,-0.010501
5.7890388E-07,-0.010498
5.7895388E-07,-0.010494
5.7900388E-07,-0.010489
5.7905388E-07,-0.010485
5.7910388E-07,-0.010479
5.7915388E-07,-0.010474
5.7920388E-07,-0.010468
5.7925388E-07,-0.010462
5.7930388E-07,-0.010456
5.7935388E-07,-0.010449
5.7940388E-07,-0.010442
5.7945388E-07,-0.010435
5.7950388E-07,-0.010427
5.7955388E-07,-0.010419
5.7960388E-07,-0.010411
5.7965388E-07,-0.010403
5.7970388E-07,-0.010394
5.7975388E-07,-0.010386
5.7980388E-07,-0.010377
5.7985388E-07,-0.010368
5.7990388E-07,-0.010359
5.7995388E-07,-0.010350
5.8000388E-07,-0.010341
5.8005388E-07,-0.010332
5.8010388E-07,-0.010323
5.8015388E-07,-0.010313
5.8020388E-07,-0.010303
5.8025388E-07,-0.010293
5.8030388E-07,-0.010283
5.8035388E-07,-0.010273
5.8040388E-07,-0.010262
5.8045388E-07,-0.010251
5.8050388E-07,-0.010239
5.8055388E-07,-0.010227
5.8060388E-07,-0.010214
5.8065388E-07,-0.010201
5.8070388E-07,-0.010188
5.8075388E-07,-0.010174
5.8080388E-07,-0.010161
5.8085388E-07,-0.010147
5.8090388E-07,-0.010134
5.8095388E-07,-0.010121
5.8100388E-07,-0.010109
5.8105388E-07,-0.010097
5.8110388E-07,-0.010086
5.8115388E-07,-0.010076
5.8120388E-07,-0.010066
5.8125388E-07,-0.010059
5.8130388E-07,-0.010052
5.8135388E-07,-0.010046
5.8140388E-07,-0.010042
5.8145388E-07,-0.010039
5.8150388E-07,-0.010037
5.8155388E-07,-0.010037
5.8160388E-07,-0.010037
5.8165388E-07,-0.010038
5.8170388E-07,-0.010041
5.8175388E-07,-0.010044
5.8180388E-07,-0.010049
5.8185388E-07,-0.010054
5.8190388E-07,-0.010059
5.8195388E-07,-0.010066
5.8200388E-07,-0.010073
5.8205388E-07,-0.010081
5.8210388E-07,-0.010089
5.8215388E-07,-0.010099
5.8220388E-07,-0.010108
5.8225388E-07,-0.010119
5.8230388E-07,-0.010129
5.8235388E-07,-0.010141
5.8240388E-07,-0.010152
5.8245388E-07,-0.010163
5.8250388E-07,-0.010175
5.8255388E-07,-0.010186
5.8260388E-07,-0.010197
5.8265388E-07,-0.010207
5.8270388E-07,-0.010216
5.8275388E-07,-0.010224
5.8280388E-07,-0.010231
5.8285388E-07,-0.010236
5.8290388E-07,-0.010240
5.8295388E-07,-0.010242
5.8300388E-07,-0.010243
5.8305388E-07,-0.010242
5.8310388E-07,-0.010240
5.8315388E-07,-0.010236
5.8320388E-07,-0.010232
5.8325388E-07,-0.010226
5.8330388E-07,-0.010219
5.8335388E-07,-0.010212
5.8340388E-07,-0.010205
5.8345388E-07,-0.010198
5.8350388E-07,-0.010191
5.8355388E-07,-0.010185
5.8360388E-07,-0.010180
5.8365388E-07,-0.010175
5.8370388E-07,-0.010172
5.8375388E-07,-0.010170
5.8380388E-07,-0.010169
5.8385388E-07,-0.010169
5.8390388E-07,-0.010171
5.8395388E-07,-0.010173
5.8400388E-07,-0.010177
5.8405388E-07,-0.010181
5.8410388E-07,-0.010187
5.8415388E-07,-0.010193
5.8420388E-07,-0.010199
5.8425388E-07,-0.010206
5.8430388E-07,-0.010214
5.8435388E-07,-0.010221
5.8440388E-07,-0.010229
5.8445388E-07,-0.010237
5.8450388E-07,-0.010245
5.8455388E-07,-0.010253
5.8460388E-07,-0.010261
5.8465388E-07,-0.010269
5.8470388E-07,-0.010277
5.8475388E-07,-0.010285
5.8480388E-07,-0.010292
5.8485388E-07,-0.010300
5.8490388E-07,-0.010307
5.8495388E-07,-0.010313
5.8500388E-07,-0.010319
5.8505388E-07,-0.010325
5.8510388E-07,-0.010329
5.8515388E-07,-0.010334
5.8520388E-07,-0.010337
5.8525388E-07,-0.010339
5.8530388E-07,-0.010341
5.8535388E-07,-0.010342
5.8540388E-07,-0.010343
5.8545388E-07,-0.010342
5.8550388E-07,-0.010341
5.8555388E-07,-0.010340
5.8560388E-07,-0.010338
5.8565388E-07,-0.010336
5.8570388E-07,-0.010334
5.8575388E-07,-0.010332
5.8580388E-07,-0.010329
5.8585388E-07,-0.010327
5.8590388E-07,-0.010326
5.8595388E-07,-0.010324
5.8600388E-07,-0.010323
5.8605388E-07,-0.010322
5.8610388E-07,-0.010321
5.8615388E-07,-0.010320
5.8620388E-07,-0.010319
5.8625388E-07,-0.010319
5.8630388E-07,-0.010318
5.8635388E-07,-0.010317
5.8640388E-07,-0.010315
5.8645388E-07,-0.010314
5.8650388E-07,-0.010311
5.8655388E-07,-0.010309
5.8660388E-07,-0.010306
5.8665388E-07,-0.010302
5.8670388E-07,-0.010298
5.8675388E-07,-0.010294
5.8680388E-07,-0.010289
5.8685388E-07,-0.010284
5.8690388E-07,-0.010279
5.8695388E-07,-0.010274
5.8700388E-07,-0.010268
5.8705388E-07,-0.010263
5.8710388E-07,-0.010257
5.8715388E-07,-0.010252
5.8720388E-07,-0.010246
5.8725388E-07,-0.010240
5.8730388E-07,-0.010234
5.8735388E-07,-0.010227
5.8740388E-07,-0.010221
5.8745388E-07,-0.010214
5.8750388E-07,-0.010206
5.8755388E-07,-0.010198
5.8760388E-07,-0.010189
5.8765388E-07,-0.010180
5.8770388E-07,-0.010171
5.8775388E-07,-0.010161
5.8780388E-07,-0.010151
5.8785388E-07,-0.010140
5.8790388E-07,-0.010130
5.8795388E-07,-0.010120
5.8800388E-07,-0.010110
5.8805388E-07,-0.010100
5.8810388E-07,-0.010091
5.8815388E-07,-0.010083
5.8820388E-07,-0.010075
5.8825388E-07,-0.010069
5.8830388E-07,-0.010064
5.8835388E-07,-0.010060
5.8840388E-07,-0.010058
5.8845388E-07,-0.010057
5.8850388E-07,-0.010057
5.8855388E-07,-0.010058
5.8860388E-07,-0.010061
5.8865388E-07,-0.010064
5.8870388E-07,-0.010069
5.8875388E-07,-0.010075
5.8880388E-07,-0.010082
5.8885388E-07,-0.010089
5.8890388E-07,-0.010097
5.8895388E-07,-0.010106
5.8900388E-07,-0.010115
5.8905388E-07,-0.010124
5.8910388E-07,-0.010133
5.8915388E-07,-0.010143
5.8920388E-07,-0.010152
5.8925388E-07,-0.010160
5.8930388E-07,-0.010168
5.8935388E-07,-0.010176
5.8940388E-07,-0.010182
5.8945388E-07,-0.010188
5.8950388E-07,-0.010192
5.8955388E-07,-0.010195
5.8960388E-07,-0.010197
5.8965388E-07,-0.010197
5.8970388E-07,-0.010196
5.8975388E-07,-0.010193
5.8980388E-07,-0.010189
5.8985388E-07,-0.010184
5.8990388E-07,-0.010177
5.8995388E-07,-0.010170
5.9000388E-07,-0.010162
5.9005388E-07,-0.010153
5.9010388E-07,-0.010145
5.9015388E-07,-0.010136
5.9020388E-07,-0.010128
5.9025388E-07,-0.010120
5.9030388E-07,-0.010114
5.9035388E-07,-0.010109
5.9040388E-07,-0.010105
5.9045388E-07,-0.010102
5.9050388E-07,-0.010102
5.9055388E-07,-0.010103
5.9060388E-07,-0.010106
5.9065388E-07,-0.010111
5.9070388E-07,-0.010117
5.9075388E-07,-0.010125
5.9080388E-07,-0.010134
5.9085388E-07,-0.010145
5.9090388E-07,-0.010156
5.9095388E-07,-0.010168
5.9100388E-07,-0.010181
5.9105388E-07,-0.010194
5.9110388E-07,-0.010208
5.9115388E-07,-0.010221
5.9120388E-07,-0.010235
5.9125388E-07,-0.010248
5.9130388E-07,-0.010260
5.9135388E-07,-0.010273
5.9140388E-07,-0.010285
5.9145388E-07,-0.010296
5.9150388E-07,-0.010307
5.9155388E-07,-0.010317
5.9160388E-07,-0.010327
5.9165388E-07,-0.010336
5.9170388E-07,-0.010344
5.9175388E-07,-0.010352
5.9180388E-07,-0.010359
5.9185388E-07,-0.010366
5.9190388E-07,-0.010371
5.9195388E-07,-0.010376
5.9200388E-07,-0.010380
5.9205388E-07,-0.010384
5.9210388E-07,-0.010387
5.9215388E-07,-0.010389
5.9220388E-07,-0.010390
5.9225388E-07,-0.010391
5.9230388E-07,-0.010392
5.9235388E-07,-0.010392
5.9240388E-07,-0.010392
5.9245388E-07,-0.010392
5.9250388E-07,-0.010392
5.9255388E-07,-0.010392
5.9260388E-07,-0.010392
5.9265388E-07,-0.010392
5.9270388E-07,-0.010393
5.9275388E-07,-0.010393
5.9280388E-07,-0.010394
5.9285388E-07,-0.010395
5.9290388E-07,-0.010396
5.9295388E-07,-0.010398
5.9300388E-07,-0.010399
5.9305388E-07,-0.010400
5.9310388E-07,-0.010400
5.9315388E-07,-0.010401
5.9320388E-07,-0.010401
5.9325388E-07,-0.010400
5.9330388E-07,-0.010400
5.9335388E-07,-0.010398
5.9340388E-07,-0.010397
5.9345388E-07,-0.010395
5.9350388E-07,-0.010393
5.9355388E-07,-0.010391
5.9360388E-07,-0.010389
5.9365388E-07,-0.010387
5.9370388E-07,-0.010385
5.9375388E-07,-0.010383
5.9380388E-07,-0.010382
5.9385388E-07,-0.010381
5.9390388E-07,-0.010381
5.9395388E-07,-0.010381
5.9400388E-07,-0.010382
5.9405388E-07,-0.010383
5.9410388E-07,-0.010384
5.9415388E-07,-0.010386
5.9420388E-07,-0.010387
5.9425388E-07,-0.010389
5.9430388E-07,-0.010390
5.9435388E-07,-0.010391
5.9440388E-07,-0.010392
5.9445388E-07,-0.010393
5.9450388E-07,-0.010393
5.9455388E-07,-0.010393
5.9460388E-07,-0.010392
5.9465388E-07,-0.010391
5.9470388E-07,-0.010390
5.9475388E-07,-0.010389
5.9480388E-07,-0.010387
5.9485388E-07,-0.010386
5.9490388E-07,-0.010384
5.9495388E-07,-0.010383
5.9500388E-07,-0.010381
5.9505388E-07,-0.010380
5.9510388E-07,-0.010379
5.9515388E-07,-0.010379
5.9520388E-07,-0.010378
5.9525388E-07,-0.010377
5.9530388E-07,-0.010376
5.9535388E-07,-0.010375
5.9540388E-07,-0.010373
5.9545388E-07,-0.010371
5.9550388E-07,-0.010368
5.9555388E-07,-0.010364
5.9560388E-07,-0.010360
5.9565388E-07,-0.010354
5.9570388E-07,-0.010348
5.9575388E-07,-0.010342
5.9580388E-07,-0.010334
5.9585388E-07,-0.010327
5.9590388E-07,-0.010319
5.9595388E-07,-0.010310
5.9600388E-07,-0.010302
5.9605388E-07,-0.010295
5.9610388E-07,-0.010287
5.9615388E-07,-0.010281
5.9620388E-07,-0.010275
5.9625388E-07,-0.010270
5.9630388E-07,-0.010267
5.9635388E-07,-0.010264
5.9640388E-07,-0.010263
5.9645388E-07,-0.010263
5.9650388E-07,-0.010264
5.9655388E-07,-0.010267
5.9660388E-07,-0.010270
5.9665388E-07,-0.010275
5.9670388E-07,-0.010280
5.9675388E-07,-0.010286
5.9680388E-07,-0.010293
5.9685388E-07,-0.010300
5.9690388E-07,-0.010307
5.9695388E-07,-0.010314
5.9700388E-07,-0.010321
5.9705388E-07,-0.010329
5.9710388E-07,-0.010336
5.9715388E-07,-0.010342
5.9720388E-07,-0.010349
5.9725388E-07,-0.010354
5.9730388E-07,-0.010360
5.9735388E-07,-0.010364
5.9740388E-07,-0.010368
5.9745388E-07,-0.010371
5.9750388E-07,-0.010374
5.9755388E-07,-0.010375
5.9760388E-07,-0.010376
5.9765388E-07,-0.010376
5.9770388E-07,-0.010375
5.9775388E-07,-0.010373
5.9780388E-07,-0.010371
5.9785388E-07,-0.010367
5.9790388E-07,-0.010363
5.9795388E-07,-0.010359
5.9800388E-07,-0.010354
5.9805388E-07,-0.010350
5.9810388E-07,-0.010345
5.9815388E-07,-0.010340
5.9820388E-07,-0.010336
5.9825388E-07,-0.010332
5.9830388E-07,-0.010328
5.9835388E-07,-0.010326
5.9840388E-07,-0.010324
5.9845388E-07,-0.010323
5.9850388E-07,-0.010324
5.9855388E-07,-0.010325
5.9860388E-07,-0.010328
5.9865388E-07,-0.010331
5.9870388E-07,-0.010335
5.9875388E-07,-0.010340
5.9880388E-07,-0.010346
5.9885388E-07,-0.010353
5.9890388E-07,-0.010359
5.9895388E-07,-0.010366
5.9900388E-07,-0.010374
5.9905388E-07,-0.010381
5.9910388E-07,-0.010388
5.9915388E-07,-0.010396
5.9920388E-07,-0.010403
5.9925388E-07,-0.010409
5.9930388E-07,-0.010416
5.9935388E-07,-0.010422
5.9940388E-07,-0.010428
5.9945388E-07,-0.010434
5.9950388E-07,-0.010439
5.9955388E-07,-0.010444
5.9960388E-07,-0.010449
5.9965388E-07,-0.010454
5.9970388E-07,-0.010458
5.9975388E-07,-0.010462
5.9980388E-07,-0.010466
5.9985388E-07,-0.010469
5.9990388E-07,-0.010472
5.9995388E-07,-0.010474
6.0000388E-07,-0.010476
6.0005388E-07,-0.010477
6.0010388E-07,-0.010477
6.0015388E-07,-0.010477
6.0020388E-07,-0.010476
6.0025388E-07,-0.010474
6.0030388E-07,-0.010471
6.0035388E-07,-0.010468
6.0040388E-07,-0.010465
6.0045388E-07,-0.010461
6.0050388E-07,-0.010456
6.0055388E-07,-0.010451
6.0060388E-07,-0.010446
6.0065388E-07,-0.010440
6.0070388E-07,-0.010435
6.0075388E-07,-0.010429
6.0080388E-07,-0.010423
6.0085388E-07,-0.010417
6.0090388E-07,-0.010411
6.0095388E-07,-0.010405
6.0100388E-07,-0.010398
6.0105388E-07,-0.010392
6.0110388E-07,-0.010385
6.0115388E-07,-0.010378
6.0120388E-07,-0.010371
6.0125388E-07,-0.010363
6.0130388E-07,-0.010355
6.0135388E-07,-0.010346
6.0140388E-07,-0.010338
6.0145388E-07,-0.010329
6.0150388E-07,-0.010320
6.0155388E-07,-0.010310
6.0160388E-07,-0.010301
6.0165388E-07,-0.010292
6.0170388E-07,-0.010283
6.0175388E-07,-0.010274
6.0180388E-07,-0.010265
6.0185388E-07,-0.010257
6.0190388E-07,-0.010249
6.0195388E-07,-0.010241
6.0200388E-07,-0.010234
6.0205388E-07,-0.010227
6.0210388E-07,-0.010221
6.0215388E-07,-0.010214
6.0220388E-07,-0.010208
6.0225388E-07,-0.010202
6.0230388E-07,-0.010196
6.0235388E-07,-0.010189
6.0240388E-07,-0.010183
6.0245388E-07,-0.010176
6.0250388E-07,-0.010168
6.0255388E-07,-0.010161
6.0260388E-07,-0.010153
6.0265388E-07,-0.010145
6.0270388E-07,-0.010137
6.0275388E-07,-0.010129
6.0280388E-07,-0.010120
6.0285388E-07,-0.010112
6.0290388E-07,-0.010104
6.0295388E-07,-0.010097
6.0300388E-07,-0.010089
6.0305388E-07,-0.010083
6.0310388E-07,-0.010076
6.0315388E-07,-0.010071
6.0320388E-07,-0.010066
6.0325388E-07,-0.010061
6.0330388E-07,-0.010057
6.0335388E-07,-0.010054
6.0340388E-07,-0.010052
6.0345388E-07,-0.010050
6.0350388E-07,-0.010048
6.0355388E-07,-0.010048
6.0360388E-07,-0.010047
6.0365388E-07,-0.010047
6.0370388E-07,-0.010048
6.0375388E-07,-0.010049
6.0380388E-07,-0.010051
6.0385388E-07,-0.010053
6.0390388E-07,-0.010055
6.0395388E-07,-0.010058
6.0400388E-07,-0.010062
6.0405388E-07,-0.010066
6.0410388E-07,-0.010070
6.0415388E-07,-0.010075
6.0420388E-07,-0.010080
6.0425388E-07,-0.010085
6.0430388E-07,-0.010091
6.0435388E-07,-0.010097
6.0440388E-07,-0.010103
6.0445388E-07,-0.010108
6.0450388E-07,-0.010114
6.0455388E-07,-0.010120
6.0460388E-07,-0.010125
6.0465388E-07,-0.010130
6.0470388E-07,-0.010135
6.0475388E-07,-0.010140
6.0480388E-07,-0.010145
6.0485388E-07,-0.010150
6.0490388E-07,-0.010154
6.0495388E-07,-0.010159
6.0500388E-07,-0.010165
6.0505388E-07,-0.010170
6.0510388E-07,-0.010176
6.0515388E-07,-0.010183
6.0520388E-07,-0.010190
6.0525388E-07,-0.010198
6.0530388E-07,-0.010206
6.0535388E-07,-0.010215
6.0540388E-07,-0.010224
6.0545388E-07,-0.010233
6.0550388E-07,-0.010242
6.0555388E-07,-0.010252
6.0560388E-07,-0.010260
6.0565388E-07,-0.010269
6.0570388E-07,-0.010277
6.0575388E-07,-0.010284
6.0580388E-07,-0.010290
6.0585388E-07,-0.010294
6.0590388E-07,-0.010298
6.0595388E-07,-0.010300
6.0600388E-07,-0.010301
6.0605388E-07,-0.010301
6.0610388E-07,-0.010300
6.0615388E-07,-0.010298
6.0620388E-07,-0.010295
6.0625388E-07,-0.010292
6.0630388E-07,-0.010288
6.0635388E-07,-0.010284
6.0640388E-07,-0.010280
6.0645388E-07,-0.010277
6.0650388E-07,-0.010274
6.0655388E-07,-0.010271
6.0660388E-07,-0.010270
6.0665388E-07,-0.010269
6.0670388E-07,-0.010270
6.0675388E-07,-0.010271
6.0680388E-07,-0.010273
6.0685388E-07,-0.010277
6.0690388E-07,-0.010281
6.0695388E-07,-0.010286
6.0700388E-07,-0.010292
6.0705388E-07,-0.010298
6.0710388E-07,-0.010305
6.0715388E-07,-0.010313
6.0720388E-07,-0.010320
6.0725388E-07,-0.010328
6.0730388E-07,-0.010335
6.0735388E-07,-0.010343
6.0740388E-07,-0.010350
6.0745388E-07,-0.010357
6.0750388E-07,-0.010363
6.0755388E-07,-0.010369
6.0760388E-07,-0.010374
6.0765388E-07,-0.010378
6.0770388E-07,-0.010381
6.0775388E-07,-0.010383
6.0780388E-07,-0.010383
6.0785388E-07,-0.010383
6.0790388E-07,-0.010381
6.0795388E-07,-0.010378
6.0800388E-07,-0.010373
6.0805388E-07,-0.010367
6.0810388E-07,-0.010360
6.0815388E-07,-0.010351
6.0820388E-07,-0.010341
6.0825388E-07,-0.010331
6.0830388E-07,-0.010319
6.0835388E-07,-0.010307
6.0840388E-07,-0.010294
6.0845388E-07,-0.010280
6.0850388E-07,-0.010267
6.0855388E-07,-0.010253
6.0860388E-07,-0.010240
6.0865388E-07,-0.010227
6.0870388E-07,-0.010215
6.0875388E-07,-0.010203
6.0880388E-07,-0.010192
6.0885388E-07,-0.010182
6.0890388E-07,-0.010173
6.0895388E-07,-0.010165
6.0900388E-07,-0.010158
6.0905388E-07,-0.010151
6.0910388E-07,-0.010146
6.0915388E-07,-0.010141
6.0920388E-07,-0.010137
6.0925388E-07,-0.010134
6.0930388E-07,-0.010132
6.0935388E-07,-0.010131
6.0940388E-07,-0.010130
6.0945388E-07,-0.010130
6.0950388E-07,-0.010132
6.0955388E-07,-0.010134
6.0960388E-07,-0.010137
6.0965388E-07,-0.010142
6.0970388E-07,-0.010147
6.0975388E-07,-0.010154
6.0980388E-07,-0.010162
6.0985388E-07,-0.010172
6.0990388E-07,-0.010182
6.0995388E-07,-0.010194
6.1000388E-07,-0.010207
6.1005388E-07,-0.010221
6.1010388E-07,-0.010236
6.1015388E-07,-0.010252
6.1020388E-07,-0.010268
6.1025388E-07,-0.010285
6.1030388E-07,-0.010301
6.1035388E-07,-0.010318
6.1040388E-07,-0.010334
6.1045388E-07,-0.010350
6.1050388E-07,-0.010365
6.1055388E-07,-0.010379
6.1060388E-07,-0.010392
6.1065388E-07,-0.010404
6.1070388E-07,-0.010415
6.1075388E-07,-0.010425
6.1080388E-07,-0.010433
6.1085388E-07,-0.010441
6.1090388E-07,-0.010447
6.1095388E-07,-0.010451
6.1100388E-07,-0.010454
6.1105388E-07,-0.010456
6.1110388E-07,-0.010457
6.1115388E-07,-0.010456
6.1120388E-07,-0.010453
6.1125388E-07,-0.010450
6.1130388E-07,-0.010445
6.1135388E-07,-0.010438
6.1140388E-07,-0.010430
6.1145388E-07,-0.010420
6.1150388E-07,-0.010409
6.1155388E-07,-0.010397
6.1160388E-07,-0.010383
6.1165388E-07,-0.010367
6.1170388E-07,-0.010351
6.1175388E-07,-0.010333
6.1180388E-07,-0.010314
6.1185388E-07,-0.010295
6.1190388E-07,-0.010275
6.1195388E-07,-0.010255
6.1200388E-07,-0.010235
6.1205388E-07,-0.010216
6.1210388E-07,-0.010197
6.1215388E-07,-0.010178
6.1220388E-07,-0.010161
6.1225388E-07,-0.010145
6.1230388E-07,-0.010130
6.1235388E-07,-0.010117
6.1240388E-07,-0.010105
6.1245388E-07,-0.010095
6.1250388E-07,-0.010087
6.1255388E-07,-0.010081
6.1260388E-07,-0.010076
6.1265388E-07,-0.010072
6.1270388E-07,-0.010070
6.1275388E-07,-0.010070
6.1280388E-07,-0.010071
6.1285388E-07,-0.010072
6.1290388E-07,-0.010075
6.1295388E-07,-0.010078
6.1300388E-07,-0.010082
6.1305388E-07,-0.010087
6.1310388E-07,-0.010092
6.1315388E-07,-0.010097
6.1320388E-07,-0.010102
6.1325388E-07,-0.010108
6.1330388E-07,-0.010113
6.1335388E-07,-0.010118
6.1340388E-07,-0.010123
6.1345388E-07,-0.010127
6.1350388E-07,-0.010132
6.1355388E-07,-0.010135
6.1360388E-07,-0.010138
6.1365388E-07,-0.010141
6.1370388E-07,-0.010143
6.1375388E-07,-0.010144
6.1380388E-07,-0.010145
6.1385388E-07,-0.010145
6.1390388E-07,-0.010144
6.1395388E-07,-0.010143
6.1400388E-07,-0.010142
6.1405388E-07,-0.010140
6.1410388E-07,-0.010138
6.1415388E-07,-0.010137
6.1420388E-07,-0.010135
6.1425388E-07,-0.010133
6.1430388E-07,-0.010131
6.1435388E-07,-0.010130
6.1440388E-07,-0.010129
6.1445388E-07,-0.010129
6.1450388E-07,-0.010129
6.1455388E-07,-0.010130
6.1460388E-07,-0.010131
6.1465388E-07,-0.010134
6.1470388E-07,-0.010136
6.1475388E-07,-0.010140
6.1480388E-07,-0.010144
6.1485388E-07,-0.010149
6.1490388E-07,-0.010154
6.1495388E-07,-0.010160
6.1500388E-07,-0.010166
6.1505388E-07,-0.010173
6.1510388E-07,-0.010181
6.1515388E-07,-0.010188
6.1520388E-07,-0.010197
6.1525388E-07,-0.010205
6.1530388E-07,-0.010214
6.1535388E-07,-0.010223
6.1540388E-07,-0.010232
6.1545388E-07,-0.010242
6.1550388E-07,-0.010251
6.1555388E-07,-0.010261
6.1560388E-07,-0.010270
6.1565388E-07,-0.010279
6.1570388E-07,-0.010288
6.1575388E-07,-0.010296
6.1580388E-07,-0.010303
6.1585388E-07,-0.010309
6.1590388E-07,-0.010315
6.1595388E-07,-0.010319
6.1600388E-07,-0.010322
6.1605388E-07,-0.010324
6.1610388E-07,-0.010325
6.1615388E-07,-0.010324
6.1620388E-07,-0.010321
6.1625388E-07,-0.010318
6.1630388E-07,-0.010313
6.1635388E-07,-0.010307
6.1640388E-07,-0.010300
6.1645388E-07,-0.010292
6.1650388E-07,-0.010283
6.1655388E-07,-0.010274
6.1660388E-07,-0.010265
6.1665388E-07,-0.010255
6.1670388E-07,-0.010245
6.1675388E-07,-0.010235
6.1680388E-07,-0.010225
6.1685388E-07,-0.010215
6.1690388E-07,-0.010206
6.1695388E-07,-0.010196
6.1700388E-07,-0.010187
6.1705388E-07,-0.010179
6.1710388E-07,-0.010170
6.1715388E-07,-0.010161
6.1720388E-07,-0.010153
6.1725388E-07,-0.010144
6.1730388E-07,-0.010136
6.1735388E-07,-0.010127
6.1740388E-07,-0.010119
6.1745388E-07,-0.010110
6.1750388E-07,-0.010102
6.1755388E-07,-0.010093
6.1760388E-07,-0.010085
6.1765388E-07,-0.010077
6.1770388E-07,-0.010070
6.1775388E-07,-0.010063
6.1780388E-07,-0.010057
6.1785388E-07,-0.010052
6.1790388E-07,-0.010047
6.1795388E-07,-0.010044
6.1800388E-07,-0.010041
6.1805388E-07,-0.010040
6.1810388E-07,-0.010040
6.1815388E-07,-0.010040
6.1820388E-07,-0.010042
6.1825388E-07,-0.010045
6.1830388E-07,-0.010049
6.1835388E-07,-0.010054
6.1840388E-07,-0.010060
6.1845388E-07,-0.010066
6.1850388E-07,-0.010073
6.1855388E-07,-0.010080
6.1860388E-07,-0.010088
6.1865388E-07,-0.010097
6.1870388E-07,-0.010106
6.1875388E-07,-0.010115
6.1880388E-07,-0.010125
6.1885388E-07,-0.010135
6.1890388E-07,-0.010145
6.1895388E-07,-0.010155
6.1900388E-07,-0.010166
6.1905388E-07,-0.010177
6.1910388E-07,-0.010189
6.1915388E-07,-0.010201
6.1920388E-07,-0.010213
6.1925388E-07,-0.010225
6.1930388E-07,-0.010237
6.1935388E-07,-0.010249
6.1940388E-07,-0.010261
6.1945388E-07,-0.010273
6.1950388E-07,-0.010284
6.1955388E-07,-0.010296
6.1960388E-07,-0.010306
6.1965388E-07,-0.010317
6.1970388E-07,-0.010327
6.1975388E-07,-0.010336
6.1980388E-07,-0.010344
6.1985388E-07,-0.010352
6.1990388E-07,-0.010359
6.1995388E-07,-0.010366
6.2000388E-07,-0.010372
6.2005388E-07,-0.010378
6.2010388E-07,-0.010383
6.2015388E-07,-0.010387
6.2020388E-07,-0.010391
6.2025388E-07,-0.010394
6.2030388E-07,-0.010398
6.2035388E-07,-0.010400
6.2040388E-07,-0.010402
6.2045388E-07,-0.010404
6.2050388E-07,-0.010405
6.2055388E-07,-0.010406
6.2060388E-07,-0.010407
6.2065388E-07,-0.010406
6.2070388E-07,-0.010406
6.2075388E-07,-0.010405
6.2080388E-07,-0.010403
6.2085388E-07,-0.010401
6.2090388E-07,-0.010399
6.2095388E-07,-0.010396
6.2100388E-07,-0.010394
6.2105388E-07,-0.010391
6.2110388E-07,-0.010388
6.2115388E-07,-0.010385
6.2120388E-07,-0.010382
6.2125388E-07,-0.010380
6.2130388E-07,-0.010377
6.2135388E-07,-0.010375
6.2140388E-07,-0.010374
6.2145388E-07,-0.010373
6.2150388E-07,-0.010372
6.2155388E-07,-0.010372
6.2160388E-07,-0.010372
6.2165388E-07,-0.010372
6.2170388E-07,-0.010373
6.2175388E-07,-0.010373
6.2180388E-07,-0.010374
6.2185388E-07,-0.010375
6.2190388E-07,-0.010376
6.2195388E-07,-0.010377
6.2200388E-07,-0.010378
6.2205388E-07,-0.010378
6.2210388E-07,-0.010378
6.2215388E-07,-0.010379
6.2220388E-07,-0.010378
6.2225388E-07,-0.010378
6.2230388E-07,-0.010377
6.2235388E-07,-0.010377
6.2240388E-07,-0.010376
6.2245388E-07,-0.010374
6.2250388E-07,-0.010373
6.2255388E-07,-0.010371
6.2260388E-07,-0.010370
6.2265388E-07,-0.010368
6.2270388E-07,-0.010366
6.2275388E-07,-0.010364
6.2280388E-07,-0.010362
6.2285388E-07,-0.010360
6.2290388E-07,-0.010357
6.2295388E-07,-0.010355
6.2300388E-07,-0.010353
6.2305388E-07,-0.010351
6.2310388E-07,-0.010349
6.2315388E-07,-0.010347
6.2320388E-07,-0.010345
6.2325388E-07,-0.010344
6.2330388E-07,-0.010343
6.2335388E-07,-0.010343
6.2340388E-07,-0.010343
6.2345388E-07,-0.010343
6.2350388E-07,-0.010344
6.2355388E-07,-0.010345
6.2360388E-07,-0.010347
6.2365388E-07,-0.010350
6.2370388E-07,-0.010352
6.2375388E-07,-0.010355
6.2380388E-07,-0.010359
6.2385388E-07,-0.010362
6.2390388E-07,-0.010365
6.2395388E-07,-0.010368
6.2400388E-07,-0.010371
6.2405388E-07,-0.010373
6.2410388E-07,-0.010374
6.2415388E-07,-0.010375
6.2420388E-07,-0.010375
6.2425388E-07,-0.010374
6.2430388E-07,-0.010372
6.2435388E-07,-0.010369
6.2440388E-07,-0.010365
6.2445388E-07,-0.010360
6.2450388E-07,-0.010353
6.2455388E-07,-0.010346
6.2460388E-07,-0.010339
6.2465388E-07,-0.010330
6.2470388E-07,-0.010321
6.2475388E-07,-0.010311
6.2480388E-07,-0.010301
6.2485388E-07,-0.010291
6.2490388E-07,-0.010281
6.2495388E-07,-0.010271
6.2500388E-07,-0.010261
6.2505388E-07,-0.010252
6.2510388E-07,-0.010243
6.2515388E-07,-0.010234
6.2520388E-07,-0.010227
6.2525388E-07,-0.010220
6.2530388E-07,-0.010214
6.2535388E-07,-0.010210
6.2540388E-07,-0.010206
6.2545388E-07,-0.010203
6.2550388E-07,-0.010202
6.2555388E-07,-0.010202
6.2560388E-07,-0.010203
6.2565388E-07,-0.010205
6.2570388E-07,-0.010208
6.2575388E-07,-0.010213
6.2580388E-07,-0.010218
6.2585388E-07,-0.010224
6.2590388E-07,-0.010230
6.2595388E-07,-0.010237
6.2600388E-07,-0.010244
6.2605388E-07,-0.010251
6.2610388E-07,-0.010258
6.2615388E-07,-0.010264
6.2620388E-07,-0.010270
6.2625388E-07,-0.010275
6.2630388E-07,-0.010280
6.2635388E-07,-0.010283
6.2640388E-07,-0.010285
6.2645388E-07,-0.010286
6.2650388E-07,-0.010286
6.2655388E-07,-0.010284
6.2660388E-07,-0.010282
6.2665388E-07,-0.010278
6.2670388E-07,-0.010274
6.2675388E-07,-0.010270
6.2680388E-07,-0.010265
6.2685388E-07,-0.010259
6.2690388E-07,-0.010254
6.2695388E-07,-0.010249
6.2700388E-07,-0.010245
6.2705388E-07,-0.010241
6.2710388E-07,-0.010238
6.2715388E-07,-0.010236
6.2720388E-07,-0.010236
6.2725388E-07,-0.010236
6.2730388E-07,-0.010237
6.2735388E-07,-0.010240
6.2740388E-07,-0.010244
6.2745388E-07,-0.010249
6.2750388E-07,-0.010254
6.2755388E-07,-0.010261
6.2760388E-07,-0.010268
6.2765388E-07,-0.010276
6.2770388E-07,-0.010284
6.2775388E-07,-0.010292
6.2780388E-07,-0.010300
6.2785388E-07,-0.010307
6.2790388E-07,-0.010315
6.2795388E-07,-0.010322
6.2800388E-07,-0.010329
6.2805388E-07,-0.010335
6.2810388E-07,-0.010341
6.2815388E-07,-0.010346
6.2820388E-07,-0.010350
6.2825388E-07,-0.010354
6.2830388E-07,-0.010357
6.2835388E-07,-0.010359
6.2840388E-07,-0.010361
6.2845388E-07,-0.010363
6.2850388E-07,-0.010364
6.2855388E-07,-0.010364
6.2860388E-07,-0.010364
6.2865388E-07,-0.010364
6.2870388E-07,-0.010364
6.2875388E-07,-0.010363
6.2880388E-07,-0.010362
6.2885388E-07,-0.010361
6.2890388E-07,-0.010360
6.2895388E-07,-0.010358
6.2900388E-07,-0.010357
6.2905388E-07,-0.010355
6.2910388E-07,-0.010353
6.2915388E-07,-0.010351
6.2920388E-07,-0.010349
6.2925388E-07,-0.010346
6.2930388E-07,-0.010344
6.2935388E-07,-0.010341
6.2940388E-07,-0.010337
6.2945388E-07,-0.010333
6.2950388E-07,-0.010329
6.2955388E-07,-0.010325
6.2960388E-07,-0.010321
6.2965388E-07,-0.010316
6.2970388E-07,-0.010311
6.2975388E-07,-0.010306
6.2980388E-07,-0.010301
6.2985388E-07,-0.010297
6.2990388E-07,-0.010293
6.2995388E-07,-0.010289
6.3000388E-07,-0.010286
6.3005388E-07,-0.010284
6.3010388E-07,-0.010283
6.3015388E-07,-0.010284
6.3020388E-07,-0.010285
6.3025388E-07,-0.010288
6.3030388E-07,-0.010293
6.3035388E-07,-0.010299
6.3040388E-07,-0.010306
6.3045388E-07,-0.010315
6.3050388E-07,-0.010325
6.3055388E-07,-0.010336
6.3060388E-07,-0.010348
6.3065388E-07,-0.010361
6.3070388E-07,-0.010374
6.3075388E-07,-0.010387
6.3080388E-07,-0.010400
6.3085388E-07,-0.010412
6.3090388E-07,-0.010424
6.3095388E-07,-0.010434
6.3100388E-07,-0.010443
6.3105388E-07,-0.010450
6.3110388E-07,-0.010455
6.3115388E-07,-0.010458
6.3120388E-07,-0.010460
6.3125388E-07,-0.010459
6.3130388E-07,-0.010456
6.3135388E-07,-0.010452
6.3140388E-07,-0.010445
6.3145388E-07,-0.010437
6.3150388E-07,-0.010428
6.3155388E-07,-0.010418
6.3160388E-07,-0.010407
6.3165388E-07,-0.010395
6.3170388E-07,-0.010383
6.3175388E-07,-0.010370
6.3180388E-07,-0.010359
6.3185388E-07,-0.010347
6.3190388E-07,-0.010336
6.3195388E-07,-0.010326
6.3200388E-07,-0.010317
6.3205388E-07,-0.010309
6.3210388E-07,-0.010303
6.3215388E-07,-0.010297
6.3220388E-07,-0.010293
6.3225388E-07,-0.010290
6.3230388E-07,-0.010288
6.3235388E-07,-0.010288
6.3240388E-07,-0.010288
6.3245388E-07,-0.010290
6.3250388E-07,-0.010292
6.3255388E-07,-0.010296
6.3260388E-07,-0.010300
6.3265388E-07,-0.010304
6.3270388E-07,-0.010309
6.3275388E-07,-0.010314
6.3280388E-07,-0.010319
6.3285388E-07,-0.010323
6.3290388E-07,-0.010328
6.3295388E-07,-0.010332
6.3300388E-07,-0.010335
6.3305388E-07,-0.010337
6.3310388E-07,-0.010339
6.3315388E-07,-0.010339
6.3320388E-07,-0.010338
6.3325388E-07,-0.010335
6.3330388E-07,-0.010332
6.3335388E-07,-0.010326
6.3340388E-07,-0.010320
6.3345388E-07,-0.010312
6.3350388E-07,-0.010303
6.3355388E-07,-0.010294
6.3360388E-07,-0.010283
6.3365388E-07,-0.010272
6.3370388E-07,-0.010260
6.3375388E-07,-0.010248
6.3380388E-07,-0.010236
6.3385388E-07,-0.010225
6.3390388E-07,-0.010214
6.3395388E-07,-0.010205
6.3400388E-07,-0.010196
6.3405388E-07,-0.010188
6.3410388E-07,-0.010182
6.3415388E-07,-0.010177
6.3420388E-07,-0.010173
6.3425388E-07,-0.010171
6.3430388E-07,-0.010171
6.3435388E-07,-0.010171
6.3440388E-07,-0.010173
6.3445388E-07,-0.010176
6.3450388E-07,-0.010180
6.3455388E-07,-0.010185
6.3460388E-07,-0.010190
6.3465388E-07,-0.010196
6.3470388E-07,-0.010201
6.3475388E-07,-0.010207
6.3480388E-07,-0.010212
6.3485388E-07,-0.010217
6.3490388E-07,-0.010220
6.3495388E-07,-0.010223
6.3500388E-07,-0.010225
6.3505388E-07,-0.010226
6.3510388E-07,-0.010226
6.3515388E-07,-0.010224
6.3520388E-07,-0.010221
6.3525388E-07,-0.010216
6.3530388E-07,-0.010210
6.3535388E-07,-0.010203
6.3540388E-07,-0.010195
6.3545388E-07,-0.010186
6.3550388E-07,-0.010176
6.3555388E-07,-0.010165
6.3560388E-07,-0.010153
6.3565388E-07,-0.010141
6.3570388E-07,-0.010129
6.3575388E-07,-0.010117
6.3580388E-07,-0.010104
6.3585388E-07,-0.010092
6.3590388E-07,-0.010081
6.3595388E-07,-0.010070
6.3600388E-07,-0.010060
6.3605388E-07,-0.010051
6.3610388E-07,-0.010042
6.3615388E-07,-0.010035
6.3620388E-07,-0.010029
6.3625388E-07,-0.010024
6.3630388E-07,-0.010020
6.3635388E-07,-0.010017
6.3640388E-07,-0.010015
6.3645388E-07,-0.010014
6.3650388E-07,-0.010014
6.3655388E-07,-0.010015
6.3660388E-07,-0.010016
6.3665388E-07,-0.010018
6.3670388E-07,-0.010021
6.3675388E-07,-0.010024
6.3680388E-07,-0.010027
6.3685388E-07,-0.010031
6.3690388E-07,-0.010035
6.3695388E-07,-0.010039
6.3700388E-07,-0.010044
6.3705388E-07,-0.010048
6.3710388E-07,-0.010053
6.3715388E-07,-0.010058
6.3720388E-07,-0.010063
6.3725388E-07,-0.010068
6.3730388E-07,-0.010073
6.3735388E-07,-0.010078
6.3740388E-07,-0.010083
6.3745388E-07,-0.010088
6.3750388E-07,-0.010093
6.3755388E-07,-0.010098
6.3760388E-07,-0.010102
6.3765388E-07,-0.010107
6.3770388E-07,-0.010111
6.3775388E-07,-0.010115
6.3780388E-07,-0.010119
6.3785388E-07,-0.010123
6.3790388E-07,-0.010126
6.3795388E-07,-0.010129
6.3800388E-07,-0.010131
6.3805388E-07,-0.010134
6.3810388E-07,-0.010136
6.3815388E-07,-0.010138
6.3820388E-07,-0.010140
6.3825388E-07,-0.010142
6.3830388E-07,-0.010144
6.3835388E-07,-0.010146
6.3840388E-07,-0.010148
6.3845388E-07,-0.010150
6.3850388E-07,-0.010152
6.3855388E-07,-0.010155
6.3860388E-07,-0.010158
6.3865388E-07,-0.010162
6.3870388E-07,-0.010166
6.3875388E-07,-0.010170
6.3880388E-07,-0.010174
6.3885388E-07,-0.010179
6.3890388E-07,-0.010185
6.3895388E-07,-0.010190
6.3900388E-07,-0.010196
6.3905388E-07,-0.010203
6.3910388E-07,-0.010210
6.3915388E-07,-0.010217
6.3920388E-07,-0.010225
6.3925388E-07,-0.010234
6.3930388E-07,-0.010243
6.3935388E-07,-0.010253
6.3940388E-07,-0.010263
6.3945388E-07,-0.010274
6.3950388E-07,-0.010285
6.3955388E-07,-0.010297
6.3960388E-07,-0.010310
6.3965388E-07,-0.010322
6.3970388E-07,-0.010336
6.3975388E-07,-0.010349
6.3980388E-07,-0.010363
6.3985388E-07,-0.010376
6.3990388E-07,-0.010389
6.3995388E-07,-0.010402
6.4000388E-07,-0.010414
6.4005388E-07,-0.010425
6.4010388E-07,-0.010436
6.4015388E-07,-0.010445
6.4020388E-07,-0.010453
6.4025388E-07,-0.010460
6.4030388E-07,-0.010465
6.4035388E-07,-0.010468
6.4040388E-07,-0.010470
6.4045388E-07,-0.010470
6.4050388E-07,-0.010469
6.4055388E-07,-0.010466
6.4060388E-07,-0.010461
6.4065388E-07,-0.010455
6.4070388E-07,-0.010447
6.4075388E-07,-0.010438
6.4080388E-07,-0.010427
6.4085388E-07,-0.010415
6.4090388E-07,-0.010403
6.4095388E-07,-0.010389
6.4100388E-07,-0.010374
6.4105388E-07,-0.010359
6.4110388E-07,-0.010343
6.4115388E-07,-0.010326
6.4120388E-07,-0.010309
6.4125388E-07,-0.010291
6.4130388E-07,-0.010273
6.4135388E-07,-0.010255
6.4140388E-07,-0.010237
6.4145388E-07,-0.010219
6.4150388E-07,-0.010202
6.4155388E-07,-0.010184
6.4160388E-07,-0.010168
6.4165388E-07,-0.010151
6.4170388E-07,-0.010136
6.4175388E-07,-0.010121
6.4180388E-07,-0.010107
6.4185388E-07,-0.010094
6.4190388E-07,-0.010083
6.4195388E-07,-0.010072
6.4200388E-07,-0.010062
6.4205388E-07,-0.010054
6.4210388E-07,-0.010047
6.4215388E-07,-0.010040
6.4220388E-07,-0.010035
6.4225388E-07,-0.010031
6.4230388E-07,-0.010028
6.4235388E-07,-0.010026
6.4240388E-07,-0.010025
6.4245388E-07,-0.010025
6.4250388E-07,-0.010025
6.4255388E-07,-0.010026
6.4260388E-07,-0.010028
6.4265388E-07,-0.010031
6.4270388E-07,-0.010034
6.4275388E-07,-0.010038
6.4280388E-07,-0.010042
6.4285388E-07,-0.010047
6.4290388E-07,-0.010053
6.4295388E-07,-0.010059
6.4300388E-07,-0.010066
6.4305388E-07,-0.010074
6.4310388E-07,-0.010082
6.4315388E-07,-0.010091
6.4320388E-07,-0.010101
6.4325388E-07,-0.010111
6.4330388E-07,-0.010123
6.4335388E-07,-0.010135
6.4340388E-07,-0.010147
6.4345388E-07,-0.010161
6.4350388E-07,-0.010175
6.4355388E-07,-0.010189
6.4360388E-07,-0.010204
6.4365388E-07,-0.010220
6.4370388E-07,-0.010236
6.4375388E-07,-0.010252
6.4380388E-07,-0.010269
6.4385388E-07,-0.010285
6.4390388E-07,-0.010302
6.4395388E-07,-0.010318
6.4400388E-07,-0.010334
6.4405388E-07,-0.010350
6.4410388E-07,-0.010364
6.4415388E-07,-0.010378
6.4420388E-07,-0.010390
6.4425388E-07,-0.010402
6.4430388E-07,-0.010411
6.4435388E-07,-0.010419
6.4440388E-07,-0.010425
6.4445388E-07,-0.010429
6.4450388E-07,-0.010431
6.4455388E-07,-0.010431
6.4460388E-07,-0.010429
6.4465388E-07,-0.010425
6.4470388E-07,-0.010419
6.4475388E-07,-0.010411
6.4480388E-07,-0.010401
6.4485388E-07,-0.010390
6.4490388E-07,-0.010377
6.4495388E-07,-0.010364
6.4500388E-07,-0.010350
6.4505388E-07,-0.010335
6.4510388E-07,-0.010320
6.4515388E-07,-0.010305
6.4520388E-07,-0.010291
6.4525388E-07,-0.010277
6.4530388E-07,-0.010264
6.4535388E-07,-0.010252
6.4540388E-07,-0.010241
6.4545388E-07,-0.010231
6.4550388E-07,-0.010222
6.4555388E-07,-0.010215
6.4560388E-07,-0.010208
6.4565388E-07,-0.010203
6.4570388E-07,-0.010199
6.4575388E-07,-0.010196
6.4580388E-07,-0.010193
6.4585388E-07,-0.010192
6.4590388E-07,-0.010191
6.4595388E-07,-0.010190
6.4600388E-07,-0.010191
6.4605388E-07,-0.010191
6.4610388E-07,-0.010193
6.4615388E-07,-0.010194
6.4620388E-07,-0.010196
6.4625388E-07,-0.010198
6.4630388E-07,-0.010201
6.4635388E-07,-0.010203
6.4640388E-07,-0.010206
6.4645388E-07,-0.010209
6.4650388E-07,-0.010213
6.4655388E-07,-0.010216
6.4660388E-07,-0.010219
6.4665388E-07,-0.010223
6.4670388E-07,-0.010226
6.4675388E-07,-0.010228
6.4680388E-07,-0.010230
6.4685388E-07,-0.010232
6.4690388E-07,-0.010233
6.4695388E-07,-0.010234
6.4700388E-07,-0.010234
6.4705388E-07,-0.010233
6.4710388E-07,-0.010231
6.4715388E-07,-0.010229
6.4720388E-07,-0.010226
6.4725388E-07,-0.010222
6.4730388E-07,-0.010218
6.4735388E-07,-0.010214
6.4740388E-07,-0.010209
6.4745388E-07,-0.010205
6.4750388E-07,-0.010200
6.4755388E-07,-0.010196
6.4760388E-07,-0.010192
6.4765388E-07,-0.010189
6.4770388E-07,-0.010187
6.4775388E-07,-0.010185
6.4780388E-07,-0.010184
6.4785388E-07,-0.010184
6.4790388E-07,-0.010185
6.4795388E-07,-0.010186
6.4800388E-07,-0.010188
6.4805388E-07,-0.010191
6.4810388E-07,-0.010193
6.4815388E-07,-0.010197
6.4820388E-07,-0.010200
6.4825388E-07,-0.010204
6.4830388E-07,-0.010207
6.4835388E-07,-0.010210
6.4840388E-07,-0.010213
6.4845388E-07,-0.010216
6.4850388E-07,-0.010217
6.4855388E-07,-0.010219
6.4860388E-07,-0.010219
6.4865388E-07,-0.010220
6.4870388E-07,-0.010219
6.4875388E-07,-0.010218
6.4880388E-07,-0.010216
6.4885388E-07,-0.010214
6.4890388E-07,-0.010211
6.4895388E-07,-0.010208
6.4900388E-07,-0.010204
6.4905388E-07,-0.010201
6.4910388E-07,-0.010196
6.4915388E-07,-0.010192
6.4920388E-07,-0.010188
6.4925388E-07,-0.010183
6.4930388E-07,-0.010179
6.4935388E-07,-0.010174
6.4940388E-07,-0.010170
6.4945388E-07,-0.010165
6.4950388E-07,-0.010161
6.4955388E-07,-0.010157
6.4960388E-07,-0.010153
6.4965388E-07,-0.010150
6.4970388E-07,-0.010147
6.4975388E-07,-0.010144
6.4980388E-07,-0.010142
6.4985388E-07,-0.010140
6.4990388E-07,-0.010139
6.4995388E-07,-0.010138
6.5000388E-07,-0.010137
6.5005388E-07,-0.010137
6.5010388E-07,-0.010137
6.5015388E-07,-0.010137
6.5020388E-07,-0.010138
6.5025388E-07,-0.010139
6.5030388E-07,-0.010140
6.5035388E-07,-0.010141
6.5040388E-07,-0.010142
6.5045388E-07,-0.010143
6.5050388E-07,-0.010144
6.5055388E-07,-0.010144
6.5060388E-07,-0.010145
6.5065388E-07,-0.010145
6.5070388E-07,-0.010145
6.5075388E-07,-0.010145
6.5080388E-07,-0.010145
6.5085388E-07,-0.010145
6.5090388E-07,-0.010145
6.5095388E-07,-0.010145
6.5100388E-07,-0.010144
6.5105388E-07,-0.010144
6.5110388E-07,-0.010144
6.5115388E-07,-0.010144
6.5120388E-07,-0.010144
6.5125388E-07,-0.010144
6.5130388E-07,-0.010145
6.5135388E-07,-0.010145
6.5140388E-07,-0.010146
6.5145388E-07,-0.010146
6.5150388E-07,-0.010146
6.5155388E-07,-0.010147
6.5160388E-07,-0.010147
6.5165388E-07,-0.010147
6.5170388E-07,-0.010146
6.5175388E-07,-0.010145
6.5180388E-07,-0.010144
6.5185388E-07,-0.010142
6.5190388E-07,-0.010140
6.5195388E-07,-0.010138
6.5200388E-07,-0.010135
6.5205388E-07,-0.010132
6.5210388E-07,-0.010128
6.5215388E-07,-0.010125
6.5220388E-07,-0.010121
6.5225388E-07,-0.010118
6.5230388E-07,-0.010115
6.5235388E-07,-0.010111
6.5240388E-07,-0.010108
6.5245388E-07,-0.010106
6.5250388E-07,-0.010104
6.5255388E-07,-0.010102
6.5260388E-07,-0.010101
6.5265388E-07,-0.010100
6.5270388E-07,-0.010100
6.5275388E-07,-0.010101
6.5280388E-07,-0.010103
6.5285388E-07,-0.010105
6.5290388E-07,-0.010108
6.5295388E-07,-0.010111
6.5300388E-07,-0.010115
6.5305388E-07,-0.010120
6.5310388E-07,-0.010125
6.5315388E-07,-0.010130
6.5320388E-07,-0.010136
6.5325388E-07,-0.010141
6.5330388E-07,-0.010147
6.5335388E-07,-0.010152
6.5340388E-07,-0.010156
6.5345388E-07,-0.010160
6.5350388E-07,-0.010162
6.5355388E-07,-0.010163
6.5360388E-07,-0.010162
6.5365388E-07,-0.010160
6.5370388E-07,-0.010155
6.5375388E-07,-0.010147
6.5380388E-07,-0.010137
6.5385388E-07,-0.010123
6.5390388E-07,-0.010107
6.5395388E-07,-0.010088
6.5400388E-07,-0.010066
6.5405388E-07,-0.010041
6.5410388E-07,-0.010013
6.5415388E-07,-0.009982
6.5420388E-07,-0.009950
6.5425388E-07,-0.009915
6.5430388E-07,-0.009880
6.5435388E-07,-0.009843
