LECROYWaveRunner‘N,20113,Waveform
Segments,1,SegmentSize,4002
Segment,TrigTime,TimeSinceSegment1
#1,12-Dec-2018 11:24:36,0                 
Time,Ampl
4.5694075E-07,-0.010840
4.5699075E-07,-0.010849
4.5704075E-07,-0.010855
4.5709075E-07,-0.010858
4.5714075E-07,-0.010858
4.5719075E-07,-0.010855
4.5724075E-07,-0.010849
4.5729075E-07,-0.010841
4.5734075E-07,-0.010832
4.5739075E-07,-0.010821
4.5744075E-07,-0.010809
4.5749075E-07,-0.010797
4.5754075E-07,-0.010786
4.5759075E-07,-0.010776
4.5764075E-07,-0.010767
4.5769075E-07,-0.010760
4.5774075E-07,-0.010756
4.5779075E-07,-0.010754
4.5784075E-07,-0.010755
4.5789075E-07,-0.010757
4.5794075E-07,-0.010762
4.5799075E-07,-0.010768
4.5804075E-07,-0.010775
4.5809075E-07,-0.010782
4.5814075E-07,-0.010790
4.5819075E-07,-0.010797
4.5824075E-07,-0.010803
4.5829075E-07,-0.010807
4.5834075E-07,-0.010810
4.5839075E-07,-0.010810
4.5844075E-07,-0.010808
4.5849075E-07,-0.010803
4.5854075E-07,-0.010797
4.5859075E-07,-0.010788
4.5864075E-07,-0.010778
4.5869075E-07,-0.010766
4.5874075E-07,-0.010754
4.5879075E-07,-0.010742
4.5884075E-07,-0.010730
4.5889075E-07,-0.010719
4.5894075E-07,-0.010709
4.5899075E-07,-0.010701
4.5904075E-07,-0.010694
4.5909075E-07,-0.010690
4.5914075E-07,-0.010687
4.5919075E-07,-0.010685
4.5924075E-07,-0.010685
4.5929075E-07,-0.010686
4.5934075E-07,-0.010687
4.5939075E-07,-0.010688
4.5944075E-07,-0.010688
4.5949075E-07,-0.010687
4.5954075E-07,-0.010684
4.5959075E-07,-0.010679
4.5964075E-07,-0.010672
4.5969075E-07,-0.010662
4.5974075E-07,-0.010649
4.5979075E-07,-0.010633
4.5984075E-07,-0.010615
4.5989075E-07,-0.010594
4.5994075E-07,-0.010572
4.5999075E-07,-0.010549
4.6004075E-07,-0.010525
4.6009075E-07,-0.010502
4.6014075E-07,-0.010480
4.6019075E-07,-0.010459
4.6024075E-07,-0.010441
4.6029075E-07,-0.010427
4.6034075E-07,-0.010415
4.6039075E-07,-0.010408
4.6044075E-07,-0.010404
4.6049075E-07,-0.010404
4.6054075E-07,-0.010408
4.6059075E-07,-0.010416
4.6064075E-07,-0.010426
4.6069075E-07,-0.010439
4.6074075E-07,-0.010453
4.6079075E-07,-0.010468
4.6084075E-07,-0.010484
4.6089075E-07,-0.010498
4.6094075E-07,-0.010512
4.6099075E-07,-0.010524
4.6104075E-07,-0.010533
4.6109075E-07,-0.010540
4.6114075E-07,-0.010544
4.6119075E-07,-0.010546
4.6124075E-07,-0.010544
4.6129075E-07,-0.010541
4.6134075E-07,-0.010535
4.6139075E-07,-0.010527
4.6144075E-07,-0.010519
4.6149075E-07,-0.010510
4.6154075E-07,-0.010501
4.6159075E-07,-0.010493
4.6164075E-07,-0.010485
4.6169075E-07,-0.010479
4.6174075E-07,-0.010475
4.6179075E-07,-0.010471
4.6184075E-07,-0.010470
4.6189075E-07,-0.010470
4.6194075E-07,-0.010471
4.6199075E-07,-0.010472
4.6204075E-07,-0.010474
4.6209075E-07,-0.010476
4.6214075E-07,-0.010476
4.6219075E-07,-0.010476
4.6224075E-07,-0.010473
4.6229075E-07,-0.010468
4.6234075E-07,-0.010461
4.6239075E-07,-0.010452
4.6244075E-07,-0.010440
4.6249075E-07,-0.010425
4.6254075E-07,-0.010409
4.6259075E-07,-0.010392
4.6264075E-07,-0.010373
4.6269075E-07,-0.010354
4.6274075E-07,-0.010336
4.6279075E-07,-0.010319
4.6284075E-07,-0.010305
4.6289075E-07,-0.010293
4.6294075E-07,-0.010285
4.6299075E-07,-0.010281
4.6304075E-07,-0.010281
4.6309075E-07,-0.010285
4.6314075E-07,-0.010294
4.6319075E-07,-0.010308
4.6324075E-07,-0.010325
4.6329075E-07,-0.010347
4.6334075E-07,-0.010371
4.6339075E-07,-0.010397
4.6344075E-07,-0.010425
4.6349075E-07,-0.010454
4.6354075E-07,-0.010482
4.6359075E-07,-0.010509
4.6364075E-07,-0.010535
4.6369075E-07,-0.010559
4.6374075E-07,-0.010580
4.6379075E-07,-0.010597
4.6384075E-07,-0.010612
4.6389075E-07,-0.010624
4.6394075E-07,-0.010632
4.6399075E-07,-0.010638
4.6404075E-07,-0.010642
4.6409075E-07,-0.010644
4.6414075E-07,-0.010645
4.6419075E-07,-0.010645
4.6424075E-07,-0.010645
4.6429075E-07,-0.010645
4.6434075E-07,-0.010646
4.6439075E-07,-0.010649
4.6444075E-07,-0.010653
4.6449075E-07,-0.010658
4.6454075E-07,-0.010665
4.6459075E-07,-0.010673
4.6464075E-07,-0.010683
4.6469075E-07,-0.010693
4.6474075E-07,-0.010703
4.6479075E-07,-0.010714
4.6484075E-07,-0.010723
4.6489075E-07,-0.010732
4.6494075E-07,-0.010739
4.6499075E-07,-0.010744
4.6504075E-07,-0.010746
4.6509075E-07,-0.010747
4.6514075E-07,-0.010745
4.6519075E-07,-0.010741
4.6524075E-07,-0.010735
4.6529075E-07,-0.010727
4.6534075E-07,-0.010718
4.6539075E-07,-0.010708
4.6544075E-07,-0.010699
4.6549075E-07,-0.010689
4.6554075E-07,-0.010680
4.6559075E-07,-0.010673
4.6564075E-07,-0.010668
4.6569075E-07,-0.010665
4.6574075E-07,-0.010664
4.6579075E-07,-0.010665
4.6584075E-07,-0.010669
4.6589075E-07,-0.010675
4.6594075E-07,-0.010683
4.6599075E-07,-0.010693
4.6604075E-07,-0.010703
4.6609075E-07,-0.010714
4.6614075E-07,-0.010725
4.6619075E-07,-0.010735
4.6624075E-07,-0.010744
4.6629075E-07,-0.010751
4.6634075E-07,-0.010756
4.6639075E-07,-0.010759
4.6644075E-07,-0.010759
4.6649075E-07,-0.010757
4.6654075E-07,-0.010752
4.6659075E-07,-0.010746
4.6664075E-07,-0.010737
4.6669075E-07,-0.010728
4.6674075E-07,-0.010719
4.6679075E-07,-0.010709
4.6684075E-07,-0.010700
4.6689075E-07,-0.010692
4.6694075E-07,-0.010686
4.6699075E-07,-0.010683
4.6704075E-07,-0.010682
4.6709075E-07,-0.010683
4.6714075E-07,-0.010688
4.6719075E-07,-0.010695
4.6724075E-07,-0.010705
4.6729075E-07,-0.010717
4.6734075E-07,-0.010730
4.6739075E-07,-0.010745
4.6744075E-07,-0.010760
4.6749075E-07,-0.010775
4.6754075E-07,-0.010790
4.6759075E-07,-0.010803
4.6764075E-07,-0.010814
4.6769075E-07,-0.010823
4.6774075E-07,-0.010830
4.6779075E-07,-0.010834
4.6784075E-07,-0.010835
4.6789075E-07,-0.010834
4.6794075E-07,-0.010831
4.6799075E-07,-0.010825
4.6804075E-07,-0.010819
4.6809075E-07,-0.010811
4.6814075E-07,-0.010803
4.6819075E-07,-0.010796
4.6824075E-07,-0.010789
4.6829075E-07,-0.010784
4.6834075E-07,-0.010781
4.6839075E-07,-0.010779
4.6844075E-07,-0.010780
4.6849075E-07,-0.010783
4.6854075E-07,-0.010787
4.6859075E-07,-0.010794
4.6864075E-07,-0.010802
4.6869075E-07,-0.010810
4.6874075E-07,-0.010819
4.6879075E-07,-0.010827
4.6884075E-07,-0.010834
4.6889075E-07,-0.010839
4.6894075E-07,-0.010842
4.6899075E-07,-0.010842
4.6904075E-07,-0.010839
4.6909075E-07,-0.010832
4.6914075E-07,-0.010821
4.6919075E-07,-0.010807
4.6924075E-07,-0.010789
4.6929075E-07,-0.010768
4.6934075E-07,-0.010745
4.6939075E-07,-0.010719
4.6944075E-07,-0.010692
4.6949075E-07,-0.010665
4.6954075E-07,-0.010638
4.6959075E-07,-0.010611
4.6964075E-07,-0.010586
4.6969075E-07,-0.010563
4.6974075E-07,-0.010543
4.6979075E-07,-0.010525
4.6984075E-07,-0.010511
4.6989075E-07,-0.010499
4.6994075E-07,-0.010491
4.6999075E-07,-0.010486
4.7004075E-07,-0.010484
4.7009075E-07,-0.010484
4.7014075E-07,-0.010485
4.7019075E-07,-0.010488
4.7024075E-07,-0.010492
4.7029075E-07,-0.010497
4.7034075E-07,-0.010502
4.7039075E-07,-0.010506
4.7044075E-07,-0.010510
4.7049075E-07,-0.010514
4.7054075E-07,-0.010516
4.7059075E-07,-0.010519
4.7064075E-07,-0.010520
4.7069075E-07,-0.010522
4.7074075E-07,-0.010523
4.7079075E-07,-0.010525
4.7084075E-07,-0.010527
4.7089075E-07,-0.010531
4.7094075E-07,-0.010535
4.7099075E-07,-0.010540
4.7104075E-07,-0.010547
4.7109075E-07,-0.010555
4.7114075E-07,-0.010564
4.7119075E-07,-0.010574
4.7124075E-07,-0.010585
4.7129075E-07,-0.010596
4.7134075E-07,-0.010606
4.7139075E-07,-0.010615
4.7144075E-07,-0.010624
4.7149075E-07,-0.010630
4.7154075E-07,-0.010634
4.7159075E-07,-0.010636
4.7164075E-07,-0.010634
4.7169075E-07,-0.010630
4.7174075E-07,-0.010623
4.7179075E-07,-0.010613
4.7184075E-07,-0.010601
4.7189075E-07,-0.010586
4.7194075E-07,-0.010571
4.7199075E-07,-0.010554
4.7204075E-07,-0.010537
4.7209075E-07,-0.010520
4.7214075E-07,-0.010505
4.7219075E-07,-0.010492
4.7224075E-07,-0.010481
4.7229075E-07,-0.010474
4.7234075E-07,-0.010470
4.7239075E-07,-0.010469
4.7244075E-07,-0.010473
4.7249075E-07,-0.010481
4.7254075E-07,-0.010492
4.7259075E-07,-0.010506
4.7264075E-07,-0.010523
4.7269075E-07,-0.010542
4.7274075E-07,-0.010562
4.7279075E-07,-0.010583
4.7284075E-07,-0.010603
4.7289075E-07,-0.010623
4.7294075E-07,-0.010641
4.7299075E-07,-0.010656
4.7304075E-07,-0.010668
4.7309075E-07,-0.010677
4.7314075E-07,-0.010683
4.7319075E-07,-0.010685
4.7324075E-07,-0.010684
4.7329075E-07,-0.010679
4.7334075E-07,-0.010672
4.7339075E-07,-0.010662
4.7344075E-07,-0.010650
4.7349075E-07,-0.010638
4.7354075E-07,-0.010624
4.7359075E-07,-0.010611
4.7364075E-07,-0.010598
4.7369075E-07,-0.010586
4.7374075E-07,-0.010576
4.7379075E-07,-0.010568
4.7384075E-07,-0.010562
4.7389075E-07,-0.010557
4.7394075E-07,-0.010555
4.7399075E-07,-0.010554
4.7404075E-07,-0.010555
4.7409075E-07,-0.010557
4.7414075E-07,-0.010559
4.7419075E-07,-0.010562
4.7424075E-07,-0.010565
4.7429075E-07,-0.010567
4.7434075E-07,-0.010569
4.7439075E-07,-0.010570
4.7444075E-07,-0.010569
4.7449075E-07,-0.010568
4.7454075E-07,-0.010566
4.7459075E-07,-0.010562
4.7464075E-07,-0.010559
4.7469075E-07,-0.010555
4.7474075E-07,-0.010552
4.7479075E-07,-0.010549
4.7484075E-07,-0.010548
4.7489075E-07,-0.010549
4.7494075E-07,-0.010551
4.7499075E-07,-0.010556
4.7504075E-07,-0.010564
4.7509075E-07,-0.010575
4.7514075E-07,-0.010588
4.7519075E-07,-0.010603
4.7524075E-07,-0.010621
4.7529075E-07,-0.010641
4.7534075E-07,-0.010662
4.7539075E-07,-0.010684
4.7544075E-07,-0.010706
4.7549075E-07,-0.010728
4.7554075E-07,-0.010749
4.7559075E-07,-0.010768
4.7564075E-07,-0.010785
4.7569075E-07,-0.010799
4.7574075E-07,-0.010811
4.7579075E-07,-0.010820
4.7584075E-07,-0.010826
4.7589075E-07,-0.010829
4.7594075E-07,-0.010829
4.7599075E-07,-0.010827
4.7604075E-07,-0.010823
4.7609075E-07,-0.010818
4.7614075E-07,-0.010812
4.7619075E-07,-0.010806
4.7624075E-07,-0.010801
4.7629075E-07,-0.010796
4.7634075E-07,-0.010793
4.7639075E-07,-0.010791
4.7644075E-07,-0.010791
4.7649075E-07,-0.010793
4.7654075E-07,-0.010797
4.7659075E-07,-0.010802
4.7664075E-07,-0.010809
4.7669075E-07,-0.010818
4.7674075E-07,-0.010826
4.7679075E-07,-0.010835
4.7684075E-07,-0.010844
4.7689075E-07,-0.010852
4.7694075E-07,-0.010858
4.7699075E-07,-0.010863
4.7704075E-07,-0.010865
4.7709075E-07,-0.010866
4.7714075E-07,-0.010863
4.7719075E-07,-0.010858
4.7724075E-07,-0.010851
4.7729075E-07,-0.010842
4.7734075E-07,-0.010831
4.7739075E-07,-0.010819
4.7744075E-07,-0.010806
4.7749075E-07,-0.010793
4.7754075E-07,-0.010779
4.7759075E-07,-0.010767
4.7764075E-07,-0.010756
4.7769075E-07,-0.010746
4.7774075E-07,-0.010738
4.7779075E-07,-0.010732
4.7784075E-07,-0.010728
4.7789075E-07,-0.010725
4.7794075E-07,-0.010725
4.7799075E-07,-0.010725
4.7804075E-07,-0.010726
4.7809075E-07,-0.010728
4.7814075E-07,-0.010730
4.7819075E-07,-0.010731
4.7824075E-07,-0.010731
4.7829075E-07,-0.010730
4.7834075E-07,-0.010727
4.7839075E-07,-0.010723
4.7844075E-07,-0.010716
4.7849075E-07,-0.010708
4.7854075E-07,-0.010697
4.7859075E-07,-0.010686
4.7864075E-07,-0.010673
4.7869075E-07,-0.010660
4.7874075E-07,-0.010646
4.7879075E-07,-0.010633
4.7884075E-07,-0.010621
4.7889075E-07,-0.010611
4.7894075E-07,-0.010602
4.7899075E-07,-0.010596
4.7904075E-07,-0.010592
4.7909075E-07,-0.010590
4.7914075E-07,-0.010591
4.7919075E-07,-0.010595
4.7924075E-07,-0.010601
4.7929075E-07,-0.010608
4.7934075E-07,-0.010617
4.7939075E-07,-0.010626
4.7944075E-07,-0.010636
4.7949075E-07,-0.010645
4.7954075E-07,-0.010653
4.7959075E-07,-0.010660
4.7964075E-07,-0.010665
4.7969075E-07,-0.010667
4.7974075E-07,-0.010667
4.7979075E-07,-0.010665
4.7984075E-07,-0.010661
4.7989075E-07,-0.010654
4.7994075E-07,-0.010645
4.7999075E-07,-0.010635
4.8004075E-07,-0.010624
4.8009075E-07,-0.010613
4.8014075E-07,-0.010603
4.8019075E-07,-0.010593
4.8024075E-07,-0.010584
4.8029075E-07,-0.010577
4.8034075E-07,-0.010573
4.8039075E-07,-0.010571
4.8044075E-07,-0.010571
4.8049075E-07,-0.010574
4.8054075E-07,-0.010579
4.8059075E-07,-0.010586
4.8064075E-07,-0.010594
4.8069075E-07,-0.010604
4.8074075E-07,-0.010614
4.8079075E-07,-0.010623
4.8084075E-07,-0.010632
4.8089075E-07,-0.010639
4.8094075E-07,-0.010645
4.8099075E-07,-0.010648
4.8104075E-07,-0.010648
4.8109075E-07,-0.010645
4.8114075E-07,-0.010639
4.8119075E-07,-0.010630
4.8124075E-07,-0.010618
4.8129075E-07,-0.010604
4.8134075E-07,-0.010588
4.8139075E-07,-0.010570
4.8144075E-07,-0.010552
4.8149075E-07,-0.010533
4.8154075E-07,-0.010515
4.8159075E-07,-0.010498
4.8164075E-07,-0.010483
4.8169075E-07,-0.010470
4.8174075E-07,-0.010460
4.8179075E-07,-0.010452
4.8184075E-07,-0.010448
4.8189075E-07,-0.010446
4.8194075E-07,-0.010448
4.8199075E-07,-0.010453
4.8204075E-07,-0.010460
4.8209075E-07,-0.010469
4.8214075E-07,-0.010479
4.8219075E-07,-0.010491
4.8224075E-07,-0.010503
4.8229075E-07,-0.010516
4.8234075E-07,-0.010528
4.8239075E-07,-0.010539
4.8244075E-07,-0.010550
4.8249075E-07,-0.010559
4.8254075E-07,-0.010566
4.8259075E-07,-0.010573
4.8264075E-07,-0.010577
4.8269075E-07,-0.010581
4.8274075E-07,-0.010584
4.8279075E-07,-0.010585
4.8284075E-07,-0.010587
4.8289075E-07,-0.010588
4.8294075E-07,-0.010589
4.8299075E-07,-0.010591
4.8304075E-07,-0.010593
4.8309075E-07,-0.010596
4.8314075E-07,-0.010599
4.8319075E-07,-0.010603
4.8324075E-07,-0.010608
4.8329075E-07,-0.010613
4.8334075E-07,-0.010618
4.8339075E-07,-0.010623
4.8344075E-07,-0.010628
4.8349075E-07,-0.010631
4.8354075E-07,-0.010634
4.8359075E-07,-0.010634
4.8364075E-07,-0.010633
4.8369075E-07,-0.010630
4.8374075E-07,-0.010624
4.8379075E-07,-0.010617
4.8384075E-07,-0.010608
4.8389075E-07,-0.010597
4.8394075E-07,-0.010584
4.8399075E-07,-0.010571
4.8404075E-07,-0.010557
4.8409075E-07,-0.010544
4.8414075E-07,-0.010531
4.8419075E-07,-0.010519
4.8424075E-07,-0.010509
4.8429075E-07,-0.010502
4.8434075E-07,-0.010497
4.8439075E-07,-0.010495
4.8444075E-07,-0.010496
4.8449075E-07,-0.010501
4.8454075E-07,-0.010508
4.8459075E-07,-0.010519
4.8464075E-07,-0.010532
4.8469075E-07,-0.010548
4.8474075E-07,-0.010565
4.8479075E-07,-0.010583
4.8484075E-07,-0.010602
4.8489075E-07,-0.010621
4.8494075E-07,-0.010639
4.8499075E-07,-0.010656
4.8504075E-07,-0.010671
4.8509075E-07,-0.010684
4.8514075E-07,-0.010695
4.8519075E-07,-0.010704
4.8524075E-07,-0.010709
4.8529075E-07,-0.010713
4.8534075E-07,-0.010714
4.8539075E-07,-0.010714
4.8544075E-07,-0.010712
4.8549075E-07,-0.010709
4.8554075E-07,-0.010705
4.8559075E-07,-0.010701
4.8564075E-07,-0.010698
4.8569075E-07,-0.010694
4.8574075E-07,-0.010692
4.8579075E-07,-0.010691
4.8584075E-07,-0.010691
4.8589075E-07,-0.010692
4.8594075E-07,-0.010694
4.8599075E-07,-0.010697
4.8604075E-07,-0.010700
4.8609075E-07,-0.010704
4.8614075E-07,-0.010708
4.8619075E-07,-0.010711
4.8624075E-07,-0.010713
4.8629075E-07,-0.010714
4.8634075E-07,-0.010714
4.8639075E-07,-0.010712
4.8644075E-07,-0.010708
4.8649075E-07,-0.010703
4.8654075E-07,-0.010696
4.8659075E-07,-0.010688
4.8664075E-07,-0.010679
4.8669075E-07,-0.010670
4.8674075E-07,-0.010660
4.8679075E-07,-0.010651
4.8684075E-07,-0.010642
4.8689075E-07,-0.010635
4.8694075E-07,-0.010630
4.8699075E-07,-0.010626
4.8704075E-07,-0.010625
4.8709075E-07,-0.010626
4.8714075E-07,-0.010630
4.8719075E-07,-0.010635
4.8724075E-07,-0.010643
4.8729075E-07,-0.010652
4.8734075E-07,-0.010663
4.8739075E-07,-0.010673
4.8744075E-07,-0.010684
4.8749075E-07,-0.010695
4.8754075E-07,-0.010704
4.8759075E-07,-0.010712
4.8764075E-07,-0.010718
4.8769075E-07,-0.010722
4.8774075E-07,-0.010723
4.8779075E-07,-0.010722
4.8784075E-07,-0.010718
4.8789075E-07,-0.010713
4.8794075E-07,-0.010705
4.8799075E-07,-0.010696
4.8804075E-07,-0.010687
4.8809075E-07,-0.010676
4.8814075E-07,-0.010667
4.8819075E-07,-0.010658
4.8824075E-07,-0.010650
4.8829075E-07,-0.010644
4.8834075E-07,-0.010640
4.8839075E-07,-0.010639
4.8844075E-07,-0.010639
4.8849075E-07,-0.010643
4.8854075E-07,-0.010648
4.8859075E-07,-0.010655
4.8864075E-07,-0.010663
4.8869075E-07,-0.010673
4.8874075E-07,-0.010682
4.8879075E-07,-0.010691
4.8884075E-07,-0.010700
4.8889075E-07,-0.010706
4.8894075E-07,-0.010710
4.8899075E-07,-0.010712
4.8904075E-07,-0.010711
4.8909075E-07,-0.010706
4.8914075E-07,-0.010698
4.8919075E-07,-0.010687
4.8924075E-07,-0.010673
4.8929075E-07,-0.010656
4.8934075E-07,-0.010636
4.8939075E-07,-0.010615
4.8944075E-07,-0.010592
4.8949075E-07,-0.010569
4.8954075E-07,-0.010546
4.8959075E-07,-0.010523
4.8964075E-07,-0.010501
4.8969075E-07,-0.010481
4.8974075E-07,-0.010463
4.8979075E-07,-0.010448
4.8984075E-07,-0.010434
4.8989075E-07,-0.010424
4.8994075E-07,-0.010416
4.8999075E-07,-0.010410
4.9004075E-07,-0.010407
4.9009075E-07,-0.010405
4.9014075E-07,-0.010406
4.9019075E-07,-0.010408
4.9024075E-07,-0.010410
4.9029075E-07,-0.010414
4.9034075E-07,-0.010417
4.9039075E-07,-0.010421
4.9044075E-07,-0.010425
4.9049075E-07,-0.010429
4.9054075E-07,-0.010433
4.9059075E-07,-0.010436
4.9064075E-07,-0.010439
4.9069075E-07,-0.010443
4.9074075E-07,-0.010446
4.9079075E-07,-0.010450
4.9084075E-07,-0.010455
4.9089075E-07,-0.010461
4.9094075E-07,-0.010468
4.9099075E-07,-0.010475
4.9104075E-07,-0.010485
4.9109075E-07,-0.010495
4.9114075E-07,-0.010507
4.9119075E-07,-0.010520
4.9124075E-07,-0.010533
4.9129075E-07,-0.010548
4.9134075E-07,-0.010562
4.9139075E-07,-0.010577
4.9144075E-07,-0.010591
4.9149075E-07,-0.010605
4.9154075E-07,-0.010617
4.9159075E-07,-0.010628
4.9164075E-07,-0.010637
4.9169075E-07,-0.010644
4.9174075E-07,-0.010650
4.9179075E-07,-0.010653
4.9184075E-07,-0.010655
4.9189075E-07,-0.010654
4.9194075E-07,-0.010653
4.9199075E-07,-0.010650
4.9204075E-07,-0.010646
4.9209075E-07,-0.010642
4.9214075E-07,-0.010638
4.9219075E-07,-0.010636
4.9224075E-07,-0.010634
4.9229075E-07,-0.010634
4.9234075E-07,-0.010636
4.9239075E-07,-0.010641
4.9244075E-07,-0.010648
4.9249075E-07,-0.010659
4.9254075E-07,-0.010672
4.9259075E-07,-0.010688
4.9264075E-07,-0.010707
4.9269075E-07,-0.010728
4.9274075E-07,-0.010752
4.9279075E-07,-0.010778
4.9284075E-07,-0.010805
4.9289075E-07,-0.010833
4.9294075E-07,-0.010862
4.9299075E-07,-0.010892
4.9304075E-07,-0.010921
4.9309075E-07,-0.010951
4.9314075E-07,-0.010980
4.9319075E-07,-0.011009
4.9324075E-07,-0.011038
4.9329075E-07,-0.011066
4.9334075E-07,-0.011094
4.9339075E-07,-0.011121
4.9344075E-07,-0.011150
4.9349075E-07,-0.011178
4.9354075E-07,-0.011208
4.9359075E-07,-0.011238
4.9364075E-07,-0.011270
4.9369075E-07,-0.011304
4.9374075E-07,-0.011339
4.9379075E-07,-0.011376
4.9384075E-07,-0.011415
4.9389075E-07,-0.011455
4.9394075E-07,-0.011497
4.9399075E-07,-0.011541
4.9404075E-07,-0.011585
4.9409075E-07,-0.011630
4.9414075E-07,-0.011676
4.9419075E-07,-0.011721
4.9424075E-07,-0.011766
4.9429075E-07,-0.011810
4.9434075E-07,-0.011852
4.9439075E-07,-0.011894
4.9444075E-07,-0.011933
4.9449075E-07,-0.011971
4.9454075E-07,-0.012008
4.9459075E-07,-0.012042
4.9464075E-07,-0.012075
4.9469075E-07,-0.012107
4.9474075E-07,-0.012138
4.9479075E-07,-0.012168
4.9484075E-07,-0.012198
4.9489075E-07,-0.012227
4.9494075E-07,-0.012257
4.9499075E-07,-0.012287
4.9504075E-07,-0.012317
4.9509075E-07,-0.012349
4.9514075E-07,-0.012381
4.9519075E-07,-0.012414
4.9524075E-07,-0.012447
4.9529075E-07,-0.012481
4.9534075E-07,-0.012515
4.9539075E-07,-0.012549
4.9544075E-07,-0.012582
4.9549075E-07,-0.012615
4.9554075E-07,-0.012645
4.9559075E-07,-0.012675
4.9564075E-07,-0.012702
4.9569075E-07,-0.012727
4.9574075E-07,-0.012749
4.9579075E-07,-0.012769
4.9584075E-07,-0.012787
4.9589075E-07,-0.012802
4.9594075E-07,-0.012815
4.9599075E-07,-0.012826
4.9604075E-07,-0.012835
4.9609075E-07,-0.012843
4.9614075E-07,-0.012851
4.9619075E-07,-0.012858
4.9624075E-07,-0.012865
4.9629075E-07,-0.012872
4.9634075E-07,-0.012880
4.9639075E-07,-0.012889
4.9644075E-07,-0.012899
4.9649075E-07,-0.012910
4.9654075E-07,-0.012921
4.9659075E-07,-0.012933
4.9664075E-07,-0.012946
4.9669075E-07,-0.012958
4.9674075E-07,-0.012970
4.9679075E-07,-0.012980
4.9684075E-07,-0.012990
4.9689075E-07,-0.012997
4.9694075E-07,-0.013002
4.9699075E-07,-0.013004
4.9704075E-07,-0.013004
4.9709075E-07,-0.013001
4.9714075E-07,-0.012994
4.9719075E-07,-0.012985
4.9724075E-07,-0.012973
4.9729075E-07,-0.012958
4.9734075E-07,-0.012942
4.9739075E-07,-0.012924
4.9744075E-07,-0.012905
4.9749075E-07,-0.012885
4.9754075E-07,-0.012865
4.9759075E-07,-0.012847
4.9764075E-07,-0.012829
4.9769075E-07,-0.012812
4.9774075E-07,-0.012798
4.9779075E-07,-0.012785
4.9784075E-07,-0.012775
4.9789075E-07,-0.012767
4.9794075E-07,-0.012761
4.9799075E-07,-0.012756
4.9804075E-07,-0.012754
4.9809075E-07,-0.012753
4.9814075E-07,-0.012753
4.9819075E-07,-0.012753
4.9824075E-07,-0.012753
4.9829075E-07,-0.012753
4.9834075E-07,-0.012753
4.9839075E-07,-0.012751
4.9844075E-07,-0.012749
4.9849075E-07,-0.012744
4.9854075E-07,-0.012739
4.9859075E-07,-0.012731
4.9864075E-07,-0.012722
4.9869075E-07,-0.012712
4.9874075E-07,-0.012701
4.9879075E-07,-0.012688
4.9884075E-07,-0.012674
4.9889075E-07,-0.012660
4.9894075E-07,-0.012646
4.9899075E-07,-0.012631
4.9904075E-07,-0.012616
4.9909075E-07,-0.012602
4.9914075E-07,-0.012587
4.9919075E-07,-0.012573
4.9924075E-07,-0.012559
4.9929075E-07,-0.012546
4.9934075E-07,-0.012532
4.9939075E-07,-0.012519
4.9944075E-07,-0.012505
4.9949075E-07,-0.012491
4.9954075E-07,-0.012477
4.9959075E-07,-0.012462
4.9964075E-07,-0.012446
4.9969075E-07,-0.012430
4.9974075E-07,-0.012413
4.9979075E-07,-0.012396
4.9984075E-07,-0.012378
4.9989075E-07,-0.012359
4.9994075E-07,-0.012340
4.9999075E-07,-0.012321
5.0004075E-07,-0.012303
5.0009075E-07,-0.012285
5.0014075E-07,-0.012268
5.0019075E-07,-0.012252
5.0024075E-07,-0.012238
5.0029075E-07,-0.012225
5.0034075E-07,-0.012214
5.0039075E-07,-0.012205
5.0044075E-07,-0.012198
5.0049075E-07,-0.012193
5.0054075E-07,-0.012189
5.0059075E-07,-0.012188
5.0064075E-07,-0.012187
5.0069075E-07,-0.012188
5.0074075E-07,-0.012190
5.0079075E-07,-0.012192
5.0084075E-07,-0.012194
5.0089075E-07,-0.012195
5.0094075E-07,-0.012196
5.0099075E-07,-0.012195
5.0104075E-07,-0.012193
5.0109075E-07,-0.012189
5.0114075E-07,-0.012184
5.0119075E-07,-0.012176
5.0124075E-07,-0.012167
5.0129075E-07,-0.012155
5.0134075E-07,-0.012142
5.0139075E-07,-0.012126
5.0144075E-07,-0.012110
5.0149075E-07,-0.012092
5.0154075E-07,-0.012074
5.0159075E-07,-0.012055
5.0164075E-07,-0.012035
5.0169075E-07,-0.012016
5.0174075E-07,-0.011997
5.0179075E-07,-0.011978
5.0184075E-07,-0.011960
5.0189075E-07,-0.011942
5.0194075E-07,-0.011925
5.0199075E-07,-0.011908
5.0204075E-07,-0.011891
5.0209075E-07,-0.011875
5.0214075E-07,-0.011859
5.0219075E-07,-0.011842
5.0224075E-07,-0.011825
5.0229075E-07,-0.011807
5.0234075E-07,-0.011788
5.0239075E-07,-0.011768
5.0244075E-07,-0.011748
5.0249075E-07,-0.011726
5.0254075E-07,-0.011703
5.0259075E-07,-0.011679
5.0264075E-07,-0.011655
5.0269075E-07,-0.011630
5.0274075E-07,-0.011604
5.0279075E-07,-0.011579
5.0284075E-07,-0.011555
5.0289075E-07,-0.011531
5.0294075E-07,-0.011508
5.0299075E-07,-0.011487
5.0304075E-07,-0.011467
5.0309075E-07,-0.011448
5.0314075E-07,-0.011432
5.0319075E-07,-0.011417
5.0324075E-07,-0.011404
5.0329075E-07,-0.011392
5.0334075E-07,-0.011381
5.0339075E-07,-0.011372
5.0344075E-07,-0.011363
5.0349075E-07,-0.011354
5.0354075E-07,-0.011346
5.0359075E-07,-0.011337
5.0364075E-07,-0.011328
5.0369075E-07,-0.011318
5.0374075E-07,-0.011307
5.0379075E-07,-0.011296
5.0384075E-07,-0.011284
5.0389075E-07,-0.011271
5.0394075E-07,-0.011258
5.0399075E-07,-0.011245
5.0404075E-07,-0.011232
5.0409075E-07,-0.011220
5.0414075E-07,-0.011209
5.0419075E-07,-0.011199
5.0424075E-07,-0.011191
5.0429075E-07,-0.011186
5.0434075E-07,-0.011182
5.0439075E-07,-0.011181
5.0444075E-07,-0.011183
5.0449075E-07,-0.011187
5.0454075E-07,-0.011194
5.0459075E-07,-0.011202
5.0464075E-07,-0.011212
5.0469075E-07,-0.011224
5.0474075E-07,-0.011236
5.0479075E-07,-0.011248
5.0484075E-07,-0.011260
5.0489075E-07,-0.011270
5.0494075E-07,-0.011280
5.0499075E-07,-0.011288
5.0504075E-07,-0.011293
5.0509075E-07,-0.011296
5.0514075E-07,-0.011296
5.0519075E-07,-0.011294
5.0524075E-07,-0.011290
5.0529075E-07,-0.011283
5.0534075E-07,-0.011275
5.0539075E-07,-0.011265
5.0544075E-07,-0.011254
5.0549075E-07,-0.011242
5.0554075E-07,-0.011230
5.0559075E-07,-0.011219
5.0564075E-07,-0.011209
5.0569075E-07,-0.011200
5.0574075E-07,-0.011193
5.0579075E-07,-0.011188
5.0584075E-07,-0.011185
5.0589075E-07,-0.011185
5.0594075E-07,-0.011187
5.0599075E-07,-0.011191
5.0604075E-07,-0.011197
5.0609075E-07,-0.011205
5.0614075E-07,-0.011215
5.0619075E-07,-0.011227
5.0624075E-07,-0.011239
5.0629075E-07,-0.011252
5.0634075E-07,-0.011266
5.0639075E-07,-0.011280
5.0644075E-07,-0.011294
5.0649075E-07,-0.011308
5.0654075E-07,-0.011322
5.0659075E-07,-0.011335
5.0664075E-07,-0.011348
5.0669075E-07,-0.011360
5.0674075E-07,-0.011372
5.0679075E-07,-0.011383
5.0684075E-07,-0.011393
5.0689075E-07,-0.011403
5.0694075E-07,-0.011412
5.0699075E-07,-0.011421
5.0704075E-07,-0.011429
5.0709075E-07,-0.011436
5.0714075E-07,-0.011442
5.0719075E-07,-0.011447
5.0724075E-07,-0.011452
5.0729075E-07,-0.011455
5.0734075E-07,-0.011456
5.0739075E-07,-0.011456
5.0744075E-07,-0.011455
5.0749075E-07,-0.011452
5.0754075E-07,-0.011447
5.0759075E-07,-0.011441
5.0764075E-07,-0.011433
5.0769075E-07,-0.011423
5.0774075E-07,-0.011412
5.0779075E-07,-0.011399
5.0784075E-07,-0.011386
5.0789075E-07,-0.011371
5.0794075E-07,-0.011356
5.0799075E-07,-0.011340
5.0804075E-07,-0.011324
5.0809075E-07,-0.011308
5.0814075E-07,-0.011293
5.0819075E-07,-0.011278
5.0824075E-07,-0.011264
5.0829075E-07,-0.011251
5.0834075E-07,-0.011240
5.0839075E-07,-0.011229
5.0844075E-07,-0.011221
5.0849075E-07,-0.011213
5.0854075E-07,-0.011207
5.0859075E-07,-0.011202
5.0864075E-07,-0.011197
5.0869075E-07,-0.011194
5.0874075E-07,-0.011192
5.0879075E-07,-0.011190
5.0884075E-07,-0.011188
5.0889075E-07,-0.011187
5.0894075E-07,-0.011185
5.0899075E-07,-0.011183
5.0904075E-07,-0.011181
5.0909075E-07,-0.011178
5.0914075E-07,-0.011174
5.0919075E-07,-0.011170
5.0924075E-07,-0.011166
5.0929075E-07,-0.011161
5.0934075E-07,-0.011156
5.0939075E-07,-0.011150
5.0944075E-07,-0.011145
5.0949075E-07,-0.011140
5.0954075E-07,-0.011135
5.0959075E-07,-0.011131
5.0964075E-07,-0.011127
5.0969075E-07,-0.011124
5.0974075E-07,-0.011122
5.0979075E-07,-0.011121
5.0984075E-07,-0.011120
5.0989075E-07,-0.011120
5.0994075E-07,-0.011121
5.0999075E-07,-0.011122
5.1004075E-07,-0.011122
5.1009075E-07,-0.011123
5.1014075E-07,-0.011123
5.1019075E-07,-0.011122
5.1024075E-07,-0.011120
5.1029075E-07,-0.011116
5.1034075E-07,-0.011112
5.1039075E-07,-0.011105
5.1044075E-07,-0.011098
5.1049075E-07,-0.011088
5.1054075E-07,-0.011078
5.1059075E-07,-0.011066
5.1064075E-07,-0.011053
5.1069075E-07,-0.011039
5.1074075E-07,-0.011025
5.1079075E-07,-0.011012
5.1084075E-07,-0.010999
5.1089075E-07,-0.010987
5.1094075E-07,-0.010977
5.1099075E-07,-0.010969
5.1104075E-07,-0.010963
5.1109075E-07,-0.010959
5.1114075E-07,-0.010958
5.1119075E-07,-0.010959
5.1124075E-07,-0.010963
5.1129075E-07,-0.010969
5.1134075E-07,-0.010978
5.1139075E-07,-0.010989
5.1144075E-07,-0.011001
5.1149075E-07,-0.011015
5.1154075E-07,-0.011029
5.1159075E-07,-0.011044
5.1164075E-07,-0.011059
5.1169075E-07,-0.011074
5.1174075E-07,-0.011088
5.1179075E-07,-0.011101
5.1184075E-07,-0.011114
5.1189075E-07,-0.011125
5.1194075E-07,-0.011136
5.1199075E-07,-0.011146
5.1204075E-07,-0.011155
5.1209075E-07,-0.011163
5.1214075E-07,-0.011171
5.1219075E-07,-0.011179
5.1224075E-07,-0.011186
5.1229075E-07,-0.011194
5.1234075E-07,-0.011201
5.1239075E-07,-0.011209
5.1244075E-07,-0.011217
5.1249075E-07,-0.011226
5.1254075E-07,-0.011234
5.1259075E-07,-0.011242
5.1264075E-07,-0.011250
5.1269075E-07,-0.011258
5.1274075E-07,-0.011264
5.1279075E-07,-0.011269
5.1284075E-07,-0.011273
5.1289075E-07,-0.011275
5.1294075E-07,-0.011276
5.1299075E-07,-0.011274
5.1304075E-07,-0.011270
5.1309075E-07,-0.011264
5.1314075E-07,-0.011256
5.1319075E-07,-0.011247
5.1324075E-07,-0.011235
5.1329075E-07,-0.011223
5.1334075E-07,-0.011209
5.1339075E-07,-0.011194
5.1344075E-07,-0.011179
5.1349075E-07,-0.011165
5.1354075E-07,-0.011150
5.1359075E-07,-0.011137
5.1364075E-07,-0.011124
5.1369075E-07,-0.011113
5.1374075E-07,-0.011102
5.1379075E-07,-0.011093
5.1384075E-07,-0.011086
5.1389075E-07,-0.011079
5.1394075E-07,-0.011074
5.1399075E-07,-0.011070
5.1404075E-07,-0.011066
5.1409075E-07,-0.011062
5.1414075E-07,-0.011058
5.1419075E-07,-0.011055
5.1424075E-07,-0.011050
5.1429075E-07,-0.011045
5.1434075E-07,-0.011040
5.1439075E-07,-0.011033
5.1444075E-07,-0.011026
5.1449075E-07,-0.011018
5.1454075E-07,-0.011009
5.1459075E-07,-0.010999
5.1464075E-07,-0.010989
5.1469075E-07,-0.010979
5.1474075E-07,-0.010969
5.1479075E-07,-0.010959
5.1484075E-07,-0.010949
5.1489075E-07,-0.010941
5.1494075E-07,-0.010933
5.1499075E-07,-0.010927
5.1504075E-07,-0.010921
5.1509075E-07,-0.010916
5.1514075E-07,-0.010912
5.1519075E-07,-0.010909
5.1524075E-07,-0.010907
5.1529075E-07,-0.010905
5.1534075E-07,-0.010903
5.1539075E-07,-0.010902
5.1544075E-07,-0.010899
5.1549075E-07,-0.010896
5.1554075E-07,-0.010892
5.1559075E-07,-0.010888
5.1564075E-07,-0.010882
5.1569075E-07,-0.010874
5.1574075E-07,-0.010866
5.1579075E-07,-0.010856
5.1584075E-07,-0.010846
5.1589075E-07,-0.010834
5.1594075E-07,-0.010822
5.1599075E-07,-0.010810
5.1604075E-07,-0.010798
5.1609075E-07,-0.010786
5.1614075E-07,-0.010774
5.1619075E-07,-0.010764
5.1624075E-07,-0.010755
5.1629075E-07,-0.010747
5.1634075E-07,-0.010742
5.1639075E-07,-0.010738
5.1644075E-07,-0.010736
5.1649075E-07,-0.010736
5.1654075E-07,-0.010738
5.1659075E-07,-0.010741
5.1664075E-07,-0.010747
5.1669075E-07,-0.010754
5.1674075E-07,-0.010763
5.1679075E-07,-0.010773
5.1684075E-07,-0.010783
5.1689075E-07,-0.010794
5.1694075E-07,-0.010806
5.1699075E-07,-0.010817
5.1704075E-07,-0.010829
5.1709075E-07,-0.010840
5.1714075E-07,-0.010851
5.1719075E-07,-0.010862
5.1724075E-07,-0.010872
5.1729075E-07,-0.010881
5.1734075E-07,-0.010890
5.1739075E-07,-0.010899
5.1744075E-07,-0.010908
5.1749075E-07,-0.010916
5.1754075E-07,-0.010924
5.1759075E-07,-0.010933
5.1764075E-07,-0.010942
5.1769075E-07,-0.010951
5.1774075E-07,-0.010960
5.1779075E-07,-0.010970
5.1784075E-07,-0.010981
5.1789075E-07,-0.010991
5.1794075E-07,-0.011002
5.1799075E-07,-0.011014
5.1804075E-07,-0.011025
5.1809075E-07,-0.011036
5.1814075E-07,-0.011047
5.1819075E-07,-0.011057
5.1824075E-07,-0.011066
5.1829075E-07,-0.011074
5.1834075E-07,-0.011081
5.1839075E-07,-0.011087
5.1844075E-07,-0.011091
5.1849075E-07,-0.011093
5.1854075E-07,-0.011094
5.1859075E-07,-0.011093
5.1864075E-07,-0.011091
5.1869075E-07,-0.011086
5.1874075E-07,-0.011081
5.1879075E-07,-0.011074
5.1884075E-07,-0.011067
5.1889075E-07,-0.011058
5.1894075E-07,-0.011049
5.1899075E-07,-0.011040
5.1904075E-07,-0.011031
5.1909075E-07,-0.011021
5.1914075E-07,-0.011012
5.1919075E-07,-0.011003
5.1924075E-07,-0.010995
5.1929075E-07,-0.010987
5.1934075E-07,-0.010979
5.1939075E-07,-0.010971
5.1944075E-07,-0.010964
5.1949075E-07,-0.010956
5.1954075E-07,-0.010949
5.1959075E-07,-0.010941
5.1964075E-07,-0.010933
5.1969075E-07,-0.010925
5.1974075E-07,-0.010916
5.1979075E-07,-0.010907
5.1984075E-07,-0.010897
5.1989075E-07,-0.010887
5.1994075E-07,-0.010877
5.1999075E-07,-0.010867
5.2004075E-07,-0.010857
5.2009075E-07,-0.010848
5.2014075E-07,-0.010838
5.2019075E-07,-0.010830
5.2024075E-07,-0.010823
5.2029075E-07,-0.010817
5.2034075E-07,-0.010812
5.2039075E-07,-0.010809
5.2044075E-07,-0.010807
5.2049075E-07,-0.010807
5.2054075E-07,-0.010808
5.2059075E-07,-0.010810
5.2064075E-07,-0.010814
5.2069075E-07,-0.010819
5.2074075E-07,-0.010824
5.2079075E-07,-0.010830
5.2084075E-07,-0.010837
5.2089075E-07,-0.010843
5.2094075E-07,-0.010850
5.2099075E-07,-0.010856
5.2104075E-07,-0.010862
5.2109075E-07,-0.010867
5.2114075E-07,-0.010872
5.2119075E-07,-0.010876
5.2124075E-07,-0.010880
5.2129075E-07,-0.010883
5.2134075E-07,-0.010885
5.2139075E-07,-0.010887
5.2144075E-07,-0.010889
5.2149075E-07,-0.010891
5.2154075E-07,-0.010893
5.2159075E-07,-0.010895
5.2164075E-07,-0.010897
5.2169075E-07,-0.010898
5.2174075E-07,-0.010900
5.2179075E-07,-0.010902
5.2184075E-07,-0.010903
5.2189075E-07,-0.010904
5.2194075E-07,-0.010905
5.2199075E-07,-0.010904
5.2204075E-07,-0.010903
5.2209075E-07,-0.010901
5.2214075E-07,-0.010897
5.2219075E-07,-0.010891
5.2224075E-07,-0.010884
5.2229075E-07,-0.010876
5.2234075E-07,-0.010866
5.2239075E-07,-0.010854
5.2244075E-07,-0.010841
5.2249075E-07,-0.010827
5.2254075E-07,-0.010811
5.2259075E-07,-0.010795
5.2264075E-07,-0.010779
5.2269075E-07,-0.010763
5.2274075E-07,-0.010746
5.2279075E-07,-0.010731
5.2284075E-07,-0.010716
5.2289075E-07,-0.010702
5.2294075E-07,-0.010690
5.2299075E-07,-0.010679
5.2304075E-07,-0.010669
5.2309075E-07,-0.010661
5.2314075E-07,-0.010655
5.2319075E-07,-0.010650
5.2324075E-07,-0.010646
5.2329075E-07,-0.010644
5.2334075E-07,-0.010643
5.2339075E-07,-0.010643
5.2344075E-07,-0.010644
5.2349075E-07,-0.010646
5.2354075E-07,-0.010647
5.2359075E-07,-0.010649
5.2364075E-07,-0.010652
5.2369075E-07,-0.010654
5.2374075E-07,-0.010657
5.2379075E-07,-0.010659
5.2384075E-07,-0.010662
5.2389075E-07,-0.010664
5.2394075E-07,-0.010667
5.2399075E-07,-0.010670
5.2404075E-07,-0.010673
5.2409075E-07,-0.010676
5.2414075E-07,-0.010680
5.2419075E-07,-0.010684
5.2424075E-07,-0.010689
5.2429075E-07,-0.010694
5.2434075E-07,-0.010699
5.2439075E-07,-0.010705
5.2444075E-07,-0.010711
5.2449075E-07,-0.010717
5.2454075E-07,-0.010723
5.2459075E-07,-0.010728
5.2464075E-07,-0.010734
5.2469075E-07,-0.010739
5.2474075E-07,-0.010743
5.2479075E-07,-0.010746
5.2484075E-07,-0.010748
5.2489075E-07,-0.010749
5.2494075E-07,-0.010749
5.2499075E-07,-0.010747
5.2504075E-07,-0.010745
5.2509075E-07,-0.010741
5.2514075E-07,-0.010736
5.2519075E-07,-0.010729
5.2524075E-07,-0.010722
5.2529075E-07,-0.010714
5.2534075E-07,-0.010705
5.2539075E-07,-0.010696
5.2544075E-07,-0.010687
5.2549075E-07,-0.010677
5.2554075E-07,-0.010668
5.2559075E-07,-0.010659
5.2564075E-07,-0.010651
5.2569075E-07,-0.010644
5.2574075E-07,-0.010637
5.2579075E-07,-0.010631
5.2584075E-07,-0.010627
5.2589075E-07,-0.010623
5.2594075E-07,-0.010621
5.2599075E-07,-0.010619
5.2604075E-07,-0.010619
5.2609075E-07,-0.010620
5.2614075E-07,-0.010621
5.2619075E-07,-0.010623
5.2624075E-07,-0.010625
5.2629075E-07,-0.010629
5.2634075E-07,-0.010632
5.2639075E-07,-0.010636
5.2644075E-07,-0.010640
5.2649075E-07,-0.010644
5.2654075E-07,-0.010648
5.2659075E-07,-0.010652
5.2664075E-07,-0.010656
5.2669075E-07,-0.010661
5.2674075E-07,-0.010666
5.2679075E-07,-0.010671
5.2684075E-07,-0.010677
5.2689075E-07,-0.010683
5.2694075E-07,-0.010690
5.2699075E-07,-0.010697
5.2704075E-07,-0.010704
5.2709075E-07,-0.010712
5.2714075E-07,-0.010720
5.2719075E-07,-0.010728
5.2724075E-07,-0.010737
5.2729075E-07,-0.010744
5.2734075E-07,-0.010752
5.2739075E-07,-0.010758
5.2744075E-07,-0.010764
5.2749075E-07,-0.010768
5.2754075E-07,-0.010770
5.2759075E-07,-0.010771
5.2764075E-07,-0.010770
5.2769075E-07,-0.010767
5.2774075E-07,-0.010762
5.2779075E-07,-0.010755
5.2784075E-07,-0.010746
5.2789075E-07,-0.010736
5.2794075E-07,-0.010725
5.2799075E-07,-0.010713
5.2804075E-07,-0.010701
5.2809075E-07,-0.010689
5.2814075E-07,-0.010677
5.2819075E-07,-0.010666
5.2824075E-07,-0.010657
5.2829075E-07,-0.010649
5.2834075E-07,-0.010644
5.2839075E-07,-0.010641
5.2844075E-07,-0.010640
5.2849075E-07,-0.010642
5.2854075E-07,-0.010647
5.2859075E-07,-0.010654
5.2864075E-07,-0.010663
5.2869075E-07,-0.010674
5.2874075E-07,-0.010687
5.2879075E-07,-0.010701
5.2884075E-07,-0.010716
5.2889075E-07,-0.010732
5.2894075E-07,-0.010748
5.2899075E-07,-0.010763
5.2904075E-07,-0.010778
5.2909075E-07,-0.010793
5.2914075E-07,-0.010806
5.2919075E-07,-0.010819
5.2924075E-07,-0.010830
5.2929075E-07,-0.010840
5.2934075E-07,-0.010849
5.2939075E-07,-0.010858
5.2944075E-07,-0.010865
5.2949075E-07,-0.010871
5.2954075E-07,-0.010877
5.2959075E-07,-0.010883
5.2964075E-07,-0.010888
5.2969075E-07,-0.010893
5.2974075E-07,-0.010898
5.2979075E-07,-0.010903
5.2984075E-07,-0.010908
5.2989075E-07,-0.010913
5.2994075E-07,-0.010918
5.2999075E-07,-0.010923
5.3004075E-07,-0.010928
5.3009075E-07,-0.010933
5.3014075E-07,-0.010937
5.3019075E-07,-0.010941
5.3024075E-07,-0.010945
5.3029075E-07,-0.010948
5.3034075E-07,-0.010950
5.3039075E-07,-0.010953
5.3044075E-07,-0.010954
5.3049075E-07,-0.010956
5.3054075E-07,-0.010957
5.3059075E-07,-0.010958
5.3064075E-07,-0.010958
5.3069075E-07,-0.010959
5.3074075E-07,-0.010960
5.3079075E-07,-0.010961
5.3084075E-07,-0.010962
5.3089075E-07,-0.010964
5.3094075E-07,-0.010965
5.3099075E-07,-0.010967
5.3104075E-07,-0.010969
5.3109075E-07,-0.010971
5.3114075E-07,-0.010973
5.3119075E-07,-0.010975
5.3124075E-07,-0.010976
5.3129075E-07,-0.010978
5.3134075E-07,-0.010978
5.3139075E-07,-0.010978
5.3144075E-07,-0.010977
5.3149075E-07,-0.010976
5.3154075E-07,-0.010974
5.3159075E-07,-0.010971
5.3164075E-07,-0.010968
5.3169075E-07,-0.010964
5.3174075E-07,-0.010960
5.3179075E-07,-0.010956
5.3184075E-07,-0.010952
5.3189075E-07,-0.010948
5.3194075E-07,-0.010945
5.3199075E-07,-0.010942
5.3204075E-07,-0.010939
5.3209075E-07,-0.010938
5.3214075E-07,-0.010937
5.3219075E-07,-0.010937
5.3224075E-07,-0.010937
5.3229075E-07,-0.010939
5.3234075E-07,-0.010941
5.3239075E-07,-0.010943
5.3244075E-07,-0.010946
5.3249075E-07,-0.010949
5.3254075E-07,-0.010952
5.3259075E-07,-0.010954
5.3264075E-07,-0.010957
5.3269075E-07,-0.010959
5.3274075E-07,-0.010960
5.3279075E-07,-0.010961
5.3284075E-07,-0.010961
5.3289075E-07,-0.010961
5.3294075E-07,-0.010959
5.3299075E-07,-0.010958
5.3304075E-07,-0.010956
5.3309075E-07,-0.010953
5.3314075E-07,-0.010950
5.3319075E-07,-0.010947
5.3324075E-07,-0.010944
5.3329075E-07,-0.010941
5.3334075E-07,-0.010939
5.3339075E-07,-0.010937
5.3344075E-07,-0.010935
5.3349075E-07,-0.010933
5.3354075E-07,-0.010932
5.3359075E-07,-0.010932
5.3364075E-07,-0.010932
5.3369075E-07,-0.010932
5.3374075E-07,-0.010932
5.3379075E-07,-0.010932
5.3384075E-07,-0.010932
5.3389075E-07,-0.010932
5.3394075E-07,-0.010931
5.3399075E-07,-0.010930
5.3404075E-07,-0.010928
5.3409075E-07,-0.010924
5.3414075E-07,-0.010920
5.3419075E-07,-0.010915
5.3424075E-07,-0.010908
5.3429075E-07,-0.010900
5.3434075E-07,-0.010891
5.3439075E-07,-0.010881
5.3444075E-07,-0.010869
5.3449075E-07,-0.010856
5.3454075E-07,-0.010842
5.3459075E-07,-0.010828
5.3464075E-07,-0.010812
5.3469075E-07,-0.010797
5.3474075E-07,-0.010781
5.3479075E-07,-0.010765
5.3484075E-07,-0.010750
5.3489075E-07,-0.010735
5.3494075E-07,-0.010720
5.3499075E-07,-0.010707
5.3504075E-07,-0.010695
5.3509075E-07,-0.010685
5.3514075E-07,-0.010676
5.3519075E-07,-0.010668
5.3524075E-07,-0.010663
5.3529075E-07,-0.010659
5.3534075E-07,-0.010656
5.3539075E-07,-0.010655
5.3544075E-07,-0.010656
5.3549075E-07,-0.010659
5.3554075E-07,-0.010662
5.3559075E-07,-0.010668
5.3564075E-07,-0.010674
5.3569075E-07,-0.010681
5.3574075E-07,-0.010689
5.3579075E-07,-0.010698
5.3584075E-07,-0.010708
5.3589075E-07,-0.010718
5.3594075E-07,-0.010729
5.3599075E-07,-0.010741
5.3604075E-07,-0.010753
5.3609075E-07,-0.010765
5.3614075E-07,-0.010778
5.3619075E-07,-0.010791
5.3624075E-07,-0.010805
5.3629075E-07,-0.010819
5.3634075E-07,-0.010832
5.3639075E-07,-0.010846
5.3644075E-07,-0.010860
5.3649075E-07,-0.010873
5.3654075E-07,-0.010885
5.3659075E-07,-0.010897
5.3664075E-07,-0.010909
5.3669075E-07,-0.010919
5.3674075E-07,-0.010928
5.3679075E-07,-0.010936
5.3684075E-07,-0.010942
5.3689075E-07,-0.010947
5.3694075E-07,-0.010951
5.3699075E-07,-0.010954
5.3704075E-07,-0.010956
5.3709075E-07,-0.010956
5.3714075E-07,-0.010956
5.3719075E-07,-0.010956
5.3724075E-07,-0.010955
5.3729075E-07,-0.010954
5.3734075E-07,-0.010953
5.3739075E-07,-0.010952
5.3744075E-07,-0.010953
5.3749075E-07,-0.010953
5.3754075E-07,-0.010955
5.3759075E-07,-0.010957
5.3764075E-07,-0.010960
5.3769075E-07,-0.010963
5.3774075E-07,-0.010968
5.3779075E-07,-0.010972
5.3784075E-07,-0.010977
5.3789075E-07,-0.010981
5.3794075E-07,-0.010985
5.3799075E-07,-0.010988
5.3804075E-07,-0.010991
5.3809075E-07,-0.010993
5.3814075E-07,-0.010993
5.3819075E-07,-0.010992
5.3824075E-07,-0.010989
5.3829075E-07,-0.010985
5.3834075E-07,-0.010980
5.3839075E-07,-0.010974
5.3844075E-07,-0.010966
5.3849075E-07,-0.010958
5.3854075E-07,-0.010949
5.3859075E-07,-0.010939
5.3864075E-07,-0.010930
5.3869075E-07,-0.010920
5.3874075E-07,-0.010910
5.3879075E-07,-0.010901
5.3884075E-07,-0.010892
5.3889075E-07,-0.010884
5.3894075E-07,-0.010876
5.3899075E-07,-0.010869
5.3904075E-07,-0.010862
5.3909075E-07,-0.010856
5.3914075E-07,-0.010850
5.3919075E-07,-0.010843
5.3924075E-07,-0.010837
5.3929075E-07,-0.010831
5.3934075E-07,-0.010824
5.3939075E-07,-0.010818
5.3944075E-07,-0.010810
5.3949075E-07,-0.010803
5.3954075E-07,-0.010796
5.3959075E-07,-0.010788
5.3964075E-07,-0.010780
5.3969075E-07,-0.010773
5.3974075E-07,-0.010766
5.3979075E-07,-0.010760
5.3984075E-07,-0.010755
5.3989075E-07,-0.010750
5.3994075E-07,-0.010747
5.3999075E-07,-0.010746
5.4004075E-07,-0.010745
5.4009075E-07,-0.010746
5.4014075E-07,-0.010749
5.4019075E-07,-0.010752
5.4024075E-07,-0.010757
5.4029075E-07,-0.010763
5.4034075E-07,-0.010769
5.4039075E-07,-0.010776
5.4044075E-07,-0.010783
5.4049075E-07,-0.010790
5.4054075E-07,-0.010796
5.4059075E-07,-0.010802
5.4064075E-07,-0.010807
5.4069075E-07,-0.010810
5.4074075E-07,-0.010812
5.4079075E-07,-0.010813
5.4084075E-07,-0.010812
5.4089075E-07,-0.010809
5.4094075E-07,-0.010806
5.4099075E-07,-0.010800
5.4104075E-07,-0.010794
5.4109075E-07,-0.010786
5.4114075E-07,-0.010777
5.4119075E-07,-0.010768
5.4124075E-07,-0.010758
5.4129075E-07,-0.010748
5.4134075E-07,-0.010737
5.4139075E-07,-0.010727
5.4144075E-07,-0.010716
5.4149075E-07,-0.010706
5.4154075E-07,-0.010696
5.4159075E-07,-0.010687
5.4164075E-07,-0.010679
5.4169075E-07,-0.010671
5.4174075E-07,-0.010664
5.4179075E-07,-0.010657
5.4184075E-07,-0.010651
5.4189075E-07,-0.010646
5.4194075E-07,-0.010642
5.4199075E-07,-0.010639
5.4204075E-07,-0.010636
5.4209075E-07,-0.010634
5.4214075E-07,-0.010633
5.4219075E-07,-0.010632
5.4224075E-07,-0.010632
5.4229075E-07,-0.010633
5.4234075E-07,-0.010635
5.4239075E-07,-0.010638
5.4244075E-07,-0.010641
5.4249075E-07,-0.010645
5.4254075E-07,-0.010650
5.4259075E-07,-0.010656
5.4264075E-07,-0.010662
5.4269075E-07,-0.010669
5.4274075E-07,-0.010677
5.4279075E-07,-0.010685
5.4284075E-07,-0.010694
5.4289075E-07,-0.010703
5.4294075E-07,-0.010712
5.4299075E-07,-0.010722
5.4304075E-07,-0.010732
5.4309075E-07,-0.010743
5.4314075E-07,-0.010753
5.4319075E-07,-0.010763
5.4324075E-07,-0.010773
5.4329075E-07,-0.010782
5.4334075E-07,-0.010791
5.4339075E-07,-0.010800
5.4344075E-07,-0.010808
5.4349075E-07,-0.010815
5.4354075E-07,-0.010822
5.4359075E-07,-0.010828
5.4364075E-07,-0.010833
5.4369075E-07,-0.010837
5.4374075E-07,-0.010841
5.4379075E-07,-0.010844
5.4384075E-07,-0.010846
5.4389075E-07,-0.010848
5.4394075E-07,-0.010849
5.4399075E-07,-0.010850
5.4404075E-07,-0.010851
5.4409075E-07,-0.010851
5.4414075E-07,-0.010851
5.4419075E-07,-0.010851
5.4424075E-07,-0.010850
5.4429075E-07,-0.010850
5.4434075E-07,-0.010849
5.4439075E-07,-0.010848
5.4444075E-07,-0.010847
5.4449075E-07,-0.010845
5.4454075E-07,-0.010843
5.4459075E-07,-0.010840
5.4464075E-07,-0.010836
5.4469075E-07,-0.010832
5.4474075E-07,-0.010826
5.4479075E-07,-0.010820
5.4484075E-07,-0.010812
5.4489075E-07,-0.010803
5.4494075E-07,-0.010793
5.4499075E-07,-0.010782
5.4504075E-07,-0.010769
5.4509075E-07,-0.010756
5.4514075E-07,-0.010742
5.4519075E-07,-0.010727
5.4524075E-07,-0.010712
5.4529075E-07,-0.010696
5.4534075E-07,-0.010680
5.4539075E-07,-0.010665
5.4544075E-07,-0.010650
5.4549075E-07,-0.010635
5.4554075E-07,-0.010621
5.4559075E-07,-0.010608
5.4564075E-07,-0.010596
5.4569075E-07,-0.010585
5.4574075E-07,-0.010576
5.4579075E-07,-0.010567
5.4584075E-07,-0.010559
5.4589075E-07,-0.010553
5.4594075E-07,-0.010547
5.4599075E-07,-0.010542
5.4604075E-07,-0.010538
5.4609075E-07,-0.010535
5.4614075E-07,-0.010532
5.4619075E-07,-0.010530
5.4624075E-07,-0.010528
5.4629075E-07,-0.010527
5.4634075E-07,-0.010526
5.4639075E-07,-0.010526
5.4644075E-07,-0.010526
5.4649075E-07,-0.010527
5.4654075E-07,-0.010528
5.4659075E-07,-0.010531
5.4664075E-07,-0.010534
5.4669075E-07,-0.010538
5.4674075E-07,-0.010542
5.4679075E-07,-0.010548
5.4684075E-07,-0.010554
5.4689075E-07,-0.010562
5.4694075E-07,-0.010569
5.4699075E-07,-0.010577
5.4704075E-07,-0.010586
5.4709075E-07,-0.010595
5.4714075E-07,-0.010604
5.4719075E-07,-0.010612
5.4724075E-07,-0.010620
5.4729075E-07,-0.010628
5.4734075E-07,-0.010635
5.4739075E-07,-0.010641
5.4744075E-07,-0.010646
5.4749075E-07,-0.010651
5.4754075E-07,-0.010655
5.4759075E-07,-0.010657
5.4764075E-07,-0.010660
5.4769075E-07,-0.010662
5.4774075E-07,-0.010663
5.4779075E-07,-0.010665
5.4784075E-07,-0.010667
5.4789075E-07,-0.010669
5.4794075E-07,-0.010672
5.4799075E-07,-0.010676
5.4804075E-07,-0.010681
5.4809075E-07,-0.010687
5.4814075E-07,-0.010694
5.4819075E-07,-0.010703
5.4824075E-07,-0.010712
5.4829075E-07,-0.010723
5.4834075E-07,-0.010735
5.4839075E-07,-0.010748
5.4844075E-07,-0.010762
5.4849075E-07,-0.010775
5.4854075E-07,-0.010789
5.4859075E-07,-0.010803
5.4864075E-07,-0.010817
5.4869075E-07,-0.010829
5.4874075E-07,-0.010841
5.4879075E-07,-0.010852
5.4884075E-07,-0.010861
5.4889075E-07,-0.010869
5.4894075E-07,-0.010875
5.4899075E-07,-0.010880
5.4904075E-07,-0.010883
5.4909075E-07,-0.010884
5.4914075E-07,-0.010884
5.4919075E-07,-0.010882
5.4924075E-07,-0.010879
5.4929075E-07,-0.010875
5.4934075E-07,-0.010870
5.4939075E-07,-0.010863
5.4944075E-07,-0.010856
5.4949075E-07,-0.010848
5.4954075E-07,-0.010840
5.4959075E-07,-0.010831
5.4964075E-07,-0.010821
5.4969075E-07,-0.010812
5.4974075E-07,-0.010802
5.4979075E-07,-0.010792
5.4984075E-07,-0.010782
5.4989075E-07,-0.010772
5.4994075E-07,-0.010761
5.4999075E-07,-0.010751
5.5004075E-07,-0.010741
5.5009075E-07,-0.010730
5.5014075E-07,-0.010720
5.5019075E-07,-0.010710
5.5024075E-07,-0.010701
5.5029075E-07,-0.010691
5.5034075E-07,-0.010683
5.5039075E-07,-0.010674
5.5044075E-07,-0.010666
5.5049075E-07,-0.010659
5.5054075E-07,-0.010653
5.5059075E-07,-0.010648
5.5064075E-07,-0.010644
5.5069075E-07,-0.010641
5.5074075E-07,-0.010639
5.5079075E-07,-0.010639
5.5084075E-07,-0.010639
5.5089075E-07,-0.010641
5.5094075E-07,-0.010644
5.5099075E-07,-0.010649
5.5104075E-07,-0.010654
5.5109075E-07,-0.010660
5.5114075E-07,-0.010666
5.5119075E-07,-0.010673
5.5124075E-07,-0.010681
5.5129075E-07,-0.010688
5.5134075E-07,-0.010695
5.5139075E-07,-0.010702
5.5144075E-07,-0.010709
5.5149075E-07,-0.010715
5.5154075E-07,-0.010720
5.5159075E-07,-0.010724
5.5164075E-07,-0.010727
5.5169075E-07,-0.010729
5.5174075E-07,-0.010731
5.5179075E-07,-0.010731
5.5184075E-07,-0.010731
5.5189075E-07,-0.010731
5.5194075E-07,-0.010729
5.5199075E-07,-0.010728
5.5204075E-07,-0.010727
5.5209075E-07,-0.010726
5.5214075E-07,-0.010725
5.5219075E-07,-0.010724
5.5224075E-07,-0.010725
5.5229075E-07,-0.010725
5.5234075E-07,-0.010727
5.5239075E-07,-0.010729
5.5244075E-07,-0.010732
5.5249075E-07,-0.010736
5.5254075E-07,-0.010739
5.5259075E-07,-0.010744
5.5264075E-07,-0.010748
5.5269075E-07,-0.010752
5.5274075E-07,-0.010756
5.5279075E-07,-0.010760
5.5284075E-07,-0.010763
5.5289075E-07,-0.010766
5.5294075E-07,-0.010768
5.5299075E-07,-0.010769
5.5304075E-07,-0.010769
5.5309075E-07,-0.010768
5.5314075E-07,-0.010766
5.5319075E-07,-0.010764
5.5324075E-07,-0.010762
5.5329075E-07,-0.010759
5.5334075E-07,-0.010756
5.5339075E-07,-0.010752
5.5344075E-07,-0.010749
5.5349075E-07,-0.010746
5.5354075E-07,-0.010743
5.5359075E-07,-0.010741
5.5364075E-07,-0.010738
5.5369075E-07,-0.010737
5.5374075E-07,-0.010735
5.5379075E-07,-0.010734
5.5384075E-07,-0.010733
5.5389075E-07,-0.010732
5.5394075E-07,-0.010731
5.5399075E-07,-0.010731
5.5404075E-07,-0.010730
5.5409075E-07,-0.010729
5.5414075E-07,-0.010728
5.5419075E-07,-0.010726
5.5424075E-07,-0.010725
5.5429075E-07,-0.010724
5.5434075E-07,-0.010723
5.5439075E-07,-0.010723
5.5444075E-07,-0.010723
5.5449075E-07,-0.010724
5.5454075E-07,-0.010726
5.5459075E-07,-0.010729
5.5464075E-07,-0.010734
5.5469075E-07,-0.010740
5.5474075E-07,-0.010748
5.5479075E-07,-0.010757
5.5484075E-07,-0.010768
5.5489075E-07,-0.010780
5.5494075E-07,-0.010793
5.5499075E-07,-0.010807
5.5504075E-07,-0.010822
5.5509075E-07,-0.010837
5.5514075E-07,-0.010852
5.5519075E-07,-0.010866
5.5524075E-07,-0.010880
5.5529075E-07,-0.010892
5.5534075E-07,-0.010902
5.5539075E-07,-0.010911
5.5544075E-07,-0.010917
5.5549075E-07,-0.010922
5.5554075E-07,-0.010924
5.5559075E-07,-0.010924
5.5564075E-07,-0.010922
5.5569075E-07,-0.010917
5.5574075E-07,-0.010911
5.5579075E-07,-0.010904
5.5584075E-07,-0.010895
5.5589075E-07,-0.010886
5.5594075E-07,-0.010876
5.5599075E-07,-0.010866
5.5604075E-07,-0.010856
5.5609075E-07,-0.010847
5.5614075E-07,-0.010839
5.5619075E-07,-0.010831
5.5624075E-07,-0.010825
5.5629075E-07,-0.010820
5.5634075E-07,-0.010816
5.5639075E-07,-0.010814
5.5644075E-07,-0.010812
5.5649075E-07,-0.010812
5.5654075E-07,-0.010813
5.5659075E-07,-0.010814
5.5664075E-07,-0.010816
5.5669075E-07,-0.010818
5.5674075E-07,-0.010820
5.5679075E-07,-0.010822
5.5684075E-07,-0.010824
5.5689075E-07,-0.010826
5.5694075E-07,-0.010827
5.5699075E-07,-0.010828
5.5704075E-07,-0.010828
5.5709075E-07,-0.010828
5.5714075E-07,-0.010827
5.5719075E-07,-0.010826
5.5724075E-07,-0.010824
5.5729075E-07,-0.010821
5.5734075E-07,-0.010819
5.5739075E-07,-0.010815
5.5744075E-07,-0.010812
5.5749075E-07,-0.010808
5.5754075E-07,-0.010804
5.5759075E-07,-0.010799
5.5764075E-07,-0.010795
5.5769075E-07,-0.010790
5.5774075E-07,-0.010785
5.5779075E-07,-0.010779
5.5784075E-07,-0.010774
5.5789075E-07,-0.010768
5.5794075E-07,-0.010762
5.5799075E-07,-0.010756
5.5804075E-07,-0.010749
5.5809075E-07,-0.010743
5.5814075E-07,-0.010736
5.5819075E-07,-0.010730
5.5824075E-07,-0.010723
5.5829075E-07,-0.010716
5.5834075E-07,-0.010710
5.5839075E-07,-0.010704
5.5844075E-07,-0.010697
5.5849075E-07,-0.010692
5.5854075E-07,-0.010686
5.5859075E-07,-0.010681
5.5864075E-07,-0.010677
5.5869075E-07,-0.010673
5.5874075E-07,-0.010669
5.5879075E-07,-0.010666
5.5884075E-07,-0.010664
5.5889075E-07,-0.010661
5.5894075E-07,-0.010659
5.5899075E-07,-0.010658
5.5904075E-07,-0.010656
5.5909075E-07,-0.010654
5.5914075E-07,-0.010653
5.5919075E-07,-0.010651
5.5924075E-07,-0.010650
5.5929075E-07,-0.010648
5.5934075E-07,-0.010646
5.5939075E-07,-0.010643
5.5944075E-07,-0.010641
5.5949075E-07,-0.010638
5.5954075E-07,-0.010635
5.5959075E-07,-0.010632
5.5964075E-07,-0.010629
5.5969075E-07,-0.010626
5.5974075E-07,-0.010624
5.5979075E-07,-0.010623
5.5984075E-07,-0.010622
5.5989075E-07,-0.010621
5.5994075E-07,-0.010623
5.5999075E-07,-0.010625
5.6004075E-07,-0.010628
5.6009075E-07,-0.010634
5.6014075E-07,-0.010640
5.6019075E-07,-0.010649
5.6024075E-07,-0.010658
5.6029075E-07,-0.010670
5.6034075E-07,-0.010683
5.6039075E-07,-0.010697
5.6044075E-07,-0.010712
5.6049075E-07,-0.010728
5.6054075E-07,-0.010745
5.6059075E-07,-0.010762
5.6064075E-07,-0.010779
5.6069075E-07,-0.010796
5.6074075E-07,-0.010813
5.6079075E-07,-0.010829
5.6084075E-07,-0.010844
5.6089075E-07,-0.010858
5.6094075E-07,-0.010870
5.6099075E-07,-0.010882
5.6104075E-07,-0.010892
5.6109075E-07,-0.010900
5.6114075E-07,-0.010907
5.6119075E-07,-0.010913
5.6124075E-07,-0.010918
5.6129075E-07,-0.010922
5.6134075E-07,-0.010924
5.6139075E-07,-0.010926
5.6144075E-07,-0.010927
5.6149075E-07,-0.010927
5.6154075E-07,-0.010927
5.6159075E-07,-0.010926
5.6164075E-07,-0.010925
5.6169075E-07,-0.010924
5.6174075E-07,-0.010922
5.6179075E-07,-0.010920
5.6184075E-07,-0.010918
5.6189075E-07,-0.010916
5.6194075E-07,-0.010913
5.6199075E-07,-0.010909
5.6204075E-07,-0.010906
5.6209075E-07,-0.010902
5.6214075E-07,-0.010898
5.6219075E-07,-0.010893
5.6224075E-07,-0.010889
5.6229075E-07,-0.010885
5.6234075E-07,-0.010881
5.6239075E-07,-0.010877
5.6244075E-07,-0.010874
5.6249075E-07,-0.010872
5.6254075E-07,-0.010870
5.6259075E-07,-0.010870
5.6264075E-07,-0.010871
5.6269075E-07,-0.010874
5.6274075E-07,-0.010878
5.6279075E-07,-0.010883
5.6284075E-07,-0.010890
5.6289075E-07,-0.010897
5.6294075E-07,-0.010906
5.6299075E-07,-0.010915
5.6304075E-07,-0.010926
5.6309075E-07,-0.010936
5.6314075E-07,-0.010946
5.6319075E-07,-0.010956
5.6324075E-07,-0.010966
5.6329075E-07,-0.010974
5.6334075E-07,-0.010982
5.6339075E-07,-0.010989
5.6344075E-07,-0.010994
5.6349075E-07,-0.010998
5.6354075E-07,-0.011000
5.6359075E-07,-0.011002
5.6364075E-07,-0.011002
5.6369075E-07,-0.011001
5.6374075E-07,-0.011000
5.6379075E-07,-0.010998
5.6384075E-07,-0.010996
5.6389075E-07,-0.010995
5.6394075E-07,-0.010993
5.6399075E-07,-0.010992
5.6404075E-07,-0.010991
5.6409075E-07,-0.010991
5.6414075E-07,-0.010991
5.6419075E-07,-0.010992
5.6424075E-07,-0.010993
5.6429075E-07,-0.010994
5.6434075E-07,-0.010996
5.6439075E-07,-0.010997
5.6444075E-07,-0.010997
5.6449075E-07,-0.010996
5.6454075E-07,-0.010995
5.6459075E-07,-0.010991
5.6464075E-07,-0.010986
5.6469075E-07,-0.010979
5.6474075E-07,-0.010970
5.6479075E-07,-0.010959
5.6484075E-07,-0.010946
5.6489075E-07,-0.010931
5.6494075E-07,-0.010914
5.6499075E-07,-0.010895
5.6504075E-07,-0.010876
5.6509075E-07,-0.010855
5.6514075E-07,-0.010834
5.6519075E-07,-0.010813
5.6524075E-07,-0.010792
5.6529075E-07,-0.010772
5.6534075E-07,-0.010752
5.6539075E-07,-0.010734
5.6544075E-07,-0.010718
5.6549075E-07,-0.010703
5.6554075E-07,-0.010690
5.6559075E-07,-0.010679
5.6564075E-07,-0.010669
5.6569075E-07,-0.010662
5.6574075E-07,-0.010656
5.6579075E-07,-0.010651
5.6584075E-07,-0.010647
5.6589075E-07,-0.010645
5.6594075E-07,-0.010643
5.6599075E-07,-0.010641
5.6604075E-07,-0.010640
5.6609075E-07,-0.010639
5.6614075E-07,-0.010637
5.6619075E-07,-0.010635
5.6624075E-07,-0.010633
5.6629075E-07,-0.010630
5.6634075E-07,-0.010626
5.6639075E-07,-0.010622
5.6644075E-07,-0.010617
5.6649075E-07,-0.010613
5.6654075E-07,-0.010608
5.6659075E-07,-0.010603
5.6664075E-07,-0.010598
5.6669075E-07,-0.010593
5.6674075E-07,-0.010589
5.6679075E-07,-0.010586
5.6684075E-07,-0.010583
5.6689075E-07,-0.010582
5.6694075E-07,-0.010581
5.6699075E-07,-0.010581
5.6704075E-07,-0.010582
5.6709075E-07,-0.010584
5.6714075E-07,-0.010586
5.6719075E-07,-0.010589
5.6724075E-07,-0.010592
5.6729075E-07,-0.010595
5.6734075E-07,-0.010599
5.6739075E-07,-0.010602
5.6744075E-07,-0.010604
5.6749075E-07,-0.010606
5.6754075E-07,-0.010607
5.6759075E-07,-0.010608
5.6764075E-07,-0.010607
5.6769075E-07,-0.010606
5.6774075E-07,-0.010603
5.6779075E-07,-0.010600
5.6784075E-07,-0.010597
5.6789075E-07,-0.010592
5.6794075E-07,-0.010588
5.6799075E-07,-0.010583
5.6804075E-07,-0.010578
5.6809075E-07,-0.010574
5.6814075E-07,-0.010570
5.6819075E-07,-0.010567
5.6824075E-07,-0.010565
5.6829075E-07,-0.010563
5.6834075E-07,-0.010563
5.6839075E-07,-0.010563
5.6844075E-07,-0.010565
5.6849075E-07,-0.010567
5.6854075E-07,-0.010570
5.6859075E-07,-0.010574
5.6864075E-07,-0.010578
5.6869075E-07,-0.010582
5.6874075E-07,-0.010587
5.6879075E-07,-0.010592
5.6884075E-07,-0.010597
5.6889075E-07,-0.010602
5.6894075E-07,-0.010606
5.6899075E-07,-0.010610
5.6904075E-07,-0.010614
5.6909075E-07,-0.010619
5.6914075E-07,-0.010623
5.6919075E-07,-0.010627
5.6924075E-07,-0.010631
5.6929075E-07,-0.010636
5.6934075E-07,-0.010642
5.6939075E-07,-0.010649
5.6944075E-07,-0.010656
5.6949075E-07,-0.010664
5.6954075E-07,-0.010674
5.6959075E-07,-0.010684
5.6964075E-07,-0.010695
5.6969075E-07,-0.010707
5.6974075E-07,-0.010720
5.6979075E-07,-0.010733
5.6984075E-07,-0.010746
5.6989075E-07,-0.010759
5.6994075E-07,-0.010772
5.6999075E-07,-0.010784
5.7004075E-07,-0.010794
5.7009075E-07,-0.010804
5.7014075E-07,-0.010812
5.7019075E-07,-0.010818
5.7024075E-07,-0.010822
5.7029075E-07,-0.010825
5.7034075E-07,-0.010826
5.7039075E-07,-0.010826
5.7044075E-07,-0.010824
5.7049075E-07,-0.010820
5.7054075E-07,-0.010816
5.7059075E-07,-0.010811
5.7064075E-07,-0.010806
5.7069075E-07,-0.010801
5.7074075E-07,-0.010795
5.7079075E-07,-0.010790
5.7084075E-07,-0.010785
5.7089075E-07,-0.010781
5.7094075E-07,-0.010777
5.7099075E-07,-0.010773
5.7104075E-07,-0.010770
5.7109075E-07,-0.010767
5.7114075E-07,-0.010763
5.7119075E-07,-0.010759
5.7124075E-07,-0.010755
5.7129075E-07,-0.010749
5.7134075E-07,-0.010742
5.7139075E-07,-0.010734
5.7144075E-07,-0.010724
5.7149075E-07,-0.010713
5.7154075E-07,-0.010700
5.7159075E-07,-0.010685
5.7164075E-07,-0.010669
5.7169075E-07,-0.010652
5.7174075E-07,-0.010634
5.7179075E-07,-0.010615
5.7184075E-07,-0.010595
5.7189075E-07,-0.010576
5.7194075E-07,-0.010558
5.7199075E-07,-0.010540
5.7204075E-07,-0.010524
5.7209075E-07,-0.010509
5.7214075E-07,-0.010496
5.7219075E-07,-0.010484
5.7224075E-07,-0.010475
5.7229075E-07,-0.010468
5.7234075E-07,-0.010463
5.7239075E-07,-0.010460
5.7244075E-07,-0.010458
5.7249075E-07,-0.010458
5.7254075E-07,-0.010460
5.7259075E-07,-0.010463
5.7264075E-07,-0.010466
5.7269075E-07,-0.010471
5.7274075E-07,-0.010476
5.7279075E-07,-0.010481
5.7284075E-07,-0.010487
5.7289075E-07,-0.010492
5.7294075E-07,-0.010498
5.7299075E-07,-0.010504
5.7304075E-07,-0.010510
5.7309075E-07,-0.010516
5.7314075E-07,-0.010523
5.7319075E-07,-0.010529
5.7324075E-07,-0.010536
5.7329075E-07,-0.010543
5.7334075E-07,-0.010551
5.7339075E-07,-0.010559
5.7344075E-07,-0.010568
5.7349075E-07,-0.010577
5.7354075E-07,-0.010586
5.7359075E-07,-0.010596
5.7364075E-07,-0.010605
5.7369075E-07,-0.010614
5.7374075E-07,-0.010623
5.7379075E-07,-0.010632
5.7384075E-07,-0.010640
5.7389075E-07,-0.010647
5.7394075E-07,-0.010654
5.7399075E-07,-0.010659
5.7404075E-07,-0.010664
5.7409075E-07,-0.010667
5.7414075E-07,-0.010669
5.7419075E-07,-0.010670
5.7424075E-07,-0.010670
5.7429075E-07,-0.010670
5.7434075E-07,-0.010669
5.7439075E-07,-0.010667
5.7444075E-07,-0.010665
5.7449075E-07,-0.010663
5.7454075E-07,-0.010661
5.7459075E-07,-0.010659
5.7464075E-07,-0.010658
5.7469075E-07,-0.010658
5.7474075E-07,-0.010659
5.7479075E-07,-0.010661
5.7484075E-07,-0.010665
5.7489075E-07,-0.010670
5.7494075E-07,-0.010676
5.7499075E-07,-0.010683
5.7504075E-07,-0.010692
5.7509075E-07,-0.010703
5.7514075E-07,-0.010714
5.7519075E-07,-0.010726
5.7524075E-07,-0.010739
5.7529075E-07,-0.010753
5.7534075E-07,-0.010767
5.7539075E-07,-0.010781
5.7544075E-07,-0.010795
5.7549075E-07,-0.010808
5.7554075E-07,-0.010821
5.7559075E-07,-0.010832
5.7564075E-07,-0.010843
5.7569075E-07,-0.010853
5.7574075E-07,-0.010861
5.7579075E-07,-0.010868
5.7584075E-07,-0.010873
5.7589075E-07,-0.010878
5.7594075E-07,-0.010881
5.7599075E-07,-0.010882
5.7604075E-07,-0.010883
5.7609075E-07,-0.010883
5.7614075E-07,-0.010882
5.7619075E-07,-0.010881
5.7624075E-07,-0.010879
5.7629075E-07,-0.010876
5.7634075E-07,-0.010873
5.7639075E-07,-0.010870
5.7644075E-07,-0.010866
5.7649075E-07,-0.010863
5.7654075E-07,-0.010858
5.7659075E-07,-0.010854
5.7664075E-07,-0.010849
5.7669075E-07,-0.010843
5.7674075E-07,-0.010836
5.7679075E-07,-0.010829
5.7684075E-07,-0.010820
5.7689075E-07,-0.010811
5.7694075E-07,-0.010801
5.7699075E-07,-0.010789
5.7704075E-07,-0.010777
5.7709075E-07,-0.010764
5.7714075E-07,-0.010750
5.7719075E-07,-0.010736
5.7724075E-07,-0.010721
5.7729075E-07,-0.010707
5.7734075E-07,-0.010692
5.7739075E-07,-0.010678
5.7744075E-07,-0.010665
5.7749075E-07,-0.010652
5.7754075E-07,-0.010640
5.7759075E-07,-0.010629
5.7764075E-07,-0.010619
5.7769075E-07,-0.010611
5.7774075E-07,-0.010603
5.7779075E-07,-0.010597
5.7784075E-07,-0.010591
5.7789075E-07,-0.010586
5.7794075E-07,-0.010582
5.7799075E-07,-0.010577
5.7804075E-07,-0.010573
5.7809075E-07,-0.010569
5.7814075E-07,-0.010564
5.7819075E-07,-0.010559
5.7824075E-07,-0.010554
5.7829075E-07,-0.010548
5.7834075E-07,-0.010541
5.7839075E-07,-0.010534
5.7844075E-07,-0.010527
5.7849075E-07,-0.010519
5.7854075E-07,-0.010512
5.7859075E-07,-0.010505
5.7864075E-07,-0.010499
5.7869075E-07,-0.010493
5.7874075E-07,-0.010488
5.7879075E-07,-0.010485
5.7884075E-07,-0.010483
5.7889075E-07,-0.010482
5.7894075E-07,-0.010483
5.7899075E-07,-0.010486
5.7904075E-07,-0.010490
5.7909075E-07,-0.010496
5.7914075E-07,-0.010503
5.7919075E-07,-0.010511
5.7924075E-07,-0.010521
5.7929075E-07,-0.010531
5.7934075E-07,-0.010542
5.7939075E-07,-0.010553
5.7944075E-07,-0.010564
5.7949075E-07,-0.010575
5.7954075E-07,-0.010586
5.7959075E-07,-0.010597
5.7964075E-07,-0.010608
5.7969075E-07,-0.010618
5.7974075E-07,-0.010628
5.7979075E-07,-0.010637
5.7984075E-07,-0.010646
5.7989075E-07,-0.010655
5.7994075E-07,-0.010663
5.7999075E-07,-0.010671
5.8004075E-07,-0.010679
5.8009075E-07,-0.010686
5.8014075E-07,-0.010693
5.8019075E-07,-0.010700
5.8024075E-07,-0.010707
5.8029075E-07,-0.010713
5.8034075E-07,-0.010718
5.8039075E-07,-0.010722
5.8044075E-07,-0.010726
5.8049075E-07,-0.010729
5.8054075E-07,-0.010730
5.8059075E-07,-0.010730
5.8064075E-07,-0.010729
5.8069075E-07,-0.010726
5.8074075E-07,-0.010722
5.8079075E-07,-0.010717
5.8084075E-07,-0.010710
5.8089075E-07,-0.010702
5.8094075E-07,-0.010692
5.8099075E-07,-0.010682
5.8104075E-07,-0.010672
5.8109075E-07,-0.010661
5.8114075E-07,-0.010649
5.8119075E-07,-0.010638
5.8124075E-07,-0.010628
5.8129075E-07,-0.010618
5.8134075E-07,-0.010610
5.8139075E-07,-0.010602
5.8144075E-07,-0.010596
5.8149075E-07,-0.010591
5.8154075E-07,-0.010588
5.8159075E-07,-0.010586
5.8164075E-07,-0.010586
5.8169075E-07,-0.010588
5.8174075E-07,-0.010591
5.8179075E-07,-0.010595
5.8184075E-07,-0.010600
5.8189075E-07,-0.010606
5.8194075E-07,-0.010612
5.8199075E-07,-0.010619
5.8204075E-07,-0.010626
5.8209075E-07,-0.010633
5.8214075E-07,-0.010640
5.8219075E-07,-0.010647
5.8224075E-07,-0.010653
5.8229075E-07,-0.010658
5.8234075E-07,-0.010663
5.8239075E-07,-0.010667
5.8244075E-07,-0.010670
5.8249075E-07,-0.010673
5.8254075E-07,-0.010675
5.8259075E-07,-0.010676
5.8264075E-07,-0.010677
5.8269075E-07,-0.010677
5.8274075E-07,-0.010677
5.8279075E-07,-0.010677
5.8284075E-07,-0.010676
5.8289075E-07,-0.010675
5.8294075E-07,-0.010674
5.8299075E-07,-0.010672
5.8304075E-07,-0.010671
5.8309075E-07,-0.010670
5.8314075E-07,-0.010668
5.8319075E-07,-0.010666
5.8324075E-07,-0.010664
5.8329075E-07,-0.010662
5.8334075E-07,-0.010660
5.8339075E-07,-0.010658
5.8344075E-07,-0.010655
5.8349075E-07,-0.010653
5.8354075E-07,-0.010650
5.8359075E-07,-0.010647
5.8364075E-07,-0.010644
5.8369075E-07,-0.010641
5.8374075E-07,-0.010639
5.8379075E-07,-0.010637
5.8384075E-07,-0.010635
5.8389075E-07,-0.010633
5.8394075E-07,-0.010633
5.8399075E-07,-0.010633
5.8404075E-07,-0.010633
5.8409075E-07,-0.010635
5.8414075E-07,-0.010637
5.8419075E-07,-0.010640
5.8424075E-07,-0.010644
5.8429075E-07,-0.010648
5.8434075E-07,-0.010653
5.8439075E-07,-0.010659
5.8444075E-07,-0.010664
5.8449075E-07,-0.010669
5.8454075E-07,-0.010674
5.8459075E-07,-0.010679
5.8464075E-07,-0.010682
5.8469075E-07,-0.010685
5.8474075E-07,-0.010686
5.8479075E-07,-0.010686
5.8484075E-07,-0.010684
5.8489075E-07,-0.010681
5.8494075E-07,-0.010675
5.8499075E-07,-0.010668
5.8504075E-07,-0.010660
5.8509075E-07,-0.010650
5.8514075E-07,-0.010639
5.8519075E-07,-0.010627
5.8524075E-07,-0.010614
5.8529075E-07,-0.010602
5.8534075E-07,-0.010589
5.8539075E-07,-0.010577
5.8544075E-07,-0.010565
5.8549075E-07,-0.010554
5.8554075E-07,-0.010545
5.8559075E-07,-0.010538
5.8564075E-07,-0.010532
5.8569075E-07,-0.010528
5.8574075E-07,-0.010526
5.8579075E-07,-0.010526
5.8584075E-07,-0.010527
5.8589075E-07,-0.010530
5.8594075E-07,-0.010535
5.8599075E-07,-0.010541
5.8604075E-07,-0.010547
5.8609075E-07,-0.010555
5.8614075E-07,-0.010564
5.8619075E-07,-0.010572
5.8624075E-07,-0.010581
5.8629075E-07,-0.010591
5.8634075E-07,-0.010600
5.8639075E-07,-0.010609
5.8644075E-07,-0.010618
5.8649075E-07,-0.010627
5.8654075E-07,-0.010636
5.8659075E-07,-0.010645
5.8664075E-07,-0.010654
5.8669075E-07,-0.010663
5.8674075E-07,-0.010672
5.8679075E-07,-0.010681
5.8684075E-07,-0.010690
5.8689075E-07,-0.010699
5.8694075E-07,-0.010708
5.8699075E-07,-0.010716
5.8704075E-07,-0.010725
5.8709075E-07,-0.010732
5.8714075E-07,-0.010739
5.8719075E-07,-0.010745
5.8724075E-07,-0.010750
5.8729075E-07,-0.010753
5.8734075E-07,-0.010755
5.8739075E-07,-0.010755
5.8744075E-07,-0.010753
5.8749075E-07,-0.010750
5.8754075E-07,-0.010745
5.8759075E-07,-0.010739
5.8764075E-07,-0.010731
5.8769075E-07,-0.010722
5.8774075E-07,-0.010713
5.8779075E-07,-0.010703
5.8784075E-07,-0.010693
5.8789075E-07,-0.010684
5.8794075E-07,-0.010675
5.8799075E-07,-0.010667
5.8804075E-07,-0.010661
5.8809075E-07,-0.010656
5.8814075E-07,-0.010654
5.8819075E-07,-0.010653
5.8824075E-07,-0.010654
5.8829075E-07,-0.010658
5.8834075E-07,-0.010664
5.8839075E-07,-0.010671
5.8844075E-07,-0.010680
5.8849075E-07,-0.010691
5.8854075E-07,-0.010703
5.8859075E-07,-0.010716
5.8864075E-07,-0.010730
5.8869075E-07,-0.010744
5.8874075E-07,-0.010758
5.8879075E-07,-0.010771
5.8884075E-07,-0.010784
5.8889075E-07,-0.010796
5.8894075E-07,-0.010807
5.8899075E-07,-0.010817
5.8904075E-07,-0.010825
5.8909075E-07,-0.010832
5.8914075E-07,-0.010838
5.8919075E-07,-0.010842
5.8924075E-07,-0.010846
5.8929075E-07,-0.010847
5.8934075E-07,-0.010848
5.8939075E-07,-0.010848
5.8944075E-07,-0.010847
5.8949075E-07,-0.010845
5.8954075E-07,-0.010842
5.8959075E-07,-0.010839
5.8964075E-07,-0.010835
5.8969075E-07,-0.010830
5.8974075E-07,-0.010825
5.8979075E-07,-0.010819
5.8984075E-07,-0.010813
5.8989075E-07,-0.010807
5.8994075E-07,-0.010799
5.8999075E-07,-0.010792
5.9004075E-07,-0.010784
5.9009075E-07,-0.010776
5.9014075E-07,-0.010767
5.9019075E-07,-0.010758
5.9024075E-07,-0.010749
5.9029075E-07,-0.010740
5.9034075E-07,-0.010731
5.9039075E-07,-0.010722
5.9044075E-07,-0.010714
5.9049075E-07,-0.010706
5.9054075E-07,-0.010698
5.9059075E-07,-0.010691
5.9064075E-07,-0.010685
5.9069075E-07,-0.010679
5.9074075E-07,-0.010675
5.9079075E-07,-0.010671
5.9084075E-07,-0.010668
5.9089075E-07,-0.010666
5.9094075E-07,-0.010665
5.9099075E-07,-0.010665
5.9104075E-07,-0.010665
5.9109075E-07,-0.010666
5.9114075E-07,-0.010667
5.9119075E-07,-0.010668
5.9124075E-07,-0.010670
5.9129075E-07,-0.010671
5.9134075E-07,-0.010673
5.9139075E-07,-0.010674
5.9144075E-07,-0.010675
5.9149075E-07,-0.010676
5.9154075E-07,-0.010677
5.9159075E-07,-0.010677
5.9164075E-07,-0.010677
5.9169075E-07,-0.010676
5.9174075E-07,-0.010676
5.9179075E-07,-0.010675
5.9184075E-07,-0.010674
5.9189075E-07,-0.010674
5.9194075E-07,-0.010674
5.9199075E-07,-0.010674
5.9204075E-07,-0.010674
5.9209075E-07,-0.010675
5.9214075E-07,-0.010677
5.9219075E-07,-0.010679
5.9224075E-07,-0.010682
5.9229075E-07,-0.010686
5.9234075E-07,-0.010690
5.9239075E-07,-0.010694
5.9244075E-07,-0.010699
5.9249075E-07,-0.010704
5.9254075E-07,-0.010709
5.9259075E-07,-0.010714
5.9264075E-07,-0.010718
5.9269075E-07,-0.010722
5.9274075E-07,-0.010726
5.9279075E-07,-0.010728
5.9284075E-07,-0.010730
5.9289075E-07,-0.010730
5.9294075E-07,-0.010730
5.9299075E-07,-0.010729
5.9304075E-07,-0.010726
5.9309075E-07,-0.010723
5.9314075E-07,-0.010719
5.9319075E-07,-0.010715
5.9324075E-07,-0.010710
5.9329075E-07,-0.010706
5.9334075E-07,-0.010701
5.9339075E-07,-0.010696
5.9344075E-07,-0.010692
5.9349075E-07,-0.010689
5.9354075E-07,-0.010686
5.9359075E-07,-0.010684
5.9364075E-07,-0.010683
5.9369075E-07,-0.010683
5.9374075E-07,-0.010684
5.9379075E-07,-0.010686
5.9384075E-07,-0.010689
5.9389075E-07,-0.010692
5.9394075E-07,-0.010696
5.9399075E-07,-0.010700
5.9404075E-07,-0.010705
5.9409075E-07,-0.010709
5.9414075E-07,-0.010713
5.9419075E-07,-0.010716
5.9424075E-07,-0.010719
5.9429075E-07,-0.010721
5.9434075E-07,-0.010723
5.9439075E-07,-0.010724
5.9444075E-07,-0.010725
5.9449075E-07,-0.010724
5.9454075E-07,-0.010724
5.9459075E-07,-0.010723
5.9464075E-07,-0.010722
5.9469075E-07,-0.010721
5.9474075E-07,-0.010720
5.9479075E-07,-0.010720
5.9484075E-07,-0.010720
5.9489075E-07,-0.010721
5.9494075E-07,-0.010722
5.9499075E-07,-0.010724
5.9504075E-07,-0.010727
5.9509075E-07,-0.010731
5.9514075E-07,-0.010735
5.9519075E-07,-0.010740
5.9524075E-07,-0.010745
5.9529075E-07,-0.010751
5.9534075E-07,-0.010756
5.9539075E-07,-0.010762
5.9544075E-07,-0.010768
5.9549075E-07,-0.010773
5.9554075E-07,-0.010778
5.9559075E-07,-0.010783
5.9564075E-07,-0.010788
5.9569075E-07,-0.010792
5.9574075E-07,-0.010795
5.9579075E-07,-0.010799
5.9584075E-07,-0.010802
5.9589075E-07,-0.010805
5.9594075E-07,-0.010808
5.9599075E-07,-0.010811
5.9604075E-07,-0.010813
5.9609075E-07,-0.010816
5.9614075E-07,-0.010819
5.9619075E-07,-0.010822
5.9624075E-07,-0.010825
5.9629075E-07,-0.010828
5.9634075E-07,-0.010830
5.9639075E-07,-0.010832
5.9644075E-07,-0.010834
5.9649075E-07,-0.010834
5.9654075E-07,-0.010834
5.9659075E-07,-0.010833
5.9664075E-07,-0.010831
5.9669075E-07,-0.010827
5.9674075E-07,-0.010822
5.9679075E-07,-0.010816
5.9684075E-07,-0.010808
5.9689075E-07,-0.010799
5.9694075E-07,-0.010789
5.9699075E-07,-0.010778
5.9704075E-07,-0.010766
5.9709075E-07,-0.010753
5.9714075E-07,-0.010740
5.9719075E-07,-0.010726
5.9724075E-07,-0.010713
5.9729075E-07,-0.010700
5.9734075E-07,-0.010688
5.9739075E-07,-0.010677
5.9744075E-07,-0.010668
5.9749075E-07,-0.010659
5.9754075E-07,-0.010652
5.9759075E-07,-0.010647
5.9764075E-07,-0.010644
5.9769075E-07,-0.010642
5.9774075E-07,-0.010642
5.9779075E-07,-0.010644
5.9784075E-07,-0.010647
5.9789075E-07,-0.010652
5.9794075E-07,-0.010658
5.9799075E-07,-0.010665
5.9804075E-07,-0.010673
5.9809075E-07,-0.010682
5.9814075E-07,-0.010691
5.9819075E-07,-0.010700
5.9824075E-07,-0.010710
5.9829075E-07,-0.010719
5.9834075E-07,-0.010729
5.9839075E-07,-0.010738
5.9844075E-07,-0.010746
5.9849075E-07,-0.010754
5.9854075E-07,-0.010761
5.9859075E-07,-0.010768
5.9864075E-07,-0.010774
5.9869075E-07,-0.010779
5.9874075E-07,-0.010783
5.9879075E-07,-0.010787
5.9884075E-07,-0.010789
5.9889075E-07,-0.010791
5.9894075E-07,-0.010792
5.9899075E-07,-0.010792
5.9904075E-07,-0.010791
5.9909075E-07,-0.010790
5.9914075E-07,-0.010788
5.9919075E-07,-0.010784
5.9924075E-07,-0.010781
5.9929075E-07,-0.010776
5.9934075E-07,-0.010770
5.9939075E-07,-0.010764
5.9944075E-07,-0.010757
5.9949075E-07,-0.010750
5.9954075E-07,-0.010742
5.9959075E-07,-0.010734
5.9964075E-07,-0.010725
5.9969075E-07,-0.010716
5.9974075E-07,-0.010707
5.9979075E-07,-0.010698
5.9984075E-07,-0.010689
5.9989075E-07,-0.010680
5.9994075E-07,-0.010672
5.9999075E-07,-0.010664
6.0004075E-07,-0.010657
6.0009075E-07,-0.010650
6.0014075E-07,-0.010644
6.0019075E-07,-0.010639
6.0024075E-07,-0.010634
6.0029075E-07,-0.010631
6.0034075E-07,-0.010627
6.0039075E-07,-0.010625
6.0044075E-07,-0.010623
6.0049075E-07,-0.010622
6.0054075E-07,-0.010621
6.0059075E-07,-0.010620
6.0064075E-07,-0.010620
6.0069075E-07,-0.010620
6.0074075E-07,-0.010620
6.0079075E-07,-0.010620
6.0084075E-07,-0.010620
6.0089075E-07,-0.010620
6.0094075E-07,-0.010620
6.0099075E-07,-0.010620
6.0104075E-07,-0.010620
6.0109075E-07,-0.010620
6.0114075E-07,-0.010620
6.0119075E-07,-0.010621
6.0124075E-07,-0.010622
6.0129075E-07,-0.010623
6.0134075E-07,-0.010626
6.0139075E-07,-0.010628
6.0144075E-07,-0.010632
6.0149075E-07,-0.010636
6.0154075E-07,-0.010641
6.0159075E-07,-0.010648
6.0164075E-07,-0.010654
6.0169075E-07,-0.010662
6.0174075E-07,-0.010670
6.0179075E-07,-0.010679
6.0184075E-07,-0.010688
6.0189075E-07,-0.010697
6.0194075E-07,-0.010706
6.0199075E-07,-0.010714
6.0204075E-07,-0.010722
6.0209075E-07,-0.010729
6.0214075E-07,-0.010734
6.0219075E-07,-0.010739
6.0224075E-07,-0.010741
6.0229075E-07,-0.010743
6.0234075E-07,-0.010742
6.0239075E-07,-0.010740
6.0244075E-07,-0.010736
6.0249075E-07,-0.010730
6.0254075E-07,-0.010723
6.0259075E-07,-0.010715
6.0264075E-07,-0.010705
6.0269075E-07,-0.010695
6.0274075E-07,-0.010683
6.0279075E-07,-0.010671
6.0284075E-07,-0.010659
6.0289075E-07,-0.010647
6.0294075E-07,-0.010636
6.0299075E-07,-0.010624
6.0304075E-07,-0.010614
6.0309075E-07,-0.010604
6.0314075E-07,-0.010596
6.0319075E-07,-0.010588
6.0324075E-07,-0.010581
6.0329075E-07,-0.010575
6.0334075E-07,-0.010571
6.0339075E-07,-0.010567
6.0344075E-07,-0.010565
6.0349075E-07,-0.010563
6.0354075E-07,-0.010562
6.0359075E-07,-0.010561
6.0364075E-07,-0.010561
6.0369075E-07,-0.010561
6.0374075E-07,-0.010562
6.0379075E-07,-0.010562
6.0384075E-07,-0.010563
6.0389075E-07,-0.010564
6.0394075E-07,-0.010565
6.0399075E-07,-0.010566
6.0404075E-07,-0.010567
6.0409075E-07,-0.010568
6.0414075E-07,-0.010569
6.0419075E-07,-0.010569
6.0424075E-07,-0.010570
6.0429075E-07,-0.010571
6.0434075E-07,-0.010572
6.0439075E-07,-0.010572
6.0444075E-07,-0.010573
6.0449075E-07,-0.010574
6.0454075E-07,-0.010574
6.0459075E-07,-0.010575
6.0464075E-07,-0.010575
6.0469075E-07,-0.010575
6.0474075E-07,-0.010575
6.0479075E-07,-0.010576
6.0484075E-07,-0.010576
6.0489075E-07,-0.010576
6.0494075E-07,-0.010576
6.0499075E-07,-0.010576
6.0504075E-07,-0.010576
6.0509075E-07,-0.010577
6.0514075E-07,-0.010577
6.0519075E-07,-0.010579
6.0524075E-07,-0.010580
6.0529075E-07,-0.010582
6.0534075E-07,-0.010585
6.0539075E-07,-0.010589
6.0544075E-07,-0.010594
6.0549075E-07,-0.010599
6.0554075E-07,-0.010605
6.0559075E-07,-0.010612
6.0564075E-07,-0.010620
6.0569075E-07,-0.010629
6.0574075E-07,-0.010638
6.0579075E-07,-0.010648
6.0584075E-07,-0.010658
6.0589075E-07,-0.010668
6.0594075E-07,-0.010679
6.0599075E-07,-0.010689
6.0604075E-07,-0.010699
6.0609075E-07,-0.010709
6.0614075E-07,-0.010718
6.0619075E-07,-0.010726
6.0624075E-07,-0.010734
6.0629075E-07,-0.010740
6.0634075E-07,-0.010745
6.0639075E-07,-0.010748
6.0644075E-07,-0.010751
6.0649075E-07,-0.010752
6.0654075E-07,-0.010752
6.0659075E-07,-0.010750
6.0664075E-07,-0.010748
6.0669075E-07,-0.010744
6.0674075E-07,-0.010740
6.0679075E-07,-0.010734
6.0684075E-07,-0.010729
6.0689075E-07,-0.010722
6.0694075E-07,-0.010715
6.0699075E-07,-0.010709
6.0704075E-07,-0.010702
6.0709075E-07,-0.010695
6.0714075E-07,-0.010688
6.0719075E-07,-0.010682
6.0724075E-07,-0.010677
6.0729075E-07,-0.010671
6.0734075E-07,-0.010667
6.0739075E-07,-0.010663
6.0744075E-07,-0.010659
6.0749075E-07,-0.010656
6.0754075E-07,-0.010653
6.0759075E-07,-0.010651
6.0764075E-07,-0.010649
6.0769075E-07,-0.010648
6.0774075E-07,-0.010647
6.0779075E-07,-0.010646
6.0784075E-07,-0.010645
6.0789075E-07,-0.010645
6.0794075E-07,-0.010645
6.0799075E-07,-0.010644
6.0804075E-07,-0.010644
6.0809075E-07,-0.010644
6.0814075E-07,-0.010645
6.0819075E-07,-0.010645
6.0824075E-07,-0.010646
6.0829075E-07,-0.010646
6.0834075E-07,-0.010647
6.0839075E-07,-0.010648
6.0844075E-07,-0.010649
6.0849075E-07,-0.010650
6.0854075E-07,-0.010651
6.0859075E-07,-0.010652
6.0864075E-07,-0.010652
6.0869075E-07,-0.010653
6.0874075E-07,-0.010653
6.0879075E-07,-0.010652
6.0884075E-07,-0.010651
6.0889075E-07,-0.010649
6.0894075E-07,-0.010647
6.0899075E-07,-0.010643
6.0904075E-07,-0.010639
6.0909075E-07,-0.010635
6.0914075E-07,-0.010629
6.0919075E-07,-0.010624
6.0924075E-07,-0.010617
6.0929075E-07,-0.010611
6.0934075E-07,-0.010604
6.0939075E-07,-0.010598
6.0944075E-07,-0.010592
6.0949075E-07,-0.010586
6.0954075E-07,-0.010581
6.0959075E-07,-0.010576
6.0964075E-07,-0.010572
6.0969075E-07,-0.010570
6.0974075E-07,-0.010568
6.0979075E-07,-0.010567
6.0984075E-07,-0.010567
6.0989075E-07,-0.010567
6.0994075E-07,-0.010569
6.0999075E-07,-0.010571
6.1004075E-07,-0.010573
6.1009075E-07,-0.010576
6.1014075E-07,-0.010579
6.1019075E-07,-0.010582
6.1024075E-07,-0.010584
6.1029075E-07,-0.010586
6.1034075E-07,-0.010588
6.1039075E-07,-0.010589
6.1044075E-07,-0.010589
6.1049075E-07,-0.010589
6.1054075E-07,-0.010588
6.1059075E-07,-0.010586
6.1064075E-07,-0.010584
6.1069075E-07,-0.010582
6.1074075E-07,-0.010579
6.1079075E-07,-0.010575
6.1084075E-07,-0.010572
6.1089075E-07,-0.010569
6.1094075E-07,-0.010566
6.1099075E-07,-0.010563
6.1104075E-07,-0.010560
6.1109075E-07,-0.010558
6.1114075E-07,-0.010556
6.1119075E-07,-0.010555
6.1124075E-07,-0.010554
6.1129075E-07,-0.010553
6.1134075E-07,-0.010553
6.1139075E-07,-0.010553
6.1144075E-07,-0.010553
6.1149075E-07,-0.010554
6.1154075E-07,-0.010555
6.1159075E-07,-0.010556
6.1164075E-07,-0.010557
6.1169075E-07,-0.010558
6.1174075E-07,-0.010559
6.1179075E-07,-0.010560
6.1184075E-07,-0.010561
6.1189075E-07,-0.010562
6.1194075E-07,-0.010563
6.1199075E-07,-0.010565
6.1204075E-07,-0.010567
6.1209075E-07,-0.010568
6.1214075E-07,-0.010570
6.1219075E-07,-0.010572
6.1224075E-07,-0.010575
6.1229075E-07,-0.010577
6.1234075E-07,-0.010580
6.1239075E-07,-0.010583
6.1244075E-07,-0.010586
6.1249075E-07,-0.010589
6.1254075E-07,-0.010592
6.1259075E-07,-0.010595
6.1264075E-07,-0.010598
6.1269075E-07,-0.010600
6.1274075E-07,-0.010603
6.1279075E-07,-0.010605
6.1284075E-07,-0.010606
6.1289075E-07,-0.010607
6.1294075E-07,-0.010608
6.1299075E-07,-0.010608
6.1304075E-07,-0.010608
6.1309075E-07,-0.010607
6.1314075E-07,-0.010606
6.1319075E-07,-0.010604
6.1324075E-07,-0.010602
6.1329075E-07,-0.010600
6.1334075E-07,-0.010597
6.1339075E-07,-0.010594
6.1344075E-07,-0.010591
6.1349075E-07,-0.010588
6.1354075E-07,-0.010585
6.1359075E-07,-0.010582
6.1364075E-07,-0.010579
6.1369075E-07,-0.010576
6.1374075E-07,-0.010574
6.1379075E-07,-0.010571
6.1384075E-07,-0.010570
6.1389075E-07,-0.010568
6.1394075E-07,-0.010568
6.1399075E-07,-0.010568
6.1404075E-07,-0.010568
6.1409075E-07,-0.010569
6.1414075E-07,-0.010572
6.1419075E-07,-0.010575
6.1424075E-07,-0.010578
6.1429075E-07,-0.010583
6.1434075E-07,-0.010589
6.1439075E-07,-0.010596
6.1444075E-07,-0.010604
6.1449075E-07,-0.010613
6.1454075E-07,-0.010623
6.1459075E-07,-0.010634
6.1464075E-07,-0.010646
6.1469075E-07,-0.010658
6.1474075E-07,-0.010672
6.1479075E-07,-0.010686
6.1484075E-07,-0.010700
6.1489075E-07,-0.010715
6.1494075E-07,-0.010730
6.1499075E-07,-0.010745
6.1504075E-07,-0.010760
6.1509075E-07,-0.010775
6.1514075E-07,-0.010790
6.1519075E-07,-0.010804
6.1524075E-07,-0.010817
6.1529075E-07,-0.010829
6.1534075E-07,-0.010840
6.1539075E-07,-0.010851
6.1544075E-07,-0.010860
6.1549075E-07,-0.010869
6.1554075E-07,-0.010876
6.1559075E-07,-0.010882
6.1564075E-07,-0.010887
6.1569075E-07,-0.010891
6.1574075E-07,-0.010894
6.1579075E-07,-0.010897
6.1584075E-07,-0.010899
6.1589075E-07,-0.010900
6.1594075E-07,-0.010900
6.1599075E-07,-0.010900
6.1604075E-07,-0.010900
6.1609075E-07,-0.010900
6.1614075E-07,-0.010899
6.1619075E-07,-0.010899
6.1624075E-07,-0.010898
6.1629075E-07,-0.010898
6.1634075E-07,-0.010897
6.1639075E-07,-0.010897
6.1644075E-07,-0.010897
6.1649075E-07,-0.010897
6.1654075E-07,-0.010897
6.1659075E-07,-0.010897
6.1664075E-07,-0.010897
6.1669075E-07,-0.010898
6.1674075E-07,-0.010898
6.1679075E-07,-0.010899
6.1684075E-07,-0.010899
6.1689075E-07,-0.010899
6.1694075E-07,-0.010900
6.1699075E-07,-0.010900
6.1704075E-07,-0.010900
6.1709075E-07,-0.010900
6.1714075E-07,-0.010900
6.1719075E-07,-0.010899
6.1724075E-07,-0.010899
6.1729075E-07,-0.010898
6.1734075E-07,-0.010897
6.1739075E-07,-0.010896
6.1744075E-07,-0.010895
6.1749075E-07,-0.010893
6.1754075E-07,-0.010891
6.1759075E-07,-0.010889
6.1764075E-07,-0.010887
6.1769075E-07,-0.010884
6.1774075E-07,-0.010881
6.1779075E-07,-0.010877
6.1784075E-07,-0.010873
6.1789075E-07,-0.010869
6.1794075E-07,-0.010864
6.1799075E-07,-0.010858
6.1804075E-07,-0.010852
6.1809075E-07,-0.010846
6.1814075E-07,-0.010838
6.1819075E-07,-0.010831
6.1824075E-07,-0.010822
6.1829075E-07,-0.010813
6.1834075E-07,-0.010804
6.1839075E-07,-0.010794
6.1844075E-07,-0.010783
6.1849075E-07,-0.010772
6.1854075E-07,-0.010761
6.1859075E-07,-0.010749
6.1864075E-07,-0.010737
6.1869075E-07,-0.010725
6.1874075E-07,-0.010713
6.1879075E-07,-0.010700
6.1884075E-07,-0.010688
6.1889075E-07,-0.010676
6.1894075E-07,-0.010664
6.1899075E-07,-0.010653
6.1904075E-07,-0.010642
6.1909075E-07,-0.010631
6.1914075E-07,-0.010621
6.1919075E-07,-0.010611
6.1924075E-07,-0.010603
6.1929075E-07,-0.010595
6.1934075E-07,-0.010588
6.1939075E-07,-0.010581
6.1944075E-07,-0.010576
6.1949075E-07,-0.010572
6.1954075E-07,-0.010569
6.1959075E-07,-0.010567
6.1964075E-07,-0.010567
6.1969075E-07,-0.010567
6.1974075E-07,-0.010569
6.1979075E-07,-0.010572
6.1984075E-07,-0.010576
6.1989075E-07,-0.010581
6.1994075E-07,-0.010586
6.1999075E-07,-0.010593
6.2004075E-07,-0.010601
6.2009075E-07,-0.010609
6.2014075E-07,-0.010617
6.2019075E-07,-0.010625
6.2024075E-07,-0.010634
6.2029075E-07,-0.010642
6.2034075E-07,-0.010650
6.2039075E-07,-0.010658
6.2044075E-07,-0.010664
6.2049075E-07,-0.010670
6.2054075E-07,-0.010674
6.2059075E-07,-0.010678
6.2064075E-07,-0.010680
6.2069075E-07,-0.010681
6.2074075E-07,-0.010681
6.2079075E-07,-0.010679
6.2084075E-07,-0.010677
6.2089075E-07,-0.010673
6.2094075E-07,-0.010669
6.2099075E-07,-0.010663
6.2104075E-07,-0.010658
6.2109075E-07,-0.010652
6.2114075E-07,-0.010646
6.2119075E-07,-0.010640
6.2124075E-07,-0.010634
6.2129075E-07,-0.010629
6.2134075E-07,-0.010624
6.2139075E-07,-0.010620
6.2144075E-07,-0.010617
6.2149075E-07,-0.010615
6.2154075E-07,-0.010614
6.2159075E-07,-0.010613
6.2164075E-07,-0.010614
6.2169075E-07,-0.010616
6.2174075E-07,-0.010618
6.2179075E-07,-0.010621
6.2184075E-07,-0.010625
6.2189075E-07,-0.010629
6.2194075E-07,-0.010633
6.2199075E-07,-0.010638
6.2204075E-07,-0.010642
6.2209075E-07,-0.010646
6.2214075E-07,-0.010650
6.2219075E-07,-0.010653
6.2224075E-07,-0.010656
6.2229075E-07,-0.010659
6.2234075E-07,-0.010660
6.2239075E-07,-0.010661
6.2244075E-07,-0.010662
6.2249075E-07,-0.010661
6.2254075E-07,-0.010660
6.2259075E-07,-0.010659
6.2264075E-07,-0.010657
6.2269075E-07,-0.010655
6.2274075E-07,-0.010652
6.2279075E-07,-0.010649
6.2284075E-07,-0.010647
6.2289075E-07,-0.010644
6.2294075E-07,-0.010642
6.2299075E-07,-0.010640
6.2304075E-07,-0.010638
6.2309075E-07,-0.010637
6.2314075E-07,-0.010637
6.2319075E-07,-0.010637
6.2324075E-07,-0.010638
6.2329075E-07,-0.010640
6.2334075E-07,-0.010642
6.2339075E-07,-0.010645
6.2344075E-07,-0.010649
6.2349075E-07,-0.010654
6.2354075E-07,-0.010659
6.2359075E-07,-0.010664
6.2364075E-07,-0.010670
6.2369075E-07,-0.010677
6.2374075E-07,-0.010683
6.2379075E-07,-0.010690
6.2384075E-07,-0.010696
6.2389075E-07,-0.010703
6.2394075E-07,-0.010709
6.2399075E-07,-0.010714
6.2404075E-07,-0.010719
6.2409075E-07,-0.010724
6.2414075E-07,-0.010727
6.2419075E-07,-0.010730
6.2424075E-07,-0.010732
6.2429075E-07,-0.010733
6.2434075E-07,-0.010733
6.2439075E-07,-0.010732
6.2444075E-07,-0.010729
6.2449075E-07,-0.010726
6.2454075E-07,-0.010722
6.2459075E-07,-0.010716
6.2464075E-07,-0.010710
6.2469075E-07,-0.010702
6.2474075E-07,-0.010694
6.2479075E-07,-0.010684
6.2484075E-07,-0.010673
6.2489075E-07,-0.010662
6.2494075E-07,-0.010650
6.2499075E-07,-0.010637
6.2504075E-07,-0.010623
6.2509075E-07,-0.010608
6.2514075E-07,-0.010593
6.2519075E-07,-0.010577
6.2524075E-07,-0.010561
6.2529075E-07,-0.010545
6.2534075E-07,-0.010528
6.2539075E-07,-0.010512
6.2544075E-07,-0.010496
6.2549075E-07,-0.010480
6.2554075E-07,-0.010465
6.2559075E-07,-0.010450
6.2564075E-07,-0.010436
6.2569075E-07,-0.010424
6.2574075E-07,-0.010413
6.2579075E-07,-0.010403
6.2584075E-07,-0.010394
6.2589075E-07,-0.010388
6.2594075E-07,-0.010383
6.2599075E-07,-0.010380
6.2604075E-07,-0.010379
6.2609075E-07,-0.010380
6.2614075E-07,-0.010383
6.2619075E-07,-0.010388
6.2624075E-07,-0.010394
6.2629075E-07,-0.010403
6.2634075E-07,-0.010413
6.2639075E-07,-0.010424
6.2644075E-07,-0.010437
6.2649075E-07,-0.010451
6.2654075E-07,-0.010466
6.2659075E-07,-0.010481
6.2664075E-07,-0.010497
6.2669075E-07,-0.010513
6.2674075E-07,-0.010529
6.2679075E-07,-0.010545
6.2684075E-07,-0.010560
6.2689075E-07,-0.010575
6.2694075E-07,-0.010589
6.2699075E-07,-0.010601
6.2704075E-07,-0.010613
6.2709075E-07,-0.010623
6.2714075E-07,-0.010632
6.2719075E-07,-0.010640
6.2724075E-07,-0.010647
6.2729075E-07,-0.010652
6.2734075E-07,-0.010656
6.2739075E-07,-0.010659
6.2744075E-07,-0.010661
6.2749075E-07,-0.010662
6.2754075E-07,-0.010662
6.2759075E-07,-0.010662
6.2764075E-07,-0.010661
6.2769075E-07,-0.010659
6.2774075E-07,-0.010657
6.2779075E-07,-0.010654
6.2784075E-07,-0.010651
6.2789075E-07,-0.010648
6.2794075E-07,-0.010645
6.2799075E-07,-0.010641
6.2804075E-07,-0.010637
6.2809075E-07,-0.010633
6.2814075E-07,-0.010628
6.2819075E-07,-0.010623
6.2824075E-07,-0.010618
6.2829075E-07,-0.010612
6.2834075E-07,-0.010606
6.2839075E-07,-0.010600
6.2844075E-07,-0.010594
6.2849075E-07,-0.010588
6.2854075E-07,-0.010582
6.2859075E-07,-0.010575
6.2864075E-07,-0.010569
6.2869075E-07,-0.010564
6.2874075E-07,-0.010559
6.2879075E-07,-0.010554
6.2884075E-07,-0.010550
6.2889075E-07,-0.010547
6.2894075E-07,-0.010545
6.2899075E-07,-0.010543
6.2904075E-07,-0.010543
6.2909075E-07,-0.010543
6.2914075E-07,-0.010544
6.2919075E-07,-0.010546
6.2924075E-07,-0.010548
6.2929075E-07,-0.010551
6.2934075E-07,-0.010554
6.2939075E-07,-0.010557
6.2944075E-07,-0.010560
6.2949075E-07,-0.010562
6.2954075E-07,-0.010564
6.2959075E-07,-0.010565
6.2964075E-07,-0.010566
6.2969075E-07,-0.010565
6.2974075E-07,-0.010564
6.2979075E-07,-0.010562
6.2984075E-07,-0.010559
6.2989075E-07,-0.010556
6.2994075E-07,-0.010551
6.2999075E-07,-0.010547
6.3004075E-07,-0.010541
6.3009075E-07,-0.010536
6.3014075E-07,-0.010531
6.3019075E-07,-0.010525
6.3024075E-07,-0.010520
6.3029075E-07,-0.010516
6.3034075E-07,-0.010511
6.3039075E-07,-0.010508
6.3044075E-07,-0.010504
6.3049075E-07,-0.010502
6.3054075E-07,-0.010500
6.3059075E-07,-0.010498
6.3064075E-07,-0.010497
6.3069075E-07,-0.010496
6.3074075E-07,-0.010496
6.3079075E-07,-0.010496
6.3084075E-07,-0.010495
6.3089075E-07,-0.010495
6.3094075E-07,-0.010494
6.3099075E-07,-0.010493
6.3104075E-07,-0.010493
6.3109075E-07,-0.010491
6.3114075E-07,-0.010490
6.3119075E-07,-0.010489
6.3124075E-07,-0.010487
6.3129075E-07,-0.010486
6.3134075E-07,-0.010485
6.3139075E-07,-0.010484
6.3144075E-07,-0.010484
6.3149075E-07,-0.010485
6.3154075E-07,-0.010486
6.3159075E-07,-0.010489
6.3164075E-07,-0.010492
6.3169075E-07,-0.010497
6.3174075E-07,-0.010502
6.3179075E-07,-0.010509
6.3184075E-07,-0.010517
6.3189075E-07,-0.010526
6.3194075E-07,-0.010536
6.3199075E-07,-0.010547
6.3204075E-07,-0.010558
6.3209075E-07,-0.010570
6.3214075E-07,-0.010582
6.3219075E-07,-0.010594
6.3224075E-07,-0.010606
6.3229075E-07,-0.010618
6.3234075E-07,-0.010629
6.3239075E-07,-0.010639
6.3244075E-07,-0.010648
6.3249075E-07,-0.010657
6.3254075E-07,-0.010665
6.3259075E-07,-0.010671
6.3264075E-07,-0.010677
6.3269075E-07,-0.010682
6.3274075E-07,-0.010685
6.3279075E-07,-0.010688
6.3284075E-07,-0.010690
6.3289075E-07,-0.010691
6.3294075E-07,-0.010691
6.3299075E-07,-0.010690
6.3304075E-07,-0.010689
6.3309075E-07,-0.010688
6.3314075E-07,-0.010686
6.3319075E-07,-0.010683
6.3324075E-07,-0.010681
6.3329075E-07,-0.010677
6.3334075E-07,-0.010674
6.3339075E-07,-0.010670
6.3344075E-07,-0.010666
6.3349075E-07,-0.010661
6.3354075E-07,-0.010656
6.3359075E-07,-0.010650
6.3364075E-07,-0.010645
6.3369075E-07,-0.010639
6.3374075E-07,-0.010633
6.3379075E-07,-0.010626
6.3384075E-07,-0.010620
6.3389075E-07,-0.010613
6.3394075E-07,-0.010607
6.3399075E-07,-0.010601
6.3404075E-07,-0.010595
6.3409075E-07,-0.010589
6.3414075E-07,-0.010584
6.3419075E-07,-0.010579
6.3424075E-07,-0.010575
6.3429075E-07,-0.010571
6.3434075E-07,-0.010568
6.3439075E-07,-0.010565
6.3444075E-07,-0.010563
6.3449075E-07,-0.010561
6.3454075E-07,-0.010559
6.3459075E-07,-0.010558
6.3464075E-07,-0.010557
6.3469075E-07,-0.010556
6.3474075E-07,-0.010555
6.3479075E-07,-0.010553
6.3484075E-07,-0.010551
6.3489075E-07,-0.010549
6.3494075E-07,-0.010545
6.3499075E-07,-0.010541
6.3504075E-07,-0.010537
6.3509075E-07,-0.010531
6.3514075E-07,-0.010525
6.3519075E-07,-0.010518
6.3524075E-07,-0.010510
6.3529075E-07,-0.010502
6.3534075E-07,-0.010494
6.3539075E-07,-0.010486
6.3544075E-07,-0.010478
6.3549075E-07,-0.010470
6.3554075E-07,-0.010463
6.3559075E-07,-0.010457
6.3564075E-07,-0.010451
6.3569075E-07,-0.010447
6.3574075E-07,-0.010444
6.3579075E-07,-0.010443
6.3584075E-07,-0.010443
6.3589075E-07,-0.010445
6.3594075E-07,-0.010448
6.3599075E-07,-0.010453
6.3604075E-07,-0.010459
6.3609075E-07,-0.010467
6.3614075E-07,-0.010476
6.3619075E-07,-0.010486
6.3624075E-07,-0.010497
6.3629075E-07,-0.010509
6.3634075E-07,-0.010522
6.3639075E-07,-0.010535
6.3644075E-07,-0.010549
6.3649075E-07,-0.010563
6.3654075E-07,-0.010577
6.3659075E-07,-0.010592
6.3664075E-07,-0.010606
6.3669075E-07,-0.010621
6.3674075E-07,-0.010635
6.3679075E-07,-0.010650
6.3684075E-07,-0.010664
6.3689075E-07,-0.010677
6.3694075E-07,-0.010691
6.3699075E-07,-0.010704
6.3704075E-07,-0.010716
6.3709075E-07,-0.010728
6.3714075E-07,-0.010739
6.3719075E-07,-0.010749
6.3724075E-07,-0.010758
6.3729075E-07,-0.010765
6.3734075E-07,-0.010772
6.3739075E-07,-0.010777
6.3744075E-07,-0.010780
6.3749075E-07,-0.010782
6.3754075E-07,-0.010782
6.3759075E-07,-0.010781
6.3764075E-07,-0.010777
6.3769075E-07,-0.010772
6.3774075E-07,-0.010765
6.3779075E-07,-0.010756
6.3784075E-07,-0.010746
6.3789075E-07,-0.010734
6.3794075E-07,-0.010722
6.3799075E-07,-0.010709
6.3804075E-07,-0.010695
6.3809075E-07,-0.010681
6.3814075E-07,-0.010667
6.3819075E-07,-0.010653
6.3824075E-07,-0.010640
6.3829075E-07,-0.010628
6.3834075E-07,-0.010616
6.3839075E-07,-0.010606
6.3844075E-07,-0.010597
6.3849075E-07,-0.010589
6.3854075E-07,-0.010582
6.3859075E-07,-0.010577
6.3864075E-07,-0.010573
6.3869075E-07,-0.010570
6.3874075E-07,-0.010568
6.3879075E-07,-0.010567
6.3884075E-07,-0.010566
6.3889075E-07,-0.010566
6.3894075E-07,-0.010567
6.3899075E-07,-0.010567
6.3904075E-07,-0.010568
6.3909075E-07,-0.010568
6.3914075E-07,-0.010568
6.3919075E-07,-0.010567
6.3924075E-07,-0.010567
6.3929075E-07,-0.010566
6.3934075E-07,-0.010564
6.3939075E-07,-0.010562
6.3944075E-07,-0.010560
6.3949075E-07,-0.010557
6.3954075E-07,-0.010554
6.3959075E-07,-0.010551
6.3964075E-07,-0.010548
6.3969075E-07,-0.010544
6.3974075E-07,-0.010541
6.3979075E-07,-0.010537
6.3984075E-07,-0.010533
6.3989075E-07,-0.010529
6.3994075E-07,-0.010525
6.3999075E-07,-0.010520
6.4004075E-07,-0.010515
6.4009075E-07,-0.010510
6.4014075E-07,-0.010504
6.4019075E-07,-0.010497
6.4024075E-07,-0.010490
6.4029075E-07,-0.010483
6.4034075E-07,-0.010474
6.4039075E-07,-0.010465
6.4044075E-07,-0.010455
6.4049075E-07,-0.010445
6.4054075E-07,-0.010434
6.4059075E-07,-0.010424
6.4064075E-07,-0.010413
6.4069075E-07,-0.010402
6.4074075E-07,-0.010392
6.4079075E-07,-0.010382
6.4084075E-07,-0.010373
6.4089075E-07,-0.010365
6.4094075E-07,-0.010358
6.4099075E-07,-0.010352
6.4104075E-07,-0.010348
6.4109075E-07,-0.010345
6.4114075E-07,-0.010343
6.4119075E-07,-0.010343
6.4124075E-07,-0.010344
6.4129075E-07,-0.010347
6.4134075E-07,-0.010350
6.4139075E-07,-0.010354
6.4144075E-07,-0.010359
6.4149075E-07,-0.010365
6.4154075E-07,-0.010370
6.4159075E-07,-0.010375
6.4164075E-07,-0.010381
6.4169075E-07,-0.010385
6.4174075E-07,-0.010389
6.4179075E-07,-0.010393
6.4184075E-07,-0.010395
6.4189075E-07,-0.010397
6.4194075E-07,-0.010398
6.4199075E-07,-0.010398
6.4204075E-07,-0.010398
6.4209075E-07,-0.010397
6.4214075E-07,-0.010396
6.4219075E-07,-0.010394
6.4224075E-07,-0.010392
6.4229075E-07,-0.010391
6.4234075E-07,-0.010389
6.4239075E-07,-0.010388
6.4244075E-07,-0.010387
6.4249075E-07,-0.010387
6.4254075E-07,-0.010386
6.4259075E-07,-0.010387
6.4264075E-07,-0.010387
6.4269075E-07,-0.010388
6.4274075E-07,-0.010389
6.4279075E-07,-0.010391
6.4284075E-07,-0.010392
6.4289075E-07,-0.010393
6.4294075E-07,-0.010394
6.4299075E-07,-0.010396
6.4304075E-07,-0.010397
6.4309075E-07,-0.010398
6.4314075E-07,-0.010399
6.4319075E-07,-0.010400
6.4324075E-07,-0.010402
6.4329075E-07,-0.010404
6.4334075E-07,-0.010407
6.4339075E-07,-0.010410
6.4344075E-07,-0.010415
6.4349075E-07,-0.010421
6.4354075E-07,-0.010428
6.4359075E-07,-0.010436
6.4364075E-07,-0.010446
6.4369075E-07,-0.010457
6.4374075E-07,-0.010470
6.4379075E-07,-0.010484
6.4384075E-07,-0.010499
6.4389075E-07,-0.010516
6.4394075E-07,-0.010533
6.4399075E-07,-0.010550
6.4404075E-07,-0.010568
6.4409075E-07,-0.010585
6.4414075E-07,-0.010602
6.4419075E-07,-0.010619
6.4424075E-07,-0.010634
6.4429075E-07,-0.010648
6.4434075E-07,-0.010661
6.4439075E-07,-0.010672
6.4444075E-07,-0.010682
6.4449075E-07,-0.010690
6.4454075E-07,-0.010696
6.4459075E-07,-0.010700
6.4464075E-07,-0.010704
6.4469075E-07,-0.010706
6.4474075E-07,-0.010707
6.4479075E-07,-0.010707
6.4484075E-07,-0.010706
6.4489075E-07,-0.010706
6.4494075E-07,-0.010705
6.4499075E-07,-0.010704
6.4504075E-07,-0.010703
6.4509075E-07,-0.010703
6.4514075E-07,-0.010703
6.4519075E-07,-0.010703
6.4524075E-07,-0.010704
6.4529075E-07,-0.010705
6.4534075E-07,-0.010706
6.4539075E-07,-0.010706
6.4544075E-07,-0.010707
6.4549075E-07,-0.010707
6.4554075E-07,-0.010707
6.4559075E-07,-0.010706
6.4564075E-07,-0.010704
6.4569075E-07,-0.010702
6.4574075E-07,-0.010699
6.4579075E-07,-0.010696
6.4584075E-07,-0.010691
6.4589075E-07,-0.010687
6.4594075E-07,-0.010682
6.4599075E-07,-0.010677
6.4604075E-07,-0.010672
6.4609075E-07,-0.010668
6.4614075E-07,-0.010664
6.4619075E-07,-0.010661
6.4624075E-07,-0.010659
6.4629075E-07,-0.010658
6.4634075E-07,-0.010659
6.4639075E-07,-0.010660
6.4644075E-07,-0.010663
6.4649075E-07,-0.010667
6.4654075E-07,-0.010673
6.4659075E-07,-0.010679
6.4664075E-07,-0.010685
6.4669075E-07,-0.010692
6.4674075E-07,-0.010700
6.4679075E-07,-0.010707
6.4684075E-07,-0.010714
6.4689075E-07,-0.010720
6.4694075E-07,-0.010726
6.4699075E-07,-0.010731
6.4704075E-07,-0.010734
6.4709075E-07,-0.010737
6.4714075E-07,-0.010739
6.4719075E-07,-0.010740
6.4724075E-07,-0.010740
6.4729075E-07,-0.010739
6.4734075E-07,-0.010738
6.4739075E-07,-0.010737
6.4744075E-07,-0.010735
6.4749075E-07,-0.010734
6.4754075E-07,-0.010733
6.4759075E-07,-0.010732
6.4764075E-07,-0.010732
6.4769075E-07,-0.010733
6.4774075E-07,-0.010734
6.4779075E-07,-0.010736
6.4784075E-07,-0.010739
6.4789075E-07,-0.010742
6.4794075E-07,-0.010745
6.4799075E-07,-0.010748
6.4804075E-07,-0.010752
6.4809075E-07,-0.010755
6.4814075E-07,-0.010757
6.4819075E-07,-0.010758
6.4824075E-07,-0.010758
6.4829075E-07,-0.010757
6.4834075E-07,-0.010755
6.4839075E-07,-0.010751
6.4844075E-07,-0.010745
6.4849075E-07,-0.010738
6.4854075E-07,-0.010729
6.4859075E-07,-0.010719
6.4864075E-07,-0.010708
6.4869075E-07,-0.010696
6.4874075E-07,-0.010684
6.4879075E-07,-0.010671
6.4884075E-07,-0.010657
6.4889075E-07,-0.010644
6.4894075E-07,-0.010632
6.4899075E-07,-0.010620
6.4904075E-07,-0.010609
6.4909075E-07,-0.010599
6.4914075E-07,-0.010590
6.4919075E-07,-0.010582
6.4924075E-07,-0.010576
6.4929075E-07,-0.010570
6.4934075E-07,-0.010566
6.4939075E-07,-0.010563
6.4944075E-07,-0.010561
6.4949075E-07,-0.010559
6.4954075E-07,-0.010558
6.4959075E-07,-0.010558
6.4964075E-07,-0.010558
6.4969075E-07,-0.010558
6.4974075E-07,-0.010558
6.4979075E-07,-0.010559
6.4984075E-07,-0.010559
6.4989075E-07,-0.010559
6.4994075E-07,-0.010559
6.4999075E-07,-0.010559
6.5004075E-07,-0.010559
6.5009075E-07,-0.010560
6.5014075E-07,-0.010560
6.5019075E-07,-0.010560
6.5024075E-07,-0.010561
6.5029075E-07,-0.010562
6.5034075E-07,-0.010563
6.5039075E-07,-0.010564
6.5044075E-07,-0.010566
6.5049075E-07,-0.010568
6.5054075E-07,-0.010569
6.5059075E-07,-0.010571
6.5064075E-07,-0.010573
6.5069075E-07,-0.010574
6.5074075E-07,-0.010574
6.5079075E-07,-0.010574
6.5084075E-07,-0.010574
6.5089075E-07,-0.010572
6.5094075E-07,-0.010570
6.5099075E-07,-0.010567
6.5104075E-07,-0.010562
6.5109075E-07,-0.010557
6.5114075E-07,-0.010552
6.5119075E-07,-0.010545
6.5124075E-07,-0.010538
6.5129075E-07,-0.010531
6.5134075E-07,-0.010524
6.5139075E-07,-0.010518
6.5144075E-07,-0.010511
6.5149075E-07,-0.010505
6.5154075E-07,-0.010501
6.5159075E-07,-0.010497
6.5164075E-07,-0.010495
6.5169075E-07,-0.010493
6.5174075E-07,-0.010494
6.5179075E-07,-0.010495
6.5184075E-07,-0.010498
6.5189075E-07,-0.010502
6.5194075E-07,-0.010507
6.5199075E-07,-0.010513
6.5204075E-07,-0.010519
6.5209075E-07,-0.010526
6.5214075E-07,-0.010533
6.5219075E-07,-0.010540
6.5224075E-07,-0.010547
6.5229075E-07,-0.010553
6.5234075E-07,-0.010559
6.5239075E-07,-0.010564
6.5244075E-07,-0.010569
6.5249075E-07,-0.010573
6.5254075E-07,-0.010576
6.5259075E-07,-0.010579
6.5264075E-07,-0.010582
6.5269075E-07,-0.010584
6.5274075E-07,-0.010586
6.5279075E-07,-0.010589
6.5284075E-07,-0.010592
6.5289075E-07,-0.010595
6.5294075E-07,-0.010599
6.5299075E-07,-0.010604
6.5304075E-07,-0.010609
6.5309075E-07,-0.010616
6.5314075E-07,-0.010622
6.5319075E-07,-0.010630
6.5324075E-07,-0.010637
6.5329075E-07,-0.010644
6.5334075E-07,-0.010651
6.5339075E-07,-0.010657
6.5344075E-07,-0.010661
6.5349075E-07,-0.010664
6.5354075E-07,-0.010664
6.5359075E-07,-0.010661
6.5364075E-07,-0.010655
6.5369075E-07,-0.010646
6.5374075E-07,-0.010632
6.5379075E-07,-0.010614
6.5384075E-07,-0.010592
6.5389075E-07,-0.010565
6.5394075E-07,-0.010533
6.5399075E-07,-0.010496
6.5404075E-07,-0.010455
6.5409075E-07,-0.010409
6.5414075E-07,-0.010359
6.5419075E-07,-0.010306
6.5424075E-07,-0.010249
6.5429075E-07,-0.010190
6.5434075E-07,-0.010129
6.5439075E-07,-0.010066
