LECROYWaveRunner‘N,20113,Waveform
Segments,1,SegmentSize,4002
Segment,TrigTime,TimeSinceSegment1
#1,12-Dec-2018 11:29:24,0                 
Time,Ampl
4.5693363E-07,-0.010639
4.5698363E-07,-0.010643
4.5703363E-07,-0.010647
4.5708363E-07,-0.010652
4.5713363E-07,-0.010657
4.5718363E-07,-0.010662
4.5723363E-07,-0.010667
4.5728363E-07,-0.010672
4.5733363E-07,-0.010677
4.5738363E-07,-0.010681
4.5743363E-07,-0.010684
4.5748363E-07,-0.010687
4.5753363E-07,-0.010688
4.5758363E-07,-0.010689
4.5763363E-07,-0.010688
4.5768363E-07,-0.010687
4.5773363E-07,-0.010685
4.5778363E-07,-0.010681
4.5783363E-07,-0.010677
4.5788363E-07,-0.010673
4.5793363E-07,-0.010668
4.5798363E-07,-0.010663
4.5803363E-07,-0.010658
4.5808363E-07,-0.010653
4.5813363E-07,-0.010648
4.5818363E-07,-0.010644
4.5823363E-07,-0.010640
4.5828363E-07,-0.010636
4.5833363E-07,-0.010633
4.5838363E-07,-0.010630
4.5843363E-07,-0.010628
4.5848363E-07,-0.010626
4.5853363E-07,-0.010624
4.5858363E-07,-0.010623
4.5863363E-07,-0.010621
4.5868363E-07,-0.010619
4.5873363E-07,-0.010618
4.5878363E-07,-0.010616
4.5883363E-07,-0.010614
4.5888363E-07,-0.010612
4.5893363E-07,-0.010610
4.5898363E-07,-0.010607
4.5903363E-07,-0.010604
4.5908363E-07,-0.010601
4.5913363E-07,-0.010598
4.5918363E-07,-0.010594
4.5923363E-07,-0.010589
4.5928363E-07,-0.010584
4.5933363E-07,-0.010578
4.5938363E-07,-0.010571
4.5943363E-07,-0.010564
4.5948363E-07,-0.010555
4.5953363E-07,-0.010546
4.5958363E-07,-0.010536
4.5963363E-07,-0.010524
4.5968363E-07,-0.010511
4.5973363E-07,-0.010498
4.5978363E-07,-0.010483
4.5983363E-07,-0.010468
4.5988363E-07,-0.010453
4.5993363E-07,-0.010437
4.5998363E-07,-0.010421
4.6003363E-07,-0.010405
4.6008363E-07,-0.010390
4.6013363E-07,-0.010375
4.6018363E-07,-0.010361
4.6023363E-07,-0.010348
4.6028363E-07,-0.010336
4.6033363E-07,-0.010326
4.6038363E-07,-0.010317
4.6043363E-07,-0.010308
4.6048363E-07,-0.010301
4.6053363E-07,-0.010295
4.6058363E-07,-0.010290
4.6063363E-07,-0.010285
4.6068363E-07,-0.010281
4.6073363E-07,-0.010277
4.6078363E-07,-0.010273
4.6083363E-07,-0.010269
4.6088363E-07,-0.010265
4.6093363E-07,-0.010261
4.6098363E-07,-0.010256
4.6103363E-07,-0.010252
4.6108363E-07,-0.010248
4.6113363E-07,-0.010245
4.6118363E-07,-0.010241
4.6123363E-07,-0.010239
4.6128363E-07,-0.010238
4.6133363E-07,-0.010237
4.6138363E-07,-0.010239
4.6143363E-07,-0.010241
4.6148363E-07,-0.010245
4.6153363E-07,-0.010251
4.6158363E-07,-0.010258
4.6163363E-07,-0.010266
4.6168363E-07,-0.010276
4.6173363E-07,-0.010286
4.6178363E-07,-0.010297
4.6183363E-07,-0.010308
4.6188363E-07,-0.010320
4.6193363E-07,-0.010331
4.6198363E-07,-0.010342
4.6203363E-07,-0.010352
4.6208363E-07,-0.010361
4.6213363E-07,-0.010370
4.6218363E-07,-0.010378
4.6223363E-07,-0.010385
4.6228363E-07,-0.010391
4.6233363E-07,-0.010396
4.6238363E-07,-0.010401
4.6243363E-07,-0.010407
4.6248363E-07,-0.010412
4.6253363E-07,-0.010417
4.6258363E-07,-0.010422
4.6263363E-07,-0.010429
4.6268363E-07,-0.010435
4.6273363E-07,-0.010443
4.6278363E-07,-0.010450
4.6283363E-07,-0.010459
4.6288363E-07,-0.010467
4.6293363E-07,-0.010476
4.6298363E-07,-0.010484
4.6303363E-07,-0.010493
4.6308363E-07,-0.010500
4.6313363E-07,-0.010507
4.6318363E-07,-0.010512
4.6323363E-07,-0.010517
4.6328363E-07,-0.010520
4.6333363E-07,-0.010522
4.6338363E-07,-0.010522
4.6343363E-07,-0.010521
4.6348363E-07,-0.010520
4.6353363E-07,-0.010517
4.6358363E-07,-0.010513
4.6363363E-07,-0.010509
4.6368363E-07,-0.010505
4.6373363E-07,-0.010501
4.6378363E-07,-0.010496
4.6383363E-07,-0.010492
4.6388363E-07,-0.010489
4.6393363E-07,-0.010485
4.6398363E-07,-0.010483
4.6403363E-07,-0.010480
4.6408363E-07,-0.010478
4.6413363E-07,-0.010476
4.6418363E-07,-0.010474
4.6423363E-07,-0.010472
4.6428363E-07,-0.010470
4.6433363E-07,-0.010468
4.6438363E-07,-0.010465
4.6443363E-07,-0.010461
4.6448363E-07,-0.010457
4.6453363E-07,-0.010453
4.6458363E-07,-0.010448
4.6463363E-07,-0.010443
4.6468363E-07,-0.010438
4.6473363E-07,-0.010433
4.6478363E-07,-0.010428
4.6483363E-07,-0.010424
4.6488363E-07,-0.010421
4.6493363E-07,-0.010418
4.6498363E-07,-0.010417
4.6503363E-07,-0.010416
4.6508363E-07,-0.010417
4.6513363E-07,-0.010419
4.6518363E-07,-0.010421
4.6523363E-07,-0.010425
4.6528363E-07,-0.010429
4.6533363E-07,-0.010434
4.6538363E-07,-0.010440
4.6543363E-07,-0.010446
4.6548363E-07,-0.010451
4.6553363E-07,-0.010457
4.6558363E-07,-0.010462
4.6563363E-07,-0.010467
4.6568363E-07,-0.010471
4.6573363E-07,-0.010474
4.6578363E-07,-0.010477
4.6583363E-07,-0.010479
4.6588363E-07,-0.010480
4.6593363E-07,-0.010481
4.6598363E-07,-0.010481
4.6603363E-07,-0.010481
4.6608363E-07,-0.010480
4.6613363E-07,-0.010479
4.6618363E-07,-0.010477
4.6623363E-07,-0.010476
4.6628363E-07,-0.010474
4.6633363E-07,-0.010472
4.6638363E-07,-0.010471
4.6643363E-07,-0.010469
4.6648363E-07,-0.010467
4.6653363E-07,-0.010464
4.6658363E-07,-0.010462
4.6663363E-07,-0.010460
4.6668363E-07,-0.010458
4.6673363E-07,-0.010456
4.6678363E-07,-0.010453
4.6683363E-07,-0.010451
4.6688363E-07,-0.010449
4.6693363E-07,-0.010447
4.6698363E-07,-0.010445
4.6703363E-07,-0.010444
4.6708363E-07,-0.010442
4.6713363E-07,-0.010441
4.6718363E-07,-0.010440
4.6723363E-07,-0.010440
4.6728363E-07,-0.010439
4.6733363E-07,-0.010439
4.6738363E-07,-0.010439
4.6743363E-07,-0.010439
4.6748363E-07,-0.010438
4.6753363E-07,-0.010438
4.6758363E-07,-0.010437
4.6763363E-07,-0.010436
4.6768363E-07,-0.010434
4.6773363E-07,-0.010432
4.6778363E-07,-0.010430
4.6783363E-07,-0.010427
4.6788363E-07,-0.010425
4.6793363E-07,-0.010422
4.6798363E-07,-0.010419
4.6803363E-07,-0.010417
4.6808363E-07,-0.010414
4.6813363E-07,-0.010413
4.6818363E-07,-0.010411
4.6823363E-07,-0.010411
4.6828363E-07,-0.010411
4.6833363E-07,-0.010411
4.6838363E-07,-0.010412
4.6843363E-07,-0.010414
4.6848363E-07,-0.010416
4.6853363E-07,-0.010419
4.6858363E-07,-0.010421
4.6863363E-07,-0.010423
4.6868363E-07,-0.010425
4.6873363E-07,-0.010427
4.6878363E-07,-0.010428
4.6883363E-07,-0.010428
4.6888363E-07,-0.010428
4.6893363E-07,-0.010427
4.6898363E-07,-0.010425
4.6903363E-07,-0.010422
4.6908363E-07,-0.010419
4.6913363E-07,-0.010415
4.6918363E-07,-0.010411
4.6923363E-07,-0.010407
4.6928363E-07,-0.010403
4.6933363E-07,-0.010400
4.6938363E-07,-0.010397
4.6943363E-07,-0.010394
4.6948363E-07,-0.010393
4.6953363E-07,-0.010392
4.6958363E-07,-0.010392
4.6963363E-07,-0.010392
4.6968363E-07,-0.010393
4.6973363E-07,-0.010395
4.6978363E-07,-0.010397
4.6983363E-07,-0.010398
4.6988363E-07,-0.010400
4.6993363E-07,-0.010401
4.6998363E-07,-0.010401
4.7003363E-07,-0.010401
4.7008363E-07,-0.010400
4.7013363E-07,-0.010398
4.7018363E-07,-0.010395
4.7023363E-07,-0.010390
4.7028363E-07,-0.010385
4.7033363E-07,-0.010379
4.7038363E-07,-0.010371
4.7043363E-07,-0.010364
4.7048363E-07,-0.010355
4.7053363E-07,-0.010346
4.7058363E-07,-0.010336
4.7063363E-07,-0.010326
4.7068363E-07,-0.010315
4.7073363E-07,-0.010305
4.7078363E-07,-0.010293
4.7083363E-07,-0.010282
4.7088363E-07,-0.010269
4.7093363E-07,-0.010257
4.7098363E-07,-0.010243
4.7103363E-07,-0.010229
4.7108363E-07,-0.010215
4.7113363E-07,-0.010200
4.7118363E-07,-0.010184
4.7123363E-07,-0.010168
4.7128363E-07,-0.010153
4.7133363E-07,-0.010137
4.7138363E-07,-0.010122
4.7143363E-07,-0.010107
4.7148363E-07,-0.010094
4.7153363E-07,-0.010082
4.7158363E-07,-0.010072
4.7163363E-07,-0.010064
4.7168363E-07,-0.010059
4.7173363E-07,-0.010056
4.7178363E-07,-0.010055
4.7183363E-07,-0.010058
4.7188363E-07,-0.010062
4.7193363E-07,-0.010069
4.7198363E-07,-0.010079
4.7203363E-07,-0.010090
4.7208363E-07,-0.010103
4.7213363E-07,-0.010117
4.7218363E-07,-0.010131
4.7223363E-07,-0.010146
4.7228363E-07,-0.010161
4.7233363E-07,-0.010175
4.7238363E-07,-0.010189
4.7243363E-07,-0.010202
4.7248363E-07,-0.010214
4.7253363E-07,-0.010224
4.7258363E-07,-0.010234
4.7263363E-07,-0.010243
4.7268363E-07,-0.010251
4.7273363E-07,-0.010259
4.7278363E-07,-0.010266
4.7283363E-07,-0.010274
4.7288363E-07,-0.010281
4.7293363E-07,-0.010289
4.7298363E-07,-0.010298
4.7303363E-07,-0.010307
4.7308363E-07,-0.010317
4.7313363E-07,-0.010328
4.7318363E-07,-0.010339
4.7323363E-07,-0.010351
4.7328363E-07,-0.010364
4.7333363E-07,-0.010377
4.7338363E-07,-0.010389
4.7343363E-07,-0.010401
4.7348363E-07,-0.010413
4.7353363E-07,-0.010423
4.7358363E-07,-0.010433
4.7363363E-07,-0.010441
4.7368363E-07,-0.010448
4.7373363E-07,-0.010453
4.7378363E-07,-0.010457
4.7383363E-07,-0.010460
4.7388363E-07,-0.010461
4.7393363E-07,-0.010462
4.7398363E-07,-0.010462
4.7403363E-07,-0.010461
4.7408363E-07,-0.010460
4.7413363E-07,-0.010459
4.7418363E-07,-0.010458
4.7423363E-07,-0.010457
4.7428363E-07,-0.010456
4.7433363E-07,-0.010456
4.7438363E-07,-0.010457
4.7443363E-07,-0.010458
4.7448363E-07,-0.010460
4.7453363E-07,-0.010461
4.7458363E-07,-0.010464
4.7463363E-07,-0.010466
4.7468363E-07,-0.010468
4.7473363E-07,-0.010470
4.7478363E-07,-0.010472
4.7483363E-07,-0.010473
4.7488363E-07,-0.010474
4.7493363E-07,-0.010474
4.7498363E-07,-0.010474
4.7503363E-07,-0.010473
4.7508363E-07,-0.010472
4.7513363E-07,-0.010470
4.7518363E-07,-0.010468
4.7523363E-07,-0.010465
4.7528363E-07,-0.010462
4.7533363E-07,-0.010460
4.7538363E-07,-0.010457
4.7543363E-07,-0.010455
4.7548363E-07,-0.010453
4.7553363E-07,-0.010451
4.7558363E-07,-0.010449
4.7563363E-07,-0.010448
4.7568363E-07,-0.010448
4.7573363E-07,-0.010448
4.7578363E-07,-0.010448
4.7583363E-07,-0.010450
4.7588363E-07,-0.010451
4.7593363E-07,-0.010453
4.7598363E-07,-0.010455
4.7603363E-07,-0.010458
4.7608363E-07,-0.010461
4.7613363E-07,-0.010465
4.7618363E-07,-0.010468
4.7623363E-07,-0.010472
4.7628363E-07,-0.010476
4.7633363E-07,-0.010480
4.7638363E-07,-0.010484
4.7643363E-07,-0.010489
4.7648363E-07,-0.010493
4.7653363E-07,-0.010497
4.7658363E-07,-0.010500
4.7663363E-07,-0.010504
4.7668363E-07,-0.010507
4.7673363E-07,-0.010509
4.7678363E-07,-0.010512
4.7683363E-07,-0.010514
4.7688363E-07,-0.010515
4.7693363E-07,-0.010516
4.7698363E-07,-0.010517
4.7703363E-07,-0.010517
4.7708363E-07,-0.010517
4.7713363E-07,-0.010516
4.7718363E-07,-0.010515
4.7723363E-07,-0.010514
4.7728363E-07,-0.010512
4.7733363E-07,-0.010509
4.7738363E-07,-0.010506
4.7743363E-07,-0.010501
4.7748363E-07,-0.010497
4.7753363E-07,-0.010491
4.7758363E-07,-0.010484
4.7763363E-07,-0.010476
4.7768363E-07,-0.010467
4.7773363E-07,-0.010456
4.7778363E-07,-0.010445
4.7783363E-07,-0.010432
4.7788363E-07,-0.010418
4.7793363E-07,-0.010404
4.7798363E-07,-0.010388
4.7803363E-07,-0.010372
4.7808363E-07,-0.010356
4.7813363E-07,-0.010340
4.7818363E-07,-0.010325
4.7823363E-07,-0.010310
4.7828363E-07,-0.010297
4.7833363E-07,-0.010285
4.7838363E-07,-0.010275
4.7843363E-07,-0.010268
4.7848363E-07,-0.010262
4.7853363E-07,-0.010260
4.7858363E-07,-0.010259
4.7863363E-07,-0.010261
4.7868363E-07,-0.010265
4.7873363E-07,-0.010272
4.7878363E-07,-0.010280
4.7883363E-07,-0.010290
4.7888363E-07,-0.010300
4.7893363E-07,-0.010312
4.7898363E-07,-0.010323
4.7903363E-07,-0.010335
4.7908363E-07,-0.010346
4.7913363E-07,-0.010357
4.7918363E-07,-0.010367
4.7923363E-07,-0.010375
4.7928363E-07,-0.010383
4.7933363E-07,-0.010390
4.7938363E-07,-0.010396
4.7943363E-07,-0.010401
4.7948363E-07,-0.010406
4.7953363E-07,-0.010411
4.7958363E-07,-0.010416
4.7963363E-07,-0.010422
4.7968363E-07,-0.010428
4.7973363E-07,-0.010434
4.7978363E-07,-0.010442
4.7983363E-07,-0.010451
4.7988363E-07,-0.010460
4.7993363E-07,-0.010470
4.7998363E-07,-0.010480
4.8003363E-07,-0.010490
4.8008363E-07,-0.010501
4.8013363E-07,-0.010510
4.8018363E-07,-0.010519
4.8023363E-07,-0.010526
4.8028363E-07,-0.010531
4.8033363E-07,-0.010534
4.8038363E-07,-0.010535
4.8043363E-07,-0.010534
4.8048363E-07,-0.010531
4.8053363E-07,-0.010525
4.8058363E-07,-0.010518
4.8063363E-07,-0.010509
4.8068363E-07,-0.010500
4.8073363E-07,-0.010489
4.8078363E-07,-0.010478
4.8083363E-07,-0.010468
4.8088363E-07,-0.010459
4.8093363E-07,-0.010451
4.8098363E-07,-0.010445
4.8103363E-07,-0.010441
4.8108363E-07,-0.010439
4.8113363E-07,-0.010439
4.8118363E-07,-0.010442
4.8123363E-07,-0.010447
4.8128363E-07,-0.010453
4.8133363E-07,-0.010461
4.8138363E-07,-0.010470
4.8143363E-07,-0.010480
4.8148363E-07,-0.010489
4.8153363E-07,-0.010498
4.8158363E-07,-0.010506
4.8163363E-07,-0.010513
4.8168363E-07,-0.010517
4.8173363E-07,-0.010520
4.8178363E-07,-0.010521
4.8183363E-07,-0.010520
4.8188363E-07,-0.010516
4.8193363E-07,-0.010511
4.8198363E-07,-0.010504
4.8203363E-07,-0.010495
4.8208363E-07,-0.010486
4.8213363E-07,-0.010477
4.8218363E-07,-0.010467
4.8223363E-07,-0.010458
4.8228363E-07,-0.010450
4.8233363E-07,-0.010443
4.8238363E-07,-0.010437
4.8243363E-07,-0.010434
4.8248363E-07,-0.010432
4.8253363E-07,-0.010433
4.8258363E-07,-0.010435
4.8263363E-07,-0.010440
4.8268363E-07,-0.010446
4.8273363E-07,-0.010454
4.8278363E-07,-0.010463
4.8283363E-07,-0.010474
4.8288363E-07,-0.010485
4.8293363E-07,-0.010497
4.8298363E-07,-0.010509
4.8303363E-07,-0.010521
4.8308363E-07,-0.010532
4.8313363E-07,-0.010544
4.8318363E-07,-0.010554
4.8323363E-07,-0.010564
4.8328363E-07,-0.010574
4.8333363E-07,-0.010582
4.8338363E-07,-0.010589
4.8343363E-07,-0.010596
4.8348363E-07,-0.010602
4.8353363E-07,-0.010607
4.8358363E-07,-0.010611
4.8363363E-07,-0.010615
4.8368363E-07,-0.010618
4.8373363E-07,-0.010620
4.8378363E-07,-0.010622
4.8383363E-07,-0.010623
4.8388363E-07,-0.010624
4.8393363E-07,-0.010624
4.8398363E-07,-0.010623
4.8403363E-07,-0.010622
4.8408363E-07,-0.010620
4.8413363E-07,-0.010618
4.8418363E-07,-0.010614
4.8423363E-07,-0.010609
4.8428363E-07,-0.010604
4.8433363E-07,-0.010597
4.8438363E-07,-0.010590
4.8443363E-07,-0.010581
4.8448363E-07,-0.010571
4.8453363E-07,-0.010560
4.8458363E-07,-0.010548
4.8463363E-07,-0.010535
4.8468363E-07,-0.010521
4.8473363E-07,-0.010507
4.8478363E-07,-0.010493
4.8483363E-07,-0.010479
4.8488363E-07,-0.010465
4.8493363E-07,-0.010452
4.8498363E-07,-0.010440
4.8503363E-07,-0.010428
4.8508363E-07,-0.010419
4.8513363E-07,-0.010411
4.8518363E-07,-0.010404
4.8523363E-07,-0.010400
4.8528363E-07,-0.010397
4.8533363E-07,-0.010396
4.8538363E-07,-0.010397
4.8543363E-07,-0.010400
4.8548363E-07,-0.010404
4.8553363E-07,-0.010409
4.8558363E-07,-0.010415
4.8563363E-07,-0.010422
4.8568363E-07,-0.010429
4.8573363E-07,-0.010436
4.8578363E-07,-0.010443
4.8583363E-07,-0.010449
4.8588363E-07,-0.010455
4.8593363E-07,-0.010461
4.8598363E-07,-0.010465
4.8603363E-07,-0.010469
4.8608363E-07,-0.010473
4.8613363E-07,-0.010476
4.8618363E-07,-0.010478
4.8623363E-07,-0.010481
4.8628363E-07,-0.010484
4.8633363E-07,-0.010487
4.8638363E-07,-0.010491
4.8643363E-07,-0.010495
4.8648363E-07,-0.010500
4.8653363E-07,-0.010507
4.8658363E-07,-0.010513
4.8663363E-07,-0.010521
4.8668363E-07,-0.010529
4.8673363E-07,-0.010538
4.8678363E-07,-0.010546
4.8683363E-07,-0.010554
4.8688363E-07,-0.010561
4.8693363E-07,-0.010568
4.8698363E-07,-0.010573
4.8703363E-07,-0.010576
4.8708363E-07,-0.010578
4.8713363E-07,-0.010578
4.8718363E-07,-0.010576
4.8723363E-07,-0.010572
4.8728363E-07,-0.010566
4.8733363E-07,-0.010559
4.8738363E-07,-0.010551
4.8743363E-07,-0.010542
4.8748363E-07,-0.010532
4.8753363E-07,-0.010523
4.8758363E-07,-0.010514
4.8763363E-07,-0.010505
4.8768363E-07,-0.010499
4.8773363E-07,-0.010493
4.8778363E-07,-0.010489
4.8783363E-07,-0.010488
4.8788363E-07,-0.010488
4.8793363E-07,-0.010489
4.8798363E-07,-0.010493
4.8803363E-07,-0.010497
4.8808363E-07,-0.010503
4.8813363E-07,-0.010509
4.8818363E-07,-0.010515
4.8823363E-07,-0.010521
4.8828363E-07,-0.010527
4.8833363E-07,-0.010531
4.8838363E-07,-0.010535
4.8843363E-07,-0.010537
4.8848363E-07,-0.010537
4.8853363E-07,-0.010537
4.8858363E-07,-0.010535
4.8863363E-07,-0.010531
4.8868363E-07,-0.010527
4.8873363E-07,-0.010523
4.8878363E-07,-0.010518
4.8883363E-07,-0.010513
4.8888363E-07,-0.010509
4.8893363E-07,-0.010505
4.8898363E-07,-0.010503
4.8903363E-07,-0.010501
4.8908363E-07,-0.010501
4.8913363E-07,-0.010502
4.8918363E-07,-0.010504
4.8923363E-07,-0.010508
4.8928363E-07,-0.010511
4.8933363E-07,-0.010516
4.8938363E-07,-0.010520
4.8943363E-07,-0.010524
4.8948363E-07,-0.010527
4.8953363E-07,-0.010529
4.8958363E-07,-0.010529
4.8963363E-07,-0.010528
4.8968363E-07,-0.010525
4.8973363E-07,-0.010520
4.8978363E-07,-0.010514
4.8983363E-07,-0.010506
4.8988363E-07,-0.010496
4.8993363E-07,-0.010485
4.8998363E-07,-0.010473
4.9003363E-07,-0.010461
4.9008363E-07,-0.010449
4.9013363E-07,-0.010437
4.9018363E-07,-0.010427
4.9023363E-07,-0.010417
4.9028363E-07,-0.010410
4.9033363E-07,-0.010404
4.9038363E-07,-0.010400
4.9043363E-07,-0.010398
4.9048363E-07,-0.010398
4.9053363E-07,-0.010400
4.9058363E-07,-0.010404
4.9063363E-07,-0.010409
4.9068363E-07,-0.010415
4.9073363E-07,-0.010423
4.9078363E-07,-0.010431
4.9083363E-07,-0.010439
4.9088363E-07,-0.010447
4.9093363E-07,-0.010454
4.9098363E-07,-0.010462
4.9103363E-07,-0.010468
4.9108363E-07,-0.010474
4.9113363E-07,-0.010479
4.9118363E-07,-0.010484
4.9123363E-07,-0.010488
4.9128363E-07,-0.010492
4.9133363E-07,-0.010496
4.9138363E-07,-0.010501
4.9143363E-07,-0.010506
4.9148363E-07,-0.010513
4.9153363E-07,-0.010521
4.9158363E-07,-0.010530
4.9163363E-07,-0.010542
4.9168363E-07,-0.010556
4.9173363E-07,-0.010573
4.9178363E-07,-0.010592
4.9183363E-07,-0.010614
4.9188363E-07,-0.010639
4.9193363E-07,-0.010667
4.9198363E-07,-0.010697
4.9203363E-07,-0.010730
4.9208363E-07,-0.010765
4.9213363E-07,-0.010802
4.9218363E-07,-0.010841
4.9223363E-07,-0.010882
4.9228363E-07,-0.010925
4.9233363E-07,-0.010969
4.9238363E-07,-0.011015
4.9243363E-07,-0.011062
4.9248363E-07,-0.011110
4.9253363E-07,-0.011160
4.9258363E-07,-0.011212
4.9263363E-07,-0.011266
4.9268363E-07,-0.011321
4.9273363E-07,-0.011379
4.9278363E-07,-0.011440
4.9283363E-07,-0.011503
4.9288363E-07,-0.011570
4.9293363E-07,-0.011641
4.9298363E-07,-0.011715
4.9303363E-07,-0.011794
4.9308363E-07,-0.011877
4.9313363E-07,-0.011964
4.9318363E-07,-0.012056
4.9323363E-07,-0.012152
4.9328363E-07,-0.012253
4.9333363E-07,-0.012358
4.9338363E-07,-0.012468
4.9343363E-07,-0.012581
4.9348363E-07,-0.012697
4.9353363E-07,-0.012817
4.9358363E-07,-0.012939
4.9363363E-07,-0.013064
4.9368363E-07,-0.013190
4.9373363E-07,-0.013319
4.9378363E-07,-0.013449
4.9383363E-07,-0.013580
4.9388363E-07,-0.013713
4.9393363E-07,-0.013847
4.9398363E-07,-0.013982
4.9403363E-07,-0.014119
4.9408363E-07,-0.014257
4.9413363E-07,-0.014397
4.9418363E-07,-0.014540
4.9423363E-07,-0.014684
4.9428363E-07,-0.014831
4.9433363E-07,-0.014980
4.9438363E-07,-0.015131
4.9443363E-07,-0.015285
4.9448363E-07,-0.015442
4.9453363E-07,-0.015600
4.9458363E-07,-0.015760
4.9463363E-07,-0.015921
4.9468363E-07,-0.016082
4.9473363E-07,-0.016244
4.9478363E-07,-0.016405
4.9483363E-07,-0.016564
4.9488363E-07,-0.016722
4.9493363E-07,-0.016876
4.9498363E-07,-0.017027
4.9503363E-07,-0.017175
4.9508363E-07,-0.017318
4.9513363E-07,-0.017457
4.9518363E-07,-0.017591
4.9523363E-07,-0.017721
4.9528363E-07,-0.017847
4.9533363E-07,-0.017970
4.9538363E-07,-0.018088
4.9543363E-07,-0.018205
4.9548363E-07,-0.018319
4.9553363E-07,-0.018431
4.9558363E-07,-0.018543
4.9563363E-07,-0.018654
4.9568363E-07,-0.018766
4.9573363E-07,-0.018879
4.9578363E-07,-0.018992
4.9583363E-07,-0.019107
4.9588363E-07,-0.019224
4.9593363E-07,-0.019341
4.9598363E-07,-0.019460
4.9603363E-07,-0.019580
4.9608363E-07,-0.019699
4.9613363E-07,-0.019819
4.9618363E-07,-0.019938
4.9623363E-07,-0.020056
4.9628363E-07,-0.020172
4.9633363E-07,-0.020286
4.9638363E-07,-0.020397
4.9643363E-07,-0.020505
4.9648363E-07,-0.020610
4.9653363E-07,-0.020712
4.9658363E-07,-0.020811
4.9663363E-07,-0.020907
4.9668363E-07,-0.021000
4.9673363E-07,-0.021091
4.9678363E-07,-0.021180
4.9683363E-07,-0.021267
4.9688363E-07,-0.021353
4.9693363E-07,-0.021438
4.9698363E-07,-0.021522
4.9703363E-07,-0.021606
4.9708363E-07,-0.021689
4.9713363E-07,-0.021772
4.9718363E-07,-0.021854
4.9723363E-07,-0.021936
4.9728363E-07,-0.022016
4.9733363E-07,-0.022094
4.9738363E-07,-0.022170
4.9743363E-07,-0.022243
4.9748363E-07,-0.022313
4.9753363E-07,-0.022378
4.9758363E-07,-0.022439
4.9763363E-07,-0.022495
4.9768363E-07,-0.022545
4.9773363E-07,-0.022590
4.9778363E-07,-0.022628
4.9783363E-07,-0.022660
4.9788363E-07,-0.022687
4.9793363E-07,-0.022707
4.9798363E-07,-0.022722
4.9803363E-07,-0.022732
4.9808363E-07,-0.022737
4.9813363E-07,-0.022737
4.9818363E-07,-0.022734
4.9823363E-07,-0.022728
4.9828363E-07,-0.022719
4.9833363E-07,-0.022707
4.9838363E-07,-0.022693
4.9843363E-07,-0.022677
4.9848363E-07,-0.022659
4.9853363E-07,-0.022640
4.9858363E-07,-0.022619
4.9863363E-07,-0.022597
4.9868363E-07,-0.022572
4.9873363E-07,-0.022546
4.9878363E-07,-0.022517
4.9883363E-07,-0.022486
4.9888363E-07,-0.022451
4.9893363E-07,-0.022414
4.9898363E-07,-0.022373
4.9903363E-07,-0.022329
4.9908363E-07,-0.022282
4.9913363E-07,-0.022230
4.9918363E-07,-0.022176
4.9923363E-07,-0.022118
4.9928363E-07,-0.022057
4.9933363E-07,-0.021993
4.9938363E-07,-0.021926
4.9943363E-07,-0.021858
4.9948363E-07,-0.021788
4.9953363E-07,-0.021716
4.9958363E-07,-0.021644
4.9963363E-07,-0.021571
4.9968363E-07,-0.021499
4.9973363E-07,-0.021426
4.9978363E-07,-0.021354
4.9983363E-07,-0.021284
4.9988363E-07,-0.021214
4.9993363E-07,-0.021145
4.9998363E-07,-0.021077
5.0003363E-07,-0.021010
5.0008363E-07,-0.020945
5.0013363E-07,-0.020880
5.0018363E-07,-0.020816
5.0023363E-07,-0.020752
5.0028363E-07,-0.020688
5.0033363E-07,-0.020625
5.0038363E-07,-0.020561
5.0043363E-07,-0.020497
5.0048363E-07,-0.020432
5.0053363E-07,-0.020367
5.0058363E-07,-0.020301
5.0063363E-07,-0.020234
5.0068363E-07,-0.020167
5.0073363E-07,-0.020100
5.0078363E-07,-0.020032
5.0083363E-07,-0.019963
5.0088363E-07,-0.019895
5.0093363E-07,-0.019827
5.0098363E-07,-0.019760
5.0103363E-07,-0.019692
5.0108363E-07,-0.019626
5.0113363E-07,-0.019560
5.0118363E-07,-0.019495
5.0123363E-07,-0.019430
5.0128363E-07,-0.019366
5.0133363E-07,-0.019302
5.0138363E-07,-0.019238
5.0143363E-07,-0.019173
5.0148363E-07,-0.019108
5.0153363E-07,-0.019042
5.0158363E-07,-0.018974
5.0163363E-07,-0.018905
5.0168363E-07,-0.018833
5.0173363E-07,-0.018759
5.0178363E-07,-0.018683
5.0183363E-07,-0.018604
5.0188363E-07,-0.018522
5.0193363E-07,-0.018437
5.0198363E-07,-0.018350
5.0203363E-07,-0.018261
5.0208363E-07,-0.018170
5.0213363E-07,-0.018078
5.0218363E-07,-0.017985
5.0223363E-07,-0.017891
5.0228363E-07,-0.017797
5.0233363E-07,-0.017703
5.0238363E-07,-0.017610
5.0243363E-07,-0.017519
5.0248363E-07,-0.017429
5.0253363E-07,-0.017341
5.0258363E-07,-0.017255
5.0263363E-07,-0.017171
5.0268363E-07,-0.017089
5.0273363E-07,-0.017008
5.0278363E-07,-0.016930
5.0283363E-07,-0.016852
5.0288363E-07,-0.016776
5.0293363E-07,-0.016700
5.0298363E-07,-0.016625
5.0303363E-07,-0.016550
5.0308363E-07,-0.016476
5.0313363E-07,-0.016401
5.0318363E-07,-0.016327
5.0323363E-07,-0.016253
5.0328363E-07,-0.016179
5.0333363E-07,-0.016105
5.0338363E-07,-0.016033
5.0343363E-07,-0.015961
5.0348363E-07,-0.015892
5.0353363E-07,-0.015825
5.0358363E-07,-0.015760
5.0363363E-07,-0.015698
5.0368363E-07,-0.015640
5.0373363E-07,-0.015585
5.0378363E-07,-0.015533
5.0383363E-07,-0.015485
5.0388363E-07,-0.015441
5.0393363E-07,-0.015400
5.0398363E-07,-0.015362
5.0403363E-07,-0.015326
5.0408363E-07,-0.015292
5.0413363E-07,-0.015259
5.0418363E-07,-0.015226
5.0423363E-07,-0.015194
5.0428363E-07,-0.015161
5.0433363E-07,-0.015127
5.0438363E-07,-0.015091
5.0443363E-07,-0.015053
5.0448363E-07,-0.015013
5.0453363E-07,-0.014971
5.0458363E-07,-0.014926
5.0463363E-07,-0.014880
5.0468363E-07,-0.014832
5.0473363E-07,-0.014783
5.0478363E-07,-0.014733
5.0483363E-07,-0.014683
5.0488363E-07,-0.014634
5.0493363E-07,-0.014586
5.0498363E-07,-0.014540
5.0503363E-07,-0.014496
5.0508363E-07,-0.014455
5.0513363E-07,-0.014417
5.0518363E-07,-0.014383
5.0523363E-07,-0.014352
5.0528363E-07,-0.014324
5.0533363E-07,-0.014299
5.0538363E-07,-0.014277
5.0543363E-07,-0.014257
5.0548363E-07,-0.014240
5.0553363E-07,-0.014224
5.0558363E-07,-0.014209
5.0563363E-07,-0.014194
5.0568363E-07,-0.014180
5.0573363E-07,-0.014165
5.0578363E-07,-0.014150
5.0583363E-07,-0.014134
5.0588363E-07,-0.014117
5.0593363E-07,-0.014100
5.0598363E-07,-0.014081
5.0603363E-07,-0.014062
5.0608363E-07,-0.014042
5.0613363E-07,-0.014022
5.0618363E-07,-0.014002
5.0623363E-07,-0.013982
5.0628363E-07,-0.013964
5.0633363E-07,-0.013946
5.0638363E-07,-0.013929
5.0643363E-07,-0.013914
5.0648363E-07,-0.013900
5.0653363E-07,-0.013888
5.0658363E-07,-0.013877
5.0663363E-07,-0.013867
5.0668363E-07,-0.013858
5.0673363E-07,-0.013850
5.0678363E-07,-0.013842
5.0683363E-07,-0.013834
5.0688363E-07,-0.013825
5.0693363E-07,-0.013816
5.0698363E-07,-0.013807
5.0703363E-07,-0.013796
5.0708363E-07,-0.013784
5.0713363E-07,-0.013771
5.0718363E-07,-0.013757
5.0723363E-07,-0.013742
5.0728363E-07,-0.013726
5.0733363E-07,-0.013709
5.0738363E-07,-0.013693
5.0743363E-07,-0.013676
5.0748363E-07,-0.013661
5.0753363E-07,-0.013646
5.0758363E-07,-0.013633
5.0763363E-07,-0.013621
5.0768363E-07,-0.013612
5.0773363E-07,-0.013605
5.0778363E-07,-0.013600
5.0783363E-07,-0.013598
5.0788363E-07,-0.013598
5.0793363E-07,-0.013599
5.0798363E-07,-0.013603
5.0803363E-07,-0.013608
5.0808363E-07,-0.013614
5.0813363E-07,-0.013620
5.0818363E-07,-0.013626
5.0823363E-07,-0.013632
5.0828363E-07,-0.013636
5.0833363E-07,-0.013639
5.0838363E-07,-0.013640
5.0843363E-07,-0.013640
5.0848363E-07,-0.013636
5.0853363E-07,-0.013631
5.0858363E-07,-0.013623
5.0863363E-07,-0.013612
5.0868363E-07,-0.013600
5.0873363E-07,-0.013586
5.0878363E-07,-0.013570
5.0883363E-07,-0.013553
5.0888363E-07,-0.013536
5.0893363E-07,-0.013518
5.0898363E-07,-0.013501
5.0903363E-07,-0.013484
5.0908363E-07,-0.013469
5.0913363E-07,-0.013454
5.0918363E-07,-0.013441
5.0923363E-07,-0.013429
5.0928363E-07,-0.013419
5.0933363E-07,-0.013410
5.0938363E-07,-0.013402
5.0943363E-07,-0.013395
5.0948363E-07,-0.013388
5.0953363E-07,-0.013381
5.0958363E-07,-0.013375
5.0963363E-07,-0.013367
5.0968363E-07,-0.013359
5.0973363E-07,-0.013350
5.0978363E-07,-0.013339
5.0983363E-07,-0.013327
5.0988363E-07,-0.013314
5.0993363E-07,-0.013299
5.0998363E-07,-0.013284
5.1003363E-07,-0.013267
5.1008363E-07,-0.013251
5.1013363E-07,-0.013234
5.1018363E-07,-0.013218
5.1023363E-07,-0.013203
5.1028363E-07,-0.013190
5.1033363E-07,-0.013178
5.1038363E-07,-0.013168
5.1043363E-07,-0.013161
5.1048363E-07,-0.013156
5.1053363E-07,-0.013153
5.1058363E-07,-0.013153
5.1063363E-07,-0.013155
5.1068363E-07,-0.013159
5.1073363E-07,-0.013164
5.1078363E-07,-0.013170
5.1083363E-07,-0.013176
5.1088363E-07,-0.013182
5.1093363E-07,-0.013187
5.1098363E-07,-0.013191
5.1103363E-07,-0.013193
5.1108363E-07,-0.013193
5.1113363E-07,-0.013190
5.1118363E-07,-0.013185
5.1123363E-07,-0.013177
5.1128363E-07,-0.013167
5.1133363E-07,-0.013154
5.1138363E-07,-0.013140
5.1143363E-07,-0.013125
5.1148363E-07,-0.013109
5.1153363E-07,-0.013092
5.1158363E-07,-0.013076
5.1163363E-07,-0.013062
5.1168363E-07,-0.013048
5.1173363E-07,-0.013037
5.1178363E-07,-0.013028
5.1183363E-07,-0.013022
5.1188363E-07,-0.013018
5.1193363E-07,-0.013018
5.1198363E-07,-0.013019
5.1203363E-07,-0.013023
5.1208363E-07,-0.013029
5.1213363E-07,-0.013035
5.1218363E-07,-0.013043
5.1223363E-07,-0.013050
5.1228363E-07,-0.013058
5.1233363E-07,-0.013063
5.1238363E-07,-0.013068
5.1243363E-07,-0.013070
5.1248363E-07,-0.013070
5.1253363E-07,-0.013067
5.1258363E-07,-0.013061
5.1263363E-07,-0.013053
5.1268363E-07,-0.013043
5.1273363E-07,-0.013030
5.1278363E-07,-0.013015
5.1283363E-07,-0.012999
5.1288363E-07,-0.012982
5.1293363E-07,-0.012965
5.1298363E-07,-0.012947
5.1303363E-07,-0.012931
5.1308363E-07,-0.012915
5.1313363E-07,-0.012900
5.1318363E-07,-0.012887
5.1323363E-07,-0.012875
5.1328363E-07,-0.012864
5.1333363E-07,-0.012855
5.1338363E-07,-0.012846
5.1343363E-07,-0.012839
5.1348363E-07,-0.012832
5.1353363E-07,-0.012824
5.1358363E-07,-0.012816
5.1363363E-07,-0.012808
5.1368363E-07,-0.012798
5.1373363E-07,-0.012786
5.1378363E-07,-0.012774
5.1383363E-07,-0.012759
5.1388363E-07,-0.012743
5.1393363E-07,-0.012725
5.1398363E-07,-0.012706
5.1403363E-07,-0.012685
5.1408363E-07,-0.012665
5.1413363E-07,-0.012644
5.1418363E-07,-0.012623
5.1423363E-07,-0.012603
5.1428363E-07,-0.012585
5.1433363E-07,-0.012568
5.1438363E-07,-0.012553
5.1443363E-07,-0.012540
5.1448363E-07,-0.012530
5.1453363E-07,-0.012522
5.1458363E-07,-0.012516
5.1463363E-07,-0.012512
5.1468363E-07,-0.012510
5.1473363E-07,-0.012509
5.1478363E-07,-0.012509
5.1483363E-07,-0.012510
5.1488363E-07,-0.012510
5.1493363E-07,-0.012510
5.1498363E-07,-0.012509
5.1503363E-07,-0.012506
5.1508363E-07,-0.012501
5.1513363E-07,-0.012494
5.1518363E-07,-0.012485
5.1523363E-07,-0.012474
5.1528363E-07,-0.012461
5.1533363E-07,-0.012445
5.1538363E-07,-0.012428
5.1543363E-07,-0.012410
5.1548363E-07,-0.012391
5.1553363E-07,-0.012371
5.1558363E-07,-0.012352
5.1563363E-07,-0.012333
5.1568363E-07,-0.012315
5.1573363E-07,-0.012299
5.1578363E-07,-0.012284
5.1583363E-07,-0.012271
5.1588363E-07,-0.012260
5.1593363E-07,-0.012251
5.1598363E-07,-0.012243
5.1603363E-07,-0.012238
5.1608363E-07,-0.012234
5.1613363E-07,-0.012232
5.1618363E-07,-0.012230
5.1623363E-07,-0.012229
5.1628363E-07,-0.012228
5.1633363E-07,-0.012227
5.1638363E-07,-0.012225
5.1643363E-07,-0.012222
5.1648363E-07,-0.012218
5.1653363E-07,-0.012213
5.1658363E-07,-0.012206
5.1663363E-07,-0.012198
5.1668363E-07,-0.012189
5.1673363E-07,-0.012178
5.1678363E-07,-0.012167
5.1683363E-07,-0.012155
5.1688363E-07,-0.012142
5.1693363E-07,-0.012130
5.1698363E-07,-0.012117
5.1703363E-07,-0.012105
5.1708363E-07,-0.012094
5.1713363E-07,-0.012083
5.1718363E-07,-0.012074
5.1723363E-07,-0.012065
5.1728363E-07,-0.012057
5.1733363E-07,-0.012050
5.1738363E-07,-0.012044
5.1743363E-07,-0.012037
5.1748363E-07,-0.012032
5.1753363E-07,-0.012026
5.1758363E-07,-0.012020
5.1763363E-07,-0.012013
5.1768363E-07,-0.012006
5.1773363E-07,-0.011998
5.1778363E-07,-0.011989
5.1783363E-07,-0.011979
5.1788363E-07,-0.011969
5.1793363E-07,-0.011959
5.1798363E-07,-0.011948
5.1803363E-07,-0.011938
5.1808363E-07,-0.011928
5.1813363E-07,-0.011920
5.1818363E-07,-0.011912
5.1823363E-07,-0.011907
5.1828363E-07,-0.011903
5.1833363E-07,-0.011902
5.1838363E-07,-0.011903
5.1843363E-07,-0.011907
5.1848363E-07,-0.011913
5.1853363E-07,-0.011921
5.1858363E-07,-0.011932
5.1863363E-07,-0.011945
5.1868363E-07,-0.011958
5.1873363E-07,-0.011973
5.1878363E-07,-0.011988
5.1883363E-07,-0.012002
5.1888363E-07,-0.012015
5.1893363E-07,-0.012027
5.1898363E-07,-0.012037
5.1903363E-07,-0.012044
5.1908363E-07,-0.012049
5.1913363E-07,-0.012050
5.1918363E-07,-0.012048
5.1923363E-07,-0.012043
5.1928363E-07,-0.012036
5.1933363E-07,-0.012025
5.1938363E-07,-0.012013
5.1943363E-07,-0.011999
5.1948363E-07,-0.011983
5.1953363E-07,-0.011967
5.1958363E-07,-0.011951
5.1963363E-07,-0.011936
5.1968363E-07,-0.011921
5.1973363E-07,-0.011909
5.1978363E-07,-0.011898
5.1983363E-07,-0.011889
5.1988363E-07,-0.011882
5.1993363E-07,-0.011878
5.1998363E-07,-0.011876
5.2003363E-07,-0.011876
5.2008363E-07,-0.011878
5.2013363E-07,-0.011881
5.2018363E-07,-0.011885
5.2023363E-07,-0.011890
5.2028363E-07,-0.011895
5.2033363E-07,-0.011899
5.2038363E-07,-0.011903
5.2043363E-07,-0.011906
5.2048363E-07,-0.011908
5.2053363E-07,-0.011909
5.2058363E-07,-0.011908
5.2063363E-07,-0.011906
5.2068363E-07,-0.011903
5.2073363E-07,-0.011900
5.2078363E-07,-0.011896
5.2083363E-07,-0.011891
5.2088363E-07,-0.011887
5.2093363E-07,-0.011884
5.2098363E-07,-0.011881
5.2103363E-07,-0.011879
5.2108363E-07,-0.011879
5.2113363E-07,-0.011880
5.2118363E-07,-0.011882
5.2123363E-07,-0.011886
5.2128363E-07,-0.011890
5.2133363E-07,-0.011896
5.2138363E-07,-0.011902
5.2143363E-07,-0.011908
5.2148363E-07,-0.011914
5.2153363E-07,-0.011919
5.2158363E-07,-0.011923
5.2163363E-07,-0.011925
5.2168363E-07,-0.011925
5.2173363E-07,-0.011923
5.2178363E-07,-0.011918
5.2183363E-07,-0.011911
5.2188363E-07,-0.011901
5.2193363E-07,-0.011888
5.2198363E-07,-0.011873
5.2203363E-07,-0.011856
5.2208363E-07,-0.011837
5.2213363E-07,-0.011817
5.2218363E-07,-0.011796
5.2223363E-07,-0.011775
5.2228363E-07,-0.011753
5.2233363E-07,-0.011733
5.2238363E-07,-0.011713
5.2243363E-07,-0.011694
5.2248363E-07,-0.011677
5.2253363E-07,-0.011662
5.2258363E-07,-0.011648
5.2263363E-07,-0.011636
5.2268363E-07,-0.011626
5.2273363E-07,-0.011617
5.2278363E-07,-0.011609
5.2283363E-07,-0.011602
5.2288363E-07,-0.011596
5.2293363E-07,-0.011590
5.2298363E-07,-0.011583
5.2303363E-07,-0.011576
5.2308363E-07,-0.011568
5.2313363E-07,-0.011559
5.2318363E-07,-0.011548
5.2323363E-07,-0.011537
5.2328363E-07,-0.011524
5.2333363E-07,-0.011510
5.2338363E-07,-0.011495
5.2343363E-07,-0.011479
5.2348363E-07,-0.011463
5.2353363E-07,-0.011447
5.2358363E-07,-0.011432
5.2363363E-07,-0.011416
5.2368363E-07,-0.011402
5.2373363E-07,-0.011389
5.2378363E-07,-0.011378
5.2383363E-07,-0.011368
5.2388363E-07,-0.011360
5.2393363E-07,-0.011354
5.2398363E-07,-0.011349
5.2403363E-07,-0.011345
5.2408363E-07,-0.011343
5.2413363E-07,-0.011341
5.2418363E-07,-0.011340
5.2423363E-07,-0.011339
5.2428363E-07,-0.011337
5.2433363E-07,-0.011335
5.2438363E-07,-0.011332
5.2443363E-07,-0.011328
5.2448363E-07,-0.011322
5.2453363E-07,-0.011315
5.2458363E-07,-0.011306
5.2463363E-07,-0.011296
5.2468363E-07,-0.011284
5.2473363E-07,-0.011271
5.2478363E-07,-0.011257
5.2483363E-07,-0.011242
5.2488363E-07,-0.011227
5.2493363E-07,-0.011212
5.2498363E-07,-0.011198
5.2503363E-07,-0.011184
5.2508363E-07,-0.011171
5.2513363E-07,-0.011159
5.2518363E-07,-0.011149
5.2523363E-07,-0.011140
5.2528363E-07,-0.011132
5.2533363E-07,-0.011126
5.2538363E-07,-0.011121
5.2543363E-07,-0.011116
5.2548363E-07,-0.011112
5.2553363E-07,-0.011109
5.2558363E-07,-0.011105
5.2563363E-07,-0.011100
5.2568363E-07,-0.011095
5.2573363E-07,-0.011089
5.2578363E-07,-0.011081
5.2583363E-07,-0.011072
5.2588363E-07,-0.011061
5.2593363E-07,-0.011048
5.2598363E-07,-0.011034
5.2603363E-07,-0.011019
5.2608363E-07,-0.011003
5.2613363E-07,-0.010986
5.2618363E-07,-0.010969
5.2623363E-07,-0.010952
5.2628363E-07,-0.010936
5.2633363E-07,-0.010921
5.2638363E-07,-0.010907
5.2643363E-07,-0.010894
5.2648363E-07,-0.010884
5.2653363E-07,-0.010875
5.2658363E-07,-0.010869
5.2663363E-07,-0.010865
5.2668363E-07,-0.010863
5.2673363E-07,-0.010863
5.2678363E-07,-0.010865
5.2683363E-07,-0.010868
5.2688363E-07,-0.010873
5.2693363E-07,-0.010878
5.2698363E-07,-0.010883
5.2703363E-07,-0.010889
5.2708363E-07,-0.010894
5.2713363E-07,-0.010899
5.2718363E-07,-0.010904
5.2723363E-07,-0.010908
5.2728363E-07,-0.010911
5.2733363E-07,-0.010914
5.2738363E-07,-0.010917
5.2743363E-07,-0.010919
5.2748363E-07,-0.010922
5.2753363E-07,-0.010925
5.2758363E-07,-0.010929
5.2763363E-07,-0.010934
5.2768363E-07,-0.010940
5.2773363E-07,-0.010948
5.2778363E-07,-0.010958
5.2783363E-07,-0.010970
5.2788363E-07,-0.010984
5.2793363E-07,-0.011000
5.2798363E-07,-0.011017
5.2803363E-07,-0.011036
5.2808363E-07,-0.011056
5.2813363E-07,-0.011076
5.2818363E-07,-0.011097
5.2823363E-07,-0.011118
5.2828363E-07,-0.011139
5.2833363E-07,-0.011158
5.2838363E-07,-0.011176
5.2843363E-07,-0.011192
5.2848363E-07,-0.011206
5.2853363E-07,-0.011218
5.2858363E-07,-0.011228
5.2863363E-07,-0.011236
5.2868363E-07,-0.011242
5.2873363E-07,-0.011246
5.2878363E-07,-0.011248
5.2883363E-07,-0.011250
5.2888363E-07,-0.011251
5.2893363E-07,-0.011251
5.2898363E-07,-0.011252
5.2903363E-07,-0.011253
5.2908363E-07,-0.011255
5.2913363E-07,-0.011259
5.2918363E-07,-0.011263
5.2923363E-07,-0.011269
5.2928363E-07,-0.011277
5.2933363E-07,-0.011286
5.2938363E-07,-0.011295
5.2943363E-07,-0.011306
5.2948363E-07,-0.011317
5.2953363E-07,-0.011328
5.2958363E-07,-0.011338
5.2963363E-07,-0.011348
5.2968363E-07,-0.011356
5.2973363E-07,-0.011363
5.2978363E-07,-0.011368
5.2983363E-07,-0.011371
5.2988363E-07,-0.011372
5.2993363E-07,-0.011370
5.2998363E-07,-0.011367
5.3003363E-07,-0.011361
5.3008363E-07,-0.011354
5.3013363E-07,-0.011346
5.3018363E-07,-0.011338
5.3023363E-07,-0.011329
5.3028363E-07,-0.011320
5.3033363E-07,-0.011311
5.3038363E-07,-0.011304
5.3043363E-07,-0.011298
5.3048363E-07,-0.011293
5.3053363E-07,-0.011291
5.3058363E-07,-0.011290
5.3063363E-07,-0.011291
5.3068363E-07,-0.011293
5.3073363E-07,-0.011297
5.3078363E-07,-0.011303
5.3083363E-07,-0.011309
5.3088363E-07,-0.011316
5.3093363E-07,-0.011323
5.3098363E-07,-0.011330
5.3103363E-07,-0.011337
5.3108363E-07,-0.011343
5.3113363E-07,-0.011347
5.3118363E-07,-0.011351
5.3123363E-07,-0.011353
5.3128363E-07,-0.011354
5.3133363E-07,-0.011353
5.3138363E-07,-0.011352
5.3143363E-07,-0.011349
5.3148363E-07,-0.011346
5.3153363E-07,-0.011342
5.3158363E-07,-0.011338
5.3163363E-07,-0.011334
5.3168363E-07,-0.011331
5.3173363E-07,-0.011327
5.3178363E-07,-0.011325
5.3183363E-07,-0.011323
5.3188363E-07,-0.011321
5.3193363E-07,-0.011320
5.3198363E-07,-0.011319
5.3203363E-07,-0.011319
5.3208363E-07,-0.011318
5.3213363E-07,-0.011317
5.3218363E-07,-0.011314
5.3223363E-07,-0.011311
5.3228363E-07,-0.011307
5.3233363E-07,-0.011301
5.3238363E-07,-0.011293
5.3243363E-07,-0.011283
5.3248363E-07,-0.011271
5.3253363E-07,-0.011258
5.3258363E-07,-0.011243
5.3263363E-07,-0.011226
5.3268363E-07,-0.011209
5.3273363E-07,-0.011191
5.3278363E-07,-0.011173
5.3283363E-07,-0.011155
5.3288363E-07,-0.011137
5.3293363E-07,-0.011122
5.3298363E-07,-0.011107
5.3303363E-07,-0.011095
5.3308363E-07,-0.011086
5.3313363E-07,-0.011079
5.3318363E-07,-0.011074
5.3323363E-07,-0.011073
5.3328363E-07,-0.011074
5.3333363E-07,-0.011078
5.3338363E-07,-0.011084
5.3343363E-07,-0.011092
5.3348363E-07,-0.011102
5.3353363E-07,-0.011112
5.3358363E-07,-0.011124
5.3363363E-07,-0.011135
5.3368363E-07,-0.011146
5.3373363E-07,-0.011157
5.3378363E-07,-0.011167
5.3383363E-07,-0.011175
5.3388363E-07,-0.011181
5.3393363E-07,-0.011186
5.3398363E-07,-0.011190
5.3403363E-07,-0.011191
5.3408363E-07,-0.011191
5.3413363E-07,-0.011190
5.3418363E-07,-0.011187
5.3423363E-07,-0.011184
5.3428363E-07,-0.011180
5.3433363E-07,-0.011175
5.3438363E-07,-0.011170
5.3443363E-07,-0.011165
5.3448363E-07,-0.011160
5.3453363E-07,-0.011155
5.3458363E-07,-0.011150
5.3463363E-07,-0.011146
5.3468363E-07,-0.011142
5.3473363E-07,-0.011137
5.3478363E-07,-0.011133
5.3483363E-07,-0.011128
5.3488363E-07,-0.011122
5.3493363E-07,-0.011116
5.3498363E-07,-0.011108
5.3503363E-07,-0.011099
5.3508363E-07,-0.011089
5.3513363E-07,-0.011078
5.3518363E-07,-0.011065
5.3523363E-07,-0.011050
5.3528363E-07,-0.011035
5.3533363E-07,-0.011018
5.3538363E-07,-0.011000
5.3543363E-07,-0.010983
5.3548363E-07,-0.010965
5.3553363E-07,-0.010947
5.3558363E-07,-0.010931
5.3563363E-07,-0.010915
5.3568363E-07,-0.010902
5.3573363E-07,-0.010890
5.3578363E-07,-0.010881
5.3583363E-07,-0.010874
5.3588363E-07,-0.010869
5.3593363E-07,-0.010868
5.3598363E-07,-0.010869
5.3603363E-07,-0.010872
5.3608363E-07,-0.010878
5.3613363E-07,-0.010886
5.3618363E-07,-0.010896
5.3623363E-07,-0.010907
5.3628363E-07,-0.010919
5.3633363E-07,-0.010932
5.3638363E-07,-0.010945
5.3643363E-07,-0.010958
5.3648363E-07,-0.010970
5.3653363E-07,-0.010982
5.3658363E-07,-0.010993
5.3663363E-07,-0.011003
5.3668363E-07,-0.011013
5.3673363E-07,-0.011021
5.3678363E-07,-0.011029
5.3683363E-07,-0.011036
5.3688363E-07,-0.011043
5.3693363E-07,-0.011049
5.3698363E-07,-0.011056
5.3703363E-07,-0.011064
5.3708363E-07,-0.011072
5.3713363E-07,-0.011081
5.3718363E-07,-0.011091
5.3723363E-07,-0.011103
5.3728363E-07,-0.011115
5.3733363E-07,-0.011129
5.3738363E-07,-0.011143
5.3743363E-07,-0.011159
5.3748363E-07,-0.011175
5.3753363E-07,-0.011191
5.3758363E-07,-0.011207
5.3763363E-07,-0.011222
5.3768363E-07,-0.011237
5.3773363E-07,-0.011250
5.3778363E-07,-0.011262
5.3783363E-07,-0.011272
5.3788363E-07,-0.011280
5.3793363E-07,-0.011286
5.3798363E-07,-0.011290
5.3803363E-07,-0.011292
5.3808363E-07,-0.011293
5.3813363E-07,-0.011291
5.3818363E-07,-0.011288
5.3823363E-07,-0.011284
5.3828363E-07,-0.011279
5.3833363E-07,-0.011274
5.3838363E-07,-0.011268
5.3843363E-07,-0.011262
5.3848363E-07,-0.011257
5.3853363E-07,-0.011252
5.3858363E-07,-0.011247
5.3863363E-07,-0.011244
5.3868363E-07,-0.011241
5.3873363E-07,-0.011238
5.3878363E-07,-0.011236
5.3883363E-07,-0.011234
5.3888363E-07,-0.011232
5.3893363E-07,-0.011230
5.3898363E-07,-0.011228
5.3903363E-07,-0.011225
5.3908363E-07,-0.011222
5.3913363E-07,-0.011218
5.3918363E-07,-0.011213
5.3923363E-07,-0.011207
5.3928363E-07,-0.011201
5.3933363E-07,-0.011194
5.3938363E-07,-0.011187
5.3943363E-07,-0.011180
5.3948363E-07,-0.011174
5.3953363E-07,-0.011168
5.3958363E-07,-0.011164
5.3963363E-07,-0.011161
5.3968363E-07,-0.011161
5.3973363E-07,-0.011162
5.3978363E-07,-0.011166
5.3983363E-07,-0.011173
5.3988363E-07,-0.011181
5.3993363E-07,-0.011192
5.3998363E-07,-0.011206
5.4003363E-07,-0.011221
5.4008363E-07,-0.011238
5.4013363E-07,-0.011255
5.4018363E-07,-0.011274
5.4023363E-07,-0.011292
5.4028363E-07,-0.011310
5.4033363E-07,-0.011327
5.4038363E-07,-0.011342
5.4043363E-07,-0.011356
5.4048363E-07,-0.011367
5.4053363E-07,-0.011376
5.4058363E-07,-0.011382
5.4063363E-07,-0.011386
5.4068363E-07,-0.011387
5.4073363E-07,-0.011385
5.4078363E-07,-0.011382
5.4083363E-07,-0.011377
5.4088363E-07,-0.011370
5.4093363E-07,-0.011362
5.4098363E-07,-0.011354
5.4103363E-07,-0.011345
5.4108363E-07,-0.011337
5.4113363E-07,-0.011329
5.4118363E-07,-0.011322
5.4123363E-07,-0.011316
5.4128363E-07,-0.011311
5.4133363E-07,-0.011308
5.4138363E-07,-0.011307
5.4143363E-07,-0.011306
5.4148363E-07,-0.011307
5.4153363E-07,-0.011308
5.4158363E-07,-0.011311
5.4163363E-07,-0.011313
5.4168363E-07,-0.011316
5.4173363E-07,-0.011319
5.4178363E-07,-0.011322
5.4183363E-07,-0.011323
5.4188363E-07,-0.011324
5.4193363E-07,-0.011324
5.4198363E-07,-0.011323
5.4203363E-07,-0.011321
5.4208363E-07,-0.011317
5.4213363E-07,-0.011312
5.4218363E-07,-0.011306
5.4223363E-07,-0.011299
5.4228363E-07,-0.011292
5.4233363E-07,-0.011283
5.4238363E-07,-0.011273
5.4243363E-07,-0.011263
5.4248363E-07,-0.011253
5.4253363E-07,-0.011242
5.4258363E-07,-0.011231
5.4263363E-07,-0.011220
5.4268363E-07,-0.011208
5.4273363E-07,-0.011197
5.4278363E-07,-0.011185
5.4283363E-07,-0.011172
5.4288363E-07,-0.011159
5.4293363E-07,-0.011146
5.4298363E-07,-0.011132
5.4303363E-07,-0.011117
5.4308363E-07,-0.011102
5.4313363E-07,-0.011087
5.4318363E-07,-0.011070
5.4323363E-07,-0.011053
5.4328363E-07,-0.011036
5.4333363E-07,-0.011019
5.4338363E-07,-0.011001
5.4343363E-07,-0.010983
5.4348363E-07,-0.010966
5.4353363E-07,-0.010949
5.4358363E-07,-0.010933
5.4363363E-07,-0.010917
5.4368363E-07,-0.010903
5.4373363E-07,-0.010890
5.4378363E-07,-0.010879
5.4383363E-07,-0.010869
5.4388363E-07,-0.010861
5.4393363E-07,-0.010854
5.4398363E-07,-0.010849
5.4403363E-07,-0.010845
5.4408363E-07,-0.010843
5.4413363E-07,-0.010841
5.4418363E-07,-0.010841
5.4423363E-07,-0.010841
5.4428363E-07,-0.010842
5.4433363E-07,-0.010843
5.4438363E-07,-0.010844
5.4443363E-07,-0.010845
5.4448363E-07,-0.010845
5.4453363E-07,-0.010845
5.4458363E-07,-0.010844
5.4463363E-07,-0.010842
5.4468363E-07,-0.010840
5.4473363E-07,-0.010837
5.4478363E-07,-0.010834
5.4483363E-07,-0.010830
5.4488363E-07,-0.010826
5.4493363E-07,-0.010822
5.4498363E-07,-0.010819
5.4503363E-07,-0.010815
5.4508363E-07,-0.010813
5.4513363E-07,-0.010811
5.4518363E-07,-0.010810
5.4523363E-07,-0.010810
5.4528363E-07,-0.010811
5.4533363E-07,-0.010813
5.4538363E-07,-0.010815
5.4543363E-07,-0.010818
5.4548363E-07,-0.010822
5.4553363E-07,-0.010825
5.4558363E-07,-0.010828
5.4563363E-07,-0.010831
5.4568363E-07,-0.010833
5.4573363E-07,-0.010833
5.4578363E-07,-0.010833
5.4583363E-07,-0.010830
5.4588363E-07,-0.010826
5.4593363E-07,-0.010820
5.4598363E-07,-0.010813
5.4603363E-07,-0.010804
5.4608363E-07,-0.010793
5.4613363E-07,-0.010781
5.4618363E-07,-0.010769
5.4623363E-07,-0.010756
5.4628363E-07,-0.010743
5.4633363E-07,-0.010731
5.4638363E-07,-0.010719
5.4643363E-07,-0.010709
5.4648363E-07,-0.010700
5.4653363E-07,-0.010693
5.4658363E-07,-0.010689
5.4663363E-07,-0.010686
5.4668363E-07,-0.010686
5.4673363E-07,-0.010687
5.4678363E-07,-0.010691
5.4683363E-07,-0.010697
5.4688363E-07,-0.010704
5.4693363E-07,-0.010712
5.4698363E-07,-0.010721
5.4703363E-07,-0.010731
5.4708363E-07,-0.010740
5.4713363E-07,-0.010749
5.4718363E-07,-0.010757
5.4723363E-07,-0.010765
5.4728363E-07,-0.010771
5.4733363E-07,-0.010776
5.4738363E-07,-0.010779
5.4743363E-07,-0.010781
5.4748363E-07,-0.010783
5.4753363E-07,-0.010783
5.4758363E-07,-0.010783
5.4763363E-07,-0.010782
5.4768363E-07,-0.010781
5.4773363E-07,-0.010781
5.4778363E-07,-0.010781
5.4783363E-07,-0.010781
5.4788363E-07,-0.010783
5.4793363E-07,-0.010786
5.4798363E-07,-0.010789
5.4803363E-07,-0.010794
5.4808363E-07,-0.010800
5.4813363E-07,-0.010807
5.4818363E-07,-0.010815
5.4823363E-07,-0.010823
5.4828363E-07,-0.010832
5.4833363E-07,-0.010841
5.4838363E-07,-0.010850
5.4843363E-07,-0.010858
5.4848363E-07,-0.010866
5.4853363E-07,-0.010873
5.4858363E-07,-0.010879
5.4863363E-07,-0.010885
5.4868363E-07,-0.010891
5.4873363E-07,-0.010895
5.4878363E-07,-0.010900
5.4883363E-07,-0.010905
5.4888363E-07,-0.010910
5.4893363E-07,-0.010915
5.4898363E-07,-0.010921
5.4903363E-07,-0.010928
5.4908363E-07,-0.010936
5.4913363E-07,-0.010946
5.4918363E-07,-0.010957
5.4923363E-07,-0.010969
5.4928363E-07,-0.010982
5.4933363E-07,-0.010997
5.4938363E-07,-0.011013
5.4943363E-07,-0.011029
5.4948363E-07,-0.011046
5.4953363E-07,-0.011062
5.4958363E-07,-0.011079
5.4963363E-07,-0.011094
5.4968363E-07,-0.011109
5.4973363E-07,-0.011121
5.4978363E-07,-0.011133
5.4983363E-07,-0.011142
5.4988363E-07,-0.011148
5.4993363E-07,-0.011153
5.4998363E-07,-0.011155
5.5003363E-07,-0.011154
5.5008363E-07,-0.011152
5.5013363E-07,-0.011147
5.5018363E-07,-0.011140
5.5023363E-07,-0.011131
5.5028363E-07,-0.011121
5.5033363E-07,-0.011109
5.5038363E-07,-0.011097
5.5043363E-07,-0.011083
5.5048363E-07,-0.011070
5.5053363E-07,-0.011055
5.5058363E-07,-0.011041
5.5063363E-07,-0.011027
5.5068363E-07,-0.011013
5.5073363E-07,-0.010999
5.5078363E-07,-0.010986
5.5083363E-07,-0.010972
5.5088363E-07,-0.010959
5.5093363E-07,-0.010946
5.5098363E-07,-0.010934
5.5103363E-07,-0.010922
5.5108363E-07,-0.010909
5.5113363E-07,-0.010897
5.5118363E-07,-0.010885
5.5123363E-07,-0.010873
5.5128363E-07,-0.010862
5.5133363E-07,-0.010850
5.5138363E-07,-0.010839
5.5143363E-07,-0.010828
5.5148363E-07,-0.010817
5.5153363E-07,-0.010807
5.5158363E-07,-0.010798
5.5163363E-07,-0.010789
5.5168363E-07,-0.010781
5.5173363E-07,-0.010774
5.5178363E-07,-0.010768
5.5183363E-07,-0.010764
5.5188363E-07,-0.010760
5.5193363E-07,-0.010757
5.5198363E-07,-0.010756
5.5203363E-07,-0.010755
5.5208363E-07,-0.010756
5.5213363E-07,-0.010757
5.5218363E-07,-0.010759
5.5223363E-07,-0.010762
5.5228363E-07,-0.010765
5.5233363E-07,-0.010769
5.5238363E-07,-0.010772
5.5243363E-07,-0.010776
5.5248363E-07,-0.010779
5.5253363E-07,-0.010782
5.5258363E-07,-0.010785
5.5263363E-07,-0.010786
5.5268363E-07,-0.010787
5.5273363E-07,-0.010788
5.5278363E-07,-0.010787
5.5283363E-07,-0.010786
5.5288363E-07,-0.010784
5.5293363E-07,-0.010781
5.5298363E-07,-0.010778
5.5303363E-07,-0.010775
5.5308363E-07,-0.010771
5.5313363E-07,-0.010768
5.5318363E-07,-0.010764
5.5323363E-07,-0.010761
5.5328363E-07,-0.010758
5.5333363E-07,-0.010756
5.5338363E-07,-0.010754
5.5343363E-07,-0.010753
5.5348363E-07,-0.010752
5.5353363E-07,-0.010751
5.5358363E-07,-0.010751
5.5363363E-07,-0.010751
5.5368363E-07,-0.010750
5.5373363E-07,-0.010750
5.5378363E-07,-0.010749
5.5383363E-07,-0.010747
5.5388363E-07,-0.010745
5.5393363E-07,-0.010742
5.5398363E-07,-0.010738
5.5403363E-07,-0.010733
5.5408363E-07,-0.010727
5.5413363E-07,-0.010720
5.5418363E-07,-0.010713
5.5423363E-07,-0.010705
5.5428363E-07,-0.010696
5.5433363E-07,-0.010688
5.5438363E-07,-0.010680
5.5443363E-07,-0.010672
5.5448363E-07,-0.010664
5.5453363E-07,-0.010658
5.5458363E-07,-0.010652
5.5463363E-07,-0.010647
5.5468363E-07,-0.010643
5.5473363E-07,-0.010640
5.5478363E-07,-0.010638
5.5483363E-07,-0.010637
5.5488363E-07,-0.010636
5.5493363E-07,-0.010636
5.5498363E-07,-0.010635
5.5503363E-07,-0.010635
5.5508363E-07,-0.010634
5.5513363E-07,-0.010632
5.5518363E-07,-0.010630
5.5523363E-07,-0.010628
5.5528363E-07,-0.010624
5.5533363E-07,-0.010620
5.5538363E-07,-0.010615
5.5543363E-07,-0.010610
5.5548363E-07,-0.010604
5.5553363E-07,-0.010598
5.5558363E-07,-0.010593
5.5563363E-07,-0.010588
5.5568363E-07,-0.010584
5.5573363E-07,-0.010582
5.5578363E-07,-0.010580
5.5583363E-07,-0.010581
5.5588363E-07,-0.010583
5.5593363E-07,-0.010587
5.5598363E-07,-0.010592
5.5603363E-07,-0.010600
5.5608363E-07,-0.010609
5.5613363E-07,-0.010619
5.5618363E-07,-0.010631
5.5623363E-07,-0.010643
5.5628363E-07,-0.010656
5.5633363E-07,-0.010669
5.5638363E-07,-0.010682
5.5643363E-07,-0.010694
5.5648363E-07,-0.010707
5.5653363E-07,-0.010718
5.5658363E-07,-0.010729
5.5663363E-07,-0.010739
5.5668363E-07,-0.010748
5.5673363E-07,-0.010757
5.5678363E-07,-0.010765
5.5683363E-07,-0.010773
5.5688363E-07,-0.010781
5.5693363E-07,-0.010789
5.5698363E-07,-0.010797
5.5703363E-07,-0.010806
5.5708363E-07,-0.010816
5.5713363E-07,-0.010827
5.5718363E-07,-0.010839
5.5723363E-07,-0.010853
5.5728363E-07,-0.010867
5.5733363E-07,-0.010882
5.5738363E-07,-0.010898
5.5743363E-07,-0.010915
5.5748363E-07,-0.010933
5.5753363E-07,-0.010950
5.5758363E-07,-0.010967
5.5763363E-07,-0.010984
5.5768363E-07,-0.011000
5.5773363E-07,-0.011015
5.5778363E-07,-0.011029
5.5783363E-07,-0.011041
5.5788363E-07,-0.011051
5.5793363E-07,-0.011059
5.5798363E-07,-0.011066
5.5803363E-07,-0.011071
5.5808363E-07,-0.011074
5.5813363E-07,-0.011075
5.5818363E-07,-0.011074
5.5823363E-07,-0.011072
5.5828363E-07,-0.011068
5.5833363E-07,-0.011064
5.5838363E-07,-0.011058
5.5843363E-07,-0.011052
5.5848363E-07,-0.011046
5.5853363E-07,-0.011039
5.5858363E-07,-0.011032
5.5863363E-07,-0.011025
5.5868363E-07,-0.011018
5.5873363E-07,-0.011011
5.5878363E-07,-0.011004
5.5883363E-07,-0.010998
5.5888363E-07,-0.010992
5.5893363E-07,-0.010986
5.5898363E-07,-0.010980
5.5903363E-07,-0.010975
5.5908363E-07,-0.010969
5.5913363E-07,-0.010964
5.5918363E-07,-0.010959
5.5923363E-07,-0.010953
5.5928363E-07,-0.010948
5.5933363E-07,-0.010942
5.5938363E-07,-0.010937
5.5943363E-07,-0.010931
5.5948363E-07,-0.010926
5.5953363E-07,-0.010921
5.5958363E-07,-0.010916
5.5963363E-07,-0.010911
5.5968363E-07,-0.010906
5.5973363E-07,-0.010903
5.5978363E-07,-0.010900
5.5983363E-07,-0.010897
5.5988363E-07,-0.010896
5.5993363E-07,-0.010895
5.5998363E-07,-0.010895
5.6003363E-07,-0.010896
5.6008363E-07,-0.010898
5.6013363E-07,-0.010901
5.6018363E-07,-0.010904
5.6023363E-07,-0.010908
5.6028363E-07,-0.010912
5.6033363E-07,-0.010916
5.6038363E-07,-0.010920
5.6043363E-07,-0.010924
5.6048363E-07,-0.010927
5.6053363E-07,-0.010929
5.6058363E-07,-0.010930
5.6063363E-07,-0.010929
5.6068363E-07,-0.010927
5.6073363E-07,-0.010923
5.6078363E-07,-0.010918
5.6083363E-07,-0.010911
5.6088363E-07,-0.010903
5.6093363E-07,-0.010893
5.6098363E-07,-0.010882
5.6103363E-07,-0.010870
5.6108363E-07,-0.010857
5.6113363E-07,-0.010843
5.6118363E-07,-0.010829
5.6123363E-07,-0.010816
5.6128363E-07,-0.010803
5.6133363E-07,-0.010790
5.6138363E-07,-0.010778
5.6143363E-07,-0.010767
5.6148363E-07,-0.010757
5.6153363E-07,-0.010748
5.6158363E-07,-0.010740
5.6163363E-07,-0.010733
5.6168363E-07,-0.010726
5.6173363E-07,-0.010721
5.6178363E-07,-0.010715
5.6183363E-07,-0.010710
5.6188363E-07,-0.010705
5.6193363E-07,-0.010700
5.6198363E-07,-0.010694
5.6203363E-07,-0.010688
5.6208363E-07,-0.010681
5.6213363E-07,-0.010673
5.6218363E-07,-0.010665
5.6223363E-07,-0.010657
5.6228363E-07,-0.010647
5.6233363E-07,-0.010638
5.6238363E-07,-0.010629
5.6243363E-07,-0.010619
5.6248363E-07,-0.010610
5.6253363E-07,-0.010602
5.6258363E-07,-0.010594
5.6263363E-07,-0.010587
5.6268363E-07,-0.010581
5.6273363E-07,-0.010576
5.6278363E-07,-0.010571
5.6283363E-07,-0.010568
5.6288363E-07,-0.010565
5.6293363E-07,-0.010563
5.6298363E-07,-0.010561
5.6303363E-07,-0.010560
5.6308363E-07,-0.010558
5.6313363E-07,-0.010557
5.6318363E-07,-0.010554
5.6323363E-07,-0.010551
5.6328363E-07,-0.010548
5.6333363E-07,-0.010543
5.6338363E-07,-0.010538
5.6343363E-07,-0.010532
5.6348363E-07,-0.010525
5.6353363E-07,-0.010518
5.6358363E-07,-0.010510
5.6363363E-07,-0.010502
5.6368363E-07,-0.010495
5.6373363E-07,-0.010488
5.6378363E-07,-0.010482
5.6383363E-07,-0.010477
5.6388363E-07,-0.010473
5.6393363E-07,-0.010470
5.6398363E-07,-0.010469
5.6403363E-07,-0.010470
5.6408363E-07,-0.010472
5.6413363E-07,-0.010475
5.6418363E-07,-0.010480
5.6423363E-07,-0.010487
5.6428363E-07,-0.010494
5.6433363E-07,-0.010502
5.6438363E-07,-0.010511
5.6443363E-07,-0.010520
5.6448363E-07,-0.010529
5.6453363E-07,-0.010538
5.6458363E-07,-0.010546
5.6463363E-07,-0.010554
5.6468363E-07,-0.010561
5.6473363E-07,-0.010567
5.6478363E-07,-0.010573
5.6483363E-07,-0.010577
5.6488363E-07,-0.010581
5.6493363E-07,-0.010584
5.6498363E-07,-0.010586
5.6503363E-07,-0.010588
5.6508363E-07,-0.010590
5.6513363E-07,-0.010591
5.6518363E-07,-0.010592
5.6523363E-07,-0.010593
5.6528363E-07,-0.010595
5.6533363E-07,-0.010596
5.6538363E-07,-0.010598
5.6543363E-07,-0.010601
5.6548363E-07,-0.010604
5.6553363E-07,-0.010607
5.6558363E-07,-0.010610
5.6563363E-07,-0.010614
5.6568363E-07,-0.010618
5.6573363E-07,-0.010622
5.6578363E-07,-0.010626
5.6583363E-07,-0.010631
5.6588363E-07,-0.010635
5.6593363E-07,-0.010638
5.6598363E-07,-0.010642
5.6603363E-07,-0.010645
5.6608363E-07,-0.010649
5.6613363E-07,-0.010652
5.6618363E-07,-0.010654
5.6623363E-07,-0.010657
5.6628363E-07,-0.010660
5.6633363E-07,-0.010663
5.6638363E-07,-0.010666
5.6643363E-07,-0.010670
5.6648363E-07,-0.010674
5.6653363E-07,-0.010680
5.6658363E-07,-0.010686
5.6663363E-07,-0.010693
5.6668363E-07,-0.010701
5.6673363E-07,-0.010711
5.6678363E-07,-0.010722
5.6683363E-07,-0.010734
5.6688363E-07,-0.010747
5.6693363E-07,-0.010762
5.6698363E-07,-0.010778
5.6703363E-07,-0.010796
5.6708363E-07,-0.010814
5.6713363E-07,-0.010832
5.6718363E-07,-0.010851
5.6723363E-07,-0.010870
5.6728363E-07,-0.010889
5.6733363E-07,-0.010908
5.6738363E-07,-0.010926
5.6743363E-07,-0.010943
5.6748363E-07,-0.010958
5.6753363E-07,-0.010973
5.6758363E-07,-0.010986
5.6763363E-07,-0.010997
5.6768363E-07,-0.011006
5.6773363E-07,-0.011014
5.6778363E-07,-0.011020
5.6783363E-07,-0.011025
5.6788363E-07,-0.011028
5.6793363E-07,-0.011030
5.6798363E-07,-0.011031
5.6803363E-07,-0.011030
5.6808363E-07,-0.011029
5.6813363E-07,-0.011028
5.6818363E-07,-0.011026
5.6823363E-07,-0.011023
5.6828363E-07,-0.011020
5.6833363E-07,-0.011018
5.6838363E-07,-0.011014
5.6843363E-07,-0.011011
5.6848363E-07,-0.011008
5.6853363E-07,-0.011004
5.6858363E-07,-0.010999
5.6863363E-07,-0.010995
5.6868363E-07,-0.010989
5.6873363E-07,-0.010983
5.6878363E-07,-0.010977
5.6883363E-07,-0.010969
5.6888363E-07,-0.010961
5.6893363E-07,-0.010953
5.6898363E-07,-0.010944
5.6903363E-07,-0.010934
5.6908363E-07,-0.010925
5.6913363E-07,-0.010915
5.6918363E-07,-0.010905
5.6923363E-07,-0.010896
5.6928363E-07,-0.010887
5.6933363E-07,-0.010879
5.6938363E-07,-0.010871
5.6943363E-07,-0.010865
5.6948363E-07,-0.010859
5.6953363E-07,-0.010855
5.6958363E-07,-0.010851
5.6963363E-07,-0.010848
5.6968363E-07,-0.010845
5.6973363E-07,-0.010843
5.6978363E-07,-0.010841
5.6983363E-07,-0.010839
5.6988363E-07,-0.010836
5.6993363E-07,-0.010833
5.6998363E-07,-0.010830
5.7003363E-07,-0.010825
5.7008363E-07,-0.010820
5.7013363E-07,-0.010813
5.7018363E-07,-0.010805
5.7023363E-07,-0.010797
5.7028363E-07,-0.010787
5.7033363E-07,-0.010777
5.7038363E-07,-0.010766
5.7043363E-07,-0.010755
5.7048363E-07,-0.010744
5.7053363E-07,-0.010732
5.7058363E-07,-0.010721
5.7063363E-07,-0.010710
5.7068363E-07,-0.010700
5.7073363E-07,-0.010690
5.7078363E-07,-0.010680
5.7083363E-07,-0.010671
5.7088363E-07,-0.010663
5.7093363E-07,-0.010655
5.7098363E-07,-0.010647
5.7103363E-07,-0.010639
5.7108363E-07,-0.010632
5.7113363E-07,-0.010624
5.7118363E-07,-0.010616
5.7123363E-07,-0.010608
5.7128363E-07,-0.010599
5.7133363E-07,-0.010590
5.7138363E-07,-0.010580
5.7143363E-07,-0.010571
5.7148363E-07,-0.010561
5.7153363E-07,-0.010552
5.7158363E-07,-0.010543
5.7163363E-07,-0.010535
5.7168363E-07,-0.010527
5.7173363E-07,-0.010521
5.7178363E-07,-0.010517
5.7183363E-07,-0.010514
5.7188363E-07,-0.010513
5.7193363E-07,-0.010514
5.7198363E-07,-0.010517
5.7203363E-07,-0.010522
5.7208363E-07,-0.010530
5.7213363E-07,-0.010539
5.7218363E-07,-0.010550
5.7223363E-07,-0.010563
5.7228363E-07,-0.010576
5.7233363E-07,-0.010591
5.7238363E-07,-0.010606
5.7243363E-07,-0.010621
5.7248363E-07,-0.010636
5.7253363E-07,-0.010651
5.7258363E-07,-0.010664
5.7263363E-07,-0.010677
5.7268363E-07,-0.010688
5.7273363E-07,-0.010697
5.7278363E-07,-0.010704
5.7283363E-07,-0.010710
5.7288363E-07,-0.010714
5.7293363E-07,-0.010716
5.7298363E-07,-0.010715
5.7303363E-07,-0.010714
5.7308363E-07,-0.010710
5.7313363E-07,-0.010705
5.7318363E-07,-0.010699
5.7323363E-07,-0.010691
5.7328363E-07,-0.010683
5.7333363E-07,-0.010673
5.7338363E-07,-0.010664
5.7343363E-07,-0.010653
5.7348363E-07,-0.010643
5.7353363E-07,-0.010632
5.7358363E-07,-0.010622
5.7363363E-07,-0.010611
5.7368363E-07,-0.010601
5.7373363E-07,-0.010591
5.7378363E-07,-0.010582
5.7383363E-07,-0.010572
5.7388363E-07,-0.010564
5.7393363E-07,-0.010555
5.7398363E-07,-0.010547
5.7403363E-07,-0.010539
5.7408363E-07,-0.010531
5.7413363E-07,-0.010524
5.7418363E-07,-0.010517
5.7423363E-07,-0.010510
5.7428363E-07,-0.010503
5.7433363E-07,-0.010496
5.7438363E-07,-0.010489
5.7443363E-07,-0.010483
5.7448363E-07,-0.010477
5.7453363E-07,-0.010471
5.7458363E-07,-0.010465
5.7463363E-07,-0.010460
5.7468363E-07,-0.010455
5.7473363E-07,-0.010451
5.7478363E-07,-0.010447
5.7483363E-07,-0.010444
5.7488363E-07,-0.010442
5.7493363E-07,-0.010441
5.7498363E-07,-0.010441
5.7503363E-07,-0.010442
5.7508363E-07,-0.010444
5.7513363E-07,-0.010447
5.7518363E-07,-0.010450
5.7523363E-07,-0.010454
5.7528363E-07,-0.010458
5.7533363E-07,-0.010462
5.7538363E-07,-0.010467
5.7543363E-07,-0.010471
5.7548363E-07,-0.010476
5.7553363E-07,-0.010479
5.7558363E-07,-0.010482
5.7563363E-07,-0.010485
5.7568363E-07,-0.010486
5.7573363E-07,-0.010487
5.7578363E-07,-0.010487
5.7583363E-07,-0.010486
5.7588363E-07,-0.010485
5.7593363E-07,-0.010483
5.7598363E-07,-0.010482
5.7603363E-07,-0.010480
5.7608363E-07,-0.010478
5.7613363E-07,-0.010477
5.7618363E-07,-0.010477
5.7623363E-07,-0.010477
5.7628363E-07,-0.010479
5.7633363E-07,-0.010481
5.7638363E-07,-0.010484
5.7643363E-07,-0.010488
5.7648363E-07,-0.010493
5.7653363E-07,-0.010499
5.7658363E-07,-0.010505
5.7663363E-07,-0.010512
5.7668363E-07,-0.010519
5.7673363E-07,-0.010525
5.7678363E-07,-0.010531
5.7683363E-07,-0.010537
5.7688363E-07,-0.010542
5.7693363E-07,-0.010546
5.7698363E-07,-0.010548
5.7703363E-07,-0.010550
5.7708363E-07,-0.010551
5.7713363E-07,-0.010551
5.7718363E-07,-0.010551
5.7723363E-07,-0.010549
5.7728363E-07,-0.010547
5.7733363E-07,-0.010545
5.7738363E-07,-0.010543
5.7743363E-07,-0.010541
5.7748363E-07,-0.010539
5.7753363E-07,-0.010538
5.7758363E-07,-0.010537
5.7763363E-07,-0.010537
5.7768363E-07,-0.010537
5.7773363E-07,-0.010538
5.7778363E-07,-0.010539
5.7783363E-07,-0.010540
5.7788363E-07,-0.010541
5.7793363E-07,-0.010543
5.7798363E-07,-0.010544
5.7803363E-07,-0.010545
5.7808363E-07,-0.010546
5.7813363E-07,-0.010547
5.7818363E-07,-0.010547
5.7823363E-07,-0.010547
5.7828363E-07,-0.010548
5.7833363E-07,-0.010548
5.7838363E-07,-0.010548
5.7843363E-07,-0.010550
5.7848363E-07,-0.010551
5.7853363E-07,-0.010554
5.7858363E-07,-0.010558
5.7863363E-07,-0.010564
5.7868363E-07,-0.010571
5.7873363E-07,-0.010580
5.7878363E-07,-0.010591
5.7883363E-07,-0.010603
5.7888363E-07,-0.010617
5.7893363E-07,-0.010632
5.7898363E-07,-0.010649
5.7903363E-07,-0.010666
5.7908363E-07,-0.010684
5.7913363E-07,-0.010703
5.7918363E-07,-0.010721
5.7923363E-07,-0.010738
5.7928363E-07,-0.010755
5.7933363E-07,-0.010771
5.7938363E-07,-0.010785
5.7943363E-07,-0.010797
5.7948363E-07,-0.010807
5.7953363E-07,-0.010816
5.7958363E-07,-0.010822
5.7963363E-07,-0.010827
5.7968363E-07,-0.010829
5.7973363E-07,-0.010830
5.7978363E-07,-0.010829
5.7983363E-07,-0.010827
5.7988363E-07,-0.010824
5.7993363E-07,-0.010819
5.7998363E-07,-0.010815
5.8003363E-07,-0.010809
5.8008363E-07,-0.010804
5.8013363E-07,-0.010798
5.8018363E-07,-0.010793
5.8023363E-07,-0.010787
5.8028363E-07,-0.010782
5.8033363E-07,-0.010777
5.8038363E-07,-0.010772
5.8043363E-07,-0.010768
5.8048363E-07,-0.010763
5.8053363E-07,-0.010759
5.8058363E-07,-0.010755
5.8063363E-07,-0.010750
5.8068363E-07,-0.010746
5.8073363E-07,-0.010741
5.8078363E-07,-0.010736
5.8083363E-07,-0.010731
5.8088363E-07,-0.010725
5.8093363E-07,-0.010719
5.8098363E-07,-0.010712
5.8103363E-07,-0.010705
5.8108363E-07,-0.010698
5.8113363E-07,-0.010691
5.8118363E-07,-0.010684
5.8123363E-07,-0.010677
5.8128363E-07,-0.010669
5.8133363E-07,-0.010662
5.8138363E-07,-0.010656
5.8143363E-07,-0.010650
5.8148363E-07,-0.010644
5.8153363E-07,-0.010639
5.8158363E-07,-0.010635
5.8163363E-07,-0.010631
5.8168363E-07,-0.010628
5.8173363E-07,-0.010627
5.8178363E-07,-0.010625
5.8183363E-07,-0.010625
5.8188363E-07,-0.010625
5.8193363E-07,-0.010626
5.8198363E-07,-0.010627
5.8203363E-07,-0.010628
5.8208363E-07,-0.010630
5.8213363E-07,-0.010631
5.8218363E-07,-0.010632
5.8223363E-07,-0.010633
5.8228363E-07,-0.010632
5.8233363E-07,-0.010631
5.8238363E-07,-0.010629
5.8243363E-07,-0.010626
5.8248363E-07,-0.010622
5.8253363E-07,-0.010617
5.8258363E-07,-0.010611
5.8263363E-07,-0.010604
5.8268363E-07,-0.010597
5.8273363E-07,-0.010589
5.8278363E-07,-0.010580
5.8283363E-07,-0.010572
5.8288363E-07,-0.010564
5.8293363E-07,-0.010556
5.8298363E-07,-0.010549
5.8303363E-07,-0.010543
5.8308363E-07,-0.010538
5.8313363E-07,-0.010534
5.8318363E-07,-0.010532
5.8323363E-07,-0.010531
5.8328363E-07,-0.010531
5.8333363E-07,-0.010533
5.8338363E-07,-0.010536
5.8343363E-07,-0.010539
5.8348363E-07,-0.010543
5.8353363E-07,-0.010548
5.8358363E-07,-0.010553
5.8363363E-07,-0.010557
5.8368363E-07,-0.010562
5.8373363E-07,-0.010566
5.8378363E-07,-0.010570
5.8383363E-07,-0.010574
5.8388363E-07,-0.010577
5.8393363E-07,-0.010580
5.8398363E-07,-0.010582
5.8403363E-07,-0.010584
5.8408363E-07,-0.010587
5.8413363E-07,-0.010589
5.8418363E-07,-0.010592
5.8423363E-07,-0.010596
5.8428363E-07,-0.010600
5.8433363E-07,-0.010605
5.8438363E-07,-0.010611
5.8443363E-07,-0.010617
5.8448363E-07,-0.010624
5.8453363E-07,-0.010631
5.8458363E-07,-0.010638
5.8463363E-07,-0.010646
5.8468363E-07,-0.010653
5.8473363E-07,-0.010659
5.8478363E-07,-0.010664
5.8483363E-07,-0.010668
5.8488363E-07,-0.010671
5.8493363E-07,-0.010672
5.8498363E-07,-0.010672
5.8503363E-07,-0.010670
5.8508363E-07,-0.010667
5.8513363E-07,-0.010663
5.8518363E-07,-0.010657
5.8523363E-07,-0.010650
5.8528363E-07,-0.010644
5.8533363E-07,-0.010637
5.8538363E-07,-0.010630
5.8543363E-07,-0.010624
5.8548363E-07,-0.010619
5.8553363E-07,-0.010614
5.8558363E-07,-0.010612
5.8563363E-07,-0.010610
5.8568363E-07,-0.010610
5.8573363E-07,-0.010611
5.8578363E-07,-0.010613
5.8583363E-07,-0.010616
5.8588363E-07,-0.010619
5.8593363E-07,-0.010623
5.8598363E-07,-0.010627
5.8603363E-07,-0.010630
5.8608363E-07,-0.010632
5.8613363E-07,-0.010633
5.8618363E-07,-0.010633
5.8623363E-07,-0.010631
5.8628363E-07,-0.010628
5.8633363E-07,-0.010623
5.8638363E-07,-0.010617
5.8643363E-07,-0.010609
5.8648363E-07,-0.010601
5.8653363E-07,-0.010593
5.8658363E-07,-0.010584
5.8663363E-07,-0.010576
5.8668363E-07,-0.010568
5.8673363E-07,-0.010561
5.8678363E-07,-0.010556
5.8683363E-07,-0.010552
5.8688363E-07,-0.010551
5.8693363E-07,-0.010552
5.8698363E-07,-0.010555
5.8703363E-07,-0.010560
5.8708363E-07,-0.010567
5.8713363E-07,-0.010577
5.8718363E-07,-0.010589
5.8723363E-07,-0.010602
5.8728363E-07,-0.010616
5.8733363E-07,-0.010632
5.8738363E-07,-0.010648
5.8743363E-07,-0.010665
5.8748363E-07,-0.010682
5.8753363E-07,-0.010699
5.8758363E-07,-0.010715
5.8763363E-07,-0.010731
5.8768363E-07,-0.010746
5.8773363E-07,-0.010761
5.8778363E-07,-0.010774
5.8783363E-07,-0.010787
5.8788363E-07,-0.010799
5.8793363E-07,-0.010810
5.8798363E-07,-0.010820
5.8803363E-07,-0.010830
5.8808363E-07,-0.010839
5.8813363E-07,-0.010847
5.8818363E-07,-0.010855
5.8823363E-07,-0.010862
5.8828363E-07,-0.010870
5.8833363E-07,-0.010876
5.8838363E-07,-0.010883
5.8843363E-07,-0.010889
5.8848363E-07,-0.010895
5.8853363E-07,-0.010901
5.8858363E-07,-0.010906
5.8863363E-07,-0.010911
5.8868363E-07,-0.010916
5.8873363E-07,-0.010920
5.8878363E-07,-0.010924
5.8883363E-07,-0.010928
5.8888363E-07,-0.010931
5.8893363E-07,-0.010934
5.8898363E-07,-0.010936
5.8903363E-07,-0.010938
5.8908363E-07,-0.010940
5.8913363E-07,-0.010942
5.8918363E-07,-0.010944
5.8923363E-07,-0.010945
5.8928363E-07,-0.010946
5.8933363E-07,-0.010948
5.8938363E-07,-0.010949
5.8943363E-07,-0.010951
5.8948363E-07,-0.010953
5.8953363E-07,-0.010955
5.8958363E-07,-0.010957
5.8963363E-07,-0.010960
5.8968363E-07,-0.010963
5.8973363E-07,-0.010966
5.8978363E-07,-0.010969
5.8983363E-07,-0.010973
5.8988363E-07,-0.010977
5.8993363E-07,-0.010981
5.8998363E-07,-0.010984
5.9003363E-07,-0.010988
5.9008363E-07,-0.010991
5.9013363E-07,-0.010993
5.9018363E-07,-0.010994
5.9023363E-07,-0.010994
5.9028363E-07,-0.010993
5.9033363E-07,-0.010990
5.9038363E-07,-0.010986
5.9043363E-07,-0.010981
5.9048363E-07,-0.010974
5.9053363E-07,-0.010965
5.9058363E-07,-0.010955
5.9063363E-07,-0.010944
5.9068363E-07,-0.010931
5.9073363E-07,-0.010918
5.9078363E-07,-0.010904
5.9083363E-07,-0.010890
5.9088363E-07,-0.010876
5.9093363E-07,-0.010862
5.9098363E-07,-0.010849
5.9103363E-07,-0.010836
5.9108363E-07,-0.010824
5.9113363E-07,-0.010813
5.9118363E-07,-0.010803
5.9123363E-07,-0.010794
5.9128363E-07,-0.010786
5.9133363E-07,-0.010779
5.9138363E-07,-0.010773
5.9143363E-07,-0.010766
5.9148363E-07,-0.010761
5.9153363E-07,-0.010755
5.9158363E-07,-0.010748
5.9163363E-07,-0.010742
5.9168363E-07,-0.010734
5.9173363E-07,-0.010726
5.9178363E-07,-0.010718
5.9183363E-07,-0.010708
5.9188363E-07,-0.010698
5.9193363E-07,-0.010688
5.9198363E-07,-0.010677
5.9203363E-07,-0.010666
5.9208363E-07,-0.010655
5.9213363E-07,-0.010645
5.9218363E-07,-0.010636
5.9223363E-07,-0.010629
5.9228363E-07,-0.010622
5.9233363E-07,-0.010617
5.9238363E-07,-0.010615
5.9243363E-07,-0.010613
5.9248363E-07,-0.010614
5.9253363E-07,-0.010616
5.9258363E-07,-0.010620
5.9263363E-07,-0.010626
5.9268363E-07,-0.010632
5.9273363E-07,-0.010639
5.9278363E-07,-0.010646
5.9283363E-07,-0.010654
5.9288363E-07,-0.010661
5.9293363E-07,-0.010668
5.9298363E-07,-0.010674
5.9303363E-07,-0.010679
5.9308363E-07,-0.010683
5.9313363E-07,-0.010685
5.9318363E-07,-0.010687
5.9323363E-07,-0.010688
5.9328363E-07,-0.010688
5.9333363E-07,-0.010688
5.9338363E-07,-0.010687
5.9343363E-07,-0.010686
5.9348363E-07,-0.010686
5.9353363E-07,-0.010685
5.9358363E-07,-0.010686
5.9363363E-07,-0.010686
5.9368363E-07,-0.010688
5.9373363E-07,-0.010690
5.9378363E-07,-0.010693
5.9383363E-07,-0.010696
5.9388363E-07,-0.010700
5.9393363E-07,-0.010703
5.9398363E-07,-0.010707
5.9403363E-07,-0.010710
5.9408363E-07,-0.010712
5.9413363E-07,-0.010714
5.9418363E-07,-0.010714
5.9423363E-07,-0.010713
5.9428363E-07,-0.010712
5.9433363E-07,-0.010708
5.9438363E-07,-0.010704
5.9443363E-07,-0.010699
5.9448363E-07,-0.010692
5.9453363E-07,-0.010686
5.9458363E-07,-0.010678
5.9463363E-07,-0.010671
5.9468363E-07,-0.010664
5.9473363E-07,-0.010657
5.9478363E-07,-0.010651
5.9483363E-07,-0.010646
5.9488363E-07,-0.010642
5.9493363E-07,-0.010639
5.9498363E-07,-0.010637
5.9503363E-07,-0.010636
5.9508363E-07,-0.010636
5.9513363E-07,-0.010637
5.9518363E-07,-0.010639
5.9523363E-07,-0.010641
5.9528363E-07,-0.010644
5.9533363E-07,-0.010646
5.9538363E-07,-0.010648
5.9543363E-07,-0.010650
5.9548363E-07,-0.010652
5.9553363E-07,-0.010652
5.9558363E-07,-0.010652
5.9563363E-07,-0.010651
5.9568363E-07,-0.010650
5.9573363E-07,-0.010648
5.9578363E-07,-0.010646
5.9583363E-07,-0.010643
5.9588363E-07,-0.010640
5.9593363E-07,-0.010637
5.9598363E-07,-0.010634
5.9603363E-07,-0.010632
5.9608363E-07,-0.010630
5.9613363E-07,-0.010629
5.9618363E-07,-0.010629
5.9623363E-07,-0.010629
5.9628363E-07,-0.010630
5.9633363E-07,-0.010632
5.9638363E-07,-0.010635
5.9643363E-07,-0.010638
5.9648363E-07,-0.010642
5.9653363E-07,-0.010646
5.9658363E-07,-0.010650
5.9663363E-07,-0.010654
5.9668363E-07,-0.010658
5.9673363E-07,-0.010662
5.9678363E-07,-0.010665
5.9683363E-07,-0.010668
5.9688363E-07,-0.010670
5.9693363E-07,-0.010671
5.9698363E-07,-0.010671
5.9703363E-07,-0.010671
5.9708363E-07,-0.010670
5.9713363E-07,-0.010668
5.9718363E-07,-0.010665
5.9723363E-07,-0.010661
5.9728363E-07,-0.010657
5.9733363E-07,-0.010652
5.9738363E-07,-0.010647
5.9743363E-07,-0.010642
5.9748363E-07,-0.010636
5.9753363E-07,-0.010630
5.9758363E-07,-0.010625
5.9763363E-07,-0.010620
5.9768363E-07,-0.010615
5.9773363E-07,-0.010610
5.9778363E-07,-0.010606
5.9783363E-07,-0.010602
5.9788363E-07,-0.010599
5.9793363E-07,-0.010596
5.9798363E-07,-0.010593
5.9803363E-07,-0.010591
5.9808363E-07,-0.010589
5.9813363E-07,-0.010586
5.9818363E-07,-0.010584
5.9823363E-07,-0.010581
5.9828363E-07,-0.010578
5.9833363E-07,-0.010574
5.9838363E-07,-0.010570
5.9843363E-07,-0.010565
5.9848363E-07,-0.010559
5.9853363E-07,-0.010552
5.9858363E-07,-0.010544
5.9863363E-07,-0.010536
5.9868363E-07,-0.010527
5.9873363E-07,-0.010518
5.9878363E-07,-0.010508
5.9883363E-07,-0.010498
5.9888363E-07,-0.010489
5.9893363E-07,-0.010480
5.9898363E-07,-0.010471
5.9903363E-07,-0.010463
5.9908363E-07,-0.010457
5.9913363E-07,-0.010451
5.9918363E-07,-0.010446
5.9923363E-07,-0.010442
5.9928363E-07,-0.010439
5.9933363E-07,-0.010437
5.9938363E-07,-0.010436
5.9943363E-07,-0.010436
5.9948363E-07,-0.010436
5.9953363E-07,-0.010436
5.9958363E-07,-0.010436
5.9963363E-07,-0.010437
5.9968363E-07,-0.010437
5.9973363E-07,-0.010436
5.9978363E-07,-0.010435
5.9983363E-07,-0.010434
5.9988363E-07,-0.010433
5.9993363E-07,-0.010431
5.9998363E-07,-0.010428
6.0003363E-07,-0.010426
6.0008363E-07,-0.010424
6.0013363E-07,-0.010422
6.0018363E-07,-0.010421
6.0023363E-07,-0.010421
6.0028363E-07,-0.010422
6.0033363E-07,-0.010423
6.0038363E-07,-0.010426
6.0043363E-07,-0.010430
6.0048363E-07,-0.010435
6.0053363E-07,-0.010442
6.0058363E-07,-0.010449
6.0063363E-07,-0.010456
6.0068363E-07,-0.010464
6.0073363E-07,-0.010472
6.0078363E-07,-0.010480
6.0083363E-07,-0.010488
6.0088363E-07,-0.010494
6.0093363E-07,-0.010500
6.0098363E-07,-0.010505
6.0103363E-07,-0.010509
6.0108363E-07,-0.010512
6.0113363E-07,-0.010514
6.0118363E-07,-0.010515
6.0123363E-07,-0.010515
6.0128363E-07,-0.010515
6.0133363E-07,-0.010515
6.0138363E-07,-0.010514
6.0143363E-07,-0.010514
6.0148363E-07,-0.010514
6.0153363E-07,-0.010515
6.0158363E-07,-0.010517
6.0163363E-07,-0.010520
6.0168363E-07,-0.010524
6.0173363E-07,-0.010529
6.0178363E-07,-0.010534
6.0183363E-07,-0.010540
6.0188363E-07,-0.010547
6.0193363E-07,-0.010553
6.0198363E-07,-0.010560
6.0203363E-07,-0.010566
6.0208363E-07,-0.010571
6.0213363E-07,-0.010575
6.0218363E-07,-0.010578
6.0223363E-07,-0.010579
6.0228363E-07,-0.010579
6.0233363E-07,-0.010577
6.0238363E-07,-0.010574
6.0243363E-07,-0.010569
6.0248363E-07,-0.010563
6.0253363E-07,-0.010555
6.0258363E-07,-0.010546
6.0263363E-07,-0.010537
6.0268363E-07,-0.010527
6.0273363E-07,-0.010516
6.0278363E-07,-0.010506
6.0283363E-07,-0.010495
6.0288363E-07,-0.010484
6.0293363E-07,-0.010474
6.0298363E-07,-0.010463
6.0303363E-07,-0.010453
6.0308363E-07,-0.010443
6.0313363E-07,-0.010433
6.0318363E-07,-0.010424
6.0323363E-07,-0.010414
6.0328363E-07,-0.010404
6.0333363E-07,-0.010394
6.0338363E-07,-0.010384
6.0343363E-07,-0.010373
6.0348363E-07,-0.010363
6.0353363E-07,-0.010352
6.0358363E-07,-0.010341
6.0363363E-07,-0.010330
6.0368363E-07,-0.010319
6.0373363E-07,-0.010309
6.0378363E-07,-0.010298
6.0383363E-07,-0.010289
6.0388363E-07,-0.010280
6.0393363E-07,-0.010272
6.0398363E-07,-0.010265
6.0403363E-07,-0.010259
6.0408363E-07,-0.010254
6.0413363E-07,-0.010250
6.0418363E-07,-0.010247
6.0423363E-07,-0.010246
6.0428363E-07,-0.010246
6.0433363E-07,-0.010246
6.0438363E-07,-0.010248
6.0443363E-07,-0.010250
6.0448363E-07,-0.010253
6.0453363E-07,-0.010256
6.0458363E-07,-0.010260
6.0463363E-07,-0.010264
6.0468363E-07,-0.010269
6.0473363E-07,-0.010273
6.0478363E-07,-0.010278
6.0483363E-07,-0.010282
6.0488363E-07,-0.010286
6.0493363E-07,-0.010290
6.0498363E-07,-0.010294
6.0503363E-07,-0.010298
6.0508363E-07,-0.010301
6.0513363E-07,-0.010304
6.0518363E-07,-0.010306
6.0523363E-07,-0.010308
6.0528363E-07,-0.010310
6.0533363E-07,-0.010312
6.0538363E-07,-0.010313
6.0543363E-07,-0.010315
6.0548363E-07,-0.010317
6.0553363E-07,-0.010318
6.0558363E-07,-0.010320
6.0563363E-07,-0.010323
6.0568363E-07,-0.010325
6.0573363E-07,-0.010329
6.0578363E-07,-0.010333
6.0583363E-07,-0.010338
6.0588363E-07,-0.010343
6.0593363E-07,-0.010350
6.0598363E-07,-0.010357
6.0603363E-07,-0.010365
6.0608363E-07,-0.010374
6.0613363E-07,-0.010383
6.0618363E-07,-0.010392
6.0623363E-07,-0.010402
6.0628363E-07,-0.010412
6.0633363E-07,-0.010422
6.0638363E-07,-0.010431
6.0643363E-07,-0.010440
6.0648363E-07,-0.010448
6.0653363E-07,-0.010456
6.0658363E-07,-0.010463
6.0663363E-07,-0.010469
6.0668363E-07,-0.010474
6.0673363E-07,-0.010478
6.0678363E-07,-0.010482
6.0683363E-07,-0.010485
6.0688363E-07,-0.010487
6.0693363E-07,-0.010489
6.0698363E-07,-0.010491
6.0703363E-07,-0.010493
6.0708363E-07,-0.010496
6.0713363E-07,-0.010498
6.0718363E-07,-0.010500
6.0723363E-07,-0.010503
6.0728363E-07,-0.010507
6.0733363E-07,-0.010510
6.0738363E-07,-0.010513
6.0743363E-07,-0.010517
6.0748363E-07,-0.010520
6.0753363E-07,-0.010523
6.0758363E-07,-0.010525
6.0763363E-07,-0.010526
6.0768363E-07,-0.010527
6.0773363E-07,-0.010526
6.0778363E-07,-0.010525
6.0783363E-07,-0.010522
6.0788363E-07,-0.010519
6.0793363E-07,-0.010514
6.0798363E-07,-0.010509
6.0803363E-07,-0.010504
6.0808363E-07,-0.010498
6.0813363E-07,-0.010492
6.0818363E-07,-0.010486
6.0823363E-07,-0.010482
6.0828363E-07,-0.010477
6.0833363E-07,-0.010474
6.0838363E-07,-0.010473
6.0843363E-07,-0.010472
6.0848363E-07,-0.010473
6.0853363E-07,-0.010475
6.0858363E-07,-0.010479
6.0863363E-07,-0.010484
6.0868363E-07,-0.010490
6.0873363E-07,-0.010496
6.0878363E-07,-0.010503
6.0883363E-07,-0.010510
6.0888363E-07,-0.010517
6.0893363E-07,-0.010524
6.0898363E-07,-0.010530
6.0903363E-07,-0.010536
6.0908363E-07,-0.010540
6.0913363E-07,-0.010544
6.0918363E-07,-0.010547
6.0923363E-07,-0.010549
6.0928363E-07,-0.010551
6.0933363E-07,-0.010552
6.0938363E-07,-0.010552
6.0943363E-07,-0.010553
6.0948363E-07,-0.010553
6.0953363E-07,-0.010553
6.0958363E-07,-0.010554
6.0963363E-07,-0.010556
6.0968363E-07,-0.010557
6.0973363E-07,-0.010560
6.0978363E-07,-0.010563
6.0983363E-07,-0.010566
6.0988363E-07,-0.010570
6.0993363E-07,-0.010574
6.0998363E-07,-0.010578
6.1003363E-07,-0.010582
6.1008363E-07,-0.010586
6.1013363E-07,-0.010590
6.1018363E-07,-0.010593
6.1023363E-07,-0.010595
6.1028363E-07,-0.010597
6.1033363E-07,-0.010599
6.1038363E-07,-0.010600
6.1043363E-07,-0.010601
6.1048363E-07,-0.010601
6.1053363E-07,-0.010602
6.1058363E-07,-0.010604
6.1063363E-07,-0.010606
6.1068363E-07,-0.010609
6.1073363E-07,-0.010612
6.1078363E-07,-0.010618
6.1083363E-07,-0.010624
6.1088363E-07,-0.010632
6.1093363E-07,-0.010641
6.1098363E-07,-0.010652
6.1103363E-07,-0.010664
6.1108363E-07,-0.010677
6.1113363E-07,-0.010691
6.1118363E-07,-0.010705
6.1123363E-07,-0.010720
6.1128363E-07,-0.010734
6.1133363E-07,-0.010748
6.1138363E-07,-0.010761
6.1143363E-07,-0.010773
6.1148363E-07,-0.010783
6.1153363E-07,-0.010792
6.1158363E-07,-0.010799
6.1163363E-07,-0.010805
6.1168363E-07,-0.010808
6.1173363E-07,-0.010810
6.1178363E-07,-0.010810
6.1183363E-07,-0.010808
6.1188363E-07,-0.010804
6.1193363E-07,-0.010800
6.1198363E-07,-0.010794
6.1203363E-07,-0.010788
6.1208363E-07,-0.010781
6.1213363E-07,-0.010773
6.1218363E-07,-0.010765
6.1223363E-07,-0.010758
6.1228363E-07,-0.010750
6.1233363E-07,-0.010742
6.1238363E-07,-0.010735
6.1243363E-07,-0.010728
6.1248363E-07,-0.010721
6.1253363E-07,-0.010715
6.1258363E-07,-0.010708
6.1263363E-07,-0.010703
6.1268363E-07,-0.010697
6.1273363E-07,-0.010691
6.1278363E-07,-0.010686
6.1283363E-07,-0.010680
6.1288363E-07,-0.010674
6.1293363E-07,-0.010669
6.1298363E-07,-0.010663
6.1303363E-07,-0.010656
6.1308363E-07,-0.010650
6.1313363E-07,-0.010643
6.1318363E-07,-0.010636
6.1323363E-07,-0.010629
6.1328363E-07,-0.010621
6.1333363E-07,-0.010613
6.1338363E-07,-0.010605
6.1343363E-07,-0.010597
6.1348363E-07,-0.010589
6.1353363E-07,-0.010582
6.1358363E-07,-0.010574
6.1363363E-07,-0.010567
6.1368363E-07,-0.010560
6.1373363E-07,-0.010553
6.1378363E-07,-0.010547
6.1383363E-07,-0.010542
6.1388363E-07,-0.010537
6.1393363E-07,-0.010534
6.1398363E-07,-0.010531
6.1403363E-07,-0.010528
6.1408363E-07,-0.010527
6.1413363E-07,-0.010526
6.1418363E-07,-0.010526
6.1423363E-07,-0.010527
6.1428363E-07,-0.010528
6.1433363E-07,-0.010530
6.1438363E-07,-0.010532
6.1443363E-07,-0.010534
6.1448363E-07,-0.010537
6.1453363E-07,-0.010541
6.1458363E-07,-0.010544
6.1463363E-07,-0.010549
6.1468363E-07,-0.010553
6.1473363E-07,-0.010558
6.1478363E-07,-0.010564
6.1483363E-07,-0.010570
6.1488363E-07,-0.010577
6.1493363E-07,-0.010585
6.1498363E-07,-0.010593
6.1503363E-07,-0.010602
6.1508363E-07,-0.010611
6.1513363E-07,-0.010621
6.1518363E-07,-0.010631
6.1523363E-07,-0.010642
6.1528363E-07,-0.010652
6.1533363E-07,-0.010662
6.1538363E-07,-0.010671
6.1543363E-07,-0.010680
6.1548363E-07,-0.010687
6.1553363E-07,-0.010694
6.1558363E-07,-0.010698
6.1563363E-07,-0.010701
6.1568363E-07,-0.010702
6.1573363E-07,-0.010701
6.1578363E-07,-0.010699
6.1583363E-07,-0.010694
6.1588363E-07,-0.010688
6.1593363E-07,-0.010681
6.1598363E-07,-0.010672
6.1603363E-07,-0.010662
6.1608363E-07,-0.010652
6.1613363E-07,-0.010641
6.1618363E-07,-0.010631
6.1623363E-07,-0.010621
6.1628363E-07,-0.010612
6.1633363E-07,-0.010603
6.1638363E-07,-0.010596
6.1643363E-07,-0.010590
6.1648363E-07,-0.010586
6.1653363E-07,-0.010583
6.1658363E-07,-0.010581
6.1663363E-07,-0.010580
6.1668363E-07,-0.010580
6.1673363E-07,-0.010581
6.1678363E-07,-0.010583
6.1683363E-07,-0.010585
6.1688363E-07,-0.010587
6.1693363E-07,-0.010590
6.1698363E-07,-0.010592
6.1703363E-07,-0.010593
6.1708363E-07,-0.010594
6.1713363E-07,-0.010595
6.1718363E-07,-0.010595
6.1723363E-07,-0.010594
6.1728363E-07,-0.010593
6.1733363E-07,-0.010592
6.1738363E-07,-0.010591
6.1743363E-07,-0.010591
6.1748363E-07,-0.010590
6.1753363E-07,-0.010590
6.1758363E-07,-0.010590
6.1763363E-07,-0.010591
6.1768363E-07,-0.010593
6.1773363E-07,-0.010595
6.1778363E-07,-0.010597
6.1783363E-07,-0.010601
6.1788363E-07,-0.010604
6.1793363E-07,-0.010608
6.1798363E-07,-0.010611
6.1803363E-07,-0.010614
6.1808363E-07,-0.010617
6.1813363E-07,-0.010619
6.1818363E-07,-0.010621
6.1823363E-07,-0.010622
6.1828363E-07,-0.010622
6.1833363E-07,-0.010621
6.1838363E-07,-0.010619
6.1843363E-07,-0.010617
6.1848363E-07,-0.010614
6.1853363E-07,-0.010611
6.1858363E-07,-0.010608
6.1863363E-07,-0.010604
6.1868363E-07,-0.010601
6.1873363E-07,-0.010599
6.1878363E-07,-0.010596
6.1883363E-07,-0.010595
6.1888363E-07,-0.010593
6.1893363E-07,-0.010593
6.1898363E-07,-0.010593
6.1903363E-07,-0.010594
6.1908363E-07,-0.010594
6.1913363E-07,-0.010595
6.1918363E-07,-0.010596
6.1923363E-07,-0.010597
6.1928363E-07,-0.010597
6.1933363E-07,-0.010597
6.1938363E-07,-0.010596
6.1943363E-07,-0.010594
6.1948363E-07,-0.010591
6.1953363E-07,-0.010587
6.1958363E-07,-0.010583
6.1963363E-07,-0.010577
6.1968363E-07,-0.010571
6.1973363E-07,-0.010565
6.1978363E-07,-0.010558
6.1983363E-07,-0.010551
6.1988363E-07,-0.010544
6.1993363E-07,-0.010537
6.1998363E-07,-0.010531
6.2003363E-07,-0.010526
6.2008363E-07,-0.010521
6.2013363E-07,-0.010517
6.2018363E-07,-0.010515
6.2023363E-07,-0.010513
6.2028363E-07,-0.010512
6.2033363E-07,-0.010512
6.2038363E-07,-0.010513
6.2043363E-07,-0.010515
6.2048363E-07,-0.010518
6.2053363E-07,-0.010521
6.2058363E-07,-0.010524
6.2063363E-07,-0.010528
6.2068363E-07,-0.010532
6.2073363E-07,-0.010536
6.2078363E-07,-0.010540
6.2083363E-07,-0.010544
6.2088363E-07,-0.010548
6.2093363E-07,-0.010552
6.2098363E-07,-0.010556
6.2103363E-07,-0.010559
6.2108363E-07,-0.010562
6.2113363E-07,-0.010564
6.2118363E-07,-0.010566
6.2123363E-07,-0.010568
6.2128363E-07,-0.010570
6.2133363E-07,-0.010571
6.2138363E-07,-0.010571
6.2143363E-07,-0.010572
6.2148363E-07,-0.010571
6.2153363E-07,-0.010571
6.2158363E-07,-0.010569
6.2163363E-07,-0.010568
6.2168363E-07,-0.010566
6.2173363E-07,-0.010563
6.2178363E-07,-0.010560
6.2183363E-07,-0.010557
6.2188363E-07,-0.010553
6.2193363E-07,-0.010549
6.2198363E-07,-0.010544
6.2203363E-07,-0.010540
6.2208363E-07,-0.010535
6.2213363E-07,-0.010530
6.2218363E-07,-0.010525
6.2223363E-07,-0.010521
6.2228363E-07,-0.010516
6.2233363E-07,-0.010511
6.2238363E-07,-0.010506
6.2243363E-07,-0.010502
6.2248363E-07,-0.010498
6.2253363E-07,-0.010495
6.2258363E-07,-0.010491
6.2263363E-07,-0.010488
6.2268363E-07,-0.010486
6.2273363E-07,-0.010484
6.2278363E-07,-0.010483
6.2283363E-07,-0.010482
6.2288363E-07,-0.010482
6.2293363E-07,-0.010483
6.2298363E-07,-0.010484
6.2303363E-07,-0.010486
6.2308363E-07,-0.010488
6.2313363E-07,-0.010491
6.2318363E-07,-0.010493
6.2323363E-07,-0.010496
6.2328363E-07,-0.010499
6.2333363E-07,-0.010502
6.2338363E-07,-0.010504
6.2343363E-07,-0.010506
6.2348363E-07,-0.010507
6.2353363E-07,-0.010507
6.2358363E-07,-0.010506
6.2363363E-07,-0.010503
6.2368363E-07,-0.010500
6.2373363E-07,-0.010495
6.2378363E-07,-0.010488
6.2383363E-07,-0.010481
6.2388363E-07,-0.010472
6.2393363E-07,-0.010463
6.2398363E-07,-0.010452
6.2403363E-07,-0.010441
6.2408363E-07,-0.010430
6.2413363E-07,-0.010419
6.2418363E-07,-0.010407
6.2423363E-07,-0.010397
6.2428363E-07,-0.010387
6.2433363E-07,-0.010378
6.2438363E-07,-0.010370
6.2443363E-07,-0.010364
6.2448363E-07,-0.010358
6.2453363E-07,-0.010354
6.2458363E-07,-0.010352
6.2463363E-07,-0.010351
6.2468363E-07,-0.010351
6.2473363E-07,-0.010353
6.2478363E-07,-0.010356
6.2483363E-07,-0.010360
6.2488363E-07,-0.010364
6.2493363E-07,-0.010370
6.2498363E-07,-0.010376
6.2503363E-07,-0.010383
6.2508363E-07,-0.010390
6.2513363E-07,-0.010398
6.2518363E-07,-0.010406
6.2523363E-07,-0.010414
6.2528363E-07,-0.010422
6.2533363E-07,-0.010431
6.2538363E-07,-0.010440
6.2543363E-07,-0.010449
6.2548363E-07,-0.010458
6.2553363E-07,-0.010467
6.2558363E-07,-0.010476
6.2563363E-07,-0.010484
6.2568363E-07,-0.010492
6.2573363E-07,-0.010499
6.2578363E-07,-0.010505
6.2583363E-07,-0.010509
6.2588363E-07,-0.010513
6.2593363E-07,-0.010515
6.2598363E-07,-0.010515
6.2603363E-07,-0.010513
6.2608363E-07,-0.010510
6.2613363E-07,-0.010504
6.2618363E-07,-0.010497
6.2623363E-07,-0.010488
6.2628363E-07,-0.010477
6.2633363E-07,-0.010465
6.2638363E-07,-0.010451
6.2643363E-07,-0.010437
6.2648363E-07,-0.010422
6.2653363E-07,-0.010406
6.2658363E-07,-0.010391
6.2663363E-07,-0.010376
6.2668363E-07,-0.010361
6.2673363E-07,-0.010347
6.2678363E-07,-0.010334
6.2683363E-07,-0.010322
6.2688363E-07,-0.010311
6.2693363E-07,-0.010301
6.2698363E-07,-0.010293
6.2703363E-07,-0.010285
6.2708363E-07,-0.010279
6.2713363E-07,-0.010273
6.2718363E-07,-0.010268
6.2723363E-07,-0.010263
6.2728363E-07,-0.010259
6.2733363E-07,-0.010255
6.2738363E-07,-0.010251
6.2743363E-07,-0.010248
6.2748363E-07,-0.010244
6.2753363E-07,-0.010241
6.2758363E-07,-0.010238
6.2763363E-07,-0.010235
6.2768363E-07,-0.010232
6.2773363E-07,-0.010230
6.2778363E-07,-0.010228
6.2783363E-07,-0.010226
6.2788363E-07,-0.010225
6.2793363E-07,-0.010225
6.2798363E-07,-0.010225
6.2803363E-07,-0.010226
6.2808363E-07,-0.010227
6.2813363E-07,-0.010228
6.2818363E-07,-0.010230
6.2823363E-07,-0.010232
6.2828363E-07,-0.010234
6.2833363E-07,-0.010236
6.2838363E-07,-0.010237
6.2843363E-07,-0.010238
6.2848363E-07,-0.010239
6.2853363E-07,-0.010239
6.2858363E-07,-0.010238
6.2863363E-07,-0.010237
6.2868363E-07,-0.010235
6.2873363E-07,-0.010232
6.2878363E-07,-0.010229
6.2883363E-07,-0.010226
6.2888363E-07,-0.010222
6.2893363E-07,-0.010219
6.2898363E-07,-0.010216
6.2903363E-07,-0.010213
6.2908363E-07,-0.010210
6.2913363E-07,-0.010209
6.2918363E-07,-0.010208
6.2923363E-07,-0.010207
6.2928363E-07,-0.010208
6.2933363E-07,-0.010210
6.2938363E-07,-0.010212
6.2943363E-07,-0.010216
6.2948363E-07,-0.010220
6.2953363E-07,-0.010225
6.2958363E-07,-0.010231
6.2963363E-07,-0.010237
6.2968363E-07,-0.010244
6.2973363E-07,-0.010252
6.2978363E-07,-0.010260
6.2983363E-07,-0.010268
6.2988363E-07,-0.010276
6.2993363E-07,-0.010284
6.2998363E-07,-0.010293
6.3003363E-07,-0.010302
6.3008363E-07,-0.010311
6.3013363E-07,-0.010319
6.3018363E-07,-0.010328
6.3023363E-07,-0.010337
6.3028363E-07,-0.010347
6.3033363E-07,-0.010356
6.3038363E-07,-0.010365
6.3043363E-07,-0.010375
6.3048363E-07,-0.010384
6.3053363E-07,-0.010394
6.3058363E-07,-0.010403
6.3063363E-07,-0.010413
6.3068363E-07,-0.010422
6.3073363E-07,-0.010432
6.3078363E-07,-0.010441
6.3083363E-07,-0.010450
6.3088363E-07,-0.010458
6.3093363E-07,-0.010466
6.3098363E-07,-0.010474
6.3103363E-07,-0.010481
6.3108363E-07,-0.010487
6.3113363E-07,-0.010492
6.3118363E-07,-0.010496
6.3123363E-07,-0.010499
6.3128363E-07,-0.010500
6.3133363E-07,-0.010500
6.3138363E-07,-0.010499
6.3143363E-07,-0.010497
6.3148363E-07,-0.010493
6.3153363E-07,-0.010488
6.3158363E-07,-0.010481
6.3163363E-07,-0.010474
6.3168363E-07,-0.010465
6.3173363E-07,-0.010456
6.3178363E-07,-0.010446
6.3183363E-07,-0.010436
6.3188363E-07,-0.010426
6.3193363E-07,-0.010416
6.3198363E-07,-0.010406
6.3203363E-07,-0.010397
6.3208363E-07,-0.010388
6.3213363E-07,-0.010381
6.3218363E-07,-0.010374
6.3223363E-07,-0.010369
6.3228363E-07,-0.010365
6.3233363E-07,-0.010362
6.3238363E-07,-0.010361
6.3243363E-07,-0.010360
6.3248363E-07,-0.010361
6.3253363E-07,-0.010362
6.3258363E-07,-0.010364
6.3263363E-07,-0.010366
6.3268363E-07,-0.010368
6.3273363E-07,-0.010370
6.3278363E-07,-0.010373
6.3283363E-07,-0.010375
6.3288363E-07,-0.010376
6.3293363E-07,-0.010377
6.3298363E-07,-0.010378
6.3303363E-07,-0.010379
6.3308363E-07,-0.010379
6.3313363E-07,-0.010379
6.3318363E-07,-0.010380
6.3323363E-07,-0.010381
6.3328363E-07,-0.010382
6.3333363E-07,-0.010383
6.3338363E-07,-0.010386
6.3343363E-07,-0.010389
6.3348363E-07,-0.010394
6.3353363E-07,-0.010399
6.3358363E-07,-0.010406
6.3363363E-07,-0.010413
6.3368363E-07,-0.010421
6.3373363E-07,-0.010429
6.3378363E-07,-0.010438
6.3383363E-07,-0.010446
6.3388363E-07,-0.010454
6.3393363E-07,-0.010461
6.3398363E-07,-0.010467
6.3403363E-07,-0.010472
6.3408363E-07,-0.010475
6.3413363E-07,-0.010477
6.3418363E-07,-0.010476
6.3423363E-07,-0.010474
6.3428363E-07,-0.010470
6.3433363E-07,-0.010463
6.3438363E-07,-0.010455
6.3443363E-07,-0.010446
6.3448363E-07,-0.010435
6.3453363E-07,-0.010423
6.3458363E-07,-0.010411
6.3463363E-07,-0.010398
6.3468363E-07,-0.010385
6.3473363E-07,-0.010372
6.3478363E-07,-0.010359
6.3483363E-07,-0.010347
6.3488363E-07,-0.010336
6.3493363E-07,-0.010325
6.3498363E-07,-0.010315
6.3503363E-07,-0.010306
6.3508363E-07,-0.010298
6.3513363E-07,-0.010291
6.3518363E-07,-0.010284
6.3523363E-07,-0.010278
6.3528363E-07,-0.010272
6.3533363E-07,-0.010267
6.3538363E-07,-0.010262
6.3543363E-07,-0.010257
6.3548363E-07,-0.010253
6.3553363E-07,-0.010250
6.3558363E-07,-0.010247
6.3563363E-07,-0.010244
6.3568363E-07,-0.010242
6.3573363E-07,-0.010241
6.3578363E-07,-0.010241
6.3583363E-07,-0.010242
6.3588363E-07,-0.010244
6.3593363E-07,-0.010247
6.3598363E-07,-0.010251
6.3603363E-07,-0.010256
6.3608363E-07,-0.010261
6.3613363E-07,-0.010268
6.3618363E-07,-0.010274
6.3623363E-07,-0.010281
6.3628363E-07,-0.010288
6.3633363E-07,-0.010294
6.3638363E-07,-0.010300
6.3643363E-07,-0.010305
6.3648363E-07,-0.010309
6.3653363E-07,-0.010311
6.3658363E-07,-0.010312
6.3663363E-07,-0.010312
6.3668363E-07,-0.010310
6.3673363E-07,-0.010306
6.3678363E-07,-0.010301
6.3683363E-07,-0.010295
6.3688363E-07,-0.010287
6.3693363E-07,-0.010279
6.3698363E-07,-0.010271
6.3703363E-07,-0.010262
6.3708363E-07,-0.010253
6.3713363E-07,-0.010245
6.3718363E-07,-0.010237
6.3723363E-07,-0.010230
6.3728363E-07,-0.010224
6.3733363E-07,-0.010220
6.3738363E-07,-0.010217
6.3743363E-07,-0.010215
6.3748363E-07,-0.010215
6.3753363E-07,-0.010216
6.3758363E-07,-0.010219
6.3763363E-07,-0.010222
6.3768363E-07,-0.010227
6.3773363E-07,-0.010233
6.3778363E-07,-0.010239
6.3783363E-07,-0.010246
6.3788363E-07,-0.010254
6.3793363E-07,-0.010261
6.3798363E-07,-0.010269
6.3803363E-07,-0.010276
6.3808363E-07,-0.010283
6.3813363E-07,-0.010290
6.3818363E-07,-0.010297
6.3823363E-07,-0.010303
6.3828363E-07,-0.010309
6.3833363E-07,-0.010315
6.3838363E-07,-0.010320
6.3843363E-07,-0.010325
6.3848363E-07,-0.010331
6.3853363E-07,-0.010336
6.3858363E-07,-0.010341
6.3863363E-07,-0.010345
6.3868363E-07,-0.010350
6.3873363E-07,-0.010356
6.3878363E-07,-0.010361
6.3883363E-07,-0.010366
6.3888363E-07,-0.010371
6.3893363E-07,-0.010376
6.3898363E-07,-0.010381
6.3903363E-07,-0.010387
6.3908363E-07,-0.010392
6.3913363E-07,-0.010397
6.3918363E-07,-0.010401
6.3923363E-07,-0.010406
6.3928363E-07,-0.010410
6.3933363E-07,-0.010414
6.3938363E-07,-0.010418
6.3943363E-07,-0.010421
6.3948363E-07,-0.010424
6.3953363E-07,-0.010427
6.3958363E-07,-0.010429
6.3963363E-07,-0.010431
6.3968363E-07,-0.010433
6.3973363E-07,-0.010435
6.3978363E-07,-0.010436
6.3983363E-07,-0.010438
6.3988363E-07,-0.010439
6.3993363E-07,-0.010441
6.3998363E-07,-0.010442
6.4003363E-07,-0.010444
6.4008363E-07,-0.010445
6.4013363E-07,-0.010447
6.4018363E-07,-0.010448
6.4023363E-07,-0.010450
6.4028363E-07,-0.010452
6.4033363E-07,-0.010454
6.4038363E-07,-0.010455
6.4043363E-07,-0.010457
6.4048363E-07,-0.010458
6.4053363E-07,-0.010459
6.4058363E-07,-0.010459
6.4063363E-07,-0.010460
6.4068363E-07,-0.010459
6.4073363E-07,-0.010459
6.4078363E-07,-0.010458
6.4083363E-07,-0.010457
6.4088363E-07,-0.010455
6.4093363E-07,-0.010454
6.4098363E-07,-0.010452
6.4103363E-07,-0.010451
6.4108363E-07,-0.010450
6.4113363E-07,-0.010450
6.4118363E-07,-0.010450
6.4123363E-07,-0.010451
6.4128363E-07,-0.010453
6.4133363E-07,-0.010455
6.4138363E-07,-0.010459
6.4143363E-07,-0.010464
6.4148363E-07,-0.010469
6.4153363E-07,-0.010475
6.4158363E-07,-0.010481
6.4163363E-07,-0.010488
6.4168363E-07,-0.010495
6.4173363E-07,-0.010502
6.4178363E-07,-0.010508
6.4183363E-07,-0.010513
6.4188363E-07,-0.010518
6.4193363E-07,-0.010522
6.4198363E-07,-0.010524
6.4203363E-07,-0.010525
6.4208363E-07,-0.010524
6.4213363E-07,-0.010523
6.4218363E-07,-0.010519
6.4223363E-07,-0.010515
6.4228363E-07,-0.010510
6.4233363E-07,-0.010503
6.4238363E-07,-0.010497
6.4243363E-07,-0.010489
6.4248363E-07,-0.010482
6.4253363E-07,-0.010475
6.4258363E-07,-0.010469
6.4263363E-07,-0.010462
6.4268363E-07,-0.010457
6.4273363E-07,-0.010452
6.4278363E-07,-0.010448
6.4283363E-07,-0.010445
6.4288363E-07,-0.010442
6.4293363E-07,-0.010440
6.4298363E-07,-0.010439
6.4303363E-07,-0.010437
6.4308363E-07,-0.010436
6.4313363E-07,-0.010434
6.4318363E-07,-0.010433
6.4323363E-07,-0.010431
6.4328363E-07,-0.010429
6.4333363E-07,-0.010426
6.4338363E-07,-0.010424
6.4343363E-07,-0.010421
6.4348363E-07,-0.010418
6.4353363E-07,-0.010416
6.4358363E-07,-0.010414
6.4363363E-07,-0.010414
6.4368363E-07,-0.010414
6.4373363E-07,-0.010415
6.4378363E-07,-0.010418
6.4383363E-07,-0.010423
6.4388363E-07,-0.010429
6.4393363E-07,-0.010437
6.4398363E-07,-0.010447
6.4403363E-07,-0.010458
6.4408363E-07,-0.010471
6.4413363E-07,-0.010485
6.4418363E-07,-0.010500
6.4423363E-07,-0.010516
6.4428363E-07,-0.010531
6.4433363E-07,-0.010547
6.4438363E-07,-0.010562
6.4443363E-07,-0.010576
6.4448363E-07,-0.010588
6.4453363E-07,-0.010600
6.4458363E-07,-0.010609
6.4463363E-07,-0.010617
6.4468363E-07,-0.010623
6.4473363E-07,-0.010628
6.4478363E-07,-0.010630
6.4483363E-07,-0.010631
6.4488363E-07,-0.010631
6.4493363E-07,-0.010629
6.4498363E-07,-0.010627
6.4503363E-07,-0.010624
6.4508363E-07,-0.010621
6.4513363E-07,-0.010617
6.4518363E-07,-0.010613
6.4523363E-07,-0.010610
6.4528363E-07,-0.010606
6.4533363E-07,-0.010603
6.4538363E-07,-0.010600
6.4543363E-07,-0.010598
6.4548363E-07,-0.010595
6.4553363E-07,-0.010592
6.4558363E-07,-0.010589
6.4563363E-07,-0.010585
6.4568363E-07,-0.010581
6.4573363E-07,-0.010576
6.4578363E-07,-0.010569
6.4583363E-07,-0.010562
6.4588363E-07,-0.010554
6.4593363E-07,-0.010544
6.4598363E-07,-0.010533
6.4603363E-07,-0.010522
6.4608363E-07,-0.010509
6.4613363E-07,-0.010496
6.4618363E-07,-0.010483
6.4623363E-07,-0.010470
6.4628363E-07,-0.010457
6.4633363E-07,-0.010444
6.4638363E-07,-0.010432
6.4643363E-07,-0.010422
6.4648363E-07,-0.010412
6.4653363E-07,-0.010404
6.4658363E-07,-0.010398
6.4663363E-07,-0.010394
6.4668363E-07,-0.010391
6.4673363E-07,-0.010390
6.4678363E-07,-0.010391
6.4683363E-07,-0.010393
6.4688363E-07,-0.010397
6.4693363E-07,-0.010402
6.4698363E-07,-0.010408
6.4703363E-07,-0.010414
6.4708363E-07,-0.010421
6.4713363E-07,-0.010428
6.4718363E-07,-0.010435
6.4723363E-07,-0.010442
6.4728363E-07,-0.010448
6.4733363E-07,-0.010453
6.4738363E-07,-0.010458
6.4743363E-07,-0.010462
6.4748363E-07,-0.010465
6.4753363E-07,-0.010467
6.4758363E-07,-0.010469
6.4763363E-07,-0.010470
6.4768363E-07,-0.010471
6.4773363E-07,-0.010471
6.4778363E-07,-0.010471
6.4783363E-07,-0.010471
6.4788363E-07,-0.010471
6.4793363E-07,-0.010471
6.4798363E-07,-0.010472
6.4803363E-07,-0.010472
6.4808363E-07,-0.010473
6.4813363E-07,-0.010475
6.4818363E-07,-0.010476
6.4823363E-07,-0.010478
6.4828363E-07,-0.010479
6.4833363E-07,-0.010480
6.4838363E-07,-0.010481
6.4843363E-07,-0.010480
6.4848363E-07,-0.010479
6.4853363E-07,-0.010477
6.4858363E-07,-0.010474
6.4863363E-07,-0.010470
6.4868363E-07,-0.010465
6.4873363E-07,-0.010458
6.4878363E-07,-0.010450
6.4883363E-07,-0.010441
6.4888363E-07,-0.010432
6.4893363E-07,-0.010422
6.4898363E-07,-0.010412
6.4903363E-07,-0.010401
6.4908363E-07,-0.010391
6.4913363E-07,-0.010381
6.4918363E-07,-0.010372
6.4923363E-07,-0.010364
6.4928363E-07,-0.010358
6.4933363E-07,-0.010352
6.4938363E-07,-0.010348
6.4943363E-07,-0.010345
6.4948363E-07,-0.010342
6.4953363E-07,-0.010341
6.4958363E-07,-0.010341
6.4963363E-07,-0.010341
6.4968363E-07,-0.010342
6.4973363E-07,-0.010342
6.4978363E-07,-0.010343
6.4983363E-07,-0.010343
6.4988363E-07,-0.010342
6.4993363E-07,-0.010340
6.4998363E-07,-0.010337
6.5003363E-07,-0.010334
6.5008363E-07,-0.010330
6.5013363E-07,-0.010325
6.5018363E-07,-0.010320
6.5023363E-07,-0.010315
6.5028363E-07,-0.010310
6.5033363E-07,-0.010306
6.5038363E-07,-0.010302
6.5043363E-07,-0.010301
6.5048363E-07,-0.010301
6.5053363E-07,-0.010303
6.5058363E-07,-0.010307
6.5063363E-07,-0.010314
6.5068363E-07,-0.010323
6.5073363E-07,-0.010335
6.5078363E-07,-0.010348
6.5083363E-07,-0.010364
6.5088363E-07,-0.010381
6.5093363E-07,-0.010399
6.5098363E-07,-0.010418
6.5103363E-07,-0.010438
6.5108363E-07,-0.010456
6.5113363E-07,-0.010475
6.5118363E-07,-0.010491
6.5123363E-07,-0.010506
6.5128363E-07,-0.010519
6.5133363E-07,-0.010530
6.5138363E-07,-0.010538
6.5143363E-07,-0.010544
6.5148363E-07,-0.010548
6.5153363E-07,-0.010549
6.5158363E-07,-0.010548
6.5163363E-07,-0.010545
6.5168363E-07,-0.010540
6.5173363E-07,-0.010535
6.5178363E-07,-0.010528
6.5183363E-07,-0.010521
6.5188363E-07,-0.010514
6.5193363E-07,-0.010507
6.5198363E-07,-0.010499
6.5203363E-07,-0.010492
6.5208363E-07,-0.010486
6.5213363E-07,-0.010479
6.5218363E-07,-0.010473
6.5223363E-07,-0.010467
6.5228363E-07,-0.010460
6.5233363E-07,-0.010454
6.5238363E-07,-0.010447
6.5243363E-07,-0.010439
6.5248363E-07,-0.010431
6.5253363E-07,-0.010421
6.5258363E-07,-0.010412
6.5263363E-07,-0.010401
6.5268363E-07,-0.010390
6.5273363E-07,-0.010378
6.5278363E-07,-0.010366
6.5283363E-07,-0.010354
6.5288363E-07,-0.010342
6.5293363E-07,-0.010330
6.5298363E-07,-0.010320
6.5303363E-07,-0.010311
6.5308363E-07,-0.010302
6.5313363E-07,-0.010296
6.5318363E-07,-0.010290
6.5323363E-07,-0.010287
6.5328363E-07,-0.010284
6.5333363E-07,-0.010283
6.5338363E-07,-0.010282
6.5343363E-07,-0.010282
6.5348363E-07,-0.010282
6.5353363E-07,-0.010281
6.5358363E-07,-0.010278
6.5363363E-07,-0.010274
6.5368363E-07,-0.010267
6.5373363E-07,-0.010256
6.5378363E-07,-0.010242
6.5383363E-07,-0.010224
6.5388363E-07,-0.010201
6.5393363E-07,-0.010173
6.5398363E-07,-0.010140
6.5403363E-07,-0.010102
6.5408363E-07,-0.010058
6.5413363E-07,-0.010010
6.5418363E-07,-0.009958
6.5423363E-07,-0.009901
6.5428363E-07,-0.009841
6.5433363E-07,-0.009779
6.5438363E-07,-0.009715
