LECROYWaveRunner‘N,20113,Waveform
Segments,1,SegmentSize,4002
Segment,TrigTime,TimeSinceSegment1
#1,12-Dec-2018 11:39:15,0                 
Time,Ampl
4.5690025E-07,-0.010416
4.5695025E-07,-0.010422
4.5700025E-07,-0.010428
4.5705025E-07,-0.010434
4.5710025E-07,-0.010440
4.5715025E-07,-0.010445
4.5720025E-07,-0.010450
4.5725025E-07,-0.010454
4.5730025E-07,-0.010458
4.5735025E-07,-0.010461
4.5740025E-07,-0.010464
4.5745025E-07,-0.010466
4.5750025E-07,-0.010467
4.5755025E-07,-0.010468
4.5760025E-07,-0.010469
4.5765025E-07,-0.010469
4.5770025E-07,-0.010469
4.5775025E-07,-0.010469
4.5780025E-07,-0.010468
4.5785025E-07,-0.010467
4.5790025E-07,-0.010467
4.5795025E-07,-0.010466
4.5800025E-07,-0.010465
4.5805025E-07,-0.010463
4.5810025E-07,-0.010462
4.5815025E-07,-0.010461
4.5820025E-07,-0.010459
4.5825025E-07,-0.010457
4.5830025E-07,-0.010455
4.5835025E-07,-0.010453
4.5840025E-07,-0.010450
4.5845025E-07,-0.010446
4.5850025E-07,-0.010442
4.5855025E-07,-0.010438
4.5860025E-07,-0.010433
4.5865025E-07,-0.010427
4.5870025E-07,-0.010422
4.5875025E-07,-0.010415
4.5880025E-07,-0.010409
4.5885025E-07,-0.010402
4.5890025E-07,-0.010396
4.5895025E-07,-0.010389
4.5900025E-07,-0.010382
4.5905025E-07,-0.010376
4.5910025E-07,-0.010369
4.5915025E-07,-0.010363
4.5920025E-07,-0.010357
4.5925025E-07,-0.010351
4.5930025E-07,-0.010346
4.5935025E-07,-0.010340
4.5940025E-07,-0.010335
4.5945025E-07,-0.010329
4.5950025E-07,-0.010323
4.5955025E-07,-0.010317
4.5960025E-07,-0.010311
4.5965025E-07,-0.010304
4.5970025E-07,-0.010297
4.5975025E-07,-0.010289
4.5980025E-07,-0.010281
4.5985025E-07,-0.010272
4.5990025E-07,-0.010264
4.5995025E-07,-0.010254
4.6000025E-07,-0.010245
4.6005025E-07,-0.010236
4.6010025E-07,-0.010227
4.6015025E-07,-0.010219
4.6020025E-07,-0.010212
4.6025025E-07,-0.010205
4.6030025E-07,-0.010199
4.6035025E-07,-0.010194
4.6040025E-07,-0.010191
4.6045025E-07,-0.010189
4.6050025E-07,-0.010189
4.6055025E-07,-0.010189
4.6060025E-07,-0.010191
4.6065025E-07,-0.010195
4.6070025E-07,-0.010199
4.6075025E-07,-0.010205
4.6080025E-07,-0.010211
4.6085025E-07,-0.010218
4.6090025E-07,-0.010225
4.6095025E-07,-0.010232
4.6100025E-07,-0.010240
4.6105025E-07,-0.010247
4.6110025E-07,-0.010254
4.6115025E-07,-0.010261
4.6120025E-07,-0.010267
4.6125025E-07,-0.010272
4.6130025E-07,-0.010277
4.6135025E-07,-0.010282
4.6140025E-07,-0.010286
4.6145025E-07,-0.010289
4.6150025E-07,-0.010292
4.6155025E-07,-0.010295
4.6160025E-07,-0.010297
4.6165025E-07,-0.010299
4.6170025E-07,-0.010301
4.6175025E-07,-0.010303
4.6180025E-07,-0.010306
4.6185025E-07,-0.010308
4.6190025E-07,-0.010310
4.6195025E-07,-0.010313
4.6200025E-07,-0.010316
4.6205025E-07,-0.010318
4.6210025E-07,-0.010321
4.6215025E-07,-0.010324
4.6220025E-07,-0.010327
4.6225025E-07,-0.010329
4.6230025E-07,-0.010332
4.6235025E-07,-0.010334
4.6240025E-07,-0.010335
4.6245025E-07,-0.010336
4.6250025E-07,-0.010336
4.6255025E-07,-0.010335
4.6260025E-07,-0.010334
4.6265025E-07,-0.010331
4.6270025E-07,-0.010328
4.6275025E-07,-0.010324
4.6280025E-07,-0.010319
4.6285025E-07,-0.010314
4.6290025E-07,-0.010307
4.6295025E-07,-0.010300
4.6300025E-07,-0.010293
4.6305025E-07,-0.010286
4.6310025E-07,-0.010278
4.6315025E-07,-0.010270
4.6320025E-07,-0.010263
4.6325025E-07,-0.010255
4.6330025E-07,-0.010248
4.6335025E-07,-0.010242
4.6340025E-07,-0.010236
4.6345025E-07,-0.010231
4.6350025E-07,-0.010226
4.6355025E-07,-0.010222
4.6360025E-07,-0.010219
4.6365025E-07,-0.010216
4.6370025E-07,-0.010213
4.6375025E-07,-0.010212
4.6380025E-07,-0.010210
4.6385025E-07,-0.010209
4.6390025E-07,-0.010208
4.6395025E-07,-0.010208
4.6400025E-07,-0.010207
4.6405025E-07,-0.010207
4.6410025E-07,-0.010206
4.6415025E-07,-0.010206
4.6420025E-07,-0.010206
4.6425025E-07,-0.010207
4.6430025E-07,-0.010208
4.6435025E-07,-0.010209
4.6440025E-07,-0.010211
4.6445025E-07,-0.010214
4.6450025E-07,-0.010218
4.6455025E-07,-0.010222
4.6460025E-07,-0.010228
4.6465025E-07,-0.010234
4.6470025E-07,-0.010242
4.6475025E-07,-0.010251
4.6480025E-07,-0.010260
4.6485025E-07,-0.010270
4.6490025E-07,-0.010280
4.6495025E-07,-0.010291
4.6500025E-07,-0.010302
4.6505025E-07,-0.010312
4.6510025E-07,-0.010322
4.6515025E-07,-0.010331
4.6520025E-07,-0.010339
4.6525025E-07,-0.010345
4.6530025E-07,-0.010350
4.6535025E-07,-0.010353
4.6540025E-07,-0.010355
4.6545025E-07,-0.010354
4.6550025E-07,-0.010352
4.6555025E-07,-0.010349
4.6560025E-07,-0.010343
4.6565025E-07,-0.010337
4.6570025E-07,-0.010329
4.6575025E-07,-0.010321
4.6580025E-07,-0.010312
4.6585025E-07,-0.010304
4.6590025E-07,-0.010295
4.6595025E-07,-0.010286
4.6600025E-07,-0.010279
4.6605025E-07,-0.010272
4.6610025E-07,-0.010266
4.6615025E-07,-0.010261
4.6620025E-07,-0.010257
4.6625025E-07,-0.010255
4.6630025E-07,-0.010253
4.6635025E-07,-0.010253
4.6640025E-07,-0.010254
4.6645025E-07,-0.010256
4.6650025E-07,-0.010258
4.6655025E-07,-0.010261
4.6660025E-07,-0.010264
4.6665025E-07,-0.010268
4.6670025E-07,-0.010273
4.6675025E-07,-0.010277
4.6680025E-07,-0.010282
4.6685025E-07,-0.010286
4.6690025E-07,-0.010291
4.6695025E-07,-0.010297
4.6700025E-07,-0.010302
4.6705025E-07,-0.010308
4.6710025E-07,-0.010313
4.6715025E-07,-0.010320
4.6720025E-07,-0.010326
4.6725025E-07,-0.010333
4.6730025E-07,-0.010340
4.6735025E-07,-0.010347
4.6740025E-07,-0.010353
4.6745025E-07,-0.010360
4.6750025E-07,-0.010367
4.6755025E-07,-0.010373
4.6760025E-07,-0.010378
4.6765025E-07,-0.010383
4.6770025E-07,-0.010387
4.6775025E-07,-0.010389
4.6780025E-07,-0.010391
4.6785025E-07,-0.010391
4.6790025E-07,-0.010390
4.6795025E-07,-0.010387
4.6800025E-07,-0.010383
4.6805025E-07,-0.010378
4.6810025E-07,-0.010372
4.6815025E-07,-0.010366
4.6820025E-07,-0.010358
4.6825025E-07,-0.010350
4.6830025E-07,-0.010342
4.6835025E-07,-0.010334
4.6840025E-07,-0.010326
4.6845025E-07,-0.010318
4.6850025E-07,-0.010311
4.6855025E-07,-0.010304
4.6860025E-07,-0.010298
4.6865025E-07,-0.010292
4.6870025E-07,-0.010288
4.6875025E-07,-0.010284
4.6880025E-07,-0.010280
4.6885025E-07,-0.010277
4.6890025E-07,-0.010275
4.6895025E-07,-0.010273
4.6900025E-07,-0.010272
4.6905025E-07,-0.010270
4.6910025E-07,-0.010269
4.6915025E-07,-0.010269
4.6920025E-07,-0.010268
4.6925025E-07,-0.010268
4.6930025E-07,-0.010268
4.6935025E-07,-0.010268
4.6940025E-07,-0.010268
4.6945025E-07,-0.010270
4.6950025E-07,-0.010271
4.6955025E-07,-0.010273
4.6960025E-07,-0.010276
4.6965025E-07,-0.010280
4.6970025E-07,-0.010284
4.6975025E-07,-0.010290
4.6980025E-07,-0.010295
4.6985025E-07,-0.010302
4.6990025E-07,-0.010309
4.6995025E-07,-0.010316
4.7000025E-07,-0.010324
4.7005025E-07,-0.010332
4.7010025E-07,-0.010339
4.7015025E-07,-0.010347
4.7020025E-07,-0.010354
4.7025025E-07,-0.010360
4.7030025E-07,-0.010366
4.7035025E-07,-0.010371
4.7040025E-07,-0.010374
4.7045025E-07,-0.010377
4.7050025E-07,-0.010379
4.7055025E-07,-0.010380
4.7060025E-07,-0.010380
4.7065025E-07,-0.010379
4.7070025E-07,-0.010377
4.7075025E-07,-0.010375
4.7080025E-07,-0.010372
4.7085025E-07,-0.010368
4.7090025E-07,-0.010364
4.7095025E-07,-0.010360
4.7100025E-07,-0.010356
4.7105025E-07,-0.010352
4.7110025E-07,-0.010347
4.7115025E-07,-0.010343
4.7120025E-07,-0.010339
4.7125025E-07,-0.010335
4.7130025E-07,-0.010332
4.7135025E-07,-0.010328
4.7140025E-07,-0.010325
4.7145025E-07,-0.010321
4.7150025E-07,-0.010318
4.7155025E-07,-0.010314
4.7160025E-07,-0.010311
4.7165025E-07,-0.010307
4.7170025E-07,-0.010303
4.7175025E-07,-0.010299
4.7180025E-07,-0.010294
4.7185025E-07,-0.010289
4.7190025E-07,-0.010284
4.7195025E-07,-0.010279
4.7200025E-07,-0.010274
4.7205025E-07,-0.010268
4.7210025E-07,-0.010263
4.7215025E-07,-0.010258
4.7220025E-07,-0.010254
4.7225025E-07,-0.010250
4.7230025E-07,-0.010247
4.7235025E-07,-0.010245
4.7240025E-07,-0.010244
4.7245025E-07,-0.010244
4.7250025E-07,-0.010246
4.7255025E-07,-0.010249
4.7260025E-07,-0.010253
4.7265025E-07,-0.010259
4.7270025E-07,-0.010267
4.7275025E-07,-0.010276
4.7280025E-07,-0.010287
4.7285025E-07,-0.010299
4.7290025E-07,-0.010311
4.7295025E-07,-0.010325
4.7300025E-07,-0.010339
4.7305025E-07,-0.010354
4.7310025E-07,-0.010368
4.7315025E-07,-0.010383
4.7320025E-07,-0.010397
4.7325025E-07,-0.010410
4.7330025E-07,-0.010422
4.7335025E-07,-0.010433
4.7340025E-07,-0.010443
4.7345025E-07,-0.010452
4.7350025E-07,-0.010459
4.7355025E-07,-0.010464
4.7360025E-07,-0.010468
4.7365025E-07,-0.010471
4.7370025E-07,-0.010472
4.7375025E-07,-0.010472
4.7380025E-07,-0.010472
4.7385025E-07,-0.010470
4.7390025E-07,-0.010467
4.7395025E-07,-0.010464
4.7400025E-07,-0.010460
4.7405025E-07,-0.010455
4.7410025E-07,-0.010451
4.7415025E-07,-0.010445
4.7420025E-07,-0.010440
4.7425025E-07,-0.010433
4.7430025E-07,-0.010427
4.7435025E-07,-0.010420
4.7440025E-07,-0.010412
4.7445025E-07,-0.010404
4.7450025E-07,-0.010395
4.7455025E-07,-0.010385
4.7460025E-07,-0.010374
4.7465025E-07,-0.010363
4.7470025E-07,-0.010351
4.7475025E-07,-0.010339
4.7480025E-07,-0.010326
4.7485025E-07,-0.010313
4.7490025E-07,-0.010300
4.7495025E-07,-0.010287
4.7500025E-07,-0.010274
4.7505025E-07,-0.010261
4.7510025E-07,-0.010249
4.7515025E-07,-0.010238
4.7520025E-07,-0.010227
4.7525025E-07,-0.010218
4.7530025E-07,-0.010209
4.7535025E-07,-0.010201
4.7540025E-07,-0.010194
4.7545025E-07,-0.010188
4.7550025E-07,-0.010182
4.7555025E-07,-0.010177
4.7560025E-07,-0.010173
4.7565025E-07,-0.010168
4.7570025E-07,-0.010164
4.7575025E-07,-0.010159
4.7580025E-07,-0.010154
4.7585025E-07,-0.010149
4.7590025E-07,-0.010143
4.7595025E-07,-0.010136
4.7600025E-07,-0.010129
4.7605025E-07,-0.010121
4.7610025E-07,-0.010112
4.7615025E-07,-0.010103
4.7620025E-07,-0.010093
4.7625025E-07,-0.010083
4.7630025E-07,-0.010073
4.7635025E-07,-0.010063
4.7640025E-07,-0.010053
4.7645025E-07,-0.010044
4.7650025E-07,-0.010036
4.7655025E-07,-0.010029
4.7660025E-07,-0.010022
4.7665025E-07,-0.010017
4.7670025E-07,-0.010014
4.7675025E-07,-0.010012
4.7680025E-07,-0.010012
4.7685025E-07,-0.010013
4.7690025E-07,-0.010016
4.7695025E-07,-0.010021
4.7700025E-07,-0.010028
4.7705025E-07,-0.010036
4.7710025E-07,-0.010046
4.7715025E-07,-0.010057
4.7720025E-07,-0.010070
4.7725025E-07,-0.010084
4.7730025E-07,-0.010100
4.7735025E-07,-0.010116
4.7740025E-07,-0.010134
4.7745025E-07,-0.010152
4.7750025E-07,-0.010171
4.7755025E-07,-0.010190
4.7760025E-07,-0.010210
4.7765025E-07,-0.010230
4.7770025E-07,-0.010251
4.7775025E-07,-0.010271
4.7780025E-07,-0.010291
4.7785025E-07,-0.010311
4.7790025E-07,-0.010330
4.7795025E-07,-0.010349
4.7800025E-07,-0.010367
4.7805025E-07,-0.010385
4.7810025E-07,-0.010401
4.7815025E-07,-0.010416
4.7820025E-07,-0.010430
4.7825025E-07,-0.010442
4.7830025E-07,-0.010453
4.7835025E-07,-0.010462
4.7840025E-07,-0.010469
4.7845025E-07,-0.010475
4.7850025E-07,-0.010478
4.7855025E-07,-0.010480
4.7860025E-07,-0.010479
4.7865025E-07,-0.010476
4.7870025E-07,-0.010471
4.7875025E-07,-0.010464
4.7880025E-07,-0.010455
4.7885025E-07,-0.010444
4.7890025E-07,-0.010431
4.7895025E-07,-0.010417
4.7900025E-07,-0.010400
4.7905025E-07,-0.010383
4.7910025E-07,-0.010365
4.7915025E-07,-0.010346
4.7920025E-07,-0.010326
4.7925025E-07,-0.010306
4.7930025E-07,-0.010286
4.7935025E-07,-0.010267
4.7940025E-07,-0.010247
4.7945025E-07,-0.010229
4.7950025E-07,-0.010211
4.7955025E-07,-0.010195
4.7960025E-07,-0.010179
4.7965025E-07,-0.010165
4.7970025E-07,-0.010152
4.7975025E-07,-0.010140
4.7980025E-07,-0.010130
4.7985025E-07,-0.010120
4.7990025E-07,-0.010112
4.7995025E-07,-0.010104
4.8000025E-07,-0.010097
4.8005025E-07,-0.010092
4.8010025E-07,-0.010086
4.8015025E-07,-0.010081
4.8020025E-07,-0.010077
4.8025025E-07,-0.010073
4.8030025E-07,-0.010070
4.8035025E-07,-0.010067
4.8040025E-07,-0.010064
4.8045025E-07,-0.010063
4.8050025E-07,-0.010061
4.8055025E-07,-0.010060
4.8060025E-07,-0.010060
4.8065025E-07,-0.010061
4.8070025E-07,-0.010063
4.8075025E-07,-0.010065
4.8080025E-07,-0.010068
4.8085025E-07,-0.010072
4.8090025E-07,-0.010077
4.8095025E-07,-0.010083
4.8100025E-07,-0.010089
4.8105025E-07,-0.010095
4.8110025E-07,-0.010101
4.8115025E-07,-0.010107
4.8120025E-07,-0.010113
4.8125025E-07,-0.010118
4.8130025E-07,-0.010123
4.8135025E-07,-0.010126
4.8140025E-07,-0.010129
4.8145025E-07,-0.010130
4.8150025E-07,-0.010131
4.8155025E-07,-0.010130
4.8160025E-07,-0.010128
4.8165025E-07,-0.010125
4.8170025E-07,-0.010121
4.8175025E-07,-0.010116
4.8180025E-07,-0.010111
4.8185025E-07,-0.010106
4.8190025E-07,-0.010101
4.8195025E-07,-0.010096
4.8200025E-07,-0.010091
4.8205025E-07,-0.010088
4.8210025E-07,-0.010085
4.8215025E-07,-0.010083
4.8220025E-07,-0.010082
4.8225025E-07,-0.010082
4.8230025E-07,-0.010083
4.8235025E-07,-0.010086
4.8240025E-07,-0.010089
4.8245025E-07,-0.010094
4.8250025E-07,-0.010099
4.8255025E-07,-0.010105
4.8260025E-07,-0.010110
4.8265025E-07,-0.010116
4.8270025E-07,-0.010122
4.8275025E-07,-0.010128
4.8280025E-07,-0.010134
4.8285025E-07,-0.010139
4.8290025E-07,-0.010143
4.8295025E-07,-0.010147
4.8300025E-07,-0.010150
4.8305025E-07,-0.010152
4.8310025E-07,-0.010154
4.8315025E-07,-0.010155
4.8320025E-07,-0.010156
4.8325025E-07,-0.010156
4.8330025E-07,-0.010156
4.8335025E-07,-0.010156
4.8340025E-07,-0.010156
4.8345025E-07,-0.010156
4.8350025E-07,-0.010156
4.8355025E-07,-0.010156
4.8360025E-07,-0.010157
4.8365025E-07,-0.010158
4.8370025E-07,-0.010159
4.8375025E-07,-0.010161
4.8380025E-07,-0.010163
4.8385025E-07,-0.010165
4.8390025E-07,-0.010168
4.8395025E-07,-0.010171
4.8400025E-07,-0.010174
4.8405025E-07,-0.010178
4.8410025E-07,-0.010182
4.8415025E-07,-0.010186
4.8420025E-07,-0.010191
4.8425025E-07,-0.010195
4.8430025E-07,-0.010200
4.8435025E-07,-0.010206
4.8440025E-07,-0.010211
4.8445025E-07,-0.010216
4.8450025E-07,-0.010222
4.8455025E-07,-0.010227
4.8460025E-07,-0.010233
4.8465025E-07,-0.010238
4.8470025E-07,-0.010243
4.8475025E-07,-0.010248
4.8480025E-07,-0.010252
4.8485025E-07,-0.010256
4.8490025E-07,-0.010259
4.8495025E-07,-0.010262
4.8500025E-07,-0.010264
4.8505025E-07,-0.010266
4.8510025E-07,-0.010266
4.8515025E-07,-0.010266
4.8520025E-07,-0.010266
4.8525025E-07,-0.010264
4.8530025E-07,-0.010263
4.8535025E-07,-0.010260
4.8540025E-07,-0.010258
4.8545025E-07,-0.010255
4.8550025E-07,-0.010252
4.8555025E-07,-0.010249
4.8560025E-07,-0.010247
4.8565025E-07,-0.010244
4.8570025E-07,-0.010242
4.8575025E-07,-0.010241
4.8580025E-07,-0.010240
4.8585025E-07,-0.010240
4.8590025E-07,-0.010241
4.8595025E-07,-0.010243
4.8600025E-07,-0.010246
4.8605025E-07,-0.010250
4.8610025E-07,-0.010255
4.8615025E-07,-0.010261
4.8620025E-07,-0.010268
4.8625025E-07,-0.010276
4.8630025E-07,-0.010285
4.8635025E-07,-0.010294
4.8640025E-07,-0.010304
4.8645025E-07,-0.010315
4.8650025E-07,-0.010327
4.8655025E-07,-0.010338
4.8660025E-07,-0.010350
4.8665025E-07,-0.010363
4.8670025E-07,-0.010375
4.8675025E-07,-0.010387
4.8680025E-07,-0.010399
4.8685025E-07,-0.010411
4.8690025E-07,-0.010423
4.8695025E-07,-0.010434
4.8700025E-07,-0.010445
4.8705025E-07,-0.010456
4.8710025E-07,-0.010466
4.8715025E-07,-0.010475
4.8720025E-07,-0.010484
4.8725025E-07,-0.010493
4.8730025E-07,-0.010500
4.8735025E-07,-0.010508
4.8740025E-07,-0.010514
4.8745025E-07,-0.010520
4.8750025E-07,-0.010526
4.8755025E-07,-0.010530
4.8760025E-07,-0.010534
4.8765025E-07,-0.010537
4.8770025E-07,-0.010539
4.8775025E-07,-0.010540
4.8780025E-07,-0.010540
4.8785025E-07,-0.010539
4.8790025E-07,-0.010536
4.8795025E-07,-0.010533
4.8800025E-07,-0.010528
4.8805025E-07,-0.010522
4.8810025E-07,-0.010515
4.8815025E-07,-0.010507
4.8820025E-07,-0.010498
4.8825025E-07,-0.010488
4.8830025E-07,-0.010478
4.8835025E-07,-0.010467
4.8840025E-07,-0.010456
4.8845025E-07,-0.010446
4.8850025E-07,-0.010435
4.8855025E-07,-0.010425
4.8860025E-07,-0.010416
4.8865025E-07,-0.010407
4.8870025E-07,-0.010400
4.8875025E-07,-0.010393
4.8880025E-07,-0.010387
4.8885025E-07,-0.010382
4.8890025E-07,-0.010377
4.8895025E-07,-0.010374
4.8900025E-07,-0.010370
4.8905025E-07,-0.010367
4.8910025E-07,-0.010364
4.8915025E-07,-0.010361
4.8920025E-07,-0.010358
4.8925025E-07,-0.010354
4.8930025E-07,-0.010349
4.8935025E-07,-0.010343
4.8940025E-07,-0.010336
4.8945025E-07,-0.010328
4.8950025E-07,-0.010319
4.8955025E-07,-0.010310
4.8960025E-07,-0.010299
4.8965025E-07,-0.010288
4.8970025E-07,-0.010277
4.8975025E-07,-0.010266
4.8980025E-07,-0.010255
4.8985025E-07,-0.010245
4.8990025E-07,-0.010236
4.8995025E-07,-0.010228
4.9000025E-07,-0.010222
4.9005025E-07,-0.010217
4.9010025E-07,-0.010214
4.9015025E-07,-0.010214
4.9020025E-07,-0.010215
4.9025025E-07,-0.010218
4.9030025E-07,-0.010223
4.9035025E-07,-0.010230
4.9040025E-07,-0.010239
4.9045025E-07,-0.010248
4.9050025E-07,-0.010259
4.9055025E-07,-0.010270
4.9060025E-07,-0.010282
4.9065025E-07,-0.010294
4.9070025E-07,-0.010306
4.9075025E-07,-0.010317
4.9080025E-07,-0.010328
4.9085025E-07,-0.010338
4.9090025E-07,-0.010347
4.9095025E-07,-0.010356
4.9100025E-07,-0.010363
4.9105025E-07,-0.010369
4.9110025E-07,-0.010374
4.9115025E-07,-0.010378
4.9120025E-07,-0.010381
4.9125025E-07,-0.010384
4.9130025E-07,-0.010385
4.9135025E-07,-0.010387
4.9140025E-07,-0.010388
4.9145025E-07,-0.010388
4.9150025E-07,-0.010388
4.9155025E-07,-0.010388
4.9160025E-07,-0.010388
4.9165025E-07,-0.010388
4.9170025E-07,-0.010387
4.9175025E-07,-0.010387
4.9180025E-07,-0.010386
4.9185025E-07,-0.010385
4.9190025E-07,-0.010384
4.9195025E-07,-0.010383
4.9200025E-07,-0.010381
4.9205025E-07,-0.010379
4.9210025E-07,-0.010377
4.9215025E-07,-0.010374
4.9220025E-07,-0.010371
4.9225025E-07,-0.010368
4.9230025E-07,-0.010365
4.9235025E-07,-0.010361
4.9240025E-07,-0.010358
4.9245025E-07,-0.010355
4.9250025E-07,-0.010351
4.9255025E-07,-0.010348
4.9260025E-07,-0.010345
4.9265025E-07,-0.010342
4.9270025E-07,-0.010339
4.9275025E-07,-0.010337
4.9280025E-07,-0.010335
4.9285025E-07,-0.010334
4.9290025E-07,-0.010333
4.9295025E-07,-0.010332
4.9300025E-07,-0.010332
4.9305025E-07,-0.010332
4.9310025E-07,-0.010333
4.9315025E-07,-0.010333
4.9320025E-07,-0.010334
4.9325025E-07,-0.010335
4.9330025E-07,-0.010337
4.9335025E-07,-0.010338
4.9340025E-07,-0.010339
4.9345025E-07,-0.010341
4.9350025E-07,-0.010342
4.9355025E-07,-0.010344
4.9360025E-07,-0.010345
4.9365025E-07,-0.010346
4.9370025E-07,-0.010348
4.9375025E-07,-0.010349
4.9380025E-07,-0.010350
4.9385025E-07,-0.010352
4.9390025E-07,-0.010354
4.9395025E-07,-0.010355
4.9400025E-07,-0.010357
4.9405025E-07,-0.010360
4.9410025E-07,-0.010363
4.9415025E-07,-0.010366
4.9420025E-07,-0.010369
4.9425025E-07,-0.010373
4.9430025E-07,-0.010378
4.9435025E-07,-0.010383
4.9440025E-07,-0.010388
4.9445025E-07,-0.010394
4.9450025E-07,-0.010401
4.9455025E-07,-0.010408
4.9460025E-07,-0.010415
4.9465025E-07,-0.010424
4.9470025E-07,-0.010433
4.9475025E-07,-0.010443
4.9480025E-07,-0.010453
4.9485025E-07,-0.010464
4.9490025E-07,-0.010477
4.9495025E-07,-0.010491
4.9500025E-07,-0.010505
4.9505025E-07,-0.010522
4.9510025E-07,-0.010540
4.9515025E-07,-0.010560
4.9520025E-07,-0.010581
4.9525025E-07,-0.010605
4.9530025E-07,-0.010631
4.9535025E-07,-0.010660
4.9540025E-07,-0.010691
4.9545025E-07,-0.010724
4.9550025E-07,-0.010760
4.9555025E-07,-0.010798
4.9560025E-07,-0.010838
4.9565025E-07,-0.010880
4.9570025E-07,-0.010924
4.9575025E-07,-0.010970
4.9580025E-07,-0.011017
4.9585025E-07,-0.011065
4.9590025E-07,-0.011114
4.9595025E-07,-0.011163
4.9600025E-07,-0.011212
4.9605025E-07,-0.011262
4.9610025E-07,-0.011311
4.9615025E-07,-0.011359
4.9620025E-07,-0.011407
4.9625025E-07,-0.011454
4.9630025E-07,-0.011500
4.9635025E-07,-0.011545
4.9640025E-07,-0.011589
4.9645025E-07,-0.011633
4.9650025E-07,-0.011676
4.9655025E-07,-0.011719
4.9660025E-07,-0.011762
4.9665025E-07,-0.011805
4.9670025E-07,-0.011848
4.9675025E-07,-0.011892
4.9680025E-07,-0.011936
4.9685025E-07,-0.011981
4.9690025E-07,-0.012026
4.9695025E-07,-0.012073
4.9700025E-07,-0.012120
4.9705025E-07,-0.012167
4.9710025E-07,-0.012216
4.9715025E-07,-0.012264
4.9720025E-07,-0.012313
4.9725025E-07,-0.012362
4.9730025E-07,-0.012411
4.9735025E-07,-0.012458
4.9740025E-07,-0.012505
4.9745025E-07,-0.012551
4.9750025E-07,-0.012596
4.9755025E-07,-0.012639
4.9760025E-07,-0.012681
4.9765025E-07,-0.012721
4.9770025E-07,-0.012759
4.9775025E-07,-0.012795
4.9780025E-07,-0.012830
4.9785025E-07,-0.012863
4.9790025E-07,-0.012895
4.9795025E-07,-0.012925
4.9800025E-07,-0.012955
4.9805025E-07,-0.012983
4.9810025E-07,-0.013010
4.9815025E-07,-0.013037
4.9820025E-07,-0.013063
4.9825025E-07,-0.013088
4.9830025E-07,-0.013112
4.9835025E-07,-0.013136
4.9840025E-07,-0.013159
4.9845025E-07,-0.013181
4.9850025E-07,-0.013203
4.9855025E-07,-0.013223
4.9860025E-07,-0.013241
4.9865025E-07,-0.013259
4.9870025E-07,-0.013275
4.9875025E-07,-0.013289
4.9880025E-07,-0.013301
4.9885025E-07,-0.013312
4.9890025E-07,-0.013320
4.9895025E-07,-0.013327
4.9900025E-07,-0.013331
4.9905025E-07,-0.013334
4.9910025E-07,-0.013335
4.9915025E-07,-0.013335
4.9920025E-07,-0.013333
4.9925025E-07,-0.013329
4.9930025E-07,-0.013325
4.9935025E-07,-0.013319
4.9940025E-07,-0.013312
4.9945025E-07,-0.013305
4.9950025E-07,-0.013297
4.9955025E-07,-0.013288
4.9960025E-07,-0.013278
4.9965025E-07,-0.013268
4.9970025E-07,-0.013257
4.9975025E-07,-0.013245
4.9980025E-07,-0.013233
4.9985025E-07,-0.013220
4.9990025E-07,-0.013206
4.9995025E-07,-0.013191
5.0000025E-07,-0.013176
5.0005025E-07,-0.013159
5.0010025E-07,-0.013142
5.0015025E-07,-0.013124
5.0020025E-07,-0.013105
5.0025025E-07,-0.013085
5.0030025E-07,-0.013064
5.0035025E-07,-0.013043
5.0040025E-07,-0.013020
5.0045025E-07,-0.012997
5.0050025E-07,-0.012974
5.0055025E-07,-0.012950
5.0060025E-07,-0.012926
5.0065025E-07,-0.012901
5.0070025E-07,-0.012876
5.0075025E-07,-0.012851
5.0080025E-07,-0.012826
5.0085025E-07,-0.012801
5.0090025E-07,-0.012776
5.0095025E-07,-0.012750
5.0100025E-07,-0.012724
5.0105025E-07,-0.012698
5.0110025E-07,-0.012672
5.0115025E-07,-0.012646
5.0120025E-07,-0.012619
5.0125025E-07,-0.012592
5.0130025E-07,-0.012564
5.0135025E-07,-0.012536
5.0140025E-07,-0.012507
5.0145025E-07,-0.012478
5.0150025E-07,-0.012449
5.0155025E-07,-0.012419
5.0160025E-07,-0.012389
5.0165025E-07,-0.012358
5.0170025E-07,-0.012328
5.0175025E-07,-0.012297
5.0180025E-07,-0.012267
5.0185025E-07,-0.012237
5.0190025E-07,-0.012208
5.0195025E-07,-0.012180
5.0200025E-07,-0.012152
5.0205025E-07,-0.012126
5.0210025E-07,-0.012100
5.0215025E-07,-0.012077
5.0220025E-07,-0.012054
5.0225025E-07,-0.012033
5.0230025E-07,-0.012014
5.0235025E-07,-0.011996
5.0240025E-07,-0.011980
5.0245025E-07,-0.011965
5.0250025E-07,-0.011951
5.0255025E-07,-0.011939
5.0260025E-07,-0.011927
5.0265025E-07,-0.011917
5.0270025E-07,-0.011907
5.0275025E-07,-0.011898
5.0280025E-07,-0.011890
5.0285025E-07,-0.011882
5.0290025E-07,-0.011875
5.0295025E-07,-0.011868
5.0300025E-07,-0.011862
5.0305025E-07,-0.011855
5.0310025E-07,-0.011850
5.0315025E-07,-0.011845
5.0320025E-07,-0.011840
5.0325025E-07,-0.011836
5.0330025E-07,-0.011833
5.0335025E-07,-0.011830
5.0340025E-07,-0.011829
5.0345025E-07,-0.011828
5.0350025E-07,-0.011828
5.0355025E-07,-0.011829
5.0360025E-07,-0.011831
5.0365025E-07,-0.011834
5.0370025E-07,-0.011837
5.0375025E-07,-0.011840
5.0380025E-07,-0.011843
5.0385025E-07,-0.011847
5.0390025E-07,-0.011850
5.0395025E-07,-0.011852
5.0400025E-07,-0.011854
5.0405025E-07,-0.011854
5.0410025E-07,-0.011853
5.0415025E-07,-0.011851
5.0420025E-07,-0.011847
5.0425025E-07,-0.011841
5.0430025E-07,-0.011834
5.0435025E-07,-0.011824
5.0440025E-07,-0.011813
5.0445025E-07,-0.011801
5.0450025E-07,-0.011787
5.0455025E-07,-0.011771
5.0460025E-07,-0.011754
5.0465025E-07,-0.011736
5.0470025E-07,-0.011717
5.0475025E-07,-0.011697
5.0480025E-07,-0.011677
5.0485025E-07,-0.011656
5.0490025E-07,-0.011634
5.0495025E-07,-0.011612
5.0500025E-07,-0.011589
5.0505025E-07,-0.011567
5.0510025E-07,-0.011543
5.0515025E-07,-0.011519
5.0520025E-07,-0.011495
5.0525025E-07,-0.011470
5.0530025E-07,-0.011445
5.0535025E-07,-0.011419
5.0540025E-07,-0.011392
5.0545025E-07,-0.011365
5.0550025E-07,-0.011337
5.0555025E-07,-0.011309
5.0560025E-07,-0.011281
5.0565025E-07,-0.011253
5.0570025E-07,-0.011225
5.0575025E-07,-0.011197
5.0580025E-07,-0.011170
5.0585025E-07,-0.011144
5.0590025E-07,-0.011119
5.0595025E-07,-0.011096
5.0600025E-07,-0.011075
5.0605025E-07,-0.011055
5.0610025E-07,-0.011038
5.0615025E-07,-0.011023
5.0620025E-07,-0.011011
5.0625025E-07,-0.011001
5.0630025E-07,-0.010993
5.0635025E-07,-0.010987
5.0640025E-07,-0.010984
5.0645025E-07,-0.010982
5.0650025E-07,-0.010982
5.0655025E-07,-0.010983
5.0660025E-07,-0.010985
5.0665025E-07,-0.010988
5.0670025E-07,-0.010991
5.0675025E-07,-0.010995
5.0680025E-07,-0.010998
5.0685025E-07,-0.011001
5.0690025E-07,-0.011004
5.0695025E-07,-0.011006
5.0700025E-07,-0.011007
5.0705025E-07,-0.011007
5.0710025E-07,-0.011007
5.0715025E-07,-0.011007
5.0720025E-07,-0.011005
5.0725025E-07,-0.011004
5.0730025E-07,-0.011002
5.0735025E-07,-0.011000
5.0740025E-07,-0.010998
5.0745025E-07,-0.010997
5.0750025E-07,-0.010996
5.0755025E-07,-0.010995
5.0760025E-07,-0.010995
5.0765025E-07,-0.010996
5.0770025E-07,-0.010997
5.0775025E-07,-0.011000
5.0780025E-07,-0.011003
5.0785025E-07,-0.011006
5.0790025E-07,-0.011011
5.0795025E-07,-0.011015
5.0800025E-07,-0.011020
5.0805025E-07,-0.011025
5.0810025E-07,-0.011030
5.0815025E-07,-0.011035
5.0820025E-07,-0.011039
5.0825025E-07,-0.011043
5.0830025E-07,-0.011046
5.0835025E-07,-0.011049
5.0840025E-07,-0.011051
5.0845025E-07,-0.011052
5.0850025E-07,-0.011053
5.0855025E-07,-0.011053
5.0860025E-07,-0.011052
5.0865025E-07,-0.011051
5.0870025E-07,-0.011049
5.0875025E-07,-0.011048
5.0880025E-07,-0.011046
5.0885025E-07,-0.011044
5.0890025E-07,-0.011043
5.0895025E-07,-0.011041
5.0900025E-07,-0.011041
5.0905025E-07,-0.011041
5.0910025E-07,-0.011041
5.0915025E-07,-0.011042
5.0920025E-07,-0.011044
5.0925025E-07,-0.011046
5.0930025E-07,-0.011049
5.0935025E-07,-0.011053
5.0940025E-07,-0.011057
5.0945025E-07,-0.011062
5.0950025E-07,-0.011066
5.0955025E-07,-0.011071
5.0960025E-07,-0.011077
5.0965025E-07,-0.011082
5.0970025E-07,-0.011086
5.0975025E-07,-0.011091
5.0980025E-07,-0.011096
5.0985025E-07,-0.011100
5.0990025E-07,-0.011104
5.0995025E-07,-0.011107
5.1000025E-07,-0.011110
5.1005025E-07,-0.011113
5.1010025E-07,-0.011115
5.1015025E-07,-0.011117
5.1020025E-07,-0.011119
5.1025025E-07,-0.011121
5.1030025E-07,-0.011122
5.1035025E-07,-0.011123
5.1040025E-07,-0.011123
5.1045025E-07,-0.011123
5.1050025E-07,-0.011123
5.1055025E-07,-0.011121
5.1060025E-07,-0.011120
5.1065025E-07,-0.011117
5.1070025E-07,-0.011113
5.1075025E-07,-0.011108
5.1080025E-07,-0.011102
5.1085025E-07,-0.011095
5.1090025E-07,-0.011086
5.1095025E-07,-0.011076
5.1100025E-07,-0.011065
5.1105025E-07,-0.011053
5.1110025E-07,-0.011039
5.1115025E-07,-0.011025
5.1120025E-07,-0.011009
5.1125025E-07,-0.010994
5.1130025E-07,-0.010978
5.1135025E-07,-0.010962
5.1140025E-07,-0.010947
5.1145025E-07,-0.010933
5.1150025E-07,-0.010920
5.1155025E-07,-0.010908
5.1160025E-07,-0.010898
5.1165025E-07,-0.010890
5.1170025E-07,-0.010883
5.1175025E-07,-0.010878
5.1180025E-07,-0.010875
5.1185025E-07,-0.010873
5.1190025E-07,-0.010873
5.1195025E-07,-0.010874
5.1200025E-07,-0.010875
5.1205025E-07,-0.010877
5.1210025E-07,-0.010879
5.1215025E-07,-0.010881
5.1220025E-07,-0.010882
5.1225025E-07,-0.010882
5.1230025E-07,-0.010881
5.1235025E-07,-0.010878
5.1240025E-07,-0.010874
5.1245025E-07,-0.010868
5.1250025E-07,-0.010861
5.1255025E-07,-0.010853
5.1260025E-07,-0.010843
5.1265025E-07,-0.010833
5.1270025E-07,-0.010821
5.1275025E-07,-0.010810
5.1280025E-07,-0.010799
5.1285025E-07,-0.010789
5.1290025E-07,-0.010780
5.1295025E-07,-0.010772
5.1300025E-07,-0.010766
5.1305025E-07,-0.010762
5.1310025E-07,-0.010760
5.1315025E-07,-0.010760
5.1320025E-07,-0.010762
5.1325025E-07,-0.010767
5.1330025E-07,-0.010773
5.1335025E-07,-0.010781
5.1340025E-07,-0.010790
5.1345025E-07,-0.010801
5.1350025E-07,-0.010813
5.1355025E-07,-0.010825
5.1360025E-07,-0.010837
5.1365025E-07,-0.010850
5.1370025E-07,-0.010862
5.1375025E-07,-0.010873
5.1380025E-07,-0.010884
5.1385025E-07,-0.010894
5.1390025E-07,-0.010903
5.1395025E-07,-0.010911
5.1400025E-07,-0.010918
5.1405025E-07,-0.010923
5.1410025E-07,-0.010929
5.1415025E-07,-0.010933
5.1420025E-07,-0.010936
5.1425025E-07,-0.010939
5.1430025E-07,-0.010942
5.1435025E-07,-0.010944
5.1440025E-07,-0.010946
5.1445025E-07,-0.010947
5.1450025E-07,-0.010948
5.1455025E-07,-0.010948
5.1460025E-07,-0.010948
5.1465025E-07,-0.010947
5.1470025E-07,-0.010946
5.1475025E-07,-0.010944
5.1480025E-07,-0.010941
5.1485025E-07,-0.010937
5.1490025E-07,-0.010932
5.1495025E-07,-0.010926
5.1500025E-07,-0.010920
5.1505025E-07,-0.010912
5.1510025E-07,-0.010903
5.1515025E-07,-0.010894
5.1520025E-07,-0.010883
5.1525025E-07,-0.010873
5.1530025E-07,-0.010861
5.1535025E-07,-0.010850
5.1540025E-07,-0.010838
5.1545025E-07,-0.010827
5.1550025E-07,-0.010816
5.1555025E-07,-0.010805
5.1560025E-07,-0.010795
5.1565025E-07,-0.010786
5.1570025E-07,-0.010777
5.1575025E-07,-0.010769
5.1580025E-07,-0.010762
5.1585025E-07,-0.010756
5.1590025E-07,-0.010750
5.1595025E-07,-0.010745
5.1600025E-07,-0.010740
5.1605025E-07,-0.010735
5.1610025E-07,-0.010731
5.1615025E-07,-0.010726
5.1620025E-07,-0.010722
5.1625025E-07,-0.010717
5.1630025E-07,-0.010711
5.1635025E-07,-0.010706
5.1640025E-07,-0.010699
5.1645025E-07,-0.010692
5.1650025E-07,-0.010685
5.1655025E-07,-0.010677
5.1660025E-07,-0.010668
5.1665025E-07,-0.010659
5.1670025E-07,-0.010650
5.1675025E-07,-0.010640
5.1680025E-07,-0.010630
5.1685025E-07,-0.010620
5.1690025E-07,-0.010611
5.1695025E-07,-0.010601
5.1700025E-07,-0.010592
5.1705025E-07,-0.010583
5.1710025E-07,-0.010574
5.1715025E-07,-0.010566
5.1720025E-07,-0.010558
5.1725025E-07,-0.010551
5.1730025E-07,-0.010544
5.1735025E-07,-0.010537
5.1740025E-07,-0.010530
5.1745025E-07,-0.010523
5.1750025E-07,-0.010516
5.1755025E-07,-0.010510
5.1760025E-07,-0.010503
5.1765025E-07,-0.010496
5.1770025E-07,-0.010490
5.1775025E-07,-0.010483
5.1780025E-07,-0.010476
5.1785025E-07,-0.010470
5.1790025E-07,-0.010464
5.1795025E-07,-0.010459
5.1800025E-07,-0.010454
5.1805025E-07,-0.010451
5.1810025E-07,-0.010448
5.1815025E-07,-0.010447
5.1820025E-07,-0.010447
5.1825025E-07,-0.010448
5.1830025E-07,-0.010452
5.1835025E-07,-0.010456
5.1840025E-07,-0.010463
5.1845025E-07,-0.010471
5.1850025E-07,-0.010481
5.1855025E-07,-0.010492
5.1860025E-07,-0.010505
5.1865025E-07,-0.010518
5.1870025E-07,-0.010532
5.1875025E-07,-0.010547
5.1880025E-07,-0.010561
5.1885025E-07,-0.010575
5.1890025E-07,-0.010589
5.1895025E-07,-0.010602
5.1900025E-07,-0.010613
5.1905025E-07,-0.010624
5.1910025E-07,-0.010633
5.1915025E-07,-0.010641
5.1920025E-07,-0.010647
5.1925025E-07,-0.010652
5.1930025E-07,-0.010655
5.1935025E-07,-0.010658
5.1940025E-07,-0.010659
5.1945025E-07,-0.010660
5.1950025E-07,-0.010659
5.1955025E-07,-0.010659
5.1960025E-07,-0.010658
5.1965025E-07,-0.010657
5.1970025E-07,-0.010656
5.1975025E-07,-0.010655
5.1980025E-07,-0.010654
5.1985025E-07,-0.010654
5.1990025E-07,-0.010653
5.1995025E-07,-0.010653
5.2000025E-07,-0.010652
5.2005025E-07,-0.010652
5.2010025E-07,-0.010650
5.2015025E-07,-0.010649
5.2020025E-07,-0.010646
5.2025025E-07,-0.010643
5.2030025E-07,-0.010639
5.2035025E-07,-0.010634
5.2040025E-07,-0.010628
5.2045025E-07,-0.010622
5.2050025E-07,-0.010614
5.2055025E-07,-0.010606
5.2060025E-07,-0.010597
5.2065025E-07,-0.010589
5.2070025E-07,-0.010580
5.2075025E-07,-0.010572
5.2080025E-07,-0.010564
5.2085025E-07,-0.010557
5.2090025E-07,-0.010551
5.2095025E-07,-0.010546
5.2100025E-07,-0.010542
5.2105025E-07,-0.010540
5.2110025E-07,-0.010539
5.2115025E-07,-0.010539
5.2120025E-07,-0.010540
5.2125025E-07,-0.010542
5.2130025E-07,-0.010545
5.2135025E-07,-0.010549
5.2140025E-07,-0.010552
5.2145025E-07,-0.010556
5.2150025E-07,-0.010559
5.2155025E-07,-0.010562
5.2160025E-07,-0.010565
5.2165025E-07,-0.010566
5.2170025E-07,-0.010567
5.2175025E-07,-0.010567
5.2180025E-07,-0.010565
5.2185025E-07,-0.010563
5.2190025E-07,-0.010560
5.2195025E-07,-0.010557
5.2200025E-07,-0.010552
5.2205025E-07,-0.010548
5.2210025E-07,-0.010543
5.2215025E-07,-0.010538
5.2220025E-07,-0.010533
5.2225025E-07,-0.010528
5.2230025E-07,-0.010524
5.2235025E-07,-0.010519
5.2240025E-07,-0.010515
5.2245025E-07,-0.010512
5.2250025E-07,-0.010509
5.2255025E-07,-0.010506
5.2260025E-07,-0.010503
5.2265025E-07,-0.010500
5.2270025E-07,-0.010497
5.2275025E-07,-0.010494
5.2280025E-07,-0.010491
5.2285025E-07,-0.010487
5.2290025E-07,-0.010482
5.2295025E-07,-0.010477
5.2300025E-07,-0.010471
5.2305025E-07,-0.010464
5.2310025E-07,-0.010457
5.2315025E-07,-0.010449
5.2320025E-07,-0.010440
5.2325025E-07,-0.010431
5.2330025E-07,-0.010422
5.2335025E-07,-0.010412
5.2340025E-07,-0.010403
5.2345025E-07,-0.010394
5.2350025E-07,-0.010385
5.2355025E-07,-0.010377
5.2360025E-07,-0.010369
5.2365025E-07,-0.010362
5.2370025E-07,-0.010357
5.2375025E-07,-0.010352
5.2380025E-07,-0.010349
5.2385025E-07,-0.010347
5.2390025E-07,-0.010346
5.2395025E-07,-0.010347
5.2400025E-07,-0.010348
5.2405025E-07,-0.010351
5.2410025E-07,-0.010355
5.2415025E-07,-0.010360
5.2420025E-07,-0.010366
5.2425025E-07,-0.010372
5.2430025E-07,-0.010379
5.2435025E-07,-0.010387
5.2440025E-07,-0.010396
5.2445025E-07,-0.010404
5.2450025E-07,-0.010414
5.2455025E-07,-0.010423
5.2460025E-07,-0.010433
5.2465025E-07,-0.010443
5.2470025E-07,-0.010453
5.2475025E-07,-0.010464
5.2480025E-07,-0.010475
5.2485025E-07,-0.010486
5.2490025E-07,-0.010497
5.2495025E-07,-0.010508
5.2500025E-07,-0.010519
5.2505025E-07,-0.010530
5.2510025E-07,-0.010542
5.2515025E-07,-0.010552
5.2520025E-07,-0.010563
5.2525025E-07,-0.010573
5.2530025E-07,-0.010582
5.2535025E-07,-0.010590
5.2540025E-07,-0.010597
5.2545025E-07,-0.010603
5.2550025E-07,-0.010607
5.2555025E-07,-0.010609
5.2560025E-07,-0.010610
5.2565025E-07,-0.010609
5.2570025E-07,-0.010605
5.2575025E-07,-0.010600
5.2580025E-07,-0.010593
5.2585025E-07,-0.010583
5.2590025E-07,-0.010573
5.2595025E-07,-0.010560
5.2600025E-07,-0.010546
5.2605025E-07,-0.010532
5.2610025E-07,-0.010516
5.2615025E-07,-0.010500
5.2620025E-07,-0.010484
5.2625025E-07,-0.010468
5.2630025E-07,-0.010452
5.2635025E-07,-0.010437
5.2640025E-07,-0.010423
5.2645025E-07,-0.010410
5.2650025E-07,-0.010398
5.2655025E-07,-0.010387
5.2660025E-07,-0.010377
5.2665025E-07,-0.010369
5.2670025E-07,-0.010361
5.2675025E-07,-0.010354
5.2680025E-07,-0.010348
5.2685025E-07,-0.010343
5.2690025E-07,-0.010338
5.2695025E-07,-0.010333
5.2700025E-07,-0.010328
5.2705025E-07,-0.010323
5.2710025E-07,-0.010318
5.2715025E-07,-0.010313
5.2720025E-07,-0.010308
5.2725025E-07,-0.010302
5.2730025E-07,-0.010297
5.2735025E-07,-0.010292
5.2740025E-07,-0.010287
5.2745025E-07,-0.010283
5.2750025E-07,-0.010280
5.2755025E-07,-0.010278
5.2760025E-07,-0.010277
5.2765025E-07,-0.010278
5.2770025E-07,-0.010280
5.2775025E-07,-0.010283
5.2780025E-07,-0.010289
5.2785025E-07,-0.010296
5.2790025E-07,-0.010304
5.2795025E-07,-0.010314
5.2800025E-07,-0.010325
5.2805025E-07,-0.010337
5.2810025E-07,-0.010349
5.2815025E-07,-0.010361
5.2820025E-07,-0.010373
5.2825025E-07,-0.010385
5.2830025E-07,-0.010396
5.2835025E-07,-0.010406
5.2840025E-07,-0.010414
5.2845025E-07,-0.010421
5.2850025E-07,-0.010427
5.2855025E-07,-0.010431
5.2860025E-07,-0.010434
5.2865025E-07,-0.010436
5.2870025E-07,-0.010437
5.2875025E-07,-0.010437
5.2880025E-07,-0.010436
5.2885025E-07,-0.010435
5.2890025E-07,-0.010434
5.2895025E-07,-0.010434
5.2900025E-07,-0.010434
5.2905025E-07,-0.010435
5.2910025E-07,-0.010436
5.2915025E-07,-0.010439
5.2920025E-07,-0.010442
5.2925025E-07,-0.010447
5.2930025E-07,-0.010452
5.2935025E-07,-0.010457
5.2940025E-07,-0.010463
5.2945025E-07,-0.010469
5.2950025E-07,-0.010475
5.2955025E-07,-0.010481
5.2960025E-07,-0.010486
5.2965025E-07,-0.010490
5.2970025E-07,-0.010493
5.2975025E-07,-0.010495
5.2980025E-07,-0.010496
5.2985025E-07,-0.010496
5.2990025E-07,-0.010494
5.2995025E-07,-0.010492
5.3000025E-07,-0.010489
5.3005025E-07,-0.010485
5.3010025E-07,-0.010481
5.3015025E-07,-0.010476
5.3020025E-07,-0.010472
5.3025025E-07,-0.010468
5.3030025E-07,-0.010465
5.3035025E-07,-0.010462
5.3040025E-07,-0.010461
5.3045025E-07,-0.010461
5.3050025E-07,-0.010462
5.3055025E-07,-0.010464
5.3060025E-07,-0.010468
5.3065025E-07,-0.010472
5.3070025E-07,-0.010478
5.3075025E-07,-0.010485
5.3080025E-07,-0.010492
5.3085025E-07,-0.010500
5.3090025E-07,-0.010507
5.3095025E-07,-0.010515
5.3100025E-07,-0.010523
5.3105025E-07,-0.010530
5.3110025E-07,-0.010537
5.3115025E-07,-0.010543
5.3120025E-07,-0.010548
5.3125025E-07,-0.010552
5.3130025E-07,-0.010556
5.3135025E-07,-0.010558
5.3140025E-07,-0.010561
5.3145025E-07,-0.010562
5.3150025E-07,-0.010564
5.3155025E-07,-0.010565
5.3160025E-07,-0.010567
5.3165025E-07,-0.010568
5.3170025E-07,-0.010570
5.3175025E-07,-0.010573
5.3180025E-07,-0.010576
5.3185025E-07,-0.010580
5.3190025E-07,-0.010584
5.3195025E-07,-0.010589
5.3200025E-07,-0.010595
5.3205025E-07,-0.010601
5.3210025E-07,-0.010607
5.3215025E-07,-0.010614
5.3220025E-07,-0.010620
5.3225025E-07,-0.010626
5.3230025E-07,-0.010631
5.3235025E-07,-0.010635
5.3240025E-07,-0.010639
5.3245025E-07,-0.010640
5.3250025E-07,-0.010641
5.3255025E-07,-0.010640
5.3260025E-07,-0.010637
5.3265025E-07,-0.010633
5.3270025E-07,-0.010627
5.3275025E-07,-0.010620
5.3280025E-07,-0.010612
5.3285025E-07,-0.010603
5.3290025E-07,-0.010593
5.3295025E-07,-0.010584
5.3300025E-07,-0.010574
5.3305025E-07,-0.010564
5.3310025E-07,-0.010555
5.3315025E-07,-0.010546
5.3320025E-07,-0.010538
5.3325025E-07,-0.010531
5.3330025E-07,-0.010525
5.3335025E-07,-0.010521
5.3340025E-07,-0.010517
5.3345025E-07,-0.010513
5.3350025E-07,-0.010511
5.3355025E-07,-0.010509
5.3360025E-07,-0.010507
5.3365025E-07,-0.010506
5.3370025E-07,-0.010504
5.3375025E-07,-0.010502
5.3380025E-07,-0.010500
5.3385025E-07,-0.010497
5.3390025E-07,-0.010494
5.3395025E-07,-0.010491
5.3400025E-07,-0.010486
5.3405025E-07,-0.010482
5.3410025E-07,-0.010477
5.3415025E-07,-0.010473
5.3420025E-07,-0.010468
5.3425025E-07,-0.010464
5.3430025E-07,-0.010460
5.3435025E-07,-0.010457
5.3440025E-07,-0.010455
5.3445025E-07,-0.010455
5.3450025E-07,-0.010455
5.3455025E-07,-0.010456
5.3460025E-07,-0.010459
5.3465025E-07,-0.010463
5.3470025E-07,-0.010467
5.3475025E-07,-0.010472
5.3480025E-07,-0.010478
5.3485025E-07,-0.010484
5.3490025E-07,-0.010490
5.3495025E-07,-0.010495
5.3500025E-07,-0.010500
5.3505025E-07,-0.010504
5.3510025E-07,-0.010507
5.3515025E-07,-0.010508
5.3520025E-07,-0.010509
5.3525025E-07,-0.010508
5.3530025E-07,-0.010506
5.3535025E-07,-0.010502
5.3540025E-07,-0.010498
5.3545025E-07,-0.010492
5.3550025E-07,-0.010486
5.3555025E-07,-0.010480
5.3560025E-07,-0.010472
5.3565025E-07,-0.010465
5.3570025E-07,-0.010458
5.3575025E-07,-0.010451
5.3580025E-07,-0.010444
5.3585025E-07,-0.010438
5.3590025E-07,-0.010432
5.3595025E-07,-0.010426
5.3600025E-07,-0.010421
5.3605025E-07,-0.010416
5.3610025E-07,-0.010411
5.3615025E-07,-0.010406
5.3620025E-07,-0.010400
5.3625025E-07,-0.010395
5.3630025E-07,-0.010389
5.3635025E-07,-0.010382
5.3640025E-07,-0.010375
5.3645025E-07,-0.010367
5.3650025E-07,-0.010358
5.3655025E-07,-0.010350
5.3660025E-07,-0.010341
5.3665025E-07,-0.010332
5.3670025E-07,-0.010324
5.3675025E-07,-0.010316
5.3680025E-07,-0.010309
5.3685025E-07,-0.010303
5.3690025E-07,-0.010298
5.3695025E-07,-0.010295
5.3700025E-07,-0.010294
5.3705025E-07,-0.010295
5.3710025E-07,-0.010297
5.3715025E-07,-0.010302
5.3720025E-07,-0.010308
5.3725025E-07,-0.010316
5.3730025E-07,-0.010325
5.3735025E-07,-0.010336
5.3740025E-07,-0.010347
5.3745025E-07,-0.010359
5.3750025E-07,-0.010371
5.3755025E-07,-0.010382
5.3760025E-07,-0.010394
5.3765025E-07,-0.010405
5.3770025E-07,-0.010414
5.3775025E-07,-0.010423
5.3780025E-07,-0.010430
5.3785025E-07,-0.010436
5.3790025E-07,-0.010441
5.3795025E-07,-0.010445
5.3800025E-07,-0.010448
5.3805025E-07,-0.010449
5.3810025E-07,-0.010450
5.3815025E-07,-0.010451
5.3820025E-07,-0.010451
5.3825025E-07,-0.010452
5.3830025E-07,-0.010453
5.3835025E-07,-0.010454
5.3840025E-07,-0.010456
5.3845025E-07,-0.010459
5.3850025E-07,-0.010462
5.3855025E-07,-0.010466
5.3860025E-07,-0.010472
5.3865025E-07,-0.010478
5.3870025E-07,-0.010484
5.3875025E-07,-0.010491
5.3880025E-07,-0.010499
5.3885025E-07,-0.010506
5.3890025E-07,-0.010514
5.3895025E-07,-0.010521
5.3900025E-07,-0.010528
5.3905025E-07,-0.010535
5.3910025E-07,-0.010540
5.3915025E-07,-0.010545
5.3920025E-07,-0.010550
5.3925025E-07,-0.010553
5.3930025E-07,-0.010556
5.3935025E-07,-0.010558
5.3940025E-07,-0.010559
5.3945025E-07,-0.010560
5.3950025E-07,-0.010561
5.3955025E-07,-0.010562
5.3960025E-07,-0.010563
5.3965025E-07,-0.010564
5.3970025E-07,-0.010565
5.3975025E-07,-0.010568
5.3980025E-07,-0.010570
5.3985025E-07,-0.010573
5.3990025E-07,-0.010577
5.3995025E-07,-0.010582
5.4000025E-07,-0.010587
5.4005025E-07,-0.010593
5.4010025E-07,-0.010599
5.4015025E-07,-0.010605
5.4020025E-07,-0.010611
5.4025025E-07,-0.010617
5.4030025E-07,-0.010623
5.4035025E-07,-0.010628
5.4040025E-07,-0.010633
5.4045025E-07,-0.010636
5.4050025E-07,-0.010639
5.4055025E-07,-0.010641
5.4060025E-07,-0.010642
5.4065025E-07,-0.010642
5.4070025E-07,-0.010642
5.4075025E-07,-0.010641
5.4080025E-07,-0.010639
5.4085025E-07,-0.010638
5.4090025E-07,-0.010636
5.4095025E-07,-0.010635
5.4100025E-07,-0.010635
5.4105025E-07,-0.010635
5.4110025E-07,-0.010637
5.4115025E-07,-0.010639
5.4120025E-07,-0.010643
5.4125025E-07,-0.010648
5.4130025E-07,-0.010654
5.4135025E-07,-0.010662
5.4140025E-07,-0.010670
5.4145025E-07,-0.010680
5.4150025E-07,-0.010690
5.4155025E-07,-0.010700
5.4160025E-07,-0.010710
5.4165025E-07,-0.010720
5.4170025E-07,-0.010730
5.4175025E-07,-0.010738
5.4180025E-07,-0.010745
5.4185025E-07,-0.010750
5.4190025E-07,-0.010754
5.4195025E-07,-0.010755
5.4200025E-07,-0.010755
5.4205025E-07,-0.010752
5.4210025E-07,-0.010747
5.4215025E-07,-0.010740
5.4220025E-07,-0.010732
5.4225025E-07,-0.010721
5.4230025E-07,-0.010709
5.4235025E-07,-0.010696
5.4240025E-07,-0.010682
5.4245025E-07,-0.010667
5.4250025E-07,-0.010652
5.4255025E-07,-0.010636
5.4260025E-07,-0.010620
5.4265025E-07,-0.010604
5.4270025E-07,-0.010588
5.4275025E-07,-0.010573
5.4280025E-07,-0.010557
5.4285025E-07,-0.010542
5.4290025E-07,-0.010527
5.4295025E-07,-0.010512
5.4300025E-07,-0.010497
5.4305025E-07,-0.010482
5.4310025E-07,-0.010467
5.4315025E-07,-0.010453
5.4320025E-07,-0.010438
5.4325025E-07,-0.010424
5.4330025E-07,-0.010411
5.4335025E-07,-0.010398
5.4340025E-07,-0.010387
5.4345025E-07,-0.010376
5.4350025E-07,-0.010367
5.4355025E-07,-0.010360
5.4360025E-07,-0.010354
5.4365025E-07,-0.010351
5.4370025E-07,-0.010349
5.4375025E-07,-0.010350
5.4380025E-07,-0.010354
5.4385025E-07,-0.010359
5.4390025E-07,-0.010367
5.4395025E-07,-0.010376
5.4400025E-07,-0.010387
5.4405025E-07,-0.010399
5.4410025E-07,-0.010411
5.4415025E-07,-0.010424
5.4420025E-07,-0.010437
5.4425025E-07,-0.010449
5.4430025E-07,-0.010459
5.4435025E-07,-0.010469
5.4440025E-07,-0.010476
5.4445025E-07,-0.010481
5.4450025E-07,-0.010484
5.4455025E-07,-0.010484
5.4460025E-07,-0.010482
5.4465025E-07,-0.010477
5.4470025E-07,-0.010470
5.4475025E-07,-0.010461
5.4480025E-07,-0.010449
5.4485025E-07,-0.010437
5.4490025E-07,-0.010423
5.4495025E-07,-0.010409
5.4500025E-07,-0.010394
5.4505025E-07,-0.010380
5.4510025E-07,-0.010366
5.4515025E-07,-0.010352
5.4520025E-07,-0.010339
5.4525025E-07,-0.010327
5.4530025E-07,-0.010316
5.4535025E-07,-0.010306
5.4540025E-07,-0.010297
5.4545025E-07,-0.010288
5.4550025E-07,-0.010280
5.4555025E-07,-0.010272
5.4560025E-07,-0.010264
5.4565025E-07,-0.010256
5.4570025E-07,-0.010247
5.4575025E-07,-0.010238
5.4580025E-07,-0.010227
5.4585025E-07,-0.010216
5.4590025E-07,-0.010204
5.4595025E-07,-0.010191
5.4600025E-07,-0.010177
5.4605025E-07,-0.010162
5.4610025E-07,-0.010147
5.4615025E-07,-0.010132
5.4620025E-07,-0.010117
5.4625025E-07,-0.010103
5.4630025E-07,-0.010089
5.4635025E-07,-0.010077
5.4640025E-07,-0.010067
5.4645025E-07,-0.010058
5.4650025E-07,-0.010052
5.4655025E-07,-0.010048
5.4660025E-07,-0.010047
5.4665025E-07,-0.010048
5.4670025E-07,-0.010052
5.4675025E-07,-0.010058
5.4680025E-07,-0.010067
5.4685025E-07,-0.010078
5.4690025E-07,-0.010091
5.4695025E-07,-0.010105
5.4700025E-07,-0.010121
5.4705025E-07,-0.010137
5.4710025E-07,-0.010154
5.4715025E-07,-0.010171
5.4720025E-07,-0.010188
5.4725025E-07,-0.010204
5.4730025E-07,-0.010220
5.4735025E-07,-0.010236
5.4740025E-07,-0.010250
5.4745025E-07,-0.010264
5.4750025E-07,-0.010277
5.4755025E-07,-0.010290
5.4760025E-07,-0.010301
5.4765025E-07,-0.010313
5.4770025E-07,-0.010324
5.4775025E-07,-0.010335
5.4780025E-07,-0.010346
5.4785025E-07,-0.010357
5.4790025E-07,-0.010368
5.4795025E-07,-0.010380
5.4800025E-07,-0.010392
5.4805025E-07,-0.010404
5.4810025E-07,-0.010417
5.4815025E-07,-0.010429
5.4820025E-07,-0.010442
5.4825025E-07,-0.010454
5.4830025E-07,-0.010466
5.4835025E-07,-0.010476
5.4840025E-07,-0.010486
5.4845025E-07,-0.010494
5.4850025E-07,-0.010500
5.4855025E-07,-0.010505
5.4860025E-07,-0.010508
5.4865025E-07,-0.010509
5.4870025E-07,-0.010508
5.4875025E-07,-0.010505
5.4880025E-07,-0.010501
5.4885025E-07,-0.010495
5.4890025E-07,-0.010488
5.4895025E-07,-0.010479
5.4900025E-07,-0.010471
5.4905025E-07,-0.010462
5.4910025E-07,-0.010453
5.4915025E-07,-0.010445
5.4920025E-07,-0.010437
5.4925025E-07,-0.010431
5.4930025E-07,-0.010426
5.4935025E-07,-0.010422
5.4940025E-07,-0.010420
5.4945025E-07,-0.010420
5.4950025E-07,-0.010421
5.4955025E-07,-0.010424
5.4960025E-07,-0.010428
5.4965025E-07,-0.010433
5.4970025E-07,-0.010438
5.4975025E-07,-0.010445
5.4980025E-07,-0.010451
5.4985025E-07,-0.010457
5.4990025E-07,-0.010462
5.4995025E-07,-0.010467
5.5000025E-07,-0.010471
5.5005025E-07,-0.010475
5.5010025E-07,-0.010477
5.5015025E-07,-0.010479
5.5020025E-07,-0.010479
5.5025025E-07,-0.010479
5.5030025E-07,-0.010478
5.5035025E-07,-0.010477
5.5040025E-07,-0.010476
5.5045025E-07,-0.010475
5.5050025E-07,-0.010475
5.5055025E-07,-0.010475
5.5060025E-07,-0.010476
5.5065025E-07,-0.010477
5.5070025E-07,-0.010480
5.5075025E-07,-0.010483
5.5080025E-07,-0.010488
5.5085025E-07,-0.010493
5.5090025E-07,-0.010499
5.5095025E-07,-0.010505
5.5100025E-07,-0.010512
5.5105025E-07,-0.010519
5.5110025E-07,-0.010526
5.5115025E-07,-0.010532
5.5120025E-07,-0.010538
5.5125025E-07,-0.010544
5.5130025E-07,-0.010550
5.5135025E-07,-0.010554
5.5140025E-07,-0.010558
5.5145025E-07,-0.010562
5.5150025E-07,-0.010565
5.5155025E-07,-0.010568
5.5160025E-07,-0.010571
5.5165025E-07,-0.010573
5.5170025E-07,-0.010576
5.5175025E-07,-0.010579
5.5180025E-07,-0.010583
5.5185025E-07,-0.010586
5.5190025E-07,-0.010590
5.5195025E-07,-0.010595
5.5200025E-07,-0.010599
5.5205025E-07,-0.010604
5.5210025E-07,-0.010609
5.5215025E-07,-0.010613
5.5220025E-07,-0.010616
5.5225025E-07,-0.010618
5.5230025E-07,-0.010620
5.5235025E-07,-0.010619
5.5240025E-07,-0.010617
5.5245025E-07,-0.010613
5.5250025E-07,-0.010606
5.5255025E-07,-0.010598
5.5260025E-07,-0.010587
5.5265025E-07,-0.010574
5.5270025E-07,-0.010558
5.5275025E-07,-0.010541
5.5280025E-07,-0.010521
5.5285025E-07,-0.010501
5.5290025E-07,-0.010479
5.5295025E-07,-0.010456
5.5300025E-07,-0.010433
5.5305025E-07,-0.010410
5.5310025E-07,-0.010387
5.5315025E-07,-0.010365
5.5320025E-07,-0.010344
5.5325025E-07,-0.010324
5.5330025E-07,-0.010305
5.5335025E-07,-0.010288
5.5340025E-07,-0.010272
5.5345025E-07,-0.010258
5.5350025E-07,-0.010246
5.5355025E-07,-0.010235
5.5360025E-07,-0.010225
5.5365025E-07,-0.010217
5.5370025E-07,-0.010210
5.5375025E-07,-0.010205
5.5380025E-07,-0.010200
5.5385025E-07,-0.010196
5.5390025E-07,-0.010193
5.5395025E-07,-0.010191
5.5400025E-07,-0.010190
5.5405025E-07,-0.010190
5.5410025E-07,-0.010190
5.5415025E-07,-0.010192
5.5420025E-07,-0.010195
5.5425025E-07,-0.010199
5.5430025E-07,-0.010204
5.5435025E-07,-0.010211
5.5440025E-07,-0.010219
5.5445025E-07,-0.010229
5.5450025E-07,-0.010240
5.5455025E-07,-0.010253
5.5460025E-07,-0.010266
5.5465025E-07,-0.010281
5.5470025E-07,-0.010297
5.5475025E-07,-0.010313
5.5480025E-07,-0.010329
5.5485025E-07,-0.010345
5.5490025E-07,-0.010361
5.5495025E-07,-0.010376
5.5500025E-07,-0.010390
5.5505025E-07,-0.010402
5.5510025E-07,-0.010412
5.5515025E-07,-0.010420
5.5520025E-07,-0.010426
5.5525025E-07,-0.010430
5.5530025E-07,-0.010431
5.5535025E-07,-0.010429
5.5540025E-07,-0.010425
5.5545025E-07,-0.010419
5.5550025E-07,-0.010411
5.5555025E-07,-0.010401
5.5560025E-07,-0.010389
5.5565025E-07,-0.010377
5.5570025E-07,-0.010364
5.5575025E-07,-0.010351
5.5580025E-07,-0.010338
5.5585025E-07,-0.010326
5.5590025E-07,-0.010315
5.5595025E-07,-0.010305
5.5600025E-07,-0.010296
5.5605025E-07,-0.010290
5.5610025E-07,-0.010285
5.5615025E-07,-0.010282
5.5620025E-07,-0.010281
5.5625025E-07,-0.010282
5.5630025E-07,-0.010284
5.5635025E-07,-0.010288
5.5640025E-07,-0.010293
5.5645025E-07,-0.010299
5.5650025E-07,-0.010305
5.5655025E-07,-0.010313
5.5660025E-07,-0.010320
5.5665025E-07,-0.010328
5.5670025E-07,-0.010335
5.5675025E-07,-0.010342
5.5680025E-07,-0.010349
5.5685025E-07,-0.010356
5.5690025E-07,-0.010362
5.5695025E-07,-0.010368
5.5700025E-07,-0.010374
5.5705025E-07,-0.010380
5.5710025E-07,-0.010385
5.5715025E-07,-0.010391
5.5720025E-07,-0.010397
5.5725025E-07,-0.010404
5.5730025E-07,-0.010411
5.5735025E-07,-0.010418
5.5740025E-07,-0.010426
5.5745025E-07,-0.010435
5.5750025E-07,-0.010443
5.5755025E-07,-0.010452
5.5760025E-07,-0.010461
5.5765025E-07,-0.010470
5.5770025E-07,-0.010478
5.5775025E-07,-0.010486
5.5780025E-07,-0.010493
5.5785025E-07,-0.010499
5.5790025E-07,-0.010504
5.5795025E-07,-0.010507
5.5800025E-07,-0.010509
5.5805025E-07,-0.010511
5.5810025E-07,-0.010510
5.5815025E-07,-0.010509
5.5820025E-07,-0.010507
5.5825025E-07,-0.010504
5.5830025E-07,-0.010500
5.5835025E-07,-0.010497
5.5840025E-07,-0.010493
5.5845025E-07,-0.010489
5.5850025E-07,-0.010486
5.5855025E-07,-0.010484
5.5860025E-07,-0.010483
5.5865025E-07,-0.010483
5.5870025E-07,-0.010483
5.5875025E-07,-0.010485
5.5880025E-07,-0.010487
5.5885025E-07,-0.010490
5.5890025E-07,-0.010494
5.5895025E-07,-0.010497
5.5900025E-07,-0.010501
5.5905025E-07,-0.010505
5.5910025E-07,-0.010507
5.5915025E-07,-0.010509
5.5920025E-07,-0.010510
5.5925025E-07,-0.010510
5.5930025E-07,-0.010508
5.5935025E-07,-0.010505
5.5940025E-07,-0.010500
5.5945025E-07,-0.010494
5.5950025E-07,-0.010487
5.5955025E-07,-0.010479
5.5960025E-07,-0.010470
5.5965025E-07,-0.010461
5.5970025E-07,-0.010451
5.5975025E-07,-0.010442
5.5980025E-07,-0.010434
5.5985025E-07,-0.010426
5.5990025E-07,-0.010419
5.5995025E-07,-0.010414
5.6000025E-07,-0.010410
5.6005025E-07,-0.010408
5.6010025E-07,-0.010408
5.6015025E-07,-0.010409
5.6020025E-07,-0.010412
5.6025025E-07,-0.010416
5.6030025E-07,-0.010422
5.6035025E-07,-0.010429
5.6040025E-07,-0.010437
5.6045025E-07,-0.010446
5.6050025E-07,-0.010455
5.6055025E-07,-0.010464
5.6060025E-07,-0.010473
5.6065025E-07,-0.010483
5.6070025E-07,-0.010491
5.6075025E-07,-0.010500
5.6080025E-07,-0.010508
5.6085025E-07,-0.010516
5.6090025E-07,-0.010523
5.6095025E-07,-0.010530
5.6100025E-07,-0.010536
5.6105025E-07,-0.010542
5.6110025E-07,-0.010549
5.6115025E-07,-0.010555
5.6120025E-07,-0.010562
5.6125025E-07,-0.010568
5.6130025E-07,-0.010576
5.6135025E-07,-0.010583
5.6140025E-07,-0.010591
5.6145025E-07,-0.010600
5.6150025E-07,-0.010609
5.6155025E-07,-0.010618
5.6160025E-07,-0.010628
5.6165025E-07,-0.010637
5.6170025E-07,-0.010646
5.6175025E-07,-0.010655
5.6180025E-07,-0.010664
5.6185025E-07,-0.010672
5.6190025E-07,-0.010679
5.6195025E-07,-0.010685
5.6200025E-07,-0.010690
5.6205025E-07,-0.010694
5.6210025E-07,-0.010697
5.6215025E-07,-0.010698
5.6220025E-07,-0.010699
5.6225025E-07,-0.010698
5.6230025E-07,-0.010696
5.6235025E-07,-0.010694
5.6240025E-07,-0.010690
5.6245025E-07,-0.010686
5.6250025E-07,-0.010682
5.6255025E-07,-0.010678
5.6260025E-07,-0.010673
5.6265025E-07,-0.010669
5.6270025E-07,-0.010664
5.6275025E-07,-0.010660
5.6280025E-07,-0.010657
5.6285025E-07,-0.010653
5.6290025E-07,-0.010650
5.6295025E-07,-0.010647
5.6300025E-07,-0.010645
5.6305025E-07,-0.010642
5.6310025E-07,-0.010639
5.6315025E-07,-0.010636
5.6320025E-07,-0.010633
5.6325025E-07,-0.010629
5.6330025E-07,-0.010624
5.6335025E-07,-0.010618
5.6340025E-07,-0.010612
5.6345025E-07,-0.010605
5.6350025E-07,-0.010598
5.6355025E-07,-0.010590
5.6360025E-07,-0.010581
5.6365025E-07,-0.010571
5.6370025E-07,-0.010562
5.6375025E-07,-0.010552
5.6380025E-07,-0.010543
5.6385025E-07,-0.010534
5.6390025E-07,-0.010525
5.6395025E-07,-0.010517
5.6400025E-07,-0.010509
5.6405025E-07,-0.010502
5.6410025E-07,-0.010496
5.6415025E-07,-0.010491
5.6420025E-07,-0.010486
5.6425025E-07,-0.010482
5.6430025E-07,-0.010479
5.6435025E-07,-0.010475
5.6440025E-07,-0.010472
5.6445025E-07,-0.010469
5.6450025E-07,-0.010465
5.6455025E-07,-0.010461
5.6460025E-07,-0.010456
5.6465025E-07,-0.010450
5.6470025E-07,-0.010444
5.6475025E-07,-0.010437
5.6480025E-07,-0.010428
5.6485025E-07,-0.010420
5.6490025E-07,-0.010410
5.6495025E-07,-0.010400
5.6500025E-07,-0.010390
5.6505025E-07,-0.010380
5.6510025E-07,-0.010371
5.6515025E-07,-0.010362
5.6520025E-07,-0.010354
5.6525025E-07,-0.010347
5.6530025E-07,-0.010341
5.6535025E-07,-0.010337
5.6540025E-07,-0.010335
5.6545025E-07,-0.010334
5.6550025E-07,-0.010335
5.6555025E-07,-0.010338
5.6560025E-07,-0.010342
5.6565025E-07,-0.010348
5.6570025E-07,-0.010355
5.6575025E-07,-0.010362
5.6580025E-07,-0.010371
5.6585025E-07,-0.010379
5.6590025E-07,-0.010388
5.6595025E-07,-0.010397
5.6600025E-07,-0.010405
5.6605025E-07,-0.010413
5.6610025E-07,-0.010420
5.6615025E-07,-0.010427
5.6620025E-07,-0.010433
5.6625025E-07,-0.010438
5.6630025E-07,-0.010442
5.6635025E-07,-0.010447
5.6640025E-07,-0.010450
5.6645025E-07,-0.010454
5.6650025E-07,-0.010457
5.6655025E-07,-0.010461
5.6660025E-07,-0.010465
5.6665025E-07,-0.010469
5.6670025E-07,-0.010474
5.6675025E-07,-0.010480
5.6680025E-07,-0.010485
5.6685025E-07,-0.010491
5.6690025E-07,-0.010498
5.6695025E-07,-0.010504
5.6700025E-07,-0.010511
5.6705025E-07,-0.010517
5.6710025E-07,-0.010523
5.6715025E-07,-0.010528
5.6720025E-07,-0.010532
5.6725025E-07,-0.010535
5.6730025E-07,-0.010536
5.6735025E-07,-0.010537
5.6740025E-07,-0.010536
5.6745025E-07,-0.010533
5.6750025E-07,-0.010530
5.6755025E-07,-0.010525
5.6760025E-07,-0.010519
5.6765025E-07,-0.010512
5.6770025E-07,-0.010505
5.6775025E-07,-0.010498
5.6780025E-07,-0.010490
5.6785025E-07,-0.010483
5.6790025E-07,-0.010477
5.6795025E-07,-0.010472
5.6800025E-07,-0.010467
5.6805025E-07,-0.010464
5.6810025E-07,-0.010462
5.6815025E-07,-0.010462
5.6820025E-07,-0.010463
5.6825025E-07,-0.010465
5.6830025E-07,-0.010469
5.6835025E-07,-0.010474
5.6840025E-07,-0.010479
5.6845025E-07,-0.010486
5.6850025E-07,-0.010492
5.6855025E-07,-0.010499
5.6860025E-07,-0.010506
5.6865025E-07,-0.010513
5.6870025E-07,-0.010519
5.6875025E-07,-0.010524
5.6880025E-07,-0.010529
5.6885025E-07,-0.010533
5.6890025E-07,-0.010535
5.6895025E-07,-0.010537
5.6900025E-07,-0.010537
5.6905025E-07,-0.010537
5.6910025E-07,-0.010536
5.6915025E-07,-0.010534
5.6920025E-07,-0.010531
5.6925025E-07,-0.010528
5.6930025E-07,-0.010525
5.6935025E-07,-0.010521
5.6940025E-07,-0.010517
5.6945025E-07,-0.010513
5.6950025E-07,-0.010509
5.6955025E-07,-0.010505
5.6960025E-07,-0.010501
5.6965025E-07,-0.010497
5.6970025E-07,-0.010493
5.6975025E-07,-0.010488
5.6980025E-07,-0.010483
5.6985025E-07,-0.010478
5.6990025E-07,-0.010472
5.6995025E-07,-0.010465
5.7000025E-07,-0.010458
5.7005025E-07,-0.010450
5.7010025E-07,-0.010442
5.7015025E-07,-0.010433
5.7020025E-07,-0.010424
5.7025025E-07,-0.010414
5.7030025E-07,-0.010405
5.7035025E-07,-0.010395
5.7040025E-07,-0.010386
5.7045025E-07,-0.010378
5.7050025E-07,-0.010370
5.7055025E-07,-0.010364
5.7060025E-07,-0.010359
5.7065025E-07,-0.010356
5.7070025E-07,-0.010354
5.7075025E-07,-0.010354
5.7080025E-07,-0.010357
5.7085025E-07,-0.010360
5.7090025E-07,-0.010366
5.7095025E-07,-0.010373
5.7100025E-07,-0.010381
5.7105025E-07,-0.010391
5.7110025E-07,-0.010401
5.7115025E-07,-0.010411
5.7120025E-07,-0.010421
5.7125025E-07,-0.010430
5.7130025E-07,-0.010439
5.7135025E-07,-0.010447
5.7140025E-07,-0.010453
5.7145025E-07,-0.010458
5.7150025E-07,-0.010461
5.7155025E-07,-0.010462
5.7160025E-07,-0.010461
5.7165025E-07,-0.010459
5.7170025E-07,-0.010455
5.7175025E-07,-0.010450
5.7180025E-07,-0.010443
5.7185025E-07,-0.010436
5.7190025E-07,-0.010428
5.7195025E-07,-0.010419
5.7200025E-07,-0.010411
5.7205025E-07,-0.010402
5.7210025E-07,-0.010394
5.7215025E-07,-0.010387
5.7220025E-07,-0.010380
5.7225025E-07,-0.010374
5.7230025E-07,-0.010369
5.7235025E-07,-0.010364
5.7240025E-07,-0.010360
5.7245025E-07,-0.010356
5.7250025E-07,-0.010353
5.7255025E-07,-0.010350
5.7260025E-07,-0.010346
5.7265025E-07,-0.010343
5.7270025E-07,-0.010340
5.7275025E-07,-0.010336
5.7280025E-07,-0.010332
5.7285025E-07,-0.010327
5.7290025E-07,-0.010322
5.7295025E-07,-0.010317
5.7300025E-07,-0.010312
5.7305025E-07,-0.010306
5.7310025E-07,-0.010301
5.7315025E-07,-0.010296
5.7320025E-07,-0.010292
5.7325025E-07,-0.010289
5.7330025E-07,-0.010286
5.7335025E-07,-0.010285
5.7340025E-07,-0.010284
5.7345025E-07,-0.010285
5.7350025E-07,-0.010287
5.7355025E-07,-0.010291
5.7360025E-07,-0.010295
5.7365025E-07,-0.010300
5.7370025E-07,-0.010306
5.7375025E-07,-0.010313
5.7380025E-07,-0.010320
5.7385025E-07,-0.010327
5.7390025E-07,-0.010333
5.7395025E-07,-0.010339
5.7400025E-07,-0.010345
5.7405025E-07,-0.010350
5.7410025E-07,-0.010353
5.7415025E-07,-0.010356
5.7420025E-07,-0.010358
5.7425025E-07,-0.010359
5.7430025E-07,-0.010359
5.7435025E-07,-0.010358
5.7440025E-07,-0.010357
5.7445025E-07,-0.010355
5.7450025E-07,-0.010353
5.7455025E-07,-0.010351
5.7460025E-07,-0.010350
5.7465025E-07,-0.010348
5.7470025E-07,-0.010348
5.7475025E-07,-0.010348
5.7480025E-07,-0.010349
5.7485025E-07,-0.010350
5.7490025E-07,-0.010353
5.7495025E-07,-0.010355
5.7500025E-07,-0.010359
5.7505025E-07,-0.010362
5.7510025E-07,-0.010366
5.7515025E-07,-0.010369
5.7520025E-07,-0.010373
5.7525025E-07,-0.010375
5.7530025E-07,-0.010377
5.7535025E-07,-0.010378
5.7540025E-07,-0.010378
5.7545025E-07,-0.010377
5.7550025E-07,-0.010375
5.7555025E-07,-0.010372
5.7560025E-07,-0.010368
5.7565025E-07,-0.010363
5.7570025E-07,-0.010358
5.7575025E-07,-0.010352
5.7580025E-07,-0.010345
5.7585025E-07,-0.010339
5.7590025E-07,-0.010333
5.7595025E-07,-0.010326
5.7600025E-07,-0.010321
5.7605025E-07,-0.010316
5.7610025E-07,-0.010311
5.7615025E-07,-0.010308
5.7620025E-07,-0.010305
5.7625025E-07,-0.010303
5.7630025E-07,-0.010301
5.7635025E-07,-0.010300
5.7640025E-07,-0.010298
5.7645025E-07,-0.010297
5.7650025E-07,-0.010296
5.7655025E-07,-0.010295
5.7660025E-07,-0.010292
5.7665025E-07,-0.010289
5.7670025E-07,-0.010285
5.7675025E-07,-0.010280
5.7680025E-07,-0.010273
5.7685025E-07,-0.010265
5.7690025E-07,-0.010256
5.7695025E-07,-0.010245
5.7700025E-07,-0.010234
5.7705025E-07,-0.010221
5.7710025E-07,-0.010208
5.7715025E-07,-0.010194
5.7720025E-07,-0.010180
5.7725025E-07,-0.010166
5.7730025E-07,-0.010153
5.7735025E-07,-0.010140
5.7740025E-07,-0.010128
5.7745025E-07,-0.010118
5.7750025E-07,-0.010109
5.7755025E-07,-0.010102
5.7760025E-07,-0.010097
5.7765025E-07,-0.010094
5.7770025E-07,-0.010093
5.7775025E-07,-0.010094
5.7780025E-07,-0.010097
5.7785025E-07,-0.010101
5.7790025E-07,-0.010107
5.7795025E-07,-0.010115
5.7800025E-07,-0.010123
5.7805025E-07,-0.010133
5.7810025E-07,-0.010143
5.7815025E-07,-0.010153
5.7820025E-07,-0.010164
5.7825025E-07,-0.010176
5.7830025E-07,-0.010187
5.7835025E-07,-0.010198
5.7840025E-07,-0.010210
5.7845025E-07,-0.010221
5.7850025E-07,-0.010233
5.7855025E-07,-0.010244
5.7860025E-07,-0.010256
5.7865025E-07,-0.010269
5.7870025E-07,-0.010281
5.7875025E-07,-0.010294
5.7880025E-07,-0.010308
5.7885025E-07,-0.010322
5.7890025E-07,-0.010337
5.7895025E-07,-0.010351
5.7900025E-07,-0.010366
5.7905025E-07,-0.010382
5.7910025E-07,-0.010396
5.7915025E-07,-0.010411
5.7920025E-07,-0.010425
5.7925025E-07,-0.010437
5.7930025E-07,-0.010449
5.7935025E-07,-0.010459
5.7940025E-07,-0.010467
5.7945025E-07,-0.010473
5.7950025E-07,-0.010477
5.7955025E-07,-0.010480
5.7960025E-07,-0.010480
5.7965025E-07,-0.010479
5.7970025E-07,-0.010476
5.7975025E-07,-0.010471
5.7980025E-07,-0.010466
5.7985025E-07,-0.010460
5.7990025E-07,-0.010453
5.7995025E-07,-0.010447
5.8000025E-07,-0.010442
5.8005025E-07,-0.010437
5.8010025E-07,-0.010433
5.8015025E-07,-0.010432
5.8020025E-07,-0.010432
5.8025025E-07,-0.010433
5.8030025E-07,-0.010437
5.8035025E-07,-0.010443
5.8040025E-07,-0.010450
5.8045025E-07,-0.010459
5.8050025E-07,-0.010470
5.8055025E-07,-0.010481
5.8060025E-07,-0.010494
5.8065025E-07,-0.010506
5.8070025E-07,-0.010519
5.8075025E-07,-0.010531
5.8080025E-07,-0.010542
5.8085025E-07,-0.010553
5.8090025E-07,-0.010562
5.8095025E-07,-0.010569
5.8100025E-07,-0.010575
5.8105025E-07,-0.010579
5.8110025E-07,-0.010582
5.8115025E-07,-0.010583
5.8120025E-07,-0.010582
5.8125025E-07,-0.010580
5.8130025E-07,-0.010576
5.8135025E-07,-0.010572
5.8140025E-07,-0.010567
5.8145025E-07,-0.010561
5.8150025E-07,-0.010554
5.8155025E-07,-0.010547
5.8160025E-07,-0.010540
5.8165025E-07,-0.010532
5.8170025E-07,-0.010524
5.8175025E-07,-0.010516
5.8180025E-07,-0.010507
5.8185025E-07,-0.010498
5.8190025E-07,-0.010489
5.8195025E-07,-0.010479
5.8200025E-07,-0.010468
5.8205025E-07,-0.010456
5.8210025E-07,-0.010443
5.8215025E-07,-0.010430
5.8220025E-07,-0.010416
5.8225025E-07,-0.010401
5.8230025E-07,-0.010385
5.8235025E-07,-0.010369
5.8240025E-07,-0.010352
5.8245025E-07,-0.010335
5.8250025E-07,-0.010319
5.8255025E-07,-0.010302
5.8260025E-07,-0.010287
5.8265025E-07,-0.010272
5.8270025E-07,-0.010259
5.8275025E-07,-0.010247
5.8280025E-07,-0.010237
5.8285025E-07,-0.010228
5.8290025E-07,-0.010221
5.8295025E-07,-0.010216
5.8300025E-07,-0.010213
5.8305025E-07,-0.010212
5.8310025E-07,-0.010212
5.8315025E-07,-0.010214
5.8320025E-07,-0.010217
5.8325025E-07,-0.010222
5.8330025E-07,-0.010227
5.8335025E-07,-0.010232
5.8340025E-07,-0.010239
5.8345025E-07,-0.010245
5.8350025E-07,-0.010251
5.8355025E-07,-0.010258
5.8360025E-07,-0.010264
5.8365025E-07,-0.010270
5.8370025E-07,-0.010276
5.8375025E-07,-0.010282
5.8380025E-07,-0.010288
5.8385025E-07,-0.010294
5.8390025E-07,-0.010300
5.8395025E-07,-0.010306
5.8400025E-07,-0.010312
5.8405025E-07,-0.010319
5.8410025E-07,-0.010326
5.8415025E-07,-0.010334
5.8420025E-07,-0.010342
5.8425025E-07,-0.010350
5.8430025E-07,-0.010359
5.8435025E-07,-0.010368
5.8440025E-07,-0.010377
5.8445025E-07,-0.010385
5.8450025E-07,-0.010393
5.8455025E-07,-0.010400
5.8460025E-07,-0.010407
5.8465025E-07,-0.010412
5.8470025E-07,-0.010415
5.8475025E-07,-0.010417
5.8480025E-07,-0.010417
5.8485025E-07,-0.010416
5.8490025E-07,-0.010412
5.8495025E-07,-0.010406
5.8500025E-07,-0.010399
5.8505025E-07,-0.010390
5.8510025E-07,-0.010380
5.8515025E-07,-0.010369
5.8520025E-07,-0.010356
5.8525025E-07,-0.010344
5.8530025E-07,-0.010332
5.8535025E-07,-0.010320
5.8540025E-07,-0.010309
5.8545025E-07,-0.010299
5.8550025E-07,-0.010290
5.8555025E-07,-0.010284
5.8560025E-07,-0.010280
5.8565025E-07,-0.010278
5.8570025E-07,-0.010278
5.8575025E-07,-0.010280
5.8580025E-07,-0.010285
5.8585025E-07,-0.010292
5.8590025E-07,-0.010300
5.8595025E-07,-0.010311
5.8600025E-07,-0.010322
5.8605025E-07,-0.010334
5.8610025E-07,-0.010347
5.8615025E-07,-0.010360
5.8620025E-07,-0.010372
5.8625025E-07,-0.010384
5.8630025E-07,-0.010395
5.8635025E-07,-0.010404
5.8640025E-07,-0.010413
5.8645025E-07,-0.010420
5.8650025E-07,-0.010425
5.8655025E-07,-0.010428
5.8660025E-07,-0.010430
5.8665025E-07,-0.010431
5.8670025E-07,-0.010430
5.8675025E-07,-0.010427
5.8680025E-07,-0.010423
5.8685025E-07,-0.010419
5.8690025E-07,-0.010413
5.8695025E-07,-0.010407
5.8700025E-07,-0.010400
5.8705025E-07,-0.010393
5.8710025E-07,-0.010386
5.8715025E-07,-0.010378
5.8720025E-07,-0.010370
5.8725025E-07,-0.010361
5.8730025E-07,-0.010353
5.8735025E-07,-0.010344
5.8740025E-07,-0.010335
5.8745025E-07,-0.010326
5.8750025E-07,-0.010318
5.8755025E-07,-0.010309
5.8760025E-07,-0.010300
5.8765025E-07,-0.010292
5.8770025E-07,-0.010284
5.8775025E-07,-0.010277
5.8780025E-07,-0.010270
5.8785025E-07,-0.010265
5.8790025E-07,-0.010261
5.8795025E-07,-0.010258
5.8800025E-07,-0.010257
5.8805025E-07,-0.010258
5.8810025E-07,-0.010261
5.8815025E-07,-0.010265
5.8820025E-07,-0.010272
5.8825025E-07,-0.010281
5.8830025E-07,-0.010291
5.8835025E-07,-0.010303
5.8840025E-07,-0.010316
5.8845025E-07,-0.010330
5.8850025E-07,-0.010344
5.8855025E-07,-0.010359
5.8860025E-07,-0.010373
5.8865025E-07,-0.010387
5.8870025E-07,-0.010400
5.8875025E-07,-0.010411
5.8880025E-07,-0.010421
5.8885025E-07,-0.010429
5.8890025E-07,-0.010434
5.8895025E-07,-0.010436
5.8900025E-07,-0.010437
5.8905025E-07,-0.010435
5.8910025E-07,-0.010430
5.8915025E-07,-0.010424
5.8920025E-07,-0.010415
5.8925025E-07,-0.010405
5.8930025E-07,-0.010393
5.8935025E-07,-0.010381
5.8940025E-07,-0.010368
5.8945025E-07,-0.010355
5.8950025E-07,-0.010343
5.8955025E-07,-0.010330
5.8960025E-07,-0.010319
5.8965025E-07,-0.010308
5.8970025E-07,-0.010299
5.8975025E-07,-0.010291
5.8980025E-07,-0.010285
5.8985025E-07,-0.010280
5.8990025E-07,-0.010276
5.8995025E-07,-0.010273
5.9000025E-07,-0.010271
5.9005025E-07,-0.010270
5.9010025E-07,-0.010270
5.9015025E-07,-0.010270
5.9020025E-07,-0.010271
5.9025025E-07,-0.010272
5.9030025E-07,-0.010273
5.9035025E-07,-0.010274
5.9040025E-07,-0.010276
5.9045025E-07,-0.010277
5.9050025E-07,-0.010279
5.9055025E-07,-0.010281
5.9060025E-07,-0.010283
5.9065025E-07,-0.010285
5.9070025E-07,-0.010288
5.9075025E-07,-0.010292
5.9080025E-07,-0.010296
5.9085025E-07,-0.010301
5.9090025E-07,-0.010307
5.9095025E-07,-0.010313
5.9100025E-07,-0.010320
5.9105025E-07,-0.010328
5.9110025E-07,-0.010337
5.9115025E-07,-0.010346
5.9120025E-07,-0.010355
5.9125025E-07,-0.010365
5.9130025E-07,-0.010374
5.9135025E-07,-0.010383
5.9140025E-07,-0.010392
5.9145025E-07,-0.010400
5.9150025E-07,-0.010407
5.9155025E-07,-0.010413
5.9160025E-07,-0.010418
5.9165025E-07,-0.010423
5.9170025E-07,-0.010426
5.9175025E-07,-0.010429
5.9180025E-07,-0.010431
5.9185025E-07,-0.010433
5.9190025E-07,-0.010434
5.9195025E-07,-0.010435
5.9200025E-07,-0.010437
5.9205025E-07,-0.010438
5.9210025E-07,-0.010441
5.9215025E-07,-0.010444
5.9220025E-07,-0.010447
5.9225025E-07,-0.010452
5.9230025E-07,-0.010458
5.9235025E-07,-0.010464
5.9240025E-07,-0.010472
5.9245025E-07,-0.010480
5.9250025E-07,-0.010489
5.9255025E-07,-0.010497
5.9260025E-07,-0.010506
5.9265025E-07,-0.010515
5.9270025E-07,-0.010523
5.9275025E-07,-0.010530
5.9280025E-07,-0.010537
5.9285025E-07,-0.010542
5.9290025E-07,-0.010545
5.9295025E-07,-0.010547
5.9300025E-07,-0.010547
5.9305025E-07,-0.010545
5.9310025E-07,-0.010542
5.9315025E-07,-0.010537
5.9320025E-07,-0.010531
5.9325025E-07,-0.010524
5.9330025E-07,-0.010516
5.9335025E-07,-0.010507
5.9340025E-07,-0.010498
5.9345025E-07,-0.010489
5.9350025E-07,-0.010480
5.9355025E-07,-0.010471
5.9360025E-07,-0.010464
5.9365025E-07,-0.010456
5.9370025E-07,-0.010450
5.9375025E-07,-0.010444
5.9380025E-07,-0.010439
5.9385025E-07,-0.010435
5.9390025E-07,-0.010431
5.9395025E-07,-0.010427
5.9400025E-07,-0.010423
5.9405025E-07,-0.010420
5.9410025E-07,-0.010415
5.9415025E-07,-0.010411
5.9420025E-07,-0.010405
5.9425025E-07,-0.010398
5.9430025E-07,-0.010390
5.9435025E-07,-0.010382
5.9440025E-07,-0.010372
5.9445025E-07,-0.010361
5.9450025E-07,-0.010349
5.9455025E-07,-0.010337
5.9460025E-07,-0.010325
5.9465025E-07,-0.010313
5.9470025E-07,-0.010301
5.9475025E-07,-0.010289
5.9480025E-07,-0.010279
5.9485025E-07,-0.010270
5.9490025E-07,-0.010262
5.9495025E-07,-0.010256
5.9500025E-07,-0.010251
5.9505025E-07,-0.010249
5.9510025E-07,-0.010247
5.9515025E-07,-0.010248
5.9520025E-07,-0.010249
5.9525025E-07,-0.010252
5.9530025E-07,-0.010255
5.9535025E-07,-0.010259
5.9540025E-07,-0.010263
5.9545025E-07,-0.010266
5.9550025E-07,-0.010269
5.9555025E-07,-0.010271
5.9560025E-07,-0.010271
5.9565025E-07,-0.010270
5.9570025E-07,-0.010268
5.9575025E-07,-0.010265
5.9580025E-07,-0.010260
5.9585025E-07,-0.010254
5.9590025E-07,-0.010248
5.9595025E-07,-0.010241
5.9600025E-07,-0.010234
5.9605025E-07,-0.010228
5.9610025E-07,-0.010222
5.9615025E-07,-0.010217
5.9620025E-07,-0.010214
5.9625025E-07,-0.010213
5.9630025E-07,-0.010213
5.9635025E-07,-0.010216
5.9640025E-07,-0.010221
5.9645025E-07,-0.010228
5.9650025E-07,-0.010237
5.9655025E-07,-0.010248
5.9660025E-07,-0.010260
5.9665025E-07,-0.010274
5.9670025E-07,-0.010288
5.9675025E-07,-0.010302
5.9680025E-07,-0.010316
5.9685025E-07,-0.010330
5.9690025E-07,-0.010343
5.9695025E-07,-0.010354
5.9700025E-07,-0.010364
5.9705025E-07,-0.010372
5.9710025E-07,-0.010378
5.9715025E-07,-0.010382
5.9720025E-07,-0.010385
5.9725025E-07,-0.010386
5.9730025E-07,-0.010386
5.9735025E-07,-0.010385
5.9740025E-07,-0.010383
5.9745025E-07,-0.010380
5.9750025E-07,-0.010378
5.9755025E-07,-0.010375
5.9760025E-07,-0.010373
5.9765025E-07,-0.010372
5.9770025E-07,-0.010371
5.9775025E-07,-0.010372
5.9780025E-07,-0.010373
5.9785025E-07,-0.010376
5.9790025E-07,-0.010379
5.9795025E-07,-0.010383
5.9800025E-07,-0.010387
5.9805025E-07,-0.010391
5.9810025E-07,-0.010395
5.9815025E-07,-0.010399
5.9820025E-07,-0.010401
5.9825025E-07,-0.010403
5.9830025E-07,-0.010403
5.9835025E-07,-0.010402
5.9840025E-07,-0.010400
5.9845025E-07,-0.010396
5.9850025E-07,-0.010390
5.9855025E-07,-0.010383
5.9860025E-07,-0.010374
5.9865025E-07,-0.010364
5.9870025E-07,-0.010354
5.9875025E-07,-0.010343
5.9880025E-07,-0.010331
5.9885025E-07,-0.010320
5.9890025E-07,-0.010309
5.9895025E-07,-0.010298
5.9900025E-07,-0.010289
5.9905025E-07,-0.010280
5.9910025E-07,-0.010272
5.9915025E-07,-0.010266
5.9920025E-07,-0.010260
5.9925025E-07,-0.010256
5.9930025E-07,-0.010253
5.9935025E-07,-0.010251
5.9940025E-07,-0.010250
5.9945025E-07,-0.010250
5.9950025E-07,-0.010251
5.9955025E-07,-0.010251
5.9960025E-07,-0.010252
5.9965025E-07,-0.010253
5.9970025E-07,-0.010255
5.9975025E-07,-0.010256
5.9980025E-07,-0.010257
5.9985025E-07,-0.010258
5.9990025E-07,-0.010259
5.9995025E-07,-0.010260
6.0000025E-07,-0.010261
6.0005025E-07,-0.010262
6.0010025E-07,-0.010264
6.0015025E-07,-0.010267
6.0020025E-07,-0.010269
6.0025025E-07,-0.010273
6.0030025E-07,-0.010277
6.0035025E-07,-0.010282
6.0040025E-07,-0.010288
6.0045025E-07,-0.010294
6.0050025E-07,-0.010300
6.0055025E-07,-0.010307
6.0060025E-07,-0.010314
6.0065025E-07,-0.010322
6.0070025E-07,-0.010328
6.0075025E-07,-0.010335
6.0080025E-07,-0.010340
6.0085025E-07,-0.010345
6.0090025E-07,-0.010349
6.0095025E-07,-0.010352
6.0100025E-07,-0.010353
6.0105025E-07,-0.010354
6.0110025E-07,-0.010353
6.0115025E-07,-0.010351
6.0120025E-07,-0.010349
6.0125025E-07,-0.010345
6.0130025E-07,-0.010342
6.0135025E-07,-0.010338
6.0140025E-07,-0.010334
6.0145025E-07,-0.010331
6.0150025E-07,-0.010329
6.0155025E-07,-0.010327
6.0160025E-07,-0.010326
6.0165025E-07,-0.010327
6.0170025E-07,-0.010329
6.0175025E-07,-0.010333
6.0180025E-07,-0.010338
6.0185025E-07,-0.010344
6.0190025E-07,-0.010351
6.0195025E-07,-0.010358
6.0200025E-07,-0.010366
6.0205025E-07,-0.010375
6.0210025E-07,-0.010383
6.0215025E-07,-0.010390
6.0220025E-07,-0.010396
6.0225025E-07,-0.010401
6.0230025E-07,-0.010404
6.0235025E-07,-0.010406
6.0240025E-07,-0.010405
6.0245025E-07,-0.010402
6.0250025E-07,-0.010396
6.0255025E-07,-0.010389
6.0260025E-07,-0.010379
6.0265025E-07,-0.010367
6.0270025E-07,-0.010353
6.0275025E-07,-0.010339
6.0280025E-07,-0.010323
6.0285025E-07,-0.010306
6.0290025E-07,-0.010289
6.0295025E-07,-0.010273
6.0300025E-07,-0.010257
6.0305025E-07,-0.010242
6.0310025E-07,-0.010228
6.0315025E-07,-0.010215
6.0320025E-07,-0.010205
6.0325025E-07,-0.010196
6.0330025E-07,-0.010189
6.0335025E-07,-0.010185
6.0340025E-07,-0.010182
6.0345025E-07,-0.010181
6.0350025E-07,-0.010182
6.0355025E-07,-0.010185
6.0360025E-07,-0.010189
6.0365025E-07,-0.010194
6.0370025E-07,-0.010200
6.0375025E-07,-0.010207
6.0380025E-07,-0.010215
6.0385025E-07,-0.010224
6.0390025E-07,-0.010233
6.0395025E-07,-0.010243
6.0400025E-07,-0.010253
6.0405025E-07,-0.010263
6.0410025E-07,-0.010274
6.0415025E-07,-0.010286
6.0420025E-07,-0.010297
6.0425025E-07,-0.010309
6.0430025E-07,-0.010322
6.0435025E-07,-0.010334
6.0440025E-07,-0.010347
6.0445025E-07,-0.010360
6.0450025E-07,-0.010373
6.0455025E-07,-0.010386
6.0460025E-07,-0.010398
6.0465025E-07,-0.010409
6.0470025E-07,-0.010420
6.0475025E-07,-0.010429
6.0480025E-07,-0.010437
6.0485025E-07,-0.010443
6.0490025E-07,-0.010447
6.0495025E-07,-0.010450
6.0500025E-07,-0.010450
6.0505025E-07,-0.010448
6.0510025E-07,-0.010444
6.0515025E-07,-0.010438
6.0520025E-07,-0.010431
6.0525025E-07,-0.010422
6.0530025E-07,-0.010412
6.0535025E-07,-0.010401
6.0540025E-07,-0.010389
6.0545025E-07,-0.010378
6.0550025E-07,-0.010366
6.0555025E-07,-0.010356
6.0560025E-07,-0.010347
6.0565025E-07,-0.010339
6.0570025E-07,-0.010333
6.0575025E-07,-0.010328
6.0580025E-07,-0.010326
6.0585025E-07,-0.010325
6.0590025E-07,-0.010326
6.0595025E-07,-0.010329
6.0600025E-07,-0.010334
6.0605025E-07,-0.010340
6.0610025E-07,-0.010347
6.0615025E-07,-0.010355
6.0620025E-07,-0.010363
6.0625025E-07,-0.010371
6.0630025E-07,-0.010380
6.0635025E-07,-0.010387
6.0640025E-07,-0.010395
6.0645025E-07,-0.010401
6.0650025E-07,-0.010407
6.0655025E-07,-0.010412
6.0660025E-07,-0.010415
6.0665025E-07,-0.010418
6.0670025E-07,-0.010421
6.0675025E-07,-0.010422
6.0680025E-07,-0.010424
6.0685025E-07,-0.010425
6.0690025E-07,-0.010426
6.0695025E-07,-0.010427
6.0700025E-07,-0.010428
6.0705025E-07,-0.010430
6.0710025E-07,-0.010432
6.0715025E-07,-0.010435
6.0720025E-07,-0.010438
6.0725025E-07,-0.010441
6.0730025E-07,-0.010445
6.0735025E-07,-0.010448
6.0740025E-07,-0.010451
6.0745025E-07,-0.010454
6.0750025E-07,-0.010456
6.0755025E-07,-0.010457
6.0760025E-07,-0.010458
6.0765025E-07,-0.010456
6.0770025E-07,-0.010454
6.0775025E-07,-0.010449
6.0780025E-07,-0.010443
6.0785025E-07,-0.010436
6.0790025E-07,-0.010427
6.0795025E-07,-0.010417
6.0800025E-07,-0.010406
6.0805025E-07,-0.010393
6.0810025E-07,-0.010381
6.0815025E-07,-0.010367
6.0820025E-07,-0.010354
6.0825025E-07,-0.010341
6.0830025E-07,-0.010329
6.0835025E-07,-0.010318
6.0840025E-07,-0.010307
6.0845025E-07,-0.010298
6.0850025E-07,-0.010290
6.0855025E-07,-0.010284
6.0860025E-07,-0.010279
6.0865025E-07,-0.010276
6.0870025E-07,-0.010273
6.0875025E-07,-0.010272
6.0880025E-07,-0.010272
6.0885025E-07,-0.010273
6.0890025E-07,-0.010275
6.0895025E-07,-0.010277
6.0900025E-07,-0.010279
6.0905025E-07,-0.010282
6.0910025E-07,-0.010285
6.0915025E-07,-0.010287
6.0920025E-07,-0.010290
6.0925025E-07,-0.010292
6.0930025E-07,-0.010295
6.0935025E-07,-0.010298
6.0940025E-07,-0.010301
6.0945025E-07,-0.010305
6.0950025E-07,-0.010309
6.0955025E-07,-0.010313
6.0960025E-07,-0.010319
6.0965025E-07,-0.010325
6.0970025E-07,-0.010332
6.0975025E-07,-0.010340
6.0980025E-07,-0.010348
6.0985025E-07,-0.010358
6.0990025E-07,-0.010367
6.0995025E-07,-0.010378
6.1000025E-07,-0.010388
6.1005025E-07,-0.010398
6.1010025E-07,-0.010407
6.1015025E-07,-0.010416
6.1020025E-07,-0.010424
6.1025025E-07,-0.010431
6.1030025E-07,-0.010436
6.1035025E-07,-0.010439
6.1040025E-07,-0.010440
6.1045025E-07,-0.010440
6.1050025E-07,-0.010438
6.1055025E-07,-0.010434
6.1060025E-07,-0.010428
6.1065025E-07,-0.010422
6.1070025E-07,-0.010414
6.1075025E-07,-0.010405
6.1080025E-07,-0.010396
6.1085025E-07,-0.010387
6.1090025E-07,-0.010378
6.1095025E-07,-0.010369
6.1100025E-07,-0.010362
6.1105025E-07,-0.010356
6.1110025E-07,-0.010351
6.1115025E-07,-0.010347
6.1120025E-07,-0.010345
6.1125025E-07,-0.010345
6.1130025E-07,-0.010346
6.1135025E-07,-0.010349
6.1140025E-07,-0.010352
6.1145025E-07,-0.010356
6.1150025E-07,-0.010361
6.1155025E-07,-0.010366
6.1160025E-07,-0.010371
6.1165025E-07,-0.010375
6.1170025E-07,-0.010379
6.1175025E-07,-0.010382
6.1180025E-07,-0.010384
6.1185025E-07,-0.010385
6.1190025E-07,-0.010385
6.1195025E-07,-0.010384
6.1200025E-07,-0.010381
6.1205025E-07,-0.010378
6.1210025E-07,-0.010373
6.1215025E-07,-0.010369
6.1220025E-07,-0.010363
6.1225025E-07,-0.010358
6.1230025E-07,-0.010353
6.1235025E-07,-0.010348
6.1240025E-07,-0.010343
6.1245025E-07,-0.010339
6.1250025E-07,-0.010335
6.1255025E-07,-0.010332
6.1260025E-07,-0.010329
6.1265025E-07,-0.010327
6.1270025E-07,-0.010325
6.1275025E-07,-0.010323
6.1280025E-07,-0.010320
6.1285025E-07,-0.010317
6.1290025E-07,-0.010313
6.1295025E-07,-0.010308
6.1300025E-07,-0.010302
6.1305025E-07,-0.010294
6.1310025E-07,-0.010285
6.1315025E-07,-0.010275
6.1320025E-07,-0.010264
6.1325025E-07,-0.010251
6.1330025E-07,-0.010238
6.1335025E-07,-0.010224
6.1340025E-07,-0.010210
6.1345025E-07,-0.010197
6.1350025E-07,-0.010184
6.1355025E-07,-0.010172
6.1360025E-07,-0.010163
6.1365025E-07,-0.010155
6.1370025E-07,-0.010150
6.1375025E-07,-0.010147
6.1380025E-07,-0.010147
6.1385025E-07,-0.010151
6.1390025E-07,-0.010157
6.1395025E-07,-0.010166
6.1400025E-07,-0.010178
6.1405025E-07,-0.010193
6.1410025E-07,-0.010210
6.1415025E-07,-0.010228
6.1420025E-07,-0.010248
6.1425025E-07,-0.010268
6.1430025E-07,-0.010289
6.1435025E-07,-0.010310
6.1440025E-07,-0.010330
6.1445025E-07,-0.010349
6.1450025E-07,-0.010367
6.1455025E-07,-0.010384
6.1460025E-07,-0.010398
6.1465025E-07,-0.010411
6.1470025E-07,-0.010423
6.1475025E-07,-0.010432
6.1480025E-07,-0.010440
6.1485025E-07,-0.010446
6.1490025E-07,-0.010451
6.1495025E-07,-0.010454
6.1500025E-07,-0.010457
6.1505025E-07,-0.010458
6.1510025E-07,-0.010459
6.1515025E-07,-0.010460
6.1520025E-07,-0.010460
6.1525025E-07,-0.010459
6.1530025E-07,-0.010458
6.1535025E-07,-0.010456
6.1540025E-07,-0.010453
6.1545025E-07,-0.010450
6.1550025E-07,-0.010445
6.1555025E-07,-0.010440
6.1560025E-07,-0.010432
6.1565025E-07,-0.010424
6.1570025E-07,-0.010413
6.1575025E-07,-0.010401
6.1580025E-07,-0.010387
6.1585025E-07,-0.010372
6.1590025E-07,-0.010355
6.1595025E-07,-0.010337
6.1600025E-07,-0.010318
6.1605025E-07,-0.010299
6.1610025E-07,-0.010280
6.1615025E-07,-0.010260
6.1620025E-07,-0.010242
6.1625025E-07,-0.010225
6.1630025E-07,-0.010210
6.1635025E-07,-0.010197
6.1640025E-07,-0.010187
6.1645025E-07,-0.010179
6.1650025E-07,-0.010174
6.1655025E-07,-0.010173
6.1660025E-07,-0.010175
6.1665025E-07,-0.010180
6.1670025E-07,-0.010188
6.1675025E-07,-0.010198
6.1680025E-07,-0.010211
6.1685025E-07,-0.010225
6.1690025E-07,-0.010241
6.1695025E-07,-0.010258
6.1700025E-07,-0.010275
6.1705025E-07,-0.010292
6.1710025E-07,-0.010308
6.1715025E-07,-0.010324
6.1720025E-07,-0.010338
6.1725025E-07,-0.010351
6.1730025E-07,-0.010362
6.1735025E-07,-0.010371
6.1740025E-07,-0.010378
6.1745025E-07,-0.010383
6.1750025E-07,-0.010387
6.1755025E-07,-0.010389
6.1760025E-07,-0.010390
6.1765025E-07,-0.010389
6.1770025E-07,-0.010388
6.1775025E-07,-0.010386
6.1780025E-07,-0.010383
6.1785025E-07,-0.010380
6.1790025E-07,-0.010377
6.1795025E-07,-0.010373
6.1800025E-07,-0.010369
6.1805025E-07,-0.010365
6.1810025E-07,-0.010360
6.1815025E-07,-0.010355
6.1820025E-07,-0.010350
6.1825025E-07,-0.010343
6.1830025E-07,-0.010336
6.1835025E-07,-0.010327
6.1840025E-07,-0.010318
6.1845025E-07,-0.010307
6.1850025E-07,-0.010295
6.1855025E-07,-0.010282
6.1860025E-07,-0.010268
6.1865025E-07,-0.010253
6.1870025E-07,-0.010238
6.1875025E-07,-0.010222
6.1880025E-07,-0.010206
6.1885025E-07,-0.010190
6.1890025E-07,-0.010175
6.1895025E-07,-0.010160
6.1900025E-07,-0.010147
6.1905025E-07,-0.010136
6.1910025E-07,-0.010126
6.1915025E-07,-0.010118
6.1920025E-07,-0.010112
6.1925025E-07,-0.010107
6.1930025E-07,-0.010105
6.1935025E-07,-0.010105
6.1940025E-07,-0.010106
6.1945025E-07,-0.010108
6.1950025E-07,-0.010112
6.1955025E-07,-0.010116
6.1960025E-07,-0.010121
6.1965025E-07,-0.010125
6.1970025E-07,-0.010130
6.1975025E-07,-0.010134
6.1980025E-07,-0.010138
6.1985025E-07,-0.010141
6.1990025E-07,-0.010142
6.1995025E-07,-0.010143
6.2000025E-07,-0.010144
6.2005025E-07,-0.010143
6.2010025E-07,-0.010142
6.2015025E-07,-0.010141
6.2020025E-07,-0.010140
6.2025025E-07,-0.010140
6.2030025E-07,-0.010140
6.2035025E-07,-0.010141
6.2040025E-07,-0.010144
6.2045025E-07,-0.010148
6.2050025E-07,-0.010154
6.2055025E-07,-0.010161
6.2060025E-07,-0.010170
6.2065025E-07,-0.010181
6.2070025E-07,-0.010193
6.2075025E-07,-0.010207
6.2080025E-07,-0.010221
6.2085025E-07,-0.010236
6.2090025E-07,-0.010251
6.2095025E-07,-0.010266
6.2100025E-07,-0.010281
6.2105025E-07,-0.010294
6.2110025E-07,-0.010306
6.2115025E-07,-0.010317
6.2120025E-07,-0.010326
6.2125025E-07,-0.010333
6.2130025E-07,-0.010338
6.2135025E-07,-0.010340
6.2140025E-07,-0.010342
6.2145025E-07,-0.010341
6.2150025E-07,-0.010339
6.2155025E-07,-0.010335
6.2160025E-07,-0.010331
6.2165025E-07,-0.010325
6.2170025E-07,-0.010320
6.2175025E-07,-0.010314
6.2180025E-07,-0.010308
6.2185025E-07,-0.010303
6.2190025E-07,-0.010298
6.2195025E-07,-0.010293
6.2200025E-07,-0.010289
6.2205025E-07,-0.010285
6.2210025E-07,-0.010282
6.2215025E-07,-0.010279
6.2220025E-07,-0.010277
6.2225025E-07,-0.010274
6.2230025E-07,-0.010271
6.2235025E-07,-0.010268
6.2240025E-07,-0.010265
6.2245025E-07,-0.010260
6.2250025E-07,-0.010256
6.2255025E-07,-0.010250
6.2260025E-07,-0.010244
6.2265025E-07,-0.010238
6.2270025E-07,-0.010231
6.2275025E-07,-0.010224
6.2280025E-07,-0.010217
6.2285025E-07,-0.010211
6.2290025E-07,-0.010206
6.2295025E-07,-0.010202
6.2300025E-07,-0.010199
6.2305025E-07,-0.010197
6.2310025E-07,-0.010198
6.2315025E-07,-0.010200
6.2320025E-07,-0.010205
6.2325025E-07,-0.010211
6.2330025E-07,-0.010219
6.2335025E-07,-0.010229
6.2340025E-07,-0.010240
6.2345025E-07,-0.010252
6.2350025E-07,-0.010265
6.2355025E-07,-0.010277
6.2360025E-07,-0.010290
6.2365025E-07,-0.010301
6.2370025E-07,-0.010311
6.2375025E-07,-0.010320
6.2380025E-07,-0.010326
6.2385025E-07,-0.010330
6.2390025E-07,-0.010331
6.2395025E-07,-0.010329
6.2400025E-07,-0.010325
6.2405025E-07,-0.010318
6.2410025E-07,-0.010308
6.2415025E-07,-0.010297
6.2420025E-07,-0.010283
6.2425025E-07,-0.010269
6.2430025E-07,-0.010253
6.2435025E-07,-0.010237
6.2440025E-07,-0.010221
6.2445025E-07,-0.010206
6.2450025E-07,-0.010192
6.2455025E-07,-0.010179
6.2460025E-07,-0.010168
6.2465025E-07,-0.010160
6.2470025E-07,-0.010154
6.2475025E-07,-0.010150
6.2480025E-07,-0.010149
6.2485025E-07,-0.010151
6.2490025E-07,-0.010154
6.2495025E-07,-0.010160
6.2500025E-07,-0.010167
6.2505025E-07,-0.010176
6.2510025E-07,-0.010186
6.2515025E-07,-0.010197
6.2520025E-07,-0.010208
6.2525025E-07,-0.010220
6.2530025E-07,-0.010231
6.2535025E-07,-0.010242
6.2540025E-07,-0.010253
6.2545025E-07,-0.010264
6.2550025E-07,-0.010273
6.2555025E-07,-0.010283
6.2560025E-07,-0.010292
6.2565025E-07,-0.010300
6.2570025E-07,-0.010308
6.2575025E-07,-0.010317
6.2580025E-07,-0.010325
6.2585025E-07,-0.010333
6.2590025E-07,-0.010341
6.2595025E-07,-0.010350
6.2600025E-07,-0.010358
6.2605025E-07,-0.010367
6.2610025E-07,-0.010376
6.2615025E-07,-0.010385
6.2620025E-07,-0.010393
6.2625025E-07,-0.010402
6.2630025E-07,-0.010409
6.2635025E-07,-0.010416
6.2640025E-07,-0.010422
6.2645025E-07,-0.010427
6.2650025E-07,-0.010431
6.2655025E-07,-0.010434
6.2660025E-07,-0.010435
6.2665025E-07,-0.010435
6.2670025E-07,-0.010433
6.2675025E-07,-0.010430
6.2680025E-07,-0.010427
6.2685025E-07,-0.010422
6.2690025E-07,-0.010417
6.2695025E-07,-0.010411
6.2700025E-07,-0.010406
6.2705025E-07,-0.010400
6.2710025E-07,-0.010394
6.2715025E-07,-0.010389
6.2720025E-07,-0.010385
6.2725025E-07,-0.010381
6.2730025E-07,-0.010378
6.2735025E-07,-0.010375
6.2740025E-07,-0.010373
6.2745025E-07,-0.010371
6.2750025E-07,-0.010370
6.2755025E-07,-0.010368
6.2760025E-07,-0.010366
6.2765025E-07,-0.010364
6.2770025E-07,-0.010361
6.2775025E-07,-0.010356
6.2780025E-07,-0.010351
6.2785025E-07,-0.010344
6.2790025E-07,-0.010335
6.2795025E-07,-0.010325
6.2800025E-07,-0.010314
6.2805025E-07,-0.010301
6.2810025E-07,-0.010287
6.2815025E-07,-0.010272
6.2820025E-07,-0.010256
6.2825025E-07,-0.010240
6.2830025E-07,-0.010223
6.2835025E-07,-0.010207
6.2840025E-07,-0.010191
6.2845025E-07,-0.010176
6.2850025E-07,-0.010161
6.2855025E-07,-0.010148
6.2860025E-07,-0.010136
6.2865025E-07,-0.010126
6.2870025E-07,-0.010117
6.2875025E-07,-0.010110
6.2880025E-07,-0.010104
6.2885025E-07,-0.010099
6.2890025E-07,-0.010095
6.2895025E-07,-0.010092
6.2900025E-07,-0.010090
6.2905025E-07,-0.010089
6.2910025E-07,-0.010088
6.2915025E-07,-0.010087
6.2920025E-07,-0.010086
6.2925025E-07,-0.010085
6.2930025E-07,-0.010085
6.2935025E-07,-0.010084
6.2940025E-07,-0.010084
6.2945025E-07,-0.010084
6.2950025E-07,-0.010084
6.2955025E-07,-0.010085
6.2960025E-07,-0.010087
6.2965025E-07,-0.010089
6.2970025E-07,-0.010092
6.2975025E-07,-0.010097
6.2980025E-07,-0.010103
6.2985025E-07,-0.010109
6.2990025E-07,-0.010118
6.2995025E-07,-0.010127
6.3000025E-07,-0.010137
6.3005025E-07,-0.010148
6.3010025E-07,-0.010160
6.3015025E-07,-0.010172
6.3020025E-07,-0.010184
6.3025025E-07,-0.010196
6.3030025E-07,-0.010207
6.3035025E-07,-0.010217
6.3040025E-07,-0.010226
6.3045025E-07,-0.010234
6.3050025E-07,-0.010240
6.3055025E-07,-0.010245
6.3060025E-07,-0.010248
6.3065025E-07,-0.010250
6.3070025E-07,-0.010250
6.3075025E-07,-0.010248
6.3080025E-07,-0.010246
6.3085025E-07,-0.010242
6.3090025E-07,-0.010238
6.3095025E-07,-0.010233
6.3100025E-07,-0.010229
6.3105025E-07,-0.010225
6.3110025E-07,-0.010221
6.3115025E-07,-0.010218
6.3120025E-07,-0.010216
6.3125025E-07,-0.010215
6.3130025E-07,-0.010215
6.3135025E-07,-0.010216
6.3140025E-07,-0.010218
6.3145025E-07,-0.010221
6.3150025E-07,-0.010224
6.3155025E-07,-0.010228
6.3160025E-07,-0.010232
6.3165025E-07,-0.010236
6.3170025E-07,-0.010239
6.3175025E-07,-0.010241
6.3180025E-07,-0.010242
6.3185025E-07,-0.010242
6.3190025E-07,-0.010240
6.3195025E-07,-0.010237
6.3200025E-07,-0.010232
6.3205025E-07,-0.010226
6.3210025E-07,-0.010218
6.3215025E-07,-0.010209
6.3220025E-07,-0.010199
6.3225025E-07,-0.010189
6.3230025E-07,-0.010178
6.3235025E-07,-0.010167
6.3240025E-07,-0.010157
6.3245025E-07,-0.010147
6.3250025E-07,-0.010138
6.3255025E-07,-0.010131
6.3260025E-07,-0.010126
6.3265025E-07,-0.010122
6.3270025E-07,-0.010121
6.3275025E-07,-0.010121
6.3280025E-07,-0.010124
6.3285025E-07,-0.010128
6.3290025E-07,-0.010134
6.3295025E-07,-0.010142
6.3300025E-07,-0.010151
6.3305025E-07,-0.010161
6.3310025E-07,-0.010171
6.3315025E-07,-0.010182
6.3320025E-07,-0.010193
6.3325025E-07,-0.010203
6.3330025E-07,-0.010213
6.3335025E-07,-0.010222
6.3340025E-07,-0.010231
6.3345025E-07,-0.010238
6.3350025E-07,-0.010245
6.3355025E-07,-0.010250
6.3360025E-07,-0.010255
6.3365025E-07,-0.010259
6.3370025E-07,-0.010263
6.3375025E-07,-0.010267
6.3380025E-07,-0.010270
6.3385025E-07,-0.010273
6.3390025E-07,-0.010276
6.3395025E-07,-0.010280
6.3400025E-07,-0.010284
6.3405025E-07,-0.010289
6.3410025E-07,-0.010294
6.3415025E-07,-0.010299
6.3420025E-07,-0.010305
6.3425025E-07,-0.010311
6.3430025E-07,-0.010316
6.3435025E-07,-0.010322
6.3440025E-07,-0.010327
6.3445025E-07,-0.010332
6.3450025E-07,-0.010335
6.3455025E-07,-0.010338
6.3460025E-07,-0.010341
6.3465025E-07,-0.010342
6.3470025E-07,-0.010342
6.3475025E-07,-0.010341
6.3480025E-07,-0.010340
6.3485025E-07,-0.010338
6.3490025E-07,-0.010336
6.3495025E-07,-0.010334
6.3500025E-07,-0.010332
6.3505025E-07,-0.010331
6.3510025E-07,-0.010330
6.3515025E-07,-0.010330
6.3520025E-07,-0.010331
6.3525025E-07,-0.010333
6.3530025E-07,-0.010336
6.3535025E-07,-0.010341
6.3540025E-07,-0.010346
6.3545025E-07,-0.010352
6.3550025E-07,-0.010359
6.3555025E-07,-0.010366
6.3560025E-07,-0.010374
6.3565025E-07,-0.010381
6.3570025E-07,-0.010387
6.3575025E-07,-0.010392
6.3580025E-07,-0.010396
6.3585025E-07,-0.010399
6.3590025E-07,-0.010400
6.3595025E-07,-0.010399
6.3600025E-07,-0.010396
6.3605025E-07,-0.010391
6.3610025E-07,-0.010384
6.3615025E-07,-0.010375
6.3620025E-07,-0.010365
6.3625025E-07,-0.010354
6.3630025E-07,-0.010342
6.3635025E-07,-0.010330
6.3640025E-07,-0.010318
6.3645025E-07,-0.010306
6.3650025E-07,-0.010294
6.3655025E-07,-0.010284
6.3660025E-07,-0.010275
6.3665025E-07,-0.010267
6.3670025E-07,-0.010261
6.3675025E-07,-0.010257
6.3680025E-07,-0.010254
6.3685025E-07,-0.010253
6.3690025E-07,-0.010253
6.3695025E-07,-0.010254
6.3700025E-07,-0.010257
6.3705025E-07,-0.010260
6.3710025E-07,-0.010263
6.3715025E-07,-0.010267
6.3720025E-07,-0.010270
6.3725025E-07,-0.010273
6.3730025E-07,-0.010275
6.3735025E-07,-0.010277
6.3740025E-07,-0.010278
6.3745025E-07,-0.010278
6.3750025E-07,-0.010276
6.3755025E-07,-0.010275
6.3760025E-07,-0.010272
6.3765025E-07,-0.010269
6.3770025E-07,-0.010265
6.3775025E-07,-0.010261
6.3780025E-07,-0.010257
6.3785025E-07,-0.010253
6.3790025E-07,-0.010250
6.3795025E-07,-0.010246
6.3800025E-07,-0.010243
6.3805025E-07,-0.010241
6.3810025E-07,-0.010239
6.3815025E-07,-0.010237
6.3820025E-07,-0.010235
6.3825025E-07,-0.010234
6.3830025E-07,-0.010232
6.3835025E-07,-0.010230
6.3840025E-07,-0.010227
6.3845025E-07,-0.010224
6.3850025E-07,-0.010220
6.3855025E-07,-0.010216
6.3860025E-07,-0.010210
6.3865025E-07,-0.010203
6.3870025E-07,-0.010196
6.3875025E-07,-0.010188
6.3880025E-07,-0.010179
6.3885025E-07,-0.010169
6.3890025E-07,-0.010160
6.3895025E-07,-0.010151
6.3900025E-07,-0.010142
6.3905025E-07,-0.010134
6.3910025E-07,-0.010127
6.3915025E-07,-0.010121
6.3920025E-07,-0.010117
6.3925025E-07,-0.010114
6.3930025E-07,-0.010114
6.3935025E-07,-0.010115
6.3940025E-07,-0.010118
6.3945025E-07,-0.010124
6.3950025E-07,-0.010130
6.3955025E-07,-0.010139
6.3960025E-07,-0.010148
6.3965025E-07,-0.010158
6.3970025E-07,-0.010169
6.3975025E-07,-0.010180
6.3980025E-07,-0.010190
6.3985025E-07,-0.010200
6.3990025E-07,-0.010209
6.3995025E-07,-0.010217
6.4000025E-07,-0.010223
6.4005025E-07,-0.010228
6.4010025E-07,-0.010231
6.4015025E-07,-0.010232
6.4020025E-07,-0.010232
6.4025025E-07,-0.010231
6.4030025E-07,-0.010229
6.4035025E-07,-0.010225
6.4040025E-07,-0.010221
6.4045025E-07,-0.010217
6.4050025E-07,-0.010213
6.4055025E-07,-0.010210
6.4060025E-07,-0.010207
6.4065025E-07,-0.010206
6.4070025E-07,-0.010205
6.4075025E-07,-0.010207
6.4080025E-07,-0.010210
6.4085025E-07,-0.010214
6.4090025E-07,-0.010221
6.4095025E-07,-0.010229
6.4100025E-07,-0.010238
6.4105025E-07,-0.010249
6.4110025E-07,-0.010261
6.4115025E-07,-0.010273
6.4120025E-07,-0.010286
6.4125025E-07,-0.010300
6.4130025E-07,-0.010313
6.4135025E-07,-0.010326
6.4140025E-07,-0.010339
6.4145025E-07,-0.010351
6.4150025E-07,-0.010362
6.4155025E-07,-0.010373
6.4160025E-07,-0.010382
6.4165025E-07,-0.010391
6.4170025E-07,-0.010399
6.4175025E-07,-0.010406
6.4180025E-07,-0.010413
6.4185025E-07,-0.010419
6.4190025E-07,-0.010424
6.4195025E-07,-0.010429
6.4200025E-07,-0.010433
6.4205025E-07,-0.010436
6.4210025E-07,-0.010439
6.4215025E-07,-0.010441
6.4220025E-07,-0.010442
6.4225025E-07,-0.010442
6.4230025E-07,-0.010441
6.4235025E-07,-0.010439
6.4240025E-07,-0.010435
6.4245025E-07,-0.010430
6.4250025E-07,-0.010422
6.4255025E-07,-0.010413
6.4260025E-07,-0.010402
6.4265025E-07,-0.010388
6.4270025E-07,-0.010373
6.4275025E-07,-0.010357
6.4280025E-07,-0.010339
6.4285025E-07,-0.010319
6.4290025E-07,-0.010299
6.4295025E-07,-0.010279
6.4300025E-07,-0.010258
6.4305025E-07,-0.010238
6.4310025E-07,-0.010220
6.4315025E-07,-0.010202
6.4320025E-07,-0.010186
6.4325025E-07,-0.010173
6.4330025E-07,-0.010162
6.4335025E-07,-0.010153
6.4340025E-07,-0.010148
6.4345025E-07,-0.010145
6.4350025E-07,-0.010145
6.4355025E-07,-0.010147
6.4360025E-07,-0.010151
6.4365025E-07,-0.010157
6.4370025E-07,-0.010165
6.4375025E-07,-0.010174
6.4380025E-07,-0.010183
6.4385025E-07,-0.010192
6.4390025E-07,-0.010201
6.4395025E-07,-0.010210
6.4400025E-07,-0.010217
6.4405025E-07,-0.010224
6.4410025E-07,-0.010228
6.4415025E-07,-0.010231
6.4420025E-07,-0.010233
6.4425025E-07,-0.010233
6.4430025E-07,-0.010232
6.4435025E-07,-0.010230
6.4440025E-07,-0.010227
6.4445025E-07,-0.010223
6.4450025E-07,-0.010218
6.4455025E-07,-0.010214
6.4460025E-07,-0.010210
6.4465025E-07,-0.010206
6.4470025E-07,-0.010203
6.4475025E-07,-0.010200
6.4480025E-07,-0.010198
6.4485025E-07,-0.010197
6.4490025E-07,-0.010196
6.4495025E-07,-0.010195
6.4500025E-07,-0.010195
6.4505025E-07,-0.010194
6.4510025E-07,-0.010193
6.4515025E-07,-0.010191
6.4520025E-07,-0.010188
6.4525025E-07,-0.010184
6.4530025E-07,-0.010179
6.4535025E-07,-0.010172
6.4540025E-07,-0.010164
6.4545025E-07,-0.010155
6.4550025E-07,-0.010144
6.4555025E-07,-0.010133
6.4560025E-07,-0.010121
6.4565025E-07,-0.010108
6.4570025E-07,-0.010096
6.4575025E-07,-0.010084
6.4580025E-07,-0.010073
6.4585025E-07,-0.010063
6.4590025E-07,-0.010055
6.4595025E-07,-0.010050
6.4600025E-07,-0.010046
6.4605025E-07,-0.010045
6.4610025E-07,-0.010047
6.4615025E-07,-0.010052
6.4620025E-07,-0.010060
6.4625025E-07,-0.010070
6.4630025E-07,-0.010083
6.4635025E-07,-0.010097
6.4640025E-07,-0.010114
6.4645025E-07,-0.010131
6.4650025E-07,-0.010150
6.4655025E-07,-0.010169
6.4660025E-07,-0.010188
6.4665025E-07,-0.010207
6.4670025E-07,-0.010225
6.4675025E-07,-0.010242
6.4680025E-07,-0.010257
6.4685025E-07,-0.010271
6.4690025E-07,-0.010283
6.4695025E-07,-0.010293
6.4700025E-07,-0.010302
6.4705025E-07,-0.010308
6.4710025E-07,-0.010314
6.4715025E-07,-0.010318
6.4720025E-07,-0.010321
6.4725025E-07,-0.010323
6.4730025E-07,-0.010324
6.4735025E-07,-0.010325
6.4740025E-07,-0.010326
6.4745025E-07,-0.010327
6.4750025E-07,-0.010328
6.4755025E-07,-0.010330
6.4760025E-07,-0.010331
6.4765025E-07,-0.010333
6.4770025E-07,-0.010335
6.4775025E-07,-0.010336
6.4780025E-07,-0.010338
6.4785025E-07,-0.010340
6.4790025E-07,-0.010341
6.4795025E-07,-0.010341
6.4800025E-07,-0.010341
6.4805025E-07,-0.010340
6.4810025E-07,-0.010338
6.4815025E-07,-0.010334
6.4820025E-07,-0.010330
6.4825025E-07,-0.010325
6.4830025E-07,-0.010319
6.4835025E-07,-0.010312
6.4840025E-07,-0.010305
6.4845025E-07,-0.010297
6.4850025E-07,-0.010288
6.4855025E-07,-0.010280
6.4860025E-07,-0.010272
6.4865025E-07,-0.010264
6.4870025E-07,-0.010257
6.4875025E-07,-0.010250
6.4880025E-07,-0.010244
6.4885025E-07,-0.010238
6.4890025E-07,-0.010233
6.4895025E-07,-0.010228
6.4900025E-07,-0.010224
6.4905025E-07,-0.010220
6.4910025E-07,-0.010216
6.4915025E-07,-0.010212
6.4920025E-07,-0.010207
6.4925025E-07,-0.010203
6.4930025E-07,-0.010197
6.4935025E-07,-0.010192
6.4940025E-07,-0.010186
6.4945025E-07,-0.010179
6.4950025E-07,-0.010173
6.4955025E-07,-0.010166
6.4960025E-07,-0.010160
6.4965025E-07,-0.010154
6.4970025E-07,-0.010149
6.4975025E-07,-0.010145
6.4980025E-07,-0.010143
6.4985025E-07,-0.010142
6.4990025E-07,-0.010143
6.4995025E-07,-0.010147
6.5000025E-07,-0.010153
6.5005025E-07,-0.010161
6.5010025E-07,-0.010171
6.5015025E-07,-0.010183
6.5020025E-07,-0.010198
6.5025025E-07,-0.010213
6.5030025E-07,-0.010231
6.5035025E-07,-0.010248
6.5040025E-07,-0.010267
6.5045025E-07,-0.010285
6.5050025E-07,-0.010302
6.5055025E-07,-0.010318
6.5060025E-07,-0.010332
6.5065025E-07,-0.010344
6.5070025E-07,-0.010353
6.5075025E-07,-0.010360
6.5080025E-07,-0.010363
6.5085025E-07,-0.010364
6.5090025E-07,-0.010362
6.5095025E-07,-0.010356
6.5100025E-07,-0.010348
6.5105025E-07,-0.010338
6.5110025E-07,-0.010326
6.5115025E-07,-0.010312
6.5120025E-07,-0.010297
6.5125025E-07,-0.010282
6.5130025E-07,-0.010266
6.5135025E-07,-0.010251
6.5140025E-07,-0.010237
6.5145025E-07,-0.010223
6.5150025E-07,-0.010211
6.5155025E-07,-0.010200
6.5160025E-07,-0.010191
6.5165025E-07,-0.010184
6.5170025E-07,-0.010179
6.5175025E-07,-0.010175
6.5180025E-07,-0.010173
6.5185025E-07,-0.010172
6.5190025E-07,-0.010172
6.5195025E-07,-0.010173
6.5200025E-07,-0.010175
6.5205025E-07,-0.010177
6.5210025E-07,-0.010180
6.5215025E-07,-0.010183
6.5220025E-07,-0.010186
6.5225025E-07,-0.010188
6.5230025E-07,-0.010191
6.5235025E-07,-0.010194
6.5240025E-07,-0.010197
6.5245025E-07,-0.010200
6.5250025E-07,-0.010203
6.5255025E-07,-0.010207
6.5260025E-07,-0.010211
6.5265025E-07,-0.010216
6.5270025E-07,-0.010222
6.5275025E-07,-0.010228
6.5280025E-07,-0.010236
6.5285025E-07,-0.010244
6.5290025E-07,-0.010253
6.5295025E-07,-0.010263
6.5300025E-07,-0.010274
6.5305025E-07,-0.010285
6.5310025E-07,-0.010296
6.5315025E-07,-0.010308
6.5320025E-07,-0.010320
6.5325025E-07,-0.010331
6.5330025E-07,-0.010342
6.5335025E-07,-0.010352
6.5340025E-07,-0.010362
6.5345025E-07,-0.010371
6.5350025E-07,-0.010379
6.5355025E-07,-0.010386
6.5360025E-07,-0.010392
6.5365025E-07,-0.010397
6.5370025E-07,-0.010402
6.5375025E-07,-0.010406
6.5380025E-07,-0.010409
6.5385025E-07,-0.010412
6.5390025E-07,-0.010415
6.5395025E-07,-0.010418
6.5400025E-07,-0.010422
6.5405025E-07,-0.010425
6.5410025E-07,-0.010429
6.5415025E-07,-0.010433
6.5420025E-07,-0.010438
6.5425025E-07,-0.010443
6.5430025E-07,-0.010448
6.5435025E-07,-0.010454
